# k, w0, w2, w4, norm, alpha = 95.29458797698169, 0.020396601298
0.000000e+00 1.550992e+12 0.000000e+00 7.467343e+11
8.899641e-03 8.186436e+10 1.077694e+11 1.297986e+11
1.507912e-02 6.856705e+09 -3.096806e+09 1.045779e+10
2.144790e-02 1.116223e+09 -2.922102e+08 2.968822e+09
2.783661e-02 4.894891e+08 6.319692e+08 1.979867e+09
3.435100e-02 1.703960e+08 -7.478844e+07 4.576496e+08
4.083991e-02 9.873900e+07 4.439138e+07 3.947198e+08
4.698702e-02 5.555257e+07 2.876343e+06 2.073717e+08
5.308225e-02 3.412467e+07 -2.077102e+07 1.018115e+08
5.945362e-02 2.598174e+07 9.461797e+06 1.040307e+08
6.577700e-02 1.629053e+07 -1.482684e+07 5.247560e+07
7.197689e-02 1.159524e+07 -2.599151e+06 4.138613e+07
7.827861e-02 8.563231e+06 -5.286934e+06 2.913349e+07
8.477675e-02 6.705340e+06 -3.755814e+06 2.394330e+07
9.114140e-02 5.776234e+06 5.794144e+05 2.244061e+07
9.729310e-02 3.817512e+06 -4.286046e+06 1.120635e+07
1.035319e-01 3.432151e+06 -1.040590e+06 1.215860e+07
1.098002e-01 2.535694e+06 -2.122658e+06 7.316803e+06
1.161384e-01 2.210899e+06 -1.242711e+06 6.973900e+06
1.224366e-01 2.058230e+06 -1.866819e+05 6.947692e+06
1.287919e-01 1.632378e+06 -1.053572e+06 4.556517e+06
1.350527e-01 1.534786e+06 1.076950e+05 5.283894e+06
1.412473e-01 1.130848e+06 -9.657836e+05 2.830901e+06
1.475550e-01 1.118580e+06 -4.741035e+05 3.034508e+06
1.537865e-01 9.304847e+05 -6.058265e+05 2.168214e+06
1.600658e-01 8.368151e+05 -6.907844e+05 1.753746e+06
1.664907e-01 8.229905e+05 -2.373280e+05 1.974753e+06
1.728199e-01 6.943410e+05 -5.558155e+05 1.302534e+06
1.790373e-01 6.488085e+05 -4.500161e+05 1.257622e+06
1.852976e-01 7.003932e+05 2.210138e+04 1.782156e+06
1.915600e-01 6.629732e+05 -9.570873e+04 1.466165e+06
1.978364e-01 5.863648e+05 -1.323701e+05 1.146847e+06
2.041561e-01 5.300769e+05 -2.641299e+05 8.080214e+05
2.104624e-01 5.310686e+05 -1.493816e+05 9.304029e+05
2.167334e-01 4.732388e+05 -2.351888e+05 6.332442e+05
2.229981e-01 4.706506e+05 -1.666775e+05 6.731358e+05
2.292620e-01 4.600054e+05 -1.647208e+05 6.123901e+05
2.355344e-01 4.375710e+05 -1.851883e+05 4.790194e+05
2.418610e-01 4.379705e+05 -1.361163e+05 5.210962e+05
2.481330e-01 4.019446e+05 -1.260290e+05 3.927950e+05
2.543680e-01 4.117414e+05 -6.534733e+04 4.601151e+05
2.606772e-01 3.936059e+05 -1.264101e+05 3.412857e+05
2.669610e-01 3.809975e+05 -9.756606e+04 3.127672e+05
2.732523e-01 3.826554e+05 -6.319600e+04 3.401662e+05
2.795629e-01 3.612501e+05 -9.331739e+04 2.249615e+05
2.858569e-01 3.716513e+05 -6.225890e+04 2.915824e+05
2.921044e-01 3.610511e+05 -7.952358e+04 2.290037e+05
2.983501e-01 3.597583e+05 -7.155430e+04 2.485045e+05
3.046418e-01 3.532228e+05 -5.561404e+04 2.058412e+05
3.109311e-01 3.458482e+05 -7.885358e+04 1.484881e+05
3.172168e-01 3.511513e+05 -3.520883e+04 2.326254e+05
3.235188e-01 3.356788e+05 -5.134697e+04 1.628175e+05
3.298228e-01 3.417969e+05 -2.125227e+04 1.898709e+05
3.361452e-01 3.399377e+05 -4.852581e+04 1.545470e+05
3.424247e-01 3.306842e+05 -4.672592e+04 1.299081e+05
3.486827e-01 3.361160e+05 -7.051127e+03 1.996108e+05
3.549876e-01 3.304258e+05 -1.039891e+04 1.605848e+05
3.612423e-01 3.256965e+05 -3.675131e+04 1.245401e+05
3.675075e-01 3.251219e+05 -4.535130e+04 1.061305e+05
3.737909e-01 3.200393e+05 -1.704750e+04 1.335366e+05
3.800794e-01 3.161255e+05 -2.094264e+04 1.088092e+05
3.863752e-01 3.133901e+05 -3.077950e+04 9.044095e+04
3.926522e-01 3.238241e+05 -1.126749e+04 1.177381e+05
3.989501e-01 3.189636e+05 -3.075222e+04 7.822835e+04
4.052226e-01 3.160422e+05 -3.886489e+04 7.256083e+04
4.115204e-01 3.173635e+05 -3.051512e+04 7.815697e+04
4.178099e-01 3.143209e+05 -3.506800e+04 7.135746e+04
4.240561e-01 3.133331e+05 -2.641414e+04 6.845071e+04
4.303610e-01 3.079264e+05 -2.632127e+04 5.934486e+04
4.366582e-01 3.122589e+05 -1.725520e+04 6.461335e+04
4.429084e-01 3.103075e+05 -1.310740e+04 5.712916e+04
4.491650e-01 3.099873e+05 9.876373e+02 6.484577e+04
4.554492e-01 3.040780e+05 -1.919469e+04 3.749886e+04
4.617706e-01 3.048984e+05 -1.555702e+04 3.455890e+04
4.680956e-01 3.072543e+05 -1.379689e+03 5.627659e+04
4.743832e-01 3.037027e+05 -1.355131e+04 4.353562e+04
4.806633e-01 3.047849e+05 -2.029956e+04 3.518779e+04
4.869367e-01 3.039949e+05 -1.426256e+04 4.531978e+04
4.931970e-01 3.044018e+05 -1.301007e+04 4.366196e+04
4.994650e-01 3.090035e+05 -2.392612e+03 6.338975e+04
5.057178e-01 3.060231e+05 -1.937450e+04 3.609434e+04
5.119987e-01 3.050990e+05 -4.951159e+03 5.483807e+04
5.183168e-01 3.069639e+05 -6.774899e+03 3.620963e+04
5.246156e-01 3.003572e+05 -1.204221e+04 2.679358e+04
5.308821e-01 3.020183e+05 -2.086361e+04 2.051905e+04
5.371598e-01 2.991969e+05 -1.299798e+04 2.816677e+04
5.434872e-01 3.000066e+05 -3.266038e+03 3.781436e+04
5.497692e-01 3.000687e+05 -1.592050e+04 2.589246e+04
5.560081e-01 2.997939e+05 -1.076015e+04 2.823801e+04
5.623008e-01 3.022456e+05 -1.518531e+04 3.323889e+04
5.686207e-01 2.997514e+05 -8.273561e+03 2.118309e+04
5.749002e-01 3.034149e+05 9.779345e+03 5.145025e+04
5.811845e-01 2.968619e+05 1.977529e+02 3.046777e+04
5.874668e-01 2.973581e+05 -9.446799e+03 2.252935e+04
5.937353e-01 2.986144e+05 -7.633437e+03 2.730372e+04
6.000128e-01 2.973002e+05 -5.671240e+03 3.413542e+04
6.062799e-01 2.960803e+05 -1.478091e+04 1.480361e+04
6.125591e-01 2.972833e+05 -1.300617e+04 1.317206e+04
6.188704e-01 2.988819e+05 -1.041380e+04 1.923402e+04
6.251521e-01 2.945262e+05 -5.539151e+03 1.523923e+04
6.314112e-01 2.984212e+05 -4.198792e+03 1.759349e+04
6.377084e-01 2.969693e+05 -6.536004e+03 1.735580e+04
6.439994e-01 2.964985e+05 -9.392091e+03 1.276289e+04
6.502816e-01 2.969106e+05 -4.321796e+03 1.758742e+04
6.565789e-01 2.977890e+05 -5.646564e+03 1.564047e+04
6.628580e-01 2.966232e+05 -6.039010e+03 2.167540e+04
6.691285e-01 2.980109e+05 2.339486e+03 3.050311e+04
6.754207e-01 2.962091e+05 -1.723435e+03 2.254426e+04
6.816941e-01 2.988600e+05 2.498866e+03 3.577677e+04
6.879722e-01 2.970647e+05 -6.094891e+03 1.017129e+04
6.942511e-01 2.974482e+05 -1.648043e+03 2.028625e+04
7.005270e-01 2.979254e+05 7.877053e+02 1.630796e+04
7.068222e-01 2.972648e+05 -2.806416e+03 1.934495e+04
7.131206e-01 2.979360e+05 -9.675575e+03 1.306952e+04
7.194093e-01 2.989906e+05 -9.486183e+03 1.441033e+04
7.256931e-01 2.995032e+05 -1.141225e+04 1.902194e+04
7.319783e-01 2.971272e+05 -1.146545e+04 1.324090e+04
7.382662e-01 2.989268e+05 -8.250956e+03 1.993066e+04
7.445383e-01 2.983645e+05 -7.918307e+03 2.036662e+04
7.507950e-01 2.961312e+05 -3.597293e+03 1.890156e+04
7.570781e-01 2.953688e+05 -9.276768e+03 1.126071e+04
7.633670e-01 2.971506e+05 -1.178873e+04 1.199829e+04
7.696489e-01 2.998962e+05 -1.099148e+04 1.918265e+04
7.759434e-01 2.982638e+05 -1.626552e+04 1.464474e+04
7.822391e-01 2.967888e+05 -1.115837e+04 1.479932e+04
7.885406e-01 2.984908e+05 -1.020595e+04 2.114382e+04
7.947963e-01 2.965440e+05 -1.066038e+04 1.472502e+04
8.010496e-01 2.986478e+05 -3.450319e+03 1.801197e+04
8.073490e-01 2.969848e+05 -3.335128e+03 1.678141e+04
8.136387e-01 2.961188e+05 -1.030628e+04 1.934818e+04
8.199299e-01 2.957664e+05 -1.288593e+04 1.751738e+04
8.262096e-01 2.948063e+05 -8.762270e+03 1.643133e+04
8.325093e-01 2.950334e+05 -7.615452e+03 1.642384e+04
8.388149e-01 2.958752e+05 -8.909072e+03 1.222120e+04
8.450815e-01 2.971101e+05 -7.556351e+03 1.707785e+04
8.513433e-01 2.957225e+05 -6.938795e+03 1.846525e+04
8.576279e-01 2.972709e+05 -6.241475e+03 1.744888e+04
8.639168e-01 2.948150e+05 -7.518088e+03 1.191124e+04
8.701983e-01 2.957885e+05 -8.894566e+03 1.389980e+04
8.764764e-01 2.947442e+05 -1.176126e+04 9.186208e+03
8.827642e-01 2.955938e+05 -8.381857e+03 1.380332e+04
8.890454e-01 2.967041e+05 -1.128290e+04 1.307334e+04
8.953183e-01 2.974305e+05 -1.002498e+04 8.811005e+03
9.016047e-01 2.962235e+05 -6.267566e+03 1.148732e+04
9.078894e-01 2.967801e+05 -3.903750e+03 1.929445e+04
9.141821e-01 2.953005e+05 -4.948822e+03 1.118663e+04
9.204808e-01 2.963458e+05 -7.003283e+03 1.346935e+04
9.267589e-01 2.947887e+05 -2.922975e+03 1.188988e+04
9.330411e-01 2.969069e+05 -7.434655e+03 1.281351e+04
9.393427e-01 2.947559e+05 -1.046110e+04 1.172971e+04
9.456121e-01 2.944023e+05 -7.813354e+03 7.780002e+03
9.518740e-01 2.971525e+05 -2.630921e+03 1.304862e+04
9.581552e-01 2.960918e+05 -3.125239e+03 7.107984e+03
9.644530e-01 2.946356e+05 -7.441743e+03 4.704539e+03
9.707488e-01 2.961269e+05 -8.364295e+03 6.457618e+03
9.770187e-01 2.937805e+05 -3.733429e+03 5.904319e+03
9.832907e-01 2.947145e+05 -2.661718e+03 7.148655e+03
9.895659e-01 2.951682e+05 -2.862192e+03 6.659494e+03
9.958604e-01 2.964279e+05 -4.060004e+03 1.094108e+04
1.002147e+00 2.950340e+05 -4.472145e+03 8.648826e+03
1.008415e+00 2.932745e+05 -1.448587e+03 4.735066e+03
1.014705e+00 2.952048e+05 -6.139171e+03 -1.602559e+03
1.021001e+00 2.937602e+05 -4.258821e+03 4.622730e+03
1.027282e+00 2.946655e+05 -4.340416e+03 7.860229e+03
1.033574e+00 2.941558e+05 -1.158291e+03 5.155201e+03
1.039861e+00 2.950266e+05 -4.810767e+03 4.303936e+03
1.046128e+00 2.935787e+05 -1.717122e+03 6.006206e+03
1.052406e+00 2.931881e+05 -1.830114e+03 7.823178e+03
1.058689e+00 2.945197e+05 -4.222673e+03 1.058884e+04
1.064971e+00 2.960880e+05 -2.650609e+03 3.465453e+03
1.071265e+00 2.947735e+05 -3.546771e+03 3.225920e+03
1.077553e+00 2.953956e+05 -1.587936e+03 7.787866e+03
1.083830e+00 2.940295e+05 -9.104856e+02 7.253289e+03
1.090120e+00 2.940638e+05 -1.551972e+03 8.669352e+03
1.096398e+00 2.961029e+05 -2.517578e+03 7.478056e+03
1.102683e+00 2.946224e+05 -2.410760e+03 9.351878e+03
1.108976e+00 2.950066e+05 -2.304401e+03 4.841765e+03
1.115241e+00 2.945217e+05 -6.728934e+02 1.948643e+03
1.121507e+00 2.943142e+05 -1.303895e+03 3.170310e+03
1.127794e+00 2.938375e+05 -1.394801e+03 2.340475e+03
1.134096e+00 2.954228e+05 -1.536795e+01 1.758871e+03
1.140374e+00 2.932837e+05 -1.702504e+03 3.762906e+03
1.146644e+00 2.939940e+05 1.393184e+03 8.025781e+03
1.152944e+00 2.944405e+05 6.558086e+01 8.124412e+03
1.159236e+00 2.941169e+05 -2.036560e+03 3.356077e+03
1.165522e+00 2.935220e+05 -1.382237e+03 4.505042e+03
1.171800e+00 2.946418e+05 -7.982568e+02 5.743437e+03
1.178088e+00 2.936955e+05 6.289337e+02 3.441949e+03
1.184376e+00 2.930254e+05 -1.761731e+02 2.002588e+03
1.190646e+00 2.934978e+05 -3.133132e+03 2.097918e+03
1.196919e+00 2.931227e+05 -2.261636e+03 6.213430e+03
1.203205e+00 2.942340e+05 -1.647740e+03 7.527521e+03
1.209489e+00 2.930944e+05 -2.729997e+03 5.816056e+03
1.215769e+00 2.930664e+05 -6.548651e+03 2.451942e+03
1.222064e+00 2.929028e+05 -2.903047e+03 5.448014e+03
1.228352e+00 2.944138e+05 -8.623832e+02 2.586979e+03
1.234637e+00 2.922487e+05 -2.010710e+02 1.229171e+03
1.240911e+00 2.930085e+05 1.677652e+03 4.018563e+03
1.247187e+00 2.929046e+05 1.338700e+03 3.948135e+03
1.253473e+00 2.949042e+05 -2.867729e+03 1.493982e+03
1.259755e+00 2.936917e+05 -4.341813e+01 1.156706e+03
1.266039e+00 2.924638e+05 6.578547e+02 5.023374e+03
1.272328e+00 2.930784e+05 -5.907249e+02 2.906707e+03
1.278613e+00 2.924325e+05 -3.682639e+03 1.247843e+03
1.284892e+00 2.923780e+05 -3.737591e+03 5.355468e+03
1.291184e+00 2.920944e+05 -4.128099e+03 5.437933e+03
1.297483e+00 2.929212e+05 5.621743e+02 5.415807e+03
1.303755e+00 2.937183e+05 -1.207999e+03 4.367807e+03
1.310021e+00 2.951652e+05 -1.553304e+03 4.136574e+03
1.316310e+00 2.951556e+05 -2.028335e+03 6.494714e+03
1.322598e+00 2.938048e+05 -4.446400e+02 6.242521e+03
1.328872e+00 2.936727e+05 -7.536037e+02 6.351813e+03
1.335152e+00 2.938374e+05 -2.721532e+03 3.553503e+03
1.341449e+00 2.934215e+05 -1.812262e+03 1.960158e+03
1.347740e+00 2.943883e+05 -1.375173e+03 2.622834e+03
1.354010e+00 2.929231e+05 9.411770e+02 1.193165e+03
1.360288e+00 2.936547e+05 1.502123e+03 2.931657e+03
1.366571e+00 2.928921e+05 -1.184205e+03 1.112822e+02
1.372862e+00 2.921905e+05 -2.008083e+03 9.220952e+02
1.379146e+00 2.910576e+05 4.014033e+02 6.001992e+02
1.385412e+00 2.934347e+05 3.265224e+02 4.874954e+03
1.391702e+00 2.921494e+05 -1.089806e+02 3.824254e+03
1.397992e+00 2.920558e+05 -1.834901e+02 1.743135e+03
1.404274e+00 2.928220e+05 -1.190365e+03 8.621668e+02
1.410557e+00 2.926625e+05 1.145090e+03 -1.769255e+03
1.416842e+00 2.940972e+05 2.865085e+02 2.699000e+03
1.423125e+00 2.936562e+05 -2.554936e+03 1.094120e+03
1.429405e+00 2.939025e+05 -4.284621e+03 2.109997e+03
1.435690e+00 2.931266e+05 -3.006417e+03 4.057060e+03
1.441979e+00 2.935328e+05 -1.323117e+03 3.727980e+03
1.448265e+00 2.936821e+05 1.799023e+03 3.030390e+03
1.454542e+00 2.930153e+05 -2.290587e+02 1.351164e+03
1.460820e+00 2.921573e+05 1.636810e+02 2.925819e+03
1.467113e+00 2.931664e+05 -1.593852e+03 1.620958e+03
1.473399e+00 2.938890e+05 -4.897446e+02 2.455592e+03
1.479674e+00 2.926448e+05 9.281741e+02 -1.020325e+03
1.485967e+00 2.925241e+05 2.595529e+03 -1.332201e+03
1.492244e+00 2.931432e+05 1.821745e+03 8.933804e+02
1.498508e+00 2.925278e+05 -1.997199e+03 -5.387572e+02
1.504790e+00 2.921789e+05 -2.120533e+02 -3.042150e+00
1.511083e+00 2.935311e+05 5.026290e+02 4.460970e+03
1.517368e+00 2.933564e+05 -4.927350e+02 2.272521e+03
1.523657e+00 2.932983e+05 -1.460188e+03 -2.555461e+03
1.529947e+00 2.932039e+05 -1.719621e+03 -2.029815e+03
1.536238e+00 2.921922e+05 -6.935068e+02 -1.844074e+03
1.542518e+00 2.921956e+05 -2.948457e+03 3.951323e+02
1.548784e+00 2.928568e+05 -2.558272e+03 1.685394e+02
1.555074e+00 2.935526e+05 2.111197e+02 1.166055e+03
1.561366e+00 2.931356e+05 1.349847e+03 1.438536e+03
1.567638e+00 2.927988e+05 2.101420e+02 -1.043512e+03
1.573918e+00 2.924284e+05 -1.025524e+03 3.056512e+02
1.580208e+00 2.937875e+05 -7.740886e+02 -1.147425e+03
1.586494e+00 2.935711e+05 -1.323052e+03 -3.190893e+02
1.592767e+00 2.939820e+05 -1.390193e+03 8.063607e+02
1.599048e+00 2.935622e+05 -5.991901e+02 1.042829e+02
1.605344e+00 2.928765e+05 -6.561854e+02 1.740761e+03
1.611625e+00 2.937784e+05 -1.867115e+03 -2.628048e+01
1.617906e+00 2.931736e+05 -2.002187e+03 2.196103e+03
1.624189e+00 2.931905e+05 3.030078e+02 1.806830e+03
1.630468e+00 2.928553e+05 1.159818e+03 -2.095882e+03
1.636757e+00 2.933883e+05 -1.175986e+03 -1.714430e+03
1.643040e+00 2.921427e+05 -1.189547e+03 4.627136e+01
1.649315e+00 2.931825e+05 -1.049132e+03 4.973584e+02
1.655597e+00 2.930201e+05 -9.592021e+02 2.971261e+03
1.661885e+00 2.923543e+05 -1.315133e+03 2.892889e+03
1.668178e+00 2.926181e+05 -5.869550e+02 1.911002e+03
1.674455e+00 2.930638e+05 9.824388e+02 -6.585540e+02
1.680725e+00 2.936014e+05 -4.921032e+02 -2.727449e+02
1.687017e+00 2.927434e+05 6.172565e+02 6.921281e+01
1.693314e+00 2.926338e+05 -3.605009e+02 3.674976e+02
1.699589e+00 2.941883e+05 -1.225656e+03 2.290706e+03
1.705867e+00 2.935201e+05 2.777822e+02 4.278263e+03
1.712162e+00 2.933122e+05 -2.727654e+01 2.089066e+03
1.718448e+00 2.930155e+05 7.155640e+02 4.689802e+03
1.724724e+00 2.929847e+05 1.018285e+03 3.627931e+03
1.730999e+00 2.918036e+05 -1.301269e+02 -1.069023e+03
1.737291e+00 2.914445e+05 -2.338482e+02 -1.574033e+02
1.743573e+00 2.919178e+05 -1.266487e+03 2.430650e+03
1.749852e+00 2.927865e+05 -1.048757e+03 2.446377e+03
1.756137e+00 2.925569e+05 1.322314e+02 1.741073e+03
1.762416e+00 2.919887e+05 -1.210382e+03 1.779544e+03
1.768701e+00 2.933516e+05 -2.403764e+03 1.939739e+03
1.774987e+00 2.931131e+05 -3.030656e+03 1.594880e+03
1.781271e+00 2.934062e+05 -1.353923e+03 2.725654e+03
1.787557e+00 2.925227e+05 -7.570257e+02 2.761428e+03
1.793843e+00 2.918447e+05 1.423059e+02 3.084311e+03
1.800124e+00 2.925505e+05 -3.103278e+02 3.195619e+03
1.806400e+00 2.923761e+05 1.867721e+03 -1.184255e+02
1.812675e+00 2.921671e+05 -3.865631e+02 1.306133e+03
1.818959e+00 2.916080e+05 1.404416e+03 1.442286e+03
1.825254e+00 2.924251e+05 1.244822e+03 -5.261185e+02
1.831536e+00 2.930983e+05 7.939554e+02 -2.728218e+03
1.837815e+00 2.936045e+05 -4.230187e+02 -6.710739e+02
1.844108e+00 2.927759e+05 1.170997e+02 1.412253e+03
1.850393e+00 2.920748e+05 -7.638206e+01 1.153887e+03
1.856671e+00 2.924498e+05 -5.639537e+00 4.745806e+02
1.862950e+00 2.928542e+05 -9.974567e+02 1.076301e+03
1.869234e+00 2.921399e+05 -9.220712e+02 6.913274e+02
1.875524e+00 2.932970e+05 -1.257396e+03 9.433951e+02
1.881807e+00 2.923434e+05 4.845736e+02 2.220147e+03
1.888083e+00 2.928179e+05 1.000244e+03 1.888064e+03
1.894358e+00 2.928030e+05 2.158473e+03 1.988661e+03
1.900649e+00 2.929975e+05 2.255852e+03 1.527405e+03
1.906939e+00 2.927102e+05 3.313245e+02 -1.276616e+03
1.913211e+00 2.922374e+05 3.612033e+02 -6.075452e+02
1.919497e+00 2.928708e+05 -3.125689e+02 1.437330e+03
1.925783e+00 2.924453e+05 -3.640110e+02 1.471760e+03
1.932069e+00 2.928590e+05 -1.817645e+02 -1.662121e+03
1.938345e+00 2.928300e+05 -1.370861e+03 4.227550e+02
1.944621e+00 2.927620e+05 -7.286242e+02 1.169467e+03
1.950911e+00 2.933502e+05 3.156597e+02 1.727640e+03
1.957198e+00 2.936717e+05 -1.598710e+03 1.778314e+03
1.963483e+00 2.926736e+05 -1.194677e+03 1.389987e+03
1.969764e+00 2.925550e+05 -7.431972e+02 1.439316e+03
1.976059e+00 2.925792e+05 -1.231769e+03 3.025633e+03
1.982348e+00 2.925765e+05 8.046475e+02 3.046604e+03
1.988619e+00 2.919686e+05 -1.448584e+03 4.836314e+02
1.994900e+00 2.921755e+05 -2.857015e+03 -1.969579e+03
2.001183e+00 2.925440e+05 8.964732e+02 -5.291300e+02
2.007460e+00 2.928081e+05 5.954525e+02 -6.613541e+02
2.013741e+00 2.925432e+05 -8.571229e+02 2.800287e+03
2.020024e+00 2.925052e+05 3.233085e+02 1.255384e+03
2.026318e+00 2.933322e+05 -2.085559e+02 -4.420860e+02
2.032606e+00 2.931357e+05 8.776465e+02 2.525480e+03
2.038874e+00 2.931213e+05 -3.154739e+02 2.605218e+03
2.045156e+00 2.930979e+05 -1.832994e+03 2.637693e+03
2.051448e+00 2.927738e+05 -9.788275e+02 2.753325e+03
2.057732e+00 2.920143e+05 1.660871e+03 5.074212e+02
2.064020e+00 2.922853e+05 8.919771e+02 -4.951484e+02
2.070309e+00 2.915024e+05 1.089509e+03 -2.727028e+02
2.076598e+00 2.919398e+05 1.385497e+03 1.377115e+03
2.082870e+00 2.925889e+05 2.775341e+02 1.620047e+03
2.089135e+00 2.928246e+05 1.750337e+03 4.198369e+02
2.095425e+00 2.929186e+05 -3.592373e+02 -1.791276e+02
2.101708e+00 2.922012e+05 -6.939138e+02 1.209987e+03
2.107988e+00 2.923253e+05 6.857710e+02 8.848483e+02
2.114276e+00 2.923061e+05 1.328991e+03 1.139909e+03
2.120558e+00 2.922165e+05 1.403400e+03 2.043204e+03
2.126846e+00 2.925072e+05 2.410761e+02 5.662130e+02
2.133129e+00 2.932084e+05 2.951462e+02 -4.927028e+01
2.139412e+00 2.928361e+05 -1.613371e+03 1.511531e+02
2.145699e+00 2.927043e+05 -1.930838e+02 -1.208681e+02
2.151976e+00 2.924999e+05 9.710132e+02 1.686002e+03
2.158261e+00 2.920626e+05 -1.243266e+03 -1.660246e+03
2.164549e+00 2.930766e+05 -1.195891e+03 3.004166e+02
2.170836e+00 2.932868e+05 1.240520e+03 4.994923e+02
2.177120e+00 2.929197e+05 5.359088e+02 -6.268148e+02
2.183393e+00 2.926212e+05 1.405862e+03 -4.371384e+02
2.189672e+00 2.932209e+05 -4.819500e+02 1.813335e+03
2.195961e+00 2.922906e+05 -5.653593e+02 2.365517e+02
2.202247e+00 2.924087e+05 -3.672116e+02 1.708639e+03
2.208526e+00 2.919852e+05 4.215538e+01 1.448566e+03
2.214807e+00 2.922221e+05 -5.986920e+02 1.615151e+03
2.221098e+00 2.925584e+05 -1.941660e+02 -4.803092e+02
2.227380e+00 2.926868e+05 1.889211e+00 -5.361082e+02
2.233662e+00 2.930086e+05 -3.841620e+02 9.624750e+02
2.239945e+00 2.923986e+05 -6.094828e+02 2.178577e+03
2.246225e+00 2.925640e+05 1.690788e+03 1.934682e+03
2.252508e+00 2.929543e+05 -5.703850e+02 1.527016e+02
2.258784e+00 2.932274e+05 -1.027234e+03 9.793040e+02
2.265072e+00 2.932116e+05 5.057259e+01 -1.577539e+03
2.271354e+00 2.922939e+05 2.160027e+02 -6.476803e+02
2.277644e+00 2.918322e+05 2.570229e+02 -9.095587e+02
2.283932e+00 2.918895e+05 -2.836777e+02 2.606845e+02
2.290208e+00 2.922214e+05 -8.314446e+02 1.415219e+03
2.296495e+00 2.917963e+05 4.046161e+02 1.290917e+03
2.302774e+00 2.924655e+05 -4.167581e+02 1.497306e+03
2.309053e+00 2.936476e+05 -1.170534e+03 1.791510e+03
2.315344e+00 2.921951e+05 -9.809034e+02 1.686904e+03
2.321634e+00 2.927155e+05 -1.148050e+03 1.993680e+03
2.327918e+00 2.923853e+05 -4.149622e+02 2.834222e+03
2.334192e+00 2.922398e+05 3.341010e+02 1.225800e+03
2.340473e+00 2.925493e+05 1.275505e+02 -1.643759e+02
2.346761e+00 2.926019e+05 -3.759484e+02 9.919827e+02
2.353047e+00 2.922349e+05 -4.522763e+02 3.754135e+02
2.359330e+00 2.922512e+05 1.421645e+03 -1.085358e+02
2.365606e+00 2.930218e+05 4.923851e+02 1.322008e+02
2.371891e+00 2.931108e+05 6.647923e+02 -1.505983e+02
2.378178e+00 2.923022e+05 -6.424869e+02 3.401075e+02
2.384458e+00 2.919551e+05 -7.724488e+02 -3.289377e+02
2.390744e+00 2.916369e+05 -5.783971e+02 1.571160e+03
2.397021e+00 2.924729e+05 -1.024595e+03 1.580314e+03
2.403297e+00 2.925222e+05 1.834158e+02 3.556709e+02
2.409586e+00 2.918002e+05 9.491880e+02 1.008189e+03
2.415874e+00 2.925255e+05 3.568147e+02 3.582782e+02
2.422163e+00 2.927511e+05 -1.539120e+03 -1.606791e+03
2.428448e+00 2.925993e+05 -1.857614e+03 -1.138345e+03
2.434725e+00 2.924353e+05 -1.144036e+03 -1.630539e+03
2.441007e+00 2.927369e+05 5.280043e+02 -2.195908e+02
2.447296e+00 2.934503e+05 -1.159358e+02 -2.187242e+03
2.453575e+00 2.929292e+05 2.009007e+02 -6.336102e+02
2.459854e+00 2.925879e+05 3.298919e+02 6.287949e+02
2.466140e+00 2.932828e+05 2.009183e+02 3.728785e+02
2.472424e+00 2.927220e+05 -3.677382e+02 -6.539216e+02
2.478702e+00 2.928562e+05 5.661058e+02 -5.077564e+02
2.484985e+00 2.928075e+05 4.394427e+02 -3.280919e+02
2.491274e+00 2.921801e+05 -1.202426e+03 1.941664e+02
2.497554e+00 2.929408e+05 6.515715e+02 1.671214e+03
2.503835e+00 2.927358e+05 -3.277209e+02 5.889139e+02
2.510120e+00 2.928369e+05 -7.301478e+02 -7.598515e+02
2.516403e+00 2.930150e+05 -1.224860e+02 1.317153e+03
2.522691e+00 2.927198e+05 -1.056217e+03 -1.878016e+02
2.528975e+00 2.927133e+05 -1.032330e+03 2.754963e+02
2.535255e+00 2.922797e+05 7.889226e+01 5.799293e+02
2.541545e+00 2.923396e+05 6.471123e+02 1.900677e+03
2.547832e+00 2.914176e+05 1.006709e+03 2.097561e+02
2.554107e+00 2.923539e+05 1.003672e+03 1.100139e+03
2.560381e+00 2.922821e+05 1.469279e+03 3.396530e+02
2.566668e+00 2.922188e+05 -1.020131e+03 -2.736236e+02
2.572957e+00 2.921250e+05 -3.892559e+02 6.836170e+02
2.579238e+00 2.921161e+05 4.385306e+02 3.152670e+03
2.585524e+00 2.924193e+05 -4.517432e+02 2.725855e+03
2.591810e+00 2.926293e+05 4.056379e+02 2.215345e+03
2.598091e+00 2.924787e+05 1.926746e+02 1.730215e+03
2.604367e+00 2.925297e+05 6.115882e+02 4.387216e+02
2.610651e+00 2.930832e+05 9.141299e+02 3.295799e+02
2.616933e+00 2.925998e+05 1.297720e+03 2.450007e+02
2.623208e+00 2.928432e+05 8.635703e+02 2.628358e+03
2.629494e+00 2.928373e+05 6.311415e+02 -2.171537e+02
2.635781e+00 2.925855e+05 7.200332e+02 -7.993678e+02
2.642064e+00 2.921291e+05 3.821353e+02 -9.462157e+02
2.648347e+00 2.926353e+05 -3.478219e+02 2.178514e+02
2.654640e+00 2.919662e+05 -7.097466e+02 1.134321e+03
2.660925e+00 2.914870e+05 -5.066382e+02 -3.003003e+02
2.667199e+00 2.918836e+05 -1.703710e+02 -1.254986e+03
2.673486e+00 2.923574e+05 -1.647675e+02 -1.238073e+03
2.679776e+00 2.924131e+05 1.475712e+03 -6.655911e+02
2.686060e+00 2.926472e+05 8.836966e+02 2.770595e+02
2.692343e+00 2.923452e+05 -1.034281e+02 6.055646e+02
2.698624e+00 2.922750e+05 1.049395e+03 -5.291257e+02
2.704901e+00 2.925142e+05 1.103073e+03 1.895128e+01
2.711179e+00 2.919829e+05 -3.629470e+02 1.051912e+03
2.717460e+00 2.923097e+05 -6.675622e+02 1.150575e+02
2.723747e+00 2.920514e+05 -8.864752e+01 -9.562309e+02
2.730042e+00 2.922756e+05 2.072254e+02 3.493452e+02
2.736321e+00 2.923092e+05 3.629347e+02 1.630578e+03
2.742596e+00 2.921369e+05 4.530912e+02 1.835752e+03
2.748885e+00 2.925608e+05 -9.308557e+02 1.950278e+02
2.755169e+00 2.919648e+05 -3.723127e+02 1.547867e+03
2.761451e+00 2.918200e+05 -8.511612e+02 1.066890e+03
2.767736e+00 2.924941e+05 -3.022311e+02 1.615650e+03
2.774019e+00 2.924369e+05 3.130436e+02 1.411693e+03
2.780299e+00 2.928566e+05 -1.171482e+03 1.044716e+03
2.786579e+00 2.919301e+05 7.895670e+01 4.435921e+02
2.792862e+00 2.926498e+05 -7.764179e+02 -5.435807e+02
2.799148e+00 2.924495e+05 -8.178310e+02 -7.842751e+02
2.805436e+00 2.930376e+05 -1.552307e+02 1.284360e+03
2.811720e+00 2.923394e+05 3.134939e+02 1.025818e+03
2.817993e+00 2.919098e+05 -8.507765e+02 -1.993689e+02
2.824273e+00 2.923973e+05 -2.337707e+02 -4.575186e+02
2.830564e+00 2.927186e+05 -1.408111e+02 1.016702e+03
2.836850e+00 2.924078e+05 -8.309838e+02 1.410767e+02
2.843134e+00 2.927822e+05 -2.015913e+02 8.168012e+02
2.849419e+00 2.930892e+05 -5.253908e+01 4.309438e+02
2.855702e+00 2.930837e+05 -1.894667e+03 1.019361e+03
2.861983e+00 2.926420e+05 -5.420891e+02 -4.692539e+02
2.868266e+00 2.932992e+05 2.872861e+02 -3.982846e+02
2.874551e+00 2.929017e+05 1.650096e+02 1.205818e+03
2.880831e+00 2.929235e+05 1.456450e+02 2.229419e+02
2.887114e+00 2.924256e+05 -4.002023e+01 -3.990192e+02
2.893396e+00 2.925890e+05 -4.714357e+02 9.334520e+02
2.899677e+00 2.923135e+05 -1.113189e+03 3.920417e+02
2.905957e+00 2.927549e+05 -3.658301e+02 1.075127e+03
2.912242e+00 2.923194e+05 3.629052e+02 1.048976e+02
2.918531e+00 2.925661e+05 -1.062899e+03 -1.133244e+03
2.924814e+00 2.926500e+05 2.013331e+02 3.230978e+02
2.931096e+00 2.930180e+05 -1.122211e+02 1.244006e+03
2.937379e+00 2.926821e+05 -4.089485e+02 3.641886e+01
2.943661e+00 2.925992e+05 -7.005112e+01 -1.470611e+03
2.949948e+00 2.927091e+05 -3.763518e+02 -8.841642e+02
2.956233e+00 2.926053e+05 -1.159145e+03 1.604419e+03
2.962515e+00 2.924777e+05 -1.609396e+02 1.603813e+03
2.968800e+00 2.929525e+05 -4.037267e+02 7.220140e+02
2.975083e+00 2.932592e+05 3.323786e+02 5.265991e+02
2.981363e+00 2.926072e+05 7.438893e+02 5.989868e+02
2.987648e+00 2.930132e+05 1.348500e+02 7.781161e+02
2.993933e+00 2.924651e+05 -5.155710e+02 -3.091178e+02
3.000210e+00 2.924538e+05 -8.954991e+02 -5.059151e+02
3.006490e+00 2.921668e+05 -1.245440e+03 -1.512976e+03
3.012773e+00 2.926128e+05 -3.132518e+01 -1.235857e+03
3.019055e+00 2.926198e+05 3.784756e+01 -1.446120e+03
3.025341e+00 2.932407e+05 -7.286887e+02 1.513117e+03
3.031626e+00 2.929901e+05 -5.406569e+02 1.832581e+03
3.037910e+00 2.917554e+05 -2.720554e+02 -3.724101e+02
3.044195e+00 2.920109e+05 -7.382136e+02 -3.386895e+02
3.050478e+00 2.924021e+05 -5.531564e+02 -1.351739e+03
3.056758e+00 2.925021e+05 4.526374e+02 -1.118054e+02
3.063042e+00 2.922215e+05 8.563987e+02 6.377426e+02
3.069328e+00 2.927910e+05 9.277691e+02 8.913918e+02
3.075617e+00 2.924591e+05 -1.199898e+02 -1.420741e+02
3.081898e+00 2.922334e+05 -8.797476e+02 1.452403e+02
3.088176e+00 2.922434e+05 -6.324283e+01 1.333337e+02
3.094460e+00 2.926257e+05 -5.651974e+02 2.299548e+02
3.100745e+00 2.921294e+05 -1.028718e+03 -9.627512e+02
3.107032e+00 2.924957e+05 -1.574681e+01 5.866021e+02
3.113313e+00 2.923942e+05 -7.220107e+01 -4.795842e+02
3.119593e+00 2.925985e+05 -6.226403e+02 7.039891e+02
3.125878e+00 2.927026e+05 8.693344e+02 9.200228e+02
3.132164e+00 2.928554e+05 -6.248676e+02 1.408546e+03
3.138442e+00 2.923060e+05 -2.367117e+02 6.687433e+02
3.144726e+00 2.923215e+05 6.948132e+02 4.826317e+02
3.151007e+00 2.921268e+05 7.908287e+01 -2.423559e+02
3.157287e+00 2.927972e+05 7.594738e+01 -8.500171e+02
3.163572e+00 2.928890e+05 -1.065440e+03 -1.227583e+03
3.169853e+00 2.924070e+05 -1.095808e+03 -9.941406e+00
3.176141e+00 2.926649e+05 -5.395407e+01 2.182051e+02
3.182428e+00 2.926315e+05 -3.382539e+02 -5.183676e+02
3.188708e+00 2.924649e+05 -1.578209e+02 -2.144635e+02
3.194991e+00 2.920280e+05 1.009450e+03 1.292616e+03
3.201276e+00 2.921857e+05 4.974189e+02 2.308595e+03
3.207554e+00 2.922290e+05 -4.502055e+02 1.925747e+03
3.213837e+00 2.927084e+05 -3.963484e+02 1.575108e+03
