# k, q0, q1/i, q2, q3/i, q4, norm, alpha = 0.2755865845459939, 0.020160886971027085
0.000000e+00 1.239697e+10 0.000000e+00 0.000000e+00 0.000000e+00 -2.943913e+09
2.542755e-04 1.230573e+10 9.809562e+08 3.466417e+06 -2.288511e+07 7.625397e+08
4.308321e-04 1.214314e+10 1.637918e+09 -2.417474e+06 7.179097e+06 -2.561366e+08
6.127972e-04 1.189051e+10 2.278028e+09 -3.419285e+05 9.051797e+06 3.069991e+08
7.953316e-04 1.155913e+10 2.867782e+09 -1.688432e+06 4.597827e+07 7.182371e+07
9.814571e-04 1.114492e+10 3.400947e+09 3.449866e+06 8.381472e+07 4.398810e+07
1.156539e-03 1.069722e+10 3.830498e+09 6.857911e+06 1.600626e+08 -1.345143e+08
1.336205e-03 1.018299e+10 4.196712e+09 3.470631e+07 2.160373e+08 3.105525e+07
1.522449e-03 9.608387e+09 4.477268e+09 5.403313e+07 3.396043e+08 -2.113224e+08
1.702691e-03 9.015321e+09 4.676213e+09 1.121448e+08 4.323386e+08 -2.172536e+07
1.882192e-03 8.409272e+09 4.768615e+09 1.557344e+08 5.777960e+08 -3.122526e+08
2.058659e-03 7.796121e+09 4.800411e+09 2.385338e+08 7.242413e+08 -1.765823e+08
2.236532e-03 7.177064e+09 4.751115e+09 3.319509e+08 8.505009e+08 -2.780384e+08
2.420114e-03 6.557408e+09 4.606215e+09 4.158509e+08 1.084285e+09 -5.246527e+08
2.599101e-03 5.959533e+09 4.424827e+09 5.359324e+08 1.251232e+09 -5.960849e+08
2.777369e-03 5.384125e+09 4.195887e+09 6.684243e+08 1.413545e+09 -6.703286e+08
2.956466e-03 4.838671e+09 3.919580e+09 7.984867e+08 1.626138e+09 -7.802403e+08
3.137227e-03 4.324822e+09 3.603877e+09 9.373319e+08 1.790209e+09 -9.745439e+08
3.318471e-03 3.840371e+09 3.278362e+09 1.080393e+09 1.980447e+09 -1.062080e+09
3.497455e-03 3.396452e+09 2.949385e+09 1.219535e+09 2.119100e+09 -1.168190e+09
3.677740e-03 2.996534e+09 2.613377e+09 1.346899e+09 2.265041e+09 -1.286362e+09
3.857458e-03 2.638861e+09 2.275169e+09 1.469803e+09 2.410903e+09 -1.444655e+09
4.036058e-03 2.311527e+09 1.970830e+09 1.578119e+09 2.483605e+09 -1.484063e+09
4.215732e-03 2.021641e+09 1.677304e+09 1.663554e+09 2.583250e+09 -1.582811e+09
4.393900e-03 1.769060e+09 1.406982e+09 1.739130e+09 2.612248e+09 -1.619921e+09
4.573307e-03 1.550989e+09 1.165684e+09 1.784491e+09 2.652356e+09 -1.678708e+09
4.754683e-03 1.354010e+09 9.510655e+08 1.808875e+09 2.650298e+09 -1.692496e+09
4.935208e-03 1.177125e+09 7.568880e+08 1.824713e+09 2.605884e+09 -1.655897e+09
5.114267e-03 1.036623e+09 6.014500e+08 1.803057e+09 2.564031e+09 -1.649835e+09
5.292984e-03 9.055349e+08 4.622069e+08 1.775298e+09 2.472289e+09 -1.570443e+09
5.471846e-03 7.997977e+08 3.563780e+08 1.712803e+09 2.388026e+09 -1.529317e+09
5.651916e-03 6.978344e+08 2.568981e+08 1.656633e+09 2.254031e+09 -1.399889e+09
5.831477e-03 6.178744e+08 1.902864e+08 1.565499e+09 2.136384e+09 -1.326405e+09
6.011451e-03 5.433225e+08 1.337932e+08 1.469874e+09 1.988770e+09 -1.207988e+09
6.191171e-03 4.790851e+08 8.493541e+07 1.374160e+09 1.837326e+09 -1.075619e+09
6.370885e-03 4.212727e+08 5.344890e+07 1.264645e+09 1.681362e+09 -9.554346e+08
6.550978e-03 3.716746e+08 2.602421e+07 1.158717e+09 1.526237e+09 -8.230076e+08
6.729662e-03 3.274428e+08 9.154191e+06 1.045123e+09 1.370371e+09 -7.029478e+08
6.908722e-03 2.870317e+08 -6.228337e+06 9.405336e+08 1.219118e+09 -5.799469e+08
7.088232e-03 2.532086e+08 -1.741445e+07 8.404936e+08 1.078218e+09 -4.647527e+08
7.267194e-03 2.201189e+08 -2.419774e+07 7.368580e+08 9.334781e+08 -3.595379e+08
7.447006e-03 1.943219e+08 -3.089478e+07 6.487556e+08 8.126591e+08 -2.642918e+08
7.626893e-03 1.690915e+08 -3.628243e+07 5.641421e+08 6.875178e+08 -1.720044e+08
7.807282e-03 1.474960e+08 -3.716954e+07 4.819551e+08 5.847843e+08 -1.078380e+08
7.987750e-03 1.288105e+08 -4.007866e+07 4.134780e+08 4.875031e+08 -4.299731e+07
8.167388e-03 1.122730e+08 -4.195391e+07 3.498086e+08 3.949017e+08 1.591881e+07
8.345882e-03 9.869338e+07 -4.066352e+07 2.935266e+08 3.294320e+08 4.459803e+07
8.524356e-03 8.608755e+07 -4.118401e+07 2.450361e+08 2.599777e+08 8.050990e+07
8.703951e-03 7.605866e+07 -3.899624e+07 2.018827e+08 2.093567e+08 9.561347e+07
8.883655e-03 6.691506e+07 -3.734913e+07 1.637002e+08 1.560904e+08 1.177233e+08
9.063959e-03 5.893018e+07 -3.422541e+07 1.296099e+08 1.186413e+08 1.202242e+08
9.243959e-03 5.237398e+07 -3.096652e+07 1.017410e+08 8.843770e+07 1.186734e+08
9.423354e-03 4.663317e+07 -2.729844e+07 7.712915e+07 5.845725e+07 1.214932e+08
9.603476e-03 4.169254e+07 -2.317357e+07 5.701427e+07 4.025191e+07 1.103203e+08
9.782217e-03 3.722697e+07 -1.937510e+07 3.905634e+07 2.154389e+07 1.053612e+08
9.961474e-03 3.346685e+07 -1.528516e+07 2.429857e+07 9.295638e+06 9.437223e+07
1.014145e-02 3.010908e+07 -1.128331e+07 1.212956e+07 -2.988942e+05 8.324178e+07
1.032017e-02 2.714356e+07 -7.656582e+06 1.801819e+06 -8.838185e+06 7.600584e+07
1.049983e-02 2.452017e+07 -4.359212e+06 -5.611586e+06 -1.231251e+07 6.295676e+07
1.067933e-02 2.222183e+07 -1.296482e+06 -1.199518e+07 -1.580413e+07 5.414586e+07
1.085922e-02 2.008895e+07 1.228833e+06 -1.592379e+07 -1.661953e+07 4.456702e+07
1.103911e-02 1.846307e+07 3.553873e+06 -1.940055e+07 -1.717299e+07 3.701455e+07
1.121859e-02 1.684306e+07 5.278206e+06 -2.079706e+07 -1.621906e+07 3.074129e+07
1.139867e-02 1.554536e+07 6.772410e+06 -2.130292e+07 -1.431292e+07 2.409740e+07
1.157742e-02 1.451653e+07 7.828922e+06 -2.090373e+07 -1.189341e+07 1.957368e+07
1.175702e-02 1.361916e+07 8.691554e+06 -1.957124e+07 -8.960791e+06 1.520974e+07
1.193688e-02 1.291744e+07 9.240945e+06 -1.776376e+07 -5.902992e+06 1.270254e+07
1.211563e-02 1.224292e+07 9.459428e+06 -1.511552e+07 -2.384774e+06 1.051967e+07
1.229554e-02 1.202414e+07 9.737438e+06 -1.243818e+07 1.091527e+06 8.897849e+06
1.247535e-02 1.162092e+07 9.611444e+06 -9.283704e+06 4.523922e+06 8.429660e+06
1.265439e-02 1.144837e+07 9.556253e+06 -6.066700e+06 7.679125e+06 8.056893e+06
1.283343e-02 1.130661e+07 9.295180e+06 -2.583450e+06 1.090779e+07 8.791456e+06
1.301293e-02 1.135358e+07 9.048054e+06 5.538519e+05 1.371716e+07 9.613146e+06
1.319355e-02 1.133337e+07 8.656111e+06 3.880188e+06 1.625864e+07 1.088701e+07
1.337382e-02 1.136127e+07 8.254470e+06 7.021744e+06 1.841652e+07 1.275186e+07
1.355335e-02 1.142651e+07 7.865810e+06 9.962818e+06 2.021612e+07 1.471264e+07
1.373274e-02 1.152401e+07 7.404196e+06 1.261046e+07 2.174875e+07 1.684449e+07
1.391170e-02 1.160410e+07 6.991436e+06 1.516423e+07 2.292717e+07 1.907015e+07
1.409058e-02 1.164206e+07 6.535232e+06 1.751873e+07 2.366389e+07 2.177283e+07
1.427002e-02 1.164326e+07 6.064144e+06 1.942710e+07 2.402787e+07 2.411114e+07
1.444910e-02 1.169733e+07 5.640291e+06 2.116292e+07 2.427954e+07 2.664658e+07
1.462844e-02 1.165908e+07 5.236213e+06 2.247407e+07 2.419394e+07 2.878813e+07
1.480897e-02 1.158401e+07 4.807328e+06 2.382658e+07 2.383681e+07 3.125292e+07
1.498891e-02 1.146322e+07 4.393764e+06 2.467421e+07 2.320428e+07 3.330705e+07
1.516797e-02 1.132591e+07 4.025000e+06 2.538610e+07 2.256486e+07 3.521820e+07
1.534742e-02 1.113425e+07 3.644287e+06 2.572299e+07 2.166330e+07 3.684550e+07
1.552755e-02 1.086647e+07 3.255803e+06 2.584287e+07 2.055048e+07 3.821153e+07
1.570712e-02 1.059080e+07 2.872918e+06 2.590432e+07 1.952444e+07 3.937544e+07
1.588558e-02 1.026597e+07 2.507010e+06 2.549995e+07 1.819316e+07 4.021964e+07
1.606539e-02 9.909019e+06 2.164304e+06 2.512850e+07 1.710211e+07 4.064831e+07
1.624590e-02 9.529856e+06 1.761378e+06 2.459821e+07 1.573018e+07 4.104330e+07
1.642530e-02 9.124041e+06 1.424840e+06 2.374015e+07 1.442957e+07 4.096242e+07
1.660477e-02 8.674980e+06 1.037864e+06 2.280561e+07 1.305717e+07 4.062711e+07
1.678430e-02 8.274575e+06 6.768615e+05 2.195503e+07 1.178669e+07 4.019001e+07
1.696359e-02 7.801253e+06 3.473637e+05 2.085277e+07 1.062105e+07 3.916548e+07
1.714294e-02 7.363180e+06 -5.828263e+03 1.972233e+07 9.316388e+06 3.823340e+07
1.732202e-02 6.918376e+06 -2.878202e+05 1.855695e+07 8.233320e+06 3.690668e+07
1.750141e-02 6.501362e+06 -5.866289e+05 1.739914e+07 7.128638e+06 3.555023e+07
1.768181e-02 6.077280e+06 -8.355248e+05 1.612722e+07 6.087682e+06 3.390264e+07
1.786131e-02 5.646030e+06 -1.036216e+06 1.479673e+07 5.137692e+06 3.205655e+07
1.804025e-02 5.274890e+06 -1.218386e+06 1.363116e+07 4.284124e+06 3.032613e+07
1.822032e-02 4.892306e+06 -1.359015e+06 1.239679e+07 3.502462e+06 2.836885e+07
1.839987e-02 4.522790e+06 -1.457780e+06 1.111362e+07 2.743223e+06 2.634641e+07
1.857923e-02 4.179264e+06 -1.513144e+06 9.895001e+06 2.091538e+06 2.435865e+07
1.875889e-02 3.839939e+06 -1.542934e+06 8.710882e+06 1.513733e+06 2.228268e+07
1.893827e-02 3.542660e+06 -1.528480e+06 7.560609e+06 9.937281e+05 2.035560e+07
1.911768e-02 3.239934e+06 -1.500528e+06 6.418353e+06 5.001855e+05 1.837035e+07
1.929737e-02 2.963830e+06 -1.443829e+06 5.359428e+06 8.908995e+04 1.650154e+07
1.947670e-02 2.710454e+06 -1.355383e+06 4.364708e+06 -2.383445e+05 1.471885e+07
1.965601e-02 2.459579e+06 -1.263958e+06 3.426872e+06 -5.386776e+05 1.297634e+07
1.983541e-02 2.239679e+06 -1.154383e+06 2.529748e+06 -8.013462e+05 1.141275e+07
2.001489e-02 2.033766e+06 -1.041850e+06 1.714016e+06 -1.010104e+06 9.890753e+06
2.019468e-02 1.847635e+06 -9.162566e+05 1.019410e+06 -1.133777e+06 8.546600e+06
2.037444e-02 1.677748e+06 -7.915101e+05 3.793871e+05 -1.234008e+06 7.293298e+06
2.055417e-02 1.527827e+06 -6.666509e+05 -1.819545e+05 -1.295470e+06 6.175852e+06
2.073390e-02 1.398931e+06 -5.382509e+05 -6.508452e+05 -1.296521e+06 5.202869e+06
2.091338e-02 1.278729e+06 -4.139763e+05 -1.029987e+06 -1.264106e+06 4.296182e+06
2.109302e-02 1.184215e+06 -2.893321e+05 -1.338107e+06 -1.181898e+06 3.551794e+06
2.127237e-02 1.100556e+06 -1.663398e+05 -1.563233e+06 -1.074747e+06 2.899027e+06
2.145116e-02 1.039094e+06 -5.342260e+04 -1.716514e+06 -9.261906e+05 2.384170e+06
2.163077e-02 9.825602e+05 6.087885e+04 -1.794648e+06 -7.555133e+05 1.944414e+06
2.181049e-02 9.430698e+05 1.686697e+05 -1.811573e+06 -5.559542e+05 1.602251e+06
2.198999e-02 9.196024e+05 2.686425e+05 -1.778347e+06 -3.475694e+05 1.386848e+06
2.216980e-02 9.019849e+05 3.635671e+05 -1.688296e+06 -1.210045e+05 1.225604e+06
2.234970e-02 8.953321e+05 4.496724e+05 -1.551441e+06 1.128141e+05 1.160542e+06
2.252980e-02 8.967452e+05 5.272356e+05 -1.371394e+06 3.474992e+05 1.170179e+06
2.270853e-02 9.056632e+05 5.936144e+05 -1.160138e+06 5.772003e+05 1.251818e+06
2.288717e-02 9.202142e+05 6.527288e+05 -9.202609e+05 8.011597e+05 1.394129e+06
2.306686e-02 9.380786e+05 6.990691e+05 -6.552983e+05 1.020948e+06 1.585734e+06
2.324649e-02 9.646854e+05 7.365931e+05 -3.690820e+05 1.220110e+06 1.846916e+06
2.342617e-02 9.933688e+05 7.635316e+05 -7.858795e+04 1.406661e+06 2.141176e+06
2.360560e-02 1.022946e+06 7.815914e+05 2.363924e+05 1.580364e+06 2.475378e+06
2.378549e-02 1.054734e+06 7.885469e+05 5.379031e+05 1.726518e+06 2.827773e+06
2.396571e-02 1.088756e+06 7.846574e+05 8.612530e+05 1.864713e+06 3.218750e+06
2.414482e-02 1.121644e+06 7.775225e+05 1.160658e+06 1.975252e+06 3.603604e+06
2.432376e-02 1.152832e+06 7.572326e+05 1.466307e+06 2.067998e+06 4.003104e+06
2.450343e-02 1.186582e+06 7.314079e+05 1.751756e+06 2.129776e+06 4.415064e+06
2.468304e-02 1.215401e+06 7.010180e+05 2.026905e+06 2.185920e+06 4.802204e+06
2.486245e-02 1.241796e+06 6.658173e+05 2.284865e+06 2.213505e+06 5.184357e+06
2.504187e-02 1.267396e+06 6.240984e+05 2.524302e+06 2.224326e+06 5.551883e+06
2.522156e-02 1.288235e+06 5.813098e+05 2.742636e+06 2.218072e+06 5.894622e+06
2.540110e-02 1.305924e+06 5.322761e+05 2.926941e+06 2.184028e+06 6.208734e+06
2.558029e-02 1.318608e+06 4.846214e+05 3.100333e+06 2.147960e+06 6.492082e+06
2.575992e-02 1.326127e+06 4.329526e+05 3.242740e+06 2.088458e+06 6.739393e+06
2.593954e-02 1.330278e+06 3.811570e+05 3.347108e+06 2.006835e+06 6.948523e+06
2.611933e-02 1.329602e+06 3.327676e+05 3.439424e+06 1.931843e+06 7.125564e+06
2.629913e-02 1.325439e+06 2.795490e+05 3.504162e+06 1.833140e+06 7.268409e+06
2.647853e-02 1.310690e+06 2.283891e+05 3.528426e+06 1.719296e+06 7.345687e+06
2.665812e-02 1.297491e+06 1.828426e+05 3.535358e+06 1.612220e+06 7.404979e+06
2.683805e-02 1.276115e+06 1.340204e+05 3.516606e+06 1.488046e+06 7.413890e+06
2.701719e-02 1.250728e+06 8.887929e+04 3.471004e+06 1.362420e+06 7.384373e+06
2.719620e-02 1.222350e+06 4.482121e+04 3.409308e+06 1.230817e+06 7.327964e+06
2.737553e-02 1.185559e+06 6.233361e+03 3.310636e+06 1.101453e+06 7.203876e+06
2.755538e-02 1.150429e+06 -3.165309e+04 3.208610e+06 9.714682e+05 7.075209e+06
2.773538e-02 1.109220e+06 -6.825466e+04 3.079936e+06 8.377889e+05 6.900564e+06
2.791455e-02 1.064740e+06 -1.025908e+05 2.935373e+06 7.047252e+05 6.696522e+06
2.809381e-02 1.020113e+06 -1.315131e+05 2.785042e+06 5.825862e+05 6.474187e+06
2.827308e-02 9.708668e+05 -1.587808e+05 2.609392e+06 4.598012e+05 6.209198e+06
2.845277e-02 9.225243e+05 -1.839036e+05 2.438924e+06 3.439497e+05 5.943406e+06
2.863250e-02 8.713353e+05 -2.057893e+05 2.253092e+06 2.320559e+05 5.646392e+06
2.881166e-02 8.217444e+05 -2.241059e+05 2.067537e+06 1.307751e+05 5.342366e+06
2.899137e-02 7.716872e+05 -2.391295e+05 1.875412e+06 3.566433e+04 5.026027e+06
2.917126e-02 7.212645e+05 -2.523810e+05 1.684821e+06 -5.293418e+04 4.698410e+06
2.935071e-02 6.730801e+05 -2.591899e+05 1.493358e+06 -1.278221e+05 4.368835e+06
2.953030e-02 6.264564e+05 -2.648092e+05 1.311090e+06 -1.951300e+05 4.043094e+06
2.970997e-02 5.805941e+05 -2.660758e+05 1.130422e+06 -2.523043e+05 3.713102e+06
2.988940e-02 5.371402e+05 -2.623997e+05 9.526769e+05 -2.983072e+05 3.386593e+06
3.006874e-02 4.959924e+05 -2.561330e+05 7.866226e+05 -3.346374e+05 3.072565e+06
3.024815e-02 4.576503e+05 -2.468256e+05 6.301438e+05 -3.622327e+05 2.768687e+06
3.042767e-02 4.210203e+05 -2.342413e+05 4.785166e+05 -3.805316e+05 2.473561e+06
3.060744e-02 3.874051e+05 -2.173792e+05 3.375393e+05 -3.880144e+05 2.192161e+06
3.078708e-02 3.569772e+05 -1.993355e+05 2.118421e+05 -3.885761e+05 1.933572e+06
3.096646e-02 3.287470e+05 -1.784466e+05 9.526037e+04 -3.795159e+05 1.687585e+06
3.114600e-02 3.033329e+05 -1.561191e+05 -9.889132e+03 -3.657804e+05 1.462504e+06
3.132546e-02 2.809946e+05 -1.320712e+05 -1.023955e+05 -3.444039e+05 1.259448e+06
3.150520e-02 2.608068e+05 -1.076945e+05 -1.803225e+05 -3.169735e+05 1.075251e+06
3.168484e-02 2.439777e+05 -8.260788e+04 -2.469671e+05 -2.857051e+05 9.156846e+05
3.186375e-02 2.298019e+05 -5.775070e+04 -2.991306e+05 -2.498773e+05 7.792170e+05
3.204302e-02 2.181848e+05 -3.266123e+04 -3.386828e+05 -2.092343e+05 6.645679e+05
3.222277e-02 2.093872e+05 -8.765111e+03 -3.653924e+05 -1.673699e+05 5.726306e+05
3.240259e-02 2.028092e+05 1.467823e+04 -3.790956e+05 -1.215276e+05 5.025376e+05
3.258186e-02 1.991064e+05 3.688339e+04 -3.810744e+05 -7.530264e+04 4.541732e+05
3.276123e-02 1.973746e+05 5.768864e+04 -3.707535e+05 -2.666304e+04 4.269822e+05
3.294133e-02 1.980652e+05 7.766811e+04 -3.503540e+05 2.189749e+04 4.186227e+05
3.312088e-02 2.002875e+05 9.550084e+04 -3.192297e+05 7.059035e+04 4.282426e+05
3.330035e-02 2.045091e+05 1.119263e+05 -2.783375e+05 1.193195e+05 4.555489e+05
3.347992e-02 2.103065e+05 1.268002e+05 -2.299512e+05 1.660660e+05 4.966639e+05
3.365971e-02 2.176585e+05 1.399502e+05 -1.744272e+05 2.125976e+05 5.541014e+05
3.383927e-02 2.259872e+05 1.511748e+05 -1.132705e+05 2.556792e+05 6.221124e+05
3.401835e-02 2.349858e+05 1.606283e+05 -4.573025e+04 2.973489e+05 7.003956e+05
3.419757e-02 2.448592e+05 1.679507e+05 2.439318e+04 3.350995e+05 7.883210e+05
3.437723e-02 2.551745e+05 1.740740e+05 9.749250e+04 3.700936e+05 8.822168e+05
3.455683e-02 2.661334e+05 1.775101e+05 1.710804e+05 4.008829e+05 9.842746e+05
3.473619e-02 2.767501e+05 1.793857e+05 2.468363e+05 4.271718e+05 1.088004e+06
3.491584e-02 2.875503e+05 1.793434e+05 3.219623e+05 4.503246e+05 1.195559e+06
3.509556e-02 2.981208e+05 1.773857e+05 3.956593e+05 4.677308e+05 1.304180e+06
3.527533e-02 3.081218e+05 1.741208e+05 4.672841e+05 4.820081e+05 1.410713e+06
3.545456e-02 3.176480e+05 1.684821e+05 5.347794e+05 4.895761e+05 1.516040e+06
3.563370e-02 3.265414e+05 1.620436e+05 6.019238e+05 4.949963e+05 1.618853e+06
3.581332e-02 3.342171e+05 1.533532e+05 6.600649e+05 4.929468e+05 1.713657e+06
3.599287e-02 3.415891e+05 1.445425e+05 7.166735e+05 4.897684e+05 1.806068e+06
3.617240e-02 3.475524e+05 1.336985e+05 7.682746e+05 4.809304e+05 1.890398e+06
3.635196e-02 3.529686e+05 1.222033e+05 8.138894e+05 4.679965e+05 1.968792e+06
3.653161e-02 3.564092e+05 1.103100e+05 8.513409e+05 4.525357e+05 2.033475e+06
3.671117e-02 3.591906e+05 9.731422e+04 8.819606e+05 4.320787e+05 2.091095e+06
3.689084e-02 3.608989e+05 8.459625e+04 9.102562e+05 4.112320e+05 2.141666e+06
3.707056e-02 3.610168e+05 7.101377e+04 9.286376e+05 3.856668e+05 2.178772e+06
3.724984e-02 3.598802e+05 5.777909e+04 9.412671e+05 3.589026e+05 2.205332e+06
3.742914e-02 3.573309e+05 4.441502e+04 9.445813e+05 3.297762e+05 2.218963e+06
3.760871e-02 3.540154e+05 3.110377e+04 9.465130e+05 2.997214e+05 2.226408e+06
3.778826e-02 3.491647e+05 1.886799e+04 9.383857e+05 2.689775e+05 2.219622e+06
3.796764e-02 3.431610e+05 6.275688e+03 9.235218e+05 2.367208e+05 2.201800e+06
3.814709e-02 3.360967e+05 -5.306656e+03 9.032858e+05 2.042951e+05 2.173678e+06
3.832696e-02 3.281306e+05 -1.636596e+04 8.804399e+05 1.723472e+05 2.138852e+06
3.850665e-02 3.190382e+05 -2.679313e+04 8.495334e+05 1.403799e+05 2.091883e+06
3.868582e-02 3.088678e+05 -3.590685e+04 8.141069e+05 1.096160e+05 2.033985e+06
3.886530e-02 2.982058e+05 -4.468881e+04 7.744831e+05 7.903570e+04 1.971451e+06
3.904481e-02 2.869742e+05 -5.228920e+04 7.320098e+05 4.995261e+04 1.900981e+06
3.922441e-02 2.748938e+05 -5.907723e+04 6.860866e+05 2.268136e+04 1.823672e+06
3.940396e-02 2.624502e+05 -6.441886e+04 6.360473e+05 -2.371005e+03 1.739110e+06
3.958316e-02 2.498613e+05 -6.947803e+04 5.863721e+05 -2.689272e+04 1.653596e+06
3.976287e-02 2.368215e+05 -7.304306e+04 5.335060e+05 -4.807068e+04 1.561547e+06
3.994250e-02 2.238732e+05 -7.597348e+04 4.791728e+05 -6.831506e+04 1.466823e+06
4.012200e-02 2.107944e+05 -7.762931e+04 4.259030e+05 -8.477596e+04 1.371362e+06
4.030171e-02 1.979154e+05 -7.867809e+04 3.726958e+05 -9.972220e+04 1.274762e+06
4.048123e-02 1.853047e+05 -7.869885e+04 3.186163e+05 -1.125242e+05 1.177705e+06
4.066058e-02 1.729604e+05 -7.769793e+04 2.667815e+05 -1.217855e+05 1.081576e+06
4.084001e-02 1.612376e+05 -7.630667e+04 2.174621e+05 -1.301815e+05 9.889063e+05
4.101966e-02 1.499158e+05 -7.365212e+04 1.685185e+05 -1.344660e+05 8.964901e+05
4.119937e-02 1.393822e+05 -7.055726e+04 1.234844e+05 -1.372971e+05 8.095421e+05
4.137874e-02 1.294067e+05 -6.644927e+04 8.000757e+04 -1.373579e+05 7.249117e+05
4.155813e-02 1.201474e+05 -6.199412e+04 4.101096e+04 -1.354672e+05 6.458914e+05
4.173777e-02 1.117730e+05 -5.686499e+04 5.190794e+03 -1.315602e+05 5.720987e+05
4.191752e-02 1.042469e+05 -5.100061e+04 -2.803384e+04 -1.250156e+05 5.034554e+05
4.209699e-02 9.757980e+04 -4.473604e+04 -5.631115e+04 -1.168132e+05 4.415952e+05
4.227635e-02 9.162054e+04 -3.814321e+04 -8.133164e+04 -1.074044e+05 3.851603e+05
4.245594e-02 8.658027e+04 -3.108143e+04 -1.016920e+05 -9.597961e+04 3.359407e+05
4.263530e-02 8.263666e+04 -2.393709e+04 -1.190633e+05 -8.346105e+04 2.940716e+05
4.281442e-02 7.919166e+04 -1.655002e+04 -1.317667e+05 -6.980885e+04 2.578767e+05
4.299392e-02 7.654762e+04 -9.143008e+03 -1.403902e+05 -5.537566e+04 2.290099e+05
4.317364e-02 7.484083e+04 -1.727101e+03 -1.456540e+05 -4.025566e+04 2.071553e+05
4.335324e-02 7.387976e+04 5.535323e+03 -1.473057e+05 -2.462100e+04 1.920223e+05
4.353285e-02 7.367779e+04 1.248078e+04 -1.455046e+05 -8.925433e+03 1.837502e+05
4.371256e-02 7.395284e+04 1.922598e+04 -1.398833e+05 6.818663e+03 1.811054e+05
4.389237e-02 7.474724e+04 2.547165e+04 -1.310407e+05 2.232849e+04 1.843544e+05
4.407181e-02 7.635756e+04 3.132579e+04 -1.195929e+05 3.759803e+04 1.939005e+05
4.425100e-02 7.835600e+04 3.657980e+04 -1.056324e+05 5.195822e+04 2.082589e+05
4.443069e-02 8.071405e+04 4.135683e+04 -8.864823e+04 6.608411e+04 2.273788e+05
4.461032e-02 8.349482e+04 4.545975e+04 -6.985920e+04 7.905124e+04 2.505274e+05
4.478953e-02 8.654812e+04 4.897335e+04 -4.906496e+04 9.119321e+04 2.775916e+05
4.496901e-02 9.015413e+04 5.196525e+04 -2.736515e+04 1.025186e+05 3.082069e+05
4.514874e-02 9.351051e+04 5.412097e+04 -3.534918e+03 1.122883e+05 3.405962e+05
4.532821e-02 9.742195e+04 5.576560e+04 2.016144e+04 1.211554e+05 3.760819e+05
4.550745e-02 1.011599e+05 5.679855e+04 4.498199e+04 1.286232e+05 4.123145e+05
4.568707e-02 1.049082e+05 5.720386e+04 6.982813e+04 1.348000e+05 4.494005e+05
4.586694e-02 1.088537e+05 5.697629e+04 9.403937e+04 1.395620e+05 4.875802e+05
4.604629e-02 1.123296e+05 5.627200e+04 1.186609e+05 1.429785e+05 5.248038e+05
4.622568e-02 1.158131e+05 5.481451e+04 1.421413e+05 1.449099e+05 5.615416e+05
4.640539e-02 1.190346e+05 5.319496e+04 1.647536e+05 1.457491e+05 5.971970e+05
4.658483e-02 1.221409e+05 5.076938e+04 1.854849e+05 1.446708e+05 6.314153e+05
4.676428e-02 1.248269e+05 4.806568e+04 2.053231e+05 1.426462e+05 6.636337e+05
4.694377e-02 1.271252e+05 4.486023e+04 2.233825e+05 1.391979e+05 6.929185e+05
4.712315e-02 1.291336e+05 4.137094e+04 2.396752e+05 1.345840e+05 7.201264e+05
4.730271e-02 1.307162e+05 3.758995e+04 2.537716e+05 1.286727e+05 7.439704e+05
4.748233e-02 1.318822e+05 3.350391e+04 2.656512e+05 1.219511e+05 7.643296e+05
4.766205e-02 1.326881e+05 2.923085e+04 2.759817e+05 1.140542e+05 7.822813e+05
4.784146e-02 1.330684e+05 2.477892e+04 2.830357e+05 1.054664e+05 7.954186e+05
4.802067e-02 1.329238e+05 2.029589e+04 2.883590e+05 9.600299e+04 8.054062e+05
4.820042e-02 1.323488e+05 1.574076e+04 2.914416e+05 8.618625e+04 8.110289e+05
4.838029e-02 1.313665e+05 1.116557e+04 2.925495e+05 7.577503e+04 8.136823e+05
4.855956e-02 1.300298e+05 6.686753e+03 2.911590e+05 6.512024e+04 8.121884e+05
4.873901e-02 1.280920e+05 2.315888e+03 2.872139e+05 5.407564e+04 8.058449e+05
4.891873e-02 1.260178e+05 -1.820610e+03 2.812125e+05 4.312758e+04 7.971042e+05
4.909828e-02 1.233858e+05 -5.816410e+03 2.741369e+05 3.245268e+04 7.845259e+05
4.927778e-02 1.204817e+05 -9.531223e+03 2.644088e+05 2.156686e+04 7.682956e+05
4.945710e-02 1.171962e+05 -1.300164e+04 2.531402e+05 1.122761e+04 7.486030e+05
4.963681e-02 1.136789e+05 -1.611643e+04 2.405390e+05 1.231188e+03 7.265361e+05
4.981627e-02 1.099559e+05 -1.883630e+04 2.259385e+05 -8.201930e+03 7.014505e+05
4.999549e-02 1.059042e+05 -2.140926e+04 2.111941e+05 -1.724962e+04 6.741978e+05
5.017513e-02 1.017577e+05 -2.339572e+04 1.945273e+05 -2.547599e+04 6.445896e+05
5.035469e-02 9.735075e+04 -2.509292e+04 1.775069e+05 -3.296155e+04 6.132447e+05
5.053422e-02 9.297810e+04 -2.637184e+04 1.596951e+05 -3.966877e+04 5.806426e+05
5.071373e-02 8.839516e+04 -2.731056e+04 1.415792e+05 -4.558214e+04 5.465542e+05
5.089331e-02 8.396479e+04 -2.786175e+04 1.231299e+05 -5.072158e+04 5.124221e+05
5.107290e-02 7.948629e+04 -2.794891e+04 1.042988e+05 -5.470079e+04 4.774577e+05
5.125246e-02 7.492795e+04 -2.777098e+04 8.630434e+04 -5.791547e+04 4.422433e+05
5.143191e-02 7.061727e+04 -2.719592e+04 6.829148e+04 -6.022703e+04 4.077213e+05
5.161130e-02 6.628515e+04 -2.641847e+04 5.122849e+04 -6.168467e+04 3.736451e+05
5.179073e-02 6.228889e+04 -2.516748e+04 3.420002e+04 -6.207729e+04 3.407154e+05
5.197023e-02 5.842542e+04 -2.373856e+04 1.822419e+04 -6.173836e+04 3.088319e+05
5.214995e-02 5.473990e+04 -2.206101e+04 3.361219e+03 -6.051954e+04 2.784973e+05
5.232948e-02 5.131480e+04 -2.015972e+04 -1.035334e+04 -5.860638e+04 2.498308e+05
5.250892e-02 4.818215e+04 -1.804323e+04 -2.300859e+04 -5.579249e+04 2.232290e+05
5.268863e-02 4.535452e+04 -1.578161e+04 -3.431842e+04 -5.241616e+04 1.987420e+05
5.286820e-02 4.282545e+04 -1.339037e+04 -4.410147e+04 -4.840839e+04 1.766838e+05
5.304764e-02 4.052752e+04 -1.090370e+04 -5.227703e+04 -4.380262e+04 1.567503e+05
5.322715e-02 3.880394e+04 -8.276188e+03 -5.941991e+04 -3.871916e+04 1.401726e+05
5.340663e-02 3.720104e+04 -5.652860e+03 -6.469791e+04 -3.320962e+04 1.255078e+05
5.358625e-02 3.600022e+04 -2.979178e+03 -6.836268e+04 -2.734600e+04 1.137949e+05
5.376579e-02 3.511002e+04 -2.938396e+02 -7.059744e+04 -2.126078e+04 1.046764e+05
5.394514e-02 3.455471e+04 2.358701e+03 -7.133909e+04 -1.493359e+04 9.832273e+04
5.412441e-02 3.442554e+04 4.973308e+03 -7.084362e+04 -8.606060e+03 9.495435e+04
5.430414e-02 3.442412e+04 7.531750e+03 -6.860060e+04 -2.035501e+03 9.355402e+04
5.448388e-02 3.479556e+04 1.000687e+04 -6.525257e+04 4.360942e+03 9.500625e+04
5.466309e-02 3.533776e+04 1.232853e+04 -6.052549e+04 1.067746e+04 9.848104e+04
5.484261e-02 3.624822e+04 1.451763e+04 -5.494807e+04 1.672344e+04 1.045856e+05
5.502222e-02 3.722867e+04 1.655281e+04 -4.801081e+04 2.266921e+04 1.122994e+05
5.520186e-02 3.841296e+04 1.839129e+04 -4.024730e+04 2.820627e+04 1.219516e+05
5.538127e-02 3.984407e+04 2.004654e+04 -3.198514e+04 3.329689e+04 1.335195e+05
5.556057e-02 4.130675e+04 2.142918e+04 -2.274821e+04 3.812104e+04 1.462462e+05
5.574024e-02 4.290102e+04 2.260240e+04 -1.308445e+04 4.226594e+04 1.603003e+05
5.591990e-02 4.452602e+04 2.352558e+04 -2.848603e+03 4.610908e+04 1.752868e+05
5.609947e-02 4.622053e+04 2.417525e+04 7.521877e+03 4.930168e+04 1.910706e+05
5.627892e-02 4.796949e+04 2.456100e+04 1.794492e+04 5.182581e+04 2.074519e+05
5.645856e-02 4.966067e+04 2.467835e+04 2.866616e+04 5.396224e+04 2.241116e+05
5.663826e-02 5.136927e+04 2.455108e+04 3.895562e+04 5.534575e+04 2.408343e+05
5.681769e-02 5.293545e+04 2.417831e+04 4.943042e+04 5.632798e+04 2.572469e+05
5.699710e-02 5.448372e+04 2.351617e+04 5.930414e+04 5.646261e+04 2.733954e+05
5.717663e-02 5.596552e+04 2.271326e+04 6.895494e+04 5.627617e+04 2.891552e+05
5.735605e-02 5.724454e+04 2.160783e+04 7.785776e+04 5.539997e+04 3.036568e+05
5.753539e-02 5.849134e+04 2.038534e+04 8.618140e+04 5.400481e+04 3.177325e+05
5.771483e-02 5.948402e+04 1.898125e+04 9.393425e+04 5.230343e+04 3.302493e+05
5.789466e-02 6.042530e+04 1.738406e+04 1.006608e+05 4.979101e+04 3.418038e+05
5.807436e-02 6.109970e+04 1.573059e+04 1.066472e+05 4.713564e+04 3.516604e+05
5.825359e-02 6.165116e+04 1.390340e+04 1.117487e+05 4.394270e+04 3.603411e+05
5.843303e-02 6.205393e+04 1.205004e+04 1.159442e+05 4.041028e+04 3.676421e+05
5.861274e-02 6.211664e+04 1.012072e+04 1.188967e+05 3.664545e+04 3.723325e+05
5.879233e-02 6.214129e+04 8.143892e+03 1.209124e+05 3.246861e+04 3.762009e+05
5.897187e-02 6.184949e+04 6.130583e+03 1.220194e+05 2.813499e+04 3.778932e+05
5.915148e-02 6.141208e+04 4.205778e+03 1.223430e+05 2.381721e+04 3.781134e+05
5.933120e-02 6.082018e+04 2.204921e+03 1.212568e+05 1.904905e+04 3.765644e+05
5.951050e-02 5.994475e+04 3.304185e+02 1.192798e+05 1.448856e+04 3.728660e+05
5.968960e-02 5.904254e+04 -1.493209e+03 1.165979e+05 9.811507e+03 3.684153e+05
5.986932e-02 5.785044e+04 -3.283624e+03 1.129032e+05 5.171490e+03 3.617284e+05
6.004880e-02 5.659167e+04 -4.881311e+03 1.083492e+05 6.852560e+02 3.538560e+05
6.022820e-02 5.514489e+04 -6.434625e+03 1.030151e+05 -3.766891e+03 3.444003e+05
6.040778e-02 5.356463e+04 -7.828814e+03 9.727938e+04 -7.955446e+03 3.337845e+05
6.058726e-02 5.193851e+04 -9.062329e+03 9.071251e+04 -1.191548e+04 3.221987e+05
6.076685e-02 5.015658e+04 -1.017515e+04 8.369699e+04 -1.560780e+04 3.092712e+05
6.094640e-02 4.836705e+04 -1.107968e+04 7.598900e+04 -1.905276e+04 2.956617e+05
6.112606e-02 4.648348e+04 -1.185786e+04 6.828980e+04 -2.213701e+04 2.813525e+05
6.130567e-02 4.452132e+04 -1.241513e+04 6.027635e+04 -2.476251e+04 2.662424e+05
6.148499e-02 4.259446e+04 -1.277308e+04 5.200730e+04 -2.703951e+04 2.508844e+05
6.166458e-02 4.065975e+04 -1.301576e+04 4.374158e+04 -2.898856e+04 2.353277e+05
6.184419e-02 3.869961e+04 -1.301252e+04 3.542406e+04 -3.044256e+04 2.194426e+05
6.202378e-02 3.681345e+04 -1.287683e+04 2.730649e+04 -3.149991e+04 2.038439e+05
6.220328e-02 3.495670e+04 -1.254041e+04 1.924215e+04 -3.215701e+04 1.882922e+05
6.238252e-02 3.314038e+04 -1.206230e+04 1.168062e+04 -3.235096e+04 1.731450e+05
6.256203e-02 3.140167e+04 -1.138480e+04 4.261257e+03 -3.210883e+04 1.583880e+05
6.274173e-02 2.975330e+04 -1.062720e+04 -2.657389e+03 -3.158351e+04 1.443424e+05
6.292133e-02 2.819507e+04 -9.682541e+03 -9.127553e+03 -3.052416e+04 1.309238e+05
6.310073e-02 2.678946e+04 -8.651355e+03 -1.510064e+04 -2.924961e+04 1.185660e+05
6.328018e-02 2.546209e+04 -7.494217e+03 -2.044122e+04 -2.751355e+04 1.070032e+05
6.345987e-02 2.425809e+04 -6.284577e+03 -2.514380e+04 -2.556946e+04 9.648159e+04
6.363932e-02 2.320901e+04 -5.009960e+03 -2.919207e+04 -2.334659e+04 8.719804e+04
6.381883e-02 2.224718e+04 -3.640136e+03 -3.249807e+04 -2.077585e+04 7.883848e+04
6.399840e-02 2.149498e+04 -2.286327e+03 -3.519146e+04 -1.813235e+04 7.204232e+04
6.417787e-02 2.083945e+04 -8.857838e+02 -3.708420e+04 -1.522762e+04 6.624344e+04
6.435740e-02 2.035310e+04 5.020748e+02 -3.826694e+04 -1.224078e+04 6.186729e+04
6.453672e-02 2.000333e+04 1.868337e+03 -3.872983e+04 -9.154251e+03 5.872904e+04
6.471627e-02 1.977379e+04 3.207718e+03 -3.843710e+04 -5.963412e+03 5.679303e+04
6.489573e-02 1.973905e+04 4.503326e+03 -3.756352e+04 -2.814198e+03 5.630142e+04
6.507532e-02 1.976779e+04 5.733101e+03 -3.585457e+04 3.678226e+02 5.676934e+04
6.525498e-02 1.997115e+04 6.906521e+03 -3.364402e+04 3.478685e+03 5.855954e+04
6.543438e-02 2.030722e+04 7.993706e+03 -3.084797e+04 6.498030e+03 6.150151e+04
6.561406e-02 2.069977e+04 8.986248e+03 -2.740232e+04 9.422428e+03 6.526207e+04
6.579354e-02 2.125101e+04 9.899548e+03 -2.358761e+04 1.221025e+04 7.020281e+04
6.597293e-02 2.182354e+04 1.066944e+04 -1.919944e+04 1.480254e+04 7.570745e+04
6.615268e-02 2.252991e+04 1.137025e+04 -1.452744e+04 1.720180e+04 8.222815e+04
6.633236e-02 2.328419e+04 1.194084e+04 -9.538182e+03 1.940111e+04 8.928681e+04
6.651186e-02 2.408967e+04 1.238990e+04 -4.340127e+03 2.131369e+04 9.689902e+04
6.669114e-02 2.492373e+04 1.272324e+04 1.088399e+03 2.299309e+04 1.049250e+05
6.687057e-02 2.578666e+04 1.293521e+04 6.655461e+03 2.441806e+04 1.132499e+05
6.705025e-02 2.665518e+04 1.300405e+04 1.215008e+04 2.549967e+04 1.217615e+05
6.722990e-02 2.752793e+04 1.298052e+04 1.777252e+04 2.638355e+04 1.303834e+05
6.740941e-02 2.838562e+04 1.280446e+04 2.313399e+04 2.684155e+04 1.389603e+05
6.758867e-02 2.923370e+04 1.252950e+04 2.846675e+04 2.705684e+04 1.475062e+05
6.776822e-02 2.999773e+04 1.213660e+04 3.347486e+04 2.702212e+04 1.555329e+05
6.794788e-02 3.075554e+04 1.163360e+04 3.833390e+04 2.662178e+04 1.634955e+05
6.812729e-02 3.142354e+04 1.103456e+04 4.286539e+04 2.602329e+04 1.707946e+05
6.830688e-02 3.204987e+04 1.032744e+04 4.705320e+04 2.507547e+04 1.777970e+05
6.848624e-02 3.258443e+04 9.571672e+03 5.074276e+04 2.395982e+04 1.839637e+05
6.866563e-02 3.303512e+04 8.697036e+03 5.401564e+04 2.249274e+04 1.895206e+05
6.884532e-02 3.340178e+04 7.780892e+03 5.689295e+04 2.088107e+04 1.943711e+05
6.902501e-02 3.366575e+04 6.827373e+03 5.931655e+04 1.913910e+04 1.983752e+05
6.920471e-02 3.384691e+04 5.822183e+03 6.116292e+04 1.716872e+04 2.016042e+05
6.938409e-02 3.389467e+04 4.793197e+03 6.233342e+04 1.504910e+04 2.036532e+05
6.956343e-02 3.389591e+04 3.751753e+03 6.337014e+04 1.288879e+04 2.053490e+05
6.974295e-02 3.374484e+04 2.703083e+03 6.347714e+04 1.055647e+04 2.056148e+05
6.992262e-02 3.349208e+04 1.664919e+03 6.325180e+04 8.225850e+03 2.051094e+05
7.010211e-02 3.318829e+04 6.583557e+02 6.242083e+04 5.823530e+03 2.038731e+05
7.028154e-02 3.272686e+04 -3.303094e+02 6.120311e+04 3.487932e+03 2.014851e+05
7.046115e-02 3.221365e+04 -1.266045e+03 5.945663e+04 1.128461e+03 1.984591e+05
7.064068e-02 3.161106e+04 -2.172682e+03 5.718133e+04 -1.220892e+03 1.945278e+05
7.081999e-02 3.089519e+04 -3.008966e+03 5.453042e+04 -3.448709e+03 1.896908e+05
7.099948e-02 3.014887e+04 -3.767531e+03 5.149697e+04 -5.590893e+03 1.843506e+05
7.117917e-02 2.928197e+04 -4.493181e+03 4.814129e+04 -7.644886e+03 1.781175e+05
7.135856e-02 2.842165e+04 -5.091350e+03 4.441666e+04 -9.524984e+03 1.715804e+05
7.153818e-02 2.745255e+04 -5.643429e+03 4.043933e+04 -1.126485e+04 1.641997e+05
7.171778e-02 2.647431e+04 -6.088967e+03 3.624728e+04 -1.286000e+04 1.565833e+05
7.189719e-02 2.548084e+04 -6.440755e+03 3.192071e+04 -1.422141e+04 1.486632e+05
7.207684e-02 2.442984e+04 -6.727166e+03 2.743246e+04 -1.545322e+04 1.402866e+05
7.225635e-02 2.339674e+04 -6.888847e+03 2.285542e+04 -1.642977e+04 1.318314e+05
7.243580e-02 2.234327e+04 -6.979765e+03 1.834313e+04 -1.722676e+04 1.232607e+05
7.261540e-02 2.130632e+04 -6.962911e+03 1.378414e+04 -1.778344e+04 1.146510e+05
7.279498e-02 2.029132e+04 -6.855834e+03 9.361082e+03 -1.811134e+04 1.061641e+05
7.297435e-02 1.931279e+04 -6.657940e+03 4.935385e+03 -1.824556e+04 9.778685e+04
7.315367e-02 1.836025e+04 -6.384293e+03 8.291733e+02 -1.815699e+04 8.971804e+04
7.333339e-02 1.744319e+04 -6.013872e+03 -3.179448e+03 -1.784417e+04 8.181795e+04
7.351304e-02 1.659198e+04 -5.592364e+03 -6.903222e+03 -1.735508e+04 7.440762e+04
7.369245e-02 1.580343e+04 -5.083217e+03 -1.037930e+04 -1.665975e+04 6.743730e+04
7.387205e-02 1.505718e+04 -4.509228e+03 -1.350445e+04 -1.575013e+04 6.089569e+04
7.405161e-02 1.440322e+04 -3.891764e+03 -1.633283e+04 -1.471745e+04 5.500021e+04
7.423102e-02 1.381689e+04 -3.215582e+03 -1.879361e+04 -1.350506e+04 4.965870e+04
7.441034e-02 1.330825e+04 -2.519362e+03 -2.083992e+04 -1.219727e+04 4.501216e+04
7.458994e-02 1.287459e+04 -1.767006e+03 -2.253577e+04 -1.071211e+04 4.096768e+04
7.476952e-02 1.252809e+04 -1.011890e+03 -2.381728e+04 -9.159555e+03 3.767939e+04
7.494880e-02 1.227357e+04 -2.322933e+02 -2.470112e+04 -7.531707e+03 3.511609e+04
7.512837e-02 1.208010e+04 5.429635e+02 -2.513746e+04 -5.827068e+03 3.320459e+04
7.530798e-02 1.198368e+04 1.325263e+03 -2.520849e+04 -4.095415e+03 3.208807e+04
7.548748e-02 1.196260e+04 2.092808e+03 -2.486906e+04 -2.318744e+03 3.164331e+04
7.566700e-02 1.202666e+04 2.831490e+03 -2.416354e+04 -5.817009e+02 3.194610e+04
7.584667e-02 1.214504e+04 3.554072e+03 -2.305556e+04 1.165283e+03 3.286004e+04
7.602629e-02 1.234867e+04 4.230097e+03 -2.162045e+04 2.867632e+03 3.447520e+04
7.620569e-02 1.261538e+04 4.862338e+03 -1.988640e+04 4.487967e+03 3.669260e+04
7.638530e-02 1.292460e+04 5.448888e+03 -1.778242e+04 6.071029e+03 3.943038e+04
7.656501e-02 1.329913e+04 5.972226e+03 -1.546977e+04 7.524143e+03 4.272026e+04
7.674455e-02 1.370820e+04 6.443074e+03 -1.286112e+04 8.913450e+03 4.645806e+04
7.692398e-02 1.418143e+04 6.832917e+03 -1.013042e+04 1.013006e+04 5.065743e+04
7.710340e-02 1.464772e+04 7.167163e+03 -7.139296e+03 1.125882e+04 5.508455e+04
7.728275e-02 1.517116e+04 7.420995e+03 -4.066263e+03 1.221890e+04 5.990481e+04
7.746218e-02 1.570133e+04 7.600218e+03 -9.040177e+02 1.302792e+04 6.488682e+04
7.764173e-02 1.624336e+04 7.701623e+03 2.340221e+03 1.368631e+04 7.004709e+04
7.782134e-02 1.678659e+04 7.741181e+03 5.603069e+03 1.417668e+04 7.526477e+04
7.800113e-02 1.731972e+04 7.696436e+03 8.854331e+03 1.452166e+04 8.049149e+04
7.818053e-02 1.786162e+04 7.581878e+03 1.204011e+04 1.466695e+04 8.573703e+04
7.835977e-02 1.836533e+04 7.400642e+03 1.514139e+04 1.465954e+04 9.077784e+04
7.853945e-02 1.883825e+04 7.157857e+03 1.812082e+04 1.451122e+04 9.562399e+04
7.871901e-02 1.930382e+04 6.845239e+03 2.095072e+04 1.416263e+04 1.003495e+05
7.889852e-02 1.971690e+04 6.481664e+03 2.359660e+04 1.368562e+04 1.047264e+05
7.907812e-02 2.008894e+04 6.068017e+03 2.602508e+04 1.305231e+04 1.087482e+05
7.925765e-02 2.041101e+04 5.601870e+03 2.819964e+04 1.227708e+04 1.123739e+05
7.943713e-02 2.068213e+04 5.104116e+03 3.014779e+04 1.137971e+04 1.156119e+05
7.961653e-02 2.091711e+04 4.575237e+03 3.182124e+04 1.038978e+04 1.184551e+05
7.979598e-02 2.104940e+04 4.003448e+03 3.313823e+04 9.258871e+03 1.205961e+05
7.997559e-02 2.115910e+04 3.423492e+03 3.422977e+04 8.048002e+03 1.224167e+05
8.015521e-02 2.119023e+04 2.822946e+03 3.497798e+04 6.772752e+03 1.236292e+05
8.033477e-02 2.117135e+04 2.216201e+03 3.544239e+04 5.424804e+03 1.243787e+05
8.051401e-02 2.108556e+04 1.607016e+03 3.554705e+04 4.036097e+03 1.245318e+05
8.069347e-02 2.092149e+04 9.946892e+02 3.539323e+04 2.620769e+03 1.241111e+05
8.087332e-02 2.071466e+04 4.193158e+02 3.486621e+04 1.213328e+03 1.231543e+05
8.105287e-02 2.044445e+04 -1.641216e+02 3.408184e+04 -2.176447e+02 1.217038e+05
8.123233e-02 2.012060e+04 -7.118638e+02 3.304026e+04 -1.601790e+03 1.197704e+05
8.141188e-02 1.974459e+04 -1.230091e+03 3.168288e+04 -2.975525e+03 1.173062e+05
8.159141e-02 1.930884e+04 -1.721593e+03 3.014585e+04 -4.287030e+03 1.143923e+05
8.177087e-02 1.884130e+04 -2.155867e+03 2.831780e+04 -5.509767e+03 1.110583e+05
8.195037e-02 1.833370e+04 -2.571014e+03 2.633484e+04 -6.704666e+03 1.073761e+05
8.212994e-02 1.777410e+04 -2.911579e+03 2.411441e+04 -7.753382e+03 1.032340e+05
8.230951e-02 1.721208e+04 -3.221173e+03 2.178099e+04 -8.747604e+03 9.892649e+04
8.248900e-02 1.660526e+04 -3.477292e+03 1.930378e+04 -9.610870e+03 9.427303e+04
8.266844e-02 1.599323e+04 -3.665122e+03 1.675022e+04 -1.035091e+04 8.947559e+04
8.284785e-02 1.535491e+04 -3.812045e+03 1.412498e+04 -1.099129e+04 8.443473e+04
8.302730e-02 1.472210e+04 -3.901029e+03 1.142325e+04 -1.149567e+04 7.936254e+04
8.320692e-02 1.408807e+04 -3.921101e+03 8.742552e+03 -1.186833e+04 7.421417e+04
8.338648e-02 1.345749e+04 -3.901353e+03 6.062502e+03 -1.210067e+04 6.904831e+04
8.356601e-02 1.284388e+04 -3.824196e+03 3.466363e+03 -1.220359e+04 6.399117e+04
8.374563e-02 1.223145e+04 -3.694641e+03 9.228214e+02 -1.219634e+04 5.893795e+04
8.392511e-02 1.166925e+04 -3.511765e+03 -1.546790e+03 -1.202196e+04 5.414504e+04
8.410459e-02 1.110533e+04 -3.286167e+03 -3.837240e+03 -1.175347e+04 4.943874e+04
8.428421e-02 1.060237e+04 -3.019615e+03 -6.027694e+03 -1.135682e+04 4.507308e+04
8.446368e-02 1.011212e+04 -2.708470e+03 -8.007593e+03 -1.083718e+04 4.091139e+04
8.464319e-02 9.676616e+03 -2.357850e+03 -9.828481e+03 -1.020863e+04 3.708273e+04
8.482280e-02 9.286701e+03 -1.983160e+03 -1.142698e+04 -9.491150e+03 3.365419e+04
8.500226e-02 8.940127e+03 -1.576344e+03 -1.281116e+04 -8.688624e+03 3.054198e+04
8.518174e-02 8.632719e+03 -1.146610e+03 -1.393137e+04 -7.785337e+03 2.782771e+04
8.536136e-02 8.395574e+03 -6.985935e+02 -1.486960e+04 -6.832825e+03 2.557937e+04
8.554093e-02 8.199283e+03 -2.370479e+02 -1.551179e+04 -5.815083e+03 2.373665e+04
8.572028e-02 8.057617e+03 2.328645e+02 -1.592979e+04 -4.757141e+03 2.234864e+04
8.589963e-02 7.964949e+03 7.055199e+02 -1.606988e+04 -3.663356e+03 2.137631e+04
8.607915e-02 7.931212e+03 1.174960e+03 -1.599438e+04 -2.551071e+03 2.090150e+04
8.625868e-02 7.948732e+03 1.642151e+03 -1.566046e+04 -1.433904e+03 2.084528e+04
8.643824e-02 8.004665e+03 2.095659e+03 -1.507227e+04 -3.203902e+02 2.119853e+04
8.661787e-02 8.120536e+03 2.534786e+03 -1.429012e+04 7.679458e+02 2.201148e+04
8.679744e-02 8.272212e+03 2.948577e+03 -1.325566e+04 1.844341e+03 2.319322e+04
8.697703e-02 8.468997e+03 3.339130e+03 -1.204892e+04 2.850742e+03 2.476383e+04
8.715648e-02 8.699006e+03 3.705212e+03 -1.063172e+04 3.830012e+03 2.667084e+04
8.733588e-02 8.962525e+03 4.033689e+03 -9.059506e+03 4.726206e+03 2.888700e+04
8.751546e-02 9.256827e+03 4.325714e+03 -7.338556e+03 5.559114e+03 3.139747e+04
8.769504e-02 9.585063e+03 4.581209e+03 -5.500277e+03 6.300625e+03 3.418377e+04
8.787468e-02 9.917666e+03 4.794912e+03 -3.530053e+03 6.952418e+03 3.713252e+04
8.805415e-02 1.026868e+04 4.961877e+03 -1.482554e+03 7.509628e+03 4.024039e+04
8.823359e-02 1.064639e+04 5.088219e+03 6.010800e+02 7.961779e+03 4.354739e+04
8.841311e-02 1.101710e+04 5.166285e+03 2.739140e+03 8.298456e+03 4.687842e+04
8.859270e-02 1.138075e+04 5.194836e+03 4.914059e+03 8.526405e+03 5.023289e+04
8.877226e-02 1.175470e+04 5.177973e+03 7.057542e+03 8.631003e+03 5.364996e+04
8.895172e-02 1.211492e+04 5.119412e+03 9.162391e+03 8.636443e+03 5.696144e+04
8.913118e-02 1.245898e+04 5.008770e+03 1.122086e+04 8.492092e+03 6.021134e+04
8.931072e-02 1.279189e+04 4.858463e+03 1.321855e+04 8.256218e+03 6.335232e+04
8.949031e-02 1.310791e+04 4.672497e+03 1.509965e+04 7.896454e+03 6.634616e+04
8.966973e-02 1.338809e+04 4.445179e+03 1.690154e+04 7.427890e+03 6.910963e+04
8.984928e-02 1.363813e+04 4.183208e+03 1.854328e+04 6.854700e+03 7.163420e+04
9.002870e-02 1.387168e+04 3.895785e+03 2.006460e+04 6.174186e+03 7.398513e+04
9.020814e-02 1.405456e+04 3.575052e+03 2.142868e+04 5.403878e+03 7.598708e+04
9.038774e-02 1.421396e+04 3.249639e+03 2.263076e+04 4.559452e+03 7.775941e+04
9.056723e-02 1.433686e+04 2.896653e+03 2.365375e+04 3.616900e+03 7.923049e+04
9.074682e-02 1.440306e+04 2.548612e+03 2.450218e+04 2.644635e+03 8.033395e+04
9.092635e-02 1.445341e+04 2.197439e+03 2.516687e+04 1.597339e+03 8.122161e+04
9.110583e-02 1.443693e+04 1.862796e+03 2.568694e+04 5.667756e+02 8.176131e+04
9.128546e-02 1.440718e+04 1.546864e+03 2.597627e+04 -4.923416e+02 8.207810e+04
9.146502e-02 1.430758e+04 1.285499e+03 2.615366e+04 -1.460051e+03 8.209109e+04
9.164437e-02 1.418925e+04 1.071329e+03 2.613406e+04 -2.358178e+03 8.195983e+04
9.182391e-02 1.402887e+04 1.112906e+03 2.600800e+04 -2.659533e+03 8.170798e+04
