# k, q0, q1/i, q2, q3/i, q4, norm, alpha = 0.0002880149094117968, 0.019180352441928786
0.000000e+00 3.372399e+07 0.000000e+00 0.000000e+00 0.000000e+00 -7.653466e+06
2.542755e-04 3.312987e+07 4.283682e+06 5.716331e+04 -5.835302e+04 1.992674e+06
4.308321e-04 3.208759e+07 7.007662e+06 7.617580e+04 9.709927e+04 -7.737674e+05
6.127972e-04 3.050807e+07 9.444909e+06 1.978435e+05 2.450445e+05 6.978831e+05
7.953316e-04 2.850982e+07 1.138979e+07 3.486898e+05 6.199456e+05 8.397373e+04
9.814571e-04 2.613240e+07 1.276576e+07 6.137441e+05 1.072048e+06 -2.676865e+05
1.156539e-03 2.370831e+07 1.347712e+07 9.221606e+05 1.794234e+06 -7.620548e+05
1.336205e-03 2.110199e+07 1.367230e+07 1.447840e+06 2.488432e+06 -7.359895e+05
1.522449e-03 1.843805e+07 1.325176e+07 2.006594e+06 3.540914e+06 -1.634693e+06
1.702691e-03 1.590236e+07 1.249734e+07 2.778995e+06 4.478184e+06 -1.644564e+06
1.882192e-03 1.361501e+07 1.128616e+07 3.506542e+06 5.544240e+06 -2.826901e+06
2.058659e-03 1.149766e+07 1.000515e+07 4.354078e+06 6.618205e+06 -2.977381e+06
2.236532e-03 9.635192e+06 8.528657e+06 5.199520e+06 7.430201e+06 -3.710080e+06
2.420114e-03 8.060073e+06 6.983216e+06 5.920520e+06 8.547016e+06 -4.655936e+06
2.599101e-03 6.706550e+06 5.593954e+06 6.624898e+06 9.210159e+06 -5.106950e+06
2.777369e-03 5.588687e+06 4.336592e+06 7.203712e+06 9.672430e+06 -5.399772e+06
2.956466e-03 4.688070e+06 3.275431e+06 7.571964e+06 1.006082e+07 -5.679506e+06
3.137227e-03 4.000847e+06 2.363870e+06 7.811966e+06 1.015578e+07 -5.797886e+06
3.318471e-03 3.402868e+06 1.685326e+06 7.840958e+06 1.005008e+07 -5.650203e+06
3.497455e-03 2.937032e+06 1.149664e+06 7.739567e+06 9.708889e+06 -5.265122e+06
3.677740e-03 2.565021e+06 7.888603e+05 7.456470e+06 9.229159e+06 -4.811598e+06
3.857458e-03 2.275136e+06 5.609976e+05 7.049868e+06 8.669635e+06 -4.306367e+06
4.036058e-03 2.003725e+06 3.721736e+05 6.607904e+06 7.928214e+06 -3.527047e+06
4.215732e-03 1.763265e+06 2.691677e+05 6.050994e+06 7.127370e+06 -2.805823e+06
4.393900e-03 1.574721e+06 1.885448e+05 5.535916e+06 6.381248e+06 -2.051655e+06
4.573307e-03 1.384572e+06 1.365492e+05 4.966196e+06 5.591288e+06 -1.365695e+06
4.754683e-03 1.218278e+06 7.426019e+04 4.441903e+06 4.821417e+06 -6.766681e+05
4.935208e-03 1.082020e+06 1.609012e+04 3.998004e+06 4.134945e+06 -5.402127e+04
5.114267e-03 9.494094e+05 -3.101803e+04 3.549739e+06 3.518576e+06 3.964782e+05
5.292984e-03 8.490421e+05 -7.722416e+04 3.192774e+06 2.997197e+06 7.859758e+05
5.471846e-03 7.515126e+05 -1.167576e+05 2.842872e+06 2.521042e+06 1.066283e+06
5.651916e-03 6.781075e+05 -1.451988e+05 2.574598e+06 2.133892e+06 1.272147e+06
5.831477e-03 6.038038e+05 -1.655790e+05 2.298448e+06 1.791277e+06 1.373925e+06
6.011451e-03 5.459764e+05 -1.738199e+05 2.070654e+06 1.504661e+06 1.438608e+06
6.191171e-03 4.932544e+05 -1.667565e+05 1.857554e+06 1.277943e+06 1.428953e+06
6.370885e-03 4.445674e+05 -1.600390e+05 1.665029e+06 1.069939e+06 1.405897e+06
6.550978e-03 3.988414e+05 -1.455589e+05 1.480736e+06 8.985226e+05 1.345144e+06
6.729662e-03 3.563682e+05 -1.291034e+05 1.311435e+06 7.440252e+05 1.280286e+06
6.908722e-03 3.165500e+05 -1.131602e+05 1.156214e+06 6.189061e+05 1.200885e+06
7.088232e-03 2.782666e+05 -1.008294e+05 1.012190e+06 5.050275e+05 1.120003e+06
7.267194e-03 2.447350e+05 -9.110789e+04 8.847739e+05 4.054900e+05 1.050150e+06
7.447006e-03 2.106865e+05 -8.421932e+04 7.644964e+05 3.213320e+05 9.641214e+05
7.626893e-03 1.840774e+05 -8.224133e+04 6.690781e+05 2.526271e+05 8.951138e+05
7.807282e-03 1.569960e+05 -7.837825e+04 5.696625e+05 1.919390e+05 8.111267e+05
7.987750e-03 1.355669e+05 -7.829176e+04 4.944988e+05 1.477044e+05 7.374971e+05
8.167388e-03 1.180408e+05 -7.877765e+04 4.311269e+05 1.111698e+05 6.664084e+05
8.345882e-03 1.008757e+05 -7.598309e+04 3.659794e+05 8.184849e+04 5.898408e+05
8.524356e-03 8.865952e+04 -7.400097e+04 3.181270e+05 6.245720e+04 5.201528e+05
8.703951e-03 7.696452e+04 -7.020952e+04 2.704615e+05 4.463537e+04 4.530543e+05
8.883655e-03 6.819054e+04 -6.559879e+04 2.328346e+05 3.308069e+04 3.916787e+05
9.063959e-03 5.966900e+04 -5.945717e+04 1.940783e+05 2.267579e+04 3.325123e+05
9.243959e-03 5.227566e+04 -5.311932e+04 1.604805e+05 1.397420e+04 2.791290e+05
9.423354e-03 4.642143e+04 -4.682992e+04 1.332686e+05 7.286810e+03 2.358375e+05
9.603476e-03 4.051744e+04 -4.062004e+04 1.068885e+05 9.413853e+02 1.946248e+05
9.782217e-03 3.547430e+04 -3.441971e+04 8.451725e+04 -3.323781e+03 1.602091e+05
9.961474e-03 3.104091e+04 -2.904455e+04 6.481410e+04 -7.788778e+03 1.314218e+05
1.014145e-02 2.702770e+04 -2.426602e+04 4.877084e+04 -1.090702e+04 1.072778e+05
1.032017e-02 2.342545e+04 -1.979953e+04 3.498206e+04 -1.246481e+04 8.690127e+04
1.049983e-02 2.025270e+04 -1.630829e+04 2.409120e+04 -1.377200e+04 6.960709e+04
1.067933e-02 1.762039e+04 -1.291063e+04 1.520804e+04 -1.332917e+04 5.549120e+04
1.085922e-02 1.532995e+04 -1.021356e+04 8.678112e+03 -1.255858e+04 4.413453e+04
1.103911e-02 1.338435e+04 -7.641333e+03 3.190088e+03 -1.076783e+04 3.401991e+04
1.121859e-02 1.169737e+04 -5.563970e+03 -3.443336e+02 -8.362118e+03 2.592414e+04
1.139867e-02 1.043306e+04 -3.763797e+03 -2.895594e+03 -5.892405e+03 1.968715e+04
1.157742e-02 9.412419e+03 -2.216326e+03 -4.396655e+03 -3.111610e+03 1.491646e+04
1.175702e-02 8.592599e+03 -9.255782e+02 -5.054834e+03 -3.413273e+02 1.127060e+04
1.193688e-02 7.970441e+03 2.042342e+02 -5.230318e+03 2.483375e+03 8.438062e+03
1.211563e-02 7.507669e+03 1.116406e+03 -4.739596e+03 5.081375e+03 6.802810e+03
1.229554e-02 7.306384e+03 1.860533e+03 -3.837377e+03 7.317882e+03 6.535336e+03
1.247535e-02 7.104582e+03 2.502552e+03 -2.636645e+03 9.474478e+03 6.366824e+03
1.265439e-02 7.079104e+03 2.983920e+03 -1.133889e+03 1.130073e+04 7.190916e+03
1.283343e-02 7.046964e+03 3.424645e+03 5.423886e+02 1.287358e+04 8.286209e+03
1.301293e-02 7.169498e+03 3.747962e+03 2.262455e+03 1.406128e+04 1.015316e+04
1.319355e-02 7.249767e+03 4.011122e+03 4.117812e+03 1.507185e+04 1.209513e+04
1.337382e-02 7.344282e+03 4.190493e+03 5.941403e+03 1.572773e+04 1.435182e+04
1.355335e-02 7.483090e+03 4.297638e+03 7.772728e+03 1.621358e+04 1.689194e+04
1.373274e-02 7.554595e+03 4.369866e+03 9.424374e+03 1.646914e+04 1.923056e+04
1.391170e-02 7.649279e+03 4.346569e+03 1.108866e+04 1.648634e+04 2.178721e+04
1.409058e-02 7.682288e+03 4.262328e+03 1.268928e+04 1.641765e+04 2.427415e+04
1.427002e-02 7.696620e+03 4.092967e+03 1.403578e+04 1.606887e+04 2.662933e+04
1.444910e-02 7.710210e+03 3.894710e+03 1.526769e+04 1.570666e+04 2.883378e+04
1.462844e-02 7.647063e+03 3.603971e+03 1.631306e+04 1.508264e+04 3.076756e+04
1.480897e-02 7.631256e+03 3.299737e+03 1.740352e+04 1.456219e+04 3.273491e+04
1.498891e-02 7.546145e+03 2.935346e+03 1.817479e+04 1.381387e+04 3.428162e+04
1.516797e-02 7.466774e+03 2.574500e+03 1.888544e+04 1.316252e+04 3.559659e+04
1.534742e-02 7.332605e+03 2.187298e+03 1.933387e+04 1.233248e+04 3.650586e+04
1.552755e-02 7.228810e+03 1.844838e+03 1.969446e+04 1.159568e+04 3.729730e+04
1.570712e-02 7.089156e+03 1.468049e+03 1.990768e+04 1.076475e+04 3.773067e+04
1.588558e-02 6.926668e+03 1.132185e+03 1.987364e+04 9.887829e+03 3.787256e+04
1.606539e-02 6.753597e+03 8.158828e+02 1.982217e+04 9.110397e+03 3.786333e+04
1.624590e-02 6.569392e+03 5.362422e+02 1.958769e+04 8.250344e+03 3.758388e+04
1.642530e-02 6.346920e+03 2.587206e+02 1.912546e+04 7.377468e+03 3.700325e+04
1.660477e-02 6.115222e+03 2.537889e+01 1.853850e+04 6.513562e+03 3.624863e+04
1.678430e-02 5.882342e+03 -2.189038e+02 1.800680e+04 5.685475e+03 3.548929e+04
1.696359e-02 5.613910e+03 -4.318219e+02 1.725884e+04 4.874621e+03 3.440588e+04
1.714294e-02 5.353665e+03 -6.277209e+02 1.645128e+04 4.069488e+03 3.326521e+04
1.732202e-02 5.075769e+03 -8.173912e+02 1.561261e+04 3.327142e+03 3.198536e+04
1.750141e-02 4.811813e+03 -9.966912e+02 1.476423e+04 2.629763e+03 3.067285e+04
1.768181e-02 4.537906e+03 -1.150705e+03 1.384006e+04 1.966500e+03 2.922471e+04
1.786131e-02 4.260312e+03 -1.272226e+03 1.286705e+04 1.392023e+03 2.762109e+04
1.804025e-02 4.009784e+03 -1.389728e+03 1.198890e+04 8.825953e+02 2.612455e+04
1.822032e-02 3.746551e+03 -1.467149e+03 1.106897e+04 4.358063e+02 2.449080e+04
1.839987e-02 3.498986e+03 -1.519439e+03 1.011585e+04 4.673248e+01 2.282333e+04
1.857923e-02 3.262382e+03 -1.549684e+03 9.202424e+03 -2.828377e+02 2.118742e+04
1.875889e-02 3.024764e+03 -1.547953e+03 8.307086e+03 -5.482418e+02 1.951374e+04
1.893827e-02 2.807918e+03 -1.526350e+03 7.414396e+03 -7.647009e+02 1.792006e+04
1.911768e-02 2.588751e+03 -1.490663e+03 6.546351e+03 -9.557151e+02 1.630032e+04
1.929737e-02 2.383538e+03 -1.440490e+03 5.715894e+03 -1.097368e+03 1.477654e+04
1.947670e-02 2.193592e+03 -1.372171e+03 4.929761e+03 -1.192724e+03 1.333601e+04
1.965601e-02 2.006873e+03 -1.307082e+03 4.197397e+03 -1.288208e+03 1.196472e+04
1.983541e-02 1.835849e+03 -1.221701e+03 3.486478e+03 -1.313526e+03 1.066410e+04
2.001489e-02 1.678697e+03 -1.142221e+03 2.845844e+03 -1.348740e+03 9.456985e+03
2.019468e-02 1.531950e+03 -1.048555e+03 2.274665e+03 -1.307096e+03 8.361708e+03
2.037444e-02 1.402132e+03 -9.588315e+02 1.753044e+03 -1.269578e+03 7.362005e+03
2.055417e-02 1.281635e+03 -8.638525e+02 1.293726e+03 -1.199036e+03 6.444216e+03
2.073390e-02 1.175396e+03 -7.589434e+02 8.812961e+02 -1.082149e+03 5.619705e+03
2.091338e-02 1.079375e+03 -6.655861e+02 5.461894e+02 -9.722402e+02 4.890796e+03
2.109302e-02 9.975594e+02 -5.641683e+02 2.456830e+02 -8.276310e+02 4.246997e+03
2.127237e-02 9.229389e+02 -4.643846e+02 1.080370e+01 -6.721142e+02 3.687435e+03
2.145116e-02 8.644059e+02 -3.689464e+02 -1.876110e+02 -5.043525e+02 3.218859e+03
2.163077e-02 8.127202e+02 -2.784589e+02 -3.258068e+02 -3.366501e+02 2.834068e+03
2.181049e-02 7.717593e+02 -1.911759e+02 -4.305425e+02 -1.626279e+02 2.515672e+03
2.198999e-02 7.405801e+02 -1.077046e+02 -5.002246e+02 9.726583e+00 2.277777e+03
2.216980e-02 7.175395e+02 -3.607813e+01 -5.174831e+02 1.703200e+02 2.114645e+03
2.234970e-02 7.026171e+02 3.770374e+01 -5.129918e+02 3.401341e+02 2.004827e+03
2.252980e-02 6.931027e+02 9.970721e+01 -4.698118e+02 4.900860e+02 1.959086e+03
2.270853e-02 6.943648e+02 1.552792e+02 -4.023877e+02 6.289911e+02 1.981077e+03
2.288717e-02 6.942866e+02 2.084041e+02 -3.100021e+02 7.630318e+02 2.028153e+03
2.306686e-02 7.049821e+02 2.515058e+02 -1.980569e+02 8.801472e+02 2.137078e+03
2.324649e-02 7.153363e+02 2.904828e+02 -7.316815e+01 9.842927e+02 2.270406e+03
2.342617e-02 7.328546e+02 3.209032e+02 6.731592e+01 1.072495e+03 2.449792e+03
2.360560e-02 7.479022e+02 3.478459e+02 2.218650e+02 1.152007e+03 2.639831e+03
2.378549e-02 7.667263e+02 3.662917e+02 3.720739e+02 1.210098e+03 2.852936e+03
2.396571e-02 7.861911e+02 3.792933e+02 5.392120e+02 1.257773e+03 3.085122e+03
2.414482e-02 8.058576e+02 3.857618e+02 6.964980e+02 1.287932e+03 3.322472e+03
2.432376e-02 8.233738e+02 3.887696e+02 8.648900e+02 1.310683e+03 3.556772e+03
2.450343e-02 8.403522e+02 3.822341e+02 1.016724e+03 1.310208e+03 3.792860e+03
2.468304e-02 8.578346e+02 3.743716e+02 1.168125e+03 1.307726e+03 4.023787e+03
2.486245e-02 8.718846e+02 3.607245e+02 1.313402e+03 1.290483e+03 4.243344e+03
2.504187e-02 8.851403e+02 3.441591e+02 1.446469e+03 1.262956e+03 4.454006e+03
2.522156e-02 8.931111e+02 3.225504e+02 1.570571e+03 1.227241e+03 4.632723e+03
2.540110e-02 9.023942e+02 2.980032e+02 1.671995e+03 1.176815e+03 4.807146e+03
2.558029e-02 9.066557e+02 2.720578e+02 1.771144e+03 1.130207e+03 4.951468e+03
2.575992e-02 9.076664e+02 2.417666e+02 1.853077e+03 1.068431e+03 5.073291e+03
2.593954e-02 9.073878e+02 2.093460e+02 1.910185e+03 9.944327e+02 5.173589e+03
2.611933e-02 9.034866e+02 1.771167e+02 1.962027e+03 9.299741e+02 5.243765e+03
2.629913e-02 8.975231e+02 1.428632e+02 1.995151e+03 8.515084e+02 5.293593e+03
2.647853e-02 8.882217e+02 1.078554e+02 2.011467e+03 7.719135e+02 5.313235e+03
2.665812e-02 8.760287e+02 7.295358e+01 2.011988e+03 6.907864e+02 5.303666e+03
2.683805e-02 8.633713e+02 3.908177e+01 2.001945e+03 6.093943e+02 5.279493e+03
2.701719e-02 8.463389e+02 4.515294e+00 1.973067e+03 5.236735e+02 5.219279e+03
2.719620e-02 8.295907e+02 -2.553419e+01 1.939212e+03 4.426835e+02 5.148918e+03
2.737553e-02 8.088879e+02 -5.689724e+01 1.885112e+03 3.616889e+02 5.044885e+03
2.755538e-02 7.870244e+02 -8.330259e+01 1.823275e+03 2.832229e+02 4.922505e+03
2.773538e-02 7.636927e+02 -1.082599e+02 1.749708e+03 2.087109e+02 4.784070e+03
2.791455e-02 7.393899e+02 -1.299915e+02 1.667795e+03 1.383345e+02 4.629319e+03
2.809381e-02 7.133000e+02 -1.490720e+02 1.580932e+03 7.104120e+01 4.462016e+03
2.827308e-02 6.861747e+02 -1.639827e+02 1.475699e+03 1.143934e+01 4.272668e+03
2.845277e-02 6.567213e+02 -1.783425e+02 1.377083e+03 -4.746064e+01 4.076880e+03
2.863250e-02 6.281041e+02 -1.890817e+02 1.269969e+03 -9.759527e+01 3.876651e+03
2.881166e-02 5.980392e+02 -1.974654e+02 1.157756e+03 -1.440147e+02 3.664240e+03
2.899137e-02 5.685689e+02 -2.037976e+02 1.042466e+03 -1.843070e+02 3.450144e+03
2.917126e-02 5.388776e+02 -2.073003e+02 9.298655e+02 -2.174728e+02 3.234976e+03
2.935071e-02 5.100354e+02 -2.092582e+02 8.171581e+02 -2.465208e+02 3.020917e+03
2.953030e-02 4.810668e+02 -2.092261e+02 7.091176e+02 -2.679177e+02 2.807320e+03
2.970997e-02 4.534585e+02 -2.063647e+02 6.014658e+02 -2.838556e+02 2.597089e+03
2.988940e-02 4.267014e+02 -2.015699e+02 4.973540e+02 -2.932638e+02 2.391528e+03
3.006874e-02 4.008963e+02 -1.942767e+02 4.001573e+02 -2.965393e+02 2.192796e+03
3.024815e-02 3.770704e+02 -1.856710e+02 3.106316e+02 -2.941731e+02 2.006483e+03
3.042767e-02 3.540088e+02 -1.753579e+02 2.216974e+02 -2.882361e+02 1.824574e+03
3.060744e-02 3.331695e+02 -1.609698e+02 1.400141e+02 -2.734917e+02 1.655105e+03
3.078708e-02 3.125532e+02 -1.480223e+02 6.932604e+01 -2.584732e+02 1.496424e+03
3.096646e-02 2.948253e+02 -1.327023e+02 2.686770e+00 -2.375981e+02 1.352906e+03
3.114600e-02 2.780592e+02 -1.167838e+02 -5.642668e+01 -2.143193e+02 1.220126e+03
3.132546e-02 2.627368e+02 -1.005410e+02 -1.083001e+02 -1.889793e+02 1.101482e+03
3.150520e-02 2.489552e+02 -8.405573e+01 -1.498788e+02 -1.609202e+02 9.961375e+02
3.168484e-02 2.369090e+02 -6.766058e+01 -1.837571e+02 -1.308095e+02 9.054501e+02
3.186375e-02 2.267753e+02 -5.127878e+01 -2.112538e+02 -1.002688e+02 8.292294e+02
3.204302e-02 2.182587e+02 -3.586542e+01 -2.301060e+02 -6.956979e+01 7.684088e+02
3.222277e-02 2.115173e+02 -2.010254e+01 -2.412495e+02 -3.614308e+01 7.191575e+02
3.240259e-02 2.059919e+02 -5.307101e+00 -2.444503e+02 -4.378122e+00 6.838423e+02
3.258186e-02 2.021897e+02 8.985043e+00 -2.407646e+02 2.820714e+01 6.612457e+02
3.276123e-02 1.997516e+02 2.225175e+01 -2.320052e+02 5.874081e+01 6.509115e+02
3.294133e-02 1.986506e+02 3.530337e+01 -2.162375e+02 9.008453e+01 6.509425e+02
3.312088e-02 1.982799e+02 4.677821e+01 -1.945088e+02 1.187693e+02 6.605305e+02
3.330035e-02 1.995993e+02 5.739387e+01 -1.695463e+02 1.459821e+02 6.815364e+02
3.347992e-02 2.012112e+02 6.694167e+01 -1.394855e+02 1.709740e+02 7.085004e+02
3.365971e-02 2.038597e+02 7.528822e+01 -1.062254e+02 1.940654e+02 7.444465e+02
3.383927e-02 2.073973e+02 8.218571e+01 -7.087547e+01 2.137761e+02 7.865839e+02
3.401835e-02 2.106477e+02 8.784907e+01 -3.101269e+01 2.316409e+02 8.325276e+02
3.419757e-02 2.149927e+02 9.213718e+01 7.947444e+00 2.457498e+02 8.845742e+02
3.437723e-02 2.193172e+02 9.556657e+01 4.937745e+01 2.584787e+02 9.375928e+02
3.455683e-02 2.244303e+02 9.685104e+01 9.013266e+01 2.661817e+02 9.967265e+02
3.473619e-02 2.286310e+02 9.764848e+01 1.315791e+02 2.724999e+02 1.051839e+03
3.491584e-02 2.334913e+02 9.679517e+01 1.727531e+02 2.763713e+02 1.111229e+03
3.509556e-02 2.378875e+02 9.478293e+01 2.120237e+02 2.759292e+02 1.167733e+03
3.527533e-02 2.419233e+02 9.194967e+01 2.505525e+02 2.741252e+02 1.222201e+03
3.545456e-02 2.460491e+02 8.772400e+01 2.846559e+02 2.687506e+02 1.275120e+03
3.563370e-02 2.491308e+02 8.275060e+01 3.202143e+02 2.621483e+02 1.322924e+03
3.581332e-02 2.521768e+02 7.685208e+01 3.490246e+02 2.523064e+02 1.367216e+03
3.599287e-02 2.545914e+02 7.025189e+01 3.770735e+02 2.407664e+02 1.407179e+03
3.617240e-02 2.564807e+02 6.307292e+01 4.019962e+02 2.280338e+02 1.442448e+03
3.635196e-02 2.575851e+02 5.538533e+01 4.231768e+02 2.130868e+02 1.470953e+03
3.653161e-02 2.581309e+02 4.734174e+01 4.392821e+02 1.960913e+02 1.492877e+03
3.671117e-02 2.581921e+02 3.906597e+01 4.514298e+02 1.788384e+02 1.509322e+03
3.689084e-02 2.574175e+02 3.075723e+01 4.625305e+02 1.604527e+02 1.520370e+03
3.707056e-02 2.556846e+02 2.237727e+01 4.676183e+02 1.413016e+02 1.522455e+03
3.724984e-02 2.535834e+02 1.401334e+01 4.698497e+02 1.214597e+02 1.520275e+03
3.742914e-02 2.504537e+02 6.084687e+00 4.658290e+02 1.015988e+02 1.508216e+03
3.760871e-02 2.470468e+02 -1.955084e+00 4.626132e+02 8.122681e+01 1.495354e+03
3.778826e-02 2.424358e+02 -9.117523e+00 4.524901e+02 6.160623e+01 1.471292e+03
3.796764e-02 2.376744e+02 -1.643304e+01 4.391531e+02 4.145002e+01 1.444116e+03
3.814709e-02 2.321501e+02 -2.286371e+01 4.235833e+02 2.303867e+01 1.410880e+03
3.832696e-02 2.258923e+02 -2.941742e+01 4.066396e+02 4.093420e+00 1.373407e+03
3.850665e-02 2.193353e+02 -3.497168e+01 3.858535e+02 -1.324977e+01 1.331051e+03
3.868582e-02 2.121140e+02 -4.005703e+01 3.624566e+02 -2.944836e+01 1.283130e+03
3.886530e-02 2.048537e+02 -4.446531e+01 3.376202e+02 -4.431176e+01 1.233385e+03
3.904481e-02 1.971580e+02 -4.837571e+01 3.117617e+02 -5.766041e+01 1.180479e+03
3.922441e-02 1.893259e+02 -5.166072e+01 2.847537e+02 -6.996605e+01 1.125281e+03
3.940396e-02 1.812969e+02 -5.414223e+01 2.559577e+02 -8.027968e+01 1.067448e+03
3.958316e-02 1.732656e+02 -5.587276e+01 2.278094e+02 -8.843658e+01 1.008989e+03
3.976287e-02 1.653742e+02 -5.707759e+01 1.988219e+02 -9.579998e+01 9.503372e+02
3.994250e-02 1.572064e+02 -5.727563e+01 1.690175e+02 -1.002628e+02 8.889773e+02
4.012200e-02 1.494383e+02 -5.710561e+01 1.407656e+02 -1.041186e+02 8.306415e+02
4.030171e-02 1.417661e+02 -5.620574e+01 1.127938e+02 -1.056133e+02 7.717984e+02
4.048123e-02 1.342652e+02 -5.451336e+01 8.516091e+01 -1.055208e+02 7.138593e+02
4.066058e-02 1.273903e+02 -5.255736e+01 5.880915e+01 -1.045077e+02 6.596483e+02
4.084001e-02 1.203706e+02 -4.994926e+01 3.465855e+01 -1.016346e+02 6.058559e+02
4.101966e-02 1.141396e+02 -4.678647e+01 1.093956e+01 -9.756666e+01 5.558018e+02
4.119937e-02 1.081961e+02 -4.334450e+01 -1.042581e+01 -9.215503e+01 5.088401e+02
4.137874e-02 1.026943e+02 -3.939464e+01 -3.006432e+01 -8.587453e+01 4.646305e+02
4.155813e-02 9.766286e+01 -3.522715e+01 -4.703745e+01 -7.856915e+01 4.247843e+02
4.173777e-02 9.310476e+01 -3.066735e+01 -6.203503e+01 -7.025752e+01 3.884848e+02
4.191752e-02 8.918179e+01 -2.600710e+01 -7.514059e+01 -6.121857e+01 3.565889e+02
4.209699e-02 8.567793e+01 -2.097151e+01 -8.547814e+01 -5.132295e+01 3.288755e+02
4.227635e-02 8.252424e+01 -1.591134e+01 -9.338364e+01 -4.130783e+01 3.046828e+02
4.245594e-02 7.996080e+01 -1.077638e+01 -9.897347e+01 -3.063846e+01 2.854463e+02
4.263530e-02 7.800715e+01 -5.734076e+00 -1.026135e+02 -1.963492e+01 2.706320e+02
4.281442e-02 7.637776e+01 -7.580994e-01 -1.038226e+02 -8.831902e+00 2.595582e+02
4.299392e-02 7.503711e+01 4.170291e+00 -1.024714e+02 2.348852e+00 2.522995e+02
4.317364e-02 7.433608e+01 8.717516e+00 -9.939494e+01 1.285231e+01 2.494242e+02
4.335324e-02 7.407891e+01 1.317832e+01 -9.478723e+01 2.363126e+01 2.502509e+02
4.353285e-02 7.412888e+01 1.715753e+01 -8.796175e+01 3.360034e+01 2.544736e+02
4.371256e-02 7.444773e+01 2.079691e+01 -7.908058e+01 4.304328e+01 2.619412e+02
4.389237e-02 7.509467e+01 2.415417e+01 -6.880676e+01 5.221636e+01 2.720128e+02
4.407181e-02 7.622176e+01 2.708250e+01 -5.752095e+01 6.034129e+01 2.854018e+02
4.425100e-02 7.750447e+01 2.961477e+01 -4.521315e+01 6.805544e+01 3.006666e+02
4.443069e-02 7.894316e+01 3.167404e+01 -3.114145e+01 7.451633e+01 3.181034e+02
4.461032e-02 8.064335e+01 3.342232e+01 -1.693677e+01 8.049734e+01 3.371138e+02
4.478953e-02 8.241549e+01 3.473837e+01 -1.749378e+00 8.542292e+01 3.575064e+02
4.496901e-02 8.447668e+01 3.562722e+01 1.305505e+01 8.930296e+01 3.791834e+02
4.514874e-02 8.626814e+01 3.604029e+01 2.868226e+01 9.237630e+01 4.005440e+02
4.532821e-02 8.848713e+01 3.608236e+01 4.400418e+01 9.418734e+01 4.237315e+02
4.550745e-02 9.033101e+01 3.576437e+01 5.916639e+01 9.529144e+01 4.454437e+02
4.568707e-02 9.232114e+01 3.501526e+01 7.359412e+01 9.517825e+01 4.673630e+02
4.586694e-02 9.416526e+01 3.387976e+01 8.776023e+01 9.418048e+01 4.884676e+02
4.604629e-02 9.578436e+01 3.233717e+01 1.012858e+02 9.225581e+01 5.082090e+02
4.622568e-02 9.747568e+01 3.070681e+01 1.139668e+02 8.973891e+01 5.276390e+02
4.640539e-02 9.879835e+01 2.850712e+01 1.254887e+02 8.586758e+01 5.446700e+02
4.658483e-02 1.000232e+02 2.622772e+01 1.358534e+02 8.151685e+01 5.602299e+02
4.676428e-02 1.010737e+02 2.378231e+01 1.453304e+02 7.674418e+01 5.742783e+02
4.694377e-02 1.016879e+02 2.102163e+01 1.533263e+02 7.098121e+01 5.851846e+02
4.712315e-02 1.021896e+02 1.827569e+01 1.602746e+02 6.500166e+01 5.949436e+02
4.730271e-02 1.024405e+02 1.522041e+01 1.656111e+02 5.822705e+01 6.021443e+02
4.748233e-02 1.022884e+02 1.230751e+01 1.695124e+02 5.149617e+01 6.062104e+02
4.766205e-02 1.020092e+02 9.224062e+00 1.722723e+02 4.425451e+01 6.092230e+02
4.784146e-02 1.013621e+02 6.192285e+00 1.730280e+02 3.693869e+01 6.085359e+02
4.802067e-02 1.004987e+02 3.215041e+00 1.728600e+02 2.955749e+01 6.062863e+02
4.820042e-02 9.928909e+01 1.044608e-01 1.712144e+02 2.200175e+01 6.009109e+02
4.838029e-02 9.782830e+01 -2.762142e+00 1.684628e+02 1.469469e+01 5.937843e+02
4.855956e-02 9.621655e+01 -5.536897e+00 1.642465e+02 7.679677e+00 5.843040e+02
4.873901e-02 9.425011e+01 -8.186479e+00 1.588330e+02 6.109815e-01 5.723145e+02
4.891873e-02 9.218420e+01 -1.066433e+01 1.523784e+02 -5.934369e+00 5.586985e+02
4.909828e-02 8.988144e+01 -1.294270e+01 1.450497e+02 -1.207749e+01 5.431647e+02
4.927778e-02 8.745814e+01 -1.503271e+01 1.366722e+02 -1.796424e+01 5.261526e+02
4.945710e-02 8.486281e+01 -1.684740e+01 1.275768e+02 -2.323689e+01 5.072549e+02
4.963681e-02 8.211866e+01 -1.850417e+01 1.179999e+02 -2.815829e+01 4.874238e+02
4.981627e-02 7.936472e+01 -1.974980e+01 1.072723e+02 -3.230689e+01 4.663088e+02
4.999549e-02 7.641903e+01 -2.088824e+01 9.698679e+01 -3.609194e+01 4.444706e+02
5.017513e-02 7.356416e+01 -2.160190e+01 8.575388e+01 -3.909742e+01 4.221737e+02
5.035469e-02 7.057217e+01 -2.216285e+01 7.452062e+01 -4.163083e+01 3.990626e+02
5.053422e-02 6.763931e+01 -2.236624e+01 6.328378e+01 -4.342177e+01 3.761036e+02
5.071373e-02 6.474828e+01 -2.239153e+01 5.200212e+01 -4.476391e+01 3.532614e+02
5.089331e-02 6.189907e+01 -2.207037e+01 4.108741e+01 -4.535487e+01 3.306133e+02
5.107290e-02 5.910828e+01 -2.154952e+01 3.014900e+01 -4.544221e+01 3.083772e+02
5.125246e-02 5.638150e+01 -2.078217e+01 1.990997e+01 -4.478098e+01 2.867267e+02
5.143191e-02 5.383154e+01 -1.975742e+01 1.011290e+01 -4.370000e+01 2.662008e+02
5.161130e-02 5.130085e+01 -1.862033e+01 1.008363e+00 -4.201833e+01 2.463196e+02
5.179073e-02 4.903270e+01 -1.719967e+01 -7.692193e+00 -3.985289e+01 2.278942e+02
5.197023e-02 4.693916e+01 -1.562552e+01 -1.569017e+01 -3.715371e+01 2.109102e+02
5.214995e-02 4.489267e+01 -1.398607e+01 -2.277444e+01 -3.417156e+01 1.946717e+02
5.232948e-02 4.306430e+01 -1.216795e+01 -2.888703e+01 -3.075750e+01 1.804269e+02
5.250892e-02 4.144229e+01 -1.028080e+01 -3.422952e+01 -2.691996e+01 1.676158e+02
5.268863e-02 4.000568e+01 -8.276964e+00 -3.881578e+01 -2.290518e+01 1.564001e+02
5.286820e-02 3.874711e+01 -6.333133e+00 -4.224607e+01 -1.878057e+01 1.468901e+02
5.304764e-02 3.766009e+01 -4.350547e+00 -4.474110e+01 -1.438853e+01 1.389902e+02
5.322715e-02 3.685635e+01 -2.292341e+00 -4.651322e+01 -9.870712e+00 1.330065e+02
5.340663e-02 3.619092e+01 -3.641335e-01 -4.723153e+01 -5.378493e+00 1.285102e+02
5.358625e-02 3.565708e+01 1.512751e+00 -4.688228e+01 -9.583218e-01 1.255737e+02
5.376579e-02 3.541294e+01 3.380896e+00 -4.591741e+01 3.570152e+00 1.244691e+02
5.394514e-02 3.528882e+01 5.138828e+00 -4.404003e+01 7.909238e+00 1.246813e+02
5.412441e-02 3.539996e+01 6.769749e+00 -4.156610e+01 1.196887e+01 1.266271e+02
5.430414e-02 3.556504e+01 8.311681e+00 -3.798467e+01 1.604296e+01 1.295674e+02
5.448388e-02 3.594277e+01 9.709427e+00 -3.406036e+01 1.970953e+01 1.340037e+02
5.466309e-02 3.639415e+01 1.098615e+01 -2.945222e+01 2.319138e+01 1.392669e+02
5.484261e-02 3.702878e+01 1.211594e+01 -2.446978e+01 2.629416e+01 1.458770e+02
5.502222e-02 3.771306e+01 1.304492e+01 -1.891147e+01 2.900512e+01 1.532176e+02
5.520186e-02 3.844465e+01 1.387507e+01 -1.305728e+01 3.147612e+01 1.610380e+02
5.538127e-02 3.932905e+01 1.446574e+01 -6.992673e+00 3.335929e+01 1.699882e+02
5.556057e-02 4.014960e+01 1.489296e+01 -6.895524e-01 3.489154e+01 1.787630e+02
5.574024e-02 4.105676e+01 1.520513e+01 5.742192e+00 3.611124e+01 1.882603e+02
5.591990e-02 4.195408e+01 1.524452e+01 1.217037e+01 3.672600e+01 1.977245e+02
5.609947e-02 4.286329e+01 1.523407e+01 1.862489e+01 3.713078e+01 2.074155e+02
5.627892e-02 4.369287e+01 1.496085e+01 2.479420e+01 3.692803e+01 2.166136e+02
5.645856e-02 4.450528e+01 1.453480e+01 3.094184e+01 3.640126e+01 2.257362e+02
5.663826e-02 4.529152e+01 1.402989e+01 3.666830e+01 3.557643e+01 2.345640e+02
5.681769e-02 4.599352e+01 1.330735e+01 4.222591e+01 3.431363e+01 2.427658e+02
5.699710e-02 4.656477e+01 1.251629e+01 4.727195e+01 3.276977e+01 2.502545e+02
5.717663e-02 4.711452e+01 1.154657e+01 5.206638e+01 3.088577e+01 2.573017e+02
5.735605e-02 4.751850e+01 1.050131e+01 5.609461e+01 2.875463e+01 2.631778e+02
5.753539e-02 4.778921e+01 9.350885e+00 5.979512e+01 2.636084e+01 2.682335e+02
5.771483e-02 4.805766e+01 8.138252e+00 6.284535e+01 2.381852e+01 2.726455e+02
5.789466e-02 4.810093e+01 6.817872e+00 6.538099e+01 2.100820e+01 2.757466e+02
5.807436e-02 4.807798e+01 5.516151e+00 6.720908e+01 1.817549e+01 2.777854e+02
5.825359e-02 4.795481e+01 4.094195e+00 6.845834e+01 1.505722e+01 2.790305e+02
5.843303e-02 4.765775e+01 2.753562e+00 6.922742e+01 1.210229e+01 2.789624e+02
5.861274e-02 4.729237e+01 1.372499e+00 6.907876e+01 8.945678e+00 2.777540e+02
5.879233e-02 4.678628e+01 -2.304355e-02 6.861388e+01 5.838465e+00 2.756955e+02
5.897187e-02 4.621841e+01 -1.334457e+00 6.719511e+01 2.717155e+00 2.724340e+02
5.915148e-02 4.548841e+01 -2.600173e+00 6.570890e+01 -2.119701e-01 2.683232e+02
5.933120e-02 4.471926e+01 -3.849202e+00 6.323724e+01 -3.242547e+00 2.631767e+02
5.951050e-02 4.381392e+01 -4.959916e+00 6.046419e+01 -5.946873e+00 2.570626e+02
5.968960e-02 4.288721e+01 -6.022200e+00 5.713315e+01 -8.639600e+00 2.503936e+02
5.986932e-02 4.178970e+01 -6.975712e+00 5.351891e+01 -1.109030e+01 2.425496e+02
6.004880e-02 4.075959e+01 -7.817056e+00 4.935086e+01 -1.339000e+01 2.345669e+02
6.022820e-02 3.956654e+01 -8.571214e+00 4.495911e+01 -1.546317e+01 2.255447e+02
6.040778e-02 3.837408e+01 -9.146626e+00 4.038374e+01 -1.720625e+01 2.162691e+02
6.058726e-02 3.719658e+01 -9.667354e+00 3.546305e+01 -1.887019e+01 2.068253e+02
6.076685e-02 3.590166e+01 -1.000169e+01 3.043912e+01 -2.010093e+01 1.966568e+02
6.094640e-02 3.464574e+01 -1.019056e+01 2.524856e+01 -2.103644e+01 1.864309e+02
6.112606e-02 3.339146e+01 -1.034662e+01 2.012815e+01 -2.188669e+01 1.763156e+02
6.130567e-02 3.213765e+01 -1.028592e+01 1.500058e+01 -2.226780e+01 1.660932e+02
6.148499e-02 3.087846e+01 -1.013009e+01 9.965866e+00 -2.238047e+01 1.558970e+02
6.166458e-02 2.965986e+01 -9.873810e+00 5.025021e+00 -2.227219e+01 1.459761e+02
6.184419e-02 2.851409e+01 -9.493016e+00 1.893593e-01 -2.185181e+01 1.363920e+02
6.202378e-02 2.737370e+01 -9.020546e+00 -4.294636e+00 -2.119029e+01 1.271564e+02
6.220328e-02 2.628860e+01 -8.439869e+00 -8.591138e+00 -2.025088e+01 1.182162e+02
6.238252e-02 2.528176e+01 -7.813240e+00 -1.247289e+01 -1.910973e+01 1.100082e+02
6.256203e-02 2.434797e+01 -7.062986e+00 -1.616016e+01 -1.773043e+01 1.022622e+02
6.274173e-02 2.349581e+01 -6.289169e+00 -1.932438e+01 -1.621485e+01 9.524096e+01
6.292133e-02 2.271572e+01 -5.419838e+00 -2.224929e+01 -1.445246e+01 8.882825e+01
6.310073e-02 2.203124e+01 -4.520833e+00 -2.454635e+01 -1.259553e+01 8.323631e+01
6.328018e-02 2.143462e+01 -3.564625e+00 -2.654721e+01 -1.058075e+01 7.835869e+01
6.345987e-02 2.094228e+01 -2.623127e+00 -2.807477e+01 -8.544572e+00 7.436066e+01
6.363932e-02 2.051266e+01 -1.608819e+00 -2.906777e+01 -6.355574e+00 7.107291e+01
6.381883e-02 2.018915e+01 -6.155316e-01 -2.970513e+01 -4.155660e+00 6.861123e+01
6.399840e-02 1.998262e+01 3.761691e-01 -2.981803e+01 -1.931977e+00 6.712380e+01
6.417787e-02 1.980735e+01 1.341427e+00 -2.956254e+01 2.614822e-01 6.616901e+01
6.435740e-02 1.974552e+01 2.294236e+00 -2.874863e+01 2.467982e+00 6.618303e+01
6.453672e-02 1.976602e+01 3.199880e+00 -2.769576e+01 4.583269e+00 6.685286e+01
6.471627e-02 1.986977e+01 4.052046e+00 -2.614911e+01 6.614107e+00 6.831091e+01
6.489573e-02 2.004037e+01 4.830113e+00 -2.430573e+01 8.513990e+00 7.039828e+01
6.507532e-02 2.026632e+01 5.581190e+00 -2.210394e+01 1.037422e+01 7.306820e+01
6.525498e-02 2.055388e+01 6.236579e+00 -1.955450e+01 1.204888e+01 7.633138e+01
6.543438e-02 2.089799e+01 6.791656e+00 -1.680976e+01 1.349359e+01 8.005787e+01
6.561406e-02 2.130039e+01 7.315775e+00 -1.381231e+01 1.489454e+01 8.430537e+01
6.579354e-02 2.172409e+01 7.717114e+00 -1.060639e+01 1.605397e+01 8.886344e+01
6.597293e-02 2.216823e+01 8.035240e+00 -7.316950e+00 1.700624e+01 9.365443e+01
6.615268e-02 2.265459e+01 8.290338e+00 -3.824112e+00 1.782950e+01 9.879160e+01
6.633236e-02 2.313920e+01 8.417392e+00 -3.716308e-01 1.837044e+01 1.039909e+02
6.651186e-02 2.365386e+01 8.481009e+00 3.107667e+00 1.876558e+01 1.093593e+02
6.669114e-02 2.413087e+01 8.428380e+00 6.654804e+00 1.893474e+01 1.146465e+02
6.687057e-02 2.461354e+01 8.316278e+00 1.007361e+01 1.892694e+01 1.198783e+02
6.705025e-02 2.508559e+01 8.092143e+00 1.335361e+01 1.867422e+01 1.249635e+02
6.722990e-02 2.552009e+01 7.787172e+00 1.666953e+01 1.827288e+01 1.299333e+02
6.740941e-02 2.592631e+01 7.423975e+00 1.961976e+01 1.766521e+01 1.344654e+02
6.758867e-02 2.632619e+01 6.969882e+00 2.244305e+01 1.687351e+01 1.388783e+02
6.776822e-02 2.664712e+01 6.479221e+00 2.502361e+01 1.595935e+01 1.427314e+02
6.794788e-02 2.695348e+01 5.897454e+00 2.737992e+01 1.479501e+01 1.462957e+02
6.812729e-02 2.719269e+01 5.308861e+00 2.943598e+01 1.364521e+01 1.493621e+02
6.830688e-02 2.737590e+01 4.639985e+00 3.122528e+01 1.220748e+01 1.518893e+02
6.848624e-02 2.752339e+01 3.988631e+00 3.268388e+01 1.081944e+01 1.539971e+02
6.866563e-02 2.757500e+01 3.262932e+00 3.379832e+01 9.197804e+00 1.553872e+02
6.884532e-02 2.757571e+01 2.559710e+00 3.460706e+01 7.583263e+00 1.562511e+02
6.902501e-02 2.751562e+01 1.826814e+00 3.515676e+01 5.926009e+00 1.566577e+02
6.920471e-02 2.741644e+01 1.110821e+00 3.529802e+01 4.194180e+00 1.565165e+02
6.938409e-02 2.720226e+01 4.001611e-01 3.502544e+01 2.496314e+00 1.554969e+02
6.956343e-02 2.697334e+01 -3.030075e-01 3.472798e+01 7.732060e-01 1.543736e+02
6.974295e-02 2.664753e+01 -9.754903e-01 3.379424e+01 -9.073703e-01 1.522770e+02
6.992262e-02 2.626482e+01 -1.616825e+00 3.279700e+01 -2.530153e+00 1.498534e+02
7.010211e-02 2.584812e+01 -2.224380e+00 3.138658e+01 -4.107680e+00 1.469093e+02
7.028154e-02 2.536494e+01 -2.785548e+00 2.982933e+01 -5.567727e+00 1.434987e+02
7.046115e-02 2.482302e+01 -3.313585e+00 2.799061e+01 -6.969012e+00 1.396079e+02
7.064068e-02 2.426627e+01 -3.793537e+00 2.588049e+01 -8.290928e+00 1.354042e+02
7.081999e-02 2.364121e+01 -4.186553e+00 2.370361e+01 -9.357385e+00 1.307592e+02
7.099948e-02 2.300318e+01 -4.560553e+00 2.127736e+01 -1.044158e+01 1.258779e+02
7.117917e-02 2.232996e+01 -4.863857e+00 1.875077e+01 -1.132301e+01 1.206887e+02
7.135856e-02 2.166093e+01 -5.109497e+00 1.610929e+01 -1.206994e+01 1.154257e+02
7.153818e-02 2.093081e+01 -5.285485e+00 1.341791e+01 -1.266014e+01 1.097630e+02
7.171778e-02 2.024729e+01 -5.402710e+00 1.064596e+01 -1.310390e+01 1.042524e+02
7.189719e-02 1.954488e+01 -5.446631e+00 7.879732e+00 -1.338171e+01 9.860224e+01
7.207684e-02 1.884322e+01 -5.449749e+00 5.179366e+00 -1.355404e+01 9.297971e+01
7.225635e-02 1.816841e+01 -5.363993e+00 2.419160e+00 -1.353057e+01 8.741684e+01
7.243580e-02 1.750629e+01 -5.231395e+00 -1.714286e-01 -1.340053e+01 8.200394e+01
7.261540e-02 1.685707e+01 -5.026771e+00 -2.713016e+00 -1.309884e+01 7.667178e+01
7.279498e-02 1.625965e+01 -4.772392e+00 -5.121531e+00 -1.269547e+01 7.167467e+01
7.297435e-02 1.567421e+01 -4.463773e+00 -7.404304e+00 -1.214509e+01 6.682550e+01
7.315367e-02 1.511970e+01 -4.116109e+00 -9.469447e+00 -1.151404e+01 6.228188e+01
7.333339e-02 1.462877e+01 -3.692097e+00 -1.143154e+01 -1.073174e+01 5.811611e+01
7.351304e-02 1.415133e+01 -3.265267e+00 -1.312354e+01 -9.902693e+00 5.423449e+01
7.369245e-02 1.374860e+01 -2.788440e+00 -1.465778e+01 -8.970805e+00 5.084480e+01
7.387205e-02 1.335154e+01 -2.296920e+00 -1.590860e+01 -7.970804e+00 4.770602e+01
7.405161e-02 1.302764e+01 -1.770527e+00 -1.697993e+01 -6.909167e+00 4.507946e+01
7.423102e-02 1.274594e+01 -1.240399e+00 -1.778669e+01 -5.803063e+00 4.288049e+01
7.441034e-02 1.250131e+01 -7.076780e-01 -1.832069e+01 -4.663953e+00 4.107572e+01
7.458994e-02 1.230611e+01 -1.703283e-01 -1.865384e+01 -3.507223e+00 3.969532e+01
7.476952e-02 1.216676e+01 3.578019e-01 -1.873052e+01 -2.345188e+00 3.882494e+01
7.494880e-02 1.207235e+01 8.772542e-01 -1.860170e+01 -1.173164e+00 3.833273e+01
7.512837e-02 1.200207e+01 1.379252e+00 -1.816926e+01 -1.699323e-02 3.821292e+01
7.530798e-02 1.199201e+01 1.839684e+00 -1.758910e+01 1.080128e+00 3.851601e+01
7.548748e-02 1.201872e+01 2.292356e+00 -1.679806e+01 2.155353e+00 3.920599e+01
7.566700e-02 1.208426e+01 2.711166e+00 -1.580614e+01 3.208750e+00 4.023206e+01
7.584667e-02 1.218258e+01 3.074603e+00 -1.462254e+01 4.145292e+00 4.159356e+01
7.602629e-02 1.231131e+01 3.417134e+00 -1.329375e+01 5.057920e+00 4.322305e+01
7.620569e-02 1.247103e+01 3.701268e+00 -1.184576e+01 5.835476e+00 4.511511e+01
7.638530e-02 1.265011e+01 3.961134e+00 -1.025949e+01 6.583740e+00 4.722398e+01
7.656501e-02 1.284982e+01 4.153358e+00 -8.572225e+00 7.196137e+00 4.952418e+01
7.674455e-02 1.307196e+01 4.310466e+00 -6.821733e+00 7.722878e+00 5.200830e+01
7.692398e-02 1.330727e+01 4.421023e+00 -5.072180e+00 8.135850e+00 5.456482e+01
7.710340e-02 1.353690e+01 4.479021e+00 -3.212614e+00 8.459291e+00 5.719862e+01
7.728275e-02 1.378341e+01 4.490343e+00 -1.393172e+00 8.663320e+00 5.990175e+01
7.746218e-02 1.402995e+01 4.459302e+00 4.027639e-01 8.770844e+00 6.259106e+01
7.764173e-02 1.426047e+01 4.364771e+00 2.164854e+00 8.725327e+00 6.520994e+01
7.782134e-02 1.449631e+01 4.238404e+00 3.885213e+00 8.614486e+00 6.779228e+01
7.800113e-02 1.471502e+01 4.070938e+00 5.534951e+00 8.398538e+00 7.025517e+01
7.818053e-02 1.492985e+01 3.861544e+00 7.049053e+00 8.067956e+00 7.259619e+01
7.835977e-02 1.510929e+01 3.607728e+00 8.485722e+00 7.638710e+00 7.468662e+01
7.853945e-02 1.527802e+01 3.334402e+00 9.827661e+00 7.126060e+00 7.665519e+01
7.871901e-02 1.541827e+01 3.031112e+00 1.100589e+01 6.530827e+00 7.831544e+01
7.889852e-02 1.554013e+01 2.711279e+00 1.205465e+01 5.872252e+00 7.981235e+01
7.907812e-02 1.563258e+01 2.361712e+00 1.294489e+01 5.116558e+00 8.102267e+01
7.925765e-02 1.568848e+01 2.022350e+00 1.367409e+01 4.344068e+00 8.191664e+01
7.943713e-02 1.571306e+01 1.667230e+00 1.423173e+01 3.521525e+00 8.255727e+01
7.961653e-02 1.571114e+01 1.304368e+00 1.463937e+01 2.644109e+00 8.293184e+01
7.979598e-02 1.565449e+01 9.475720e-01 1.485321e+01 1.764189e+00 8.292802e+01
7.997559e-02 1.557749e+01 5.918974e-01 1.492529e+01 8.754135e-01 8.269492e+01
8.015521e-02 1.544765e+01 2.376387e-01 1.480433e+01 -3.707227e-02 8.209067e+01
8.033477e-02 1.530664e+01 -1.006492e-01 1.455549e+01 -8.979851e-01 8.133119e+01
8.051401e-02 1.511783e+01 -4.274000e-01 1.408026e+01 -1.776035e+00 8.017800e+01
8.069347e-02 1.489410e+01 -7.629022e-01 1.355717e+01 -2.609103e+00 7.879055e+01
8.087332e-02 1.465041e+01 -1.051391e+00 1.281497e+01 -3.385248e+00 7.713927e+01
8.105287e-02 1.437840e+01 -1.335114e+00 1.198447e+01 -4.130959e+00 7.526272e+01
8.123233e-02 1.408263e+01 -1.593071e+00 1.103556e+01 -4.809338e+00 7.317270e+01
8.141188e-02 1.377228e+01 -1.824780e+00 9.995950e+00 -5.437539e+00 7.090294e+01
8.159141e-02 1.343892e+01 -2.020660e+00 8.884278e+00 -5.958190e+00 6.842923e+01
8.177087e-02 1.308324e+01 -2.183157e+00 7.669062e+00 -6.437083e+00 6.578357e+01
8.195037e-02 1.273735e+01 -2.322709e+00 6.440565e+00 -6.838628e+00 6.313438e+01
8.212994e-02 1.236372e+01 -2.408011e+00 5.122074e+00 -7.130700e+00 6.027748e+01
8.230951e-02 1.200271e+01 -2.462637e+00 3.797435e+00 -7.352166e+00 5.744791e+01
8.248900e-02 1.162703e+01 -2.490016e+00 2.461732e+00 -7.508388e+00 5.456534e+01
8.266844e-02 1.125436e+01 -2.474396e+00 1.118132e+00 -7.554584e+00 5.169247e+01
8.284785e-02 1.090141e+01 -2.426584e+00 -1.855009e-01 -7.526244e+00 4.889601e+01
8.302730e-02 1.053586e+01 -2.351789e+00 -1.491853e+00 -7.418566e+00 4.608534e+01
8.320692e-02 1.019187e+01 -2.249303e+00 -2.722673e+00 -7.231170e+00 4.342182e+01
8.338648e-02 9.867025e+00 -2.117106e+00 -3.902529e+00 -6.969822e+00 4.087680e+01
8.356601e-02 9.545290e+00 -1.961794e+00 -5.010725e+00 -6.621942e+00 3.840348e+01
8.374563e-02 9.264334e+00 -1.782325e+00 -6.038545e+00 -6.229464e+00 3.615701e+01
8.392511e-02 8.990577e+00 -1.589940e+00 -6.962316e+00 -5.763175e+00 3.403796e+01
8.410459e-02 8.748307e+00 -1.369025e+00 -7.772532e+00 -5.238902e+00 3.212400e+01
8.428421e-02 8.535116e+00 -1.141029e+00 -8.486368e+00 -4.682709e+00 3.042280e+01
8.446368e-02 8.347090e+00 -8.876740e-01 -9.072720e+00 -4.070353e+00 2.891518e+01
8.464319e-02 8.185847e+00 -6.295012e-01 -9.538684e+00 -3.445030e+00 2.763373e+01
8.482280e-02 8.053984e+00 -3.597435e-01 -9.870393e+00 -2.787265e+00 2.658760e+01
8.500226e-02 7.960894e+00 -8.193325e-02 -1.009144e+01 -2.127143e+00 2.580890e+01
8.518174e-02 7.877296e+00 2.011113e-01 -1.015776e+01 -1.452234e+00 2.520516e+01
8.536136e-02 7.832778e+00 4.811654e-01 -1.011638e+01 -7.899417e-01 2.488208e+01
8.554093e-02 7.808769e+00 7.590160e-01 -9.941400e+00 -1.359856e-01 2.478525e+01
8.572028e-02 7.812479e+00 1.035304e+00 -9.647224e+00 5.091972e-01 2.491552e+01
8.589963e-02 7.837301e+00 1.288713e+00 -9.242808e+00 1.098480e+00 2.526738e+01
8.607915e-02 7.875656e+00 1.537980e+00 -8.715103e+00 1.685335e+00 2.580066e+01
8.625868e-02 7.948284e+00 1.764475e+00 -8.100945e+00 2.221042e+00 2.657066e+01
8.643824e-02 8.028839e+00 1.979544e+00 -7.378427e+00 2.735445e+00 2.749681e+01
8.661787e-02 8.127090e+00 2.157138e+00 -6.574152e+00 3.173204e+00 2.857967e+01
8.679744e-02 8.239533e+00 2.319332e+00 -5.706249e+00 3.573888e+00 2.980285e+01
8.697703e-02 8.364575e+00 2.453257e+00 -4.758904e+00 3.928843e+00 3.114454e+01
8.715648e-02 8.504237e+00 2.563436e+00 -3.772331e+00 4.218481e+00 3.261003e+01
8.733588e-02 8.638745e+00 2.641109e+00 -2.731690e+00 4.460776e+00 3.409220e+01
8.751546e-02 8.787501e+00 2.689981e+00 -1.665529e+00 4.617774e+00 3.566845e+01
8.769504e-02 8.939733e+00 2.716930e+00 -6.147842e-01 4.739682e+00 3.725497e+01
8.787468e-02 9.089595e+00 2.712857e+00 4.725714e-01 4.792340e+00 3.885722e+01
8.805415e-02 9.238546e+00 2.679849e+00 1.537271e+00 4.764609e+00 4.044173e+01
8.823359e-02 9.384442e+00 2.625643e+00 2.563449e+00 4.697063e+00 4.198159e+01
8.841311e-02 9.522646e+00 2.539274e+00 3.569431e+00 4.545681e+00 4.346012e+01
8.859270e-02 9.648550e+00 2.434357e+00 4.523192e+00 4.350845e+00 4.484872e+01
8.877226e-02 9.769190e+00 2.308935e+00 5.436617e+00 4.096823e+00 4.616223e+01
8.895172e-02 9.874387e+00 2.159618e+00 6.264967e+00 3.771673e+00 4.733212e+01
8.913118e-02 9.959381e+00 1.989779e+00 7.029356e+00 3.404871e+00 4.835220e+01
8.931072e-02 1.003712e+01 1.813548e+00 7.722596e+00 3.000775e+00 4.926057e+01
8.949031e-02 1.009966e+01 1.613821e+00 8.304030e+00 2.519179e+00 5.000375e+01
8.966973e-02 1.013690e+01 1.411169e+00 8.824656e+00 2.027523e+00 5.056796e+01
8.984928e-02 1.015276e+01 1.195857e+00 9.224277e+00 1.482806e+00 5.091061e+01
9.002870e-02 1.014859e+01 9.777313e-01 9.550212e+00 9.181982e-01 5.109447e+01
9.020814e-02 1.012375e+01 7.561090e-01 9.778142e+00 3.106832e-01 5.107053e+01
9.038774e-02 1.008179e+01 5.360191e-01 9.892612e+00 -3.130245e-01 5.088880e+01
9.056723e-02 1.001458e+01 3.159178e-01 9.926119e+00 -9.580582e-01 5.047899e+01
9.074682e-02 9.925380e+00 1.036565e-01 9.863262e+00 -1.617684e+00 4.990209e+01
9.092635e-02 9.817428e+00 -9.411659e-02 9.709372e+00 -2.282820e+00 4.915309e+01
9.110583e-02 9.690914e+00 -2.730414e-01 9.513177e+00 -2.924335e+00 4.828352e+01
9.128546e-02 9.546775e+00 -4.382639e-01 9.210410e+00 -3.584970e+00 4.729568e+01
9.146502e-02 9.379145e+00 -5.573689e-01 8.881231e+00 -4.162124e+00 4.620964e+01
9.164437e-02 9.205019e+00 -6.384817e-01 8.506179e+00 -4.690620e+00 4.516036e+01
9.182391e-02 9.009059e+00 -5.613678e-01 8.124694e+00 -4.848287e+00 4.417007e+01
