# k, q0, q1/i, q2, q3/i, q4, norm, alpha = 228.65335738482153, 0.019875423088012396
0.000000e+00 3.145674e+13 0.000000e+00 0.000000e+00 0.000000e+00 -7.017890e+12
2.542755e-04 3.087669e+13 4.332309e+12 2.692098e+10 -3.799646e+10 1.814237e+12
4.308321e-04 2.986028e+13 7.083792e+12 -1.916638e+09 9.307825e+10 -7.188206e+11
6.127972e-04 2.832291e+13 9.539429e+12 4.492443e+10 2.466475e+11 6.215139e+11
7.953316e-04 2.638329e+13 1.149226e+13 1.053539e+11 6.060109e+11 6.340874e+10
9.814571e-04 2.408431e+13 1.286529e+13 2.666989e+11 1.038023e+12 -3.019616e+11
1.156539e-03 2.175049e+13 1.356805e+13 4.735358e+11 1.730434e+12 -7.599306e+11
1.336205e-03 1.925446e+13 1.374795e+13 8.909179e+11 2.407711e+12 -7.965681e+11
1.522449e-03 1.672029e+13 1.331836e+13 1.347842e+12 3.408847e+12 -1.664847e+12
1.702691e-03 1.432450e+13 1.255413e+13 2.018909e+12 4.329724e+12 -1.745383e+12
1.882192e-03 1.218391e+13 1.135461e+13 2.668124e+12 5.329739e+12 -2.904306e+12
2.058659e-03 1.021709e+13 1.008689e+13 3.429891e+12 6.381849e+12 -3.111728e+12
2.236532e-03 8.507489e+12 8.643173e+12 4.212963e+12 7.152904e+12 -3.869158e+12
2.420114e-03 7.078726e+12 7.154362e+12 4.870764e+12 8.197576e+12 -4.793088e+12
2.599101e-03 5.863648e+12 5.822132e+12 5.522812e+12 8.824380e+12 -5.267745e+12
2.777369e-03 4.872623e+12 4.627919e+12 6.058934e+12 9.259398e+12 -5.584217e+12
2.956466e-03 4.081504e+12 3.630472e+12 6.387218e+12 9.611119e+12 -5.866607e+12
3.137227e-03 3.488673e+12 2.786846e+12 6.604704e+12 9.679724e+12 -5.990428e+12
3.318471e-03 2.970533e+12 2.157699e+12 6.616222e+12 9.561742e+12 -5.851829e+12
3.497455e-03 2.571558e+12 1.663677e+12 6.516365e+12 9.229575e+12 -5.492539e+12
3.677740e-03 2.250493e+12 1.328250e+12 6.246149e+12 8.760220e+12 -5.056276e+12
3.857458e-03 1.998465e+12 1.111563e+12 5.863591e+12 8.212520e+12 -4.567398e+12
4.036058e-03 1.762283e+12 9.231310e+11 5.464626e+12 7.520173e+12 -3.837750e+12
4.215732e-03 1.549020e+12 8.023943e+11 4.966047e+12 6.764238e+12 -3.147040e+12
4.393900e-03 1.382875e+12 7.045287e+11 4.511844e+12 6.075220e+12 -2.453836e+12
4.573307e-03 1.213182e+12 6.207080e+11 4.018163e+12 5.342067e+12 -1.809531e+12
4.754683e-03 1.066504e+12 5.292045e+11 3.575192e+12 4.640659e+12 -1.171816e+12
4.935208e-03 9.476314e+11 4.474865e+11 3.207678e+12 4.026804e+12 -6.100575e+11
5.114267e-03 8.318229e+11 3.702913e+11 2.838962e+12 3.467457e+12 -1.961788e+11
5.292984e-03 7.454139e+11 3.044660e+11 2.549695e+12 3.004782e+12 1.508145e+11
5.471846e-03 6.614075e+11 2.423260e+11 2.268360e+12 2.576444e+12 4.109560e+11
5.651916e-03 5.980994e+11 1.994379e+11 2.053697e+12 2.234152e+12 5.964842e+11
5.831477e-03 5.339840e+11 1.601932e+11 1.831469e+12 1.921230e+12 7.020452e+11
6.011451e-03 4.831212e+11 1.371064e+11 1.647065e+12 1.660562e+12 7.751034e+11
6.191171e-03 4.354523e+11 1.269169e+11 1.470145e+12 1.447024e+12 7.851938e+11
6.370885e-03 3.913863e+11 1.170585e+11 1.311851e+12 1.250127e+12 7.889747e+11
6.550978e-03 3.494128e+11 1.124935e+11 1.158224e+12 1.082016e+12 7.626787e+11
6.729662e-03 3.100950e+11 1.092024e+11 1.017645e+12 9.278306e+11 7.352395e+11
6.908722e-03 2.731065e+11 1.052327e+11 8.886656e+11 7.990316e+11 6.934234e+11
7.088232e-03 2.383122e+11 9.760961e+10 7.710255e+11 6.810067e+11 6.517312e+11
7.267194e-03 2.080187e+11 8.900579e+10 6.682861e+11 5.777053e+11 6.160501e+11
7.447006e-03 1.779778e+11 7.710541e+10 5.726641e+11 4.861756e+11 5.675949e+11
7.626893e-03 1.549306e+11 6.498781e+10 4.982429e+11 4.136291e+11 5.275533e+11
7.807282e-03 1.317761e+11 5.271240e+10 4.209980e+11 3.436224e+11 4.768714e+11
7.987750e-03 1.137840e+11 4.115502e+10 3.632471e+11 2.925694e+11 4.297018e+11
8.167388e-03 9.939241e+10 3.122882e+10 3.152723e+11 2.491931e+11 3.841774e+11
8.345882e-03 8.509343e+10 2.301061e+10 2.649631e+11 2.091208e+11 3.342764e+11
8.524356e-03 7.492888e+10 1.736584e+10 2.279370e+11 1.802128e+11 2.876775e+11
8.703951e-03 6.515751e+10 1.283060e+10 1.909984e+11 1.518357e+11 2.445427e+11
8.883655e-03 5.757128e+10 1.067625e+10 1.611876e+11 1.300217e+11 2.048619e+11
9.063959e-03 5.017170e+10 8.998449e+09 1.307504e+11 1.081302e+11 1.678375e+11
9.243959e-03 4.370550e+10 7.913566e+09 1.047483e+11 8.838527e+10 1.359244e+11
9.423354e-03 3.836108e+10 7.864166e+09 8.334773e+10 7.258037e+10 1.103778e+11
9.603476e-03 3.316375e+10 7.337836e+09 6.362776e+10 5.679135e+10 8.747318e+10
9.782217e-03 2.862228e+10 7.183812e+09 4.681509e+10 4.381747e+10 6.886814e+10
9.961474e-03 2.474260e+10 6.828212e+09 3.275633e+10 3.212843e+10 5.436777e+10
1.014145e-02 2.125211e+10 6.463553e+09 2.161763e+10 2.271747e+10 4.244900e+10
1.032017e-02 1.816789e+10 5.967107e+09 1.222088e+10 1.508618e+10 3.294086e+10
1.049983e-02 1.553705e+10 5.415140e+09 5.475215e+09 9.062445e+09 2.532191e+10
1.067933e-02 1.335154e+10 4.922198e+09 -1.531989e+08 4.689954e+09 1.911281e+10
1.085922e-02 1.145973e+10 4.428051e+09 -3.928617e+09 1.725463e+09 1.435553e+10
1.103911e-02 9.953919e+09 3.893761e+09 -6.877885e+09 -4.555524e+08 1.061371e+10
1.121859e-02 8.672741e+09 3.346096e+09 -8.494765e+09 -1.533839e+09 7.728609e+09
1.139867e-02 7.723794e+09 2.881857e+09 -9.416511e+09 -2.076158e+09 5.792731e+09
1.157742e-02 7.030097e+09 2.437531e+09 -9.659795e+09 -2.171531e+09 4.748515e+09
1.175702e-02 6.480366e+09 1.993896e+09 -9.232654e+09 -1.908139e+09 4.152300e+09
1.193688e-02 6.184768e+09 1.631079e+09 -8.403153e+09 -1.439503e+09 4.365879e+09
1.211563e-02 5.994689e+09 1.334915e+09 -7.110987e+09 -8.288381e+08 5.077586e+09
1.229554e-02 5.962085e+09 1.091992e+09 -5.668468e+09 -2.839001e+08 6.408497e+09
1.247535e-02 5.996356e+09 9.794417e+08 -3.898987e+09 4.829868e+08 8.041551e+09
1.265439e-02 6.118372e+09 8.593761e+08 -1.978794e+09 1.146503e+09 9.979687e+09
1.283343e-02 6.227219e+09 8.943148e+08 3.075310e+07 1.910019e+09 1.223685e+10
1.301293e-02 6.430083e+09 9.202432e+08 1.963597e+09 2.460959e+09 1.475643e+10
1.319355e-02 6.577522e+09 1.007367e+09 3.997841e+09 3.131230e+09 1.728283e+10
1.337382e-02 6.712417e+09 1.111104e+09 5.908848e+09 3.721724e+09 1.991045e+10
1.355335e-02 6.874002e+09 1.185998e+09 7.800096e+09 4.259791e+09 2.257513e+10
1.373274e-02 6.959159e+09 1.301767e+09 9.485567e+09 4.811758e+09 2.499763e+10
1.391170e-02 7.052048e+09 1.370404e+09 1.112969e+10 5.258490e+09 2.735965e+10
1.409058e-02 7.091805e+09 1.408847e+09 1.268665e+10 5.767433e+09 2.959848e+10
1.427002e-02 7.113025e+09 1.425910e+09 1.396032e+10 6.143713e+09 3.153499e+10
1.444910e-02 7.133239e+09 1.433795e+09 1.511465e+10 6.527809e+09 3.324330e+10
1.462844e-02 7.071222e+09 1.392540e+09 1.604713e+10 6.780937e+09 3.457901e+10
1.480897e-02 7.070608e+09 1.335314e+09 1.700796e+10 7.067908e+09 3.592406e+10
1.498891e-02 6.995090e+09 1.261023e+09 1.763870e+10 7.219448e+09 3.679955e+10
1.516797e-02 6.938411e+09 1.183459e+09 1.820942e+10 7.389051e+09 3.748699e+10
1.534742e-02 6.821840e+09 1.096492e+09 1.852398e+10 7.411228e+09 3.776626e+10
1.552755e-02 6.728020e+09 1.051432e+09 1.874481e+10 7.473545e+09 3.792367e+10
1.570712e-02 6.617809e+09 9.676321e+08 1.884561e+10 7.400728e+09 3.782349e+10
1.588558e-02 6.466639e+09 9.273053e+08 1.869810e+10 7.269678e+09 3.742679e+10
1.606539e-02 6.316667e+09 8.928033e+08 1.854831e+10 7.206393e+09 3.693345e+10
1.624590e-02 6.140457e+09 8.782746e+08 1.822376e+10 7.000938e+09 3.621793e+10
1.642530e-02 5.933208e+09 8.605822e+08 1.769488e+10 6.750899e+09 3.524584e+10
1.660477e-02 5.719094e+09 8.596056e+08 1.705688e+10 6.475154e+09 3.414275e+10
1.678430e-02 5.490475e+09 8.308040e+08 1.647245e+10 6.181747e+09 3.307385e+10
1.696359e-02 5.234643e+09 8.105177e+08 1.568239e+10 5.860161e+09 3.170316e+10
1.714294e-02 4.980339e+09 7.789320e+08 1.484887e+10 5.495436e+09 3.034093e+10
1.732202e-02 4.707836e+09 7.315354e+08 1.398806e+10 5.133307e+09 2.885720e+10
1.750141e-02 4.454176e+09 6.732858e+08 1.312499e+10 4.769015e+09 2.739013e+10
1.768181e-02 4.186372e+09 6.131322e+08 1.220521e+10 4.396868e+09 2.581517e+10
1.786131e-02 3.917761e+09 5.524336e+08 1.123792e+10 4.034829e+09 2.412831e+10
1.804025e-02 3.675505e+09 4.935890e+08 1.037490e+10 3.710812e+09 2.257212e+10
1.822032e-02 3.422314e+09 4.409413e+08 9.469598e+09 3.391428e+09 2.091633e+10
1.839987e-02 3.182454e+09 3.981012e+08 8.542871e+09 3.076483e+09 1.924561e+10
1.857923e-02 2.955750e+09 3.618940e+08 7.665215e+09 2.784259e+09 1.764559e+10
1.875889e-02 2.727458e+09 3.324531e+08 6.803047e+09 2.507240e+09 1.602661e+10
1.893827e-02 2.517416e+09 3.169946e+08 5.949328e+09 2.241413e+09 1.449568e+10
1.911768e-02 2.307710e+09 2.912093e+08 5.133216e+09 1.962258e+09 1.298965e+10
1.929737e-02 2.110223e+09 2.706477e+08 4.356128e+09 1.700974e+09 1.157356e+10
1.947670e-02 1.926952e+09 2.593197e+08 3.620295e+09 1.462857e+09 1.025332e+10
1.965601e-02 1.749214e+09 2.350837e+08 2.956176e+09 1.213482e+09 9.019045e+09
1.983541e-02 1.584357e+09 2.171076e+08 2.309012e+09 9.910269e+08 7.858151e+09
2.001489e-02 1.436420e+09 1.980466e+08 1.743890e+09 7.711950e+08 6.817103e+09
2.019468e-02 1.296316e+09 1.810611e+08 1.237085e+09 6.003974e+08 5.860258e+09
2.037444e-02 1.172192e+09 1.658851e+08 7.854551e+08 4.343907e+08 5.010423e+09
2.055417e-02 1.058808e+09 1.535622e+08 3.958900e+08 2.928332e+08 4.246939e+09
2.073390e-02 9.573704e+08 1.434695e+08 4.577944e+07 1.809028e+08 3.567935e+09
2.091338e-02 8.664122e+08 1.343063e+08 -2.268212e+08 8.637606e+07 2.985473e+09
2.109302e-02 7.890477e+08 1.278623e+08 -4.669015e+08 1.235174e+07 2.487034e+09
2.127237e-02 7.175288e+08 1.215218e+08 -6.513016e+08 -4.256795e+07 2.060642e+09
2.145116e-02 6.620734e+08 1.147626e+08 -7.965750e+08 -8.486842e+07 1.727396e+09
2.163077e-02 6.130246e+08 1.080185e+08 -8.905214e+08 -1.099860e+08 1.464846e+09
2.181049e-02 5.748697e+08 1.001905e+08 -9.492299e+08 -1.263030e+08 1.270570e+09
2.198999e-02 5.477437e+08 9.204378e+07 -9.717127e+08 -1.340620e+08 1.153468e+09
2.216980e-02 5.263125e+08 8.398158e+07 -9.517206e+08 -1.301864e+08 1.089186e+09
2.234970e-02 5.157827e+08 7.659374e+07 -9.057524e+08 -1.189578e+08 1.088885e+09
2.252980e-02 5.100864e+08 6.952384e+07 -8.244957e+08 -1.000264e+08 1.133915e+09
2.270853e-02 5.143658e+08 6.441809e+07 -7.264810e+08 -7.865372e+07 1.232536e+09
2.288717e-02 5.190217e+08 6.111393e+07 -5.984531e+08 -4.643997e+07 1.360333e+09
2.306686e-02 5.328073e+08 5.844734e+07 -4.599246e+08 -1.618508e+07 1.529754e+09
2.324649e-02 5.481776e+08 5.859164e+07 -3.052707e+08 2.053927e+07 1.724751e+09
2.342617e-02 5.680785e+08 5.806399e+07 -1.430445e+08 5.396566e+07 1.946100e+09
2.360560e-02 5.872253e+08 6.015024e+07 3.499392e+07 9.476373e+07 2.178388e+09
2.378549e-02 6.098444e+08 6.245310e+07 2.056076e+08 1.317391e+08 2.426607e+09
2.396571e-02 6.322225e+08 6.477380e+07 3.874507e+08 1.669555e+08 2.683191e+09
2.414482e-02 6.552486e+08 6.771492e+07 5.598291e+08 2.040696e+08 2.940871e+09
2.432376e-02 6.756941e+08 7.073168e+07 7.400406e+08 2.396016e+08 3.190537e+09
2.450343e-02 6.957151e+08 7.277576e+07 9.029273e+08 2.709628e+08 3.434524e+09
2.468304e-02 7.159628e+08 7.544022e+07 1.063463e+09 3.038607e+08 3.672741e+09
2.486245e-02 7.330167e+08 7.753212e+07 1.216020e+09 3.341687e+08 3.894232e+09
2.504187e-02 7.484968e+08 7.960354e+07 1.355093e+09 3.615631e+08 4.101753e+09
2.522156e-02 7.602982e+08 8.045355e+07 1.485805e+09 3.873508e+08 4.278597e+09
2.540110e-02 7.716310e+08 8.112378e+07 1.592378e+09 4.061596e+08 4.443849e+09
2.558029e-02 7.791398e+08 8.232914e+07 1.696079e+09 4.307844e+08 4.581640e+09
2.575992e-02 7.832720e+08 8.132806e+07 1.782359e+09 4.455442e+08 4.692137e+09
2.593954e-02 7.855784e+08 8.038162e+07 1.844116e+09 4.524683e+08 4.778985e+09
2.611933e-02 7.845436e+08 8.005481e+07 1.900298e+09 4.674406e+08 4.837086e+09
2.629913e-02 7.812397e+08 7.819691e+07 1.936416e+09 4.703587e+08 4.874097e+09
2.647853e-02 7.749987e+08 7.656164e+07 1.957438e+09 4.726744e+08 4.880178e+09
2.665812e-02 7.645972e+08 7.419513e+07 1.961802e+09 4.708783e+08 4.856084e+09
2.683805e-02 7.539953e+08 7.208162e+07 1.953868e+09 4.665894e+08 4.817760e+09
2.701719e-02 7.388410e+08 6.881294e+07 1.929664e+09 4.561423e+08 4.746144e+09
2.719620e-02 7.237005e+08 6.723202e+07 1.896768e+09 4.458842e+08 4.664136e+09
2.737553e-02 7.040865e+08 6.362726e+07 1.846674e+09 4.316667e+08 4.548379e+09
2.755538e-02 6.834445e+08 6.166130e+07 1.788170e+09 4.151562e+08 4.418748e+09
2.773538e-02 6.610762e+08 5.952220e+07 1.717933e+09 3.978331e+08 4.272255e+09
2.791455e-02 6.376225e+08 5.777916e+07 1.639329e+09 3.790123e+08 4.111447e+09
2.809381e-02 6.126658e+08 5.573093e+07 1.554834e+09 3.580601e+08 3.940138e+09
2.827308e-02 5.852879e+08 5.506460e+07 1.454905e+09 3.375637e+08 3.744983e+09
2.845277e-02 5.576550e+08 5.242134e+07 1.358190e+09 3.133611e+08 3.550679e+09
2.863250e-02 5.295566e+08 5.089138e+07 1.253896e+09 2.911646e+08 3.348039e+09
2.881166e-02 5.005101e+08 4.861801e+07 1.145326e+09 2.665792e+08 3.137470e+09
2.899137e-02 4.716728e+08 4.566824e+07 1.033531e+09 2.413834e+08 2.925248e+09
2.917126e-02 4.427423e+08 4.321656e+07 9.237866e+08 2.177291e+08 2.712322e+09
2.935071e-02 4.151786e+08 4.033762e+07 8.128762e+08 1.927038e+08 2.503205e+09
2.953030e-02 3.872265e+08 3.672667e+07 7.071101e+08 1.693348e+08 2.296041e+09
2.970997e-02 3.603492e+08 3.380770e+07 6.014847e+08 1.460776e+08 2.091037e+09
2.988940e-02 3.346712e+08 3.053369e+07 4.993312e+08 1.238211e+08 1.894107e+09
3.006874e-02 3.097892e+08 2.807346e+07 4.032534e+08 1.037010e+08 1.703457e+09
3.024815e-02 2.871641e+08 2.591005e+07 3.130200e+08 8.493996e+07 1.525982e+09
3.042767e-02 2.647830e+08 2.346569e+07 2.268490e+08 6.690385e+07 1.354118e+09
3.060744e-02 2.446955e+08 2.282287e+07 1.449248e+08 5.139572e+07 1.193588e+09
3.078708e-02 2.252648e+08 2.109423e+07 7.422522e+07 3.677773e+07 1.046163e+09
3.096646e-02 2.082478e+08 2.026780e+07 7.441967e+06 2.378526e+07 9.121786e+08
3.114600e-02 1.923362e+08 1.940016e+07 -5.166687e+07 1.172022e+07 7.901275e+08
3.132546e-02 1.780055e+08 1.833613e+07 -1.031387e+08 9.710402e+05 6.823512e+08
3.150520e-02 1.652241e+08 1.746186e+07 -1.455363e+08 -8.247881e+06 5.879540e+08
3.168484e-02 1.540376e+08 1.675079e+07 -1.806131e+08 -1.572063e+07 5.074819e+08
3.186375e-02 1.447614e+08 1.592011e+07 -2.079783e+08 -2.243751e+07 4.421887e+08
3.204302e-02 1.372492e+08 1.512308e+07 -2.279108e+08 -2.725264e+07 3.912945e+08
3.222277e-02 1.309632e+08 1.457574e+07 -2.396500e+08 -3.020191e+07 3.517910e+08
3.240259e-02 1.264572e+08 1.413968e+07 -2.449389e+08 -3.210032e+07 3.266785e+08
3.258186e-02 1.230024e+08 1.377536e+07 -2.427010e+08 -3.225303e+07 3.124061e+08
3.276123e-02 1.212996e+08 1.351396e+07 -2.350994e+08 -3.148006e+07 3.109400e+08
3.294133e-02 1.206911e+08 1.332104e+07 -2.212292e+08 -2.915634e+07 3.193694e+08
3.312088e-02 1.209834e+08 1.316162e+07 -2.017485e+08 -2.584903e+07 3.368907e+08
3.330035e-02 1.228074e+08 1.298936e+07 -1.784233e+08 -2.175895e+07 3.646270e+08
3.347992e-02 1.250162e+08 1.287621e+07 -1.499821e+08 -1.711390e+07 3.985301e+08
3.365971e-02 1.285897e+08 1.281605e+07 -1.184738e+08 -1.155167e+07 4.411784e+08
3.383927e-02 1.325270e+08 1.271188e+07 -8.404846e+07 -5.792228e+06 4.879986e+08
3.401835e-02 1.370125e+08 1.263413e+07 -4.619412e+07 4.096776e+05 5.400750e+08
3.419757e-02 1.421382e+08 1.267714e+07 -7.920226e+06 6.704100e+06 5.961855e+08
3.437723e-02 1.474561e+08 1.302709e+07 3.284612e+07 1.404683e+07 6.544602e+08
3.455683e-02 1.534435e+08 1.296918e+07 7.279522e+07 1.993557e+07 7.162173e+08
3.473619e-02 1.587046e+08 1.335933e+07 1.138995e+08 2.691500e+07 7.754170e+08
3.491584e-02 1.646789e+08 1.366163e+07 1.545512e+08 3.382956e+07 8.379135e+08
3.509556e-02 1.700600e+08 1.374868e+07 1.934649e+08 3.974362e+07 8.971045e+08
3.527533e-02 1.752245e+08 1.422600e+07 2.319535e+08 4.636364e+07 9.546207e+08
3.545456e-02 1.804408e+08 1.436003e+07 2.665519e+08 5.172924e+07 1.010104e+09
3.563370e-02 1.846274e+08 1.431411e+07 3.017726e+08 5.707902e+07 1.060601e+09
3.581332e-02 1.888343e+08 1.450359e+07 3.314753e+08 6.230732e+07 1.107391e+09
3.599287e-02 1.923257e+08 1.430172e+07 3.601181e+08 6.630192e+07 1.149794e+09
3.617240e-02 1.953607e+08 1.421007e+07 3.857436e+08 7.042744e+07 1.187458e+09
3.635196e-02 1.976776e+08 1.407862e+07 4.079726e+08 7.377645e+07 1.218654e+09
3.653161e-02 1.994557e+08 1.385018e+07 4.253822e+08 7.622396e+07 1.243465e+09
3.671117e-02 2.005773e+08 1.363866e+07 4.393408e+08 7.837037e+07 1.262305e+09
3.689084e-02 2.011047e+08 1.350258e+07 4.515080e+08 8.002944e+07 1.276263e+09
3.707056e-02 2.005895e+08 1.329280e+07 4.586601e+08 8.089534e+07 1.281411e+09
3.724984e-02 1.997849e+08 1.305939e+07 4.625940e+08 8.117796e+07 1.282579e+09
3.742914e-02 1.979176e+08 1.302144e+07 4.608037e+08 8.084990e+07 1.273922e+09
3.760871e-02 1.958272e+08 1.267392e+07 4.591505e+08 7.957600e+07 1.264507e+09
3.778826e-02 1.925445e+08 1.285114e+07 4.512970e+08 7.876182e+07 1.244045e+09
3.796764e-02 1.890961e+08 1.247072e+07 4.403194e+08 7.600603e+07 1.221139e+09
3.814709e-02 1.848544e+08 1.246813e+07 4.267627e+08 7.382018e+07 1.191382e+09
3.832696e-02 1.800208e+08 1.205681e+07 4.116342e+08 7.060094e+07 1.158566e+09
3.850665e-02 1.747268e+08 1.193008e+07 3.928535e+08 6.724589e+07 1.120372e+09
3.868582e-02 1.688288e+08 1.152062e+07 3.714856e+08 6.331744e+07 1.076858e+09
3.886530e-02 1.628303e+08 1.135737e+07 3.481559e+08 5.945826e+07 1.031742e+09
3.904481e-02 1.564172e+08 1.079330e+07 3.239035e+08 5.513929e+07 9.833909e+08
3.922441e-02 1.497499e+08 1.047946e+07 2.982627e+08 5.075498e+07 9.328792e+08
3.940396e-02 1.428884e+08 9.961636e+06 2.711536e+08 4.614039e+07 8.799614e+08
3.958316e-02 1.359016e+08 9.620557e+06 2.437944e+08 4.196372e+07 8.259670e+08
3.976287e-02 1.290446e+08 9.197344e+06 2.159029e+08 3.736814e+07 7.721244e+08
3.994250e-02 1.218835e+08 8.765690e+06 1.870207e+08 3.317163e+07 7.158525e+08
4.012200e-02 1.149607e+08 8.362160e+06 1.593950e+08 2.879093e+07 6.618557e+08
4.030171e-02 1.081292e+08 7.965845e+06 1.319200e+08 2.482507e+07 6.077127e+08
4.048123e-02 1.013612e+08 7.587688e+06 1.046566e+08 2.080873e+07 5.543715e+08
4.066058e-02 9.515018e+07 7.133394e+06 7.867278e+07 1.690810e+07 5.043783e+08
4.084001e-02 8.876417e+07 6.691428e+06 5.424200e+07 1.336207e+07 4.546450e+08
4.101966e-02 8.305699e+07 6.263730e+06 3.049467e+07 9.800968e+06 4.086020e+08
4.119937e-02 7.757299e+07 5.855732e+06 8.688361e+06 6.685736e+06 3.649952e+08
4.137874e-02 7.250170e+07 5.384579e+06 -1.137348e+07 3.475298e+06 3.245021e+08
4.155813e-02 6.783154e+07 5.005027e+06 -2.907322e+07 7.295278e+05 2.875366e+08
4.173777e-02 6.363188e+07 4.679593e+06 -4.516941e+07 -1.680420e+06 2.541328e+08
4.191752e-02 5.989946e+07 4.369743e+06 -5.894761e+07 -3.860689e+06 2.246710e+08
4.209699e-02 5.665141e+07 4.205826e+06 -7.077175e+07 -5.654489e+06 1.988959e+08
4.227635e-02 5.377858e+07 4.075157e+06 -7.997784e+07 -7.218254e+06 1.771616e+08
4.245594e-02 5.136988e+07 4.012008e+06 -8.710676e+07 -8.378089e+06 1.593342e+08
4.263530e-02 4.954404e+07 3.959326e+06 -9.243382e+07 -9.201038e+06 1.458260e+08
4.281442e-02 4.800240e+07 3.990837e+06 -9.518109e+07 -9.774041e+06 1.359158e+08
4.299392e-02 4.685428e+07 3.988482e+06 -9.590112e+07 -1.010324e+07 1.295540e+08
4.317364e-02 4.617492e+07 4.027134e+06 -9.472458e+07 -1.008983e+07 1.272353e+08
4.335324e-02 4.600626e+07 4.039670e+06 -9.183542e+07 -9.904262e+06 1.286178e+08
4.353285e-02 4.612680e+07 4.011156e+06 -8.700429e+07 -9.494605e+06 1.331459e+08
4.371256e-02 4.647764e+07 3.973306e+06 -8.015430e+07 -8.843743e+06 1.403836e+08
4.389237e-02 4.722844e+07 3.964482e+06 -7.189975e+07 -7.910787e+06 1.505950e+08
4.407181e-02 4.832160e+07 3.940532e+06 -6.241149e+07 -6.919084e+06 1.635010e+08
4.425100e-02 4.965884e+07 3.996692e+06 -5.170375e+07 -5.520834e+06 1.783903e+08
4.443069e-02 5.115044e+07 3.949311e+06 -3.967149e+07 -4.297248e+06 1.952640e+08
4.461032e-02 5.284147e+07 4.035137e+06 -2.699516e+07 -2.637690e+06 2.135313e+08
4.478953e-02 5.467387e+07 4.101417e+06 -1.352158e+07 -1.010972e+06 2.331716e+08
4.496901e-02 5.670113e+07 4.238583e+06 1.308254e+04 6.426856e+05 2.539104e+08
4.514874e-02 5.855686e+07 4.338822e+06 1.440761e+07 2.532079e+06 2.745198e+08
4.532821e-02 6.079361e+07 4.404797e+06 2.826127e+07 4.075748e+06 2.966967e+08
4.550745e-02 6.271135e+07 4.525236e+06 4.252746e+07 5.889502e+06 3.177472e+08
4.568707e-02 6.471311e+07 4.666062e+06 5.616254e+07 7.579234e+06 3.388628e+08
4.586694e-02 6.662677e+07 4.725403e+06 6.952521e+07 9.133782e+06 3.593236e+08
4.604629e-02 6.832681e+07 4.762396e+06 8.254460e+07 1.080286e+07 3.784916e+08
4.622568e-02 7.012958e+07 4.860044e+06 9.465130e+07 1.229834e+07 3.975483e+08
4.640539e-02 7.153390e+07 4.840616e+06 1.060337e+08 1.362384e+07 4.142071e+08
4.658483e-02 7.292177e+07 4.856523e+06 1.161732e+08 1.486661e+07 4.296955e+08
4.676428e-02 7.411410e+07 4.914716e+06 1.256042e+08 1.617092e+07 4.436029e+08
4.694377e-02 7.498525e+07 4.865963e+06 1.337549e+08 1.709207e+07 4.549926e+08
4.712315e-02 7.573201e+07 4.817916e+06 1.409280e+08 1.805014e+07 4.649999e+08
4.730271e-02 7.619886e+07 4.762866e+06 1.467107e+08 1.862387e+07 4.724991e+08
4.748233e-02 7.641992e+07 4.730224e+06 1.510612e+08 1.923182e+07 4.774852e+08
4.766205e-02 7.648908e+07 4.657574e+06 1.543823e+08 1.959818e+07 4.811628e+08
4.784146e-02 7.625428e+07 4.616518e+06 1.559632e+08 1.980084e+07 4.817036e+08
4.802067e-02 7.579310e+07 4.569615e+06 1.565907e+08 1.985951e+07 4.805362e+08
4.820042e-02 7.498830e+07 4.429530e+06 1.559157e+08 1.956751e+07 4.764822e+08
4.838029e-02 7.408429e+07 4.373232e+06 1.540311e+08 1.937773e+07 4.711415e+08
4.855956e-02 7.288761e+07 4.322704e+06 1.509300e+08 1.893401e+07 4.632343e+08
4.873901e-02 7.144693e+07 4.251988e+06 1.465612e+08 1.833333e+07 4.532420e+08
4.891873e-02 6.987351e+07 4.175277e+06 1.411795e+08 1.760520e+07 4.417273e+08
4.909828e-02 6.803627e+07 4.109504e+06 1.350254e+08 1.685991e+07 4.283577e+08
4.927778e-02 6.612202e+07 4.018123e+06 1.277536e+08 1.587256e+07 4.137343e+08
4.945710e-02 6.394730e+07 3.934390e+06 1.199082e+08 1.488430e+07 3.972028e+08
4.963681e-02 6.173569e+07 3.820455e+06 1.113188e+08 1.379103e+07 3.800570e+08
4.981627e-02 5.941329e+07 3.719945e+06 1.018385e+08 1.252627e+07 3.615633e+08
4.999549e-02 5.691476e+07 3.614446e+06 9.254663e+07 1.140178e+07 3.422877e+08
5.017513e-02 5.445283e+07 3.548520e+06 8.241756e+07 1.018614e+07 3.224849e+08
5.035469e-02 5.187391e+07 3.343401e+06 7.235881e+07 8.735336e+06 3.021793e+08
5.053422e-02 4.933062e+07 3.270348e+06 6.198726e+07 7.558657e+06 2.817143e+08
5.071373e-02 4.680072e+07 3.128512e+06 5.178310e+07 6.182053e+06 2.614356e+08
5.089331e-02 4.427874e+07 3.030816e+06 4.164612e+07 4.932054e+06 2.411528e+08
5.107290e-02 4.182391e+07 2.893505e+06 3.163522e+07 3.625690e+06 2.213800e+08
5.125246e-02 3.940136e+07 2.786340e+06 2.215012e+07 2.469239e+06 2.020388e+08
5.143191e-02 3.712018e+07 2.703438e+06 1.292756e+07 1.306506e+06 1.836384e+08
5.161130e-02 3.485616e+07 2.567839e+06 4.515838e+06 2.725988e+05 1.659047e+08
5.179073e-02 3.282494e+07 2.498368e+06 -3.793018e+06 -7.532561e+05 1.493882e+08
5.197023e-02 3.092209e+07 2.447579e+06 -1.131823e+07 -1.561736e+06 1.341303e+08
5.214995e-02 2.908572e+07 2.322344e+06 -1.801750e+07 -2.463746e+06 1.197840e+08
5.232948e-02 2.744886e+07 2.268776e+06 -2.400989e+07 -3.113059e+06 1.070001e+08
5.250892e-02 2.594480e+07 2.219048e+06 -2.920184e+07 -3.675233e+06 9.544569e+07
5.268863e-02 2.467158e+07 2.148402e+06 -3.372116e+07 -4.258560e+06 8.559974e+07
5.286820e-02 2.353038e+07 2.076965e+06 -3.721000e+07 -4.651474e+06 7.716719e+07
5.304764e-02 2.256398e+07 2.012941e+06 -3.985495e+07 -4.959569e+06 7.024610e+07
5.322715e-02 2.185716e+07 1.973139e+06 -4.184768e+07 -5.215074e+06 6.511360e+07
5.340663e-02 2.121625e+07 1.910651e+06 -4.271542e+07 -5.337660e+06 6.118996e+07
5.358625e-02 2.081128e+07 1.863614e+06 -4.286014e+07 -5.361560e+06 5.897704e+07
5.376579e-02 2.057596e+07 1.821660e+06 -4.221557e+07 -5.307440e+06 5.823010e+07
5.394514e-02 2.049266e+07 1.795404e+06 -4.076817e+07 -5.144758e+06 5.888038e+07
5.412441e-02 2.061979e+07 1.784108e+06 -3.872892e+07 -4.928550e+06 6.103794e+07
5.430414e-02 2.077384e+07 1.752385e+06 -3.573098e+07 -4.590804e+06 6.406796e+07
5.448388e-02 2.117218e+07 1.748990e+06 -3.236948e+07 -4.180569e+06 6.861330e+07
5.466309e-02 2.159327e+07 1.750272e+06 -2.823726e+07 -3.697954e+06 7.386772e+07
5.484261e-02 2.222187e+07 1.752012e+06 -2.384158e+07 -3.180959e+06 8.043513e+07
5.502222e-02 2.289051e+07 1.739125e+06 -1.887214e+07 -2.624022e+06 8.757617e+07
5.520186e-02 2.361626e+07 1.756060e+06 -1.354137e+07 -1.989212e+06 9.535838e+07
5.538127e-02 2.449574e+07 1.735459e+06 -8.064250e+06 -1.414100e+06 1.039868e+08
5.556057e-02 2.528774e+07 1.752564e+06 -2.198491e+06 -7.159161e+05 1.125342e+08
5.574024e-02 2.625176e+07 1.746370e+06 3.671503e+06 -8.876423e+04 1.218949e+08
5.591990e-02 2.713956e+07 1.742346e+06 9.670571e+06 5.611838e+05 1.309977e+08
5.609947e-02 2.809894e+07 1.756927e+06 1.564087e+07 1.218994e+06 1.404802e+08
5.627892e-02 2.901739e+07 1.765188e+06 2.143725e+07 1.853368e+06 1.495688e+08
5.645856e-02 2.988711e+07 1.756287e+06 2.724129e+07 2.445034e+06 1.584658e+08
5.663826e-02 3.078504e+07 1.802087e+06 3.265556e+07 3.042289e+06 1.672082e+08
5.681769e-02 3.156030e+07 1.778578e+06 3.794629e+07 3.556213e+06 1.752142e+08
5.699710e-02 3.230988e+07 1.831017e+06 4.278754e+07 4.080942e+06 1.828175e+08
5.717663e-02 3.299014e+07 1.820673e+06 4.742941e+07 4.472142e+06 1.898720e+08
5.735605e-02 3.356233e+07 1.858595e+06 5.137754e+07 4.889887e+06 1.958900e+08
5.753539e-02 3.404631e+07 1.870809e+06 5.506227e+07 5.202474e+06 2.013198e+08
5.771483e-02 3.445180e+07 1.902774e+06 5.816856e+07 5.509386e+06 2.058683e+08
5.789466e-02 3.472988e+07 1.924769e+06 6.082387e+07 5.670668e+06 2.095026e+08
5.807436e-02 3.488732e+07 1.972457e+06 6.285530e+07 5.911292e+06 2.120659e+08
5.825359e-02 3.497704e+07 1.964659e+06 6.434510e+07 5.938384e+06 2.139324e+08
5.843303e-02 3.490800e+07 2.010346e+06 6.537458e+07 6.040529e+06 2.146908e+08
5.861274e-02 3.470816e+07 2.028732e+06 6.566078e+07 6.077248e+06 2.142004e+08
5.879233e-02 3.444486e+07 2.029833e+06 6.555842e+07 6.006620e+06 2.131777e+08
5.897187e-02 3.403207e+07 2.020270e+06 6.468175e+07 5.914450e+06 2.108114e+08
5.915148e-02 3.352927e+07 2.023012e+06 6.361911e+07 5.832188e+06 2.078249e+08
5.933120e-02 3.293069e+07 1.960067e+06 6.175876e+07 5.588121e+06 2.037755e+08
5.951050e-02 3.221847e+07 1.948398e+06 5.953211e+07 5.448180e+06 1.988267e+08
5.968960e-02 3.147416e+07 1.887295e+06 5.688276e+07 5.161708e+06 1.933563e+08
5.986932e-02 3.056885e+07 1.804182e+06 5.388618e+07 4.864879e+06 1.867794e+08
6.004880e-02 2.970334e+07 1.753309e+06 5.038934e+07 4.549192e+06 1.799572e+08
6.022820e-02 2.870710e+07 1.667569e+06 4.668449e+07 4.181676e+06 1.722747e+08
6.040778e-02 2.769210e+07 1.609283e+06 4.273567e+07 3.818980e+06 1.642399e+08
6.058726e-02 2.668381e+07 1.537831e+06 3.850932e+07 3.398238e+06 1.560014e+08
6.076685e-02 2.556821e+07 1.466825e+06 3.409604e+07 2.950906e+06 1.470935e+08
6.094640e-02 2.448116e+07 1.437904e+06 2.955918e+07 2.572692e+06 1.381144e+08
6.112606e-02 2.339017e+07 1.351837e+06 2.505218e+07 2.044004e+06 1.291854e+08
6.130567e-02 2.228874e+07 1.328806e+06 2.044591e+07 1.642237e+06 1.201046e+08
6.148499e-02 2.119700e+07 1.285070e+06 1.591937e+07 1.191769e+06 1.110949e+08
6.166458e-02 2.011063e+07 1.239658e+06 1.144759e+07 7.131686e+05 1.021992e+08
6.184419e-02 1.909849e+07 1.208479e+06 7.074064e+06 2.709482e+05 9.372164e+07
6.202378e-02 1.807823e+07 1.170973e+06 2.946435e+06 -1.324809e+05 8.540602e+07
6.220328e-02 1.711678e+07 1.128214e+06 -1.020676e+06 -5.649608e+05 7.747093e+07
6.238252e-02 1.622176e+07 1.101308e+06 -4.666953e+06 -9.160661e+05 7.013074e+07
6.256203e-02 1.536670e+07 1.062654e+06 -8.105766e+06 -1.288686e+06 6.315703e+07
6.274173e-02 1.460162e+07 1.031894e+06 -1.114257e+07 -1.591484e+06 5.689504e+07
6.292133e-02 1.388645e+07 9.935076e+05 -1.391418e+07 -1.903401e+06 5.110553e+07
6.310073e-02 1.325716e+07 9.758369e+05 -1.624067e+07 -2.116388e+06 4.605638e+07
6.328018e-02 1.270099e+07 9.482636e+05 -1.820747e+07 -2.330416e+06 4.165578e+07
6.345987e-02 1.223966e+07 9.324300e+05 -1.979971e+07 -2.492058e+06 3.802484e+07
6.363932e-02 1.184583e+07 9.220874e+05 -2.095457e+07 -2.611182e+06 3.505597e+07
6.381883e-02 1.152876e+07 9.128108e+05 -2.170133e+07 -2.691476e+06 3.279291e+07
6.399840e-02 1.131377e+07 9.153403e+05 -2.209912e+07 -2.725466e+06 3.134342e+07
6.417787e-02 1.114764e+07 9.183088e+05 -2.201473e+07 -2.723596e+06 3.050816e+07
6.435740e-02 1.107390e+07 9.207706e+05 -2.158608e+07 -2.690502e+06 3.041288e+07
6.453672e-02 1.108179e+07 9.356108e+05 -2.081281e+07 -2.612206e+06 3.103237e+07
6.471627e-02 1.114302e+07 9.389298e+05 -1.963814e+07 -2.519822e+06 3.223644e+07
6.489573e-02 1.129291e+07 9.447720e+05 -1.821086e+07 -2.387814e+06 3.411930e+07
6.507532e-02 1.148814e+07 9.610142e+05 -1.638555e+07 -2.217624e+06 3.652860e+07
6.525498e-02 1.174176e+07 9.631528e+05 -1.433291e+07 -2.037473e+06 3.945927e+07
6.543438e-02 1.203825e+07 9.620986e+05 -1.202028e+07 -1.820132e+06 4.280501e+07
6.561406e-02 1.240166e+07 9.681821e+05 -9.489481e+06 -1.588920e+06 4.665478e+07
6.579354e-02 1.279024e+07 9.589755e+05 -6.790996e+06 -1.339885e+06 5.080421e+07
6.597293e-02 1.320472e+07 9.694744e+05 -3.940902e+06 -1.042074e+06 5.518020e+07
6.615268e-02 1.366293e+07 9.529945e+05 -9.605968e+05 -7.684188e+05 5.987471e+07
6.633236e-02 1.411945e+07 9.565041e+05 2.051951e+06 -4.457359e+05 6.461170e+07
6.651186e-02 1.461807e+07 9.430650e+05 5.091124e+06 -1.529041e+05 6.955359e+07
6.669114e-02 1.508471e+07 9.280079e+05 8.163033e+06 1.618074e+05 7.436298e+07
6.687057e-02 1.557384e+07 9.270739e+05 1.118141e+07 4.937318e+05 7.923027e+07
6.705025e-02 1.604683e+07 9.114245e+05 1.407419e+07 7.878982e+05 8.391027e+07
6.722990e-02 1.650071e+07 8.849346e+05 1.697038e+07 1.064182e+06 8.847726e+07
6.740941e-02 1.693681e+07 8.900547e+05 1.961413e+07 1.364903e+06 9.275033e+07
6.758867e-02 1.735778e+07 8.631048e+05 2.211167e+07 1.614471e+06 9.682121e+07
6.776822e-02 1.772889e+07 8.618568e+05 2.445325e+07 1.857015e+06 1.004987e+08
6.794788e-02 1.807502e+07 8.382924e+05 2.655412e+07 2.026522e+06 1.038587e+08
6.812729e-02 1.836958e+07 8.416535e+05 2.842765e+07 2.243677e+06 1.067719e+08
6.830688e-02 1.862592e+07 8.225424e+05 3.004590e+07 2.355762e+06 1.092831e+08
6.848624e-02 1.883320e+07 8.379974e+05 3.142129e+07 2.498965e+06 1.113568e+08
6.866563e-02 1.896609e+07 8.294231e+05 3.245461e+07 2.548454e+06 1.128080e+08
6.884532e-02 1.904967e+07 8.398837e+05 3.324636e+07 2.604291e+06 1.138197e+08
6.902501e-02 1.908391e+07 8.462934e+05 3.381802e+07 2.637612e+06 1.144136e+08
6.920471e-02 1.906704e+07 8.606123e+05 3.399728e+07 2.613762e+06 1.144839e+08
6.938409e-02 1.895971e+07 8.722204e+05 3.388258e+07 2.567545e+06 1.138724e+08
6.956343e-02 1.882444e+07 8.878628e+05 3.361839e+07 2.521853e+06 1.130324e+08
6.974295e-02 1.860847e+07 8.958711e+05 3.292589e+07 2.408362e+06 1.114630e+08
6.992262e-02 1.834109e+07 9.068464e+05 3.207380e+07 2.318291e+06 1.095344e+08
7.010211e-02 1.802883e+07 9.098264e+05 3.089508e+07 2.162986e+06 1.071486e+08
7.028154e-02 1.765775e+07 9.237895e+05 2.958946e+07 2.046130e+06 1.043443e+08
7.046115e-02 1.724804e+07 9.123968e+05 2.800520e+07 1.860088e+06 1.011694e+08
7.064068e-02 1.680617e+07 9.076366e+05 2.623806e+07 1.666712e+06 9.766041e+07
7.081999e-02 1.630467e+07 9.123791e+05 2.432343e+07 1.523356e+06 9.377419e+07
7.099948e-02 1.578859e+07 8.970202e+05 2.224774e+07 1.290041e+06 8.966202e+07
7.117917e-02 1.523766e+07 8.882902e+05 2.008628e+07 1.114413e+06 8.530643e+07
7.135856e-02 1.469345e+07 8.816612e+05 1.777912e+07 9.143721e+05 8.088574e+07
7.153818e-02 1.408583e+07 8.615489e+05 1.545337e+07 7.004958e+05 7.611376e+07
7.171778e-02 1.350973e+07 8.532449e+05 1.303346e+07 5.086161e+05 7.145510e+07
7.189719e-02 1.292024e+07 8.386570e+05 1.062142e+07 3.083863e+05 6.670632e+07
7.207684e-02 1.232212e+07 8.176040e+05 8.248132e+06 1.175765e+05 6.194922e+07
7.225635e-02 1.175086e+07 7.935076e+05 5.833814e+06 -7.926181e+04 5.731121e+07
7.243580e-02 1.117328e+07 7.710013e+05 3.571406e+06 -2.526821e+05 5.273414e+07
7.261540e-02 1.062090e+07 7.418619e+05 1.315156e+06 -4.247079e+05 4.828878e+07
7.279498e-02 1.010985e+07 7.168721e+05 -8.068793e+05 -5.839749e+05 4.412842e+07
7.297435e-02 9.607267e+06 6.806796e+05 -2.800580e+06 -7.216572e+05 4.010538e+07
7.315367e-02 9.142558e+06 6.462989e+05 -4.658712e+06 -8.658392e+05 3.637622e+07
7.333339e-02 8.715285e+06 6.194501e+05 -6.349145e+06 -9.807732e+05 3.292057e+07
7.351304e-02 8.335168e+06 5.862837e+05 -7.878689e+06 -1.077056e+06 2.982371e+07
7.369245e-02 7.990756e+06 5.626379e+05 -9.219940e+06 -1.157386e+06 2.704291e+07
7.387205e-02 7.686939e+06 5.283845e+05 -1.034809e+07 -1.227280e+06 2.460230e+07
7.405161e-02 7.440080e+06 5.062892e+05 -1.130622e+07 -1.282332e+06 2.257425e+07
7.423102e-02 7.228908e+06 4.845902e+05 -1.202381e+07 -1.315673e+06 2.089723e+07
7.441034e-02 7.070483e+06 4.597703e+05 -1.254570e+07 -1.341686e+06 1.962593e+07
7.458994e-02 6.949565e+06 4.419114e+05 -1.282460e+07 -1.349204e+06 1.870963e+07
7.476952e-02 6.892078e+06 4.290964e+05 -1.294212e+07 -1.353665e+06 1.823687e+07
7.494880e-02 6.871677e+06 4.129062e+05 -1.282281e+07 -1.346861e+06 1.811988e+07
7.512837e-02 6.887176e+06 4.057939e+05 -1.248184e+07 -1.320120e+06 1.834885e+07
7.530798e-02 6.949614e+06 4.051624e+05 -1.196282e+07 -1.287943e+06 1.893793e+07
7.548748e-02 7.049238e+06 4.039231e+05 -1.126135e+07 -1.253453e+06 1.987656e+07
7.566700e-02 7.190220e+06 4.169650e+05 -1.038024e+07 -1.198741e+06 2.114545e+07
7.584667e-02 7.351058e+06 4.266298e+05 -9.339686e+06 -1.136068e+06 2.267228e+07
7.602629e-02 7.545746e+06 4.455511e+05 -8.153814e+06 -1.071803e+06 2.448648e+07
7.620569e-02 7.754495e+06 4.688748e+05 -6.844883e+06 -9.944086e+05 2.648406e+07
7.638530e-02 7.990303e+06 4.956313e+05 -5.430194e+06 -8.957770e+05 2.873624e+07
7.656501e-02 8.234746e+06 5.159364e+05 -3.909247e+06 -8.109324e+05 3.111823e+07
7.674455e-02 8.492014e+06 5.364589e+05 -2.327971e+06 -7.183035e+05 3.364560e+07
7.692398e-02 8.758947e+06 5.643386e+05 -7.158956e+05 -6.134326e+05 3.626097e+07
7.710340e-02 9.020738e+06 5.819584e+05 9.626632e+05 -5.089851e+05 3.891456e+07
7.728275e-02 9.292662e+06 5.971774e+05 2.635879e+06 -3.980833e+05 4.162253e+07
7.746218e-02 9.561646e+06 6.152004e+05 4.308451e+06 -2.913302e+05 4.432529e+07
7.764173e-02 9.804483e+06 6.231191e+05 5.955084e+06 -1.972104e+05 4.688862e+07
7.782134e-02 1.005936e+07 6.375519e+05 7.557895e+06 -7.796772e+04 4.948277e+07
7.800113e-02 1.028970e+07 6.487972e+05 9.114622e+06 2.302155e+04 5.191609e+07
7.818053e-02 1.050954e+07 6.596233e+05 1.054458e+07 1.374428e+05 5.421465e+07
7.835977e-02 1.070260e+07 6.603641e+05 1.193322e+07 2.129894e+05 5.634358e+07
7.853945e-02 1.087191e+07 6.688874e+05 1.317756e+07 3.262550e+05 5.826077e+07
7.871901e-02 1.101789e+07 6.711059e+05 1.432150e+07 4.154470e+05 5.997588e+07
7.889852e-02 1.114051e+07 6.718466e+05 1.530861e+07 5.023974e+05 6.146884e+07
7.907812e-02 1.124050e+07 6.585012e+05 1.615724e+07 5.551259e+05 6.272467e+07
7.925765e-02 1.129858e+07 6.600538e+05 1.686805e+07 6.636256e+05 6.366994e+07
7.943713e-02 1.134031e+07 6.452882e+05 1.738040e+07 7.010258e+05 6.437010e+07
7.961653e-02 1.135318e+07 6.272348e+05 1.777898e+07 7.528344e+05 6.482886e+07
7.979598e-02 1.132314e+07 6.159270e+05 1.797007e+07 8.098400e+05 6.489390e+07
7.997559e-02 1.127844e+07 5.900232e+05 1.804483e+07 8.193081e+05 6.477192e+07
8.015521e-02 1.119147e+07 5.688658e+05 1.790998e+07 8.409174e+05 6.426842e+07
8.033477e-02 1.109530e+07 5.562416e+05 1.766874e+07 8.446544e+05 6.361437e+07
8.051401e-02 1.096518e+07 5.367118e+05 1.721522e+07 8.359270e+05 6.261074e+07
8.069347e-02 1.079745e+07 5.143606e+05 1.667686e+07 8.028615e+05 6.133533e+07
8.087332e-02 1.062166e+07 4.988890e+05 1.595477e+07 7.525336e+05 5.986032e+07
8.105287e-02 1.040831e+07 4.900996e+05 1.511654e+07 7.017090e+05 5.810965e+07
8.123233e-02 1.018571e+07 4.797632e+05 1.417997e+07 6.256627e+05 5.623153e+07
8.141188e-02 9.942320e+06 4.725483e+05 1.314433e+07 5.466258e+05 5.415867e+07
8.159141e-02 9.667400e+06 4.706219e+05 1.201313e+07 4.521301e+05 5.186124e+07
8.177087e-02 9.387373e+06 4.681316e+05 1.079869e+07 3.393520e+05 4.948300e+07
8.195037e-02 9.093129e+06 4.693907e+05 9.552996e+06 2.359610e+05 4.700794e+07
8.212994e-02 8.786053e+06 4.776492e+05 8.233112e+06 1.372515e+05 4.442488e+07
8.230951e-02 8.473546e+06 4.783355e+05 6.899746e+06 7.464767e+03 4.180517e+07
8.248900e-02 8.151842e+06 4.813528e+05 5.545760e+06 -1.061889e+05 3.914872e+07
8.266844e-02 7.836709e+06 4.853899e+05 4.195387e+06 -2.160503e+05 3.652414e+07
8.284785e-02 7.509547e+06 4.905801e+05 2.854370e+06 -3.230996e+05 3.386378e+07
8.302730e-02 7.199988e+06 4.863578e+05 1.553468e+06 -4.369768e+05 3.130889e+07
8.320692e-02 6.890976e+06 4.846363e+05 2.862158e+05 -5.358693e+05 2.880042e+07
8.338648e-02 6.593506e+06 4.796987e+05 -9.208979e+05 -6.349204e+05 2.638951e+07
8.356601e-02 6.312094e+06 4.749017e+05 -2.046671e+06 -7.221956e+05 2.411003e+07
8.374563e-02 6.037210e+06 4.673143e+05 -3.107387e+06 -8.062050e+05 2.193405e+07
8.392511e-02 5.795932e+06 4.591992e+05 -4.073094e+06 -8.790874e+05 1.997034e+07
8.410459e-02 5.557620e+06 4.525045e+05 -4.937903e+06 -9.453651e+05 1.812611e+07
8.428421e-02 5.354758e+06 4.461635e+05 -5.694562e+06 -9.949646e+05 1.651326e+07
8.446368e-02 5.164155e+06 4.393795e+05 -6.341972e+06 -1.040383e+06 1.507708e+07
8.464319e-02 5.003104e+06 4.336563e+05 -6.874144e+06 -1.073412e+06 1.385565e+07
8.482280e-02 4.865542e+06 4.264634e+05 -7.284218e+06 -1.097920e+06 1.286478e+07
8.500226e-02 4.755393e+06 4.214233e+05 -7.582168e+06 -1.108390e+06 1.208911e+07
8.518174e-02 4.665264e+06 4.131613e+05 -7.743334e+06 -1.108438e+06 1.152987e+07
8.536136e-02 4.604070e+06 4.059556e+05 -7.789334e+06 -1.100002e+06 1.120464e+07
8.554093e-02 4.569125e+06 3.974786e+05 -7.717812e+06 -1.076618e+06 1.108942e+07
8.572028e-02 4.560862e+06 3.876681e+05 -7.533124e+06 -1.054012e+06 1.120331e+07
8.589963e-02 4.575182e+06 3.791039e+05 -7.227618e+06 -1.014340e+06 1.151279e+07
8.607915e-02 4.609972e+06 3.676711e+05 -6.814803e+06 -9.668028e+05 1.200776e+07
8.625868e-02 4.673793e+06 3.598261e+05 -6.314903e+06 -9.155374e+05 1.271136e+07
8.643824e-02 4.757468e+06 3.497300e+05 -5.715392e+06 -8.574117e+05 1.357591e+07
8.661787e-02 4.857243e+06 3.411229e+05 -5.034326e+06 -7.945776e+05 1.458818e+07
8.679744e-02 4.975800e+06 3.337036e+05 -4.280127e+06 -7.292785e+05 1.574477e+07
8.697703e-02 5.108362e+06 3.249159e+05 -3.466917e+06 -6.577656e+05 1.701200e+07
8.715648e-02 5.257853e+06 3.217029e+05 -2.595954e+06 -5.866563e+05 1.841094e+07
8.733588e-02 5.410086e+06 3.154685e+05 -1.681222e+06 -5.195395e+05 1.984517e+07
8.751546e-02 5.575656e+06 3.095587e+05 -7.437215e+05 -4.517517e+05 2.136391e+07
8.769504e-02 5.745784e+06 3.085258e+05 2.183516e+05 -3.805703e+05 2.292366e+07
8.787468e-02 5.918963e+06 3.089355e+05 1.183115e+06 -3.152016e+05 2.449474e+07
8.805415e-02 6.091114e+06 3.064871e+05 2.164411e+06 -2.596882e+05 2.606962e+07
8.823359e-02 6.262255e+06 3.128468e+05 3.110027e+06 -1.972625e+05 2.761006e+07
8.841311e-02 6.429693e+06 3.165980e+05 4.042133e+06 -1.439777e+05 2.911911e+07
8.859270e-02 6.585255e+06 3.241148e+05 4.940832e+06 -9.607519e+04 3.054600e+07
8.877226e-02 6.736943e+06 3.360136e+05 5.792262e+06 -5.526439e+04 3.192043e+07
8.895172e-02 6.873375e+06 3.472971e+05 6.604010e+06 -1.507985e+04 3.317952e+07
8.913118e-02 6.993668e+06 3.593872e+05 7.334969e+06 1.485776e+04 3.431916e+07
8.931072e-02 7.103615e+06 3.751217e+05 8.018866e+06 3.696307e+04 3.535378e+07
8.949031e-02 7.199231e+06 3.843243e+05 8.601173e+06 4.420150e+04 3.625492e+07
8.966973e-02 7.271615e+06 3.993816e+05 9.131357e+06 5.544640e+04 3.699500e+07
8.984928e-02 7.324686e+06 4.078901e+05 9.557695e+06 4.120118e+04 3.755085e+07
9.002870e-02 7.361946e+06 4.185903e+05 9.910677e+06 2.292929e+04 3.797588e+07
9.020814e-02 7.377144e+06 4.258191e+05 1.018400e+07 -4.694829e+03 3.820854e+07
9.038774e-02 7.377292e+06 4.308477e+05 1.034585e+07 -5.831757e+04 3.828084e+07
9.056723e-02 7.351582e+06 4.371951e+05 1.044690e+07 -1.228648e+05 3.815540e+07
9.074682e-02 7.313832e+06 4.444669e+05 1.043673e+07 -2.045045e+05 3.788274e+07
9.092635e-02 7.250707e+06 4.558265e+05 1.034972e+07 -2.967078e+05 3.741841e+07
9.110583e-02 7.173686e+06 4.693256e+05 1.021537e+07 -4.109503e+05 3.684390e+07
9.128546e-02 7.076711e+06 4.846218e+05 9.975980e+06 -5.491547e+05 3.611842e+07
9.146502e-02 6.961406e+06 5.216949e+05 9.703620e+06 -6.625847e+05 3.529593e+07
9.164437e-02 6.833656e+06 5.744199e+05 9.361121e+06 -7.688277e+05 3.443920e+07
9.182391e-02 6.688338e+06 6.944701e+05 9.005269e+06 -7.264681e+05 3.357283e+07
