# k, q0, q1/i, q2, q3/i, q4, norm, alpha = 1.18448e+01, 2.00279e-02
0.000000e+00 7.431974e+13 0.000000e+00 0.000000e+00 0.000000e+00 -1.689792e+13
2.542755e-04 7.297808e+13 1.010139e+13 6.692617e+10 -9.024404e+10 4.377153e+12
4.308321e-04 7.062595e+13 1.652748e+13 4.871621e+09 2.143353e+11 -1.713405e+12
6.127972e-04 6.706522e+13 2.228000e+13 1.218083e+11 5.646910e+11 1.516465e+12
7.953316e-04 6.256749e+13 2.687868e+13 2.694587e+11 1.388946e+12 1.608100e+11
9.814571e-04 5.722765e+13 3.014631e+13 6.498982e+11 2.388289e+12 -6.560897e+11
1.156539e-03 5.179663e+13 3.186056e+13 1.132647e+12 3.981717e+12 -1.765258e+12
1.336205e-03 4.597402e+13 3.236872e+13 2.105107e+12 5.547374e+12 -1.784475e+12
1.522449e-03 4.004568e+13 3.145805e+13 3.163401e+12 7.868848e+12 -3.830337e+12
1.702691e-03 3.442258e+13 2.976145e+13 4.727651e+12 1.000047e+13 -3.963655e+12
1.882192e-03 2.937823e+13 2.703119e+13 6.233044e+12 1.234964e+13 -6.670842e+12
2.058659e-03 2.472602e+13 2.412451e+13 8.019479e+12 1.479558e+13 -7.132786e+12
2.236532e-03 2.065990e+13 2.078636e+13 9.853208e+12 1.663176e+13 -8.883503e+12
2.420114e-03 1.724465e+13 1.730732e+13 1.140755e+13 1.911083e+13 -1.108565e+13
2.599101e-03 1.432370e+13 1.417830e+13 1.296056e+13 2.062936e+13 -1.221104e+13
2.777369e-03 1.192629e+13 1.135172e+13 1.425359e+13 2.171017e+13 -1.298202e+13
2.956466e-03 1.000405e+13 8.965357e+12 1.507523e+13 2.260605e+13 -1.369750e+13
3.137227e-03 8.549240e+12 6.930509e+12 1.563402e+13 2.285424e+13 -1.405971e+13
3.318471e-03 7.280094e+12 5.393115e+12 1.572538e+13 2.266250e+13 -1.380491e+13
3.497455e-03 6.295602e+12 4.175245e+12 1.554729e+13 2.196256e+13 -1.303098e+13
3.677740e-03 5.505916e+12 3.333907e+12 1.496721e+13 2.093870e+13 -1.208007e+13
3.857458e-03 4.886657e+12 2.780508e+12 1.411182e+13 1.972256e+13 -1.100644e+13
4.036058e-03 4.307502e+12 2.301799e+12 1.320966e+13 1.814357e+13 -9.332405e+12
4.215732e-03 3.789111e+12 1.993323e+12 1.205893e+13 1.640617e+13 -7.752198e+12
4.393900e-03 3.383314e+12 1.744687e+12 1.100007e+13 1.480278e+13 -6.130884e+12
4.573307e-03 2.972278e+12 1.538595e+12 9.835087e+12 1.308410e+13 -4.621282e+12
4.754683e-03 2.615861e+12 1.315756e+12 8.781107e+12 1.142390e+13 -3.104149e+12
4.935208e-03 2.325446e+12 1.116094e+12 7.900053e+12 9.955880e+12 -1.744102e+12
5.114267e-03 2.042738e+12 9.308234e+11 7.007759e+12 8.610629e+12 -7.328509e+11
5.292984e-03 1.830506e+12 7.686361e+11 6.306065e+12 7.486430e+12 1.368334e+11
5.471846e-03 1.624294e+12 6.159454e+11 5.619413e+12 6.442080e+12 7.956718e+11
5.651916e-03 1.469135e+12 5.068151e+11 5.096744e+12 5.600402e+12 1.285072e+12
5.831477e-03 1.311436e+12 4.065869e+11 4.553812e+12 4.830111e+12 1.573254e+12
6.011451e-03 1.187490e+12 3.446656e+11 4.105546e+12 4.187053e+12 1.783074e+12
6.191171e-03 1.072082e+12 3.152301e+11 3.676732e+12 3.658944e+12 1.838537e+12
6.370885e-03 9.657837e+11 2.871406e+11 3.292629e+12 3.173030e+12 1.869527e+12
6.550978e-03 8.646178e+11 2.738679e+11 2.919749e+12 2.756723e+12 1.824365e+12
6.729662e-03 7.701679e+11 2.653805e+11 2.577943e+12 2.376830e+12 1.770675e+12
6.908722e-03 6.816129e+11 2.564237e+11 2.262720e+12 2.058461e+12 1.680411e+12
7.088232e-03 5.974383e+11 2.394240e+11 1.973621e+12 1.764410e+12 1.587391e+12
7.267194e-03 5.239395e+11 2.206366e+11 1.719133e+12 1.506496e+12 1.508247e+12
7.447006e-03 4.504014e+11 1.935401e+11 1.481052e+12 1.276192e+12 1.396902e+12
7.626893e-03 3.937006e+11 1.654292e+11 1.294332e+12 1.091388e+12 1.306900e+12
7.807282e-03 3.361368e+11 1.363739e+11 1.099594e+12 9.127810e+11 1.189098e+12
7.987750e-03 2.912610e+11 1.081890e+11 9.536676e+11 7.802560e+11 1.080867e+12
8.167388e-03 2.549301e+11 8.327645e+10 8.318889e+11 6.674071e+11 9.752117e+11
8.345882e-03 2.189411e+11 6.221857e+10 7.047478e+11 5.629338e+11 8.578468e+11
8.524356e-03 1.932430e+11 4.730942e+10 6.108969e+11 4.877258e+11 7.469247e+11
8.703951e-03 1.685500e+11 3.488339e+10 5.175923e+11 4.138358e+11 6.433171e+11
8.883655e-03 1.494947e+11 2.863977e+10 4.423798e+11 3.577161e+11 5.461075e+11
9.063959e-03 1.308346e+11 2.360568e+10 3.649881e+11 3.012203e+11 4.543425e+11
9.243959e-03 1.144693e+11 2.045085e+10 2.982400e+11 2.508833e+11 3.734273e+11
9.423354e-03 1.011157e+11 2.011399e+10 2.433136e+11 2.101154e+11 3.078999e+11
9.603476e-03 8.792061e+10 1.859797e+10 1.914930e+11 1.693630e+11 2.481553e+11
9.782217e-03 7.636704e+10 1.832177e+10 1.469215e+11 1.354792e+11 1.982822e+11
9.961474e-03 6.639784e+10 1.740205e+10 1.088285e+11 1.040902e+11 1.589757e+11
1.014145e-02 5.738945e+10 1.651474e+10 7.804762e+10 7.823240e+10 1.263882e+11
1.032017e-02 4.929206e+10 1.542021e+10 5.161058e+10 5.671446e+10 9.943039e+10
1.049983e-02 4.238454e+10 1.389133e+10 3.179227e+10 3.890002e+10 7.777793e+10
1.067933e-02 3.649712e+10 1.275945e+10 1.505712e+10 2.546908e+10 5.978554e+10
1.085922e-02 3.143863e+10 1.153262e+10 3.131103e+09 1.544214e+10 4.581387e+10
1.103911e-02 2.717958e+10 1.026267e+10 -6.686300e+09 7.665522e+09 3.399059e+10
1.121859e-02 2.348537e+10 8.970985e+09 -1.288274e+10 3.000352e+09 2.451269e+10
1.139867e-02 2.069100e+10 7.920847e+09 -1.730567e+10 -1.989951e+08 1.767248e+10
1.157742e-02 1.843166e+10 6.899515e+09 -1.977413e+10 -1.887431e+09 1.285422e+10
1.175702e-02 1.660791e+10 5.905986e+09 -2.065533e+10 -2.550825e+09 9.426650e+09
1.193688e-02 1.529321e+10 4.993342e+09 -2.031925e+10 -2.447086e+09 7.627782e+09
1.211563e-02 1.431334e+10 4.196887e+09 -1.877941e+10 -1.800312e+09 7.288173e+09
1.229554e-02 1.381696e+10 3.567906e+09 -1.674054e+10 -1.110633e+09 8.717823e+09
1.247535e-02 1.342913e+10 3.094219e+09 -1.368957e+10 1.586830e+08 1.067334e+10
1.265439e-02 1.337125e+10 2.664891e+09 -1.027370e+10 1.311860e+09 1.372674e+10
1.283343e-02 1.330833e+10 2.517330e+09 -6.404595e+09 2.757167e+09 1.741538e+10
1.301293e-02 1.354753e+10 2.422994e+09 -2.586201e+09 3.852292e+09 2.206736e+10
1.319355e-02 1.370562e+10 2.467093e+09 1.578230e+09 5.203203e+09 2.682709e+10
1.337382e-02 1.387560e+10 2.569186e+09 5.601267e+09 6.374780e+09 3.195068e+10
1.355335e-02 1.414084e+10 2.662935e+09 9.596609e+09 7.473221e+09 3.735827e+10
1.373274e-02 1.427251e+10 2.881235e+09 1.329523e+10 8.654708e+09 4.239760e+10
1.391170e-02 1.445043e+10 3.011425e+09 1.692538e+10 9.547981e+09 4.750607e+10
1.409058e-02 1.449725e+10 3.090177e+09 2.039359e+10 1.058701e+10 5.238207e+10
1.427002e-02 1.453073e+10 3.143210e+09 2.336582e+10 1.136587e+10 5.681821e+10
1.444910e-02 1.456659e+10 3.173764e+09 2.607412e+10 1.218759e+10 6.084883e+10
1.462844e-02 1.444963e+10 3.107730e+09 2.837968e+10 1.273578e+10 6.422660e+10
1.480897e-02 1.443821e+10 3.000529e+09 3.071867e+10 1.337935e+10 6.755029e+10
1.498891e-02 1.428928e+10 2.841288e+09 3.241598e+10 1.374396e+10 7.000478e+10
1.516797e-02 1.417179e+10 2.690675e+09 3.397345e+10 1.422217e+10 7.199174e+10
1.534742e-02 1.393819e+10 2.512553e+09 3.501178e+10 1.438731e+10 7.315476e+10
1.552755e-02 1.376640e+10 2.400199e+09 3.584008e+10 1.462684e+10 7.409703e+10
1.570712e-02 1.353997e+10 2.222171e+09 3.638009e+10 1.464152e+10 7.435672e+10
1.588558e-02 1.325229e+10 2.110182e+09 3.642204e+10 1.449708e+10 7.406665e+10
1.606539e-02 1.295348e+10 2.018368e+09 3.641488e+10 1.447893e+10 7.350435e+10
1.624590e-02 1.261841e+10 1.965460e+09 3.604125e+10 1.419345e+10 7.245777e+10
1.642530e-02 1.221698e+10 1.903070e+09 3.522286e+10 1.379944e+10 7.085269e+10
1.660477e-02 1.179779e+10 1.871254e+09 3.414972e+10 1.332206e+10 6.893887e+10
1.678430e-02 1.135685e+10 1.797600e+09 3.315890e+10 1.280955e+10 6.705727e+10
1.696359e-02 1.085516e+10 1.730472e+09 3.174159e+10 1.221770e+10 6.454702e+10
1.714294e-02 1.036077e+10 1.657072e+09 3.020184e+10 1.153030e+10 6.201158e+10
1.732202e-02 9.826971e+09 1.549514e+09 2.858767e+10 1.083844e+10 5.920705e+10
1.750141e-02 9.323873e+09 1.423553e+09 2.694367e+10 1.013410e+10 5.639370e+10
1.768181e-02 8.796633e+09 1.297318e+09 2.515897e+10 9.394128e+09 5.336325e+10
1.786131e-02 8.259115e+09 1.173450e+09 2.326513e+10 8.669397e+09 5.006816e+10
1.804025e-02 7.774511e+09 1.049355e+09 2.155204e+10 8.024531e+09 4.701078e+10
1.822032e-02 7.261537e+09 9.415862e+08 1.975786e+10 7.382949e+09 4.373042e+10
1.839987e-02 6.780223e+09 8.509107e+08 1.789781e+10 6.740918e+09 4.042433e+10
1.857923e-02 6.319750e+09 7.694889e+08 1.611561e+10 6.147410e+09 3.721961e+10
1.875889e-02 5.851277e+09 7.094608e+08 1.436642e+10 5.580911e+09 3.395755e+10
1.893827e-02 5.425209e+09 6.683956e+08 1.261594e+10 5.043300e+09 3.086781e+10
1.911768e-02 4.994906e+09 6.124654e+08 1.093832e+10 4.467647e+09 2.780161e+10
1.929737e-02 4.591792e+09 5.670188e+08 9.327022e+09 3.939849e+09 2.491026e+10
1.947670e-02 4.215412e+09 5.378001e+08 7.798264e+09 3.451605e+09 2.219475e+10
1.965601e-02 3.848075e+09 4.847464e+08 6.405368e+09 2.928116e+09 1.965047e+10
1.983541e-02 3.512708e+09 4.492207e+08 5.040555e+09 2.480351e+09 1.725040e+10
2.001489e-02 3.205257e+09 4.019198e+08 3.843648e+09 2.003325e+09 1.508241e+10
2.019468e-02 2.916089e+09 3.694313e+08 2.754491e+09 1.649843e+09 1.308231e+10
2.037444e-02 2.661097e+09 3.333887e+08 1.784079e+09 1.285078e+09 1.131217e+10
2.055417e-02 2.424969e+09 3.046648e+08 9.381901e+08 9.737309e+08 9.705740e+09
2.073390e-02 2.215454e+09 2.850199e+08 1.710813e+08 7.298545e+08 8.278974e+09
2.091338e-02 2.026007e+09 2.607127e+08 -4.299594e+08 5.057703e+08 7.046410e+09
2.109302e-02 1.865127e+09 2.464759e+08 -9.704614e+08 3.325635e+08 5.986065e+09
2.127237e-02 1.716134e+09 2.336040e+08 -1.385284e+09 1.970839e+08 5.077322e+09
2.145116e-02 1.601230e+09 2.187557e+08 -1.725607e+09 9.263008e+07 4.358834e+09
2.163077e-02 1.497783e+09 2.060072e+08 -1.951577e+09 1.896169e+07 3.785089e+09
2.181049e-02 1.418167e+09 1.919229e+08 -2.105962e+09 -3.419923e+07 3.353149e+09
2.198999e-02 1.359440e+09 1.777210e+08 -2.186530e+09 -6.758550e+07 3.079829e+09
2.216980e-02 1.314439e+09 1.630552e+08 -2.172324e+09 -7.925060e+07 2.921126e+09
2.234970e-02 1.289326e+09 1.528448e+08 -2.105233e+09 -6.914946e+07 2.887296e+09
2.252980e-02 1.274235e+09 1.412697e+08 -1.963330e+09 -4.806434e+07 2.954899e+09
2.270853e-02 1.280175e+09 1.338735e+08 -1.781911e+09 -1.907984e+07 3.136867e+09
2.288717e-02 1.285198e+09 1.304311e+08 -1.539016e+09 3.371594e+07 3.375913e+09
2.306686e-02 1.310558e+09 1.276518e+08 -1.270441e+09 8.230824e+07 3.707340e+09
2.324649e-02 1.337209e+09 1.294117e+08 -9.672845e+08 1.455142e+08 4.090251e+09
2.342617e-02 1.375587e+09 1.297374e+08 -6.462291e+08 2.027442e+08 4.535322e+09
2.360560e-02 1.410503e+09 1.343855e+08 -2.896024e+08 2.754851e+08 5.000173e+09
2.378549e-02 1.453836e+09 1.395311e+08 5.271208e+07 3.422892e+08 5.499656e+09
2.396571e-02 1.496307e+09 1.439515e+08 4.241540e+08 4.070148e+08 6.017440e+09
2.414482e-02 1.540845e+09 1.492212e+08 7.751466e+08 4.745731e+08 6.540028e+09
2.432376e-02 1.579210e+09 1.559493e+08 1.147360e+09 5.415332e+08 7.044428e+09
2.450343e-02 1.618440e+09 1.584984e+08 1.482344e+09 5.995193e+08 7.542629e+09
2.468304e-02 1.657596e+09 1.648584e+08 1.814518e+09 6.627196e+08 8.026363e+09
2.486245e-02 1.689913e+09 1.691503e+08 2.133200e+09 7.204920e+08 8.476101e+09
2.504187e-02 1.720387e+09 1.743287e+08 2.423308e+09 7.738828e+08 8.901871e+09
2.522156e-02 1.740957e+09 1.762167e+08 2.696924e+09 8.251036e+08 9.260094e+09
2.540110e-02 1.763058e+09 1.789406e+08 2.919368e+09 8.612580e+08 9.601020e+09
2.558029e-02 1.775860e+09 1.818251e+08 3.137980e+09 9.112920e+08 9.881081e+09
2.575992e-02 1.781588e+09 1.804899e+08 3.319908e+09 9.420158e+08 1.010678e+10
2.593954e-02 1.784381e+09 1.782593e+08 3.450161e+09 9.546503e+08 1.028760e+10
2.611933e-02 1.780607e+09 1.768080e+08 3.568480e+09 9.865619e+08 1.040820e+10
2.629913e-02 1.770895e+09 1.733649e+08 3.646995e+09 9.935030e+08 1.047952e+10
2.647853e-02 1.756097e+09 1.677219e+08 3.692262e+09 9.981946e+08 1.049274e+10
2.665812e-02 1.733800e+09 1.620064e+08 3.702731e+09 9.965455e+08 1.044491e+10
2.683805e-02 1.710475e+09 1.559386e+08 3.689288e+09 9.893446e+08 1.036545e+10
2.701719e-02 1.678648e+09 1.468931e+08 3.639990e+09 9.681428e+08 1.021650e+10
2.719620e-02 1.645604e+09 1.425309e+08 3.576670e+09 9.481199e+08 1.004419e+10
2.737553e-02 1.606662e+09 1.328245e+08 3.472876e+09 9.215517e+08 9.810413e+09
2.755538e-02 1.563185e+09 1.278516e+08 3.352957e+09 8.874979e+08 9.537631e+09
2.773538e-02 1.517661e+09 1.221857e+08 3.208726e+09 8.529748e+08 9.235091e+09
2.791455e-02 1.469866e+09 1.176409e+08 3.046833e+09 8.140499e+08 8.902053e+09
2.809381e-02 1.418173e+09 1.131774e+08 2.873594e+09 7.713110e+08 8.545023e+09
2.827308e-02 1.364597e+09 1.117892e+08 2.664359e+09 7.285434e+08 8.147217e+09
2.845277e-02 1.306088e+09 1.064787e+08 2.467565e+09 6.773622e+08 7.737825e+09
2.863250e-02 1.249399e+09 1.038872e+08 2.253190e+09 6.308507e+08 7.320424e+09
2.881166e-02 1.189626e+09 9.980293e+07 2.028436e+09 5.772339e+08 6.883270e+09
2.899137e-02 1.130902e+09 9.465927e+07 1.797558e+09 5.217325e+08 6.444939e+09
2.917126e-02 1.071595e+09 9.070594e+07 1.571863e+09 4.703329e+08 6.005465e+09
2.935071e-02 1.014153e+09 8.579115e+07 1.345630e+09 4.154177e+08 5.571800e+09
2.953030e-02 9.558620e+08 7.944598e+07 1.130342e+09 3.629174e+08 5.141621e+09
2.970997e-02 9.002983e+08 7.474096e+07 9.148061e+08 3.111509e+08 4.721020e+09
2.988940e-02 8.463477e+08 6.944613e+07 7.077940e+08 2.616835e+08 4.313413e+09
3.006874e-02 7.938136e+08 6.601742e+07 5.151073e+08 2.163361e+08 3.919764e+09
3.024815e-02 7.449541e+08 6.308187e+07 3.359964e+08 1.758988e+08 3.551873e+09
3.042767e-02 6.982282e+08 5.894538e+07 1.624709e+08 1.343901e+08 3.201066e+09
3.060744e-02 6.548621e+08 6.014903e+07 -4.779981e+05 1.010907e+08 2.870468e+09
3.078708e-02 6.121887e+08 5.762464e+07 -1.380674e+08 6.879223e+07 2.565953e+09
3.096646e-02 5.748371e+08 5.753068e+07 -2.690367e+08 4.125767e+07 2.290351e+09
3.114600e-02 5.395992e+08 5.685137e+07 -3.838525e+08 1.502798e+07 2.040094e+09
3.132546e-02 5.076086e+08 5.532603e+07 -4.825026e+08 -8.352838e+06 1.820015e+09
3.150520e-02 4.780881e+08 5.403596e+07 -5.618856e+08 -2.788372e+07 1.624549e+09
3.168484e-02 4.521894e+08 5.248368e+07 -6.250285e+08 -4.341806e+07 1.459496e+09
3.186375e-02 4.306532e+08 5.044988e+07 -6.741996e+08 -5.801163e+07 1.326137e+09
3.204302e-02 4.123114e+08 4.814806e+07 -7.062374e+08 -6.890364e+07 1.222213e+09
3.222277e-02 3.975324e+08 4.627866e+07 -7.224563e+08 -7.492398e+07 1.142231e+09
3.240259e-02 3.851926e+08 4.425906e+07 -7.224731e+08 -7.918359e+07 1.089113e+09
3.258186e-02 3.766453e+08 4.275754e+07 -7.092067e+08 -7.935950e+07 1.061875e+09
3.276123e-02 3.712721e+08 4.133641e+07 -6.847710e+08 -7.801283e+07 1.059471e+09
3.294133e-02 3.682531e+08 4.050732e+07 -6.464996e+08 -7.268788e+07 1.076857e+09
3.312088e-02 3.669678e+08 3.960884e+07 -5.962520e+08 -6.536635e+07 1.111883e+09
3.330035e-02 3.694425e+08 3.898510e+07 -5.400867e+08 -5.651023e+07 1.169567e+09
3.347992e-02 3.724156e+08 3.864948e+07 -4.727431e+08 -4.611871e+07 1.238864e+09
3.365971e-02 3.778221e+08 3.835414e+07 -3.994462e+08 -3.391845e+07 1.324531e+09
3.383927e-02 3.851003e+08 3.825006e+07 -3.219710e+08 -2.162217e+07 1.421841e+09
3.401835e-02 3.920171e+08 3.775078e+07 -2.353887e+08 -7.622974e+06 1.525699e+09
3.419757e-02 4.013106e+08 3.770129e+07 -1.507594e+08 5.564957e+06 1.640357e+09
3.437723e-02 4.107067e+08 3.815722e+07 -6.048396e+07 2.158995e+07 1.757532e+09
3.455683e-02 4.216617e+08 3.750170e+07 2.699900e+07 3.360510e+07 1.883020e+09
3.473619e-02 4.311815e+08 3.803130e+07 1.172177e+08 4.940178e+07 2.002152e+09
3.491584e-02 4.419977e+08 3.792185e+07 2.056990e+08 6.414854e+07 2.127172e+09
3.509556e-02 4.518030e+08 3.768492e+07 2.901279e+08 7.629491e+07 2.245073e+09
3.527533e-02 4.611813e+08 3.810867e+07 3.737123e+08 9.067316e+07 2.359263e+09
3.545456e-02 4.707645e+08 3.804600e+07 4.482808e+08 1.024274e+08 2.469178e+09
3.563370e-02 4.779801e+08 3.775300e+07 5.237122e+08 1.145065e+08 2.566609e+09
3.581332e-02 4.854788e+08 3.769160e+07 5.877154e+08 1.249289e+08 2.657969e+09
3.599287e-02 4.914158e+08 3.732995e+07 6.479740e+08 1.338739e+08 2.739027e+09
3.617240e-02 4.963819e+08 3.696190e+07 7.030217e+08 1.431638e+08 2.810182e+09
3.635196e-02 4.997095e+08 3.654808e+07 7.498173e+08 1.502061e+08 2.867261e+09
3.653161e-02 5.019836e+08 3.617752e+07 7.861889e+08 1.549669e+08 2.911591e+09
3.671117e-02 5.030770e+08 3.581684e+07 8.147804e+08 1.601193e+08 2.943705e+09
3.689084e-02 5.025090e+08 3.529877e+07 8.399220e+08 1.630530e+08 2.964512e+09
3.707056e-02 5.001134e+08 3.490264e+07 8.541501e+08 1.653315e+08 2.968033e+09
3.724984e-02 4.966679e+08 3.431111e+07 8.613950e+08 1.655724e+08 2.961445e+09
3.742914e-02 4.915885e+08 3.416070e+07 8.567540e+08 1.649328e+08 2.937252e+09
3.760871e-02 4.854437e+08 3.334061e+07 8.528219e+08 1.624867e+08 2.908383e+09
3.778826e-02 4.771212e+08 3.353402e+07 8.350776e+08 1.601500e+08 2.858723e+09
3.796764e-02 4.684921e+08 3.271192e+07 8.107727e+08 1.543300e+08 2.802604e+09
3.814709e-02 4.583465e+08 3.272804e+07 7.813080e+08 1.499883e+08 2.733989e+09
3.832696e-02 4.465792e+08 3.158999e+07 7.492190e+08 1.426675e+08 2.657085e+09
3.850665e-02 4.341450e+08 3.131219e+07 7.092457e+08 1.354172e+08 2.570249e+09
3.868582e-02 4.203581e+08 3.045913e+07 6.634906e+08 1.267711e+08 2.472589e+09
3.886530e-02 4.065205e+08 2.994740e+07 6.144792e+08 1.183572e+08 2.371521e+09
3.904481e-02 3.916708e+08 2.895760e+07 5.633296e+08 1.092492e+08 2.263789e+09
3.922441e-02 3.763853e+08 2.807323e+07 5.098277e+08 9.908100e+07 2.152554e+09
3.940396e-02 3.607039e+08 2.704890e+07 4.528324e+08 8.906014e+07 2.035897e+09
3.958316e-02 3.449379e+08 2.630322e+07 3.961262e+08 7.980572e+07 1.918223e+09
3.976287e-02 3.293299e+08 2.540834e+07 3.383922e+08 6.959430e+07 1.800663e+09
3.994250e-02 3.130165e+08 2.459532e+07 2.786736e+08 6.038535e+07 1.677962e+09
4.012200e-02 2.974268e+08 2.374606e+07 2.220994e+08 5.075758e+07 1.561455e+09
4.030171e-02 2.819511e+08 2.294452e+07 1.659629e+08 4.214284e+07 1.444259e+09
4.048123e-02 2.667447e+08 2.227182e+07 1.103954e+08 3.346378e+07 1.329650e+09
4.066058e-02 2.526784e+08 2.132508e+07 5.756360e+07 2.502967e+07 1.222253e+09
4.084001e-02 2.381350e+08 2.039921e+07 8.669339e+06 1.729330e+07 1.115456e+09
4.101966e-02 2.252488e+08 1.962707e+07 -3.899196e+07 1.001910e+07 1.017245e+09
4.119937e-02 2.128409e+08 1.864401e+07 -8.253846e+07 3.639921e+06 9.245379e+08
4.137874e-02 2.012422e+08 1.765127e+07 -1.220950e+08 -3.134272e+06 8.381339e+08
4.155813e-02 1.905963e+08 1.666718e+07 -1.566890e+08 -8.526805e+06 7.597967e+08
4.173777e-02 1.808728e+08 1.585681e+07 -1.874268e+08 -1.330993e+07 6.888878e+08
4.191752e-02 1.725626e+08 1.494237e+07 -2.143271e+08 -1.739509e+07 6.272098e+08
4.209699e-02 1.650465e+08 1.432843e+07 -2.360392e+08 -2.068968e+07 5.732162e+08
4.227635e-02 1.581932e+08 1.378094e+07 -2.521734e+08 -2.346562e+07 5.265325e+08
4.245594e-02 1.526756e+08 1.335217e+07 -2.643736e+08 -2.524815e+07 4.894443e+08
4.263530e-02 1.484175e+08 1.296597e+07 -2.726821e+08 -2.631726e+07 4.613919e+08
4.281442e-02 1.448451e+08 1.276055e+07 -2.758205e+08 -2.705450e+07 4.406814e+08
4.299392e-02 1.418858e+08 1.257607e+07 -2.741213e+08 -2.677276e+07 4.273500e+08
4.317364e-02 1.401719e+08 1.245917e+07 -2.688228e+08 -2.649097e+07 4.225184e+08
4.335324e-02 1.395893e+08 1.241369e+07 -2.605615e+08 -2.524583e+07 4.259282e+08
4.353285e-02 1.394693e+08 1.224746e+07 -2.477692e+08 -2.395662e+07 4.353083e+08
4.371256e-02 1.398926e+08 1.209375e+07 -2.308978e+08 -2.219877e+07 4.507753e+08
4.389237e-02 1.410373e+08 1.200546e+07 -2.111147e+08 -1.965134e+07 4.719140e+08
4.407181e-02 1.430918e+08 1.194592e+07 -1.892551e+08 -1.732248e+07 4.992404e+08
4.425100e-02 1.456824e+08 1.198173e+07 -1.652950e+08 -1.387309e+07 5.308095e+08
4.443069e-02 1.482465e+08 1.179906e+07 -1.376655e+08 -1.117671e+07 5.654204e+08
4.461032e-02 1.515316e+08 1.193635e+07 -1.096180e+08 -7.315256e+06 6.037974e+08
4.478953e-02 1.548921e+08 1.190635e+07 -7.963394e+07 -3.720593e+06 6.441685e+08
4.496901e-02 1.589455e+08 1.211586e+07 -5.017621e+07 -5.215274e+04 6.874960e+08
4.514874e-02 1.624092e+08 1.217768e+07 -1.886010e+07 4.060147e+06 7.296687e+08
4.532821e-02 1.666481e+08 1.215567e+07 1.169626e+07 7.433009e+06 7.750387e+08
4.550745e-02 1.702441e+08 1.234850e+07 4.234856e+07 1.141377e+07 8.175924e+08
4.568707e-02 1.741447e+08 1.251516e+07 7.170126e+07 1.481784e+07 8.606748e+08
4.586694e-02 1.777021e+08 1.258440e+07 1.005111e+08 1.823860e+07 9.015756e+08
4.604629e-02 1.808606e+08 1.254001e+07 1.281821e+08 2.151776e+07 9.398570e+08
4.622568e-02 1.841402e+08 1.280815e+07 1.542600e+08 2.478551e+07 9.774715e+08
4.640539e-02 1.867268e+08 1.271276e+07 1.780097e+08 2.718501e+07 1.010296e+09
4.658483e-02 1.890978e+08 1.280487e+07 1.998364e+08 2.956201e+07 1.040221e+09
4.676428e-02 1.911272e+08 1.296506e+07 2.195047e+08 3.225822e+07 1.066945e+09
4.694377e-02 1.923004e+08 1.286888e+07 2.366249e+08 3.386856e+07 1.087663e+09
4.712315e-02 1.933649e+08 1.293855e+07 2.515718e+08 3.574765e+07 1.106060e+09
4.730271e-02 1.938330e+08 1.277253e+07 2.632940e+08 3.653645e+07 1.119294e+09
4.748233e-02 1.935921e+08 1.280127e+07 2.723830e+08 3.789103e+07 1.126436e+09
4.766205e-02 1.931772e+08 1.265310e+07 2.789477e+08 3.835894e+07 1.131553e+09
4.784146e-02 1.920154e+08 1.252276e+07 2.817617e+08 3.858559e+07 1.129376e+09
4.802067e-02 1.904488e+08 1.246518e+07 2.828874e+08 3.863664e+07 1.124081e+09
4.820042e-02 1.882120e+08 1.210747e+07 2.807263e+08 3.806905e+07 1.112727e+09
4.838029e-02 1.856485e+08 1.185170e+07 2.766707e+08 3.734535e+07 1.098346e+09
4.855956e-02 1.826074e+08 1.171319e+07 2.693989e+08 3.653885e+07 1.078868e+09
4.873901e-02 1.789928e+08 1.140533e+07 2.601605e+08 3.517937e+07 1.055018e+09
4.891873e-02 1.751592e+08 1.119282e+07 2.484919e+08 3.376498e+07 1.027960e+09
4.909828e-02 1.708462e+08 1.093834e+07 2.351342e+08 3.209895e+07 9.972256e+08
4.927778e-02 1.663940e+08 1.064171e+07 2.197184e+08 3.010700e+07 9.641345e+08
4.945710e-02 1.613672e+08 1.040337e+07 2.027016e+08 2.805746e+07 9.267355e+08
4.963681e-02 1.562783e+08 1.005587e+07 1.850038e+08 2.567909e+07 8.885307e+08
4.981627e-02 1.510360e+08 9.826868e+06 1.646553e+08 2.331455e+07 8.474744e+08
4.999549e-02 1.454422e+08 9.520463e+06 1.452146e+08 2.087739e+07 8.051551e+08
5.017513e-02 1.399586e+08 9.350735e+06 1.240464e+08 1.844569e+07 7.621118e+08
5.035469e-02 1.342499e+08 8.864536e+06 1.027385e+08 1.550200e+07 7.177808e+08
5.053422e-02 1.286374e+08 8.725040e+06 8.129515e+07 1.317522e+07 6.736590e+08
5.071373e-02 1.231080e+08 8.309016e+06 5.981137e+07 1.034609e+07 6.300852e+08
5.089331e-02 1.175652e+08 8.123720e+06 3.893914e+07 7.891232e+06 5.865535e+08
5.107290e-02 1.122508e+08 7.727437e+06 1.826299e+07 5.222610e+06 5.444345e+08
5.125246e-02 1.070097e+08 7.445958e+06 -1.451780e+06 2.936162e+06 5.032304e+08
5.143191e-02 1.020368e+08 7.256718e+06 -2.013947e+07 6.110882e+05 4.640997e+08
5.161130e-02 9.722847e+07 6.890118e+06 -3.744256e+07 -1.457817e+06 4.267852e+08
5.179073e-02 9.282314e+07 6.728669e+06 -5.401735e+07 -3.575535e+06 3.917886e+08
5.197023e-02 8.882954e+07 6.590929e+06 -6.937429e+07 -5.217433e+06 3.599730e+08
5.214995e-02 8.487458e+07 6.346302e+06 -8.271740e+07 -7.060330e+06 3.297144e+08
5.232948e-02 8.132390e+07 6.239586e+06 -9.429877e+07 -8.461934e+06 3.030082e+08
5.250892e-02 7.824386e+07 6.157258e+06 -1.045905e+08 -9.584616e+06 2.792985e+08
5.268863e-02 7.544856e+07 6.084330e+06 -1.131201e+08 -1.078723e+07 2.588305e+08
5.286820e-02 7.300534e+07 5.957332e+06 -1.196295e+08 -1.164179e+07 2.415560e+08
5.304764e-02 7.086987e+07 5.846482e+06 -1.242008e+08 -1.227336e+07 2.274336e+08
5.322715e-02 6.929042e+07 5.830538e+06 -1.274859e+08 -1.275715e+07 2.171204e+08
5.340663e-02 6.798435e+07 5.709044e+06 -1.287556e+08 -1.298200e+07 2.096818e+08
5.358625e-02 6.688250e+07 5.557764e+06 -1.278333e+08 -1.300228e+07 2.051387e+08
5.376579e-02 6.638328e+07 5.464140e+06 -1.258758e+08 -1.282540e+07 2.041862e+08
5.394514e-02 6.608632e+07 5.335916e+06 -1.219755e+08 -1.238564e+07 2.057771e+08
5.412441e-02 6.628649e+07 5.266238e+06 -1.170218e+08 -1.193847e+07 2.106092e+08
5.430414e-02 6.654524e+07 5.130839e+06 -1.099933e+08 -1.107915e+07 2.171657e+08
5.448388e-02 6.723152e+07 5.007565e+06 -1.021466e+08 -1.024512e+07 2.265153e+08
5.466309e-02 6.811030e+07 4.998347e+06 -9.298560e+07 -9.195372e+06 2.376090e+08
5.484261e-02 6.931998e+07 4.965366e+06 -8.317981e+07 -8.072132e+06 2.509935e+08
5.502222e-02 7.060646e+07 4.921016e+06 -7.223087e+07 -7.041000e+06 2.656000e+08
5.520186e-02 7.201486e+07 4.984198e+06 -6.058290e+07 -5.645167e+06 2.812880e+08
5.538127e-02 7.372259e+07 4.976342e+06 -4.865352e+07 -4.616782e+06 2.988319e+08
5.556057e-02 7.528554e+07 5.050258e+06 -3.624338e+07 -3.330541e+06 3.161251e+08
5.574024e-02 7.701287e+07 5.137944e+06 -2.351671e+07 -2.074486e+06 3.345999e+08
5.591990e-02 7.873258e+07 5.178664e+06 -1.087435e+07 -9.778969e+05 3.530369e+08
5.609947e-02 8.047818e+07 5.349318e+06 1.897720e+06 3.720598e+05 3.718810e+08
5.627892e-02 8.206782e+07 5.415340e+06 1.410087e+07 1.484290e+06 3.896881e+08
5.645856e-02 8.361002e+07 5.462476e+06 2.612589e+07 2.591444e+06 4.072148e+08
5.663826e-02 8.511819e+07 5.663470e+06 3.751667e+07 3.844007e+06 4.242108e+08
5.681769e-02 8.643371e+07 5.634494e+06 4.840264e+07 4.902628e+06 4.399462e+08
5.699710e-02 8.755446e+07 5.770288e+06 5.842934e+07 6.014656e+06 4.542337e+08
5.717663e-02 8.858544e+07 5.742298e+06 6.776684e+07 6.938322e+06 4.674828e+08
5.735605e-02 8.940570e+07 5.749797e+06 7.578125e+07 7.977303e+06 4.787048e+08
5.753539e-02 8.992780e+07 5.716154e+06 8.312854e+07 8.807291e+06 4.881239e+08
5.771483e-02 9.050535e+07 5.638387e+06 8.904342e+07 9.622383e+06 4.963886e+08
5.789466e-02 9.062380e+07 5.527546e+06 9.411985e+07 1.016802e+07 5.019248e+08
5.807436e-02 9.067054e+07 5.469596e+06 9.782835e+07 1.099151e+07 5.056602e+08
5.825359e-02 9.055545e+07 5.219071e+06 1.003819e+08 1.115776e+07 5.078406e+08
5.843303e-02 9.002206e+07 5.139298e+06 1.019833e+08 1.157462e+07 5.071807e+08
5.861274e-02 8.951046e+07 5.004163e+06 1.019008e+08 1.186648e+07 5.047857e+08
5.879233e-02 8.864026e+07 4.775348e+06 1.011459e+08 1.177927e+07 5.005251e+08
5.897187e-02 8.772910e+07 4.687465e+06 9.861046e+07 1.174127e+07 4.941814e+08
5.915148e-02 8.645566e+07 4.542088e+06 9.585974e+07 1.160766e+07 4.860616e+08
5.933120e-02 8.512962e+07 4.357832e+06 9.139795e+07 1.112954e+07 4.761198e+08
5.951050e-02 8.357559e+07 4.314622e+06 8.616904e+07 1.085005e+07 4.644206e+08
5.968960e-02 8.191593e+07 4.135792e+06 8.000401e+07 1.012274e+07 4.516075e+08
5.986932e-02 8.000185e+07 4.028395e+06 7.326553e+07 9.447780e+06 4.367491e+08
6.004880e-02 7.813184e+07 3.935801e+06 6.553676e+07 8.703124e+06 4.215250e+08
6.022820e-02 7.599987e+07 3.770826e+06 5.743488e+07 7.667908e+06 4.045397e+08
6.040778e-02 7.384545e+07 3.753564e+06 4.883379e+07 6.829638e+06 3.870111e+08
6.058726e-02 7.173335e+07 3.609056e+06 3.982706e+07 5.711093e+06 3.692992e+08
6.076685e-02 6.938230e+07 3.564474e+06 3.050048e+07 4.563464e+06 3.503076e+08
6.094640e-02 6.708054e+07 3.557202e+06 2.110298e+07 3.596885e+06 3.311525e+08
6.112606e-02 6.480485e+07 3.464085e+06 1.171785e+07 2.275156e+06 3.124166e+08
6.130567e-02 6.248907e+07 3.515339e+06 2.412832e+06 1.263646e+06 2.934313e+08
6.148499e-02 6.016216e+07 3.532235e+06 -6.659962e+06 2.037175e+05 2.746376e+08
6.166458e-02 5.788415e+07 3.554483e+06 -1.552441e+07 -9.588011e+05 2.564325e+08
6.184419e-02 5.572964e+07 3.619182e+06 -2.416247e+07 -1.933027e+06 2.389682e+08
6.202378e-02 5.357052e+07 3.662217e+06 -3.216662e+07 -2.876530e+06 2.222505e+08
6.220328e-02 5.148832e+07 3.683157e+06 -3.968302e+07 -3.791268e+06 2.062164e+08
6.238252e-02 4.952128e+07 3.701616e+06 -4.651904e+07 -4.541830e+06 1.914758e+08
6.256203e-02 4.770949e+07 3.699664e+06 -5.289004e+07 -5.293912e+06 1.778960e+08
6.274173e-02 4.601152e+07 3.649651e+06 -5.834464e+07 -5.932097e+06 1.655881e+08
6.292133e-02 4.448965e+07 3.602008e+06 -6.325481e+07 -6.404624e+06 1.546905e+08
6.310073e-02 4.308779e+07 3.511360e+06 -6.706685e+07 -6.823212e+06 1.450495e+08
6.328018e-02 4.190405e+07 3.424980e+06 -7.023758e+07 -7.085592e+06 1.370193e+08
6.345987e-02 4.092314e+07 3.292663e+06 -7.255878e+07 -7.330410e+06 1.305942e+08
6.363932e-02 4.006591e+07 3.197926e+06 -7.390018e+07 -7.372098e+06 1.254101e+08
6.381883e-02 3.943246e+07 3.078099e+06 -7.450725e+07 -7.366605e+06 1.218633e+08
6.399840e-02 3.901050e+07 2.975009e+06 -7.425314e+07 -7.276456e+06 1.199346e+08
6.417787e-02 3.871892e+07 2.876415e+06 -7.321357e+07 -7.106150e+06 1.192463e+08
6.435740e-02 3.861944e+07 2.788243e+06 -7.128007e+07 -6.877540e+06 1.200363e+08
6.453672e-02 3.871547e+07 2.738918e+06 -6.884637e+07 -6.554904e+06 1.222787e+08
6.471627e-02 3.894132e+07 2.667938e+06 -6.549806e+07 -6.284197e+06 1.257345e+08
6.489573e-02 3.933272e+07 2.611853e+06 -6.167103e+07 -5.938980e+06 1.304405e+08
6.507532e-02 3.983872e+07 2.626536e+06 -5.720447e+07 -5.485990e+06 1.361978e+08
6.525498e-02 4.045254e+07 2.608902e+06 -5.211641e+07 -5.093264e+06 1.429596e+08
6.543438e-02 4.116499e+07 2.593698e+06 -4.669796e+07 -4.732886e+06 1.505084e+08
6.561406e-02 4.198758e+07 2.656699e+06 -4.080354e+07 -4.212364e+06 1.590112e+08
6.579354e-02 4.285320e+07 2.668126e+06 -3.462450e+07 -3.745012e+06 1.680183e+08
6.597293e-02 4.373300e+07 2.730792e+06 -2.828275e+07 -3.273230e+06 1.773270e+08
6.615268e-02 4.469938e+07 2.796800e+06 -2.154316e+07 -2.710282e+06 1.872894e+08
6.633236e-02 4.563233e+07 2.855822e+06 -1.500899e+07 -2.227140e+06 1.971826e+08
6.651186e-02 4.663364e+07 2.930174e+06 -8.375058e+06 -1.673543e+06 2.074104e+08
6.669114e-02 4.752566e+07 2.962787e+06 -1.729158e+06 -1.158535e+06 2.172718e+08
6.687057e-02 4.840995e+07 3.046536e+06 4.756313e+06 -5.691495e+05 2.269652e+08
6.705025e-02 4.928902e+07 3.073977e+06 1.086738e+07 -3.976837e+04 2.363472e+08
6.722990e-02 5.005876e+07 3.059095e+06 1.700037e+07 4.207432e+05 2.453469e+08
6.740941e-02 5.077702e+07 3.119967e+06 2.251109e+07 1.020562e+06 2.534684e+08
6.758867e-02 5.146224e+07 3.078016e+06 2.765814e+07 1.356336e+06 2.612975e+08
6.776822e-02 5.200985e+07 3.097010e+06 3.243295e+07 1.939294e+06 2.679813e+08
6.794788e-02 5.250330e+07 3.043846e+06 3.666777e+07 2.254589e+06 2.740087e+08
6.812729e-02 5.290222e+07 3.036252e+06 4.037563e+07 2.662528e+06 2.791622e+08
6.830688e-02 5.314598e+07 2.963220e+06 4.354578e+07 2.898892e+06 2.830740e+08
6.848624e-02 5.335383e+07 2.973236e+06 4.608722e+07 3.273792e+06 2.862652e+08
6.866563e-02 5.338045e+07 2.901506e+06 4.796362e+07 3.379454e+06 2.880203e+08
6.884532e-02 5.330494e+07 2.871900e+06 4.925258e+07 3.542069e+06 2.887849e+08
6.902501e-02 5.313223e+07 2.808947e+06 5.005460e+07 3.611220e+06 2.886930e+08
6.920471e-02 5.286235e+07 2.795798e+06 5.002203e+07 3.664134e+06 2.874683e+08
6.938409e-02 5.242839e+07 2.760670e+06 4.929070e+07 3.591834e+06 2.847516e+08
6.956343e-02 5.192743e+07 2.710262e+06 4.842032e+07 3.515802e+06 2.816930e+08
6.974295e-02 5.130710e+07 2.676122e+06 4.642705e+07 3.312056e+06 2.770606e+08
6.992262e-02 5.054296e+07 2.646060e+06 4.426649e+07 3.147995e+06 2.716409e+08
7.010211e-02 4.971874e+07 2.611011e+06 4.135374e+07 2.841134e+06 2.653181e+08
7.028154e-02 4.882325e+07 2.605579e+06 3.819655e+07 2.562605e+06 2.582975e+08
7.046115e-02 4.778892e+07 2.555722e+06 3.453040e+07 2.190834e+06 2.503630e+08
7.064068e-02 4.675898e+07 2.518289e+06 3.035065e+07 1.703376e+06 2.419397e+08
7.081999e-02 4.556738e+07 2.540239e+06 2.609550e+07 1.413750e+06 2.326764e+08
7.099948e-02 4.439614e+07 2.510070e+06 2.143248e+07 8.706179e+05 2.231844e+08
7.117917e-02 4.314587e+07 2.496138e+06 1.660121e+07 3.960573e+05 2.131436e+08
7.135856e-02 4.190382e+07 2.475018e+06 1.154977e+07 -1.046902e+05 2.030736e+08
7.153818e-02 4.053820e+07 2.461239e+06 6.576266e+06 -6.195659e+05 1.923490e+08
7.171778e-02 3.925585e+07 2.449272e+06 1.380772e+06 -1.112704e+06 1.819711e+08
7.189719e-02 3.795540e+07 2.446599e+06 -3.732751e+06 -1.599786e+06 1.714865e+08
7.207684e-02 3.663197e+07 2.395967e+06 -8.647338e+06 -2.133102e+06 1.610987e+08
7.225635e-02 3.536730e+07 2.382220e+06 -1.365805e+07 -2.577640e+06 1.509189e+08
7.243580e-02 3.411762e+07 2.356506e+06 -1.822445e+07 -3.036287e+06 1.411016e+08
7.261540e-02 3.289790e+07 2.312362e+06 -2.272798e+07 -3.472578e+06 1.315214e+08
7.279498e-02 3.177803e+07 2.302049e+06 -2.692618e+07 -3.859106e+06 1.226020e+08
7.297435e-02 3.068790e+07 2.258129e+06 -3.080173e+07 -4.243790e+06 1.141158e+08
7.315367e-02 2.963881e+07 2.218780e+06 -3.425440e+07 -4.582051e+06 1.061360e+08
7.333339e-02 2.873182e+07 2.223691e+06 -3.744959e+07 -4.868654e+06 9.902356e+07
7.351304e-02 2.785105e+07 2.192685e+06 -4.014346e+07 -5.166652e+06 9.247297e+07
7.369245e-02 2.710379e+07 2.199985e+06 -4.250922e+07 -5.363280e+06 8.685644e+07
7.387205e-02 2.637949e+07 2.173490e+06 -4.428286e+07 -5.581248e+06 8.178709e+07
7.405161e-02 2.579374e+07 2.185465e+06 -4.574763e+07 -5.732148e+06 7.774997e+07
7.423102e-02 2.529862e+07 2.183581e+06 -4.671360e+07 -5.845274e+06 7.451578e+07
7.441034e-02 2.485001e+07 2.170628e+06 -4.716220e+07 -5.921370e+06 7.200263e+07
7.458994e-02 2.452318e+07 2.162730e+06 -4.718424e+07 -5.943500e+06 7.037367e+07
7.476952e-02 2.430041e+07 2.155920e+06 -4.681359e+07 -5.957272e+06 6.965350e+07
7.494880e-02 2.416053e+07 2.132046e+06 -4.599497e+07 -5.880525e+06 6.969562e+07
7.512837e-02 2.407351e+07 2.111754e+06 -4.464736e+07 -5.790110e+06 7.036685e+07
7.530798e-02 2.409866e+07 2.080627e+06 -4.303207e+07 -5.666071e+06 7.182359e+07
7.548748e-02 2.421357e+07 2.064452e+06 -4.103886e+07 -5.475774e+06 7.400918e+07
7.566700e-02 2.438896e+07 2.037163e+06 -3.867717e+07 -5.253590e+06 7.676130e+07
7.584667e-02 2.462918e+07 2.009938e+06 -3.601895e+07 -5.031668e+06 8.003677e+07
7.602629e-02 2.492924e+07 1.993807e+06 -3.309518e+07 -4.739676e+06 8.384190e+07
7.620569e-02 2.527694e+07 1.975806e+06 -2.999846e+07 -4.486297e+06 8.797425e+07
7.638530e-02 2.567140e+07 1.980214e+06 -2.664945e+07 -4.135381e+06 9.254982e+07
7.656501e-02 2.608137e+07 1.964521e+06 -2.318280e+07 -3.845113e+06 9.730709e+07
7.674455e-02 2.654764e+07 1.954784e+06 -1.961937e+07 -3.540043e+06 1.024158e+08
7.692398e-02 2.701830e+07 1.965267e+06 -1.610900e+07 -3.233914e+06 1.075457e+08
7.710340e-02 2.747315e+07 1.966450e+06 -1.238364e+07 -2.907148e+06 1.127218e+08
7.728275e-02 2.794902e+07 1.960381e+06 -8.863846e+06 -2.619888e+06 1.179564e+08
7.746218e-02 2.842214e+07 1.968125e+06 -5.309914e+06 -2.310475e+06 1.231457e+08
7.764173e-02 2.885191e+07 1.959544e+06 -1.926332e+06 -2.041718e+06 1.280079e+08
7.782134e-02 2.926595e+07 1.950585e+06 1.350944e+06 -1.775046e+06 1.327850e+08
7.800113e-02 2.966395e+07 1.954270e+06 4.494395e+06 -1.464492e+06 1.372798e+08
7.818053e-02 3.004082e+07 1.937826e+06 7.264385e+06 -1.263102e+06 1.414531e+08
7.835977e-02 3.032224e+07 1.910996e+06 9.972995e+06 -1.008245e+06 1.450745e+08
7.853945e-02 3.058422e+07 1.897898e+06 1.233366e+07 -7.865069e+05 1.482933e+08
7.871901e-02 3.079501e+07 1.863239e+06 1.447355e+07 -6.188665e+05 1.510438e+08
7.889852e-02 3.095725e+07 1.856159e+06 1.623401e+07 -4.272425e+05 1.532656e+08
7.907812e-02 3.106673e+07 1.794551e+06 1.773059e+07 -3.677428e+05 1.549467e+08
7.925765e-02 3.109223e+07 1.795136e+06 1.890444e+07 -2.071975e+05 1.559505e+08
7.943713e-02 3.108015e+07 1.784573e+06 1.967255e+07 -1.749042e+05 1.564230e+08
7.961653e-02 3.101919e+07 1.755210e+06 2.022851e+07 -1.695007e+05 1.564625e+08
7.979598e-02 3.083936e+07 1.780900e+06 2.032342e+07 -1.396228e+05 1.555745e+08
7.997559e-02 3.063451e+07 1.767998e+06 2.021924e+07 -2.170168e+05 1.543879e+08
8.015521e-02 3.032015e+07 1.780150e+06 1.968537e+07 -2.887251e+05 1.524022e+08
8.033477e-02 3.000707e+07 1.814067e+06 1.893914e+07 -3.563582e+05 1.502247e+08
8.051401e-02 2.960067e+07 1.829207e+06 1.772777e+07 -4.749991e+05 1.472961e+08
8.069347e-02 2.908166e+07 1.831804e+06 1.644139e+07 -6.374196e+05 1.438135e+08
8.087332e-02 2.858640e+07 1.839938e+06 1.476172e+07 -7.944267e+05 1.400912e+08
8.105287e-02 2.799485e+07 1.843411e+06 1.287489e+07 -9.306649e+05 1.357975e+08
8.123233e-02 2.738426e+07 1.832360e+06 1.079719e+07 -1.143572e+06 1.312427e+08
8.141188e-02 2.673733e+07 1.804646e+06 8.582675e+06 -1.330171e+06 1.263802e+08
8.159141e-02 2.603290e+07 1.784417e+06 6.241850e+06 -1.493805e+06 1.211278e+08
8.177087e-02 2.533474e+07 1.751306e+06 3.714616e+06 -1.692425e+06 1.156931e+08
8.195037e-02 2.461356e+07 1.714558e+06 1.192666e+06 -1.906478e+06 1.101860e+08
8.212994e-02 2.387869e+07 1.687647e+06 -1.414377e+06 -2.075372e+06 1.044383e+08
8.230951e-02 2.315935e+07 1.662000e+06 -4.057406e+06 -2.249070e+06 9.874325e+07
8.248900e-02 2.242078e+07 1.634788e+06 -6.658976e+06 -2.470831e+06 9.300321e+07
8.266844e-02 2.172558e+07 1.616415e+06 -9.249348e+06 -2.640456e+06 8.743800e+07
8.284785e-02 2.100365e+07 1.607040e+06 -1.173403e+07 -2.807188e+06 8.187486e+07
8.302730e-02 2.032958e+07 1.583441e+06 -1.414938e+07 -2.990630e+06 7.655083e+07
8.320692e-02 1.966829e+07 1.572230e+06 -1.644489e+07 -3.167822e+06 7.146087e+07
8.338648e-02 1.904884e+07 1.554967e+06 -1.857899e+07 -3.318336e+06 6.666943e+07
8.356601e-02 1.846083e+07 1.538185e+06 -2.053692e+07 -3.468359e+06 6.218438e+07
8.374563e-02 1.790416e+07 1.512143e+06 -2.230557e+07 -3.603408e+06 5.802335e+07
8.392511e-02 1.741305e+07 1.493369e+06 -2.387020e+07 -3.730722e+06 5.433820e+07
8.410459e-02 1.695038e+07 1.461613e+06 -2.518033e+07 -3.824788e+06 5.098542e+07
8.428421e-02 1.655962e+07 1.439237e+06 -2.626384e+07 -3.904089e+06 4.814404e+07
8.446368e-02 1.621255e+07 1.416232e+06 -2.709279e+07 -3.964737e+06 4.572143e+07
8.464319e-02 1.591588e+07 1.393387e+06 -2.766063e+07 -3.993389e+06 4.374785e+07
8.482280e-02 1.569086e+07 1.374995e+06 -2.797757e+07 -4.010636e+06 4.230616e+07
8.500226e-02 1.552168e+07 1.356609e+06 -2.804806e+07 -4.001764e+06 4.133216e+07
8.518174e-02 1.538432e+07 1.345866e+06 -2.781340e+07 -3.965328e+06 4.075339e+07
8.536136e-02 1.532238e+07 1.333306e+06 -2.737193e+07 -3.918058e+06 4.071058e+07
8.554093e-02 1.530377e+07 1.322715e+06 -2.667190e+07 -3.852823e+06 4.108637e+07
8.572028e-02 1.534598e+07 1.317540e+06 -2.575030e+07 -3.782230e+06 4.192626e+07
8.589963e-02 1.541726e+07 1.306350e+06 -2.459884e+07 -3.683120e+06 4.311327e+07
8.607915e-02 1.554003e+07 1.299624e+06 -2.323324e+07 -3.582618e+06 4.470276e+07
8.625868e-02 1.570990e+07 1.298471e+06 -2.169978e+07 -3.472055e+06 4.667718e+07
8.643824e-02 1.591169e+07 1.298299e+06 -1.997065e+07 -3.344582e+06 4.894887e+07
8.661787e-02 1.613855e+07 1.295264e+06 -1.811280e+07 -3.220654e+06 5.145997e+07
8.679744e-02 1.639438e+07 1.296117e+06 -1.612118e+07 -3.071155e+06 5.422551e+07
8.697703e-02 1.667709e+07 1.303526e+06 -1.402357e+07 -2.938367e+06 5.721004e+07
8.715648e-02 1.697237e+07 1.313384e+06 -1.186195e+07 -2.782303e+06 6.033785e+07
8.733588e-02 1.726853e+07 1.325538e+06 -9.608921e+06 -2.622434e+06 6.352394e+07
8.751546e-02 1.757039e+07 1.325440e+06 -7.363832e+06 -2.476240e+06 6.678015e+07
8.769504e-02 1.788983e+07 1.347046e+06 -5.127751e+06 -2.319210e+06 7.009816e+07
8.787468e-02 1.818773e+07 1.360698e+06 -2.881958e+06 -2.148003e+06 7.334955e+07
8.805415e-02 1.847071e+07 1.357579e+06 -6.811396e+05 -2.017504e+06 7.652031e+07
8.823359e-02 1.876394e+07 1.373608e+06 1.416664e+06 -1.865132e+06 7.960474e+07
8.841311e-02 1.901460e+07 1.373749e+06 3.436443e+06 -1.746490e+06 8.248402e+07
8.859270e-02 1.924862e+07 1.377388e+06 5.363600e+06 -1.603561e+06 8.517013e+07
8.877226e-02 1.945927e+07 1.380223e+06 7.165986e+06 -1.481457e+06 8.765048e+07
8.895172e-02 1.964463e+07 1.376250e+06 8.802116e+06 -1.394850e+06 8.984754e+07
8.913118e-02 1.978738e+07 1.372138e+06 1.028231e+07 -1.326169e+06 9.170055e+07
8.931072e-02 1.990281e+07 1.373771e+06 1.159901e+07 -1.227097e+06 9.328664e+07
8.949031e-02 1.999650e+07 1.367141e+06 1.269145e+07 -1.212383e+06 9.455324e+07
8.966973e-02 2.004134e+07 1.365759e+06 1.365827e+07 -1.193910e+06 9.544217e+07
8.984928e-02 2.003531e+07 1.358660e+06 1.435544e+07 -1.211361e+06 9.586206e+07
9.002870e-02 2.000230e+07 1.360266e+06 1.491294e+07 -1.255180e+06 9.599217e+07
9.020814e-02 1.991259e+07 1.361678e+06 1.524316e+07 -1.322046e+06 9.565707e+07
9.038774e-02 1.981040e+07 1.364163e+06 1.539109e+07 -1.456668e+06 9.506869e+07
9.056723e-02 1.965485e+07 1.367643e+06 1.532175e+07 -1.627837e+06 9.400222e+07
9.074682e-02 1.944843e+07 1.376716e+06 1.507686e+07 -1.836256e+06 9.258278e+07
9.092635e-02 1.922735e+07 1.401903e+06 1.466802e+07 -2.087145e+06 9.089010e+07
9.110583e-02 1.894662e+07 1.439570e+06 1.415016e+07 -2.346596e+06 8.889334e+07
9.128546e-02 1.866627e+07 1.485653e+06 1.345483e+07 -2.685355e+06 8.674630e+07
9.146502e-02 1.832299e+07 1.587386e+06 1.268748e+07 -2.958858e+06 8.437197e+07
9.164437e-02 1.797035e+07 1.734939e+06 1.184008e+07 -3.181847e+06 8.207463e+07
9.182391e-02 1.759247e+07 2.136326e+06 1.100960e+07 -2.843536e+06 7.992708e+07
