# k, q0, q1/i, q2, q3/i, q4, norm, alpha = 95.29458797698169, 0.020396601297980627
0.000000e+00 1.550982e+12 0.000000e+00 0.000000e+00 0.000000e+00 6.999502e+11
2.542755e-04 1.545151e+12 6.031312e+10 6.447734e+08 2.114176e+10 -1.733089e+11
4.308321e-04 1.534705e+12 1.014308e+11 3.387961e+09 8.311573e+08 5.236149e+10
6.127972e-04 1.518336e+12 1.426392e+11 6.421667e+09 1.333518e+10 -7.449833e+10
7.953316e-04 1.496597e+12 1.822845e+11 1.129188e+10 8.600592e+09 -1.711477e+10
9.814571e-04 1.468968e+12 2.204614e+11 1.712092e+10 1.181134e+10 -2.475365e+10
1.156539e-03 1.438513e+12 2.539112e+11 2.461041e+10 3.774351e+09 2.524413e+10
1.336205e-03 1.402744e+12 2.856330e+11 3.091832e+10 2.037359e+10 -2.961001e+10
1.522449e-03 1.361579e+12 3.148339e+11 4.148580e+10 9.964484e+09 2.647554e+10
1.702691e-03 1.317907e+12 3.403108e+11 4.810030e+10 3.355374e+10 -3.261581e+10
1.882192e-03 1.271467e+12 3.613282e+11 6.006281e+10 2.482096e+10 1.423361e+10
2.058659e-03 1.222977e+12 3.793061e+11 6.761891e+10 4.517431e+10 -2.106033e+10
2.236532e-03 1.171883e+12 3.936910e+11 7.594441e+10 6.125003e+10 -4.363823e+10
2.420114e-03 1.117833e+12 4.034533e+11 9.091808e+10 4.964483e+10 1.537608e+10
2.599101e-03 1.063479e+12 4.104223e+11 9.998642e+10 6.581401e+10 -3.262686e+09
2.777369e-03 1.008404e+12 4.140661e+11 1.079387e+11 8.440782e+10 -2.606218e+10
2.956466e-03 9.529465e+11 4.138570e+11 1.183116e+11 9.244242e+10 -1.731313e+10
3.137227e-03 8.971150e+11 4.102727e+11 1.282851e+11 1.023357e+11 -1.877174e+10
3.318471e-03 8.413947e+11 4.040289e+11 1.377463e+11 1.145030e+11 -2.105473e+10
3.497455e-03 7.869514e+11 3.957958e+11 1.414182e+11 1.324862e+11 -4.046683e+10
3.677740e-03 7.338492e+11 3.844818e+11 1.462573e+11 1.405511e+11 -4.044569e+10
3.857458e-03 6.820075e+11 3.702107e+11 1.617161e+11 1.485173e+11 -2.944262e+10
4.036058e-03 6.321760e+11 3.560696e+11 1.596173e+11 1.616083e+11 -4.956607e+10
4.215732e-03 5.837496e+11 3.393646e+11 1.670185e+11 1.710661e+11 -4.542473e+10
4.393900e-03 5.379669e+11 3.221752e+11 1.676942e+11 1.800700e+11 -5.761834e+10
4.573307e-03 4.946250e+11 3.033823e+11 1.716545e+11 1.838887e+11 -5.150597e+10
4.754683e-03 4.528826e+11 2.844487e+11 1.713738e+11 1.881525e+11 -5.325274e+10
4.935208e-03 4.125873e+11 2.654942e+11 1.715728e+11 1.973667e+11 -6.563726e+10
5.114267e-03 3.767840e+11 2.460688e+11 1.715601e+11 1.965788e+11 -5.884115e+10
5.292984e-03 3.419667e+11 2.277711e+11 1.667229e+11 2.005048e+11 -6.976965e+10
5.471846e-03 3.109171e+11 2.089133e+11 1.665514e+11 1.976796e+11 -6.115471e+10
5.651916e-03 2.801648e+11 1.916658e+11 1.585759e+11 1.992953e+11 -7.370680e+10
5.831477e-03 2.535380e+11 1.740171e+11 1.572155e+11 1.951276e+11 -6.522396e+10
6.011451e-03 2.285132e+11 1.580532e+11 1.499139e+11 1.897203e+11 -6.445946e+10
6.191171e-03 2.049567e+11 1.426781e+11 1.432628e+11 1.856989e+11 -6.733733e+10
6.370885e-03 1.840191e+11 1.283352e+11 1.368628e+11 1.794476e+11 -6.305415e+10
6.550978e-03 1.645116e+11 1.149315e+11 1.290302e+11 1.724752e+11 -6.302935e+10
6.729662e-03 1.476115e+11 1.026910e+11 1.223346e+11 1.635739e+11 -5.711935e+10
6.908722e-03 1.314449e+11 9.146438e+10 1.135635e+11 1.558654e+11 -5.542744e+10
7.088232e-03 1.171824e+11 8.118037e+10 1.051780e+11 1.467840e+11 -5.364823e+10
7.267194e-03 1.044296e+11 7.187604e+10 9.763780e+10 1.370322e+11 -4.646163e+10
7.447006e-03 9.263405e+10 6.338557e+10 8.871021e+10 1.272863e+11 -4.502663e+10
7.626893e-03 8.188643e+10 5.569536e+10 8.040509e+10 1.176113e+11 -4.015954e+10
7.807282e-03 7.294476e+10 4.895186e+10 7.317594e+10 1.080338e+11 -3.506828e+10
7.987750e-03 6.429774e+10 4.281300e+10 6.492625e+10 9.854834e+10 -3.164506e+10
8.167388e-03 5.666017e+10 3.738062e+10 5.705012e+10 8.841247e+10 -2.583867e+10
8.345882e-03 5.027264e+10 3.262522e+10 5.053935e+10 8.028255e+10 -2.320634e+10
8.524356e-03 4.417525e+10 2.842017e+10 4.304580e+10 7.141279e+10 -1.891858e+10
8.703951e-03 3.894943e+10 2.461695e+10 3.681445e+10 6.347581e+10 -1.619698e+10
8.883655e-03 3.419553e+10 2.118551e+10 3.075946e+10 5.539516e+10 -1.121114e+10
9.063959e-03 3.028739e+10 1.834354e+10 2.558976e+10 4.872410e+10 -8.385160e+09
9.243959e-03 2.657862e+10 1.570982e+10 2.017676e+10 4.213968e+10 -6.323902e+09
9.423354e-03 2.346202e+10 1.336457e+10 1.570501e+10 3.596635e+10 -2.585483e+09
9.603476e-03 2.063709e+10 1.133686e+10 1.139505e+10 3.053846e+10 -1.299958e+09
9.782217e-03 1.835422e+10 9.573873e+09 7.855251e+09 2.577131e+10 1.188795e+09
9.961474e-03 1.633146e+10 8.028942e+09 4.602212e+09 2.149222e+10 2.584410e+09
1.014145e-02 1.457379e+10 6.654640e+09 1.754191e+09 1.752346e+10 4.103368e+09
1.032017e-02 1.318615e+10 5.477189e+09 -5.209557e+08 1.430093e+10 5.796374e+09
1.049983e-02 1.188916e+10 4.455798e+09 -2.633823e+09 1.124757e+10 6.317381e+09
1.067933e-02 1.091353e+10 3.588341e+09 -4.251728e+09 8.806024e+09 7.355838e+09
1.085922e-02 1.003910e+10 2.846408e+09 -5.617690e+09 6.557161e+09 7.865086e+09
1.103911e-02 9.408596e+09 2.243410e+09 -6.592114e+09 4.885742e+09 8.486133e+09
1.121859e-02 8.865979e+09 1.737495e+09 -7.382572e+09 3.295414e+09 9.034809e+09
1.139867e-02 8.415818e+09 1.359133e+09 -7.806478e+09 2.098847e+09 9.274663e+09
1.157742e-02 8.134422e+09 1.044539e+09 -8.123815e+09 1.125560e+09 9.738590e+09
1.175702e-02 7.852848e+09 8.333393e+08 -8.170885e+09 3.601430e+08 9.840709e+09
1.193688e-02 7.696195e+09 6.822897e+08 -8.101582e+09 -2.148500e+08 1.025541e+10
1.211563e-02 7.543520e+09 6.092748e+08 -7.842909e+09 -7.270692e+08 1.054648e+10
1.229554e-02 7.450046e+09 5.637467e+08 -7.503519e+09 -9.264523e+08 1.074508e+10
1.247535e-02 7.419006e+09 5.948520e+08 -7.054146e+09 -1.142125e+09 1.115413e+10
1.265439e-02 7.303948e+09 6.311283e+08 -6.472638e+09 -1.201100e+09 1.128687e+10
1.283343e-02 7.260863e+09 7.272540e+08 -5.908202e+09 -1.226371e+09 1.167905e+10
1.301293e-02 7.235137e+09 8.086661e+08 -5.258211e+09 -1.112374e+09 1.202843e+10
1.319355e-02 7.174820e+09 9.269015e+08 -4.571910e+09 -9.753713e+08 1.229060e+10
1.337382e-02 7.119894e+09 1.058012e+09 -3.902714e+09 -8.067696e+08 1.267559e+10
1.355335e-02 7.028722e+09 1.145996e+09 -3.211729e+09 -6.364592e+08 1.302657e+10
1.373274e-02 6.981757e+09 1.292910e+09 -2.501771e+09 -3.383150e+08 1.333833e+10
1.391170e-02 6.846820e+09 1.367856e+09 -1.851174e+09 -1.045325e+08 1.357818e+10
1.409058e-02 6.722989e+09 1.476309e+09 -1.222209e+09 1.467076e+08 1.383731e+10
1.427002e-02 6.596867e+09 1.556830e+09 -5.785085e+08 4.242812e+08 1.409968e+10
1.444910e-02 6.461760e+09 1.615991e+09 -8.388576e+06 6.819605e+08 1.434411e+10
1.462844e-02 6.319311e+09 1.679749e+09 4.872688e+08 9.722902e+08 1.445384e+10
1.480897e-02 6.122982e+09 1.689887e+09 9.961039e+08 1.181942e+09 1.459474e+10
1.498891e-02 5.949984e+09 1.714990e+09 1.431522e+09 1.416565e+09 1.466978e+10
1.516797e-02 5.757801e+09 1.710963e+09 1.795398e+09 1.624077e+09 1.466317e+10
1.534742e-02 5.561665e+09 1.698807e+09 2.113329e+09 1.803701e+09 1.462718e+10
1.552755e-02 5.371679e+09 1.674999e+09 2.427573e+09 1.996892e+09 1.455204e+10
1.570712e-02 5.151089e+09 1.619811e+09 2.628518e+09 2.086796e+09 1.442058e+10
1.588558e-02 4.967332e+09 1.584051e+09 2.832642e+09 2.215137e+09 1.429643e+10
1.606539e-02 4.739322e+09 1.515817e+09 2.935256e+09 2.290095e+09 1.397417e+10
1.624590e-02 4.532907e+09 1.451681e+09 2.990372e+09 2.327437e+09 1.371566e+10
1.642530e-02 4.335213e+09 1.383582e+09 3.040244e+09 2.344530e+09 1.343222e+10
1.660477e-02 4.139840e+09 1.309598e+09 3.055166e+09 2.340593e+09 1.314836e+10
1.678430e-02 3.936525e+09 1.234961e+09 2.979881e+09 2.298159e+09 1.271842e+10
1.696359e-02 3.741554e+09 1.157063e+09 2.872880e+09 2.248255e+09 1.228131e+10
1.714294e-02 3.553288e+09 1.082049e+09 2.795455e+09 2.176268e+09 1.189607e+10
1.732202e-02 3.365639e+09 1.002279e+09 2.635237e+09 2.062938e+09 1.142710e+10
1.750141e-02 3.195308e+09 9.388654e+08 2.435017e+09 1.959977e+09 1.095181e+10
1.768181e-02 3.022063e+09 8.640573e+08 2.292279e+09 1.826114e+09 1.049710e+10
1.786131e-02 2.867143e+09 8.046829e+08 2.051108e+09 1.686781e+09 1.003212e+10
1.804025e-02 2.706682e+09 7.385778e+08 1.845539e+09 1.529790e+09 9.545783e+09
1.822032e-02 2.549599e+09 6.819727e+08 1.605960e+09 1.389736e+09 9.002613e+09
1.839987e-02 2.413899e+09 6.295032e+08 1.362785e+09 1.224057e+09 8.544435e+09
1.857923e-02 2.277531e+09 5.793616e+08 1.143203e+09 1.069483e+09 8.065492e+09
1.875889e-02 2.142880e+09 5.318568e+08 8.858182e+08 9.147801e+08 7.557177e+09
1.893827e-02 2.024247e+09 4.942732e+08 6.771828e+08 7.659844e+08 7.101501e+09
1.911768e-02 1.911398e+09 4.552251e+08 4.231662e+08 6.098532e+08 6.644788e+09
1.929737e-02 1.803504e+09 4.209508e+08 2.167419e+08 4.734907e+08 6.204840e+09
1.947670e-02 1.698241e+09 3.913104e+08 8.450597e+06 3.461835e+08 5.760769e+09
1.965601e-02 1.602651e+09 3.619145e+08 -1.954093e+08 2.203301e+08 5.337326e+09
1.983541e-02 1.515294e+09 3.401859e+08 -3.736618e+08 1.075050e+08 4.949322e+09
2.001489e-02 1.433630e+09 3.160539e+08 -5.414414e+08 3.297332e+06 4.588402e+09
2.019468e-02 1.354830e+09 2.976658e+08 -6.964628e+08 -8.919355e+07 4.217185e+09
2.037444e-02 1.283960e+09 2.801728e+08 -8.304511e+08 -1.701908e+08 3.886006e+09
2.055417e-02 1.218897e+09 2.639016e+08 -9.497069e+08 -2.430778e+08 3.582095e+09
2.073390e-02 1.159224e+09 2.520650e+08 -1.043119e+09 -3.015164e+08 3.298217e+09
2.091338e-02 1.103014e+09 2.393360e+08 -1.134507e+09 -3.529368e+08 3.033867e+09
2.109302e-02 1.053826e+09 2.292618e+08 -1.191837e+09 -3.950477e+08 2.802917e+09
2.127237e-02 1.006752e+09 2.193637e+08 -1.237471e+09 -4.232938e+08 2.590598e+09
2.145116e-02 9.677112e+08 2.126307e+08 -1.273601e+09 -4.499700e+08 2.414243e+09
2.163077e-02 9.270806e+08 2.056510e+08 -1.278920e+09 -4.612619e+08 2.242553e+09
2.181049e-02 8.966721e+08 1.991203e+08 -1.284820e+09 -4.706144e+08 2.115563e+09
2.198999e-02 8.658646e+08 1.966868e+08 -1.266845e+09 -4.696911e+08 2.000404e+09
2.216980e-02 8.400559e+08 1.912149e+08 -1.241011e+09 -4.665682e+08 1.916186e+09
2.234970e-02 8.147923e+08 1.879650e+08 -1.195041e+09 -4.544430e+08 1.844694e+09
2.252980e-02 7.939783e+08 1.855084e+08 -1.145314e+09 -4.384774e+08 1.796832e+09
2.270853e-02 7.763073e+08 1.837165e+08 -1.083698e+09 -4.174716e+08 1.768491e+09
2.288717e-02 7.565048e+08 1.816051e+08 -1.009829e+09 -3.937754e+08 1.752557e+09
2.306686e-02 7.448573e+08 1.793749e+08 -9.381646e+08 -3.675803e+08 1.762332e+09
2.324649e-02 7.292178e+08 1.784268e+08 -8.499195e+08 -3.372004e+08 1.775062e+09
2.342617e-02 7.189484e+08 1.772595e+08 -7.639640e+08 -3.055109e+08 1.808129e+09
2.360560e-02 7.064515e+08 1.756352e+08 -6.743690e+08 -2.738388e+08 1.843063e+09
2.378549e-02 6.963142e+08 1.744424e+08 -5.748882e+08 -2.387321e+08 1.892690e+09
2.396571e-02 6.888321e+08 1.725534e+08 -4.864451e+08 -2.031955e+08 1.947727e+09
2.414482e-02 6.781263e+08 1.710316e+08 -3.864989e+08 -1.695786e+08 2.003105e+09
2.432376e-02 6.707178e+08 1.682144e+08 -2.976258e+08 -1.339436e+08 2.063752e+09
2.450343e-02 6.620763e+08 1.660211e+08 -2.019965e+08 -9.958766e+07 2.126367e+09
2.468304e-02 6.550352e+08 1.634911e+08 -1.157517e+08 -6.677543e+07 2.188167e+09
2.486245e-02 6.467063e+08 1.599564e+08 -3.201116e+07 -3.420681e+07 2.247048e+09
2.504187e-02 6.370646e+08 1.563630e+08 5.233950e+07 -5.187798e+06 2.298890e+09
2.522156e-02 6.311538e+08 1.526486e+08 1.216906e+08 2.453637e+07 2.354191e+09
2.540110e-02 6.220653e+08 1.484611e+08 1.971577e+08 5.079364e+07 2.400095e+09
2.558029e-02 6.133635e+08 1.440358e+08 2.566291e+08 7.463932e+07 2.437821e+09
2.575992e-02 6.040924e+08 1.392260e+08 3.149365e+08 9.883470e+07 2.466951e+09
2.593954e-02 5.950255e+08 1.344016e+08 3.708328e+08 1.161922e+08 2.496556e+09
2.611933e-02 5.857623e+08 1.299628e+08 4.062565e+08 1.338503e+08 2.508842e+09
2.629913e-02 5.746847e+08 1.238405e+08 4.501217e+08 1.474407e+08 2.517455e+09
2.647853e-02 5.647581e+08 1.192428e+08 4.749655e+08 1.607099e+08 2.514844e+09
2.665812e-02 5.534032e+08 1.140950e+08 5.020260e+08 1.700307e+08 2.505320e+09
2.683805e-02 5.417843e+08 1.088257e+08 5.201406e+08 1.767918e+08 2.488195e+09
2.701719e-02 5.305617e+08 1.039261e+08 5.232518e+08 1.802993e+08 2.460326e+09
2.719620e-02 5.169254e+08 9.813827e+07 5.363088e+08 1.827793e+08 2.425465e+09
2.737553e-02 5.049611e+08 9.418417e+07 5.256931e+08 1.830312e+08 2.381488e+09
2.755538e-02 4.915626e+08 8.895938e+07 5.226947e+08 1.809131e+08 2.333785e+09
2.773538e-02 4.778791e+08 8.442351e+07 5.078802e+08 1.773576e+08 2.275695e+09
2.791455e-02 4.643698e+08 8.009262e+07 4.898401e+08 1.726793e+08 2.214256e+09
2.809381e-02 4.491915e+08 7.558710e+07 4.702583e+08 1.657960e+08 2.143707e+09
2.827308e-02 4.363644e+08 7.202051e+07 4.380076e+08 1.580304e+08 2.073437e+09
2.845277e-02 4.210785e+08 6.770012e+07 4.143399e+08 1.497950e+08 1.996606e+09
2.863250e-02 4.066237e+08 6.390649e+07 3.772952e+08 1.389182e+08 1.914056e+09
2.881166e-02 3.919565e+08 6.051620e+07 3.421112e+08 1.288250e+08 1.830625e+09
2.899137e-02 3.778722e+08 5.704951e+07 3.101036e+08 1.209346e+08 1.748908e+09
2.917126e-02 3.632907e+08 5.378274e+07 2.648712e+08 1.078536e+08 1.658649e+09
2.935071e-02 3.487702e+08 5.060806e+07 2.297410e+08 9.773535e+07 1.573028e+09
2.953030e-02 3.354714e+08 4.777760e+07 1.865587e+08 8.628230e+07 1.485648e+09
2.970997e-02 3.213718e+08 4.513789e+07 1.473505e+08 7.675871e+07 1.397777e+09
2.988940e-02 3.084858e+08 4.241088e+07 1.081868e+08 6.615187e+07 1.314116e+09
3.006874e-02 2.955801e+08 3.995621e+07 6.797214e+07 5.551614e+07 1.229889e+09
3.024815e-02 2.825514e+08 3.796448e+07 3.242465e+07 4.666748e+07 1.147683e+09
3.042767e-02 2.719221e+08 3.565984e+07 -8.212462e+06 3.690681e+07 1.071240e+09
3.060744e-02 2.601386e+08 3.372231e+07 -4.021796e+07 2.919148e+07 9.964844e+08
3.078708e-02 2.494319e+08 3.194519e+07 -7.410808e+07 2.020473e+07 9.244977e+08
3.096646e-02 2.395026e+08 3.040833e+07 -1.046052e+08 1.280057e+07 8.584200e+08
3.114600e-02 2.299522e+08 2.888228e+07 -1.309343e+08 6.659124e+06 7.966625e+08
3.132546e-02 2.219436e+08 2.757054e+07 -1.579708e+08 2.432512e+05 7.402673e+08
3.150520e-02 2.133599e+08 2.627978e+07 -1.794291e+08 -5.538734e+06 6.873287e+08
3.168484e-02 2.064704e+08 2.533063e+07 -1.996153e+08 -1.084627e+07 6.411577e+08
3.186375e-02 1.997455e+08 2.423493e+07 -2.158715e+08 -1.512506e+07 5.998953e+08
3.204302e-02 1.936623e+08 2.334770e+07 -2.283472e+08 -1.827610e+07 5.628387e+08
3.222277e-02 1.888348e+08 2.277765e+07 -2.405134e+08 -2.223494e+07 5.328995e+08
3.240259e-02 1.836566e+08 2.182828e+07 -2.459744e+08 -2.469921e+07 5.069581e+08
3.258186e-02 1.802876e+08 2.144605e+07 -2.521569e+08 -2.689467e+07 4.872421e+08
3.276123e-02 1.767741e+08 2.086206e+07 -2.529173e+08 -2.811224e+07 4.717932e+08
3.294133e-02 1.741157e+08 2.048890e+07 -2.523464e+08 -2.948443e+07 4.613540e+08
3.312088e-02 1.719016e+08 2.012525e+07 -2.484012e+08 -3.006056e+07 4.555495e+08
3.330035e-02 1.700177e+08 1.980301e+07 -2.416347e+08 -3.000947e+07 4.538951e+08
3.347992e-02 1.693869e+08 1.978499e+07 -2.348079e+08 -3.009913e+07 4.568703e+08
3.365971e-02 1.679125e+08 1.954562e+07 -2.224226e+08 -2.909041e+07 4.613442e+08
3.383927e-02 1.681029e+08 1.960889e+07 -2.117835e+08 -2.840169e+07 4.719272e+08
3.401835e-02 1.675242e+08 1.964456e+07 -1.965312e+08 -2.661866e+07 4.824995e+08
3.419757e-02 1.679033e+08 1.976840e+07 -1.815793e+08 -2.506273e+07 4.977730e+08
3.437723e-02 1.683231e+08 2.005254e+07 -1.654979e+08 -2.342469e+07 5.137979e+08
3.455683e-02 1.687072e+08 2.027982e+07 -1.469888e+08 -2.051833e+07 5.319193e+08
3.473619e-02 1.696414e+08 2.064053e+07 -1.300881e+08 -1.888277e+07 5.514426e+08
3.491584e-02 1.702389e+08 2.107070e+07 -1.110578e+08 -1.573120e+07 5.714763e+08
3.509556e-02 1.709248e+08 2.147644e+07 -9.213588e+07 -1.332986e+07 5.919074e+08
3.527533e-02 1.714448e+08 2.197412e+07 -7.335569e+07 -1.052138e+07 6.119277e+08
3.545456e-02 1.721411e+08 2.251991e+07 -5.407842e+07 -6.659208e+06 6.328455e+08
3.563370e-02 1.724850e+08 2.297306e+07 -3.786592e+07 -5.201110e+06 6.514781e+08
3.581332e-02 1.729537e+08 2.347017e+07 -1.871760e+07 -1.150139e+06 6.714135e+08
3.599287e-02 1.729224e+08 2.390685e+07 -3.115120e+06 1.363140e+06 6.880119e+08
3.617240e-02 1.728123e+08 2.433698e+07 1.228633e+07 4.276412e+06 7.036282e+08
3.635196e-02 1.720471e+08 2.467294e+07 2.784401e+07 7.490472e+06 7.164504e+08
3.653161e-02 1.718191e+08 2.496308e+07 4.033007e+07 9.740954e+06 7.300791e+08
3.671117e-02 1.708278e+08 2.514820e+07 5.315296e+07 1.275989e+07 7.399578e+08
3.689084e-02 1.694863e+08 2.524551e+07 6.278064e+07 1.479082e+07 7.465680e+08
3.707056e-02 1.680718e+08 2.521517e+07 7.191306e+07 1.703982e+07 7.519577e+08
3.724984e-02 1.660948e+08 2.507278e+07 7.984374e+07 1.910458e+07 7.537961e+08
3.742914e-02 1.645305e+08 2.492439e+07 8.502303e+07 2.062518e+07 7.556357e+08
3.760871e-02 1.616136e+08 2.445021e+07 9.028568e+07 2.214716e+07 7.506157e+08
3.778826e-02 1.595253e+08 2.418674e+07 9.189230e+07 2.324195e+07 7.470255e+08
3.796764e-02 1.565764e+08 2.351300e+07 9.421924e+07 2.416811e+07 7.395206e+08
3.814709e-02 1.538106e+08 2.301222e+07 9.348169e+07 2.456045e+07 7.300993e+08
3.832696e-02 1.503087e+08 2.225815e+07 9.142598e+07 2.456610e+07 7.161626e+08
3.850665e-02 1.469345e+08 2.144264e+07 8.922028e+07 2.437164e+07 7.022740e+08
3.868582e-02 1.437630e+08 2.080593e+07 8.440258e+07 2.397787e+07 6.869402e+08
3.886530e-02 1.398768e+08 1.982415e+07 7.953761e+07 2.307056e+07 6.682354e+08
3.904481e-02 1.361850e+08 1.904579e+07 7.251456e+07 2.195282e+07 6.480524e+08
3.922441e-02 1.323281e+08 1.814634e+07 6.537269e+07 2.043069e+07 6.270260e+08
3.940396e-02 1.287429e+08 1.733071e+07 5.771147e+07 1.880939e+07 6.061435e+08
3.958316e-02 1.245406e+08 1.649192e+07 4.779329e+07 1.664429e+07 5.809027e+08
3.976287e-02 1.206162e+08 1.566620e+07 3.909650e+07 1.462693e+07 5.572278e+08
3.994250e-02 1.168753e+08 1.488261e+07 2.889718e+07 1.209976e+07 5.332353e+08
4.012200e-02 1.129022e+08 1.419767e+07 1.885471e+07 9.690255e+06 5.079329e+08
4.030171e-02 1.089552e+08 1.348956e+07 8.706111e+06 7.050141e+06 4.824924e+08
4.048123e-02 1.052848e+08 1.289150e+07 -1.788854e+06 4.262669e+06 4.580056e+08
4.066058e-02 1.015782e+08 1.240296e+07 -1.190076e+07 1.655029e+06 4.336275e+08
4.084001e-02 9.786169e+07 1.183197e+07 -2.217058e+07 -1.219947e+06 4.086104e+08
4.101966e-02 9.436364e+07 1.149238e+07 -3.135679e+07 -3.690900e+06 3.857618e+08
4.119937e-02 9.090749e+07 1.105196e+07 -4.103092e+07 -6.419480e+06 3.623163e+08
4.137874e-02 8.779350e+07 1.080935e+07 -4.944543e+07 -8.783217e+06 3.416412e+08
4.155813e-02 8.454178e+07 1.057767e+07 -5.754231e+07 -1.109292e+07 3.205624e+08
4.173777e-02 8.160952e+07 1.035248e+07 -6.518551e+07 -1.336480e+07 3.012047e+08
4.191752e-02 7.873565e+07 1.023539e+07 -7.170021e+07 -1.522574e+07 2.831698e+08
4.209699e-02 7.620645e+07 1.011347e+07 -7.778544e+07 -1.709153e+07 2.667342e+08
4.227635e-02 7.363405e+07 1.008480e+07 -8.254655e+07 -1.848686e+07 2.517401e+08
4.245594e-02 7.127140e+07 1.000836e+07 -8.670981e+07 -1.978491e+07 2.377361e+08
4.263530e-02 6.921388e+07 1.000291e+07 -8.997530e+07 -2.086867e+07 2.261591e+08
4.281442e-02 6.718537e+07 9.966820e+06 -9.213438e+07 -2.156088e+07 2.154324e+08
4.299392e-02 6.554737e+07 1.001491e+07 -9.399464e+07 -2.215529e+07 2.070586e+08
4.317364e-02 6.379319e+07 9.958201e+06 -9.398419e+07 -2.235368e+07 1.994676e+08
4.335324e-02 6.250618e+07 9.982594e+06 -9.403278e+07 -2.246762e+07 1.942143e+08
4.353285e-02 6.126431e+07 9.934693e+06 -9.276786e+07 -2.225894e+07 1.900923e+08
4.371256e-02 6.013210e+07 9.880497e+06 -9.064304e+07 -2.183663e+07 1.873654e+08
4.389237e-02 5.925937e+07 9.823571e+06 -8.802762e+07 -2.115139e+07 1.861065e+08
4.407181e-02 5.848163e+07 9.689307e+06 -8.431854e+07 -2.038361e+07 1.861736e+08
4.425100e-02 5.802190e+07 9.611870e+06 -8.066377e+07 -1.942373e+07 1.878589e+08
4.443069e-02 5.748375e+07 9.429034e+06 -7.554754e+07 -1.826580e+07 1.900054e+08
4.461032e-02 5.717530e+07 9.249353e+06 -7.051426e+07 -1.704218e+07 1.935415e+08
4.478953e-02 5.706392e+07 9.045671e+06 -6.493675e+07 -1.559106e+07 1.979433e+08
4.496901e-02 5.693553e+07 8.801744e+06 -5.862333e+07 -1.411874e+07 2.031065e+08
4.514874e-02 5.710078e+07 8.555948e+06 -5.283510e+07 -1.263474e+07 2.090667e+08
4.532821e-02 5.714258e+07 8.278329e+06 -4.589901e+07 -1.099094e+07 2.152307e+08
4.550745e-02 5.742533e+07 8.003932e+06 -3.958911e+07 -9.455590e+06 2.220618e+08
4.568707e-02 5.769868e+07 7.708513e+06 -3.275290e+07 -7.765552e+06 2.290222e+08
4.586694e-02 5.806836e+07 7.426146e+06 -2.597451e+07 -6.130516e+06 2.364243e+08
4.604629e-02 5.851310e+07 7.142228e+06 -1.978665e+07 -4.659398e+06 2.435852e+08
4.622568e-02 5.882259e+07 6.887967e+06 -1.322689e+07 -3.064784e+06 2.504327e+08
4.640539e-02 5.923362e+07 6.601435e+06 -7.061576e+06 -1.637731e+06 2.571460e+08
4.658483e-02 5.968421e+07 6.376884e+06 -1.199700e+06 -2.156949e+05 2.639758e+08
4.676428e-02 6.004014e+07 6.170988e+06 4.442512e+06 1.100190e+06 2.699507e+08
4.694377e-02 6.042314e+07 5.974519e+06 9.139505e+06 2.180700e+06 2.754460e+08
4.712315e-02 6.059985e+07 5.813218e+06 1.421826e+07 3.366884e+06 2.801503e+08
4.730271e-02 6.087315e+07 5.667656e+06 1.812119e+07 4.216824e+06 2.843682e+08
4.748233e-02 6.106302e+07 5.565744e+06 2.196109e+07 5.116708e+06 2.881409e+08
4.766205e-02 6.097707e+07 5.493872e+06 2.499624e+07 5.795770e+06 2.900915e+08
4.784146e-02 6.109534e+07 5.448886e+06 2.744951e+07 6.304634e+06 2.925066e+08
4.802067e-02 6.088354e+07 5.401912e+06 2.960894e+07 6.839854e+06 2.931330e+08
4.820042e-02 6.066219e+07 5.406232e+06 3.096409e+07 7.063071e+06 2.931802e+08
4.838029e-02 6.024019e+07 5.400656e+06 3.179399e+07 7.260584e+06 2.919449e+08
4.855956e-02 5.975382e+07 5.440480e+06 3.199627e+07 7.298752e+06 2.899793e+08
4.873901e-02 5.919403e+07 5.464740e+06 3.175268e+07 7.184542e+06 2.873712e+08
4.891873e-02 5.853879e+07 5.500596e+06 3.116313e+07 7.044029e+06 2.840214e+08
4.909828e-02 5.764175e+07 5.572194e+06 2.959054e+07 6.690232e+06 2.789392e+08
4.927778e-02 5.673867e+07 5.577464e+06 2.783526e+07 6.252665e+06 2.737548e+08
4.945710e-02 5.570420e+07 5.663174e+06 2.566671e+07 5.801808e+06 2.675866e+08
4.963681e-02 5.457570e+07 5.667566e+06 2.306408e+07 5.184671e+06 2.607495e+08
4.981627e-02 5.345150e+07 5.711239e+06 2.006596e+07 4.505107e+06 2.536633e+08
4.999549e-02 5.204279e+07 5.732174e+06 1.683251e+07 3.825698e+06 2.450941e+08
5.017513e-02 5.079289e+07 5.727636e+06 1.326160e+07 3.012866e+06 2.370116e+08
5.035469e-02 4.932124e+07 5.742756e+06 9.344583e+06 2.151393e+06 2.277021e+08
5.053422e-02 4.792496e+07 5.703390e+06 5.607128e+06 1.316258e+06 2.188463e+08
5.071373e-02 4.643351e+07 5.689680e+06 1.346120e+06 4.276352e+05 2.091785e+08
5.089331e-02 4.489084e+07 5.628456e+06 -2.742250e+06 -4.820213e+05 1.994243e+08
5.107290e-02 4.347514e+07 5.575986e+06 -6.887130e+06 -1.394821e+06 1.901384e+08
5.125246e-02 4.191319e+07 5.495932e+06 -1.110828e+07 -2.326241e+06 1.801860e+08
5.143191e-02 4.047843e+07 5.403528e+06 -1.513042e+07 -3.141603e+06 1.708600e+08
5.161130e-02 3.893607e+07 5.302120e+06 -1.911842e+07 -4.021196e+06 1.611104e+08
5.179073e-02 3.758872e+07 5.183300e+06 -2.293781e+07 -4.897698e+06 1.523612e+08
5.197023e-02 3.624320e+07 5.065260e+06 -2.657418e+07 -5.684617e+06 1.436848e+08
5.214995e-02 3.491280e+07 4.928862e+06 -2.998901e+07 -6.416466e+06 1.352697e+08
5.232948e-02 3.364479e+07 4.784596e+06 -3.304056e+07 -7.036374e+06 1.272785e+08
5.250892e-02 3.252864e+07 4.635626e+06 -3.600886e+07 -7.766474e+06 1.200994e+08
5.268863e-02 3.144196e+07 4.490166e+06 -3.840728e+07 -8.252102e+06 1.133514e+08
5.286820e-02 3.043641e+07 4.333498e+06 -4.063299e+07 -8.767786e+06 1.071292e+08
5.304764e-02 2.951810e+07 4.176961e+06 -4.240719e+07 -9.167375e+06 1.015485e+08
5.322715e-02 2.871299e+07 4.028582e+06 -4.385092e+07 -9.528890e+06 9.669963e+07
5.340663e-02 2.806256e+07 3.893049e+06 -4.497726e+07 -9.811036e+06 9.282346e+07
5.358625e-02 2.737834e+07 3.738940e+06 -4.550294e+07 -9.983388e+06 8.906248e+07
5.376579e-02 2.690867e+07 3.622541e+06 -4.589335e+07 -1.012033e+07 8.644982e+07
5.394514e-02 2.647034e+07 3.493098e+06 -4.573428e+07 -1.015609e+07 8.435382e+07
5.412441e-02 2.617873e+07 3.394880e+06 -4.527409e+07 -1.014106e+07 8.308670e+07
5.430414e-02 2.594526e+07 3.307072e+06 -4.442988e+07 -1.003978e+07 8.241371e+07
5.448388e-02 2.576743e+07 3.205607e+06 -4.313961e+07 -9.888429e+06 8.226092e+07
5.466309e-02 2.573251e+07 3.166890e+06 -4.171716e+07 -9.653176e+06 8.292055e+07
5.484261e-02 2.577782e+07 3.107654e+06 -3.984591e+07 -9.387466e+06 8.424224e+07
5.502222e-02 2.579531e+07 3.070837e+06 -3.762511e+07 -9.027365e+06 8.571398e+07
5.520186e-02 2.597334e+07 3.053462e+06 -3.529352e+07 -8.652207e+06 8.804662e+07
5.538127e-02 2.616189e+07 3.044556e+06 -3.260861e+07 -8.242662e+06 9.072372e+07
5.556057e-02 2.639204e+07 3.056856e+06 -2.980153e+07 -7.728360e+06 9.370708e+07
5.574024e-02 2.667480e+07 3.069899e+06 -2.674266e+07 -7.234484e+06 9.715757e+07
5.591990e-02 2.696217e+07 3.095301e+06 -2.362881e+07 -6.705581e+06 1.007140e+08
5.609947e-02 2.729560e+07 3.133653e+06 -2.042768e+07 -6.157200e+06 1.046308e+08
5.627892e-02 2.765692e+07 3.182970e+06 -1.705196e+07 -5.571986e+06 1.088262e+08
5.645856e-02 2.796021e+07 3.216073e+06 -1.372861e+07 -4.989083e+06 1.127794e+08
5.663826e-02 2.834335e+07 3.283961e+06 -1.038942e+07 -4.382828e+06 1.171703e+08
5.681769e-02 2.863117e+07 3.311978e+06 -7.038394e+06 -3.826154e+06 1.211597e+08
5.699710e-02 2.896653e+07 3.376347e+06 -3.861031e+06 -3.235150e+06 1.253093e+08
5.717663e-02 2.922649e+07 3.416767e+06 -6.315572e+05 -2.661348e+06 1.291837e+08
5.735605e-02 2.951659e+07 3.456416e+06 2.317761e+06 -2.128746e+06 1.330339e+08
5.753539e-02 2.973484e+07 3.511277e+06 5.219123e+06 -1.558595e+06 1.365411e+08
5.771483e-02 2.988887e+07 3.513580e+06 7.859058e+06 -1.153113e+06 1.396195e+08
5.789466e-02 3.007350e+07 3.561207e+06 1.042176e+07 -6.083011e+05 1.427566e+08
5.807436e-02 3.016533e+07 3.561682e+06 1.270149e+07 -2.128223e+05 1.453020e+08
5.825359e-02 3.021247e+07 3.574770e+06 1.459364e+07 1.297656e+05 1.473877e+08
5.843303e-02 3.019020e+07 3.576917e+06 1.647126e+07 5.255418e+05 1.490895e+08
5.861274e-02 3.016925e+07 3.560841e+06 1.794660e+07 7.702081e+05 1.505572e+08
5.879233e-02 3.007108e+07 3.546147e+06 1.919925e+07 1.030389e+06 1.514691e+08
5.897187e-02 2.991873e+07 3.519482e+06 2.016291e+07 1.201506e+06 1.519201e+08
5.915148e-02 2.965816e+07 3.477748e+06 2.082901e+07 1.354811e+06 1.515979e+08
5.933120e-02 2.944457e+07 3.440113e+06 2.126366e+07 1.438606e+06 1.513447e+08
5.951050e-02 2.913831e+07 3.391434e+06 2.137174e+07 1.499078e+06 1.503626e+08
5.968960e-02 2.876426e+07 3.326975e+06 2.123905e+07 1.458807e+06 1.488801e+08
5.986932e-02 2.834528e+07 3.273947e+06 2.081517e+07 1.436488e+06 1.469275e+08
6.004880e-02 2.791234e+07 3.200716e+06 2.017343e+07 1.326138e+06 1.447475e+08
6.022820e-02 2.746335e+07 3.133989e+06 1.934459e+07 1.212134e+06 1.422744e+08
6.040778e-02 2.688712e+07 3.053942e+06 1.819179e+07 1.046219e+06 1.389423e+08
6.058726e-02 2.635958e+07 2.968580e+06 1.686661e+07 7.933298e+05 1.356932e+08
6.076685e-02 2.575943e+07 2.906528e+06 1.536483e+07 6.271808e+05 1.319217e+08
6.094640e-02 2.519664e+07 2.812168e+06 1.377274e+07 3.382276e+05 1.282204e+08
6.112606e-02 2.454133e+07 2.737813e+06 1.191530e+07 8.393426e+04 1.238510e+08
6.130567e-02 2.389284e+07 2.649654e+06 1.002509e+07 -2.075080e+05 1.194362e+08
6.148499e-02 2.327181e+07 2.574878e+06 8.051481e+06 -5.025996e+05 1.150855e+08
6.166458e-02 2.259066e+07 2.497481e+06 5.898458e+06 -7.940155e+05 1.102574e+08
6.184419e-02 2.195743e+07 2.418344e+06 3.819114e+06 -1.105098e+06 1.056862e+08
6.202378e-02 2.127677e+07 2.344059e+06 1.629471e+06 -1.404833e+06 1.007818e+08
6.220328e-02 2.064168e+07 2.271401e+06 -4.953802e+05 -1.691142e+06 9.610788e+07
6.238252e-02 1.999982e+07 2.203842e+06 -2.645415e+06 -1.976038e+06 9.136811e+07
6.256203e-02 1.938690e+07 2.136494e+06 -4.735934e+06 -2.255023e+06 8.678226e+07
6.274173e-02 1.877800e+07 2.077238e+06 -6.766788e+06 -2.510138e+06 8.223616e+07
6.292133e-02 1.819879e+07 2.011020e+06 -8.747921e+06 -2.756985e+06 7.787280e+07
6.310073e-02 1.764628e+07 1.957422e+06 -1.057541e+07 -2.964230e+06 7.373093e+07
6.328018e-02 1.713295e+07 1.903741e+06 -1.232009e+07 -3.181251e+06 6.982782e+07
6.345987e-02 1.663592e+07 1.851396e+06 -1.394280e+07 -3.357723e+06 6.607514e+07
6.363932e-02 1.616580e+07 1.803975e+06 -1.537455e+07 -3.491201e+06 6.259875e+07
6.381883e-02 1.576180e+07 1.758210e+06 -1.674148e+07 -3.656189e+06 5.951811e+07
6.399840e-02 1.536917e+07 1.715867e+06 -1.783826e+07 -3.740782e+06 5.662598e+07
6.417787e-02 1.502863e+07 1.675710e+06 -1.882045e+07 -3.834064e+06 5.412849e+07
6.435740e-02 1.470213e+07 1.634410e+06 -1.959894e+07 -3.886289e+06 5.184160e+07
6.453672e-02 1.444282e+07 1.601576e+06 -2.023940e+07 -3.917475e+06 4.998004e+07
6.471627e-02 1.422067e+07 1.569892e+06 -2.065508e+07 -3.940270e+06 4.846857e+07
6.489573e-02 1.403810e+07 1.541084e+06 -2.091889e+07 -3.930180e+06 4.726008e+07
6.507532e-02 1.388033e+07 1.518233e+06 -2.100879e+07 -3.897329e+06 4.635839e+07
6.525498e-02 1.376440e+07 1.487088e+06 -2.090079e+07 -3.855356e+06 4.577322e+07
6.543438e-02 1.369868e+07 1.473967e+06 -2.065197e+07 -3.774979e+06 4.554971e+07
6.561406e-02 1.365406e+07 1.457185e+06 -2.022663e+07 -3.696358e+06 4.558068e+07
6.579354e-02 1.363428e+07 1.437361e+06 -1.965805e+07 -3.601282e+06 4.585052e+07
6.597293e-02 1.365382e+07 1.434806e+06 -1.896854e+07 -3.479850e+06 4.643456e+07
6.615268e-02 1.369676e+07 1.426492e+06 -1.812118e+07 -3.366037e+06 4.722951e+07
6.633236e-02 1.376729e+07 1.424929e+06 -1.721019e+07 -3.216698e+06 4.824964e+07
6.651186e-02 1.385431e+07 1.423594e+06 -1.616876e+07 -3.082492e+06 4.944975e+07
6.669114e-02 1.395050e+07 1.425755e+06 -1.505464e+07 -2.931856e+06 5.077065e+07
6.687057e-02 1.405681e+07 1.431847e+06 -1.388043e+07 -2.770028e+06 5.220854e+07
6.705025e-02 1.420325e+07 1.442884e+06 -1.264797e+07 -2.616251e+06 5.388160e+07
6.722990e-02 1.431606e+07 1.447837e+06 -1.142134e+07 -2.456865e+06 5.542777e+07
6.740941e-02 1.445759e+07 1.464034e+06 -1.013076e+07 -2.295024e+06 5.715530e+07
6.758867e-02 1.458645e+07 1.472983e+06 -8.852654e+06 -2.141494e+06 5.883736e+07
6.776822e-02 1.471884e+07 1.486436e+06 -7.616753e+06 -1.980758e+06 6.051891e+07
6.794788e-02 1.484596e+07 1.506375e+06 -6.362297e+06 -1.824718e+06 6.218742e+07
6.812729e-02 1.494554e+07 1.506411e+06 -5.214500e+06 -1.700772e+06 6.368573e+07
6.830688e-02 1.504976e+07 1.527236e+06 -4.057444e+06 -1.550527e+06 6.518150e+07
6.848624e-02 1.513394e+07 1.533378e+06 -3.043883e+06 -1.434169e+06 6.650724e+07
6.866563e-02 1.520422e+07 1.544590e+06 -2.045177e+06 -1.312351e+06 6.774744e+07
6.884532e-02 1.525235e+07 1.555939e+06 -1.137163e+06 -1.200134e+06 6.881525e+07
6.902501e-02 1.526312e+07 1.552665e+06 -4.002586e+05 -1.120947e+06 6.957959e+07
6.920471e-02 1.527184e+07 1.563166e+06 3.135277e+05 -1.025191e+06 7.030690e+07
6.938409e-02 1.527505e+07 1.563373e+06 8.484324e+05 -9.850181e+05 7.089594e+07
6.956343e-02 1.519806e+07 1.560185e+06 1.306099e+06 -9.158949e+05 7.099881e+07
6.974295e-02 1.515149e+07 1.562185e+06 1.645482e+06 -8.818409e+05 7.117340e+07
6.992262e-02 1.505429e+07 1.553878e+06 1.838062e+06 -8.696577e+05 7.098557e+07
7.010211e-02 1.494296e+07 1.549636e+06 1.943457e+06 -8.573928e+05 7.065960e+07
7.028154e-02 1.478920e+07 1.540386e+06 1.875217e+06 -8.752490e+05 6.998721e+07
7.046115e-02 1.462831e+07 1.529714e+06 1.754556e+06 -8.929444e+05 6.922017e+07
7.064068e-02 1.444286e+07 1.520802e+06 1.465538e+06 -9.352583e+05 6.821350e+07
7.081999e-02 1.424074e+07 1.508724e+06 1.085212e+06 -9.945888e+05 6.705020e+07
7.099948e-02 1.400756e+07 1.493528e+06 6.552256e+05 -1.054140e+06 6.567472e+07
7.117917e-02 1.375828e+07 1.480451e+06 3.932764e+04 -1.134017e+06 6.409028e+07
7.135856e-02 1.349833e+07 1.464028e+06 -6.052224e+05 -1.224806e+06 6.240632e+07
7.153818e-02 1.322759e+07 1.451009e+06 -1.337060e+06 -1.326290e+06 6.061565e+07
7.171778e-02 1.293079e+07 1.432000e+06 -2.127687e+06 -1.433998e+06 5.863447e+07
7.189719e-02 1.263371e+07 1.415502e+06 -2.986146e+06 -1.543812e+06 5.660142e+07
7.207684e-02 1.232129e+07 1.398655e+06 -3.891778e+06 -1.667307e+06 5.443966e+07
7.225635e-02 1.201727e+07 1.381532e+06 -4.804621e+06 -1.787788e+06 5.231354e+07
7.243580e-02 1.169113e+07 1.363245e+06 -5.789850e+06 -1.917553e+06 5.003517e+07
7.261540e-02 1.138088e+07 1.346795e+06 -6.730812e+06 -2.041696e+06 4.783655e+07
7.279498e-02 1.105759e+07 1.327044e+06 -7.693524e+06 -2.167690e+06 4.556437e+07
7.297435e-02 1.075281e+07 1.310375e+06 -8.664587e+06 -2.290611e+06 4.337778e+07
7.315367e-02 1.043775e+07 1.293308e+06 -9.558174e+06 -2.404566e+06 4.119071e+07
7.333339e-02 1.014719e+07 1.272334e+06 -1.047656e+07 -2.525688e+06 3.910349e+07
7.351304e-02 9.854135e+06 1.258483e+06 -1.130010e+07 -2.628031e+06 3.706730e+07
7.369245e-02 9.579430e+06 1.238100e+06 -1.209438e+07 -2.729571e+06 3.514690e+07
7.387205e-02 9.318826e+06 1.223045e+06 -1.281650e+07 -2.815144e+06 3.334767e+07
7.405161e-02 9.073048e+06 1.206304e+06 -1.346891e+07 -2.896418e+06 3.167186e+07
7.423102e-02 8.850812e+06 1.189691e+06 -1.405903e+07 -2.971129e+06 3.015532e+07
7.441034e-02 8.627764e+06 1.173358e+06 -1.451776e+07 -3.016418e+06 2.872738e+07
7.458994e-02 8.444662e+06 1.154966e+06 -1.493423e+07 -3.068464e+06 2.754099e+07
7.476952e-02 8.274512e+06 1.142656e+06 -1.523122e+07 -3.098594e+06 2.649193e+07
7.494880e-02 8.130984e+06 1.127710e+06 -1.545091e+07 -3.122531e+06 2.564364e+07
7.512837e-02 7.989007e+06 1.109215e+06 -1.552116e+07 -3.118150e+06 2.490176e+07
7.530798e-02 7.892488e+06 1.097615e+06 -1.555059e+07 -3.118328e+06 2.442106e+07
7.548748e-02 7.810188e+06 1.082464e+06 -1.545583e+07 -3.094281e+06 2.410671e+07
7.566700e-02 7.745157e+06 1.068498e+06 -1.525711e+07 -3.065425e+06 2.394557e+07
7.584667e-02 7.704406e+06 1.054084e+06 -1.496523e+07 -3.014048e+06 2.396928e+07
7.602629e-02 7.684936e+06 1.040773e+06 -1.458673e+07 -2.961220e+06 2.417181e+07
7.620569e-02 7.688242e+06 1.027910e+06 -1.412367e+07 -2.898050e+06 2.453811e+07
7.638530e-02 7.711212e+06 1.016750e+06 -1.358112e+07 -2.814708e+06 2.506553e+07
7.656501e-02 7.740496e+06 1.001285e+06 -1.293446e+07 -2.731172e+06 2.569095e+07
7.674455e-02 7.793522e+06 9.906984e+05 -1.223879e+07 -2.629946e+06 2.647166e+07
7.692398e-02 7.869768e+06 9.793402e+05 -1.149249e+07 -2.540128e+06 2.740508e+07
7.710340e-02 7.942641e+06 9.684729e+05 -1.067018e+07 -2.429597e+06 2.837339e+07
7.728275e-02 8.040241e+06 9.572336e+05 -9.824015e+06 -2.313441e+06 2.947299e+07
7.746218e-02 8.139676e+06 9.469096e+05 -8.919919e+06 -2.205384e+06 3.062770e+07
7.764173e-02 8.254152e+06 9.387842e+05 -8.021642e+06 -2.087142e+06 3.185335e+07
7.782134e-02 8.369448e+06 9.302808e+05 -7.081798e+06 -1.972366e+06 3.311004e+07
7.800113e-02 8.487606e+06 9.217313e+05 -6.137386e+06 -1.852914e+06 3.438157e+07
7.818053e-02 8.611232e+06 9.144059e+05 -5.212235e+06 -1.735651e+06 3.566369e+07
7.835977e-02 8.729340e+06 9.104914e+05 -4.264364e+06 -1.626277e+06 3.694480e+07
7.853945e-02 8.847151e+06 9.028363e+05 -3.392646e+06 -1.519970e+06 3.816767e+07
7.871901e-02 8.961947e+06 8.995860e+05 -2.491572e+06 -1.408380e+06 3.938896e+07
7.889852e-02 9.063844e+06 8.949256e+05 -1.658626e+06 -1.310830e+06 4.050536e+07
7.907812e-02 9.164351e+06 8.932523e+05 -8.657321e+05 -1.214002e+06 4.158739e+07
7.925765e-02 9.248229e+06 8.912612e+05 -1.192487e+05 -1.124223e+06 4.256274e+07
7.943713e-02 9.331542e+06 8.907359e+05 5.468869e+05 -1.045660e+06 4.346863e+07
7.961653e-02 9.385119e+06 8.908569e+05 1.187444e+06 -9.601262e+05 4.421611e+07
7.979598e-02 9.442580e+06 8.919925e+05 1.716265e+06 -9.072082e+05 4.490827e+07
7.997559e-02 9.469757e+06 8.941654e+05 2.212201e+06 -8.393249e+05 4.543923e+07
8.015521e-02 9.493233e+06 8.977540e+05 2.607432e+06 -7.865601e+05 4.587005e+07
8.033477e-02 9.484802e+06 8.996220e+05 2.924539e+06 -7.472556e+05 4.609234e+07
8.051401e-02 9.475849e+06 9.065451e+05 3.176882e+06 -7.064888e+05 4.627102e+07
8.069347e-02 9.434281e+06 9.086334e+05 3.321430e+06 -6.820398e+05 4.621932e+07
8.087332e-02 9.391967e+06 9.156934e+05 3.427257e+06 -6.598570e+05 4.613212e+07
8.105287e-02 9.324359e+06 9.216457e+05 3.418674e+06 -6.515579e+05 4.584179e+07
8.123233e-02 9.230865e+06 9.254563e+05 3.338496e+06 -6.455337e+05 4.537807e+07
8.141188e-02 9.137580e+06 9.313483e+05 3.201817e+06 -6.485163e+05 4.487894e+07
8.159141e-02 9.017764e+06 9.358529e+05 2.964332e+06 -6.619066e+05 4.417035e+07
8.177087e-02 8.890676e+06 9.394932e+05 2.691217e+06 -6.779063e+05 4.340683e+07
8.195037e-02 8.739948e+06 9.427386e+05 2.319244e+06 -7.052129e+05 4.245268e+07
8.212994e-02 8.592401e+06 9.436194e+05 1.914168e+06 -7.396378e+05 4.149134e+07
8.230951e-02 8.425641e+06 9.414933e+05 1.472429e+06 -7.730563e+05 4.040538e+07
8.248900e-02 8.248066e+06 9.400123e+05 9.326721e+05 -8.187324e+05 3.919862e+07
8.266844e-02 8.064896e+06 9.345296e+05 4.064072e+05 -8.717990e+05 3.796698e+07
8.284785e-02 7.881572e+06 9.283044e+05 -1.938131e+05 -9.215226e+05 3.667548e+07
8.302730e-02 7.689764e+06 9.164124e+05 -7.859039e+05 -9.842512e+05 3.534959e+07
8.320692e-02 7.494192e+06 9.047902e+05 -1.416314e+06 -1.047664e+06 3.396298e+07
8.338648e-02 7.301278e+06 8.894244e+05 -2.059067e+06 -1.111402e+06 3.258046e+07
8.356601e-02 7.102632e+06 8.709151e+05 -2.682566e+06 -1.178678e+06 3.116797e+07
8.374563e-02 6.922396e+06 8.503105e+05 -3.347014e+06 -1.254916e+06 2.981336e+07
8.392511e-02 6.732560e+06 8.285077e+05 -3.951869e+06 -1.322655e+06 2.844599e+07
8.410459e-02 6.550342e+06 8.029414e+05 -4.559356e+06 -1.395740e+06 2.709681e+07
8.428421e-02 6.380698e+06 7.784169e+05 -5.146144e+06 -1.468589e+06 2.582359e+07
8.446368e-02 6.217378e+06 7.511771e+05 -5.688170e+06 -1.537837e+06 2.459673e+07
8.464319e-02 6.068223e+06 7.246696e+05 -6.214237e+06 -1.610557e+06 2.344087e+07
8.482280e-02 5.920169e+06 6.988921e+05 -6.671200e+06 -1.672278e+06 2.233419e+07
8.500226e-02 5.796573e+06 6.725194e+05 -7.111126e+06 -1.740354e+06 2.134788e+07
8.518174e-02 5.675940e+06 6.496740e+05 -7.471074e+06 -1.794108e+06 2.042759e+07
8.536136e-02 5.572977e+06 6.276322e+05 -7.790116e+06 -1.850261e+06 1.961442e+07
8.554093e-02 5.481764e+06 6.092244e+05 -8.044970e+06 -1.895260e+06 1.889964e+07
8.572028e-02 5.400750e+06 5.929768e+05 -8.230934e+06 -1.935512e+06 1.828322e+07
8.589963e-02 5.344442e+06 5.816804e+05 -8.378055e+06 -1.971642e+06 1.780880e+07
8.607915e-02 5.291780e+06 5.738546e+05 -8.439997e+06 -1.997867e+06 1.741348e+07
8.625868e-02 5.254771e+06 5.704669e+05 -8.440466e+06 -2.015937e+06 1.713796e+07
8.643824e-02 5.229744e+06 5.703942e+05 -8.379046e+06 -2.024670e+06 1.697202e+07
8.661787e-02 5.219228e+06 5.745585e+05 -8.254862e+06 -2.027320e+06 1.692023e+07
8.679744e-02 5.223194e+06 5.858365e+05 -8.081212e+06 -2.024955e+06 1.698193e+07
8.697703e-02 5.233182e+06 5.964927e+05 -7.831862e+06 -2.014683e+06 1.713081e+07
8.715648e-02 5.252620e+06 6.131867e+05 -7.534324e+06 -1.988993e+06 1.737095e+07
8.733588e-02 5.282754e+06 6.296121e+05 -7.184353e+06 -1.966189e+06 1.770508e+07
8.751546e-02 5.322288e+06 6.513846e+05 -6.783748e+06 -1.938626e+06 1.813024e+07
8.769504e-02 5.369349e+06 6.731356e+05 -6.352660e+06 -1.903392e+06 1.861950e+07
8.787468e-02 5.418375e+06 6.936372e+05 -5.862271e+06 -1.866990e+06 1.917015e+07
8.805415e-02 5.477260e+06 7.167338e+05 -5.365704e+06 -1.827654e+06 1.977955e+07
8.823359e-02 5.536228e+06 7.358584e+05 -4.823090e+06 -1.792129e+06 2.042810e+07
8.841311e-02 5.601555e+06 7.553362e+05 -4.270374e+06 -1.760750e+06 2.112070e+07
8.859270e-02 5.662695e+06 7.703334e+05 -3.688650e+06 -1.725382e+06 2.181881e+07
8.877226e-02 5.727267e+06 7.811878e+05 -3.102568e+06 -1.700536e+06 2.253770e+07
8.895172e-02 5.796114e+06 7.918790e+05 -2.535401e+06 -1.687932e+06 2.326812e+07
8.913118e-02 5.855006e+06 7.945466e+05 -1.933358e+06 -1.678467e+06 2.397506e+07
8.931072e-02 5.916392e+06 7.951172e+05 -1.369224e+06 -1.682631e+06 2.466588e+07
8.949031e-02 5.974382e+06 7.901345e+05 -8.086741e+05 -1.695548e+06 2.533551e+07
8.966973e-02 6.024018e+06 7.807549e+05 -2.495705e+05 -1.719465e+06 2.595791e+07
8.984928e-02 6.072936e+06 7.686148e+05 2.616777e+05 -1.765696e+06 2.655312e+07
9.002870e-02 6.111172e+06 7.533216e+05 7.659234e+05 -1.813230e+06 2.707475e+07
9.020814e-02 6.147276e+06 7.353403e+05 1.224926e+06 -1.882162e+06 2.756000e+07
9.038774e-02 6.174038e+06 7.179610e+05 1.665946e+06 -1.953734e+06 2.798040e+07
9.056723e-02 6.189277e+06 7.010514e+05 2.061687e+06 -2.047210e+06 2.831797e+07
9.074682e-02 6.202735e+06 6.888529e+05 2.430262e+06 -2.138874e+06 2.862746e+07
9.092635e-02 6.208010e+06 6.816869e+05 2.766167e+06 -2.237124e+06 2.887289e+07
9.110583e-02 6.196656e+06 6.856504e+05 3.037078e+06 -2.326450e+06 2.901918e+07
9.128546e-02 6.181475e+06 7.018246e+05 3.308701e+06 -2.401019e+06 2.915846e+07
9.146502e-02 6.157668e+06 7.459941e+05 3.527582e+06 -2.439122e+06 2.925386e+07
9.164437e-02 6.124473e+06 8.166202e+05 3.715889e+06 -2.428913e+06 2.931461e+07
9.182391e-02 6.077722e+06 9.809535e+05 3.872704e+06 -2.203965e+06 2.934816e+07
