# k, q0, q1/i, q2, q3/i, q4, norm, alpha = 4.28737e+00, 1.96234e-02
0.000000e+00 1.017993e+13 0.000000e+00 0.000000e+00 0.000000e+00 4.848727e+12
2.542755e-04 1.009266e+13 6.272816e+11 2.135877e+10 2.218706e+11 -1.164131e+12
4.308321e-04 9.937542e+12 1.044185e+12 9.131880e+10 1.766934e+10 3.455595e+11
6.127972e-04 9.697457e+12 1.446017e+12 1.742920e+11 1.628817e+11 -5.048821e+11
7.953316e-04 9.384375e+12 1.809407e+12 2.993361e+11 1.429452e+11 -1.148400e+11
9.814571e-04 8.996071e+12 2.129305e+12 4.468706e+11 2.241804e+11 -1.873528e+11
1.156539e-03 8.580401e+12 2.376703e+12 6.257998e+11 2.093074e+11 1.510376e+11
1.336205e-03 8.107352e+12 2.578762e+12 7.809820e+11 4.435273e+11 -2.383566e+11
1.522449e-03 7.586776e+12 2.716036e+12 1.013061e+12 4.567062e+11 1.149713e+11
1.702691e-03 7.054583e+12 2.803535e+12 1.165091e+12 7.607477e+11 -2.903828e+11
1.882192e-03 6.522269e+12 2.816375e+12 1.401125e+12 8.244827e+11 -3.944705e+10
2.058659e-03 5.988975e+12 2.796629e+12 1.552152e+12 1.091240e+12 -2.660842e+11
2.236532e-03 5.460074e+12 2.727435e+12 1.700808e+12 1.330654e+12 -4.713015e+11
2.420114e-03 4.947092e+12 2.595348e+12 1.943169e+12 1.394076e+12 -1.270516e+11
2.599101e-03 4.456597e+12 2.453905e+12 2.070385e+12 1.619566e+12 -2.900531e+11
2.777369e-03 3.992857e+12 2.291559e+12 2.164781e+12 1.829956e+12 -4.652937e+11
2.956466e-03 3.565345e+12 2.105959e+12 2.280964e+12 1.958607e+12 -4.158170e+11
3.137227e-03 3.171510e+12 1.908248e+12 2.363039e+12 2.093891e+12 -4.819205e+11
3.318471e-03 2.807054e+12 1.713038e+12 2.420443e+12 2.194454e+12 -4.823162e+11
3.497455e-03 2.474866e+12 1.527771e+12 2.404225e+12 2.281090e+12 -5.826912e+11
3.677740e-03 2.184617e+12 1.345061e+12 2.399497e+12 2.306857e+12 -5.630651e+11
3.857458e-03 1.936438e+12 1.168401e+12 2.432322e+12 2.333457e+12 -4.979989e+11
4.036058e-03 1.700371e+12 1.018666e+12 2.338259e+12 2.308432e+12 -5.454734e+11
4.215732e-03 1.500239e+12 8.773834e+11 2.291270e+12 2.266549e+12 -4.613806e+11
4.393900e-03 1.323380e+12 7.544957e+11 2.192331e+12 2.197622e+12 -4.621584e+11
4.573307e-03 1.174859e+12 6.471605e+11 2.112917e+12 2.112249e+12 -3.701280e+11
4.754683e-03 1.037942e+12 5.535326e+11 2.002769e+12 2.001103e+12 -2.970488e+11
4.935208e-03 9.127435e+11 4.715231e+11 1.875267e+12 1.889698e+12 -2.573234e+11
5.114267e-03 8.150455e+11 4.057028e+11 1.767899e+12 1.767622e+12 -1.626965e+11
5.292984e-03 7.177958e+11 3.470690e+11 1.624897e+12 1.635816e+12 -1.198197e+11
5.471846e-03 6.440354e+11 2.991554e+11 1.522657e+12 1.509794e+12 -2.009478e+10
5.651916e-03 5.639427e+11 2.552267e+11 1.371296e+12 1.375499e+12 7.494264e+09
5.831477e-03 5.066414e+11 2.205430e+11 1.270672e+12 1.257418e+12 9.050334e+10
6.011451e-03 4.495848e+11 1.886921e+11 1.149882e+12 1.135364e+12 1.380011e+11
6.191171e-03 3.991765e+11 1.604377e+11 1.034654e+12 1.020928e+12 1.708224e+11
6.370885e-03 3.553915e+11 1.364808e+11 9.300725e+11 9.171970e+11 2.074857e+11
6.550978e-03 3.165793e+11 1.148607e+11 8.293558e+11 8.172023e+11 2.275620e+11
6.729662e-03 2.850432e+11 9.659367e+10 7.446750e+11 7.318874e+11 2.490884e+11
6.908722e-03 2.536655e+11 7.989760e+10 6.530296e+11 6.456129e+11 2.528691e+11
7.088232e-03 2.277711e+11 6.609721e+10 5.737902e+11 5.701708e+11 2.488091e+11
7.267194e-03 2.064985e+11 5.372522e+10 5.060375e+11 5.019049e+11 2.537772e+11
7.447006e-03 1.857271e+11 4.445797e+10 4.374036e+11 4.395603e+11 2.373851e+11
7.626893e-03 1.683188e+11 3.604366e+10 3.769641e+11 3.795799e+11 2.279880e+11
7.807282e-03 1.541713e+11 2.998319e+10 3.256729e+11 3.307037e+11 2.156278e+11
7.987750e-03 1.397422e+11 2.527822e+10 2.749009e+11 2.816578e+11 1.978588e+11
8.167388e-03 1.279264e+11 2.203070e+10 2.313386e+11 2.385602e+11 1.837163e+11
8.345882e-03 1.168001e+11 1.988389e+10 1.933310e+11 2.029917e+11 1.648646e+11
8.524356e-03 1.068548e+11 1.833376e+10 1.574968e+11 1.656943e+11 1.515543e+11
8.703951e-03 9.714214e+10 1.750677e+10 1.270129e+11 1.368693e+11 1.333597e+11
8.883655e-03 8.880520e+10 1.724767e+10 1.006705e+11 1.102836e+11 1.211256e+11
9.063959e-03 8.106753e+10 1.705651e+10 7.820867e+10 8.787313e+10 1.081606e+11
9.243959e-03 7.326074e+10 1.681918e+10 5.699687e+10 6.735554e+10 9.478234e+10
9.423354e-03 6.650911e+10 1.671628e+10 4.062030e+10 5.089294e+10 8.461221e+10
9.603476e-03 5.932317e+10 1.608296e+10 2.567976e+10 3.693520e+10 7.161523e+10
9.782217e-03 5.357446e+10 1.584751e+10 1.444278e+10 2.565063e+10 6.362718e+10
9.961474e-03 4.809477e+10 1.508139e+10 4.470223e+09 1.646119e+10 5.469046e+10
1.014145e-02 4.290449e+10 1.417855e+10 -3.577330e+09 9.440611e+09 4.592800e+10
1.032017e-02 3.841744e+10 1.332361e+10 -9.259025e+09 3.947547e+09 4.001718e+10
1.049983e-02 3.405916e+10 1.220919e+10 -1.429002e+10 1.820938e+08 3.163394e+10
1.067933e-02 3.053999e+10 1.118254e+10 -1.774238e+10 -2.836019e+09 2.660125e+10
1.085922e-02 2.714684e+10 9.936901e+09 -2.005774e+10 -4.620080e+09 2.121580e+10
1.103911e-02 2.444160e+10 9.050904e+09 -2.179774e+10 -5.895455e+09 1.702807e+10
1.121859e-02 2.180200e+10 8.006905e+09 -2.240414e+10 -6.390839e+09 1.322979e+10
1.139867e-02 1.975056e+10 7.079361e+09 -2.268728e+10 -6.459473e+09 1.029829e+10
1.157742e-02 1.794009e+10 6.336558e+09 -2.245869e+10 -6.545015e+09 8.542264e+09
1.175702e-02 1.639720e+10 5.604291e+09 -2.184382e+10 -6.032232e+09 6.812515e+09
1.193688e-02 1.501344e+10 4.980926e+09 -2.078849e+10 -5.603146e+09 6.159874e+09
1.211563e-02 1.388558e+10 4.400980e+09 -1.952111e+10 -4.918710e+09 5.862466e+09
1.229554e-02 1.302443e+10 4.056017e+09 -1.834652e+10 -4.460639e+09 6.333570e+09
1.247535e-02 1.213261e+10 3.594479e+09 -1.662385e+10 -3.767207e+09 7.002216e+09
1.265439e-02 1.154472e+10 3.264983e+09 -1.515881e+10 -2.913158e+09 7.940428e+09
1.283343e-02 1.092277e+10 2.943914e+09 -1.337847e+10 -2.358040e+09 9.370247e+09
1.301293e-02 1.050860e+10 2.721185e+09 -1.177256e+10 -1.723306e+09 1.094789e+10
1.319355e-02 1.011586e+10 2.471897e+09 -1.005879e+10 -1.036780e+09 1.256080e+10
1.337382e-02 9.761415e+09 2.249556e+09 -8.288897e+09 -4.367461e+08 1.424131e+10
1.355335e-02 9.555851e+09 2.075688e+09 -6.825197e+09 1.739242e+08 1.594168e+10
1.373274e-02 9.300335e+09 1.906350e+09 -5.055346e+09 6.645542e+08 1.770002e+10
1.391170e-02 9.160584e+09 1.761327e+09 -3.735680e+09 1.143151e+09 1.921403e+10
1.409058e-02 8.969064e+09 1.640871e+09 -2.277356e+09 1.568920e+09 2.061287e+10
1.427002e-02 8.861135e+09 1.536932e+09 -8.868475e+08 1.915572e+09 2.205634e+10
1.444910e-02 8.741023e+09 1.462427e+09 2.833829e+08 2.254251e+09 2.325814e+10
1.462844e-02 8.590755e+09 1.384663e+09 1.519472e+09 2.517584e+09 2.430073e+10
1.480897e-02 8.500142e+09 1.363859e+09 2.414573e+09 2.643998e+09 2.518890e+10
1.498891e-02 8.349372e+09 1.328343e+09 3.429518e+09 2.822856e+09 2.595433e+10
1.516797e-02 8.202129e+09 1.320415e+09 4.156431e+09 2.857283e+09 2.648830e+10
1.534742e-02 8.042008e+09 1.314571e+09 4.863954e+09 2.903277e+09 2.691677e+10
1.552755e-02 7.861000e+09 1.320838e+09 5.587983e+09 2.974592e+09 2.720703e+10
1.570712e-02 7.671824e+09 1.331999e+09 5.886108e+09 2.842326e+09 2.727250e+10
1.588558e-02 7.461694e+09 1.336455e+09 6.447890e+09 2.894274e+09 2.734224e+10
1.606539e-02 7.211673e+09 1.324828e+09 6.651885e+09 2.772530e+09 2.703938e+10
1.624590e-02 6.955354e+09 1.325538e+09 6.823818e+09 2.702226e+09 2.667653e+10
1.642530e-02 6.698437e+09 1.308245e+09 6.999073e+09 2.645226e+09 2.627231e+10
1.660477e-02 6.454939e+09 1.286482e+09 7.038526e+09 2.537278e+09 2.584900e+10
1.678430e-02 6.137629e+09 1.244405e+09 7.012320e+09 2.468611e+09 2.498613e+10
1.696359e-02 5.868453e+09 1.203609e+09 6.793855e+09 2.350666e+09 2.420675e+10
1.714294e-02 5.583843e+09 1.146789e+09 6.732578e+09 2.272896e+09 2.341484e+10
1.732202e-02 5.294383e+09 1.090625e+09 6.445220e+09 2.155954e+09 2.240285e+10
1.750141e-02 5.010348e+09 1.031425e+09 6.113614e+09 2.054184e+09 2.135334e+10
1.768181e-02 4.732413e+09 9.507354e+08 5.901662e+09 1.957991e+09 2.033693e+10
1.786131e-02 4.486241e+09 9.048104e+08 5.440587e+09 1.845885e+09 1.928765e+10
1.804025e-02 4.209940e+09 8.269862e+08 5.090627e+09 1.710032e+09 1.812558e+10
1.822032e-02 3.947982e+09 7.685357e+08 4.639148e+09 1.612663e+09 1.692763e+10
1.839987e-02 3.717318e+09 7.067655e+08 4.190497e+09 1.473028e+09 1.584199e+10
1.857923e-02 3.486068e+09 6.459601e+08 3.786349e+09 1.345881e+09 1.476433e+10
1.875889e-02 3.259967e+09 5.966456e+08 3.272368e+09 1.223391e+09 1.362264e+10
1.893827e-02 3.049732e+09 5.436744e+08 2.879201e+09 1.110812e+09 1.259246e+10
1.911768e-02 2.852953e+09 5.028612e+08 2.366719e+09 9.952812e+08 1.155464e+10
1.929737e-02 2.664857e+09 4.559988e+08 1.951071e+09 8.839002e+08 1.059239e+10
1.947670e-02 2.483780e+09 4.126497e+08 1.526039e+09 7.839315e+08 9.658696e+09
1.965601e-02 2.316226e+09 3.735366e+08 1.084332e+09 6.822987e+08 8.751101e+09
1.983541e-02 2.163705e+09 3.353728e+08 7.098260e+08 6.105180e+08 7.940184e+09
2.001489e-02 2.027806e+09 2.976179e+08 3.225995e+08 5.308752e+08 7.196185e+09
2.019468e-02 1.892482e+09 2.618320e+08 -2.030843e+07 4.705997e+08 6.457821e+09
2.037444e-02 1.775164e+09 2.256780e+08 -3.413944e+08 4.090939e+08 5.806840e+09
2.055417e-02 1.673273e+09 1.947363e+08 -6.454014e+08 3.641956e+08 5.217744e+09
2.073390e-02 1.576853e+09 1.643312e+08 -8.941296e+08 3.336637e+08 4.673062e+09
2.091338e-02 1.499011e+09 1.335752e+08 -1.150737e+09 2.877182e+08 4.204506e+09
2.109302e-02 1.426908e+09 1.095062e+08 -1.343025e+09 2.617803e+08 3.783685e+09
2.127237e-02 1.369580e+09 8.721314e+07 -1.520951e+09 2.348392e+08 3.425374e+09
2.145116e-02 1.320988e+09 6.902010e+07 -1.675687e+09 2.095909e+08 3.127720e+09
2.163077e-02 1.274854e+09 5.401748e+07 -1.775332e+09 1.898751e+08 2.859687e+09
2.181049e-02 1.247819e+09 4.318826e+07 -1.880818e+09 1.615405e+08 2.681053e+09
2.198999e-02 1.217318e+09 3.591227e+07 -1.928737e+09 1.485713e+08 2.517890e+09
2.216980e-02 1.199714e+09 3.354957e+07 -1.970333e+09 1.218036e+08 2.426340e+09
2.234970e-02 1.184180e+09 3.371129e+07 -1.978647e+09 1.064920e+08 2.363940e+09
2.252980e-02 1.171310e+09 3.751870e+07 -1.963274e+09 8.632189e+07 2.344427e+09
2.270853e-02 1.162715e+09 4.387359e+07 -1.926514e+09 6.969162e+07 2.358983e+09
2.288717e-02 1.151366e+09 5.253204e+07 -1.863874e+09 5.682154e+07 2.396720e+09
2.306686e-02 1.153555e+09 6.283994e+07 -1.806971e+09 3.853438e+07 2.490783e+09
2.324649e-02 1.142046e+09 7.375684e+07 -1.706448e+09 3.283792e+07 2.570426e+09
2.342617e-02 1.143904e+09 8.408844e+07 -1.614611e+09 2.451762e+07 2.705432e+09
2.360560e-02 1.132746e+09 9.493707e+07 -1.495283e+09 2.169872e+07 2.817501e+09
2.378549e-02 1.130948e+09 1.037353e+08 -1.378386e+09 2.113566e+07 2.969586e+09
2.396571e-02 1.127062e+09 1.130763e+08 -1.256332e+09 2.287884e+07 3.120930e+09
2.414482e-02 1.118388e+09 1.177927e+08 -1.121875e+09 3.117664e+07 3.262626e+09
2.432376e-02 1.113320e+09 1.241084e+08 -9.956012e+08 3.937644e+07 3.414448e+09
2.450343e-02 1.106259e+09 1.255639e+08 -8.587028e+08 4.967248e+07 3.561406e+09
2.468304e-02 1.101263e+09 1.265285e+08 -7.373226e+08 6.365466e+07 3.702697e+09
2.486245e-02 1.091691e+09 1.258893e+08 -6.082895e+08 7.706405e+07 3.825747e+09
2.504187e-02 1.082815e+09 1.217396e+08 -4.836860e+08 9.141438e+07 3.937038e+09
2.522156e-02 1.076293e+09 1.214440e+08 -3.770774e+08 1.057382e+08 4.044134e+09
2.540110e-02 1.068018e+09 1.152071e+08 -2.654320e+08 1.167312e+08 4.134864e+09
2.558029e-02 1.058893e+09 1.123532e+08 -1.714955e+08 1.298461e+08 4.201172e+09
2.575992e-02 1.048044e+09 1.079066e+08 -8.027979e+07 1.384929e+08 4.250226e+09
2.593954e-02 1.040942e+09 1.037534e+08 1.134885e+06 1.410533e+08 4.303476e+09
2.611933e-02 1.027875e+09 1.018134e+08 6.010275e+07 1.454800e+08 4.310412e+09
2.629913e-02 1.015744e+09 9.866790e+07 1.288432e+08 1.468778e+08 4.318395e+09
2.647853e-02 1.001068e+09 9.740406e+07 1.694702e+08 1.431660e+08 4.296929e+09
2.665812e-02 9.874364e+08 9.672064e+07 2.117435e+08 1.370919e+08 4.272998e+09
2.683805e-02 9.694035e+08 9.620596e+07 2.432281e+08 1.291267e+08 4.225221e+09
2.701719e-02 9.516664e+08 9.690186e+07 2.515215e+08 1.187696e+08 4.160326e+09
2.719620e-02 9.297416e+08 9.760866e+07 2.759059e+08 1.091275e+08 4.084795e+09
2.737553e-02 9.091787e+08 9.782190e+07 2.636353e+08 9.227886e+07 3.996426e+09
2.755538e-02 8.846856e+08 9.956510e+07 2.651197e+08 8.007638e+07 3.893941e+09
2.773538e-02 8.588164e+08 1.001155e+08 2.482841e+08 6.573431e+07 3.776154e+09
2.791455e-02 8.329953e+08 1.005260e+08 2.280749e+08 5.222639e+07 3.655682e+09
2.809381e-02 8.023426e+08 1.007401e+08 2.068765e+08 3.849138e+07 3.512697e+09
2.827308e-02 7.770585e+08 1.008212e+08 1.658917e+08 2.228278e+07 3.385300e+09
2.845277e-02 7.442098e+08 9.997874e+07 1.395303e+08 1.342941e+07 3.226954e+09
2.863250e-02 7.152383e+08 9.830758e+07 9.533370e+07 -7.616088e+05 3.078654e+09
2.881166e-02 6.838132e+08 9.648782e+07 5.275945e+07 -1.221274e+07 2.917799e+09
2.899137e-02 6.524499e+08 9.472039e+07 1.466063e+07 -1.882730e+07 2.761259e+09
2.917126e-02 6.223474e+08 9.175230e+07 -3.898439e+07 -2.898756e+07 2.599365e+09
2.935071e-02 5.924408e+08 8.827324e+07 -8.239890e+07 -3.761904e+07 2.443405e+09
2.953030e-02 5.622708e+08 8.486644e+07 -1.318152e+08 -4.225491e+07 2.282169e+09
2.970997e-02 5.334220e+08 8.052888e+07 -1.787678e+08 -4.824640e+07 2.128773e+09
2.988940e-02 5.057418e+08 7.626183e+07 -2.239172e+08 -5.295334e+07 1.979096e+09
3.006874e-02 4.793019e+08 7.171333e+07 -2.699265e+08 -5.684794e+07 1.832971e+09
3.024815e-02 4.537482e+08 6.686018e+07 -3.102735e+08 -6.034752e+07 1.695615e+09
3.042767e-02 4.311353e+08 6.220917e+07 -3.568167e+08 -6.354643e+07 1.564170e+09
3.060744e-02 4.093369e+08 5.736059e+07 -3.914762e+08 -6.504212e+07 1.444350e+09
3.078708e-02 3.878412e+08 5.279422e+07 -4.256883e+08 -6.690386e+07 1.323585e+09
3.096646e-02 3.696331e+08 4.854227e+07 -4.567628e+08 -6.862554e+07 1.219728e+09
3.114600e-02 3.525594e+08 4.462026e+07 -4.827571e+08 -6.952261e+07 1.124303e+09
3.132546e-02 3.379064e+08 4.094612e+07 -5.070174e+08 -7.112418e+07 1.037533e+09
3.150520e-02 3.238568e+08 3.795754e+07 -5.239838e+08 -7.155299e+07 9.610390e+08
3.168484e-02 3.118072e+08 3.529153e+07 -5.377739e+08 -7.247482e+07 8.935462e+08
3.186375e-02 3.016496e+08 3.328429e+07 -5.476325e+08 -7.348877e+07 8.388317e+08
3.204302e-02 2.920123e+08 3.148053e+07 -5.510398e+08 -7.320496e+07 7.906319e+08
3.222277e-02 2.838878e+08 3.037435e+07 -5.505421e+08 -7.352576e+07 7.528970e+08
3.240259e-02 2.767782e+08 2.945410e+07 -5.451455e+08 -7.328233e+07 7.249626e+08
3.258186e-02 2.715603e+08 2.934892e+07 -5.373336e+08 -7.347898e+07 7.064694e+08
3.276123e-02 2.666973e+08 2.894617e+07 -5.238470e+08 -7.188255e+07 6.958368e+08
3.294133e-02 2.626734e+08 2.904654e+07 -5.067107e+08 -7.101722e+07 6.926933e+08
3.312088e-02 2.594408e+08 2.926595e+07 -4.856684e+08 -6.942011e+07 6.967211e+08
3.330035e-02 2.564552e+08 2.931572e+07 -4.604845e+08 -6.665258e+07 7.065089e+08
3.347992e-02 2.553081e+08 2.966324e+07 -4.352341e+08 -6.442498e+07 7.241496e+08
3.365971e-02 2.529090e+08 2.967696e+07 -4.029178e+08 -6.008168e+07 7.430355e+08
3.383927e-02 2.527161e+08 2.996610e+07 -3.733362e+08 -5.737693e+07 7.706022e+08
3.401835e-02 2.515595e+08 2.991273e+07 -3.378895e+08 -5.247219e+07 7.974385e+08
3.419757e-02 2.516739e+08 2.983954e+07 -3.039840e+08 -4.772019e+07 8.302488e+08
3.437723e-02 2.515254e+08 2.954137e+07 -2.678465e+08 -4.253515e+07 8.629151e+08
3.455683e-02 2.518047e+08 2.933158e+07 -2.310672e+08 -3.682090e+07 8.983468e+08
3.473619e-02 2.525134e+08 2.894022e+07 -1.958554e+08 -3.169911e+07 9.341389e+08
3.491584e-02 2.525740e+08 2.851369e+07 -1.591230e+08 -2.553502e+07 9.683254e+08
3.509556e-02 2.535518e+08 2.793084e+07 -1.248531e+08 -1.962102e+07 1.004458e+09
3.527533e-02 2.538356e+08 2.738965e+07 -9.081931e+07 -1.385588e+07 1.036777e+09
3.545456e-02 2.544851e+08 2.670384e+07 -5.740134e+07 -7.617022e+06 1.069571e+09
3.563370e-02 2.543866e+08 2.610038e+07 -2.895031e+07 -2.404790e+06 1.095738e+09
3.581332e-02 2.552156e+08 2.532235e+07 1.231142e+06 3.078308e+06 1.126580e+09
3.599287e-02 2.548408e+08 2.479714e+07 2.592504e+07 8.166028e+06 1.147771e+09
3.617240e-02 2.545058e+08 2.385222e+07 4.946212e+07 1.254365e+07 1.167442e+09
3.635196e-02 2.535671e+08 2.321255e+07 7.122643e+07 1.728784e+07 1.182377e+09
3.653161e-02 2.530329e+08 2.245709e+07 8.833086e+07 2.064572e+07 1.196186e+09
3.671117e-02 2.520822e+08 2.170938e+07 1.044884e+08 2.446087e+07 1.206197e+09
3.689084e-02 2.496695e+08 2.091510e+07 1.155709e+08 2.678527e+07 1.205927e+09
3.707056e-02 2.479503e+08 2.016845e+07 1.256206e+08 2.937252e+07 1.207362e+09
3.724984e-02 2.451827e+08 1.944988e+07 1.319975e+08 3.114385e+07 1.200575e+09
3.742914e-02 2.431871e+08 1.875427e+07 1.351690e+08 3.218017e+07 1.194981e+09
3.760871e-02 2.390060e+08 1.811063e+07 1.371629e+08 3.341934e+07 1.177704e+09
3.778826e-02 2.356712e+08 1.727783e+07 1.340158e+08 3.317182e+07 1.160398e+09
3.796764e-02 2.316972e+08 1.683788e+07 1.312248e+08 3.362703e+07 1.140351e+09
3.814709e-02 2.276492e+08 1.626071e+07 1.244041e+08 3.238012e+07 1.116197e+09
3.832696e-02 2.224868e+08 1.580746e+07 1.149572e+08 3.157234e+07 1.084968e+09
3.850665e-02 2.173851e+08 1.539667e+07 1.054069e+08 3.038553e+07 1.054350e+09
3.868582e-02 2.123120e+08 1.499570e+07 9.260578e+07 2.826984e+07 1.020745e+09
3.886530e-02 2.066437e+08 1.480416e+07 7.920490e+07 2.645750e+07 9.846518e+08
3.904481e-02 2.009145e+08 1.447177e+07 6.356869e+07 2.409460e+07 9.459210e+08
3.922441e-02 1.946177e+08 1.424211e+07 4.767540e+07 2.164028e+07 9.055039e+08
3.940396e-02 1.886286e+08 1.412069e+07 3.117257e+07 1.908141e+07 8.657549e+08
3.958316e-02 1.822106e+08 1.384415e+07 1.256228e+07 1.597963e+07 8.227206e+08
3.976287e-02 1.757743e+08 1.362111e+07 -4.797558e+06 1.334632e+07 7.806773e+08
3.994250e-02 1.697251e+08 1.344158e+07 -2.352366e+07 1.070523e+07 7.396503e+08
4.012200e-02 1.630494e+08 1.307436e+07 -4.171410e+07 7.698711e+06 6.964862e+08
4.030171e-02 1.567940e+08 1.280244e+07 -5.928166e+07 5.160542e+06 6.554244e+08
4.048123e-02 1.509683e+08 1.240338e+07 -7.690629e+07 2.484172e+06 6.166255e+08
4.066058e-02 1.449150e+08 1.197575e+07 -9.374774e+07 6.644134e+04 5.774927e+08
4.084001e-02 1.390833e+08 1.147828e+07 -1.098461e+08 -1.942053e+06 5.395533e+08
4.101966e-02 1.337872e+08 1.098575e+07 -1.245887e+08 -4.169486e+06 5.051875e+08
4.119937e-02 1.287017e+08 1.043851e+07 -1.390591e+08 -6.112860e+06 4.717337e+08
4.137874e-02 1.241876e+08 9.874373e+06 -1.517641e+08 -7.696366e+06 4.422604e+08
4.155813e-02 1.195337e+08 9.276332e+06 -1.628414e+08 -9.090184e+06 4.130840e+08
4.173777e-02 1.157492e+08 8.705549e+06 -1.734670e+08 -1.027518e+07 3.878940e+08
4.191752e-02 1.121560e+08 8.196294e+06 -1.817373e+08 -1.150098e+07 3.654238e+08
4.209699e-02 1.091171e+08 7.618120e+06 -1.891871e+08 -1.229493e+07 3.457085e+08
4.227635e-02 1.064073e+08 7.162150e+06 -1.946915e+08 -1.286995e+07 3.290029e+08
4.245594e-02 1.039436e+08 6.699450e+06 -1.983858e+08 -1.339194e+07 3.143841e+08
4.263530e-02 1.022684e+08 6.341032e+06 -2.012068e+08 -1.372255e+07 3.041692e+08
4.281442e-02 1.005612e+08 5.992300e+06 -2.017086e+08 -1.384027e+07 2.954060e+08
4.299392e-02 9.959878e+07 5.780198e+06 -2.015338e+08 -1.394220e+07 2.905447e+08
4.317364e-02 9.867743e+07 5.562564e+06 -1.990682e+08 -1.368501e+07 2.875195e+08
4.335324e-02 9.833583e+07 5.529382e+06 -1.959269e+08 -1.352629e+07 2.878644e+08
4.353285e-02 9.816401e+07 5.464963e+06 -1.912257e+08 -1.322090e+07 2.902219e+08
4.371256e-02 9.813490e+07 5.514526e+06 -1.849413e+08 -1.264764e+07 2.945681e+08
4.389237e-02 9.848740e+07 5.606742e+06 -1.779460e+08 -1.205107e+07 3.013399e+08
4.407181e-02 9.893333e+07 5.755096e+06 -1.696072e+08 -1.132713e+07 3.097755e+08
4.425100e-02 9.954507e+07 5.956294e+06 -1.606888e+08 -1.066552e+07 3.198833e+08
4.443069e-02 1.003124e+08 6.150240e+06 -1.507326e+08 -9.693883e+06 3.313714e+08
4.461032e-02 1.011208e+08 6.357700e+06 -1.401762e+08 -8.730118e+06 3.440175e+08
4.478953e-02 1.020872e+08 6.586618e+06 -1.293467e+08 -7.740576e+06 3.575062e+08
4.496901e-02 1.029656e+08 6.775602e+06 -1.177830e+08 -6.612776e+06 3.717406e+08
4.514874e-02 1.039676e+08 6.934352e+06 -1.064357e+08 -5.649246e+06 3.863603e+08
4.532821e-02 1.049119e+08 7.118656e+06 -9.451766e+07 -4.425644e+06 4.010925e+08
4.550745e-02 1.058754e+08 7.196730e+06 -8.303226e+07 -3.318939e+06 4.158390e+08
4.568707e-02 1.067211e+08 7.309274e+06 -7.152426e+07 -2.236458e+06 4.300340e+08
4.586694e-02 1.075395e+08 7.346072e+06 -5.996799e+07 -1.170324e+06 4.441629e+08
4.604629e-02 1.084124e+08 7.389142e+06 -4.954637e+07 -1.454258e+05 4.574095e+08
4.622568e-02 1.088858e+08 7.355918e+06 -3.894607e+07 8.444972e+05 4.689942e+08
4.640539e-02 1.094834e+08 7.397774e+06 -2.938412e+07 1.666653e+06 4.803671e+08
4.658483e-02 1.099255e+08 7.379146e+06 -2.011583e+07 2.427793e+06 4.904916e+08
4.676428e-02 1.101192e+08 7.352921e+06 -1.159035e+07 3.071116e+06 4.988873e+08
4.694377e-02 1.102397e+08 7.390466e+06 -4.494477e+06 3.604154e+06 5.057881e+08
4.712315e-02 1.101248e+08 7.371394e+06 2.456815e+06 4.017783e+06 5.114058e+08
4.730271e-02 1.098130e+08 7.446282e+06 7.933561e+06 4.400162e+06 5.149692e+08
4.748233e-02 1.094451e+08 7.423084e+06 1.304453e+07 4.484070e+06 5.179222e+08
4.766205e-02 1.086302e+08 7.497637e+06 1.649643e+07 4.640214e+06 5.174646e+08
4.784146e-02 1.079632e+08 7.536219e+06 1.922869e+07 4.527904e+06 5.173590e+08
4.802067e-02 1.068119e+08 7.547608e+06 2.165094e+07 4.536144e+06 5.143534e+08
4.820042e-02 1.055393e+08 7.546745e+06 2.201555e+07 4.261028e+06 5.096869e+08
4.838029e-02 1.040814e+08 7.560186e+06 2.213599e+07 4.127566e+06 5.035796e+08
4.855956e-02 1.024568e+08 7.501100e+06 2.074296e+07 3.630295e+06 4.957635e+08
4.873901e-02 1.006556e+08 7.476199e+06 1.930598e+07 3.398615e+06 4.868873e+08
4.891873e-02 9.877137e+07 7.355806e+06 1.693966e+07 2.989524e+06 4.768467e+08
4.909828e-02 9.671611e+07 7.239749e+06 1.279686e+07 2.454730e+06 4.646736e+08
4.927778e-02 9.451246e+07 7.116722e+06 8.969575e+06 2.035932e+06 4.518228e+08
4.945710e-02 9.225414e+07 6.885932e+06 4.220895e+06 1.352522e+06 4.380330e+08
4.963681e-02 8.985917e+07 6.745408e+06 -9.978520e+05 9.774305e+05 4.229496e+08
4.981627e-02 8.760393e+07 6.513098e+06 -6.807900e+06 2.983288e+05 4.081207e+08
4.999549e-02 8.503197e+07 6.296561e+06 -1.301934e+07 -3.002316e+05 3.912717e+08
5.017513e-02 8.259569e+07 6.090444e+06 -1.922512e+07 -9.193445e+05 3.749208e+08
5.035469e-02 8.018522e+07 5.855491e+06 -2.614233e+07 -1.644435e+06 3.581632e+08
5.053422e-02 7.770740e+07 5.655812e+06 -3.263694e+07 -2.303738e+06 3.411772e+08
5.071373e-02 7.534249e+07 5.463952e+06 -3.969732e+07 -3.031280e+06 3.243142e+08
5.089331e-02 7.294476e+07 5.270227e+06 -4.655461e+07 -3.785307e+06 3.073702e+08
5.107290e-02 7.059806e+07 5.107982e+06 -5.280064e+07 -4.462493e+06 2.910548e+08
5.125246e-02 6.841099e+07 4.972930e+06 -5.961994e+07 -5.196242e+06 2.751057e+08
5.143191e-02 6.617630e+07 4.836788e+06 -6.556560e+07 -5.933438e+06 2.595063e+08
5.161130e-02 6.411398e+07 4.749793e+06 -7.163448e+07 -6.618628e+06 2.447320e+08
5.179073e-02 6.211795e+07 4.643300e+06 -7.684762e+07 -7.348195e+06 2.309355e+08
5.197023e-02 6.021685e+07 4.571098e+06 -8.178166e+07 -7.951678e+06 2.178123e+08
5.214995e-02 5.849675e+07 4.508213e+06 -8.640307e+07 -8.539770e+06 2.058658e+08
5.232948e-02 5.673020e+07 4.450776e+06 -9.002683e+07 -9.136043e+06 1.944634e+08
5.250892e-02 5.527715e+07 4.399954e+06 -9.358490e+07 -9.569807e+06 1.847136e+08
5.268863e-02 5.386121e+07 4.361412e+06 -9.616386e+07 -1.001156e+07 1.759038e+08
5.286820e-02 5.251757e+07 4.314934e+06 -9.815778e+07 -1.036032e+07 1.679464e+08
5.304764e-02 5.136919e+07 4.275796e+06 -9.954674e+07 -1.065189e+07 1.614164e+08
5.322715e-02 5.030163e+07 4.224966e+06 -1.001822e+08 -1.081322e+07 1.558886e+08
5.340663e-02 4.954832e+07 4.185915e+06 -1.005682e+08 -1.093107e+07 1.520702e+08
5.358625e-02 4.864551e+07 4.133898e+06 -9.971881e+07 -1.098072e+07 1.484801e+08
5.376579e-02 4.810375e+07 4.101325e+06 -9.880550e+07 -1.097293e+07 1.467152e+08
5.394514e-02 4.757281e+07 4.051553e+06 -9.700668e+07 -1.085697e+07 1.456817e+08
5.412441e-02 4.719030e+07 3.999733e+06 -9.472595e+07 -1.067282e+07 1.457330e+08
5.430414e-02 4.694108e+07 3.956726e+06 -9.200179e+07 -1.044235e+07 1.467612e+08
5.448388e-02 4.672235e+07 3.910195e+06 -8.861538e+07 -1.015092e+07 1.484537e+08
5.466309e-02 4.674296e+07 3.885806e+06 -8.517298e+07 -9.843886e+06 1.513396e+08
5.484261e-02 4.677454e+07 3.830951e+06 -8.110850e+07 -9.437497e+06 1.547567e+08
5.502222e-02 4.682255e+07 3.801671e+06 -7.667731e+07 -9.043437e+06 1.585066e+08
5.520186e-02 4.702722e+07 3.766109e+06 -7.213120e+07 -8.588259e+06 1.631353e+08
5.538127e-02 4.726863e+07 3.733937e+06 -6.725043e+07 -8.094676e+06 1.681560e+08
5.556057e-02 4.757660e+07 3.703872e+06 -6.238304e+07 -7.651244e+06 1.735025e+08
5.574024e-02 4.784105e+07 3.675905e+06 -5.715065e+07 -7.111621e+06 1.788989e+08
5.591990e-02 4.821048e+07 3.653533e+06 -5.220026e+07 -6.638990e+06 1.845836e+08
5.609947e-02 4.853530e+07 3.645681e+06 -4.705234e+07 -6.136623e+06 1.902160e+08
5.627892e-02 4.895755e+07 3.626906e+06 -4.205407e+07 -5.641362e+06 1.961572e+08
5.645856e-02 4.926977e+07 3.614786e+06 -3.716774e+07 -5.191855e+06 2.015194e+08
5.663826e-02 4.959438e+07 3.613640e+06 -3.234046e+07 -4.712306e+06 2.068409e+08
5.681769e-02 4.989319e+07 3.612515e+06 -2.787856e+07 -4.309478e+06 2.118164e+08
5.699710e-02 5.009774e+07 3.623386e+06 -2.352698e+07 -3.877412e+06 2.162176e+08
5.717663e-02 5.029196e+07 3.626092e+06 -1.948065e+07 -3.525732e+06 2.203278e+08
5.735605e-02 5.045225e+07 3.645256e+06 -1.584191e+07 -3.227069e+06 2.240350e+08
5.753539e-02 5.047986e+07 3.653519e+06 -1.236880e+07 -2.882792e+06 2.268821e+08
5.771483e-02 5.049820e+07 3.687673e+06 -9.662341e+06 -2.677010e+06 2.292658e+08
5.789466e-02 5.038907e+07 3.687266e+06 -6.703673e+06 -2.465363e+06 2.310835e+08
5.807436e-02 5.022431e+07 3.715274e+06 -4.567816e+06 -2.281724e+06 2.321421e+08
5.825359e-02 4.996760e+07 3.716418e+06 -2.961249e+06 -2.207354e+06 2.323706e+08
5.843303e-02 4.958714e+07 3.724564e+06 -1.383804e+06 -2.069382e+06 2.318848e+08
5.861274e-02 4.920738e+07 3.744827e+06 -5.457177e+05 -2.074771e+06 2.309866e+08
5.879233e-02 4.866860e+07 3.726837e+06 2.783311e+05 -2.031034e+06 2.291629e+08
5.897187e-02 4.809113e+07 3.735402e+06 2.983060e+05 -2.100188e+06 2.267054e+08
5.915148e-02 4.735447e+07 3.706877e+06 1.194049e+05 -2.143272e+06 2.232086e+08
5.933120e-02 4.664718e+07 3.694493e+06 -3.928361e+05 -2.252650e+06 2.196456e+08
5.951050e-02 4.585546e+07 3.672585e+06 -1.357506e+06 -2.384806e+06 2.153238e+08
5.968960e-02 4.493202e+07 3.637798e+06 -2.454004e+06 -2.525539e+06 2.102259e+08
5.986932e-02 4.398502e+07 3.594682e+06 -4.206893e+06 -2.713744e+06 2.045765e+08
6.004880e-02 4.303955e+07 3.555242e+06 -5.964802e+06 -2.907997e+06 1.988992e+08
6.022820e-02 4.199784e+07 3.492063e+06 -7.803503e+06 -3.095020e+06 1.926119e+08
6.040778e-02 4.093101e+07 3.436324e+06 -1.025696e+07 -3.303078e+06 1.858040e+08
6.058726e-02 3.982910e+07 3.369434e+06 -1.255955e+07 -3.549058e+06 1.788530e+08
6.076685e-02 3.876920e+07 3.278880e+06 -1.527708e+07 -3.761196e+06 1.718610e+08
6.094640e-02 3.766723e+07 3.205439e+06 -1.776971e+07 -3.949978e+06 1.647182e+08
6.112606e-02 3.656022e+07 3.098676e+06 -2.059230e+07 -4.195271e+06 1.572811e+08
6.130567e-02 3.544673e+07 3.004884e+06 -2.331008e+07 -4.360120e+06 1.498598e+08
6.148499e-02 3.441718e+07 2.902077e+06 -2.605877e+07 -4.565924e+06 1.427921e+08
6.166458e-02 3.338378e+07 2.791149e+06 -2.882778e+07 -4.728510e+06 1.356144e+08
6.184419e-02 3.235007e+07 2.691988e+06 -3.135261e+07 -4.883618e+06 1.285946e+08
6.202378e-02 3.143214e+07 2.576524e+06 -3.399007e+07 -5.035333e+06 1.219969e+08
6.220328e-02 3.051587e+07 2.483259e+06 -3.637540e+07 -5.151266e+06 1.155652e+08
6.238252e-02 2.964606e+07 2.381566e+06 -3.856842e+07 -5.247235e+06 1.094688e+08
6.256203e-02 2.884166e+07 2.296337e+06 -4.058565e+07 -5.337155e+06 1.037780e+08
6.274173e-02 2.808659e+07 2.206846e+06 -4.240816e+07 -5.404420e+06 9.848104e+07
6.292133e-02 2.745058e+07 2.149234e+06 -4.410780e+07 -5.454058e+06 9.380462e+07
6.310073e-02 2.680105e+07 2.076394e+06 -4.539063e+07 -5.489720e+06 8.942511e+07
6.328018e-02 2.627308e+07 2.031278e+06 -4.654076e+07 -5.493376e+06 8.571772e+07
6.345987e-02 2.576636e+07 1.984317e+06 -4.735334e+07 -5.505772e+06 8.239562e+07
6.363932e-02 2.532370e+07 1.943179e+06 -4.786866e+07 -5.470675e+06 7.962496e+07
6.381883e-02 2.499424e+07 1.933161e+06 -4.824457e+07 -5.437616e+06 7.756276e+07
6.399840e-02 2.466544e+07 1.896098e+06 -4.817405e+07 -5.379968e+06 7.584924e+07
6.417787e-02 2.442751e+07 1.893561e+06 -4.793269e+07 -5.302525e+06 7.475910e+07
6.435740e-02 2.423817e+07 1.876958e+06 -4.738384e+07 -5.216839e+06 7.414694e+07
6.453672e-02 2.410189e+07 1.869938e+06 -4.659483e+07 -5.113831e+06 7.406480e+07
6.471627e-02 2.401525e+07 1.871590e+06 -4.554454e+07 -4.980191e+06 7.440880e+07
6.489573e-02 2.396745e+07 1.862651e+06 -4.422687e+07 -4.842128e+06 7.520339e+07
6.507532e-02 2.398883e+07 1.864766e+06 -4.282463e+07 -4.707458e+06 7.644879e+07
6.525498e-02 2.402777e+07 1.867525e+06 -4.109611e+07 -4.540288e+06 7.802034e+07
6.543438e-02 2.409106e+07 1.860780e+06 -3.921172e+07 -4.357316e+06 7.988964e+07
6.561406e-02 2.422236e+07 1.870544e+06 -3.724986e+07 -4.198699e+06 8.212788e+07
6.579354e-02 2.431068e+07 1.861457e+06 -3.501746e+07 -3.983292e+06 8.441469e+07
6.597293e-02 2.451976e+07 1.860458e+06 -3.293762e+07 -3.821730e+06 8.719400e+07
6.615268e-02 2.464774e+07 1.859580e+06 -3.052862e+07 -3.611441e+06 8.981073e+07
6.633236e-02 2.485147e+07 1.851080e+06 -2.821969e+07 -3.426678e+06 9.275440e+07
6.651186e-02 2.503378e+07 1.852508e+06 -2.583244e+07 -3.240222e+06 9.561631e+07
6.669114e-02 2.521158e+07 1.844353e+06 -2.346506e+07 -3.037998e+06 9.847938e+07
6.687057e-02 2.540129e+07 1.831397e+06 -2.118415e+07 -2.886431e+06 1.013056e+08
6.705025e-02 2.556467e+07 1.826428e+06 -1.878440e+07 -2.674746e+06 1.041053e+08
6.722990e-02 2.573426e+07 1.814528e+06 -1.669983e+07 -2.544123e+06 1.066547e+08
6.740941e-02 2.587670e+07 1.809781e+06 -1.456588e+07 -2.366617e+06 1.091317e+08
6.758867e-02 2.601314e+07 1.803395e+06 -1.262823e+07 -2.252590e+06 1.114226e+08
6.776822e-02 2.609575e+07 1.795395e+06 -1.073720e+07 -2.109462e+06 1.133447e+08
6.794788e-02 2.615917e+07 1.783610e+06 -9.021443e+06 -1.981048e+06 1.151251e+08
6.812729e-02 2.621861e+07 1.791283e+06 -7.622186e+06 -1.910602e+06 1.165347e+08
6.830688e-02 2.618996e+07 1.775725e+06 -6.204288e+06 -1.792093e+06 1.176140e+08
6.848624e-02 2.617049e+07 1.776666e+06 -5.128383e+06 -1.743743e+06 1.184030e+08
6.866563e-02 2.609575e+07 1.773016e+06 -4.131411e+06 -1.652809e+06 1.189013e+08
6.884532e-02 2.598791e+07 1.762311e+06 -3.394750e+06 -1.603676e+06 1.190574e+08
6.902501e-02 2.581044e+07 1.770267e+06 -2.980904e+06 -1.574535e+06 1.185735e+08
6.920471e-02 2.562083e+07 1.748534e+06 -2.568945e+06 -1.525369e+06 1.180690e+08
6.938409e-02 2.542108e+07 1.750373e+06 -2.495097e+06 -1.523943e+06 1.172394e+08
6.956343e-02 2.509185e+07 1.730374e+06 -2.605183e+06 -1.478688e+06 1.156701e+08
6.974295e-02 2.482451e+07 1.712366e+06 -2.907068e+06 -1.498034e+06 1.142187e+08
6.992262e-02 2.447358e+07 1.695887e+06 -3.413854e+06 -1.492373e+06 1.122147e+08
7.010211e-02 2.409556e+07 1.659892e+06 -3.983979e+06 -1.459410e+06 1.100197e+08
7.028154e-02 2.369251e+07 1.640416e+06 -4.939803e+06 -1.514295e+06 1.074227e+08
7.046115e-02 2.326851e+07 1.596279e+06 -5.885794e+06 -1.511946e+06 1.046886e+08
7.064068e-02 2.282335e+07 1.565219e+06 -7.033448e+06 -1.549899e+06 1.017029e+08
7.081999e-02 2.237080e+07 1.519076e+06 -8.268228e+06 -1.580064e+06 9.857974e+07
7.099948e-02 2.188817e+07 1.473206e+06 -9.580816e+06 -1.605735e+06 9.523570e+07
7.117917e-02 2.139974e+07 1.430948e+06 -1.106638e+07 -1.681385e+06 9.174806e+07
7.135856e-02 2.092077e+07 1.381572e+06 -1.258828e+07 -1.724573e+06 8.821050e+07
7.153818e-02 2.044764e+07 1.337261e+06 -1.410648e+07 -1.782101e+06 8.469938e+07
7.171778e-02 1.994935e+07 1.286448e+06 -1.567655e+07 -1.866734e+06 8.100384e+07
7.189719e-02 1.948591e+07 1.252629e+06 -1.730399e+07 -1.951857e+06 7.743300e+07
7.207684e-02 1.901375e+07 1.206753e+06 -1.884366e+07 -2.049577e+06 7.384722e+07
7.225635e-02 1.856938e+07 1.172170e+06 -2.037248e+07 -2.133038e+06 7.038266e+07
7.243580e-02 1.811672e+07 1.137903e+06 -2.183894e+07 -2.242064e+06 6.694575e+07
7.261540e-02 1.771167e+07 1.111318e+06 -2.325940e+07 -2.357497e+06 6.374006e+07
7.279498e-02 1.732061e+07 1.088999e+06 -2.460113e+07 -2.471896e+06 6.065774e+07
7.297435e-02 1.695790e+07 1.072987e+06 -2.583501e+07 -2.589320e+06 5.781012e+07
7.315367e-02 1.659279e+07 1.060690e+06 -2.689502e+07 -2.703213e+06 5.505472e+07
7.333339e-02 1.628336e+07 1.048230e+06 -2.788604e+07 -2.823601e+06 5.265335e+07
7.351304e-02 1.598933e+07 1.051461e+06 -2.871954e+07 -2.937566e+06 5.043551e+07
7.369245e-02 1.573090e+07 1.049040e+06 -2.940738e+07 -3.045279e+06 4.850770e+07
7.387205e-02 1.548512e+07 1.059577e+06 -2.990529e+07 -3.145675e+06 4.680822e+07
7.405161e-02 1.528363e+07 1.068621e+06 -3.028199e+07 -3.246760e+06 4.542566e+07
7.423102e-02 1.510746e+07 1.086580e+06 -3.047522e+07 -3.328599e+06 4.432267e+07
7.441034e-02 1.495290e+07 1.107662e+06 -3.049883e+07 -3.411540e+06 4.347822e+07
7.458994e-02 1.482619e+07 1.130512e+06 -3.033992e+07 -3.462915e+06 4.291377e+07
7.476952e-02 1.472552e+07 1.157485e+06 -3.004080e+07 -3.521638e+06 4.263117e+07
7.494880e-02 1.466862e+07 1.190388e+06 -2.960733e+07 -3.563542e+06 4.267911e+07
7.512837e-02 1.459151e+07 1.220146e+06 -2.894301e+07 -3.576942e+06 4.283798e+07
7.530798e-02 1.455993e+07 1.252406e+06 -2.816891e+07 -3.590971e+06 4.333004e+07
7.548748e-02 1.455599e+07 1.287458e+06 -2.730041e+07 -3.578819e+06 4.407117e+07
7.566700e-02 1.455659e+07 1.316180e+06 -2.627156e+07 -3.557886e+06 4.498560e+07
7.584667e-02 1.457145e+07 1.344006e+06 -2.513260e+07 -3.517853e+06 4.607657e+07
7.602629e-02 1.460502e+07 1.369632e+06 -2.391514e+07 -3.460947e+06 4.736505e+07
7.620569e-02 1.465624e+07 1.386029e+06 -2.260431e+07 -3.384872e+06 4.882036e+07
7.638530e-02 1.470947e+07 1.399826e+06 -2.124859e+07 -3.299977e+06 5.035175e+07
7.656501e-02 1.476095e+07 1.401642e+06 -1.979785e+07 -3.190756e+06 5.194920e+07
7.674455e-02 1.482877e+07 1.399059e+06 -1.833992e+07 -3.072689e+06 5.364409e+07
7.692398e-02 1.491308e+07 1.389377e+06 -1.687687e+07 -2.938760e+06 5.543072e+07
7.710340e-02 1.499008e+07 1.368995e+06 -1.540775e+07 -2.795239e+06 5.717323e+07
7.728275e-02 1.506810e+07 1.340409e+06 -1.396112e+07 -2.646945e+06 5.888580e+07
7.746218e-02 1.515855e+07 1.309352e+06 -1.254884e+07 -2.487530e+06 6.062034e+07
7.764173e-02 1.523931e+07 1.270326e+06 -1.115085e+07 -2.319556e+06 6.226216e+07
7.782134e-02 1.532499e+07 1.224046e+06 -9.868121e+06 -2.160418e+06 6.381569e+07
7.800113e-02 1.540401e+07 1.181367e+06 -8.610952e+06 -1.993369e+06 6.527234e+07
7.818053e-02 1.548088e+07 1.128869e+06 -7.490318e+06 -1.845177e+06 6.657562e+07
7.835977e-02 1.554487e+07 1.084502e+06 -6.398559e+06 -1.692926e+06 6.777818e+07
7.853945e-02 1.560612e+07 1.038805e+06 -5.491443e+06 -1.547475e+06 6.876438e+07
7.871901e-02 1.565060e+07 9.922094e+05 -4.630952e+06 -1.435474e+06 6.961984e+07
7.889852e-02 1.568291e+07 9.582412e+05 -3.934848e+06 -1.307212e+06 7.022946e+07
7.907812e-02 1.570363e+07 9.187428e+05 -3.351046e+06 -1.229913e+06 7.070518e+07
7.925765e-02 1.570168e+07 8.921431e+05 -2.882841e+06 -1.137632e+06 7.093835e+07
7.943713e-02 1.569419e+07 8.722872e+05 -2.574690e+06 -1.085197e+06 7.100885e+07
7.961653e-02 1.564442e+07 8.521378e+05 -2.339964e+06 -1.041195e+06 7.079666e+07
7.979598e-02 1.558923e+07 8.449509e+05 -2.299014e+06 -1.011562e+06 7.041890e+07
7.997559e-02 1.549873e+07 8.385276e+05 -2.287676e+06 -1.004499e+06 6.984339e+07
8.015521e-02 1.540324e+07 8.387259e+05 -2.497138e+06 -1.016150e+06 6.907224e+07
8.033477e-02 1.526437e+07 8.470056e+05 -2.762766e+06 -1.040463e+06 6.804480e+07
8.051401e-02 1.512069e+07 8.551210e+05 -3.147411e+06 -1.066351e+06 6.691756e+07
8.069347e-02 1.492340e+07 8.654876e+05 -3.624681e+06 -1.130761e+06 6.549729e+07
8.087332e-02 1.474361e+07 8.811286e+05 -4.187302e+06 -1.169526e+06 6.407812e+07
8.105287e-02 1.452165e+07 8.945104e+05 -4.837666e+06 -1.247867e+06 6.241618e+07
8.123233e-02 1.427408e+07 9.135584e+05 -5.565258e+06 -1.315116e+06 6.058193e+07
8.141188e-02 1.403132e+07 9.253701e+05 -6.345646e+06 -1.394316e+06 5.875302e+07
8.159141e-02 1.375024e+07 9.398864e+05 -7.165976e+06 -1.481192e+06 5.673378e+07
8.177087e-02 1.348218e+07 9.532402e+05 -8.053160e+06 -1.564144e+06 5.472170e+07
8.195037e-02 1.317441e+07 9.627589e+05 -8.921673e+06 -1.650073e+06 5.255714e+07
8.212994e-02 1.288694e+07 9.679916e+05 -9.857132e+06 -1.739301e+06 5.045027e+07
8.230951e-02 1.258192e+07 9.727623e+05 -1.073554e+07 -1.813014e+06 4.831582e+07
8.248900e-02 1.227690e+07 9.714531e+05 -1.166101e+07 -1.904698e+06 4.614602e+07
8.266844e-02 1.197999e+07 9.704619e+05 -1.254156e+07 -1.979466e+06 4.405230e+07
8.284785e-02 1.168059e+07 9.628510e+05 -1.339247e+07 -2.049054e+06 4.199683e+07
8.302730e-02 1.139808e+07 9.520579e+05 -1.421618e+07 -2.117527e+06 4.001778e+07
8.320692e-02 1.111585e+07 9.419211e+05 -1.498305e+07 -2.170870e+06 3.809926e+07
8.338648e-02 1.086126e+07 9.259009e+05 -1.570659e+07 -2.232834e+06 3.633817e+07
8.356601e-02 1.060100e+07 9.071598e+05 -1.633099e+07 -2.270226e+06 3.461355e+07
8.374563e-02 1.037857e+07 8.876416e+05 -1.692592e+07 -2.302857e+06 3.310770e+07
8.392511e-02 1.016968e+07 8.682464e+05 -1.742573e+07 -2.332284e+06 3.171360e+07
8.410459e-02 9.967551e+06 8.461164e+05 -1.781999e+07 -2.343860e+06 3.043229e+07
8.428421e-02 9.802495e+06 8.263301e+05 -1.814681e+07 -2.356412e+06 2.936567e+07
8.446368e-02 9.654410e+06 8.039726e+05 -1.837880e+07 -2.355855e+06 2.845207e+07
8.464319e-02 9.536113e+06 7.849521e+05 -1.853167e+07 -2.347336e+06 2.773660e+07
8.482280e-02 9.432277e+06 7.683312e+05 -1.856616e+07 -2.334566e+06 2.716375e+07
8.500226e-02 9.359673e+06 7.506474e+05 -1.852925e+07 -2.313966e+06 2.680111e+07
8.518174e-02 9.294050e+06 7.371196e+05 -1.835508e+07 -2.284234e+06 2.656093e+07
8.536136e-02 9.268303e+06 7.258182e+05 -1.813911e+07 -2.253147e+06 2.656029e+07
8.554093e-02 9.250310e+06 7.174557e+05 -1.779192e+07 -2.214952e+06 2.667995e+07
8.572028e-02 9.256310e+06 7.134425e+05 -1.737739e+07 -2.180042e+06 2.698663e+07
8.589963e-02 9.280004e+06 7.090687e+05 -1.688099e+07 -2.133158e+06 2.743206e+07
8.607915e-02 9.320168e+06 7.093942e+05 -1.629923e+07 -2.088428e+06 2.803729e+07
8.625868e-02 9.374621e+06 7.128833e+05 -1.565482e+07 -2.040298e+06 2.876671e+07
8.643824e-02 9.434341e+06 7.178328e+05 -1.492549e+07 -1.987403e+06 2.959544e+07
8.661787e-02 9.512962e+06 7.226277e+05 -1.415810e+07 -1.936476e+06 3.056392e+07
8.679744e-02 9.605886e+06 7.313921e+05 -1.335325e+07 -1.884731e+06 3.161945e+07
8.697703e-02 9.697020e+06 7.425135e+05 -1.249185e+07 -1.829137e+06 3.275894e+07
8.715648e-02 9.788967e+06 7.464848e+05 -1.159840e+07 -1.770833e+06 3.389957e+07
8.733588e-02 9.888919e+06 7.591964e+05 -1.069391e+07 -1.714850e+06 3.512114e+07
8.751546e-02 9.995434e+06 7.638409e+05 -9.756068e+06 -1.660212e+06 3.639608e+07
8.769504e-02 1.009511e+07 7.729742e+05 -8.851260e+06 -1.599561e+06 3.762478e+07
8.787468e-02 1.019618e+07 7.775156e+05 -7.923193e+06 -1.545487e+06 3.888110e+07
8.805415e-02 1.029200e+07 7.777461e+05 -7.046604e+06 -1.496462e+06 4.006264e+07
8.823359e-02 1.038135e+07 7.804461e+05 -6.156876e+06 -1.446905e+06 4.122540e+07
8.841311e-02 1.047523e+07 7.756891e+05 -5.327385e+06 -1.399778e+06 4.235053e+07
8.859270e-02 1.054535e+07 7.712504e+05 -4.534086e+06 -1.365291e+06 4.332464e+07
8.877226e-02 1.061336e+07 7.640847e+05 -3.766272e+06 -1.327964e+06 4.425258e+07
8.895172e-02 1.068188e+07 7.559251e+05 -3.114984e+06 -1.315082e+06 4.506526e+07
8.913118e-02 1.072593e+07 7.433919e+05 -2.453146e+06 -1.309041e+06 4.574340e+07
8.931072e-02 1.076774e+07 7.373589e+05 -1.913732e+06 -1.313214e+06 4.628715e+07
8.949031e-02 1.079425e+07 7.230756e+05 -1.408282e+06 -1.340570e+06 4.670004e+07
8.966973e-02 1.079869e+07 7.181376e+05 -9.782608e+05 -1.375896e+06 4.690794e+07
8.984928e-02 1.080508e+07 7.127984e+05 -6.324091e+05 -1.449956e+06 4.702213e+07
9.002870e-02 1.078074e+07 7.111974e+05 -3.350798e+05 -1.536654e+06 4.691364e+07
9.020814e-02 1.074738e+07 7.195824e+05 -1.420284e+05 -1.648800e+06 4.664319e+07
9.038774e-02 1.069789e+07 7.291621e+05 2.913715e+04 -1.792164e+06 4.622218e+07
9.056723e-02 1.062728e+07 7.531960e+05 9.532900e+04 -1.985130e+06 4.560138e+07
9.074682e-02 1.055064e+07 7.895205e+05 1.403930e+05 -2.174804e+06 4.488755e+07
9.092635e-02 1.045523e+07 8.316164e+05 1.219383e+05 -2.447803e+06 4.401272e+07
9.110583e-02 1.032792e+07 9.074121e+05 6.742737e+04 -2.701360e+06 4.296836e+07
9.128546e-02 1.019957e+07 9.952019e+05 2.274708e+04 -3.024546e+06 4.194227e+07
9.146502e-02 1.004965e+07 1.142062e+06 -3.806521e+04 -3.291779e+06 4.091607e+07
9.164437e-02 9.898435e+06 1.332454e+06 -7.886656e+04 -3.539946e+06 4.003738e+07
9.182391e-02 9.708609e+06 1.766553e+06 -3.829128e+04 -3.252248e+06 3.937754e+07
