# k, q0, q1/i, q2, q3/i, q4, norm, alpha = 204.77085121873222, 0.01987432793133251
0.000000e+00 8.870779e+12 0.000000e+00 0.000000e+00 0.000000e+00 4.129856e+12
2.542755e-04 8.794726e+12 5.470846e+11 1.864017e+10 1.929804e+11 -1.000894e+12
4.308321e-04 8.659558e+12 9.107371e+11 7.966766e+10 1.540563e+10 2.970962e+11
6.127972e-04 8.450340e+12 1.261300e+12 1.520610e+11 1.417200e+11 -4.341277e+11
7.953316e-04 8.177484e+12 1.578429e+12 2.611570e+11 1.243338e+11 -9.884119e+10
9.814571e-04 7.839034e+12 1.857729e+12 3.898712e+11 1.951970e+11 -1.611835e+11
1.156539e-03 7.476679e+12 2.073901e+12 5.459940e+11 1.821542e+11 1.296827e+11
1.336205e-03 7.064268e+12 2.250552e+12 6.814087e+11 3.861503e+11 -2.052852e+11
1.522449e-03 6.610299e+12 2.370898e+12 8.839253e+11 3.976944e+11 9.840736e+10
1.702691e-03 6.146203e+12 2.447678e+12 1.016646e+12 6.623370e+11 -2.504601e+11
1.882192e-03 5.681792e+12 2.459565e+12 1.222599e+12 7.184709e+11 -3.492859e+10
2.058659e-03 5.216574e+12 2.442747e+12 1.354547e+12 9.503099e+11 -2.301594e+11
2.236532e-03 4.755075e+12 2.382837e+12 1.484239e+12 1.159808e+12 -4.071850e+11
2.420114e-03 4.307179e+12 2.268154e+12 1.695922e+12 1.215110e+12 -1.114462e+11
2.599101e-03 3.879007e+12 2.144989e+12 1.807015e+12 1.412219e+12 -2.522211e+11
2.777369e-03 3.474167e+12 2.003427e+12 1.889441e+12 1.596329e+12 -4.035696e+11
2.956466e-03 3.100856e+12 1.841425e+12 1.991099e+12 1.708547e+12 -3.613091e+11
3.137227e-03 2.756819e+12 1.668840e+12 2.062632e+12 1.828073e+12 -4.191362e+11
3.318471e-03 2.438615e+12 1.498073e+12 2.112919e+12 1.915992e+12 -4.195860e+11
3.497455e-03 2.148610e+12 1.335922e+12 2.098830e+12 1.992639e+12 -5.067273e+11
3.677740e-03 1.895177e+12 1.175854e+12 2.094888e+12 2.015945e+12 -4.901059e+11
3.857458e-03 1.678557e+12 1.021096e+12 2.123176e+12 2.040159e+12 -4.346582e+11
4.036058e-03 1.472711e+12 8.896261e+11 2.041164e+12 2.019086e+12 -4.755346e+11
4.215732e-03 1.298366e+12 7.655360e+11 2.000100e+12 1.983084e+12 -4.032621e+11
4.393900e-03 1.144318e+12 6.576060e+11 1.913432e+12 1.923765e+12 -4.040894e+11
4.573307e-03 1.015125e+12 5.631821e+11 1.843997e+12 1.849750e+12 -3.247518e+11
4.754683e-03 8.962515e+11 4.807695e+11 1.747703e+12 1.753054e+12 -2.614787e+11
4.935208e-03 7.877642e+11 4.087379e+11 1.635915e+12 1.655825e+12 -2.267680e+11
5.114267e-03 7.031689e+11 3.508132e+11 1.541955e+12 1.549397e+12 -1.449630e+11
5.292984e-03 6.191037e+11 2.993967e+11 1.416694e+12 1.434019e+12 -1.074580e+11
5.471846e-03 5.555578e+11 2.573309e+11 1.327098e+12 1.323862e+12 -2.098662e+10
5.651916e-03 4.865127e+11 2.190112e+11 1.194571e+12 1.205848e+12 3.642597e+09
5.831477e-03 4.373105e+11 1.887470e+11 1.106351e+12 1.102320e+12 7.566228e+10
6.011451e-03 3.883535e+11 1.610726e+11 1.000637e+12 9.950736e+11 1.174118e+11
6.191171e-03 3.450798e+11 1.366692e+11 8.996429e+11 8.943514e+11 1.464020e+11
6.370885e-03 3.075857e+11 1.160505e+11 8.081487e+11 8.030594e+11 1.786641e+11
6.550978e-03 2.742972e+11 9.750979e+10 7.199909e+11 7.148625e+11 1.965322e+11
6.729662e-03 2.474000e+11 8.190879e+10 6.459006e+11 6.397571e+11 2.156401e+11
6.908722e-03 2.204418e+11 6.771815e+10 5.658440e+11 5.637000e+11 2.193488e+11
7.088232e-03 1.982228e+11 5.601540e+10 4.966275e+11 4.971661e+11 2.162529e+11
7.267194e-03 1.800616e+11 4.558805e+10 4.375619e+11 4.370849e+11 2.208026e+11
7.447006e-03 1.621578e+11 3.778488e+10 3.777117e+11 3.821265e+11 2.068653e+11
7.626893e-03 1.472084e+11 3.076508e+10 3.251599e+11 3.294488e+11 1.989558e+11
7.807282e-03 1.349859e+11 2.571174e+10 2.805288e+11 2.864814e+11 1.882692e+11
7.987750e-03 1.224956e+11 2.183044e+10 2.364835e+11 2.434796e+11 1.729660e+11
8.167388e-03 1.122895e+11 1.922703e+10 1.987811e+11 2.057710e+11 1.606988e+11
8.345882e-03 1.025697e+11 1.745828e+10 1.658354e+11 1.746491e+11 1.442949e+11
8.524356e-03 9.388326e+10 1.625826e+10 1.349297e+11 1.421299e+11 1.327266e+11
8.703951e-03 8.538753e+10 1.560416e+10 1.086052e+11 1.170422e+11 1.168465e+11
8.883655e-03 7.807567e+10 1.548863e+10 8.598436e+10 9.396499e+10 1.061012e+11
9.063959e-03 7.125435e+10 1.536855e+10 6.665900e+10 7.454629e+10 9.472535e+10
9.243959e-03 6.437787e+10 1.516802e+10 4.844558e+10 5.680195e+10 8.302808e+10
9.423354e-03 5.839748e+10 1.512445e+10 3.444511e+10 4.263844e+10 7.406825e+10
9.603476e-03 5.207499e+10 1.454264e+10 2.164569e+10 3.068125e+10 6.268580e+10
9.782217e-03 4.695873e+10 1.433233e+10 1.210234e+10 2.102370e+10 5.564558e+10
9.961474e-03 4.210316e+10 1.363472e+10 3.585347e+09 1.321629e+10 4.781471e+10
1.014145e-02 3.751510e+10 1.281196e+10 -3.268314e+09 7.306239e+09 4.012975e+10
1.032017e-02 3.350437e+10 1.202196e+10 -8.038802e+09 2.698426e+09 3.492426e+10
1.049983e-02 2.967805e+10 1.099288e+10 -1.233391e+10 -3.616601e+08 2.758872e+10
1.067933e-02 2.653970e+10 1.004407e+10 -1.524461e+10 -2.830833e+09 2.318744e+10
1.085922e-02 2.355229e+10 8.894757e+09 -1.720754e+10 -4.216510e+09 1.849025e+10
1.103911e-02 2.115655e+10 8.062934e+09 -1.867017e+10 -5.171705e+09 1.481794e+10
1.121859e-02 1.883270e+10 7.088543e+09 -1.916377e+10 -5.452310e+09 1.148596e+10
1.139867e-02 1.704451e+10 6.223513e+09 -1.943073e+10 -5.396721e+09 8.936591e+09
1.157742e-02 1.545464e+10 5.520118e+09 -1.922816e+10 -5.375601e+09 7.412897e+09
1.175702e-02 1.413119e+10 4.838305e+09 -1.874689e+10 -4.844367e+09 5.904364e+09
1.193688e-02 1.293467e+10 4.245474e+09 -1.785331e+10 -4.395671e+09 5.326654e+09
1.211563e-02 1.197584e+10 3.702227e+09 -1.680272e+10 -3.751440e+09 5.063361e+09
1.229554e-02 1.125485e+10 3.377253e+09 -1.585043e+10 -3.336854e+09 5.495181e+09
1.247535e-02 1.050474e+10 2.946198e+09 -1.439867e+10 -2.704371e+09 6.058040e+09
1.265439e-02 1.003722e+10 2.652821e+09 -1.321989e+10 -1.976922e+09 6.895663e+09
1.283343e-02 9.522474e+09 2.363459e+09 -1.172007e+10 -1.510977e+09 8.138328e+09
1.301293e-02 9.200710e+09 2.167568e+09 -1.039902e+10 -9.838611e+08 9.518547e+09
1.319355e-02 8.893757e+09 1.957753e+09 -8.978276e+09 -4.303586e+08 1.093184e+10
1.337382e-02 8.613852e+09 1.773542e+09 -7.492310e+09 4.570585e+07 1.239431e+10
1.355335e-02 8.467218e+09 1.639372e+09 -6.286895e+09 5.225074e+08 1.388270e+10
1.373274e-02 8.267318e+09 1.509234e+09 -4.791935e+09 8.916059e+08 1.541411e+10
1.391170e-02 8.170045e+09 1.405188e+09 -3.698972e+09 1.245833e+09 1.675288e+10
1.409058e-02 8.015001e+09 1.323011e+09 -2.457487e+09 1.556805e+09 1.796730e+10
1.427002e-02 7.934991e+09 1.256175e+09 -1.286859e+09 1.798118e+09 1.923060e+10
1.444910e-02 7.837748e+09 1.214702e+09 -2.945355e+08 2.038051e+09 2.027919e+10
1.462844e-02 7.710722e+09 1.167589e+09 7.683473e+08 2.218588e+09 2.119328e+10
1.480897e-02 7.630625e+09 1.171855e+09 1.528262e+09 2.278861e+09 2.197119e+10
1.498891e-02 7.493800e+09 1.159089e+09 2.409821e+09 2.395944e+09 2.263565e+10
1.516797e-02 7.358936e+09 1.168094e+09 3.040115e+09 2.392396e+09 2.310456e+10
1.534742e-02 7.210018e+09 1.176282e+09 3.659103e+09 2.404422e+09 2.347839e+10
1.552755e-02 7.038865e+09 1.193023e+09 4.299537e+09 2.443017e+09 2.372486e+10
1.570712e-02 6.862566e+09 1.210435e+09 4.562395e+09 2.315239e+09 2.378598e+10
1.588558e-02 6.664351e+09 1.219968e+09 5.065692e+09 2.347533e+09 2.383763e+10
1.606539e-02 6.432564e+09 1.212031e+09 5.261061e+09 2.238947e+09 2.357380e+10
1.624590e-02 6.195185e+09 1.212967e+09 5.424860e+09 2.178134e+09 2.325342e+10
1.642530e-02 5.956863e+09 1.196962e+09 5.597069e+09 2.130516e+09 2.289256e+10
1.660477e-02 5.732814e+09 1.174694e+09 5.637992e+09 2.041445e+09 2.251955e+10
1.678430e-02 5.442753e+09 1.133805e+09 5.644325e+09 1.992192e+09 2.175843e+10
1.696359e-02 5.200831e+09 1.093156e+09 5.462981e+09 1.897538e+09 2.108265e+10
1.714294e-02 4.941824e+09 1.037767e+09 5.425885e+09 1.841377e+09 2.037936e+10
1.732202e-02 4.682431e+09 9.831482e+08 5.193351e+09 1.750883e+09 1.949483e+10
1.750141e-02 4.430456e+09 9.259506e+08 4.915316e+09 1.672879e+09 1.858005e+10
1.768181e-02 4.179696e+09 8.499110e+08 4.752558e+09 1.600497e+09 1.768004e+10
1.786131e-02 3.965925e+09 8.050484e+08 4.353155e+09 1.509331e+09 1.677545e+10
1.804025e-02 3.720004e+09 7.327683e+08 4.068017e+09 1.401696e+09 1.575288e+10
1.822032e-02 3.491288e+09 6.784350e+08 3.686532e+09 1.324564e+09 1.471395e+10
1.839987e-02 3.289968e+09 6.217715e+08 3.306062e+09 1.209417e+09 1.376927e+10
1.857923e-02 3.087205e+09 5.664049e+08 2.967322e+09 1.104690e+09 1.282741e+10
1.875889e-02 2.892421e+09 5.221771e+08 2.528303e+09 1.002132e+09 1.184328e+10
1.893827e-02 2.707741e+09 4.748881e+08 2.201786e+09 9.091302e+08 1.094361e+10
1.911768e-02 2.539519e+09 4.392404e+08 1.762590e+09 8.105665e+08 1.005332e+10
1.929737e-02 2.375592e+09 3.982639e+08 1.414167e+09 7.176858e+08 9.217682e+09
1.947670e-02 2.218924e+09 3.610914e+08 1.055258e+09 6.334744e+08 8.411555e+09
1.965601e-02 2.074265e+09 3.275557e+08 6.833777e+08 5.481085e+08 7.631866e+09
1.983541e-02 1.941615e+09 2.946860e+08 3.702422e+08 4.884476e+08 6.932857e+09
2.001489e-02 1.825458e+09 2.628984e+08 4.226321e+07 4.206518e+08 6.297429e+09
2.019468e-02 1.707427e+09 2.324061e+08 -2.412990e+08 3.720913e+08 5.662641e+09
2.037444e-02 1.605793e+09 2.017273e+08 -5.083243e+08 3.210977e+08 5.105815e+09
2.055417e-02 1.518440e+09 1.754699e+08 -7.615976e+08 2.846160e+08 4.606054e+09
2.073390e-02 1.433760e+09 1.492339e+08 -9.631686e+08 2.617981e+08 4.139259e+09
2.091338e-02 1.367172e+09 1.231387e+08 -1.175145e+09 2.243541e+08 3.744788e+09
2.109302e-02 1.304089e+09 1.026420e+08 -1.328606e+09 2.049336e+08 3.387261e+09
2.127237e-02 1.254727e+09 8.336306e+07 -1.471033e+09 1.842281e+08 3.087112e+09
2.145116e-02 1.212925e+09 6.771301e+07 -1.593963e+09 1.650923e+08 2.839401e+09
2.163077e-02 1.171968e+09 5.471634e+07 -1.665984e+09 1.508545e+08 2.614399e+09
2.181049e-02 1.149221e+09 4.576765e+07 -1.747336e+09 1.276490e+08 2.471436e+09
2.198999e-02 1.122103e+09 3.922622e+07 -1.774926e+09 1.192981e+08 2.337585e+09
2.216980e-02 1.107555e+09 3.751948e+07 -1.800702e+09 9.719873e+07 2.269625e+09
2.234970e-02 1.093446e+09 3.772943e+07 -1.795082e+09 8.549422e+07 2.223607e+09
2.252980e-02 1.082417e+09 4.127159e+07 -1.770942e+09 6.892406e+07 2.216302e+09
2.270853e-02 1.074300e+09 4.710011e+07 -1.726611e+09 5.538652e+07 2.236383e+09
2.288717e-02 1.064018e+09 5.485344e+07 -1.661166e+09 4.505334e+07 2.276743e+09
2.306686e-02 1.066398e+09 6.439124e+07 -1.602552e+09 2.909884e+07 2.368179e+09
2.324649e-02 1.055149e+09 7.408387e+07 -1.503105e+09 2.464604e+07 2.442553e+09
2.342617e-02 1.056355e+09 8.376703e+07 -1.413311e+09 1.694651e+07 2.567158e+09
2.360560e-02 1.045775e+09 9.359306e+07 -1.300416e+09 1.463721e+07 2.669351e+09
2.378549e-02 1.043323e+09 1.017837e+08 -1.188449e+09 1.360744e+07 2.807404e+09
2.396571e-02 1.039170e+09 1.104229e+08 -1.074560e+09 1.533902e+07 2.943994e+09
2.414482e-02 1.029785e+09 1.147913e+08 -9.473146e+08 2.239060e+07 3.069597e+09
2.432376e-02 1.024519e+09 1.207634e+08 -8.308197e+08 2.942451e+07 3.205634e+09
2.450343e-02 1.016586e+09 1.223274e+08 -7.028851e+08 3.855962e+07 3.335326e+09
2.468304e-02 1.010904e+09 1.232764e+08 -5.910534e+08 5.108300e+07 3.460649e+09
2.486245e-02 1.000886e+09 1.226617e+08 -4.718594e+08 6.372466e+07 3.568479e+09
2.504187e-02 9.910575e+08 1.188050e+08 -3.564981e+08 7.701594e+07 3.664729e+09
2.522156e-02 9.843337e+08 1.184283e+08 -2.605904e+08 9.068776e+07 3.759264e+09
2.540110e-02 9.748736e+08 1.124426e+08 -1.564124e+08 1.016336e+08 3.836368e+09
2.558029e-02 9.654157e+08 1.093696e+08 -7.169032e+07 1.149014e+08 3.892627e+09
2.575992e-02 9.543068e+08 1.047808e+08 1.132679e+07 1.243899e+08 3.932975e+09
2.593954e-02 9.463940e+08 1.003953e+08 8.598870e+07 1.282046e+08 3.976583e+09
2.611933e-02 9.337723e+08 9.775905e+07 1.374591e+08 1.343824e+08 3.979564e+09
2.629913e-02 9.215804e+08 9.409480e+07 2.002266e+08 1.379408e+08 3.982052e+09
2.647853e-02 9.078438e+08 9.201527e+07 2.350609e+08 1.365969e+08 3.959852e+09
2.665812e-02 8.945932e+08 9.039114e+07 2.727263e+08 1.337935e+08 3.933863e+09
2.683805e-02 8.778495e+08 8.899899e+07 2.995765e+08 1.285712e+08 3.887137e+09
2.701719e-02 8.618740e+08 8.864548e+07 3.041521e+08 1.214351e+08 3.826157e+09
2.719620e-02 8.414144e+08 8.846019e+07 3.257388e+08 1.147919e+08 3.753443e+09
2.737553e-02 8.234099e+08 8.764873e+07 3.102536e+08 1.012089e+08 3.672285e+09
2.755538e-02 8.011196e+08 8.855713e+07 3.098345e+08 9.184743e+07 3.576084e+09
2.773538e-02 7.782203e+08 8.822651e+07 2.916047e+08 8.040581e+07 3.467877e+09
2.791455e-02 7.553900e+08 8.806096e+07 2.698590e+08 6.914490e+07 3.357149e+09
2.809381e-02 7.278382e+08 8.777247e+07 2.485014e+08 5.756527e+07 3.225041e+09
2.827308e-02 7.062484e+08 8.731322e+07 2.065672e+08 4.339251e+07 3.110007e+09
2.845277e-02 6.766380e+08 8.640750e+07 1.806126e+08 3.542692e+07 2.964047e+09
2.863250e-02 6.516030e+08 8.472234e+07 1.362968e+08 2.247566e+07 2.829770e+09
2.881166e-02 6.237635e+08 8.307082e+07 9.482562e+07 1.172924e+07 2.683181e+09
2.899137e-02 5.959887e+08 8.147410e+07 5.745089e+07 5.416051e+06 2.540372e+09
2.917126e-02 5.698023e+08 7.902342e+07 4.579028e+06 -4.858522e+06 2.394073e+09
2.935071e-02 5.428616e+08 7.616282e+07 -3.645385e+07 -1.356220e+07 2.251256e+09
2.953030e-02 5.165548e+08 7.355629e+07 -8.512814e+07 -1.925021e+07 2.105721e+09
2.970997e-02 4.906428e+08 7.001006e+07 -1.303790e+08 -2.578984e+07 1.965853e+09
2.988940e-02 4.660536e+08 6.666871e+07 -1.737880e+08 -3.129478e+07 1.830267e+09
3.006874e-02 4.424906e+08 6.313216e+07 -2.183105e+08 -3.643249e+07 1.697757e+09
3.024815e-02 4.189533e+08 5.920883e+07 -2.562761e+08 -4.100722e+07 1.571929e+09
3.042767e-02 3.991482e+08 5.560755e+07 -3.021371e+08 -4.520123e+07 1.453609e+09
3.060744e-02 3.789461e+08 5.159906e+07 -3.347100e+08 -4.772566e+07 1.343991e+09
3.078708e-02 3.593292e+08 4.797678e+07 -3.680670e+08 -5.075176e+07 1.233990e+09
3.096646e-02 3.425346e+08 4.443506e+07 -3.979258e+08 -5.328202e+07 1.139315e+09
3.114600e-02 3.265484e+08 4.112422e+07 -4.228375e+08 -5.484983e+07 1.051658e+09
3.132546e-02 3.132070e+08 3.800066e+07 -4.473652e+08 -5.714332e+07 9.729166e+08
3.150520e-02 2.997656e+08 3.534483e+07 -4.637811e+08 -5.804088e+07 9.021057e+08
3.168484e-02 2.884973e+08 3.296022e+07 -4.780911e+08 -5.938502e+07 8.400806e+08
3.186375e-02 2.786983e+08 3.103369e+07 -4.883309e+08 -6.055692e+07 7.889615e+08
3.204302e-02 2.695849e+08 2.922296e+07 -4.930155e+08 -6.034620e+07 7.440086e+08
3.222277e-02 2.619633e+08 2.803731e+07 -4.944642e+08 -6.088832e+07 7.087971e+08
3.240259e-02 2.548672e+08 2.693430e+07 -4.903833e+08 -6.048214e+07 6.812566e+08
3.258186e-02 2.500084e+08 2.653493e+07 -4.853619e+08 -6.078742e+07 6.634054e+08
3.276123e-02 2.452521e+08 2.589183e+07 -4.744041e+08 -5.910622e+07 6.518551e+08
3.294133e-02 2.414649e+08 2.567676e+07 -4.606113e+08 -5.833842e+07 6.474624e+08
3.312088e-02 2.383166e+08 2.557358e+07 -4.429716e+08 -5.682314e+07 6.492666e+08
3.330035e-02 2.354681e+08 2.535329e+07 -4.215120e+08 -5.420626e+07 6.563047e+08
3.347992e-02 2.346631e+08 2.545779e+07 -4.008482e+08 -5.236946e+07 6.713873e+08
3.365971e-02 2.322700e+08 2.523727e+07 -3.726373e+08 -4.837710e+07 6.862031e+08
3.383927e-02 2.323613e+08 2.537050e+07 -3.477808e+08 -4.621064e+07 7.101899e+08
3.401835e-02 2.312217e+08 2.514665e+07 -3.167522e+08 -4.186360e+07 7.326572e+08
3.419757e-02 2.315707e+08 2.499357e+07 -2.876217e+08 -3.782454e+07 7.612140e+08
3.437723e-02 2.317081e+08 2.472794e+07 -2.566673e+08 -3.357008e+07 7.899038e+08
3.455683e-02 2.319805e+08 2.445040e+07 -2.242285e+08 -2.864916e+07 8.203610e+08
3.473619e-02 2.329810e+08 2.417417e+07 -1.939264e+08 -2.451876e+07 8.522356e+08
3.491584e-02 2.331032e+08 2.379125e+07 -1.614416e+08 -1.928801e+07 8.818187e+08
3.509556e-02 2.343635e+08 2.338585e+07 -1.318050e+08 -1.449428e+07 9.142015e+08
3.527533e-02 2.347723e+08 2.298563e+07 -1.018434e+08 -9.774715e+06 9.427326e+08
3.545456e-02 2.355327e+08 2.246530e+07 -7.207858e+07 -4.529100e+06 9.715941e+08
3.563370e-02 2.357582e+08 2.213596e+07 -4.732078e+07 -3.964552e+05 9.952823e+08
3.581332e-02 2.366079e+08 2.157559e+07 -2.041728e+07 4.056805e+06 1.022542e+09
3.599287e-02 2.365220e+08 2.131171e+07 1.425978e+06 8.192986e+06 1.041845e+09
3.617240e-02 2.363464e+08 2.069120e+07 2.247840e+07 1.166660e+07 1.059455e+09
3.635196e-02 2.355013e+08 2.031368e+07 4.236665e+07 1.556938e+07 1.072638e+09
3.653161e-02 2.352883e+08 1.986984e+07 5.729647e+07 1.807101e+07 1.085853e+09
3.671117e-02 2.344058e+08 1.942920e+07 7.215043e+07 2.110980e+07 1.094743e+09
3.689084e-02 2.322951e+08 1.894690e+07 8.238045e+07 2.289635e+07 1.095010e+09
3.707056e-02 2.307237e+08 1.850033e+07 9.173913e+07 2.492118e+07 1.096584e+09
3.724984e-02 2.281401e+08 1.806432e+07 9.792648e+07 2.617335e+07 1.090765e+09
3.742914e-02 2.264110e+08 1.763244e+07 1.009291e+08 2.679015e+07 1.086631e+09
3.760871e-02 2.224023e+08 1.721417e+07 1.037022e+08 2.775168e+07 1.071221e+09
3.778826e-02 2.193782e+08 1.663072e+07 1.010500e+08 2.734787e+07 1.056292e+09
3.796764e-02 2.156367e+08 1.631423e+07 9.930085e+07 2.763278e+07 1.038760e+09
3.814709e-02 2.118310e+08 1.589445e+07 9.367902e+07 2.633946e+07 1.017434e+09
3.832696e-02 2.070355e+08 1.554650e+07 8.587778e+07 2.557256e+07 9.899353e+08
3.850665e-02 2.021811e+08 1.517974e+07 7.815178e+07 2.450605e+07 9.626043e+08
3.868582e-02 1.974684e+08 1.484117e+07 6.703218e+07 2.255072e+07 9.326682e+08
3.886530e-02 1.922310e+08 1.465557e+07 5.577969e+07 2.094776e+07 9.007464e+08
3.904481e-02 1.868439e+08 1.431599e+07 4.231424e+07 1.876205e+07 8.658509e+08
3.922441e-02 1.810199e+08 1.407055e+07 2.874736e+07 1.665056e+07 8.298252e+08
3.940396e-02 1.753977e+08 1.388539e+07 1.458925e+07 1.429273e+07 7.939411e+08
3.958316e-02 1.694884e+08 1.360815e+07 -1.557343e+06 1.149165e+07 7.552069e+08
3.976287e-02 1.634900e+08 1.336126e+07 -1.644980e+07 9.135817e+06 7.173295e+08
3.994250e-02 1.579254e+08 1.315412e+07 -3.286715e+07 6.678280e+06 6.801820e+08
4.012200e-02 1.517187e+08 1.279908e+07 -4.855737e+07 3.982154e+06 6.411119e+08
4.030171e-02 1.458991e+08 1.252911e+07 -6.375877e+07 1.582700e+06 6.037416e+08
4.048123e-02 1.404932e+08 1.217696e+07 -7.909031e+07 -9.232305e+05 5.683999e+08
4.066058e-02 1.348459e+08 1.178235e+07 -9.366642e+07 -3.178458e+06 5.327965e+08
4.084001e-02 1.293912e+08 1.136085e+07 -1.076245e+08 -5.142678e+06 4.979634e+08
4.101966e-02 1.244314e+08 1.095419e+07 -1.204277e+08 -7.234410e+06 4.665366e+08
4.119937e-02 1.196293e+08 1.051460e+07 -1.329136e+08 -9.120896e+06 4.357846e+08
4.137874e-02 1.153363e+08 1.003464e+07 -1.439204e+08 -1.066812e+07 4.085438e+08
4.155813e-02 1.108915e+08 9.540210e+06 -1.533552e+08 -1.199931e+07 3.816011e+08
4.173777e-02 1.072084e+08 9.073450e+06 -1.624503e+08 -1.314358e+07 3.580991e+08
4.191752e-02 1.037217e+08 8.643024e+06 -1.695019e+08 -1.432194e+07 3.372155e+08
4.209699e-02 1.007034e+08 8.170330e+06 -1.757840e+08 -1.505063e+07 3.186706e+08
4.227635e-02 9.799002e+07 7.742360e+06 -1.803316e+08 -1.554154e+07 3.028839e+08
4.245594e-02 9.549079e+07 7.328216e+06 -1.832939e+08 -1.596635e+07 2.890073e+08
4.263530e-02 9.369139e+07 6.971378e+06 -1.854470e+08 -1.616301e+07 2.789917e+08
4.281442e-02 9.190694e+07 6.624774e+06 -1.855705e+08 -1.618133e+07 2.704734e+08
4.299392e-02 9.077802e+07 6.345658e+06 -1.851430e+08 -1.606471e+07 2.653683e+08
4.317364e-02 8.969462e+07 6.067974e+06 -1.825455e+08 -1.562861e+07 2.619381e+08
4.335324e-02 8.919937e+07 5.940011e+06 -1.795475e+08 -1.530407e+07 2.616944e+08
4.353285e-02 8.884665e+07 5.761554e+06 -1.750131e+08 -1.476472e+07 2.632291e+08
4.371256e-02 8.867831e+07 5.676470e+06 -1.691826e+08 -1.398477e+07 2.666282e+08
4.389237e-02 8.887358e+07 5.623044e+06 -1.626667e+08 -1.317416e+07 2.722486e+08
4.407181e-02 8.916934e+07 5.638781e+06 -1.549612e+08 -1.225514e+07 2.794259e+08
4.425100e-02 8.968649e+07 5.674817e+06 -1.467998e+08 -1.140052e+07 2.882051e+08
4.443069e-02 9.033194e+07 5.745222e+06 -1.376325e+08 -1.027051e+07 2.982978e+08
4.461032e-02 9.105668e+07 5.833641e+06 -1.280291e+08 -9.176208e+06 3.094678e+08
4.478953e-02 9.197560e+07 5.956428e+06 -1.181353e+08 -8.041977e+06 3.215606e+08
4.496901e-02 9.279499e+07 6.046760e+06 -1.075384e+08 -6.857316e+06 3.343097e+08
4.514874e-02 9.380932e+07 6.148729e+06 -9.720907e+07 -5.780336e+06 3.476460e+08
4.532821e-02 9.470265e+07 6.285300e+06 -8.631353e+07 -4.546985e+06 3.609798e+08
4.550745e-02 9.567796e+07 6.336178e+06 -7.581977e+07 -3.407555e+06 3.745322e+08
4.568707e-02 9.655763e+07 6.436154e+06 -6.526110e+07 -2.338214e+06 3.876948e+08
4.586694e-02 9.740251e+07 6.480848e+06 -5.471260e+07 -1.256394e+06 4.007983e+08
4.604629e-02 9.831314e+07 6.545152e+06 -4.509652e+07 -2.231761e+05 4.132900e+08
4.622568e-02 9.882657e+07 6.536250e+06 -3.536162e+07 7.281088e+05 4.241663e+08
4.640539e-02 9.950686e+07 6.614134e+06 -2.643174e+07 1.518852e+06 4.351380e+08
4.658483e-02 1.000177e+08 6.620194e+06 -1.785082e+07 2.290884e+06 4.449227e+08
4.676428e-02 1.002695e+08 6.633306e+06 -9.847380e+06 2.936710e+06 4.530812e+08
4.694377e-02 1.005048e+08 6.701889e+06 -3.199831e+06 3.468839e+06 4.600829e+08
4.712315e-02 1.004916e+08 6.720262e+06 3.447788e+06 3.874905e+06 4.658612e+08
4.730271e-02 1.003123e+08 6.817503e+06 8.732847e+06 4.255722e+06 4.699426e+08
4.748233e-02 1.000661e+08 6.826693e+06 1.369970e+07 4.389485e+06 4.732902e+08
4.766205e-02 9.940002e+07 6.917308e+06 1.720222e+07 4.567017e+06 4.736316e+08
4.784146e-02 9.886524e+07 6.988726e+06 1.998537e+07 4.489479e+06 4.742262e+08
4.802067e-02 9.790198e+07 7.011818e+06 2.268582e+07 4.499816e+06 4.723681e+08
4.820042e-02 9.680444e+07 7.031624e+06 2.334119e+07 4.282851e+06 4.688084e+08
4.838029e-02 9.554013e+07 7.068990e+06 2.384491e+07 4.200786e+06 4.640105e+08
4.855956e-02 9.408642e+07 7.015510e+06 2.295869e+07 3.754090e+06 4.575165e+08
4.873901e-02 9.252988e+07 7.005502e+06 2.205787e+07 3.536802e+06 4.502552e+08
4.891873e-02 9.084239e+07 6.897254e+06 2.027564e+07 3.186485e+06 4.417236e+08
4.909828e-02 8.899467e+07 6.781525e+06 1.679532e+07 2.729696e+06 4.312038e+08
4.927778e-02 8.701247e+07 6.660614e+06 1.366633e+07 2.371847e+06 4.200619e+08
4.945710e-02 8.500314e+07 6.433274e+06 9.683172e+06 1.746942e+06 4.080692e+08
4.963681e-02 8.285246e+07 6.276460e+06 5.166947e+06 1.434289e+06 3.947799e+08
4.981627e-02 8.079947e+07 6.039952e+06 1.163872e+05 8.429482e+05 3.815688e+08
4.999549e-02 7.847451e+07 5.820256e+06 -5.384194e+06 3.260513e+05 3.665092e+08
5.017513e-02 7.628133e+07 5.601600e+06 -1.084419e+07 -2.229799e+05 3.518879e+08
5.035469e-02 7.411688e+07 5.346730e+06 -1.705748e+07 -8.721132e+05 3.367521e+08
5.053422e-02 7.186762e+07 5.139276e+06 -2.294697e+07 -1.451985e+06 3.213486e+08
5.071373e-02 6.971218e+07 4.939486e+06 -2.935454e+07 -2.069288e+06 3.059044e+08
5.089331e-02 6.753506e+07 4.735821e+06 -3.566120e+07 -2.791079e+06 2.903409e+08
5.107290e-02 6.541982e+07 4.566372e+06 -4.141560e+07 -3.359564e+06 2.753705e+08
5.125246e-02 6.342507e+07 4.421793e+06 -4.784685e+07 -4.069284e+06 2.605354e+08
5.143191e-02 6.136602e+07 4.282806e+06 -5.344270e+07 -4.705250e+06 2.459389e+08
5.161130e-02 5.948199e+07 4.190716e+06 -5.923976e+07 -5.350344e+06 2.320801e+08
5.179073e-02 5.766271e+07 4.088618e+06 -6.428072e+07 -6.011500e+06 2.190758e+08
5.197023e-02 5.590318e+07 4.018494e+06 -6.914237e+07 -6.559407e+06 2.065388e+08
5.214995e-02 5.428796e+07 3.949756e+06 -7.373738e+07 -7.131713e+06 1.950046e+08
5.232948e-02 5.265786e+07 3.892667e+06 -7.751548e+07 -7.685852e+06 1.839540e+08
5.250892e-02 5.128725e+07 3.857088e+06 -8.121773e+07 -8.094774e+06 1.743475e+08
5.268863e-02 4.994271e+07 3.821122e+06 -8.406218e+07 -8.521349e+06 1.655213e+08
5.286820e-02 4.867553e+07 3.781542e+06 -8.645555e+07 -8.856332e+06 1.574851e+08
5.304764e-02 4.755014e+07 3.753720e+06 -8.825618e+07 -9.168886e+06 1.506176e+08
5.322715e-02 4.652122e+07 3.726568e+06 -8.942307e+07 -9.354660e+06 1.447162e+08
5.340663e-02 4.574366e+07 3.698572e+06 -9.036458e+07 -9.497357e+06 1.402780e+08
5.358625e-02 4.483660e+07 3.675418e+06 -9.018510e+07 -9.597843e+06 1.360902e+08
5.376579e-02 4.426020e+07 3.664303e+06 -8.997508e+07 -9.644352e+06 1.335243e+08
5.394514e-02 4.367274e+07 3.644636e+06 -8.892942e+07 -9.611137e+06 1.316333e+08
5.412441e-02 4.322175e+07 3.616736e+06 -8.745385e+07 -9.508016e+06 1.307335e+08
5.430414e-02 4.287446e+07 3.606202e+06 -8.553428e+07 -9.373391e+06 1.307093e+08
5.448388e-02 4.256844e+07 3.590688e+06 -8.305824e+07 -9.179359e+06 1.313847e+08
5.466309e-02 4.246319e+07 3.589670e+06 -8.044705e+07 -8.968255e+06 1.330844e+08
5.484261e-02 4.236962e+07 3.555505e+06 -7.728697e+07 -8.689288e+06 1.353703e+08
5.502222e-02 4.228951e+07 3.550609e+06 -7.373457e+07 -8.391984e+06 1.379746e+08
5.520186e-02 4.235006e+07 3.533656e+06 -7.007894e+07 -8.049358e+06 1.414227e+08
5.538127e-02 4.243914e+07 3.509300e+06 -6.607410e+07 -7.661858e+06 1.452678e+08
5.556057e-02 4.260520e+07 3.485914e+06 -6.204117e+07 -7.322445e+06 1.494527e+08
5.574024e-02 4.272740e+07 3.457623e+06 -5.765776e+07 -6.871480e+06 1.537710e+08
5.591990e-02 4.294614e+07 3.432590e+06 -5.343674e+07 -6.480826e+06 1.583828e+08
5.609947e-02 4.314885e+07 3.414806e+06 -4.908394e+07 -6.062481e+06 1.630270e+08
5.627892e-02 4.343651e+07 3.377029e+06 -4.480873e+07 -5.624672e+06 1.679900e+08
5.645856e-02 4.363481e+07 3.349162e+06 -4.053892e+07 -5.233213e+06 1.724956e+08
5.663826e-02 4.386598e+07 3.313465e+06 -3.638735e+07 -4.786436e+06 1.770376e+08
5.681769e-02 4.406782e+07 3.301286e+06 -3.242885e+07 -4.429614e+06 1.813331e+08
5.699710e-02 4.422751e+07 3.264539e+06 -2.862702e+07 -4.021247e+06 1.851871e+08
5.717663e-02 4.436631e+07 3.241068e+06 -2.499439e+07 -3.686143e+06 1.888141e+08
5.735605e-02 4.449853e+07 3.224825e+06 -2.174997e+07 -3.386378e+06 1.921516e+08
5.753539e-02 4.453087e+07 3.188221e+06 -1.866411e+07 -3.038742e+06 1.947646e+08
5.771483e-02 4.454171e+07 3.190977e+06 -1.610273e+07 -2.811332e+06 1.970147e+08
5.789466e-02 4.450028e+07 3.148296e+06 -1.345752e+07 -2.578714e+06 1.988335e+08
5.807436e-02 4.438263e+07 3.141590e+06 -1.145456e+07 -2.371293e+06 1.999951e+08
5.825359e-02 4.421440e+07 3.115638e+06 -9.892859e+06 -2.254559e+06 2.004711e+08
5.843303e-02 4.394834e+07 3.088836e+06 -8.401276e+06 -2.088889e+06 2.003254e+08
5.861274e-02 4.367060e+07 3.081594e+06 -7.452242e+06 -2.043666e+06 1.998637e+08
5.879233e-02 4.328207e+07 3.053272e+06 -6.633252e+06 -1.959092e+06 1.985715e+08
5.897187e-02 4.286259e+07 3.034564e+06 -6.443463e+06 -1.988459e+06 1.968117e+08
5.915148e-02 4.230797e+07 3.011485e+06 -6.430356e+06 -1.980371e+06 1.940882e+08
5.933120e-02 4.178589e+07 2.993892e+06 -6.745647e+06 -2.045414e+06 1.913531e+08
5.951050e-02 4.116778e+07 2.976482e+06 -7.386741e+06 -2.139786e+06 1.879216e+08
5.968960e-02 4.046782e+07 2.969575e+06 -8.248572e+06 -2.234358e+06 1.838462e+08
5.986932e-02 3.971662e+07 2.929948e+06 -9.560270e+06 -2.405656e+06 1.792449e+08
6.004880e-02 3.897438e+07 2.931004e+06 -1.096772e+07 -2.557459e+06 1.746335e+08
6.022820e-02 3.814992e+07 2.899208e+06 -1.245349e+07 -2.738089e+06 1.695188e+08
6.040778e-02 3.728134e+07 2.881002e+06 -1.439570e+07 -2.918786e+06 1.638767e+08
6.058726e-02 3.638643e+07 2.862739e+06 -1.631290e+07 -3.161550e+06 1.581458e+08
6.076685e-02 3.552181e+07 2.815338e+06 -1.848981e+07 -3.363636e+06 1.523609e+08
6.094640e-02 3.459848e+07 2.791810e+06 -2.057553e+07 -3.569839e+06 1.463927e+08
6.112606e-02 3.366740e+07 2.740032e+06 -2.286765e+07 -3.792993e+06 1.401642e+08
6.130567e-02 3.272380e+07 2.693038e+06 -2.509192e+07 -3.998150e+06 1.339567e+08
6.148499e-02 3.184186e+07 2.643418e+06 -2.737792e+07 -4.221898e+06 1.280153e+08
6.166458e-02 3.094115e+07 2.579272e+06 -2.964564e+07 -4.380674e+06 1.219309e+08
6.184419e-02 3.004051e+07 2.524184e+06 -3.172016e+07 -4.583154e+06 1.160254e+08
6.202378e-02 2.922668e+07 2.459811e+06 -3.388060e+07 -4.738341e+06 1.103896e+08
6.220328e-02 2.840824e+07 2.395020e+06 -3.583320e+07 -4.896146e+06 1.049333e+08
6.238252e-02 2.762259e+07 2.330855e+06 -3.761876e+07 -5.017870e+06 9.971657e+07
6.256203e-02 2.689621e+07 2.272316e+06 -3.925753e+07 -5.134390e+06 9.485901e+07
6.274173e-02 2.619839e+07 2.204856e+06 -4.070832e+07 -5.226049e+06 9.032048e+07
6.292133e-02 2.560491e+07 2.164179e+06 -4.208020e+07 -5.315270e+06 8.626088e+07
6.310073e-02 2.499895e+07 2.105352e+06 -4.307177e+07 -5.369786e+06 8.249375e+07
6.328018e-02 2.449524e+07 2.064590e+06 -4.396688e+07 -5.422200e+06 7.926198e+07
6.345987e-02 2.401461e+07 2.023459e+06 -4.455568e+07 -5.445206e+06 7.637304e+07
6.363932e-02 2.358347e+07 1.979924e+06 -4.488530e+07 -5.444899e+06 7.394618e+07
6.381883e-02 2.325531e+07 1.966471e+06 -4.510580e+07 -5.453657e+06 7.210740e+07
6.399840e-02 2.293514e+07 1.924522e+06 -4.494564e+07 -5.408263e+06 7.058537e+07
6.417787e-02 2.268855e+07 1.912407e+06 -4.460829e+07 -5.388098e+06 6.960202e+07
6.435740e-02 2.248045e+07 1.892471e+06 -4.401680e+07 -5.313270e+06 6.898394e+07
6.453672e-02 2.233870e+07 1.872749e+06 -4.322613e+07 -5.238346e+06 6.888660e+07
6.471627e-02 2.222639e+07 1.870960e+06 -4.219381e+07 -5.152040e+06 6.912113e+07
6.489573e-02 2.216798e+07 1.851104e+06 -4.094999e+07 -5.026178e+06 6.976817e+07
6.507532e-02 2.215032e+07 1.852148e+06 -3.958274e+07 -4.925071e+06 7.079159e+07
6.525498e-02 2.216467e+07 1.842665e+06 -3.797121e+07 -4.780784e+06 7.211758e+07
6.543438e-02 2.219888e+07 1.838432e+06 -3.620008e+07 -4.616774e+06 7.369661e+07
6.561406e-02 2.229119e+07 1.841544e+06 -3.437482e+07 -4.475542e+06 7.562168e+07
6.579354e-02 2.235919e+07 1.831472e+06 -3.231608e+07 -4.283554e+06 7.758198e+07
6.597293e-02 2.250205e+07 1.833132e+06 -3.032655e+07 -4.116859e+06 7.995256e+07
6.615268e-02 2.262159e+07 1.829355e+06 -2.813625e+07 -3.926488e+06 8.227161e+07
6.633236e-02 2.276739e+07 1.828853e+06 -2.595975e+07 -3.730125e+06 8.478093e+07
6.651186e-02 2.291917e+07 1.827608e+06 -2.375281e+07 -3.557731e+06 8.731435e+07
6.669114e-02 2.306084e+07 1.824352e+06 -2.155540e+07 -3.351596e+06 8.981224e+07
6.687057e-02 2.319875e+07 1.819899e+06 -1.939163e+07 -3.181006e+06 9.228075e+07
6.705025e-02 2.334668e+07 1.821330e+06 -1.719561e+07 -2.977577e+06 9.480359e+07
6.722990e-02 2.345108e+07 1.814265e+06 -1.518062e+07 -2.822854e+06 9.700412e+07
6.740941e-02 2.357714e+07 1.815687e+06 -1.319921e+07 -2.642670e+06 9.926229e+07
6.758867e-02 2.367592e+07 1.812509e+06 -1.135471e+07 -2.505058e+06 1.013113e+08
6.776822e-02 2.371921e+07 1.811634e+06 -9.554541e+06 -2.335876e+06 1.030493e+08
6.794788e-02 2.377558e+07 1.805075e+06 -7.945220e+06 -2.202217e+06 1.047190e+08
6.812729e-02 2.378478e+07 1.805042e+06 -6.528940e+06 -2.094769e+06 1.059954e+08
6.830688e-02 2.375585e+07 1.793202e+06 -5.197875e+06 -1.964806e+06 1.070502e+08
6.848624e-02 2.371099e+07 1.786926e+06 -4.089687e+06 -1.866057e+06 1.078364e+08
6.866563e-02 2.362840e+07 1.775292e+06 -3.111290e+06 -1.751847e+06 1.083542e+08
6.884532e-02 2.352293e+07 1.758953e+06 -2.351588e+06 -1.671600e+06 1.086066e+08
6.902501e-02 2.333591e+07 1.745462e+06 -1.844520e+06 -1.597698e+06 1.082355e+08
6.920471e-02 2.316792e+07 1.715910e+06 -1.415148e+06 -1.523452e+06 1.079073e+08
6.938409e-02 2.296972e+07 1.696506e+06 -1.210734e+06 -1.463930e+06 1.072525e+08
6.956343e-02 2.267669e+07 1.661918e+06 -1.227775e+06 -1.408977e+06 1.059517e+08
6.974295e-02 2.243006e+07 1.631738e+06 -1.418771e+06 -1.374003e+06 1.047294e+08
6.992262e-02 2.211499e+07 1.596478e+06 -1.769752e+06 -1.351564e+06 1.030269e+08
7.010211e-02 2.178127e+07 1.551656e+06 -2.228306e+06 -1.290360e+06 1.011610e+08
7.028154e-02 2.141351e+07 1.517893e+06 -2.969180e+06 -1.305022e+06 9.886818e+07
7.046115e-02 2.104754e+07 1.468060e+06 -3.768375e+06 -1.294743e+06 9.652629e+07
7.064068e-02 2.064382e+07 1.430162e+06 -4.734104e+06 -1.303114e+06 9.386864e+07
7.081999e-02 2.024822e+07 1.383510e+06 -5.801364e+06 -1.326522e+06 9.114971e+07
7.099948e-02 1.981926e+07 1.335616e+06 -6.938237e+06 -1.338678e+06 8.818183e+07
7.117917e-02 1.938272e+07 1.296731e+06 -8.201924e+06 -1.396596e+06 8.507953e+07
7.135856e-02 1.895558e+07 1.249953e+06 -9.553895e+06 -1.441779e+06 8.193690e+07
7.153818e-02 1.853288e+07 1.211638e+06 -1.089830e+07 -1.484227e+06 7.877550e+07
7.171778e-02 1.808558e+07 1.167435e+06 -1.229715e+07 -1.566693e+06 7.547003e+07
7.189719e-02 1.766955e+07 1.135685e+06 -1.375774e+07 -1.641958e+06 7.224809e+07
7.207684e-02 1.723444e+07 1.097946e+06 -1.512580e+07 -1.734478e+06 6.897618e+07
7.225635e-02 1.683710e+07 1.067063e+06 -1.653942e+07 -1.822862e+06 6.583740e+07
7.243580e-02 1.641751e+07 1.039877e+06 -1.786493e+07 -1.917001e+06 6.267246e+07
7.261540e-02 1.604670e+07 1.015259e+06 -1.917438e+07 -2.026516e+06 5.972058e+07
7.279498e-02 1.568173e+07 9.972141e+05 -2.041484e+07 -2.134428e+06 5.684716e+07
7.297435e-02 1.534399e+07 9.799214e+05 -2.157733e+07 -2.245971e+06 5.417599e+07
7.315367e-02 1.500619e+07 9.717998e+05 -2.259763e+07 -2.363010e+06 5.159432e+07
7.333339e-02 1.470423e+07 9.594099e+05 -2.353899e+07 -2.465716e+06 4.926897e+07
7.351304e-02 1.443066e+07 9.604313e+05 -2.436630e+07 -2.583118e+06 4.714647e+07
7.369245e-02 1.417512e+07 9.568071e+05 -2.505868e+07 -2.679486e+06 4.523970e+07
7.387205e-02 1.393963e+07 9.631990e+05 -2.560813e+07 -2.782318e+06 4.354261e+07
7.405161e-02 1.374042e+07 9.683746e+05 -2.604169e+07 -2.873510e+06 4.213317e+07
7.423102e-02 1.356110e+07 9.776669e+05 -2.631159e+07 -2.948936e+06 4.094031e+07
7.441034e-02 1.340579e+07 9.952108e+05 -2.644238e+07 -3.028974e+06 3.999645e+07
7.458994e-02 1.327322e+07 1.005717e+06 -2.641968e+07 -3.075543e+06 3.929131e+07
7.476952e-02 1.316761e+07 1.025738e+06 -2.626908e+07 -3.127085e+06 3.884302e+07
7.494880e-02 1.310094e+07 1.044554e+06 -2.600858e+07 -3.160907e+06 3.868638e+07
7.512837e-02 1.301192e+07 1.062745e+06 -2.552030e+07 -3.167378e+06 3.860452e+07
7.530798e-02 1.297749e+07 1.087619e+06 -2.497212e+07 -3.177253e+06 3.887582e+07
7.548748e-02 1.296062e+07 1.105990e+06 -2.431087e+07 -3.157144e+06 3.931886e+07
7.566700e-02 1.294833e+07 1.127912e+06 -2.351646e+07 -3.135754e+06 3.993968e+07
7.584667e-02 1.295771e+07 1.145372e+06 -2.262553e+07 -3.088626e+06 4.073655e+07
7.602629e-02 1.297762e+07 1.166756e+06 -2.165582e+07 -3.038772e+06 4.169257e+07
7.620569e-02 1.301908e+07 1.176352e+06 -2.061041e+07 -2.963785e+06 4.282496e+07
7.638530e-02 1.306141e+07 1.189943e+06 -1.950605e+07 -2.879323e+06 4.402112e+07
7.656501e-02 1.310041e+07 1.193945e+06 -1.831808e+07 -2.784660e+06 4.528439e+07
7.674455e-02 1.315652e+07 1.195447e+06 -1.711766e+07 -2.674884e+06 4.665061e+07
7.692398e-02 1.322638e+07 1.189984e+06 -1.591255e+07 -2.564314e+06 4.811056e+07
7.710340e-02 1.329095e+07 1.180875e+06 -1.469190e+07 -2.430827e+06 4.954245e+07
7.728275e-02 1.335216e+07 1.165369e+06 -1.348172e+07 -2.310803e+06 5.095624e+07
7.746218e-02 1.342499e+07 1.145892e+06 -1.229372e+07 -2.172465e+06 5.240746e+07
7.764173e-02 1.349180e+07 1.119895e+06 -1.110906e+07 -2.031802e+06 5.378988e+07
7.782134e-02 1.355517e+07 1.090912e+06 -1.002111e+07 -1.902883e+06 5.510338e+07
7.800113e-02 1.361647e+07 1.062142e+06 -8.951359e+06 -1.759547e+06 5.634190e+07
7.818053e-02 1.367595e+07 1.024553e+06 -7.998126e+06 -1.641492e+06 5.746957e+07
7.835977e-02 1.372098e+07 9.935032e+05 -7.048823e+06 -1.515703e+06 5.850293e+07
7.853945e-02 1.376329e+07 9.614549e+05 -6.260108e+06 -1.401774e+06 5.935995e+07
7.871901e-02 1.379180e+07 9.257536e+05 -5.507632e+06 -1.308713e+06 6.012477e+07
7.889852e-02 1.380583e+07 9.008542e+05 -4.884912e+06 -1.212950e+06 6.066089e+07
7.907812e-02 1.381458e+07 8.711476e+05 -4.368754e+06 -1.152959e+06 6.109692e+07
7.925765e-02 1.380295e+07 8.515598e+05 -3.937862e+06 -1.090334e+06 6.133836e+07
7.943713e-02 1.378180e+07 8.341599e+05 -3.652314e+06 -1.052687e+06 6.141131e+07
7.961653e-02 1.373008e+07 8.193802e+05 -3.423083e+06 -1.030292e+06 6.127456e+07
7.979598e-02 1.367173e+07 8.123399e+05 -3.342056e+06 -1.013052e+06 6.099109e+07
7.997559e-02 1.358212e+07 8.075776e+05 -3.313137e+06 -1.017213e+06 6.051211e+07
8.015521e-02 1.348891e+07 8.070141e+05 -3.455430e+06 -1.038948e+06 5.989408e+07
8.033477e-02 1.335757e+07 8.109070e+05 -3.652222e+06 -1.072486e+06 5.902946e+07
8.051401e-02 1.322463e+07 8.167916e+05 -3.951404e+06 -1.103763e+06 5.810917e+07
8.069347e-02 1.304438e+07 8.246700e+05 -4.322449e+06 -1.153983e+06 5.690146e+07
8.087332e-02 1.288116e+07 8.339381e+05 -4.777656e+06 -1.199716e+06 5.572702e+07
8.105287e-02 1.267941e+07 8.413209e+05 -5.307082e+06 -1.266094e+06 5.431304e+07
8.123233e-02 1.245709e+07 8.511290e+05 -5.904132e+06 -1.318896e+06 5.275625e+07
8.141188e-02 1.223898e+07 8.579865e+05 -6.548692e+06 -1.379325e+06 5.120986e+07
8.159141e-02 1.199201e+07 8.638679e+05 -7.228968e+06 -1.444392e+06 4.949030e+07
8.177087e-02 1.175354e+07 8.643497e+05 -7.972629e+06 -1.504289e+06 4.777914e+07
8.195037e-02 1.148428e+07 8.657874e+05 -8.701899e+06 -1.556897e+06 4.592598e+07
8.212994e-02 1.123372e+07 8.587514e+05 -9.481179e+06 -1.613837e+06 4.413666e+07
8.230951e-02 1.096963e+07 8.549572e+05 -1.023261e+07 -1.660010e+06 4.229911e+07
8.248900e-02 1.070887e+07 8.402526e+05 -1.101589e+07 -1.708370e+06 4.044660e+07
8.266844e-02 1.045639e+07 8.280018e+05 -1.176457e+07 -1.752841e+06 3.865162e+07
8.284785e-02 1.020513e+07 8.128272e+05 -1.249682e+07 -1.786592e+06 3.688946e+07
8.302730e-02 9.964676e+06 7.925392e+05 -1.319122e+07 -1.824932e+06 3.518274e+07
8.320692e-02 9.735772e+06 7.748472e+05 -1.385278e+07 -1.851850e+06 3.355401e+07
8.338648e-02 9.527446e+06 7.523950e+05 -1.447838e+07 -1.882336e+06 3.203422e+07
8.356601e-02 9.314625e+06 7.322544e+05 -1.500780e+07 -1.905895e+06 3.056341e+07
8.374563e-02 9.136873e+06 7.121036e+05 -1.552605e+07 -1.921400e+06 2.927606e+07
8.392511e-02 8.973207e+06 6.934441e+05 -1.595035e+07 -1.943065e+06 2.809386e+07
8.410459e-02 8.814724e+06 6.761235e+05 -1.628812e+07 -1.950463e+06 2.701978e+07
8.428421e-02 8.689952e+06 6.599586e+05 -1.656875e+07 -1.962192e+06 2.612896e+07
8.446368e-02 8.575621e+06 6.471139e+05 -1.675694e+07 -1.967650e+06 2.537425e+07
8.464319e-02 8.491651e+06 6.353123e+05 -1.688474e+07 -1.966728e+06 2.480237e+07
8.482280e-02 8.417309e+06 6.293864e+05 -1.690104e+07 -1.966047e+06 2.436085e+07
8.500226e-02 8.371044e+06 6.201816e+05 -1.686199e+07 -1.959039e+06 2.411300e+07
8.518174e-02 8.325187e+06 6.171620e+05 -1.668395e+07 -1.942093e+06 2.396023e+07
8.536136e-02 8.314996e+06 6.133075e+05 -1.647480e+07 -1.927773e+06 2.403246e+07
8.554093e-02 8.314893e+06 6.141314e+05 -1.615513e+07 -1.903624e+06 2.421999e+07
8.572028e-02 8.331402e+06 6.163658e+05 -1.576641e+07 -1.879478e+06 2.456936e+07
8.589963e-02 8.365035e+06 6.154964e+05 -1.530436e+07 -1.846332e+06 2.503742e+07
8.607915e-02 8.406873e+06 6.207280e+05 -1.476061e+07 -1.806866e+06 2.564954e+07
8.625868e-02 8.467671e+06 6.223896e+05 -1.416571e+07 -1.771714e+06 2.637532e+07
8.643824e-02 8.532029e+06 6.308497e+05 -1.349974e+07 -1.722924e+06 2.719332e+07
8.661787e-02 8.609079e+06 6.325956e+05 -1.278472e+07 -1.678803e+06 2.812221e+07
8.679744e-02 8.702237e+06 6.399205e+05 -1.204151e+07 -1.625915e+06 2.913354e+07
8.697703e-02 8.794952e+06 6.457527e+05 -1.124773e+07 -1.572675e+06 3.023160e+07
8.715648e-02 8.889293e+06 6.490711e+05 -1.042287e+07 -1.522371e+06 3.131763e+07
8.733588e-02 8.986938e+06 6.559302e+05 -9.595009e+06 -1.464906e+06 3.247460e+07
8.751546e-02 9.091667e+06 6.589989e+05 -8.727692e+06 -1.413230e+06 3.366747e+07
8.769504e-02 9.194248e+06 6.656581e+05 -7.889798e+06 -1.359180e+06 3.484246e+07
8.787468e-02 9.295648e+06 6.663532e+05 -7.043915e+06 -1.306004e+06 3.602730e+07
8.805415e-02 9.396033e+06 6.714666e+05 -6.224057e+06 -1.267474e+06 3.716500e+07
8.823359e-02 9.483470e+06 6.693282e+05 -5.404790e+06 -1.218928e+06 3.824719e+07
8.841311e-02 9.580362e+06 6.728027e+05 -4.634974e+06 -1.182328e+06 3.932819e+07
8.859270e-02 9.653702e+06 6.669933e+05 -3.903844e+06 -1.153394e+06 4.025981e+07
8.877226e-02 9.726229e+06 6.658659e+05 -3.197476e+06 -1.124575e+06 4.113956e+07
8.895172e-02 9.798312e+06 6.640254e+05 -2.577229e+06 -1.120922e+06 4.194399e+07
8.913118e-02 9.844760e+06 6.553967e+05 -1.972084e+06 -1.117815e+06 4.258369e+07
8.931072e-02 9.893908e+06 6.570126e+05 -1.454967e+06 -1.125766e+06 4.314874e+07
8.949031e-02 9.926230e+06 6.464763e+05 -9.852088e+05 -1.160348e+06 4.354907e+07
8.966973e-02 9.937536e+06 6.478405e+05 -5.866411e+05 -1.200845e+06 4.377576e+07
8.984928e-02 9.948575e+06 6.412861e+05 -2.470878e+05 -1.276909e+06 4.391443e+07
9.002870e-02 9.937805e+06 6.448034e+05 2.335447e+04 -1.358599e+06 4.383890e+07
9.020814e-02 9.916161e+06 6.491602e+05 2.214332e+05 -1.481624e+06 4.363257e+07
9.038774e-02 9.877364e+06 6.602309e+05 3.763498e+05 -1.621780e+06 4.324960e+07
9.056723e-02 9.825190e+06 6.751212e+05 4.594978e+05 -1.813284e+06 4.271132e+07
9.074682e-02 9.763896e+06 7.064328e+05 5.026523e+05 -2.013381e+06 4.206395e+07
9.092635e-02 9.689898e+06 7.453628e+05 4.923400e+05 -2.281877e+06 4.128891e+07
9.110583e-02 9.585958e+06 8.050299e+05 4.619722e+05 -2.548461e+06 4.034931e+07
9.128546e-02 9.479624e+06 8.906480e+05 4.352849e+05 -2.862560e+06 3.944373e+07
9.146502e-02 9.361651e+06 1.030106e+06 4.025128e+05 -3.131030e+06 3.856824e+07
9.164437e-02 9.235974e+06 1.217616e+06 3.903366e+05 -3.365416e+06 3.785636e+07
9.182391e-02 9.080278e+06 1.668022e+06 4.569523e+05 -3.015626e+06 3.739133e+07
