# k, q0, q1/i, q2, q3/i, q4, norm, alpha = 243.8557397248968, 0.020160886971027085
0.000000e+00 1.104007e+13 0.000000e+00 0.000000e+00 0.000000e+00 -2.609645e+12
2.542755e-04 1.095661e+13 9.582624e+11 -1.210873e+09 -1.476555e+10 6.777272e+11
4.308321e-04 1.080795e+13 1.600302e+12 -1.432333e+10 6.497613e+09 -2.287056e+11
6.127972e-04 1.057706e+13 2.226207e+12 -2.434568e+10 1.146011e+10 2.719104e+11
7.953316e-04 1.027441e+13 2.803521e+12 -4.100027e+10 4.319046e+10 6.332775e+10
9.814571e-04 9.896482e+12 3.326318e+12 -5.514110e+10 7.714075e+10 3.581255e+10
1.156539e-03 9.488463e+12 3.748765e+12 -7.202645e+10 1.431377e+11 -1.219752e+11
1.336205e-03 9.020401e+12 4.109985e+12 -6.878655e+10 1.969613e+11 2.123487e+10
1.522449e-03 8.498305e+12 4.389506e+12 -7.517588e+10 3.040653e+11 -1.956654e+11
1.702691e-03 7.960265e+12 4.589256e+12 -4.592400e+10 3.934390e+11 -3.207048e+10
1.882192e-03 7.411796e+12 4.687570e+12 -2.899940e+10 5.192484e+11 -2.958235e+11
2.058659e-03 6.857871e+12 4.726251e+12 2.403817e+10 6.573435e+11 -1.800073e+11
2.236532e-03 6.300061e+12 4.687359e+12 8.907094e+10 7.728571e+11 -2.809598e+11
2.420114e-03 5.743657e+12 4.558554e+12 1.458406e+11 9.790641e+11 -5.051202e+11
2.599101e-03 5.208080e+12 4.393228e+12 2.387178e+11 1.132543e+12 -5.794825e+11
2.777369e-03 4.694233e+12 4.182052e+12 3.455449e+11 1.282931e+12 -6.575806e+11
2.956466e-03 4.208957e+12 3.926033e+12 4.516140e+11 1.477068e+12 -7.652862e+11
3.137227e-03 3.753773e+12 3.633083e+12 5.700543e+11 1.625453e+12 -9.512748e+11
3.318471e-03 3.326019e+12 3.329749e+12 6.931833e+11 1.801663e+12 -1.040931e+12
3.497455e-03 2.935573e+12 3.022299e+12 8.165166e+11 1.931458e+12 -1.149093e+12
3.677740e-03 2.585595e+12 2.708688e+12 9.310196e+11 2.066692e+12 -1.266307e+12
3.857458e-03 2.274489e+12 2.393784e+12 1.043435e+12 2.199742e+12 -1.418311e+12
4.036058e-03 1.990261e+12 2.108429e+12 1.145504e+12 2.272686e+12 -1.465675e+12
4.215732e-03 1.739971e+12 1.833170e+12 1.226686e+12 2.365255e+12 -1.563217e+12
4.393900e-03 1.523031e+12 1.579787e+12 1.302651e+12 2.397628e+12 -1.606335e+12
4.573307e-03 1.336504e+12 1.352957e+12 1.350251e+12 2.436489e+12 -1.666377e+12
4.754683e-03 1.168383e+12 1.149596e+12 1.380578e+12 2.438781e+12 -1.685539e+12
4.935208e-03 1.018024e+12 9.646718e+11 1.405654e+12 2.405856e+12 -1.659191e+12
5.114267e-03 8.988949e+11 8.154970e+11 1.394927e+12 2.370100e+12 -1.657393e+12
5.292984e-03 7.879268e+11 6.801235e+11 1.381812e+12 2.294196e+12 -1.590877e+12
5.471846e-03 6.982633e+11 5.748381e+11 1.334943e+12 2.218971e+12 -1.554596e+12
5.651916e-03 6.120720e+11 4.748017e+11 1.297911e+12 2.106460e+12 -1.441860e+12
5.831477e-03 5.439389e+11 4.040406e+11 1.225833e+12 2.000698e+12 -1.374647e+12
6.011451e-03 4.802928e+11 3.415371e+11 1.151931e+12 1.870902e+12 -1.267174e+12
6.191171e-03 4.256439e+11 2.864023e+11 1.078563e+12 1.738842e+12 -1.148016e+12
6.370885e-03 3.757701e+11 2.456392e+11 9.920037e+11 1.599835e+12 -1.036855e+12
6.550978e-03 3.331226e+11 2.091834e+11 9.091208e+11 1.463032e+12 -9.159929e+11
6.729662e-03 2.946232e+11 1.812918e+11 8.189587e+11 1.323040e+12 -8.029323e+11
6.908722e-03 2.595323e+11 1.551371e+11 7.371979e+11 1.188361e+12 -6.888653e+11
7.088232e-03 2.300998e+11 1.335284e+11 6.588549e+11 1.062714e+12 -5.815459e+11
7.267194e-03 2.010267e+11 1.144149e+11 5.778887e+11 9.314086e+11 -4.792927e+11
7.447006e-03 1.785250e+11 9.770853e+10 5.092575e+11 8.228246e+11 -3.895045e+11
7.626893e-03 1.565239e+11 8.159622e+10 4.450401e+11 7.100381e+11 -2.989575e+11
7.807282e-03 1.373062e+11 6.971570e+10 3.801607e+11 6.141164e+11 -2.342800e+11
7.987750e-03 1.209913e+11 5.741106e+10 3.283880e+11 5.251071e+11 -1.685622e+11
8.167388e-03 1.065846e+11 4.627758e+10 2.811243e+11 4.399901e+11 -1.062893e+11
8.345882e-03 9.438578e+10 3.898109e+10 2.367240e+11 3.764272e+11 -7.329240e+10
8.524356e-03 8.339957e+10 3.052398e+10 2.012602e+11 3.111020e+11 -3.148925e+10
8.703951e-03 7.434623e+10 2.542422e+10 1.677676e+11 2.607392e+11 -9.299634e+09
8.883655e-03 6.628873e+10 2.016651e+10 1.401328e+11 2.095223e+11 2.063850e+10
9.063959e-03 5.895111e+10 1.656304e+10 1.136451e+11 1.700043e+11 3.240517e+10
9.243959e-03 5.288755e+10 1.401063e+10 9.211335e+10 1.374177e+11 4.030489e+10
9.423354e-03 4.758340e+10 1.220116e+10 7.392264e+10 1.060806e+11 5.244267e+10
9.603476e-03 4.279212e+10 1.136070e+10 5.781846e+10 8.379882e+10 5.159982e+10
9.782217e-03 3.851523e+10 1.037118e+10 4.415635e+10 6.203861e+10 5.597083e+10
9.961474e-03 3.474081e+10 1.010884e+10 3.225716e+10 4.552249e+10 5.455702e+10
1.014145e-02 3.131132e+10 1.009625e+10 2.239557e+10 3.169111e+10 5.267403e+10
1.032017e-02 2.827940e+10 9.994969e+09 1.419120e+10 1.955413e+10 5.316454e+10
1.049983e-02 2.550155e+10 9.986052e+09 7.786953e+09 1.146823e+10 4.842430e+10
1.067933e-02 2.303191e+10 9.883477e+09 2.346957e+09 3.921412e+09 4.652009e+10
1.085922e-02 2.074944e+10 9.713103e+09 -1.228148e+09 -8.199661e+08 4.313586e+10
1.103911e-02 1.890416e+10 9.436792e+09 -4.494391e+09 -5.256292e+09 4.108066e+10
1.121859e-02 1.716453e+10 9.076191e+09 -5.952945e+09 -7.418075e+09 3.901391e+10
1.139867e-02 1.567561e+10 8.573424e+09 -6.896112e+09 -9.033765e+09 3.645194e+10
1.157742e-02 1.450187e+10 7.988805e+09 -7.007943e+09 -9.568458e+09 3.487912e+10
1.175702e-02 1.344473e+10 7.462673e+09 -6.450952e+09 -9.383112e+09 3.294060e+10
1.193688e-02 1.261728e+10 6.879974e+09 -5.442912e+09 -8.602056e+09 3.193556e+10
1.211563e-02 1.184717e+10 6.206748e+09 -3.788367e+09 -7.142296e+09 3.068683e+10
1.229554e-02 1.146731e+10 5.689976e+09 -2.114688e+09 -5.803055e+09 3.004797e+10
1.247535e-02 1.097905e+10 5.111965e+09 -1.012712e+08 -3.787175e+09 2.935483e+10
1.265439e-02 1.066756e+10 4.671902e+09 1.946921e+09 -2.059306e+09 2.888411e+10
1.283343e-02 1.045573e+10 4.185549e+09 4.343577e+09 8.307617e+07 2.899815e+10
1.301293e-02 1.037535e+10 3.852345e+09 6.333473e+09 1.949666e+09 2.907818e+10
1.319355e-02 1.025567e+10 3.489105e+09 8.504257e+09 3.810354e+09 2.928636e+10
1.337382e-02 1.019603e+10 3.198445e+09 1.057991e+10 5.543004e+09 2.987511e+10
1.355335e-02 1.016921e+10 2.984762e+09 1.251040e+10 7.086209e+09 3.052050e+10
1.373274e-02 1.017983e+10 2.783287e+09 1.419856e+10 8.527246e+09 3.123146e+10
1.391170e-02 1.018220e+10 2.655087e+09 1.587412e+10 9.776892e+09 3.201521e+10
1.409058e-02 1.015814e+10 2.512379e+09 1.743368e+10 1.080199e+10 3.310917e+10
1.427002e-02 1.010221e+10 2.427216e+09 1.861499e+10 1.161185e+10 3.385206e+10
1.444910e-02 1.010455e+10 2.374670e+09 1.971923e+10 1.236808e+10 3.484356e+10
1.462844e-02 1.003352e+10 2.371644e+09 2.049951e+10 1.295384e+10 3.546584e+10
1.480897e-02 9.936862e+09 2.345919e+09 2.136044e+10 1.335247e+10 3.634828e+10
1.498891e-02 9.804898e+09 2.344415e+09 2.182215e+10 1.357422e+10 3.691263e+10
1.516797e-02 9.667892e+09 2.373184e+09 2.220841e+10 1.380621e+10 3.742125e+10
1.534742e-02 9.485880e+09 2.399075e+09 2.229326e+10 1.383350e+10 3.770292e+10
1.552755e-02 9.245427e+09 2.401021e+09 2.223249e+10 1.370810e+10 3.779540e+10
1.570712e-02 9.002480e+09 2.408552e+09 2.212962e+10 1.361403e+10 3.779706e+10
1.588558e-02 8.719908e+09 2.396577e+09 2.166928e+10 1.326126e+10 3.757051e+10
1.606539e-02 8.413709e+09 2.395973e+09 2.123952e+10 1.306636e+10 3.708899e+10
1.624590e-02 8.092413e+09 2.320765e+09 2.070444e+10 1.260918e+10 3.662477e+10
1.642530e-02 7.747853e+09 2.273156e+09 1.989986e+10 1.215712e+10 3.584350e+10
1.660477e-02 7.371795e+09 2.170153e+09 1.904260e+10 1.158127e+10 3.491388e+10
1.678430e-02 7.038005e+09 2.048343e+09 1.828468e+10 1.105660e+10 3.401346e+10
1.696359e-02 6.645232e+09 1.933656e+09 1.730694e+10 1.053917e+10 3.267089e+10
1.714294e-02 6.283571e+09 1.773434e+09 1.633752e+10 9.857333e+09 3.148471e+10
1.732202e-02 5.915563e+09 1.642310e+09 1.533966e+10 9.300821e+09 3.004569e+10
1.750141e-02 5.575918e+09 1.478396e+09 1.436808e+10 8.677879e+09 2.865144e+10
1.768181e-02 5.227784e+09 1.328952e+09 1.330918e+10 8.037211e+09 2.708347e+10
1.786131e-02 4.875363e+09 1.191886e+09 1.220420e+10 7.413955e+09 2.539304e+10
1.804025e-02 4.573468e+09 1.061580e+09 1.125467e+10 6.847675e+09 2.386319e+10
1.822032e-02 4.262115e+09 9.420573e+08 1.024932e+10 6.278920e+09 2.218660e+10
1.839987e-02 3.960751e+09 8.328362e+08 9.213116e+09 5.676635e+09 2.050449e+10
1.857923e-02 3.679518e+09 7.497165e+08 8.231319e+09 5.129436e+09 1.887924e+10
1.875889e-02 3.402310e+09 6.688592e+08 7.282557e+09 4.600107e+09 1.721712e+10
1.893827e-02 3.156977e+09 6.163935e+08 6.362441e+09 4.096844e+09 1.569622e+10
1.911768e-02 2.907922e+09 5.550809e+08 5.456539e+09 3.566122e+09 1.416597e+10
1.929737e-02 2.678844e+09 5.107545e+08 4.618269e+09 3.089502e+09 1.274175e+10
1.947670e-02 2.466380e+09 4.877048e+08 3.825247e+09 2.657332e+09 1.138791e+10
1.965601e-02 2.255521e+09 4.519979e+08 3.086706e+09 2.220971e+09 1.009561e+10
1.983541e-02 2.068592e+09 4.261448e+08 2.378585e+09 1.800543e+09 8.951443e+09
2.001489e-02 1.894851e+09 3.955465e+08 1.742688e+09 1.401098e+09 7.867150e+09
2.019468e-02 1.733155e+09 3.798905e+08 1.192371e+09 1.081508e+09 6.894874e+09
2.037444e-02 1.586142e+09 3.559589e+08 6.929509e+08 7.616692e+08 6.018767e+09
2.055417e-02 1.455688e+09 3.330063e+08 2.589527e+08 4.728442e+08 5.257925e+09
2.073390e-02 1.340462e+09 3.148574e+08 -1.102061e+08 2.366453e+08 4.591062e+09
2.091338e-02 1.234207e+09 2.932457e+08 -3.973850e+08 2.229305e+07 3.998151e+09
2.109302e-02 1.147203e+09 2.772774e+08 -6.390584e+08 -1.424060e+08 3.514082e+09
2.127237e-02 1.070206e+09 2.633267e+08 -8.093153e+08 -2.800570e+08 3.105455e+09
2.145116e-02 1.010659e+09 2.515860e+08 -9.309651e+08 -3.709643e+08 2.789899e+09
2.163077e-02 9.555857e+08 2.404234e+08 -9.881697e+08 -4.381145e+08 2.535940e+09
2.181049e-02 9.143948e+08 2.343459e+08 -1.002072e+09 -4.711742e+08 2.349268e+09
2.198999e-02 8.855412e+08 2.286508e+08 -9.829640e+08 -4.805956e+08 2.243924e+09
2.216980e-02 8.632897e+08 2.274428e+08 -9.133489e+08 -4.617688e+08 2.186168e+09
2.234970e-02 8.489778e+08 2.242072e+08 -8.128069e+08 -4.256750e+08 2.189660e+09
2.252980e-02 8.416198e+08 2.235302e+08 -6.802674e+08 -3.719116e+08 2.239847e+09
2.270853e-02 8.412205e+08 2.220345e+08 -5.228656e+08 -3.045233e+08 2.339175e+09
2.288717e-02 8.451256e+08 2.219093e+08 -3.450328e+08 -2.276111e+08 2.477473e+09
2.306686e-02 8.529390e+08 2.211461e+08 -1.479436e+08 -1.343359e+08 2.644221e+09
2.324649e-02 8.673096e+08 2.180958e+08 6.333620e+07 -4.915420e+07 2.856122e+09
2.342617e-02 8.847843e+08 2.165008e+08 2.795785e+08 4.854964e+07 3.086668e+09
2.360560e-02 9.028207e+08 2.127387e+08 5.149200e+08 1.457057e+08 3.341916e+09
2.378549e-02 9.233137e+08 2.105060e+08 7.382228e+08 2.432669e+08 3.599308e+09
2.396571e-02 9.464404e+08 2.031504e+08 9.799530e+08 3.412302e+08 3.883810e+09
2.414482e-02 9.689128e+08 2.020621e+08 1.204067e+09 4.375788e+08 4.156520e+09
2.432376e-02 9.904792e+08 1.949784e+08 1.431958e+09 5.295388e+08 4.432431e+09
2.450343e-02 1.014079e+09 1.897616e+08 1.643802e+09 6.085865e+08 4.712900e+09
2.468304e-02 1.034720e+09 1.859482e+08 1.849644e+09 6.961514e+08 4.971941e+09
2.486245e-02 1.053266e+09 1.821702e+08 2.041636e+09 7.702289e+08 5.221565e+09
2.504187e-02 1.071739e+09 1.770750e+08 2.219640e+09 8.388351e+08 5.457994e+09
2.522156e-02 1.086447e+09 1.745132e+08 2.382237e+09 9.032780e+08 5.671731e+09
2.540110e-02 1.098939e+09 1.703702e+08 2.516835e+09 9.518853e+08 5.860005e+09
2.558029e-02 1.107683e+09 1.679440e+08 2.645530e+09 1.003874e+09 6.026523e+09
2.575992e-02 1.112595e+09 1.647992e+08 2.749385e+09 1.042238e+09 6.161925e+09
2.593954e-02 1.114715e+09 1.624525e+08 2.823496e+09 1.065967e+09 6.267026e+09
2.611933e-02 1.113501e+09 1.629096e+08 2.890994e+09 1.097846e+09 6.349964e+09
2.629913e-02 1.109788e+09 1.593240e+08 2.935284e+09 1.110206e+09 6.406916e+09
2.647853e-02 1.097368e+09 1.573123e+08 2.949306e+09 1.112821e+09 6.411122e+09
2.665812e-02 1.086871e+09 1.587222e+08 2.950512e+09 1.118335e+09 6.406195e+09
2.683805e-02 1.069795e+09 1.563505e+08 2.931715e+09 1.108280e+09 6.362053e+09
2.701719e-02 1.049703e+09 1.550122e+08 2.892342e+09 1.094945e+09 6.291265e+09
2.719620e-02 1.027693e+09 1.529317e+08 2.841203e+09 1.072549e+09 6.201780e+09
2.737553e-02 9.984054e+08 1.526903e+08 2.761032e+09 1.048030e+09 6.060332e+09
2.755538e-02 9.711100e+08 1.513164e+08 2.678132e+09 1.017577e+09 5.920622e+09
2.773538e-02 9.387204e+08 1.478273e+08 2.574928e+09 9.784317e+08 5.747225e+09
2.791455e-02 9.039562e+08 1.432306e+08 2.459495e+09 9.331320e+08 5.553950e+09
2.809381e-02 8.690636e+08 1.405160e+08 2.339480e+09 8.906025e+08 5.350203e+09
2.827308e-02 8.301275e+08 1.352903e+08 2.199465e+09 8.384859e+08 5.115789e+09
2.845277e-02 7.923663e+08 1.294399e+08 2.064172e+09 7.868232e+08 4.885389e+09
2.863250e-02 7.519754e+08 1.222732e+08 1.917052e+09 7.294800e+08 4.634057e+09
2.881166e-02 7.128758e+08 1.154346e+08 1.770009e+09 6.736775e+08 4.380819e+09
2.899137e-02 6.733799e+08 1.076037e+08 1.617955e+09 6.149152e+08 4.121116e+09
2.917126e-02 6.334772e+08 9.817914e+07 1.468184e+09 5.542334e+08 3.857437e+09
2.935071e-02 5.953121e+08 9.095393e+07 1.316836e+09 4.976884e+08 3.594223e+09
2.953030e-02 5.582388e+08 8.231242e+07 1.174081e+09 4.411611e+08 3.338235e+09
2.970997e-02 5.217324e+08 7.426957e+07 1.032326e+09 3.861812e+08 3.080550e+09
2.988940e-02 4.869355e+08 6.752853e+07 8.926620e+08 3.334777e+08 2.828647e+09
3.006874e-02 4.539738e+08 6.102586e+07 7.628949e+08 2.846197e+08 2.588962e+09
3.024815e-02 4.231935e+08 5.517333e+07 6.408109e+08 2.380042e+08 2.359002e+09
3.042767e-02 3.935652e+08 4.949834e+07 5.225564e+08 1.934218e+08 2.138064e+09
3.060744e-02 3.662036e+08 4.590258e+07 4.117147e+08 1.535330e+08 1.927637e+09
3.078708e-02 3.413792e+08 4.278808e+07 3.141136e+08 1.181770e+08 1.737513e+09
3.096646e-02 3.180814e+08 4.023398e+07 2.223653e+08 8.610856e+07 1.556621e+09
3.114600e-02 2.970360e+08 3.806898e+07 1.402110e+08 5.553953e+07 1.393557e+09
3.132546e-02 2.781746e+08 3.671050e+07 6.733374e+07 3.022161e+07 1.247083e+09
3.150520e-02 2.611199e+08 3.535147e+07 5.825295e+06 7.585975e+06 1.115733e+09
3.168484e-02 2.466159e+08 3.433762e+07 -4.698985e+07 -1.177826e+07 1.003412e+09
3.186375e-02 2.342590e+08 3.356047e+07 -8.833866e+07 -2.773401e+07 9.093953e+08
3.204302e-02 2.235413e+08 3.301836e+07 -1.216479e+08 -4.024980e+07 8.290753e+08
3.222277e-02 2.155048e+08 3.215655e+07 -1.429924e+08 -5.011626e+07 7.693432e+08
3.240259e-02 2.089068e+08 3.152500e+07 -1.559047e+08 -5.698324e+07 7.239133e+08
3.258186e-02 2.048128e+08 3.122201e+07 -1.587940e+08 -6.001791e+07 6.954363e+08
3.276123e-02 2.020630e+08 3.027287e+07 -1.533043e+08 -6.130447e+07 6.817352e+08
3.294133e-02 2.013623e+08 3.028265e+07 -1.393530e+08 -5.920057e+07 6.824321e+08
3.312088e-02 2.019087e+08 3.003475e+07 -1.172539e+08 -5.396625e+07 6.957821e+08
3.330035e-02 2.040051e+08 2.968361e+07 -8.803801e+07 -4.722300e+07 7.219866e+08
3.347992e-02 2.072934e+08 2.996803e+07 -5.300954e+07 -3.777634e+07 7.569569e+08
3.365971e-02 2.119376e+08 3.014196e+07 -1.262490e+07 -2.624009e+07 8.046338e+08
3.383927e-02 2.172885e+08 3.068085e+07 3.193758e+07 -1.328197e+07 8.583092e+08
3.401835e-02 2.232344e+08 3.119875e+07 8.164917e+07 1.597901e+06 9.194676e+08
3.419757e-02 2.298196e+08 3.174749e+07 1.326605e+08 1.691386e+07 9.861474e+08
3.437723e-02 2.368214e+08 3.279349e+07 1.865832e+08 3.380214e+07 1.056950e+09
3.455683e-02 2.444214e+08 3.336930e+07 2.402323e+08 5.066017e+07 1.132680e+09
3.473619e-02 2.516611e+08 3.403434e+07 2.959286e+08 6.732250e+07 1.208203e+09
3.491584e-02 2.591817e+08 3.452790e+07 3.508010e+08 8.463190e+07 1.286197e+09
3.509556e-02 2.664953e+08 3.495115e+07 4.046631e+08 1.006973e+08 1.363468e+09
3.527533e-02 2.734737e+08 3.562922e+07 4.573485e+08 1.176049e+08 1.438531e+09
3.545456e-02 2.801191e+08 3.559536e+07 5.062531e+08 1.320229e+08 1.511188e+09
3.563370e-02 2.863365e+08 3.570961e+07 5.557292e+08 1.467320e+08 1.581972e+09
3.581332e-02 2.915853e+08 3.547928e+07 5.975161e+08 1.589724e+08 1.644518e+09
3.599287e-02 2.967444e+08 3.570548e+07 6.389822e+08 1.720503e+08 1.705730e+09
3.617240e-02 3.008117e+08 3.518176e+07 6.762501e+08 1.824265e+08 1.759648e+09
3.635196e-02 3.045256e+08 3.478128e+07 7.091908e+08 1.912120e+08 1.808840e+09
3.653161e-02 3.067278e+08 3.473917e+07 7.357322e+08 2.000282e+08 1.846580e+09
3.671117e-02 3.084353e+08 3.413084e+07 7.570270e+08 2.055119e+08 1.878805e+09
3.689084e-02 3.094080e+08 3.398581e+07 7.769904e+08 2.115268e+08 1.905953e+09
3.707056e-02 3.091021e+08 3.337825e+07 7.891043e+08 2.144228e+08 1.922368e+09
3.724984e-02 3.078383e+08 3.305309e+07 7.969987e+08 2.165959e+08 1.930700e+09
3.742914e-02 3.055523e+08 3.251464e+07 7.974436e+08 2.170080e+08 1.929195e+09
3.760871e-02 3.026265e+08 3.198321e+07 7.974755e+08 2.162249e+08 1.923599e+09
3.778826e-02 2.985685e+08 3.182611e+07 7.894408e+08 2.145954e+08 1.907099e+09
3.796764e-02 2.936028e+08 3.105224e+07 7.761966e+08 2.108965e+08 1.882634e+09
3.814709e-02 2.878714e+08 3.057889e+07 7.590154e+08 2.060570e+08 1.850797e+09
3.832696e-02 2.813882e+08 3.006872e+07 7.401482e+08 2.008207e+08 1.814292e+09
3.850665e-02 2.740742e+08 2.936482e+07 7.149048e+08 1.939691e+08 1.769126e+09
3.868582e-02 2.659186e+08 2.886454e+07 6.862191e+08 1.865567e+08 1.715982e+09
3.886530e-02 2.573969e+08 2.804137e+07 6.544652e+08 1.778714e+08 1.659982e+09
3.904481e-02 2.484480e+08 2.734513e+07 6.206164e+08 1.686690e+08 1.598578e+09
3.922441e-02 2.388362e+08 2.648339e+07 5.841304e+08 1.591715e+08 1.532625e+09
3.940396e-02 2.289289e+08 2.590323e+07 5.444060e+08 1.492131e+08 1.461604e+09
3.958316e-02 2.189518e+08 2.480893e+07 5.052860e+08 1.383665e+08 1.390717e+09
3.976287e-02 2.085829e+08 2.402675e+07 4.635219e+08 1.278507e+08 1.315255e+09
3.994250e-02 1.983136e+08 2.276417e+07 4.207036e+08 1.160598e+08 1.238526e+09
4.012200e-02 1.878788e+08 2.186478e+07 3.787568e+08 1.055751e+08 1.161766e+09
4.030171e-02 1.776524e+08 2.065743e+07 3.369238e+08 9.447181e+07 1.084737e+09
4.048123e-02 1.676091e+08 1.936372e+07 2.943872e+08 8.291634e+07 1.008078e+09
4.066058e-02 1.577266e+08 1.817377e+07 2.535501e+08 7.243301e+07 9.324679e+08
4.084001e-02 1.483641e+08 1.673816e+07 2.150300e+08 6.145262e+07 8.603970e+08
4.101966e-02 1.392921e+08 1.548042e+07 1.763520e+08 5.145598e+07 7.887224e+08
4.119937e-02 1.308262e+08 1.417179e+07 1.410304e+08 4.188734e+07 7.219062e+08
4.137874e-02 1.227399e+08 1.292612e+07 1.067274e+08 3.247267e+07 6.570699e+08
4.155813e-02 1.152640e+08 1.166960e+07 7.617282e+07 2.396775e+07 5.971800e+08
4.173777e-02 1.084472e+08 1.057069e+07 4.807409e+07 1.606606e+07 5.416138e+08
4.191752e-02 1.022733e+08 9.583440e+06 2.172503e+07 9.009909e+06 4.901163e+08
4.209699e-02 9.673926e+07 8.865772e+06 -6.655786e+05 3.139657e+06 4.439617e+08
4.227635e-02 9.179088e+07 8.002671e+06 -2.035600e+07 -2.952857e+06 4.025464e+08
4.245594e-02 8.750631e+07 7.653804e+06 -3.657342e+07 -7.121940e+06 3.663920e+08
4.263530e-02 8.411396e+07 7.214971e+06 -5.056328e+07 -1.095378e+07 3.361876e+08
4.281442e-02 8.106578e+07 6.921124e+06 -6.086098e+07 -1.407774e+07 3.103085e+08
4.299392e-02 7.861033e+07 6.938540e+06 -6.803199e+07 -1.598528e+07 2.898093e+08
4.317364e-02 7.692762e+07 6.911502e+06 -7.258654e+07 -1.756305e+07 2.749947e+08
4.335324e-02 7.575608e+07 7.075360e+06 -7.470985e+07 -1.818230e+07 2.647208e+08
4.353285e-02 7.525544e+07 7.178346e+06 -7.385493e+07 -1.835272e+07 2.601437e+08
4.371256e-02 7.507417e+07 7.426615e+06 -7.009174e+07 -1.782105e+07 2.595596e+08
4.389237e-02 7.527845e+07 7.702491e+06 -6.395772e+07 -1.654914e+07 2.630714e+08
4.407181e-02 7.617258e+07 7.927642e+06 -5.573942e+07 -1.498745e+07 2.715796e+08
4.425100e-02 7.731810e+07 8.209232e+06 -4.588974e+07 -1.292654e+07 2.830753e+08
4.443069e-02 7.878958e+07 8.430189e+06 -3.334579e+07 -1.034812e+07 2.984354e+08
4.461032e-02 8.057226e+07 8.679043e+06 -1.960912e+07 -7.429394e+06 3.163469e+08
4.478953e-02 8.257813e+07 8.897776e+06 -4.318752e+06 -4.218271e+06 3.370400e+08
4.496901e-02 8.507781e+07 9.221250e+06 1.168481e+07 -4.862568e+05 3.604613e+08
4.514874e-02 8.731253e+07 9.336000e+06 2.928751e+07 3.106201e+06 3.845560e+08
4.532821e-02 9.007112e+07 9.598565e+06 4.682286e+07 7.161694e+06 4.110789e+08
4.550745e-02 9.266548e+07 9.793593e+06 6.523678e+07 1.117261e+07 4.378135e+08
4.568707e-02 9.528560e+07 1.005789e+07 8.361215e+07 1.538914e+07 4.648270e+08
4.586694e-02 9.810134e+07 1.027012e+07 1.014781e+08 1.950722e+07 4.925533e+08
4.604629e-02 1.005191e+08 1.049152e+07 1.198051e+08 2.355993e+07 5.192567e+08
4.622568e-02 1.029791e+08 1.057481e+07 1.371396e+08 2.746798e+07 5.452708e+08
4.640539e-02 1.052464e+08 1.092516e+07 1.538916e+08 3.145883e+07 5.703736e+08
4.658483e-02 1.074434e+08 1.098820e+07 1.690998e+08 3.478388e+07 5.940572e+08
4.676428e-02 1.093354e+08 1.114085e+07 1.837358e+08 3.810743e+07 6.161363e+08
4.694377e-02 1.109052e+08 1.119675e+07 1.970051e+08 4.105370e+07 6.357174e+08
4.712315e-02 1.122838e+08 1.124766e+07 2.089474e+08 4.363356e+07 6.536281e+08
4.730271e-02 1.133388e+08 1.130649e+07 2.192061e+08 4.576019e+07 6.688166e+08
4.748233e-02 1.140941e+08 1.128548e+07 2.278124e+08 4.771591e+07 6.812739e+08
4.766205e-02 1.145642e+08 1.121992e+07 2.352885e+08 4.904398e+07 6.918653e+08
4.784146e-02 1.147225e+08 1.113261e+07 2.401880e+08 5.007086e+07 6.986921e+08
4.802067e-02 1.144959e+08 1.103412e+07 2.438487e+08 5.058593e+07 7.031418e+08
4.820042e-02 1.139141e+08 1.090927e+07 2.458292e+08 5.086382e+07 7.041889e+08
4.838029e-02 1.130307e+08 1.072261e+07 2.463830e+08 5.070373e+07 7.030825e+08
4.855956e-02 1.118973e+08 1.054008e+07 2.449578e+08 5.017896e+07 6.988852e+08
4.873901e-02 1.102853e+08 1.033452e+07 2.415994e+08 4.916511e+07 6.909372e+08
4.891873e-02 1.085884e+08 1.018561e+07 2.366907e+08 4.796031e+07 6.813755e+08
4.909828e-02 1.064354e+08 9.984771e+06 2.310279e+08 4.663331e+07 6.689619e+08
4.927778e-02 1.040892e+08 9.778641e+06 2.233350e+08 4.470565e+07 6.539231e+08
4.945710e-02 1.014524e+08 9.553634e+06 2.144126e+08 4.268717e+07 6.363309e+08
4.963681e-02 9.863143e+07 9.357096e+06 2.045741e+08 4.049017e+07 6.171339e+08
4.981627e-02 9.565386e+07 9.201284e+06 1.930877e+08 3.806551e+07 5.957633e+08
4.999549e-02 9.242066e+07 8.895441e+06 1.816349e+08 3.537784e+07 5.729823e+08
5.017513e-02 8.911018e+07 8.725052e+06 1.686593e+08 3.265927e+07 5.485390e+08
5.035469e-02 8.560909e+07 8.516839e+06 1.554228e+08 2.987109e+07 5.229344e+08
5.053422e-02 8.212347e+07 8.313032e+06 1.415841e+08 2.698402e+07 4.966037e+08
5.071373e-02 7.847922e+07 8.060216e+06 1.275286e+08 2.401163e+07 4.693060e+08
5.089331e-02 7.496680e+07 7.845120e+06 1.132234e+08 2.098845e+07 4.422290e+08
5.107290e-02 7.139968e+07 7.659066e+06 9.857560e+07 1.811624e+07 4.145779e+08
5.125246e-02 6.777190e+07 7.415557e+06 8.463595e+07 1.523329e+07 3.869448e+08
5.143191e-02 6.433415e+07 7.204885e+06 7.066243e+07 1.239207e+07 3.600308e+08
5.161130e-02 6.088856e+07 6.907714e+06 5.748149e+07 9.658467e+06 3.336839e+08
5.179073e-02 5.768950e+07 6.736728e+06 4.419139e+07 7.095533e+06 3.081972e+08
5.197023e-02 5.459522e+07 6.457924e+06 3.177938e+07 4.549553e+06 2.837655e+08
5.214995e-02 5.164068e+07 6.175684e+06 2.020244e+07 2.207808e+06 2.606149e+08
5.232948e-02 4.887668e+07 5.906406e+06 9.544131e+06 1.247057e+04 2.388809e+08
5.250892e-02 4.633879e+07 5.629299e+06 -3.678267e+05 -1.950267e+06 2.187429e+08
5.268863e-02 4.403429e+07 5.326443e+06 -9.226722e+06 -3.817334e+06 2.003766e+08
5.286820e-02 4.195931e+07 5.038575e+06 -1.688434e+07 -5.405032e+06 1.839389e+08
5.304764e-02 4.006012e+07 4.717146e+06 -2.330217e+07 -6.785459e+06 1.691700e+08
5.322715e-02 3.861244e+07 4.490340e+06 -2.901235e+07 -7.930067e+06 1.570363e+08
5.340663e-02 3.723607e+07 4.172454e+06 -3.323997e+07 -8.934715e+06 1.462869e+08
5.358625e-02 3.619097e+07 3.950564e+06 -3.621563e+07 -9.550912e+06 1.379176e+08
5.376579e-02 3.538497e+07 3.719577e+06 -3.805299e+07 -1.006256e+07 1.315742e+08
5.394514e-02 3.482593e+07 3.531384e+06 -3.882572e+07 -1.026055e+07 1.271973e+08
5.412441e-02 3.461261e+07 3.387053e+06 -3.863003e+07 -1.034001e+07 1.251764e+08
5.430414e-02 3.448248e+07 3.289316e+06 -3.708243e+07 -1.003933e+07 1.245299e+08
5.448388e-02 3.466235e+07 3.237865e+06 -3.465494e+07 -9.609244e+06 1.261517e+08
5.466309e-02 3.495812e+07 3.210831e+06 -3.122692e+07 -8.968930e+06 1.291090e+08
5.484261e-02 3.554596e+07 3.235952e+06 -2.715170e+07 -8.208758e+06 1.340603e+08
5.502222e-02 3.619123e+07 3.284720e+06 -2.199384e+07 -7.184244e+06 1.401859e+08
5.520186e-02 3.699025e+07 3.365598e+06 -1.624488e+07 -6.085090e+06 1.476566e+08
5.538127e-02 3.799242e+07 3.506033e+06 -1.013902e+07 -4.887184e+06 1.565439e+08
5.556057e-02 3.900960e+07 3.599683e+06 -3.266697e+06 -3.544723e+06 1.662050e+08
5.574024e-02 4.013642e+07 3.752571e+06 3.920386e+06 -2.204148e+06 1.767755e+08
5.591990e-02 4.128969e+07 3.890195e+06 1.155879e+07 -7.021005e+05 1.880005e+08
5.609947e-02 4.250595e+07 4.023184e+06 1.927534e+07 7.793698e+05 1.997417e+08
5.627892e-02 4.375287e+07 4.160061e+06 2.699446e+07 2.195348e+06 2.117811e+08
5.645856e-02 4.496972e+07 4.262764e+06 3.499386e+07 3.721680e+06 2.240259e+08
5.663826e-02 4.620633e+07 4.384598e+06 4.261817e+07 5.161754e+06 2.362108e+08
5.681769e-02 4.733715e+07 4.480419e+06 5.043300e+07 6.663150e+06 2.481017e+08
5.699710e-02 4.844363e+07 4.533184e+06 5.773670e+07 7.938660e+06 2.596402e+08
5.717663e-02 4.952237e+07 4.620595e+06 6.493304e+07 9.303259e+06 2.709396e+08
5.735605e-02 5.043626e+07 4.645640e+06 7.149634e+07 1.054420e+07 2.810966e+08
5.753539e-02 5.134000e+07 4.699290e+06 7.765243e+07 1.166827e+07 2.909756e+08
5.771483e-02 5.204792e+07 4.738166e+06 8.339631e+07 1.286559e+07 2.995630e+08
5.789466e-02 5.271808e+07 4.730726e+06 8.831436e+07 1.368346e+07 3.073673e+08
5.807436e-02 5.318486e+07 4.777036e+06 9.270371e+07 1.463573e+07 3.138496e+08
5.825359e-02 5.356676e+07 4.742376e+06 9.641455e+07 1.531262e+07 3.194234e+08
5.843303e-02 5.384368e+07 4.743758e+06 9.945542e+07 1.586776e+07 3.239736e+08
5.861274e-02 5.383890e+07 4.739092e+06 1.015205e+08 1.639139e+07 3.263728e+08
5.879233e-02 5.382762e+07 4.703196e+06 1.028910e+08 1.662301e+07 3.282703e+08
5.897187e-02 5.356347e+07 4.636476e+06 1.035826e+08 1.675589e+07 3.284296e+08
5.915148e-02 5.319757e+07 4.630856e+06 1.037058e+08 1.689336e+07 3.275425e+08
5.933120e-02 5.271305e+07 4.525555e+06 1.027234e+08 1.659941e+07 3.252931e+08
5.951050e-02 5.200168e+07 4.474754e+06 1.010692e+08 1.638712e+07 3.213828e+08
5.968960e-02 5.128931e+07 4.399974e+06 9.892055e+07 1.595322e+07 3.170314e+08
5.986932e-02 5.033666e+07 4.273549e+06 9.599326e+07 1.538601e+07 3.109204e+08
6.004880e-02 4.934878e+07 4.213729e+06 9.240927e+07 1.474460e+07 3.040131e+08
6.022820e-02 4.820545e+07 4.077894e+06 8.823462e+07 1.389544e+07 2.959037e+08
6.040778e-02 4.696140e+07 3.975578e+06 8.380014e+07 1.303732e+07 2.869783e+08
6.058726e-02 4.568932e+07 3.872534e+06 7.871033e+07 1.208282e+07 2.774126e+08
6.076685e-02 4.428746e+07 3.735816e+06 7.328291e+07 1.105087e+07 2.668256e+08
6.094640e-02 4.288606e+07 3.628898e+06 6.732347e+07 9.882332e+06 2.558227e+08
6.112606e-02 4.141121e+07 3.497057e+06 6.141415e+07 8.739033e+06 2.443614e+08
6.130567e-02 3.986434e+07 3.394120e+06 5.525289e+07 7.612026e+06 2.323219e+08
6.148499e-02 3.834849e+07 3.308215e+06 4.888870e+07 6.438369e+06 2.201625e+08
6.166458e-02 3.683352e+07 3.184821e+06 4.255600e+07 5.215134e+06 2.079781e+08
6.184419e-02 3.528711e+07 3.103090e+06 3.616865e+07 4.039886e+06 1.955558e+08
6.202378e-02 3.379992e+07 3.015087e+06 2.995374e+07 2.901997e+06 1.834494e+08
6.220328e-02 3.233068e+07 2.936760e+06 2.376198e+07 1.739328e+06 1.714183e+08
6.238252e-02 3.089651e+07 2.871844e+06 1.798936e+07 6.991152e+05 1.597852e+08
6.256203e-02 2.951213e+07 2.832699e+06 1.228555e+07 -3.037417e+05 1.484528e+08
6.274173e-02 2.820598e+07 2.759040e+06 7.006762e+06 -1.316431e+06 1.377974e+08
6.292133e-02 2.695027e+07 2.736735e+06 2.031220e+06 -2.155160e+06 1.275665e+08
6.310073e-02 2.583064e+07 2.702796e+06 -2.539347e+06 -3.010064e+06 1.182723e+08
6.328018e-02 2.475238e+07 2.692273e+06 -6.663680e+06 -3.700411e+06 1.095400e+08
6.345987e-02 2.377493e+07 2.657588e+06 -1.025842e+07 -4.382303e+06 1.017014e+08
6.363932e-02 2.292099e+07 2.640598e+06 -1.336079e+07 -4.937285e+06 9.483756e+07
6.381883e-02 2.210859e+07 2.639838e+06 -1.595234e+07 -5.371046e+06 8.857061e+07
6.399840e-02 2.148861e+07 2.617814e+06 -1.801753e+07 -5.775394e+06 8.368891e+07
6.417787e-02 2.090951e+07 2.606854e+06 -1.952790e+07 -6.052154e+06 7.940673e+07
6.435740e-02 2.047937e+07 2.603166e+06 -2.045507e+07 -6.229010e+06 7.632574e+07
6.453672e-02 2.014528e+07 2.580801e+06 -2.085706e+07 -6.342560e+06 7.414264e+07
6.471627e-02 1.990128e+07 2.560673e+06 -2.071276e+07 -6.336915e+06 7.283686e+07
6.489573e-02 1.981463e+07 2.546144e+06 -2.009389e+07 -6.273680e+06 7.268195e+07
6.507532e-02 1.976122e+07 2.510239e+06 -1.886244e+07 -6.120064e+06 7.316438e+07
6.525498e-02 1.985514e+07 2.505796e+06 -1.723149e+07 -5.850658e+06 7.469595e+07
6.543438e-02 2.004562e+07 2.475795e+06 -1.519007e+07 -5.576937e+06 7.704182e+07
6.561406e-02 2.027669e+07 2.461228e+06 -1.263618e+07 -5.156216e+06 7.996968e+07
6.579354e-02 2.063986e+07 2.449750e+06 -9.790374e+06 -4.689810e+06 8.382006e+07
6.597293e-02 2.100389e+07 2.416524e+06 -6.549718e+06 -4.181338e+06 8.796198e+07
6.615268e-02 2.148582e+07 2.419232e+06 -3.067010e+06 -3.611252e+06 9.291377e+07
6.633236e-02 2.200040e+07 2.413382e+06 6.396757e+05 -2.987450e+06 9.820718e+07
6.651186e-02 2.255374e+07 2.411268e+06 4.500060e+06 -2.348897e+06 1.038661e+08
6.669114e-02 2.313316e+07 2.414370e+06 8.543353e+06 -1.669566e+06 1.098079e+08
6.687057e-02 2.373291e+07 2.421214e+06 1.268480e+07 -9.668698e+05 1.159244e+08
6.705025e-02 2.434167e+07 2.427837e+06 1.674460e+07 -2.703122e+05 1.221140e+08
6.722990e-02 2.495278e+07 2.441744e+06 2.093797e+07 4.640438e+05 1.283831e+08
6.740941e-02 2.555442e+07 2.445316e+06 2.488519e+07 1.118768e+06 1.345208e+08
6.758867e-02 2.615021e+07 2.444426e+06 2.883618e+07 1.758564e+06 1.406318e+08
6.776822e-02 2.668429e+07 2.463936e+06 3.251707e+07 2.458268e+06 1.462844e+08
6.794788e-02 2.721690e+07 2.460576e+06 3.609501e+07 3.026430e+06 1.518628e+08
6.812729e-02 2.767804e+07 2.462818e+06 3.942143e+07 3.636679e+06 1.568887e+08
6.830688e-02 2.811404e+07 2.441189e+06 4.248115e+07 4.116172e+06 1.616756e+08
6.848624e-02 2.848110e+07 2.456616e+06 4.515546e+07 4.636295e+06 1.657931e+08
6.866563e-02 2.878162e+07 2.424624e+06 4.750956e+07 4.996240e+06 1.694012e+08
6.884532e-02 2.902451e+07 2.403856e+06 4.957284e+07 5.353080e+06 1.724762e+08
6.902501e-02 2.918580e+07 2.392906e+06 5.129561e+07 5.705088e+06 1.748881e+08
6.920471e-02 2.929154e+07 2.371044e+06 5.256728e+07 5.939796e+06 1.767089e+08
6.938409e-02 2.929070e+07 2.353503e+06 5.330681e+07 6.116480e+06 1.775886e+08
6.956343e-02 2.926203e+07 2.323549e+06 5.399427e+07 6.270534e+06 1.782682e+08
6.974295e-02 2.911184e+07 2.295017e+06 5.392933e+07 6.311262e+06 1.777950e+08
6.992262e-02 2.888620e+07 2.269144e+06 5.363198e+07 6.341710e+06 1.767642e+08
7.010211e-02 2.862648e+07 2.249268e+06 5.286836e+07 6.271073e+06 1.752013e+08
7.028154e-02 2.824462e+07 2.216932e+06 5.181242e+07 6.205661e+06 1.727623e+08
7.046115e-02 2.782173e+07 2.194524e+06 5.036642e+07 6.055954e+06 1.698591e+08
7.064068e-02 2.733619e+07 2.152191e+06 4.850084e+07 5.807900e+06 1.663001e+08
7.081999e-02 2.676004e+07 2.117243e+06 4.636040e+07 5.559160e+06 1.620503e+08
7.099948e-02 2.616413e+07 2.091441e+06 4.393299e+07 5.258182e+06 1.574681e+08
7.117917e-02 2.547686e+07 2.030412e+06 4.125996e+07 4.892621e+06 1.522244e+08
7.135856e-02 2.479218e+07 2.011582e+06 3.831380e+07 4.524282e+06 1.467868e+08
7.153818e-02 2.402912e+07 1.950916e+06 3.516230e+07 4.093332e+06 1.407325e+08
7.171778e-02 2.325610e+07 1.910750e+06 3.186981e+07 3.627856e+06 1.345428e+08
7.189719e-02 2.247424e+07 1.877025e+06 2.846933e+07 3.185842e+06 1.281531e+08
7.207684e-02 2.164710e+07 1.808157e+06 2.495470e+07 2.657176e+06 1.214562e+08
7.225635e-02 2.083274e+07 1.767855e+06 2.137240e+07 2.156156e+06 1.147317e+08
7.243580e-02 2.000851e+07 1.715707e+06 1.784916e+07 1.634254e+06 1.079756e+08
7.261540e-02 1.919018e+07 1.665453e+06 1.429132e+07 1.119167e+06 1.012073e+08
7.279498e-02 1.839178e+07 1.627886e+06 1.084259e+07 6.326386e+05 9.456862e+07
7.297435e-02 1.762190e+07 1.575291e+06 7.388318e+06 1.033056e+05 8.806986e+07
7.315367e-02 1.686772e+07 1.535774e+06 4.202050e+06 -3.639136e+05 8.181755e+07
7.333339e-02 1.614491e+07 1.497815e+06 1.069908e+06 -8.390911e+05 7.573918e+07
7.351304e-02 1.546990e+07 1.449230e+06 -1.815746e+06 -1.286799e+06 7.007321e+07
7.369245e-02 1.484519e+07 1.416041e+06 -4.525607e+06 -1.708860e+06 6.476756e+07
7.387205e-02 1.424611e+07 1.387220e+06 -6.959538e+06 -2.070328e+06 5.979440e+07
7.405161e-02 1.372428e+07 1.353079e+06 -9.157104e+06 -2.430752e+06 5.536622e+07
7.423102e-02 1.324938e+07 1.328104e+06 -1.108226e+07 -2.743046e+06 5.135325e+07
7.441034e-02 1.283668e+07 1.300679e+06 -1.265537e+07 -3.016744e+06 4.792004e+07
7.458994e-02 1.247968e+07 1.285408e+06 -1.399337e+07 -3.242421e+06 4.493523e+07
7.476952e-02 1.218982e+07 1.263413e+06 -1.498814e+07 -3.429385e+06 4.255342e+07
7.494880e-02 1.197022e+07 1.260257e+06 -1.569090e+07 -3.566114e+06 4.071265e+07
7.512837e-02 1.180005e+07 1.245366e+06 -1.602617e+07 -3.663813e+06 3.941059e+07
7.530798e-02 1.169880e+07 1.249546e+06 -1.609688e+07 -3.713700e+06 3.867766e+07
7.548748e-02 1.165896e+07 1.251379e+06 -1.586469e+07 -3.716957e+06 3.846459e+07
7.566700e-02 1.168466e+07 1.259020e+06 -1.532882e+07 -3.680384e+06 3.882768e+07
7.584667e-02 1.175269e+07 1.272513e+06 -1.448011e+07 -3.595728e+06 3.966340e+07
7.602629e-02 1.188450e+07 1.283467e+06 -1.339673e+07 -3.477622e+06 4.100352e+07
7.620569e-02 1.206555e+07 1.301522e+06 -1.208954e+07 -3.327186e+06 4.279129e+07
7.638530e-02 1.227780e+07 1.321263e+06 -1.049061e+07 -3.124806e+06 4.496332e+07
7.656501e-02 1.254309e+07 1.336450e+06 -8.732703e+06 -2.914316e+06 4.754826e+07
7.674455e-02 1.283310e+07 1.358717e+06 -6.746528e+06 -2.648955e+06 5.046158e+07
7.692398e-02 1.317623e+07 1.373862e+06 -4.686722e+06 -2.389917e+06 5.369962e+07
7.710340e-02 1.351001e+07 1.395981e+06 -2.406193e+06 -2.077653e+06 5.709489e+07
7.728275e-02 1.389176e+07 1.409942e+06 -7.969517e+04 -1.777069e+06 6.077062e+07
7.746218e-02 1.427796e+07 1.424426e+06 2.316558e+06 -1.453663e+06 6.454526e+07
7.764173e-02 1.467434e+07 1.433318e+06 4.768934e+06 -1.122702e+06 6.843508e+07
7.782134e-02 1.507283e+07 1.451149e+06 7.243142e+06 -7.881898e+05 7.234846e+07
7.800113e-02 1.546466e+07 1.459106e+06 9.702465e+06 -4.354970e+05 7.624886e+07
7.818053e-02 1.586549e+07 1.465402e+06 1.210532e+07 -1.242357e+05 8.014259e+07
7.835977e-02 1.623506e+07 1.472459e+06 1.445051e+07 2.037878e+05 8.384922e+07
7.853945e-02 1.658449e+07 1.487003e+06 1.669415e+07 5.398600e+05 8.739628e+07
7.871901e-02 1.692813e+07 1.484531e+06 1.882909e+07 8.133278e+05 9.082937e+07
7.889852e-02 1.723352e+07 1.492500e+06 2.081359e+07 1.097697e+06 9.398218e+07
7.907812e-02 1.750677e+07 1.500725e+06 2.263838e+07 1.355722e+06 9.683982e+07
7.925765e-02 1.774403e+07 1.502056e+06 2.426255e+07 1.581984e+06 9.938393e+07
7.943713e-02 1.794053e+07 1.510882e+06 2.571799e+07 1.784683e+06 1.016205e+08
7.961653e-02 1.811361e+07 1.517774e+06 2.696218e+07 1.970329e+06 1.035553e+08
7.979598e-02 1.820350e+07 1.517028e+06 2.792512e+07 2.109750e+06 1.049242e+08
7.997559e-02 1.827892e+07 1.522147e+06 2.873098e+07 2.212212e+06 1.060535e+08
8.015521e-02 1.829381e+07 1.521746e+06 2.926215e+07 2.292218e+06 1.067146e+08
8.033477e-02 1.827118e+07 1.522468e+06 2.958526e+07 2.328402e+06 1.070261e+08
8.051401e-02 1.819705e+07 1.517286e+06 2.962630e+07 2.333553e+06 1.068734e+08
8.069347e-02 1.806213e+07 1.507121e+06 2.947746e+07 2.307344e+06 1.062927e+08
8.087332e-02 1.789367e+07 1.513947e+06 2.904391e+07 2.269961e+06 1.052934e+08
8.105287e-02 1.767861e+07 1.498326e+06 2.840913e+07 2.174168e+06 1.039396e+08
8.123233e-02 1.742084e+07 1.489950e+06 2.758659e+07 2.075067e+06 1.022190e+08
8.141188e-02 1.712406e+07 1.479179e+06 2.651923e+07 1.926195e+06 1.001002e+08
8.159141e-02 1.677995e+07 1.461465e+06 2.532508e+07 1.765979e+06 9.765593e+07
8.177087e-02 1.641101e+07 1.455384e+06 2.389971e+07 1.603413e+06 9.488935e+07
8.195037e-02 1.601394e+07 1.430594e+06 2.236598e+07 1.384682e+06 9.189484e+07
8.212994e-02 1.557215e+07 1.421987e+06 2.064405e+07 1.187938e+06 8.853158e+07
8.230951e-02 1.513229e+07 1.401168e+06 1.884563e+07 9.503874e+05 8.508304e+07
8.248900e-02 1.465669e+07 1.376822e+06 1.693213e+07 7.141636e+05 8.137923e+07
8.266844e-02 1.417611e+07 1.364953e+06 1.496459e+07 4.817547e+05 7.757775e+07
8.284785e-02 1.367436e+07 1.337721e+06 1.294855e+07 2.149903e+05 7.361065e+07
8.302730e-02 1.317732e+07 1.310674e+06 1.086789e+07 -4.337015e+04 6.963481e+07
8.320692e-02 1.267968e+07 1.295641e+06 8.806727e+06 -2.993075e+05 6.562075e+07
8.338648e-02 1.218348e+07 1.263514e+06 6.747742e+06 -5.544103e+05 6.160960e+07
8.356601e-02 1.170070e+07 1.239619e+06 4.754423e+06 -7.922529e+05 5.769971e+07
8.374563e-02 1.121742e+07 1.208774e+06 2.807631e+06 -1.059820e+06 5.381105e+07
8.392511e-02 1.077397e+07 1.182938e+06 9.034816e+05 -1.276734e+06 5.013104e+07
8.410459e-02 1.032646e+07 1.151869e+06 -8.442155e+05 -1.514201e+06 4.653466e+07
8.428421e-02 9.929370e+06 1.120487e+06 -2.525739e+06 -1.727295e+06 4.322398e+07
8.446368e-02 9.537025e+06 1.090099e+06 -4.042131e+06 -1.921746e+06 4.006226e+07
8.464319e-02 9.189885e+06 1.060846e+06 -5.438690e+06 -2.103115e+06 3.717770e+07
8.482280e-02 8.876601e+06 1.034179e+06 -6.661848e+06 -2.254533e+06 3.461141e+07
8.500226e-02 8.597761e+06 1.003430e+06 -7.717426e+06 -2.407768e+06 3.230104e+07
8.518174e-02 8.345057e+06 9.781516e+05 -8.574159e+06 -2.512984e+06 3.028011e+07
8.536136e-02 8.150450e+06 9.521748e+05 -9.292107e+06 -2.618431e+06 2.864419e+07
8.554093e-02 7.985978e+06 9.318738e+05 -9.779643e+06 -2.683440e+06 2.731415e+07
8.572028e-02 7.861776e+06 9.143438e+05 -1.010001e+07 -2.731036e+06 2.632844e+07
8.589963e-02 7.777970e+06 8.926881e+05 -1.019779e+07 -2.761699e+06 2.567505e+07
8.607915e-02 7.736990e+06 8.808072e+05 -1.014654e+07 -2.759784e+06 2.538381e+07
8.625868e-02 7.738938e+06 8.719389e+05 -9.881481e+06 -2.738134e+06 2.543183e+07
8.643824e-02 7.767109e+06 8.664727e+05 -9.429326e+06 -2.693280e+06 2.576869e+07
8.661787e-02 7.843285e+06 8.623093e+05 -8.831329e+06 -2.639347e+06 2.646246e+07
8.679744e-02 7.948948e+06 8.606782e+05 -8.032796e+06 -2.544979e+06 2.743773e+07
8.697703e-02 8.085021e+06 8.636545e+05 -7.116542e+06 -2.457309e+06 2.867719e+07
8.715648e-02 8.252868e+06 8.733219e+05 -6.023752e+06 -2.330798e+06 3.019880e+07
8.733588e-02 8.442713e+06 8.824304e+05 -4.822360e+06 -2.205504e+06 3.192340e+07
8.751546e-02 8.657625e+06 8.955147e+05 -3.506203e+06 -2.057012e+06 3.386644e+07
8.769504e-02 8.900821e+06 9.100595e+05 -2.103059e+06 -1.914955e+06 3.601752e+07
8.787468e-02 9.144697e+06 9.272868e+05 -5.982952e+05 -1.760003e+06 3.826798e+07
8.805415e-02 9.406000e+06 9.455588e+05 9.659234e+05 -1.593838e+06 4.063534e+07
8.823359e-02 9.687508e+06 9.649524e+05 2.551317e+06 -1.440881e+06 4.314358e+07
8.841311e-02 9.963974e+06 9.859284e+05 4.181730e+06 -1.283962e+06 4.565430e+07
8.859270e-02 1.023376e+07 1.003856e+06 5.838419e+06 -1.132571e+06 4.816221e+07
8.877226e-02 1.051360e+07 1.020867e+06 7.467596e+06 -1.000820e+06 5.071592e+07
8.895172e-02 1.078435e+07 1.043500e+06 9.068749e+06 -8.567933e+05 5.317353e+07
8.913118e-02 1.103996e+07 1.057204e+06 1.062944e+07 -7.605603e+05 5.556508e+07
8.931072e-02 1.128993e+07 1.072394e+06 1.214611e+07 -6.591010e+05 5.786684e+07
8.949031e-02 1.152701e+07 1.089995e+06 1.357389e+07 -5.879104e+05 6.005110e+07
8.966973e-02 1.173580e+07 1.103020e+06 1.493968e+07 -5.379724e+05 6.203849e+07
8.984928e-02 1.192171e+07 1.117179e+06 1.618146e+07 -5.034298e+05 6.383385e+07
9.002870e-02 1.209596e+07 1.130639e+06 1.733421e+07 -5.114643e+05 6.549490e+07
9.020814e-02 1.223163e+07 1.141567e+06 1.836521e+07 -5.359096e+05 6.687630e+07
9.038774e-02 1.234874e+07 1.163508e+06 1.927699e+07 -5.855848e+05 6.808254e+07
9.056723e-02 1.243870e+07 1.179290e+06 2.004840e+07 -6.781456e+05 6.904982e+07
9.074682e-02 1.248430e+07 1.209910e+06 2.069272e+07 -7.669950e+05 6.973242e+07
9.092635e-02 1.251932e+07 1.244969e+06 2.119721e+07 -9.051822e+05 7.025878e+07
9.110583e-02 1.250172e+07 1.298664e+06 2.159698e+07 -1.014702e+06 7.051838e+07
9.128546e-02 1.247505e+07 1.368216e+06 2.181971e+07 -1.149538e+06 7.061978e+07
9.146502e-02 1.239331e+07 1.480296e+06 2.196695e+07 -1.209710e+06 7.049588e+07
9.164437e-02 1.229845e+07 1.625872e+06 2.196737e+07 -1.228328e+06 7.028874e+07
9.182391e-02 1.217079e+07 1.979231e+06 2.189528e+07 -7.591739e+05 7.001707e+07
