# k, q0, q1/i, q2, q3/i, q4, norm, alpha = 571.4117399094032, 0.019180352441928786
0.000000e+00 6.900632e+13 0.000000e+00 0.000000e+00 0.000000e+00 -1.563356e+13
2.542755e-04 6.776253e+13 9.374542e+12 6.122232e+10 -8.021155e+10 4.066697e+12
4.308321e-04 6.558189e+13 1.533898e+13 2.455257e+09 1.983140e+11 -1.592652e+12
6.127972e-04 6.228057e+13 2.067942e+13 1.088150e+11 5.243570e+11 1.408813e+12
7.953316e-04 5.811015e+13 2.495027e+13 2.432517e+11 1.286486e+12 1.510363e+11
9.814571e-04 5.315831e+13 2.798720e+13 5.930314e+11 2.211451e+12 -6.090874e+11
1.156539e-03 4.812125e+13 2.958307e+13 1.037918e+12 3.685748e+12 -1.635866e+12
1.336205e-03 4.272009e+13 3.006048e+13 1.936626e+12 5.137131e+12 -1.653138e+12
1.522449e-03 3.721984e+13 2.922099e+13 2.915787e+12 7.286164e+12 -3.550319e+12
1.702691e-03 3.200154e+13 2.765195e+13 4.364503e+12 9.263329e+12 -3.671250e+12
1.882192e-03 2.731929e+13 2.512172e+13 5.760330e+12 1.143971e+13 -6.185525e+12
2.058659e-03 2.299973e+13 2.242732e+13 7.417847e+12 1.370940e+13 -6.609813e+12
2.236532e-03 1.922319e+13 1.933062e+13 9.120391e+12 1.541396e+13 -8.238496e+12
2.420114e-03 1.605042e+13 1.610067e+13 1.056693e+13 1.771553e+13 -1.028137e+13
2.599101e-03 1.333576e+13 1.319515e+13 1.201251e+13 1.912882e+13 -1.132890e+13
2.777369e-03 1.110673e+13 1.056932e+13 1.321793e+13 2.013711e+13 -1.204883e+13
2.956466e-03 9.318934e+12 8.351289e+12 1.398776e+13 2.097443e+13 -1.271574e+13
3.137227e-03 7.965474e+12 6.458732e+12 1.451354e+13 2.121334e+13 -1.305921e+13
3.318471e-03 6.784152e+12 5.028682e+12 1.460600e+13 2.104285e+13 -1.282738e+13
3.497455e-03 5.867361e+12 3.895260e+12 1.444700e+13 2.040092e+13 -1.211477e+13
3.677740e-03 5.131838e+12 3.111938e+12 1.391444e+13 1.945802e+13 -1.123690e+13
3.857458e-03 4.555198e+12 2.596445e+12 1.312581e+13 1.833775e+13 -1.024560e+13
4.036058e-03 4.015181e+12 2.150608e+12 1.229103e+13 1.687657e+13 -8.694519e+12
4.215732e-03 3.532064e+12 1.863297e+12 1.122528e+13 1.526777e+13 -7.228984e+12
4.393900e-03 3.153623e+12 1.631575e+12 1.024266e+13 1.378280e+13 -5.724899e+12
4.573307e-03 2.770336e+12 1.439647e+12 9.160858e+12 1.218868e+13 -4.322920e+12
4.754683e-03 2.437854e+12 1.231542e+12 8.181400e+12 1.064684e+13 -2.912143e+12
4.935208e-03 2.166848e+12 1.044842e+12 7.362113e+12 9.283101e+12 -1.646113e+12
5.114267e-03 1.903079e+12 8.716377e+11 6.531963e+12 8.032588e+12 -7.039560e+11
5.292984e-03 1.705137e+12 7.194448e+11 5.879002e+12 6.986381e+12 1.068488e+11
5.471846e-03 1.513046e+12 5.760508e+11 5.240361e+12 6.014489e+12 7.230721e+11
5.651916e-03 1.368437e+12 4.733778e+11 4.753941e+12 5.230206e+12 1.180770e+12
5.831477e-03 1.221656e+12 3.790527e+11 4.249152e+12 4.512672e+12 1.451580e+12
6.011451e-03 1.106515e+12 3.205749e+11 3.832461e+12 3.913254e+12 1.649612e+12
6.191171e-03 9.994109e+11 2.928754e+11 3.433559e+12 3.421299e+12 1.703121e+12
6.370885e-03 9.006831e+11 2.664748e+11 3.076470e+12 2.968029e+12 1.734202e+12
6.550978e-03 8.067091e+11 2.542306e+11 2.729327e+12 2.579712e+12 1.693479e+12
6.729662e-03 7.190225e+11 2.467579e+11 2.411089e+12 2.225716e+12 1.644921e+12
6.908722e-03 6.367204e+11 2.387394e+11 2.117300e+12 1.928383e+12 1.562470e+12
7.088232e-03 5.582708e+11 2.233576e+11 1.847346e+12 1.653744e+12 1.476666e+12
7.267194e-03 4.898935e+11 2.062425e+11 1.609972e+12 1.412725e+12 1.404606e+12
7.447006e-03 4.212075e+11 1.813268e+11 1.387265e+12 1.197540e+12 1.301456e+12
7.626893e-03 3.682909e+11 1.552359e+11 1.212770e+12 1.024322e+12 1.218946e+12
7.807282e-03 3.144863e+11 1.281585e+11 1.030620e+12 8.570628e+11 1.110052e+12
7.987750e-03 2.725375e+11 1.017622e+11 8.941676e+11 7.327309e+11 1.010059e+12
8.167388e-03 2.385652e+11 7.838308e+10 7.803801e+11 6.270039e+11 9.122753e+11
8.345882e-03 2.048812e+11 5.851592e+10 6.614990e+11 5.289806e+11 8.031940e+11
8.524356e-03 1.809450e+11 4.442319e+10 5.739668e+11 4.584711e+11 7.003814e+11
8.703951e-03 1.578344e+11 3.266413e+10 4.867788e+11 3.892396e+11 6.037158e+11
8.883655e-03 1.400828e+11 2.674137e+10 4.166763e+11 3.368220e+11 5.130738e+11
9.063959e-03 1.226586e+11 2.196303e+10 3.443760e+11 2.838735e+11 4.274438e+11
9.243959e-03 1.073838e+11 1.905612e+10 2.819255e+11 2.368674e+11 3.516455e+11
9.423354e-03 9.492889e+10 1.874761e+10 2.306012e+11 1.986978e+11 2.903715e+11
9.603476e-03 8.256328e+10 1.739029e+10 1.819584e+11 1.605514e+11 2.342212e+11
9.782217e-03 7.176021e+10 1.719807e+10 1.401241e+11 1.288235e+11 1.874495e+11
9.961474e-03 6.241187e+10 1.637916e+10 1.042738e+11 9.933767e+10 1.505252e+11
1.014145e-02 5.394401e+10 1.556881e+10 7.524162e+10 7.496462e+10 1.198999e+11
1.032017e-02 4.633725e+10 1.457173e+10 5.027811e+10 5.469333e+10 9.455063e+10
1.049983e-02 3.982208e+10 1.311871e+10 3.146827e+10 3.781838e+10 7.412412e+10
1.067933e-02 3.428250e+10 1.204996e+10 1.560398e+10 2.507917e+10 5.721272e+10
1.085922e-02 2.951803e+10 1.087666e+10 4.238713e+09 1.550776e+10 4.402828e+10
1.103911e-02 2.549646e+10 9.659129e+09 -5.149428e+09 8.070301e+09 3.283684e+10
1.121859e-02 2.201262e+10 8.428111e+09 -1.112063e+10 3.563577e+09 2.382974e+10
1.139867e-02 1.937377e+10 7.426856e+09 -1.542496e+10 4.484929e+08 1.729832e+10
1.157742e-02 1.723683e+10 6.454255e+09 -1.788367e+10 -1.232936e+09 1.263355e+10
1.175702e-02 1.551173e+10 5.516615e+09 -1.886221e+10 -1.942256e+09 9.281655e+09
1.193688e-02 1.426090e+10 4.653969e+09 -1.868618e+10 -1.925174e+09 7.433514e+09
1.211563e-02 1.332410e+10 3.899801e+09 -1.737952e+10 -1.384003e+09 6.961973e+09
1.229554e-02 1.285093e+10 3.306756e+09 -1.560341e+10 -7.931429e+08 8.158837e+09
1.247535e-02 1.247239e+10 2.853755e+09 -1.286225e+10 3.412062e+08 9.844627e+09
1.265439e-02 1.241017e+10 2.448639e+09 -9.782993e+09 1.379979e+09 1.258701e+10
1.283343e-02 1.234483e+10 2.299276e+09 -6.251004e+09 2.689943e+09 1.591521e+10
1.301293e-02 1.256628e+10 2.204785e+09 -2.768186e+09 3.686428e+09 2.017571e+10
1.319355e-02 1.271553e+10 2.240106e+09 1.048490e+09 4.920881e+09 2.454136e+10
1.337382e-02 1.287852e+10 2.329965e+09 4.749920e+09 5.998212e+09 2.926204e+10
1.355335e-02 1.313403e+10 2.414884e+09 8.436221e+09 7.000810e+09 3.427346e+10
1.373274e-02 1.326688e+10 2.616765e+09 1.184642e+10 8.092544e+09 3.893794e+10
1.391170e-02 1.344078e+10 2.742006e+09 1.521159e+10 8.910564e+09 4.368893e+10
1.409058e-02 1.349961e+10 2.815872e+09 1.843452e+10 9.871854e+09 4.823961e+10
1.427002e-02 1.354157e+10 2.869666e+09 2.119887e+10 1.058581e+10 5.237955e+10
1.444910e-02 1.359207e+10 2.906266e+09 2.372799e+10 1.134286e+10 5.617248e+10
1.462844e-02 1.349441e+10 2.851649e+09 2.588484e+10 1.184770e+10 5.934601e+10
1.480897e-02 1.349679e+10 2.761782e+09 2.808757e+10 1.243727e+10 6.248659e+10
1.498891e-02 1.337250e+10 2.620503e+09 2.969537e+10 1.277463e+10 6.483224e+10
1.516797e-02 1.326985e+10 2.488406e+09 3.117845e+10 1.321009e+10 6.672927e+10
1.534742e-02 1.306213e+10 2.331434e+09 3.217880e+10 1.336372e+10 6.787448e+10
1.552755e-02 1.291457e+10 2.234214e+09 3.299530e+10 1.359190e+10 6.882521e+10
1.570712e-02 1.270611e+10 2.075232e+09 3.354549e+10 1.360058e+10 6.911996e+10
1.588558e-02 1.244768e+10 1.974958e+09 3.363274e+10 1.347036e+10 6.892829e+10
1.606539e-02 1.217348e+10 1.892462e+09 3.367899e+10 1.345354e+10 6.846801e+10
1.624590e-02 1.186868e+10 1.849604e+09 3.339026e+10 1.320386e+10 6.756452e+10
1.642530e-02 1.149806e+10 1.795239e+09 3.267731e+10 1.284326e+10 6.612780e+10
1.660477e-02 1.111052e+10 1.768268e+09 3.173769e+10 1.240627e+10 6.441281e+10
1.678430e-02 1.070264e+10 1.706412e+09 3.086308e+10 1.194671e+10 6.270735e+10
1.696359e-02 1.023816e+10 1.648374e+09 2.959931e+10 1.140933e+10 6.043412e+10
1.714294e-02 9.777334e+09 1.584432e+09 2.820920e+10 1.077512e+10 5.812044e+10
1.732202e-02 9.281458e+09 1.488775e+09 2.674813e+10 1.014742e+10 5.555988e+10
1.750141e-02 8.810262e+09 1.375103e+09 2.525863e+10 9.502422e+09 5.298207e+10
1.768181e-02 8.316888e+09 1.258214e+09 2.362699e+10 8.812601e+09 5.019806e+10
1.786131e-02 7.814854e+09 1.144791e+09 2.189602e+10 8.156943e+09 4.717397e+10
1.804025e-02 7.360214e+09 1.024847e+09 2.032756e+10 7.551469e+09 4.435981e+10
1.822032e-02 6.878936e+09 9.225811e+08 1.868261e+10 6.963269e+09 4.133335e+10
1.839987e-02 6.427597e+09 8.326101e+08 1.697264e+10 6.365351e+09 3.828144e+10
1.857923e-02 5.995894e+09 7.515524e+08 1.533230e+10 5.813145e+09 3.531302e+10
1.875889e-02 5.557674e+09 6.921349e+08 1.372257e+10 5.294396e+09 3.229191e+10
1.893827e-02 5.159131e+09 6.484033e+08 1.210844e+10 4.792069e+09 2.942676e+10
1.911768e-02 4.754567e+09 5.943800e+08 1.055395e+10 4.264030e+09 2.656211e+10
1.929737e-02 4.377512e+09 5.501825e+08 9.061779e+09 3.776799e+09 2.386844e+10
1.947670e-02 4.024096e+09 5.221259e+08 7.642698e+09 3.324727e+09 2.133138e+10
1.965601e-02 3.679185e+09 4.730248e+08 6.341529e+09 2.842529e+09 1.894735e+10
1.983541e-02 3.363149e+09 4.394489e+08 5.064632e+09 2.425346e+09 1.669491e+10
2.001489e-02 3.071790e+09 3.951221e+08 3.937865e+09 1.979783e+09 1.464816e+10
2.019468e-02 2.797957e+09 3.651822e+08 2.910873e+09 1.653297e+09 1.276615e+10
2.037444e-02 2.555952e+09 3.300488e+08 1.990252e+09 1.309846e+09 1.109104e+10
2.055417e-02 2.330819e+09 3.006396e+08 1.182364e+09 1.016086e+09 9.565950e+09
2.073390e-02 2.130431e+09 2.800492e+08 4.475732e+08 7.857751e+08 8.205925e+09
2.091338e-02 1.949288e+09 2.544647e+08 -1.347932e+08 5.717625e+08 7.026384e+09
2.109302e-02 1.794860e+09 2.377619e+08 -6.615310e+08 4.065792e+08 6.003567e+09
2.127237e-02 1.651232e+09 2.229712e+08 -1.070658e+09 2.746068e+08 5.120641e+09
2.145116e-02 1.540160e+09 2.062274e+08 -1.412388e+09 1.726155e+08 4.411774e+09
2.163077e-02 1.440270e+09 1.920160e+08 -1.647142e+09 9.984478e+07 3.838479e+09
2.181049e-02 1.361606e+09 1.775598e+08 -1.815675e+09 4.425255e+07 3.393881e+09
2.198999e-02 1.302935e+09 1.634411e+08 -1.916700e+09 7.450091e+06 3.095227e+09
2.216980e-02 1.257720e+09 1.490780e+08 -1.928221e+09 -9.846211e+06 2.907667e+09
2.234970e-02 1.229873e+09 1.399072e+08 -1.892110e+09 -6.567866e+06 2.831169e+09
2.252980e-02 1.211751e+09 1.292951e+08 -1.785218e+09 5.328159e+06 2.854060e+09
2.270853e-02 1.213228e+09 1.227520e+08 -1.640048e+09 2.535470e+07 2.984699e+09
2.288717e-02 1.213786e+09 1.206676e+08 -1.438400e+09 6.561943e+07 3.168308e+09
2.306686e-02 1.232969e+09 1.180654e+08 -1.211314e+09 1.043477e+08 3.441716e+09
2.324649e-02 1.253419e+09 1.201206e+08 -9.507888e+08 1.546882e+08 3.763326e+09
2.342617e-02 1.285403e+09 1.206894e+08 -6.720884e+08 2.013805e+08 4.147343e+09
2.360560e-02 1.313994e+09 1.251338e+08 -3.600494e+08 2.615259e+08 4.550736e+09
2.378549e-02 1.350379e+09 1.298031e+08 -5.807382e+07 3.174690e+08 4.987771e+09
2.396571e-02 1.386441e+09 1.338028e+08 2.715031e+08 3.730574e+08 5.445348e+09
2.414482e-02 1.424697e+09 1.383170e+08 5.845637e+08 4.293732e+08 5.908960e+09
2.432376e-02 1.457612e+09 1.448721e+08 9.182157e+08 4.886197e+08 6.358568e+09
2.450343e-02 1.491431e+09 1.468635e+08 1.219064e+09 5.380720e+08 6.804102e+09
2.468304e-02 1.525649e+09 1.529232e+08 1.519063e+09 5.948067e+08 7.238044e+09
2.486245e-02 1.553498e+09 1.567705e+08 1.807134e+09 6.450718e+08 7.642942e+09
2.504187e-02 1.580410e+09 1.614305e+08 2.070900e+09 6.916993e+08 8.028491e+09
2.522156e-02 1.597619e+09 1.636545e+08 2.319512e+09 7.394374e+08 8.351391e+09
2.540110e-02 1.617647e+09 1.660826e+08 2.523779e+09 7.709179e+08 8.663791e+09
2.558029e-02 1.628207e+09 1.686251e+08 2.723340e+09 8.162733e+08 8.917835e+09
2.575992e-02 1.633038e+09 1.672261e+08 2.891607e+09 8.436601e+08 9.126451e+09
2.593954e-02 1.635523e+09 1.651287e+08 3.013485e+09 8.553123e+08 9.294515e+09
2.611933e-02 1.631528e+09 1.636270e+08 3.123460e+09 8.848930e+08 9.406221e+09
2.629913e-02 1.623085e+09 1.601805e+08 3.199905e+09 8.910238e+08 9.477744e+09
2.647853e-02 1.609434e+09 1.547922e+08 3.244492e+09 8.950100e+08 9.493069e+09
2.665812e-02 1.589598e+09 1.491529e+08 3.259021e+09 8.938538e+08 9.455496e+09
2.683805e-02 1.568845e+09 1.437274e+08 3.252230e+09 8.884683e+08 9.389491e+09
2.701719e-02 1.540126e+09 1.350423e+08 3.211860e+09 8.680044e+08 9.258882e+09
2.719620e-02 1.510788e+09 1.315209e+08 3.161070e+09 8.511413e+08 9.109268e+09
2.737553e-02 1.475452e+09 1.223521e+08 3.071100e+09 8.255500e+08 8.901117e+09
2.755538e-02 1.436448e+09 1.184664e+08 2.968308e+09 7.965123e+08 8.659501e+09
2.773538e-02 1.395596e+09 1.134301e+08 2.842058e+09 7.646207e+08 8.391082e+09
2.791455e-02 1.352283e+09 1.097073e+08 2.700500e+09 7.295908e+08 8.093955e+09
2.809381e-02 1.305508e+09 1.064042e+08 2.549034e+09 6.917144e+08 7.775391e+09
2.827308e-02 1.256981e+09 1.049881e+08 2.363013e+09 6.521746e+08 7.420567e+09
2.845277e-02 1.203728e+09 1.007266e+08 2.190030e+09 6.071095e+08 7.053836e+09
2.863250e-02 1.152083e+09 9.855528e+07 1.999425e+09 5.651489e+08 6.680513e+09
2.881166e-02 1.097689e+09 9.499404e+07 1.800082e+09 5.176401e+08 6.288680e+09
2.899137e-02 1.044181e+09 9.039816e+07 1.593985e+09 4.693405e+08 5.895918e+09
2.917126e-02 9.900906e+08 8.673510e+07 1.392341e+09 4.237599e+08 5.501146e+09
2.935071e-02 9.376629e+08 8.176085e+07 1.190658e+09 3.750512e+08 5.111873e+09
2.953030e-02 8.845046e+08 7.577942e+07 9.971625e+08 3.295258e+08 4.724520e+09
2.970997e-02 8.340093e+08 7.086618e+07 8.041882e+08 2.844772e+08 4.345993e+09
2.988940e-02 7.849409e+08 6.546211e+07 6.179948e+08 2.410704e+08 3.978507e+09
3.006874e-02 7.373462e+08 6.156163e+07 4.443577e+08 2.011863e+08 3.623662e+09
3.024815e-02 6.933046e+08 5.802527e+07 2.834478e+08 1.662963e+08 3.291951e+09
3.042767e-02 6.509353e+08 5.352756e+07 1.261262e+08 1.288408e+08 2.973835e+09
3.060744e-02 6.120612e+08 5.396541e+07 -2.065085e+07 1.000468e+08 2.675458e+09
3.078708e-02 5.737061e+08 5.104263e+07 -1.451701e+08 7.116610e+07 2.399713e+09
3.096646e-02 5.405479e+08 5.034374e+07 -2.638671e+08 4.627280e+07 2.150926e+09
3.114600e-02 5.091369e+08 4.938232e+07 -3.677126e+08 2.275198e+07 1.924109e+09
3.132546e-02 4.804807e+08 4.793317e+07 -4.577095e+08 1.314451e+06 1.724254e+09
3.150520e-02 4.543845e+08 4.680131e+07 -5.296215e+08 -1.640853e+07 1.547331e+09
3.168484e-02 4.313282e+08 4.542029e+07 -5.871601e+08 -3.094713e+07 1.397499e+09
3.186375e-02 4.122246e+08 4.396900e+07 -6.322651e+08 -4.444052e+07 1.276323e+09
3.204302e-02 3.958420e+08 4.205769e+07 -6.617841e+08 -5.491916e+07 1.181830e+09
3.222277e-02 3.827267e+08 4.086213e+07 -6.771964e+08 -6.082643e+07 1.109194e+09
3.240259e-02 3.718918e+08 3.951320e+07 -6.780243e+08 -6.532767e+07 1.060938e+09
3.258186e-02 3.639832e+08 3.843430e+07 -6.664093e+08 -6.577541e+07 1.035267e+09
3.276123e-02 3.591049e+08 3.749016e+07 -6.449303e+08 -6.535691e+07 1.032555e+09
3.294133e-02 3.563366e+08 3.713601e+07 -6.109063e+08 -6.080946e+07 1.047531e+09
3.312088e-02 3.550327e+08 3.658706e+07 -5.661030e+08 -5.473660e+07 1.078685e+09
3.330035e-02 3.569698e+08 3.629602e+07 -5.156323e+08 -4.741494e+07 1.130046e+09
3.347992e-02 3.593748e+08 3.615131e+07 -4.551463e+08 -3.827638e+07 1.191313e+09
3.365971e-02 3.640493e+08 3.622364e+07 -3.890933e+08 -2.778053e+07 1.268172e+09
3.383927e-02 3.702232e+08 3.611413e+07 -3.193377e+08 -1.724427e+07 1.355031e+09
3.401835e-02 3.760508e+08 3.594097e+07 -2.412002e+08 -4.924094e+06 1.447467e+09
3.419757e-02 3.839882e+08 3.600503e+07 -1.648386e+08 6.430880e+06 1.550144e+09
3.437723e-02 3.920822e+08 3.659126e+07 -8.328781e+07 2.068124e+07 1.654709e+09
3.455683e-02 4.015516e+08 3.610706e+07 -4.483826e+06 3.109443e+07 1.767453e+09
3.473619e-02 4.095756e+08 3.670499e+07 7.689952e+07 4.491674e+07 1.873466e+09
3.491584e-02 4.188020e+08 3.647990e+07 1.566288e+08 5.783996e+07 1.985395e+09
3.509556e-02 4.272415e+08 3.648838e+07 2.329742e+08 6.898770e+07 2.091039e+09
3.527533e-02 4.350355e+08 3.667362e+07 3.080806e+08 8.142450e+07 2.192439e+09
3.545456e-02 4.431465e+08 3.638436e+07 3.746516e+08 9.166406e+07 2.290218e+09
3.563370e-02 4.493061e+08 3.596049e+07 4.434172e+08 1.027992e+08 2.377270e+09
3.581332e-02 4.554644e+08 3.568918e+07 5.002269e+08 1.117009e+08 2.457699e+09
3.599287e-02 4.604763e+08 3.514710e+07 5.549534e+08 1.200306e+08 2.529305e+09
3.617240e-02 4.645497e+08 3.452924e+07 6.039604e+08 1.282047e+08 2.591645e+09
3.635196e-02 4.671410e+08 3.388551e+07 6.459994e+08 1.343743e+08 2.641184e+09
3.653161e-02 4.687825e+08 3.339060e+07 6.785530e+08 1.386182e+08 2.678446e+09
3.671117e-02 4.695386e+08 3.294406e+07 7.037387e+08 1.428419e+08 2.705463e+09
3.689084e-02 4.686853e+08 3.248972e+07 7.265890e+08 1.457562e+08 2.721929e+09
3.707056e-02 4.660765e+08 3.216050e+07 7.386784e+08 1.473163e+08 2.722113e+09
3.724984e-02 4.627950e+08 3.167935e+07 7.451202e+08 1.473548e+08 2.714384e+09
3.742914e-02 4.576421e+08 3.170370e+07 7.401176e+08 1.464993e+08 2.688920e+09
3.760871e-02 4.518464e+08 3.121260e+07 7.363566e+08 1.439210e+08 2.661330e+09
3.778826e-02 4.438524e+08 3.152826e+07 7.198495e+08 1.413613e+08 2.613626e+09
3.796764e-02 4.356109e+08 3.104129e+07 6.973858e+08 1.357540e+08 2.560703e+09
3.814709e-02 4.258872e+08 3.117618e+07 6.705228e+08 1.313827e+08 2.496499e+09
3.832696e-02 4.147571e+08 3.036881e+07 6.410612e+08 1.243869e+08 2.424874e+09
3.850665e-02 4.029980e+08 3.020696e+07 6.045279e+08 1.173508e+08 2.344440e+09
3.868582e-02 3.900459e+08 2.953900e+07 5.629748e+08 1.094924e+08 2.254349e+09
3.886530e-02 3.769382e+08 2.910076e+07 5.187175e+08 1.014885e+08 2.161391e+09
3.904481e-02 3.630129e+08 2.820745e+07 4.722500e+08 9.321883e+07 2.062663e+09
3.922441e-02 3.487355e+08 2.735337e+07 4.238699e+08 8.397968e+07 1.960442e+09
3.940396e-02 3.341010e+08 2.623290e+07 3.721235e+08 7.486330e+07 1.853866e+09
3.958316e-02 3.194125e+08 2.550859e+07 3.212755e+08 6.694303e+07 1.746299e+09
3.976287e-02 3.049566e+08 2.440313e+07 2.691539e+08 5.765736e+07 1.639095e+09
3.994250e-02 2.899372e+08 2.345637e+07 2.154264e+08 4.963458e+07 1.527185e+09
4.012200e-02 2.756856e+08 2.242498e+07 1.646285e+08 4.115920e+07 1.421247e+09
4.030171e-02 2.615216e+08 2.139662e+07 1.142870e+08 3.354294e+07 1.314583e+09
4.048123e-02 2.476777e+08 2.055791e+07 6.467438e+07 2.601150e+07 1.210266e+09
4.066058e-02 2.350024e+08 1.945706e+07 1.743271e+07 1.843519e+07 1.112957e+09
4.084001e-02 2.219406e+08 1.850518e+07 -2.572129e+07 1.163920e+07 1.016336e+09
4.101966e-02 2.103803e+08 1.765278e+07 -6.802888e+07 4.975191e+06 9.272543e+08
4.119937e-02 1.993405e+08 1.667665e+07 -1.061917e+08 -8.792578e+05 8.439019e+08
4.137874e-02 1.890523e+08 1.588444e+07 -1.408005e+08 -6.946926e+06 7.660984e+08
4.155813e-02 1.796032e+08 1.514461e+07 -1.706883e+08 -1.195896e+07 6.960753e+08
4.173777e-02 1.710184e+08 1.457503e+07 -1.969015e+08 -1.648557e+07 6.328799e+08
4.191752e-02 1.636845e+08 1.395208e+07 -2.196813e+08 -2.035968e+07 5.783468e+08
4.209699e-02 1.569970e+08 1.368792e+07 -2.374269e+08 -2.341381e+07 5.309233e+08
4.227635e-02 1.509773e+08 1.351444e+07 -2.502898e+08 -2.611817e+07 4.905671e+08
4.245594e-02 1.460429e+08 1.341593e+07 -2.592812e+08 -2.779221e+07 4.589848e+08
4.263530e-02 1.422749e+08 1.328835e+07 -2.648152e+08 -2.873923e+07 4.357228e+08
4.281442e-02 1.390836e+08 1.328571e+07 -2.655554e+08 -2.931272e+07 4.193791e+08
4.299392e-02 1.363893e+08 1.329619e+07 -2.617267e+08 -2.898055e+07 4.096892e+08
4.317364e-02 1.348910e+08 1.324680e+07 -2.548061e+08 -2.844988e+07 4.079737e+08
4.335324e-02 1.343260e+08 1.322952e+07 -2.449285e+08 -2.703972e+07 4.135484e+08
4.353285e-02 1.342902e+08 1.304284e+07 -2.310478e+08 -2.545700e+07 4.247823e+08
4.371256e-02 1.346897e+08 1.278498e+07 -2.134592e+08 -2.344402e+07 4.414285e+08
4.389237e-02 1.357971e+08 1.259835e+07 -1.931215e+08 -2.058872e+07 4.632443e+08
4.407181e-02 1.377901e+08 1.240024e+07 -1.711193e+08 -1.791511e+07 4.906991e+08
4.425100e-02 1.401704e+08 1.229475e+07 -1.470234e+08 -1.419241e+07 5.217933e+08
4.443069e-02 1.426911e+08 1.197446e+07 -1.199929e+08 -1.106043e+07 5.557185e+08
4.461032e-02 1.458466e+08 1.192135e+07 -9.251014e+07 -6.928325e+06 5.930900e+08
4.478953e-02 1.490709e+08 1.185118e+07 -6.334560e+07 -2.972647e+06 6.321498e+08
4.496901e-02 1.529030e+08 1.187447e+07 -3.500188e+07 9.450799e+05 6.736636e+08
4.514874e-02 1.562279e+08 1.180817e+07 -4.946948e+06 5.360416e+06 7.141608e+08
4.532821e-02 1.603272e+08 1.168228e+07 2.412195e+07 8.911710e+06 7.575015e+08
4.550745e-02 1.637889e+08 1.173847e+07 5.321940e+07 1.315198e+07 7.981633e+08
4.568707e-02 1.675158e+08 1.174938e+07 8.079622e+07 1.669695e+07 8.388688e+08
4.586694e-02 1.709837e+08 1.167725e+07 1.078591e+08 2.014353e+07 8.777918e+08
4.604629e-02 1.740590e+08 1.150632e+07 1.337697e+08 2.347097e+07 9.139050e+08
4.622568e-02 1.772776e+08 1.164012e+07 1.579997e+08 2.669776e+07 9.494179e+08
4.640539e-02 1.798067e+08 1.140124e+07 1.801261e+08 2.903143e+07 9.801581e+08
4.658483e-02 1.821797e+08 1.143688e+07 2.000958e+08 3.140053e+07 1.008110e+09
4.676428e-02 1.842443e+08 1.151731e+07 2.183484e+08 3.382538e+07 1.033188e+09
4.694377e-02 1.854737e+08 1.144304e+07 2.339136e+08 3.543434e+07 1.052187e+09
4.712315e-02 1.865189e+08 1.153919e+07 2.473872e+08 3.704589e+07 1.069076e+09
4.730271e-02 1.871171e+08 1.138923e+07 2.579192e+08 3.774343e+07 1.081055e+09
4.748233e-02 1.869248e+08 1.157709e+07 2.657989e+08 3.885625e+07 1.087289e+09
4.766205e-02 1.865614e+08 1.149438e+07 2.713859e+08 3.914040e+07 1.091441e+09
4.784146e-02 1.854674e+08 1.154067e+07 2.734111e+08 3.926987e+07 1.088782e+09
4.802067e-02 1.839875e+08 1.157842e+07 2.736036e+08 3.900862e+07 1.083229e+09
4.820042e-02 1.818940e+08 1.131676e+07 2.710353e+08 3.823869e+07 1.071929e+09
4.838029e-02 1.792828e+08 1.121570e+07 2.664106e+08 3.753425e+07 1.057397e+09
4.855956e-02 1.764294e+08 1.113163e+07 2.590223e+08 3.656983e+07 1.038612e+09
4.873901e-02 1.728765e+08 1.091866e+07 2.495132e+08 3.495914e+07 1.015267e+09
4.891873e-02 1.691553e+08 1.072417e+07 2.379361e+08 3.343935e+07 9.890397e+08
4.909828e-02 1.649835e+08 1.052081e+07 2.247527e+08 3.182042e+07 9.593145e+08
4.927778e-02 1.605834e+08 1.022532e+07 2.096501e+08 2.974227e+07 9.270941e+08
4.945710e-02 1.558551e+08 1.003507e+07 1.931834e+08 2.761791e+07 8.914701e+08
4.963681e-02 1.508225e+08 9.641274e+06 1.758524e+08 2.523376e+07 8.542231e+08
4.981627e-02 1.457988e+08 9.482603e+06 1.563136e+08 2.294271e+07 8.148692e+08
4.999549e-02 1.403738e+08 9.107036e+06 1.376673e+08 2.042786e+07 7.741711e+08
5.017513e-02 1.351149e+08 8.957205e+06 1.172105e+08 1.801796e+07 7.327780e+08
5.035469e-02 1.296164e+08 8.604208e+06 9.678478e+07 1.528203e+07 6.901812e+08
5.053422e-02 1.241938e+08 8.371018e+06 7.630115e+07 1.286380e+07 6.478075e+08
5.071373e-02 1.188744e+08 8.048510e+06 5.575465e+07 1.013278e+07 6.059867e+08
5.089331e-02 1.135784e+08 7.859867e+06 3.588726e+07 7.697692e+06 5.644277e+08
5.107290e-02 1.084161e+08 7.552657e+06 1.602026e+07 5.052706e+06 5.239397e+08
5.125246e-02 1.033769e+08 7.313680e+06 -2.639545e+06 2.849068e+06 4.846473e+08
5.143191e-02 9.863245e+07 7.148143e+06 -2.043409e+07 5.804981e+05 4.474015e+08
5.161130e-02 9.394903e+07 6.857081e+06 -3.693229e+07 -1.463105e+06 4.116139e+08
5.179073e-02 8.972210e+07 6.710074e+06 -5.268842e+07 -3.469850e+06 3.785145e+08
5.197023e-02 8.584227e+07 6.586737e+06 -6.722417e+07 -5.096772e+06 3.481951e+08
5.214995e-02 8.206903e+07 6.350058e+06 -7.984002e+07 -6.824983e+06 3.195959e+08
5.232948e-02 7.865902e+07 6.247256e+06 -9.086276e+07 -8.134327e+06 2.943622e+08
5.250892e-02 7.564281e+07 6.109196e+06 -1.004348e+08 -9.178824e+06 2.719877e+08
5.268863e-02 7.298786e+07 6.018094e+06 -1.085107e+08 -1.020061e+07 2.527347e+08
5.286820e-02 7.064064e+07 5.870311e+06 -1.144918e+08 -1.100655e+07 2.365471e+08
5.304764e-02 6.863134e+07 5.720118e+06 -1.187827e+08 -1.147308e+07 2.233864e+08
5.322715e-02 6.713128e+07 5.657732e+06 -1.216787e+08 -1.183755e+07 2.138059e+08
5.340663e-02 6.590417e+07 5.491770e+06 -1.226654e+08 -1.197420e+07 2.070209e+08
5.358625e-02 6.490087e+07 5.343092e+06 -1.216351e+08 -1.193570e+07 2.029740e+08
5.376579e-02 6.445355e+07 5.234854e+06 -1.195077e+08 -1.165765e+07 2.024251e+08
5.394514e-02 6.423487e+07 5.115900e+06 -1.156268e+08 -1.121992e+07 2.042597e+08
5.412441e-02 6.444817e+07 5.028024e+06 -1.106677e+08 -1.072828e+07 2.092170e+08
5.430414e-02 6.475396e+07 4.908626e+06 -1.036994e+08 -9.907267e+06 2.158726e+08
5.448388e-02 6.547189e+07 4.837888e+06 -9.603881e+07 -9.091934e+06 2.252815e+08
5.466309e-02 6.632862e+07 4.796701e+06 -8.703416e+07 -8.064024e+06 2.362370e+08
5.484261e-02 6.753754e+07 4.791778e+06 -7.744516e+07 -7.024692e+06 2.495008e+08
5.502222e-02 6.881852e+07 4.741964e+06 -6.674973e+07 -5.991657e+06 2.639563e+08
5.520186e-02 7.022245e+07 4.817960e+06 -5.539350e+07 -4.682256e+06 2.794368e+08
5.538127e-02 7.187896e+07 4.794479e+06 -4.379264e+07 -3.697002e+06 2.966219e+08
5.556057e-02 7.344423e+07 4.834986e+06 -3.162955e+07 -2.496950e+06 3.136001e+08
5.574024e-02 7.516111e+07 4.938488e+06 -1.926165e+07 -1.270843e+06 3.317700e+08
5.591990e-02 7.686663e+07 4.941093e+06 -6.933738e+06 -2.341188e+05 3.497461e+08
5.609947e-02 7.857692e+07 5.098944e+06 5.516439e+06 9.927841e+05 3.680704e+08
5.627892e-02 8.016865e+07 5.161331e+06 1.741080e+07 2.021742e+06 3.854708e+08
5.645856e-02 8.171297e+07 5.206458e+06 2.922730e+07 3.031293e+06 4.025776e+08
5.663826e-02 8.320886e+07 5.383124e+06 4.030423e+07 4.147525e+06 4.191072e+08
5.681769e-02 8.455423e+07 5.403348e+06 5.101478e+07 5.041587e+06 4.343671e+08
5.699710e-02 8.565161e+07 5.543496e+06 6.082781e+07 6.043538e+06 4.482854e+08
5.717663e-02 8.670877e+07 5.547057e+06 7.006746e+07 6.808092e+06 4.612540e+08
5.735605e-02 8.750627e+07 5.625805e+06 7.797354e+07 7.653994e+06 4.721035e+08
5.753539e-02 8.804618e+07 5.623903e+06 8.522648e+07 8.338800e+06 4.813002e+08
5.771483e-02 8.860138e+07 5.651185e+06 9.121891e+07 9.019850e+06 4.893233e+08
5.789466e-02 8.871670e+07 5.577242e+06 9.629620e+07 9.506837e+06 4.948441e+08
5.807436e-02 8.873198e+07 5.601937e+06 1.000481e+08 1.006179e+07 4.984203e+08
5.825359e-02 8.855704e+07 5.435354e+06 1.026871e+08 1.021199e+07 5.004987e+08
5.843303e-02 8.804682e+07 5.410971e+06 1.044566e+08 1.067983e+07 5.000842e+08
5.861274e-02 8.742432e+07 5.329375e+06 1.045253e+08 1.074805e+07 4.976020e+08
5.879233e-02 8.654521e+07 5.140014e+06 1.039485e+08 1.078620e+07 4.935667e+08
5.897187e-02 8.554754e+07 5.049690e+06 1.016501e+08 1.064440e+07 4.872828e+08
5.915148e-02 8.423778e+07 4.926280e+06 9.917202e+07 1.064791e+07 4.793779e+08
5.933120e-02 8.286800e+07 4.737480e+06 9.489343e+07 1.015563e+07 4.696660e+08
5.951050e-02 8.124128e+07 4.637457e+06 9.002587e+07 9.926019e+06 4.581165e+08
5.968960e-02 7.957027e+07 4.464997e+06 8.411554e+07 9.365856e+06 4.455932e+08
5.986932e-02 7.758192e+07 4.312260e+06 7.769568e+07 8.802735e+06 4.308734e+08
6.004880e-02 7.571990e+07 4.187749e+06 7.019970e+07 8.092658e+06 4.159759e+08
6.022820e-02 7.355433e+07 4.002529e+06 6.234410e+07 7.274566e+06 3.991963e+08
6.040778e-02 7.137780e+07 3.936982e+06 5.406103e+07 6.590772e+06 3.819033e+08
6.058726e-02 6.923765e+07 3.771015e+06 4.517854e+07 5.560622e+06 3.644253e+08
6.076685e-02 6.687409e+07 3.692298e+06 3.610832e+07 4.699982e+06 3.456338e+08
6.094640e-02 6.457185e+07 3.641008e+06 2.668499e+07 3.837532e+06 3.267590e+08
6.112606e-02 6.228158e+07 3.485020e+06 1.743634e+07 2.704092e+06 3.082092e+08
6.130567e-02 5.997536e+07 3.460790e+06 8.119125e+06 1.842865e+06 2.894081e+08
6.148499e-02 5.766132e+07 3.398503e+06 -1.012641e+06 9.366666e+05 2.707789e+08
6.166458e-02 5.541518e+07 3.320863e+06 -9.955583e+06 -3.736692e+04 2.526831e+08
6.184419e-02 5.330590e+07 3.269088e+06 -1.874576e+07 -9.165669e+05 2.352824e+08
6.202378e-02 5.119823e+07 3.209632e+06 -2.686437e+07 -1.757989e+06 2.185284e+08
6.220328e-02 4.919187e+07 3.143096e+06 -3.461722e+07 -2.574854e+06 2.024130e+08
6.238252e-02 4.732072e+07 3.052111e+06 -4.165285e+07 -3.295271e+06 1.876000e+08
6.256203e-02 4.558640e+07 3.001417e+06 -4.826964e+07 -4.020966e+06 1.737479e+08
6.274173e-02 4.400193e+07 2.922326e+06 -5.396830e+07 -4.663007e+06 1.612179e+08
6.292133e-02 4.255733e+07 2.871489e+06 -5.917446e+07 -5.229476e+06 1.499279e+08
6.310073e-02 4.126135e+07 2.820068e+06 -6.327360e+07 -5.720725e+06 1.400076e+08
6.328018e-02 4.014540e+07 2.799448e+06 -6.676854e+07 -6.147206e+06 1.315621e+08
6.345987e-02 3.921870e+07 2.748290e+06 -6.940887e+07 -6.515136e+06 1.247432e+08
6.363932e-02 3.839390e+07 2.768469e+06 -7.106492e+07 -6.762004e+06 1.191701e+08
6.381883e-02 3.777417e+07 2.758503e+06 -7.201047e+07 -6.960661e+06 1.152381e+08
6.399840e-02 3.735351e+07 2.779755e+06 -7.209151e+07 -7.049160e+06 1.129408e+08
6.417787e-02 3.701024e+07 2.782758e+06 -7.134521e+07 -7.097848e+06 1.118379e+08
6.435740e-02 3.685405e+07 2.802276e+06 -6.969914e+07 -7.011620e+06 1.122918e+08
6.453672e-02 3.687660e+07 2.827873e+06 -6.750627e+07 -6.891514e+06 1.141507e+08
6.471627e-02 3.702609e+07 2.834218e+06 -6.444376e+07 -6.715567e+06 1.172661e+08
6.489573e-02 3.732069e+07 2.831611e+06 -6.083248e+07 -6.489722e+06 1.216196e+08
6.507532e-02 3.771854e+07 2.864373e+06 -5.650320e+07 -6.125906e+06 1.270497e+08
6.525498e-02 3.822672e+07 2.862010e+06 -5.158706e+07 -5.757310e+06 1.334663e+08
6.543438e-02 3.884396e+07 2.864705e+06 -4.628810e+07 -5.403784e+06 1.407304e+08
6.561406e-02 3.957214e+07 2.899392e+06 -4.051044e+07 -4.890396e+06 1.489500e+08
6.579354e-02 4.034538e+07 2.902501e+06 -3.438126e+07 -4.385666e+06 1.576940e+08
6.597293e-02 4.115548e+07 2.927915e+06 -2.805852e+07 -3.845906e+06 1.668480e+08
6.615268e-02 4.204979e+07 2.957408e+06 -2.140797e+07 -3.240104e+06 1.766019e+08
6.633236e-02 4.293282e+07 2.968472e+06 -1.480218e+07 -2.683517e+06 1.864191e+08
6.651186e-02 4.388805e+07 2.995746e+06 -8.170102e+06 -2.055321e+06 1.965507e+08
6.669114e-02 4.476667e+07 2.974416e+06 -1.444114e+06 -1.454043e+06 2.064388e+08
6.687057e-02 4.566280e+07 2.991354e+06 5.090550e+06 -8.099370e+05 2.162258e+08
6.705025e-02 4.654510e+07 2.976307e+06 1.133340e+07 -2.352474e+05 2.257090e+08
6.722990e-02 4.734856e+07 2.927334e+06 1.763815e+07 3.375319e+05 2.348746e+08
6.740941e-02 4.812345e+07 2.928722e+06 2.328842e+07 9.213651e+05 2.432863e+08
6.758867e-02 4.887557e+07 2.868222e+06 2.866941e+07 1.385949e+06 2.513800e+08
6.776822e-02 4.949447e+07 2.873282e+06 3.363905e+07 1.938409e+06 2.584558e+08
6.794788e-02 5.008020e+07 2.807801e+06 3.815145e+07 2.248005e+06 2.649233e+08
6.812729e-02 5.054787e+07 2.812176e+06 4.213713e+07 2.752445e+06 2.704774e+08
6.830688e-02 5.091534e+07 2.755680e+06 4.559690e+07 2.946058e+06 2.749986e+08
6.848624e-02 5.121033e+07 2.787698e+06 4.846834e+07 3.325347e+06 2.787347e+08
6.866563e-02 5.133149e+07 2.730091e+06 5.068530e+07 3.406392e+06 2.811281e+08
6.884532e-02 5.135739e+07 2.747962e+06 5.233705e+07 3.544773e+06 2.825444e+08
6.902501e-02 5.127053e+07 2.722720e+06 5.349526e+07 3.650601e+06 2.830969e+08
6.920471e-02 5.111144e+07 2.728751e+06 5.388989e+07 3.610161e+06 2.826440e+08
6.938409e-02 5.074002e+07 2.723744e+06 5.354585e+07 3.585164e+06 2.805916e+08
6.956343e-02 5.033417e+07 2.716028e+06 5.310740e+07 3.458611e+06 2.782937e+08
6.974295e-02 4.975639e+07 2.709214e+06 5.151444e+07 3.287211e+06 2.742727e+08
6.992262e-02 4.906541e+07 2.712225e+06 4.979531e+07 3.115590e+06 2.696074e+08
7.010211e-02 4.831888e+07 2.704964e+06 4.729445e+07 2.847744e+06 2.640305e+08
7.028154e-02 4.743954e+07 2.713066e+06 4.452259e+07 2.625468e+06 2.575785e+08
7.046115e-02 4.645172e+07 2.686894e+06 4.122445e+07 2.302818e+06 2.502669e+08
7.064068e-02 4.544065e+07 2.655871e+06 3.741580e+07 1.893731e+06 2.424302e+08
7.081999e-02 4.429311e+07 2.673836e+06 3.346201e+07 1.704544e+06 2.337389e+08
7.099948e-02 4.312198e+07 2.618360e+06 2.907848e+07 1.232416e+06 2.246725e+08
7.117917e-02 4.188127e+07 2.579846e+06 2.448073e+07 8.629501e+05 2.150548e+08
7.135856e-02 4.065708e+07 2.527784e+06 1.964994e+07 4.724883e+05 2.053328e+08
7.153818e-02 3.930562e+07 2.468360e+06 1.476819e+07 5.074123e+04 1.948820e+08
7.171778e-02 3.804558e+07 2.406044e+06 9.707012e+06 -3.452062e+05 1.847321e+08
7.189719e-02 3.674255e+07 2.350976e+06 4.658826e+06 -7.425794e+05 1.743261e+08
7.207684e-02 3.544370e+07 2.263027e+06 -2.611565e+05 -1.186209e+06 1.640135e+08
7.225635e-02 3.419900e+07 2.204862e+06 -5.292364e+06 -1.594013e+06 1.538440e+08
7.243580e-02 3.296073e+07 2.143661e+06 -1.000655e+07 -1.999452e+06 1.439154e+08
7.261540e-02 3.175522e+07 2.083975e+06 -1.462855e+07 -2.391066e+06 1.341873e+08
7.279498e-02 3.064067e+07 2.044890e+06 -1.901371e+07 -2.779372e+06 1.250713e+08
7.297435e-02 2.955169e+07 1.995145e+06 -2.315320e+07 -3.143077e+06 1.162783e+08
7.315367e-02 2.851263e+07 1.949747e+06 -2.687945e+07 -3.518104e+06 1.080289e+08
7.333339e-02 2.758603e+07 1.952385e+06 -3.043651e+07 -3.834240e+06 1.004741e+08
7.351304e-02 2.669535e+07 1.916786e+06 -3.346581e+07 -4.162598e+06 9.351302e+07
7.369245e-02 2.593264e+07 1.916655e+06 -3.624432e+07 -4.441424e+06 8.739678e+07
7.387205e-02 2.518490e+07 1.897840e+06 -3.844612e+07 -4.698022e+06 8.182227e+07
7.405161e-02 2.457044e+07 1.908493e+06 -4.033375e+07 -4.929052e+06 7.716912e+07
7.423102e-02 2.403214e+07 1.911702e+06 -4.175159e+07 -5.107205e+06 7.329362e+07
7.441034e-02 2.356281e+07 1.917640e+06 -4.264403e+07 -5.249722e+06 7.016369e+07
7.458994e-02 2.318900e+07 1.925771e+06 -4.315535e+07 -5.353639e+06 6.785111e+07
7.476952e-02 2.291200e+07 1.940821e+06 -4.322853e+07 -5.417770e+06 6.641553e+07
7.494880e-02 2.272611e+07 1.949984e+06 -4.289106e+07 -5.433037e+06 6.574636e+07
7.512837e-02 2.257632e+07 1.963209e+06 -4.201466e+07 -5.395049e+06 6.570196e+07
7.530798e-02 2.254537e+07 1.959293e+06 -4.085431e+07 -5.334984e+06 6.647771e+07
7.548748e-02 2.257886e+07 1.968809e+06 -3.930386e+07 -5.239872e+06 6.794478e+07
7.566700e-02 2.269035e+07 1.974468e+06 -3.738403e+07 -5.058640e+06 7.004899e+07
7.584667e-02 2.285614e+07 1.957274e+06 -3.513266e+07 -4.907430e+06 7.271426e+07
7.602629e-02 2.308654e+07 1.952822e+06 -3.259085e+07 -4.672412e+06 7.591414e+07
7.620569e-02 2.336843e+07 1.941091e+06 -2.983748e+07 -4.450782e+06 7.954258e+07
7.638530e-02 2.369446e+07 1.943214e+06 -2.681801e+07 -4.151511e+06 8.360685e+07
7.656501e-02 2.405452e+07 1.917282e+06 -2.362851e+07 -3.874525e+06 8.796905e+07
7.674455e-02 2.446176e+07 1.903714e+06 -2.032745e+07 -3.575744e+06 9.266667e+07
7.692398e-02 2.489486e+07 1.902787e+06 -1.700922e+07 -3.245204e+06 9.749449e+07
7.710340e-02 2.531613e+07 1.887438e+06 -1.350104e+07 -2.904870e+06 1.024277e+08
7.728275e-02 2.577168e+07 1.870792e+06 -1.007315e+07 -2.575148e+06 1.074777e+08
7.746218e-02 2.622759e+07 1.866514e+06 -6.679520e+06 -2.224015e+06 1.124843e+08
7.764173e-02 2.665317e+07 1.833648e+06 -3.362904e+06 -1.948476e+06 1.173163e+08
7.782134e-02 2.709215e+07 1.811526e+06 -1.177347e+05 -1.618347e+06 1.220867e+08
7.800113e-02 2.749723e+07 1.793935e+06 3.000184e+06 -1.319607e+06 1.266052e+08
7.818053e-02 2.789887e+07 1.767492e+06 5.853546e+06 -1.060294e+06 1.308861e+08
7.835977e-02 2.823310e+07 1.729792e+06 8.577250e+06 -8.327772e+05 1.346769e+08
7.853945e-02 2.854568e+07 1.707881e+06 1.112598e+07 -6.332093e+05 1.382209e+08
7.871901e-02 2.880635e+07 1.685592e+06 1.337072e+07 -4.545292e+05 1.411896e+08
7.889852e-02 2.903297e+07 1.677991e+06 1.537636e+07 -3.109734e+05 1.438345e+08
7.907812e-02 2.920518e+07 1.654736e+06 1.708526e+07 -2.419567e+05 1.459456e+08
7.925765e-02 2.930757e+07 1.680579e+06 1.851130e+07 -1.445520e+05 1.474623e+08
7.943713e-02 2.935198e+07 1.693720e+06 1.960818e+07 -9.122198e+04 1.485084e+08
7.961653e-02 2.934458e+07 1.709978e+06 2.042179e+07 -1.062421e+05 1.490487e+08
7.979598e-02 2.923454e+07 1.746688e+06 2.089448e+07 -1.156214e+05 1.488856e+08
7.997559e-02 2.908484e+07 1.772262e+06 2.108754e+07 -1.439070e+05 1.483018e+08
8.015521e-02 2.883756e+07 1.793955e+06 2.092616e+07 -2.408401e+05 1.470306e+08
8.033477e-02 2.856622e+07 1.823754e+06 2.051932e+07 -2.825345e+05 1.454660e+08
8.051401e-02 2.820699e+07 1.846747e+06 1.969901e+07 -4.224888e+05 1.431945e+08
8.069347e-02 2.778416e+07 1.821116e+06 1.878414e+07 -5.456350e+05 1.404764e+08
8.087332e-02 2.732073e+07 1.836759e+06 1.746093e+07 -6.651032e+05 1.372883e+08
8.105287e-02 2.680605e+07 1.818927e+06 1.597634e+07 -8.268502e+05 1.336801e+08
8.123233e-02 2.624675e+07 1.797473e+06 1.426722e+07 -9.741857e+05 1.296944e+08
8.141188e-02 2.566330e+07 1.771322e+06 1.238876e+07 -1.159093e+06 1.253831e+08
8.159141e-02 2.503535e+07 1.749693e+06 1.037320e+07 -1.276929e+06 1.207039e+08
8.177087e-02 2.436500e+07 1.724318e+06 8.173160e+06 -1.469045e+06 1.157234e+08
8.195037e-02 2.371544e+07 1.694623e+06 5.937824e+06 -1.636647e+06 1.107480e+08
8.212994e-02 2.301276e+07 1.682078e+06 3.537502e+06 -1.788087e+06 1.054010e+08
8.230951e-02 2.233454e+07 1.671210e+06 1.118639e+06 -1.939716e+06 1.001144e+08
8.248900e-02 2.162816e+07 1.643485e+06 -1.310222e+06 -2.119365e+06 9.475482e+07
8.266844e-02 2.092897e+07 1.629759e+06 -3.768130e+06 -2.257766e+06 8.942262e+07
8.284785e-02 2.026397e+07 1.616335e+06 -6.156322e+06 -2.385041e+06 8.423001e+07
8.302730e-02 1.958004e+07 1.580087e+06 -8.535755e+06 -2.536255e+06 7.905602e+07
8.320692e-02 1.893191e+07 1.549815e+06 -1.078319e+07 -2.647248e+06 7.413994e+07
8.338648e-02 1.832303e+07 1.512994e+06 -1.294474e+07 -2.757735e+06 6.946317e+07
8.356601e-02 1.772012e+07 1.463319e+06 -1.495814e+07 -2.842627e+06 6.493687e+07
8.374563e-02 1.719198e+07 1.424095e+06 -1.683407e+07 -2.927870e+06 6.083239e+07
8.392511e-02 1.668216e+07 1.358827e+06 -1.850625e+07 -2.987428e+06 5.699027e+07
8.410459e-02 1.622624e+07 1.315392e+06 -1.997773e+07 -3.021256e+06 5.350895e+07
8.428421e-02 1.582982e+07 1.256740e+06 -2.126222e+07 -3.058145e+06 5.045126e+07
8.446368e-02 1.547724e+07 1.217369e+06 -2.231182e+07 -3.067556e+06 4.774733e+07
8.464319e-02 1.517744e+07 1.175594e+06 -2.313135e+07 -3.078974e+06 4.548833e+07
8.482280e-02 1.493326e+07 1.142372e+06 -2.370707e+07 -3.067186e+06 4.365326e+07
8.500226e-02 1.475754e+07 1.120440e+06 -2.407570e+07 -3.061586e+06 4.231702e+07
8.518174e-02 1.460590e+07 1.108917e+06 -2.415502e+07 -3.033140e+06 4.132822e+07
8.536136e-02 1.452292e+07 1.100436e+06 -2.402833e+07 -3.009951e+06 4.085184e+07
8.554093e-02 1.447996e+07 1.103472e+06 -2.366317e+07 -2.974182e+06 4.079848e+07
8.572028e-02 1.448676e+07 1.114697e+06 -2.306264e+07 -2.927724e+06 4.117008e+07
8.589963e-02 1.453601e+07 1.120970e+06 -2.226922e+07 -2.897576e+06 4.195742e+07
8.607915e-02 1.460966e+07 1.137137e+06 -2.123062e+07 -2.834318e+06 4.309035e+07
8.625868e-02 1.474657e+07 1.149704e+06 -2.004240e+07 -2.777616e+06 4.464695e+07
8.643824e-02 1.490116e+07 1.168004e+06 -1.864954e+07 -2.698698e+06 4.651076e+07
8.661787e-02 1.508534e+07 1.170887e+06 -1.710063e+07 -2.628892e+06 4.864170e+07
8.679744e-02 1.530090e+07 1.182480e+06 -1.543010e+07 -2.545153e+06 5.105674e+07
8.697703e-02 1.553742e+07 1.186790e+06 -1.361020e+07 -2.436519e+06 5.367271e+07
8.715648e-02 1.580297e+07 1.193901e+06 -1.172225e+07 -2.342682e+06 5.650890e+07
8.733588e-02 1.606161e+07 1.193945e+06 -9.720269e+06 -2.209596e+06 5.939511e+07
8.751546e-02 1.634590e+07 1.193284e+06 -7.683574e+06 -2.112874e+06 6.242172e+07
8.769504e-02 1.663870e+07 1.198120e+06 -5.651348e+06 -1.968463e+06 6.549227e+07
8.787468e-02 1.692806e+07 1.197035e+06 -3.565933e+06 -1.837526e+06 6.856749e+07
8.805415e-02 1.721384e+07 1.195194e+06 -1.521413e+06 -1.733759e+06 7.159434e+07
8.823359e-02 1.749966e+07 1.201881e+06 4.647783e+05 -1.589653e+06 7.456058e+07
8.841311e-02 1.776775e+07 1.195998e+06 2.405913e+06 -1.494086e+06 7.738244e+07
8.859270e-02 1.801623e+07 1.200025e+06 4.254634e+06 -1.374632e+06 8.004513e+07
8.877226e-02 1.825425e+07 1.206695e+06 6.033066e+06 -1.277783e+06 8.256306e+07
8.895172e-02 1.846334e+07 1.208654e+06 7.649352e+06 -1.216510e+06 8.480125e+07
8.913118e-02 1.863771e+07 1.209039e+06 9.153824e+06 -1.151315e+06 8.677487e+07
8.931072e-02 1.879608e+07 1.222687e+06 1.052607e+07 -1.094784e+06 8.852513e+07
8.949031e-02 1.892860e+07 1.224769e+06 1.168796e+07 -1.110448e+06 8.997522e+07
8.966973e-02 1.901232e+07 1.239410e+06 1.273890e+07 -1.102558e+06 9.108589e+07
8.984928e-02 1.905797e+07 1.250454e+06 1.356829e+07 -1.145718e+06 9.179129e+07
9.002870e-02 1.906521e+07 1.265924e+06 1.425893e+07 -1.199828e+06 9.219508e+07
9.020814e-02 1.903227e+07 1.281715e+06 1.476583e+07 -1.318418e+06 9.221163e+07
9.038774e-02 1.896928e+07 1.301017e+06 1.506004e+07 -1.458925e+06 9.193341e+07
9.056723e-02 1.885966e+07 1.320300e+06 1.520101e+07 -1.645753e+06 9.123553e+07
9.074682e-02 1.870611e+07 1.341308e+06 1.516633e+07 -1.876822e+06 9.022115e+07
9.092635e-02 1.851948e+07 1.377538e+06 1.495821e+07 -2.148081e+06 8.888521e+07
9.110583e-02 1.829677e+07 1.428848e+06 1.466662e+07 -2.414460e+06 8.731919e+07
9.128546e-02 1.804270e+07 1.485440e+06 1.417808e+07 -2.770697e+06 8.553848e+07
9.146502e-02 1.774356e+07 1.599431e+06 1.364350e+07 -3.029279e+06 8.357094e+07
9.164437e-02 1.743157e+07 1.754015e+06 1.301424e+07 -3.270114e+06 8.166914e+07
9.182391e-02 1.707915e+07 2.167621e+06 1.237829e+07 -2.903575e+06 7.988339e+07
