# k, q0, q1/i, q2, q3/i, q4, norm, alpha = 0.00010325879791149288, 0.01987432793133251
0.000000e+00 4.336337e+06 0.000000e+00 0.000000e+00 0.000000e+00 2.016474e+06
2.542755e-04 4.299945e+06 2.283906e+05 1.122712e+04 9.872067e+04 -4.892644e+05
4.308321e-04 4.235245e+06 3.798354e+05 4.340489e+04 7.262189e+03 1.457844e+05
6.127972e-04 4.135052e+06 5.254482e+05 8.348282e+04 7.081930e+04 -2.118499e+05
7.953316e-04 4.004292e+06 6.563621e+05 1.421222e+05 5.967879e+04 -4.848340e+04
9.814571e-04 3.841946e+06 7.706543e+05 2.118363e+05 9.267111e+04 -7.646009e+04
1.156539e-03 3.667933e+06 8.575584e+05 2.943983e+05 8.092200e+04 6.558428e+04
1.336205e-03 3.469650e+06 9.276793e+05 3.694313e+05 1.804775e+05 -9.575197e+04
1.522449e-03 3.250994e+06 9.719662e+05 4.754303e+05 1.776284e+05 5.559928e+04
1.702691e-03 3.027166e+06 9.991246e+05 5.502673e+05 3.068588e+05 -1.133132e+05
1.882192e-03 2.802621e+06 9.962095e+05 6.574179e+05 3.246922e+05 -5.264801e+02
2.058659e-03 2.577368e+06 9.829729e+05 7.307121e+05 4.353451e+05 -9.543966e+04
2.236532e-03 2.353389e+06 9.510016e+05 8.021972e+05 5.348837e+05 -1.741989e+05
2.420114e-03 2.135212e+06 8.922442e+05 9.096099e+05 5.475849e+05 -2.237198e+04
2.599101e-03 1.926314e+06 8.329276e+05 9.701754e+05 6.395242e+05 -8.407718e+04
2.777369e-03 1.728296e+06 7.665670e+05 1.016028e+06 7.262984e+05 -1.510373e+05
2.956466e-03 1.545056e+06 6.904546e+05 1.068834e+06 7.729471e+05 -1.238576e+05
3.137227e-03 1.375622e+06 6.102213e+05 1.106513e+06 8.258872e+05 -1.416997e+05
3.318471e-03 1.218515e+06 5.318333e+05 1.132707e+06 8.625617e+05 -1.355188e+05
3.497455e-03 1.075045e+06 4.596833e+05 1.127217e+06 8.985509e+05 -1.713957e+05
3.677740e-03 9.491435e+05 3.877595e+05 1.124735e+06 9.053082e+05 -1.566505e+05
3.857458e-03 8.409711e+05 3.165868e+05 1.137523e+06 9.096815e+05 -1.205449e+05
4.036058e-03 7.383854e+05 2.607505e+05 1.095881e+06 8.999438e+05 -1.372400e+05
4.215732e-03 6.510566e+05 2.063596e+05 1.073325e+06 8.774461e+05 -9.607577e+04
4.393900e-03 5.738381e+05 1.611395e+05 1.028094e+06 8.485416e+05 -9.341904e+04
4.573307e-03 5.088702e+05 1.209958e+05 9.907229e+05 8.087267e+05 -5.052349e+04
4.754683e-03 4.491189e+05 8.781440e+04 9.396119e+05 7.599950e+05 -1.759511e+04
4.935208e-03 3.946019e+05 6.052020e+04 8.810171e+05 7.133657e+05 3.702522e+02
5.114267e-03 3.519837e+05 3.820899e+04 8.308331e+05 6.594638e+05 4.166300e+04
5.292984e-03 3.097748e+05 2.128561e+04 7.650926e+05 6.054521e+05 5.879879e+04
5.471846e-03 2.777092e+05 6.155030e+03 7.167732e+05 5.496470e+05 1.014712e+05
5.651916e-03 2.431055e+05 -3.770358e+03 6.472970e+05 4.963128e+05 1.104583e+05
5.831477e-03 2.182954e+05 -1.322605e+04 5.998232e+05 4.448137e+05 1.449569e+05
6.011451e-03 1.936826e+05 -1.988216e+04 5.435537e+05 3.946825e+05 1.625114e+05
6.191171e-03 1.719089e+05 -2.509146e+04 4.897317e+05 3.484988e+05 1.734882e+05
6.370885e-03 1.530418e+05 -2.900332e+04 4.408553e+05 3.063511e+05 1.858739e+05
6.550978e-03 1.362651e+05 -3.196035e+04 3.935918e+05 2.666927e+05 1.907781e+05
6.729662e-03 1.226619e+05 -3.457751e+04 3.537011e+05 2.324712e+05 1.968694e+05
6.908722e-03 1.090850e+05 -3.556302e+04 3.107362e+05 1.997713e+05 1.934743e+05
7.088232e-03 9.788298e+04 -3.613415e+04 2.735053e+05 1.715912e+05 1.873577e+05
7.267194e-03 8.865847e+04 -3.690036e+04 2.413310e+05 1.454057e+05 1.852481e+05
7.447006e-03 7.969733e+04 -3.591164e+04 2.092361e+05 1.235590e+05 1.734259e+05
7.626893e-03 7.216504e+04 -3.508444e+04 1.805764e+05 1.020879e+05 1.644139e+05
7.807282e-03 6.603771e+04 -3.399077e+04 1.563755e+05 8.493543e+04 1.544470e+05
7.987750e-03 5.984228e+04 -3.193214e+04 1.324456e+05 6.861759e+04 1.416779e+05
8.167388e-03 5.480388e+04 -2.982350e+04 1.118842e+05 5.426104e+04 1.308420e+05
8.345882e-03 5.005563e+04 -2.747086e+04 9.408423e+04 4.321429e+04 1.181340e+05
8.524356e-03 4.581708e+04 -2.490663e+04 7.701374e+04 3.124442e+04 1.073617e+05
8.703951e-03 4.172556e+04 -2.223965e+04 6.276736e+04 2.302938e+04 9.520085e+04
8.883655e-03 3.822653e+04 -1.966846e+04 5.038680e+04 1.512048e+04 8.588151e+04
9.063959e-03 3.496704e+04 -1.729123e+04 3.979865e+04 8.812841e+03 7.642902e+04
9.243959e-03 3.168646e+04 -1.478165e+04 2.980923e+04 3.592450e+03 6.675016e+04
9.423354e-03 2.884456e+04 -1.265442e+04 2.210514e+04 -5.914067e+02 5.916765e+04
9.603476e-03 2.581593e+04 -1.055688e+04 1.505754e+04 -3.244033e+03 5.023052e+04
9.782217e-03 2.338290e+04 -8.829397e+03 9.760837e+03 -5.732592e+03 4.417614e+04
9.961474e-03 2.104507e+04 -7.305186e+03 4.999787e+03 -7.134640e+03 3.771983e+04
1.014145e-02 1.883484e+04 -5.929083e+03 1.199013e+03 -7.673720e+03 3.170451e+04
1.032017e-02 1.688976e+04 -4.874490e+03 -1.547336e+03 -8.242175e+03 2.728249e+04
1.049983e-02 1.503351e+04 -3.792774e+03 -3.930596e+03 -7.499343e+03 2.177948e+04
1.067933e-02 1.349605e+04 -3.022143e+03 -5.636136e+03 -7.161376e+03 1.816840e+04
1.085922e-02 1.201293e+04 -2.367006e+03 -6.843086e+03 -6.247549e+03 1.445850e+04
1.103911e-02 1.084339e+04 -1.744995e+03 -7.691669e+03 -5.317466e+03 1.155423e+04
1.121859e-02 9.687857e+03 -1.243966e+03 -8.073927e+03 -4.165870e+03 8.875921e+03
1.139867e-02 8.793227e+03 -8.425386e+02 -8.311272e+03 -2.996253e+03 6.746556e+03
1.157742e-02 8.010411e+03 -4.667280e+02 -8.260410e+03 -2.047951e+03 5.398712e+03
1.175702e-02 7.345306e+03 -1.289556e+02 -8.095905e+03 -8.491912e+02 3.933274e+03
1.193688e-02 6.750949e+03 1.464663e+02 -7.683254e+03 8.364491e+01 3.209656e+03
1.211563e-02 6.267264e+03 3.611951e+02 -7.194459e+03 1.013092e+03 2.687798e+03
1.229554e-02 5.920108e+03 6.224127e+02 -6.727788e+03 1.743164e+03 2.573540e+03
1.247535e-02 5.542092e+03 7.840142e+02 -6.023243e+03 2.460446e+03 2.647404e+03
1.265439e-02 5.306972e+03 9.345504e+02 -5.448825e+03 3.148747e+03 2.824939e+03
1.283343e-02 5.053895e+03 1.040669e+03 -4.694524e+03 3.573333e+03 3.406337e+03
1.301293e-02 4.897728e+03 1.157085e+03 -4.032929e+03 4.008996e+03 4.008056e+03
1.319355e-02 4.741330e+03 1.215707e+03 -3.330545e+03 4.353011e+03 4.695057e+03
1.337382e-02 4.600003e+03 1.246597e+03 -2.588731e+03 4.593852e+03 5.466560e+03
1.355335e-02 4.523738e+03 1.272519e+03 -1.991115e+03 4.797173e+03 6.233101e+03
1.373274e-02 4.422682e+03 1.275258e+03 -1.243420e+03 4.904358e+03 7.104518e+03
1.391170e-02 4.368824e+03 1.239229e+03 -7.032168e+02 4.937079e+03 7.857904e+03
1.409058e-02 4.284301e+03 1.205048e+03 -9.997585e+01 4.918866e+03 8.580809e+03
1.427002e-02 4.241990e+03 1.157034e+03 4.842867e+02 4.870351e+03 9.337735e+03
1.444910e-02 4.186835e+03 1.109173e+03 9.625307e+02 4.772867e+03 9.973283e+03
1.462844e-02 4.117169e+03 1.027635e+03 1.481545e+03 4.626970e+03 1.057705e+04
1.480897e-02 4.073957e+03 9.699741e+02 1.839200e+03 4.410466e+03 1.107072e+04
1.498891e-02 4.000093e+03 8.915385e+02 2.261430e+03 4.210726e+03 1.153486e+04
1.516797e-02 3.929465e+03 8.144437e+02 2.551727e+03 3.937342e+03 1.187574e+04
1.534742e-02 3.851828e+03 7.362620e+02 2.838628e+03 3.674728e+03 1.217145e+04
1.552755e-02 3.764389e+03 6.605389e+02 3.139133e+03 3.431066e+03 1.239131e+04
1.570712e-02 3.673108e+03 5.876882e+02 3.234488e+03 3.085275e+03 1.249616e+04
1.588558e-02 3.572718e+03 5.087608e+02 3.468984e+03 2.844470e+03 1.260870e+04
1.606539e-02 3.453944e+03 4.262367e+02 3.535265e+03 2.523141e+03 1.253680e+04
1.624590e-02 3.332581e+03 3.526467e+02 3.588145e+03 2.239184e+03 1.243080e+04
1.642530e-02 3.210950e+03 2.758077e+02 3.650313e+03 1.975893e+03 1.230195e+04
1.660477e-02 3.095419e+03 2.037215e+02 3.643299e+03 1.698490e+03 1.215856e+04
1.678430e-02 2.945826e+03 1.274777e+02 3.619200e+03 1.460387e+03 1.180542e+04
1.696359e-02 2.818497e+03 5.986669e+01 3.497735e+03 1.214757e+03 1.148809e+04
1.714294e-02 2.683266e+03 -1.035135e+01 3.454887e+03 9.988566e+02 1.116212e+04
1.732202e-02 2.546276e+03 -7.117680e+01 3.308327e+03 7.908054e+02 1.072708e+04
1.750141e-02 2.411679e+03 -1.267781e+02 3.139778e+03 6.076880e+02 1.027343e+04
1.768181e-02 2.278441e+03 -1.891022e+02 3.034018e+03 4.354857e+02 9.829908e+03
1.786131e-02 2.162611e+03 -2.266741e+02 2.805317e+03 2.829858e+02 9.373158e+03
1.804025e-02 2.030296e+03 -2.721230e+02 2.633032e+03 1.343040e+02 8.850588e+03
1.822032e-02 1.905577e+03 -3.013875e+02 2.413790e+03 2.495107e+01 8.313771e+03
1.839987e-02 1.795956e+03 -3.309753e+02 2.195781e+03 -9.030743e+01 7.823130e+03
1.857923e-02 1.685387e+03 -3.552581e+02 1.999259e+03 -1.909180e+02 7.330614e+03
1.875889e-02 1.578495e+03 -3.638192e+02 1.751411e+03 -2.626231e+02 6.806592e+03
1.893827e-02 1.477687e+03 -3.771092e+02 1.564041e+03 -3.300653e+02 6.330269e+03
1.911768e-02 1.385494e+03 -3.740729e+02 1.319215e+03 -3.735079e+02 5.848355e+03
1.929737e-02 1.295714e+03 -3.753808e+02 1.122014e+03 -4.135070e+02 5.396301e+03
1.947670e-02 1.209241e+03 -3.689564e+02 9.195343e+02 -4.370730e+02 4.953382e+03
1.965601e-02 1.130077e+03 -3.563492e+02 7.114352e+02 -4.431878e+02 4.518557e+03
1.983541e-02 1.056675e+03 -3.450667e+02 5.375267e+02 -4.397770e+02 4.132480e+03
2.001489e-02 9.925949e+02 -3.292352e+02 3.558385e+02 -4.286064e+02 3.773202e+03
2.019468e-02 9.268268e+02 -3.107005e+02 1.977159e+02 -4.005561e+02 3.413203e+03
2.037444e-02 8.700599e+02 -2.922795e+02 4.853356e+01 -3.701594e+02 3.092181e+03
2.055417e-02 8.210991e+02 -2.701695e+02 -9.009148e+01 -3.267423e+02 2.804172e+03
2.073390e-02 7.731569e+02 -2.496119e+02 -2.009205e+02 -2.761027e+02 2.534811e+03
2.091338e-02 7.347603e+02 -2.262766e+02 -3.204132e+02 -2.262917e+02 2.294946e+03
2.109302e-02 6.987858e+02 -2.040389e+02 -4.046594e+02 -1.704491e+02 2.085253e+03
2.127237e-02 6.700108e+02 -1.806024e+02 -4.845399e+02 -1.127787e+02 1.901505e+03
2.145116e-02 6.450962e+02 -1.560980e+02 -5.538931e+02 -5.360772e+01 1.746511e+03
2.163077e-02 6.214354e+02 -1.327196e+02 -5.968050e+02 4.801010e+00 1.605434e+03
2.181049e-02 6.072117e+02 -1.084844e+02 -6.450147e+02 5.634736e+01 1.507103e+03
2.198999e-02 5.912234e+02 -8.487910e+01 -6.639313e+02 1.152395e+02 1.416560e+03
2.216980e-02 5.823898e+02 -6.053251e+01 -6.826309e+02 1.613243e+02 1.362577e+03
2.234970e-02 5.738445e+02 -3.797677e+01 -6.848298e+02 2.096426e+02 1.319984e+03
2.252980e-02 5.674622e+02 -1.524062e+01 -6.783116e+02 2.502732e+02 1.299357e+03
2.270853e-02 5.630613e+02 6.277214e+00 -6.607508e+02 2.873633e+02 1.295251e+03
2.288717e-02 5.576511e+02 2.663934e+01 -6.332222e+02 3.213379e+02 1.302182e+03
2.306686e-02 5.592135e+02 4.589907e+01 -6.073906e+02 3.467124e+02 1.339350e+03
2.324649e-02 5.540685e+02 6.293820e+01 -5.618198e+02 3.724598e+02 1.367388e+03
2.342617e-02 5.555214e+02 7.836486e+01 -5.196305e+02 3.924438e+02 1.424479e+03
2.360560e-02 5.509166e+02 9.114951e+01 -4.679770e+02 4.059272e+02 1.469075e+03
2.378549e-02 5.508566e+02 1.021048e+02 -4.138903e+02 4.196186e+02 1.536214e+03
2.396571e-02 5.497998e+02 1.109139e+02 -3.599043e+02 4.260806e+02 1.602190e+03
2.414482e-02 5.461163e+02 1.161146e+02 -2.987589e+02 4.318202e+02 1.664428e+03
2.432376e-02 5.444857e+02 1.204074e+02 -2.434695e+02 4.322132e+02 1.732117e+03
2.450343e-02 5.417586e+02 1.211111e+02 -1.811954e+02 4.308232e+02 1.799096e+03
2.468304e-02 5.395724e+02 1.199367e+02 -1.278552e+02 4.264336e+02 1.863317e+03
2.486245e-02 5.354225e+02 1.167563e+02 -7.061358e+01 4.183936e+02 1.920030e+03
2.504187e-02 5.311706e+02 1.110497e+02 -1.517752e+01 4.079216e+02 1.971650e+03
2.522156e-02 5.282631e+02 1.055147e+02 2.944865e+01 3.946083e+02 2.021922e+03
2.540110e-02 5.240499e+02 9.675344e+01 7.948580e+01 3.784438e+02 2.065636e+03
2.558029e-02 5.194562e+02 8.836037e+01 1.183165e+02 3.606284e+02 2.097146e+03
2.575992e-02 5.140076e+02 7.865015e+01 1.566143e+02 3.397409e+02 2.121725e+03
2.593954e-02 5.103387e+02 6.845453e+01 1.907153e+02 3.152560e+02 2.148885e+03
2.611933e-02 5.036020e+02 5.847458e+01 2.118500e+02 2.896945e+02 2.153537e+03
2.629913e-02 4.974866e+02 4.811320e+01 2.398347e+02 2.639262e+02 2.159401e+03
2.647853e-02 4.901532e+02 3.810548e+01 2.524372e+02 2.347255e+02 2.151503e+03
2.665812e-02 4.833528e+02 2.832069e+01 2.671349e+02 2.054727e+02 2.142043e+03
2.683805e-02 4.744989e+02 1.874806e+01 2.758592e+02 1.748013e+02 2.121624e+03
2.701719e-02 4.659019e+02 1.003858e+01 2.730516e+02 1.448052e+02 2.092540e+03
2.719620e-02 4.552196e+02 1.722891e+00 2.795895e+02 1.154439e+02 2.058328e+03
2.737553e-02 4.454286e+02 -6.557435e+00 2.661368e+02 8.416546e+01 2.017921e+03
2.755538e-02 4.337393e+02 -1.345755e+01 2.612706e+02 5.599200e+01 1.970026e+03
2.773538e-02 4.214195e+02 -2.035831e+01 2.470489e+02 2.869594e+01 1.915026e+03
2.791455e-02 4.092056e+02 -2.653692e+01 2.313758e+02 3.408961e+00 1.858361e+03
2.809381e-02 3.946014e+02 -3.188087e+01 2.157630e+02 -2.056839e+01 1.789751e+03
2.827308e-02 3.828192e+02 -3.685897e+01 1.895690e+02 -4.361468e+01 1.729388e+03
2.845277e-02 3.671118e+02 -4.097939e+01 1.724095e+02 -6.177058e+01 1.652851e+03
2.863250e-02 3.535301e+02 -4.491124e+01 1.454095e+02 -8.004779e+01 1.581410e+03
2.881166e-02 3.386031e+02 -4.772361e+01 1.201452e+02 -9.518003e+01 1.502878e+03
2.899137e-02 3.236544e+02 -5.017368e+01 9.780418e+01 -1.066946e+02 1.426835e+03
2.917126e-02 3.093988e+02 -5.171109e+01 6.689925e+01 -1.168690e+02 1.347296e+03
2.935071e-02 2.949481e+02 -5.304537e+01 4.267646e+01 -1.256374e+02 1.269953e+03
2.953030e-02 2.806774e+02 -5.328818e+01 1.489679e+01 -1.294698e+02 1.190992e+03
2.970997e-02 2.665564e+02 -5.331291e+01 -1.121672e+01 -1.330366e+02 1.113918e+03
2.988940e-02 2.532751e+02 -5.267644e+01 -3.590678e+01 -1.340055e+02 1.039533e+03
3.006874e-02 2.404136e+02 -5.132979e+01 -6.116066e+01 -1.327426e+02 9.662427e+02
3.024815e-02 2.276735e+02 -4.979527e+01 -8.285654e+01 -1.306039e+02 8.967828e+02
3.042767e-02 2.167540e+02 -4.725892e+01 -1.084283e+02 -1.252240e+02 8.302558e+02
3.060744e-02 2.057479e+02 -4.498288e+01 -1.268545e+02 -1.199569e+02 7.691597e+02
3.078708e-02 1.950372e+02 -4.151722e+01 -1.458751e+02 -1.118474e+02 7.072759e+02
3.096646e-02 1.858197e+02 -3.811166e+01 -1.626964e+02 -1.037136e+02 6.538158e+02
3.114600e-02 1.770729e+02 -3.427789e+01 -1.767599e+02 -9.443663e+01 6.043578e+02
3.132546e-02 1.696808e+02 -3.010596e+01 -1.908908e+02 -8.419555e+01 5.585724e+02
3.150520e-02 1.623178e+02 -2.562047e+01 -2.003694e+02 -7.362028e+01 5.183505e+02
3.168484e-02 1.561238e+02 -2.092529e+01 -2.088939e+02 -6.228329e+01 4.820067e+02
3.186375e-02 1.507142e+02 -1.611386e+01 -2.151058e+02 -5.142663e+01 4.520247e+02
3.204302e-02 1.456611e+02 -1.125679e+01 -2.184552e+02 -3.964105e+01 4.249815e+02
3.222277e-02 1.414527e+02 -6.226784e+00 -2.199155e+02 -2.826969e+01 4.034973e+02
3.240259e-02 1.375929e+02 -1.354007e+00 -2.183867e+02 -1.705686e+01 3.866441e+02
3.258186e-02 1.349073e+02 3.586016e+00 -2.165288e+02 -6.462541e+00 3.742357e+02
3.276123e-02 1.322583e+02 8.198524e+00 -2.111971e+02 4.660258e+00 3.657929e+02
3.294133e-02 1.301955e+02 1.267005e+01 -2.045556e+02 1.451627e+01 3.612120e+02
3.312088e-02 1.285201e+02 1.682150e+01 -1.957085e+02 2.407132e+01 3.602654e+02
3.330035e-02 1.269767e+02 2.062184e+01 -1.848118e+02 3.339687e+01 3.621729e+02
3.347992e-02 1.265285e+02 2.403032e+01 -1.742411e+02 4.154064e+01 3.683907e+02
3.365971e-02 1.252656e+02 2.701591e+01 -1.598441e+02 4.978818e+01 3.746802e+02
3.383927e-02 1.253344e+02 2.964823e+01 -1.470156e+02 5.602225e+01 3.861821e+02
3.401835e-02 1.247974e+02 3.173311e+01 -1.310044e+02 6.253250e+01 3.969976e+02
3.419757e-02 1.249861e+02 3.340111e+01 -1.159083e+02 6.790763e+01 4.111526e+02
3.437723e-02 1.250871e+02 3.452785e+01 -9.989378e+01 7.233415e+01 4.255428e+02
3.455683e-02 1.252884e+02 3.535764e+01 -8.305409e+01 7.620158e+01 4.411858e+02
3.473619e-02 1.258440e+02 3.561868e+01 -6.732396e+01 7.858244e+01 4.577427e+02
3.491584e-02 1.259415e+02 3.555277e+01 -5.053694e+01 8.050220e+01 4.732355e+02
3.509556e-02 1.266058e+02 3.503147e+01 -3.521654e+01 8.157714e+01 4.903195e+02
3.527533e-02 1.268359e+02 3.414035e+01 -1.974307e+01 8.145624e+01 5.056210e+02
3.545456e-02 1.272449e+02 3.298016e+01 -4.223046e+00 8.123656e+01 5.213085e+02
3.563370e-02 1.273085e+02 3.132019e+01 8.358967e+00 7.905608e+01 5.342565e+02
3.581332e-02 1.277396e+02 2.961889e+01 2.235114e+01 7.719636e+01 5.494365e+02
3.599287e-02 1.276001e+02 2.754389e+01 3.339205e+01 7.404414e+01 5.602565e+02
3.617240e-02 1.274554e+02 2.513620e+01 4.420037e+01 7.020728e+01 5.704612e+02
3.635196e-02 1.269222e+02 2.270295e+01 5.436382e+01 6.627705e+01 5.783698e+02
3.653161e-02 1.267035e+02 2.002735e+01 6.180166e+01 6.134545e+01 5.862712e+02
3.671117e-02 1.261356e+02 1.725428e+01 6.932243e+01 5.648077e+01 5.920166e+02
3.689084e-02 1.248885e+02 1.434334e+01 7.422169e+01 5.063554e+01 5.930605e+02
3.707056e-02 1.239403e+02 1.142479e+01 7.878436e+01 4.505214e+01 5.949111e+02
3.724984e-02 1.224539e+02 8.483471e+00 8.157635e+01 3.898759e+01 5.927556e+02
3.742914e-02 1.214151e+02 5.545135e+00 8.269373e+01 3.281206e+01 5.914332e+02
3.760871e-02 1.191728e+02 2.709698e+00 8.367511e+01 2.677091e+01 5.841052e+02
3.778826e-02 1.174607e+02 -1.944391e-01 8.173327e+01 2.046900e+01 5.769182e+02
3.796764e-02 1.153708e+02 -2.811192e+00 8.033846e+01 1.459075e+01 5.683706e+02
3.814709e-02 1.132563e+02 -5.380147e+00 7.677177e+01 8.349035e+00 5.576215e+02
3.832696e-02 1.106212e+02 -7.682937e+00 7.205614e+01 2.741729e+00 5.434785e+02
3.850665e-02 1.079629e+02 -9.849475e+00 6.745353e+01 -2.706660e+00 5.294736e+02
3.868582e-02 1.053992e+02 -1.184669e+01 6.096507e+01 -8.034567e+00 5.138917e+02
3.886530e-02 1.025548e+02 -1.347987e+01 5.442749e+01 -1.283239e+01 4.972059e+02
3.904481e-02 9.964268e+01 -1.501151e+01 4.668234e+01 -1.725564e+01 4.787410e+02
3.922441e-02 9.649750e+01 -1.620194e+01 3.895011e+01 -2.129959e+01 4.596642e+02
3.940396e-02 9.350245e+01 -1.721633e+01 3.090587e+01 -2.495700e+01 4.406613e+02
3.958316e-02 9.030663e+01 -1.789039e+01 2.169745e+01 -2.805468e+01 4.197699e+02
3.976287e-02 8.711411e+01 -1.839233e+01 1.328053e+01 -3.067717e+01 3.994453e+02
3.994250e-02 8.413554e+01 -1.866439e+01 4.076523e+00 -3.264915e+01 3.794236e+02
4.012200e-02 8.082860e+01 -1.863814e+01 -4.808565e+00 -3.423407e+01 3.581685e+02
4.030171e-02 7.773219e+01 -1.844174e+01 -1.337068e+01 -3.523027e+01 3.378643e+02
4.048123e-02 7.484564e+01 -1.808403e+01 -2.197809e+01 -3.581235e+01 3.184998e+02
4.066058e-02 7.184174e+01 -1.746087e+01 -3.017736e+01 -3.579431e+01 2.989772e+02
4.084001e-02 6.893137e+01 -1.668046e+01 -3.804110e+01 -3.501222e+01 2.797376e+02
4.101966e-02 6.630378e+01 -1.575216e+01 -4.525307e+01 -3.423797e+01 2.623763e+02
4.119937e-02 6.374068e+01 -1.463328e+01 -5.231245e+01 -3.269470e+01 2.452148e+02
4.137874e-02 6.144783e+01 -1.349464e+01 -5.848741e+01 -3.093216e+01 2.300223e+02
4.155813e-02 5.907795e+01 -1.213231e+01 -6.388315e+01 -2.860842e+01 2.149074e+02
4.173777e-02 5.709977e+01 -1.069748e+01 -6.902816e+01 -2.586021e+01 2.015409e+02
4.191752e-02 5.524240e+01 -9.212680e+00 -7.312782e+01 -2.323582e+01 1.897162e+02
4.209699e-02 5.361933e+01 -7.652985e+00 -7.675146e+01 -1.998524e+01 1.790015e+02
4.227635e-02 5.215933e+01 -6.058839e+00 -7.938226e+01 -1.662043e+01 1.699216e+02
4.245594e-02 5.080359e+01 -4.416174e+00 -8.128066e+01 -1.310449e+01 1.616827e+02
4.263530e-02 4.983747e+01 -2.814382e+00 -8.260342e+01 -9.541937e+00 1.557080e+02
4.281442e-02 4.885935e+01 -1.201606e+00 -8.291751e+01 -5.878809e+00 1.504752e+02
4.299392e-02 4.822581e+01 4.022408e-01 -8.290835e+01 -2.174935e+00 1.469568e+02
4.317364e-02 4.763103e+01 1.937763e+00 -8.164229e+01 1.538359e+00 1.446175e+02
4.335324e-02 4.733866e+01 3.463134e+00 -8.023766e+01 5.056343e+00 1.438427e+02
4.353285e-02 4.712459e+01 4.861757e+00 -7.798409e+01 8.495078e+00 1.441029e+02
4.371256e-02 4.700317e+01 6.213106e+00 -7.499190e+01 1.185405e+01 1.453926e+02
4.389237e-02 4.707726e+01 7.448664e+00 -7.165018e+01 1.499477e+01 1.478664e+02
4.407181e-02 4.720614e+01 8.591517e+00 -6.764101e+01 1.793246e+01 1.512802e+02
4.425100e-02 4.745510e+01 9.611362e+00 -6.338404e+01 2.050740e+01 1.555808e+02
4.443069e-02 4.776240e+01 1.050872e+01 -5.857790e+01 2.297404e+01 1.605879e+02
4.461032e-02 4.812038e+01 1.125910e+01 -5.351892e+01 2.508536e+01 1.662347e+02
4.478953e-02 4.858378e+01 1.187450e+01 -4.830830e+01 2.690959e+01 1.724107e+02
4.496901e-02 4.899036e+01 1.234696e+01 -4.270255e+01 2.845420e+01 1.790335e+02
4.514874e-02 4.950121e+01 1.265562e+01 -3.725716e+01 2.958011e+01 1.859579e+02
4.532821e-02 4.996133e+01 1.283885e+01 -3.148585e+01 3.049063e+01 1.929829e+02
4.550745e-02 5.045039e+01 1.284221e+01 -2.593689e+01 3.104634e+01 2.001267e+02
4.568707e-02 5.090263e+01 1.272584e+01 -2.038262e+01 3.123781e+01 2.071591e+02
4.586694e-02 5.134402e+01 1.247573e+01 -1.480070e+01 3.119199e+01 2.142132e+02
4.604629e-02 5.180330e+01 1.208932e+01 -9.753286e+00 3.080877e+01 2.209083e+02
4.622568e-02 5.207382e+01 1.154156e+01 -4.658703e+00 3.009065e+01 2.268580e+02
4.640539e-02 5.242593e+01 1.095553e+01 -1.555986e-02 2.909326e+01 2.328781e+02
4.658483e-02 5.269954e+01 1.024152e+01 4.469652e+00 2.789949e+01 2.383053e+02
4.676428e-02 5.283904e+01 9.440240e+00 8.584171e+00 2.638234e+01 2.429120e+02
4.694377e-02 5.296107e+01 8.575305e+00 1.197699e+01 2.462519e+01 2.468695e+02
4.712315e-02 5.297548e+01 7.664367e+00 1.535737e+01 2.270223e+01 2.502627e+02
4.730271e-02 5.288535e+01 6.723965e+00 1.797395e+01 2.061731e+01 2.527116e+02
4.748233e-02 5.278493e+01 5.714286e+00 2.045378e+01 1.831896e+01 2.548382e+02
4.766205e-02 5.243916e+01 4.707645e+00 2.209551e+01 1.595146e+01 2.552819e+02
4.784146e-02 5.218456e+01 3.707848e+00 2.338994e+01 1.344768e+01 2.559305e+02
4.802067e-02 5.170595e+01 2.682017e+00 2.459331e+01 1.096547e+01 2.552514e+02
4.820042e-02 5.114144e+01 1.662925e+00 2.473869e+01 8.367260e+00 2.536378e+02
4.838029e-02 5.050000e+01 6.838639e-01 2.477403e+01 5.879902e+00 2.513503e+02
4.855956e-02 4.975174e+01 -2.965594e-01 2.407241e+01 3.292991e+00 2.481349e+02
4.873901e-02 4.895613e+01 -1.206470e+00 2.337751e+01 8.959210e-01 2.445229e+02
4.891873e-02 4.808815e+01 -2.128639e+00 2.222098e+01 -1.467012e+00 2.402144e+02
4.909828e-02 4.712230e+01 -2.956465e+00 2.013124e+01 -3.692395e+00 2.347679e+02
4.927778e-02 4.609412e+01 -3.735527e+00 1.824130e+01 -5.773844e+00 2.290071e+02
4.945710e-02 4.504252e+01 -4.488082e+00 1.590689e+01 -7.803851e+00 2.227598e+02
4.963681e-02 4.391844e+01 -5.116523e+00 1.329573e+01 -9.482453e+00 2.158152e+02
4.981627e-02 4.283741e+01 -5.718940e+00 1.040377e+01 -1.113865e+01 2.088673e+02
4.999549e-02 4.161137e+01 -6.188213e+00 7.245626e+00 -1.250094e+01 2.009168e+02
5.017513e-02 4.045464e+01 -6.596658e+00 4.144280e+00 -1.373468e+01 1.931862e+02
5.035469e-02 3.930676e+01 -6.929041e+00 6.221940e-01 -1.476004e+01 1.851347e+02
5.053422e-02 3.811427e+01 -7.149032e+00 -2.705608e+00 -1.557789e+01 1.769572e+02
5.071373e-02 3.696779e+01 -7.267069e+00 -6.322149e+00 -1.616142e+01 1.687041e+02
5.089331e-02 3.580667e+01 -7.298555e+00 -9.879725e+00 -1.659264e+01 1.603711e+02
5.107290e-02 3.467989e+01 -7.265208e+00 -1.311268e+01 -1.682691e+01 1.523794e+02
5.125246e-02 3.361491e+01 -7.106723e+00 -1.672805e+01 -1.682718e+01 1.443851e+02
5.143191e-02 3.251566e+01 -6.883187e+00 -1.989257e+01 -1.666096e+01 1.365306e+02
5.161130e-02 3.151102e+01 -6.554111e+00 -2.316229e+01 -1.627827e+01 1.290343e+02
5.179073e-02 3.054124e+01 -6.205391e+00 -2.600355e+01 -1.583872e+01 1.220051e+02
5.197023e-02 2.960481e+01 -5.763098e+00 -2.874934e+01 -1.513099e+01 1.152073e+02
5.214995e-02 2.873953e+01 -5.267645e+00 -3.134822e+01 -1.430120e+01 1.088881e+02
5.232948e-02 2.787390e+01 -4.727761e+00 -3.352792e+01 -1.337245e+01 1.028454e+02
5.250892e-02 2.715071e+01 -4.138072e+00 -3.562152e+01 -1.224106e+01 9.755627e+01
5.268863e-02 2.643869e+01 -3.539592e+00 -3.725489e+01 -1.109037e+01 9.270100e+01
5.286820e-02 2.577060e+01 -2.894443e+00 -3.867856e+01 -9.793167e+00 8.819762e+01
5.304764e-02 2.518145e+01 -2.244607e+00 -3.976143e+01 -8.465195e+00 8.434901e+01
5.322715e-02 2.464501e+01 -1.590292e+00 -4.049263e+01 -7.049513e+00 8.102254e+01
5.340663e-02 2.424347e+01 -9.328297e-01 -4.108352e+01 -5.600954e+00 7.845538e+01
5.358625e-02 2.378052e+01 -2.845333e-01 -4.111292e+01 -4.174016e+00 7.604871e+01
5.376579e-02 2.348560e+01 3.629445e-01 -4.111084e+01 -2.723822e+00 7.445211e+01
5.394514e-02 2.319472e+01 9.781866e-01 -4.063723e+01 -1.297964e+00 7.329482e+01
5.412441e-02 2.297509e+01 1.564874e+00 -3.993161e+01 1.033571e-01 7.265359e+01
5.430414e-02 2.280950e+01 2.129857e+00 -3.900368e+01 1.442419e+00 7.247169e+01
5.448388e-02 2.266949e+01 2.654239e+00 -3.777254e+01 2.720199e+00 7.268707e+01
5.466309e-02 2.263288e+01 3.143926e+00 -3.646170e+01 3.896126e+00 7.345506e+01
5.484261e-02 2.260782e+01 3.577027e+00 -3.484131e+01 5.018351e+00 7.457703e+01
5.502222e-02 2.258837e+01 3.963421e+00 -3.303832e+01 5.993325e+00 7.586998e+01
5.520186e-02 2.264091e+01 4.302280e+00 -3.116532e+01 6.897029e+00 7.762289e+01
5.538127e-02 2.270967e+01 4.584940e+00 -2.909137e+01 7.694749e+00 7.960990e+01
5.556057e-02 2.281679e+01 4.805918e+00 -2.700870e+01 8.312840e+00 8.181606e+01
5.574024e-02 2.290107e+01 4.972870e+00 -2.473791e+01 8.870428e+00 8.409608e+01
5.591990e-02 2.303393e+01 5.077894e+00 -2.256056e+01 9.245992e+00 8.654733e+01
5.609947e-02 2.315627e+01 5.136245e+00 -2.031038e+01 9.510083e+00 8.903619e+01
5.627892e-02 2.332457e+01 5.136012e+00 -1.807498e+01 9.680539e+00 9.172313e+01
5.645856e-02 2.343863e+01 5.070335e+00 -1.586682e+01 9.673753e+00 9.417556e+01
5.663826e-02 2.357280e+01 4.961182e+00 -1.370831e+01 9.589627e+00 9.665810e+01
5.681769e-02 2.368556e+01 4.810006e+00 -1.166006e+01 9.348799e+00 9.902119e+01
5.699710e-02 2.377539e+01 4.597378e+00 -9.685896e+00 9.020502e+00 1.011681e+02
5.717663e-02 2.385585e+01 4.356399e+00 -7.805559e+00 8.572222e+00 1.031976e+02
5.735605e-02 2.392826e+01 4.073614e+00 -6.127788e+00 8.030462e+00 1.050885e+02
5.753539e-02 2.394517e+01 3.753378e+00 -4.533350e+00 7.430152e+00 1.065775e+02
5.771483e-02 2.395228e+01 3.411794e+00 -3.228512e+00 6.697721e+00 1.078857e+02
5.789466e-02 2.393294e+01 3.037581e+00 -1.858334e+00 5.936880e+00 1.089872e+02
5.807436e-02 2.386812e+01 2.653959e+00 -8.429312e-01 5.110260e+00 1.097122e+02
5.825359e-02 2.377591e+01 2.248034e+00 -6.696688e-02 4.211671e+00 1.100730e+02
5.843303e-02 2.363187e+01 1.836827e+00 6.793591e-01 3.319465e+00 1.100980e+02
5.861274e-02 2.348485e+01 1.428295e+00 1.136520e+00 2.364985e+00 1.099634e+02
5.879233e-02 2.327491e+01 1.013042e+00 1.523487e+00 1.425781e+00 1.093691e+02
5.897187e-02 2.305138e+01 6.094460e-01 1.567477e+00 4.549907e-01 1.085250e+02
5.915148e-02 2.275171e+01 2.184253e-01 1.517020e+00 -4.751166e-01 1.071479e+02
5.933120e-02 2.247200e+01 -1.597607e-01 1.303313e+00 -1.411228e+00 1.057691e+02
5.951050e-02 2.214301e+01 -5.151424e-01 9.043971e-01 -2.314797e+00 1.040109e+02
5.968960e-02 2.176469e+01 -8.397555e-01 3.935145e-01 -3.162444e+00 1.018908e+02
5.986932e-02 2.136500e+01 -1.152594e+00 -3.721861e-01 -3.984552e+00 9.947830e+01
6.004880e-02 2.096456e+01 -1.420137e+00 -1.167042e+00 -4.739267e+00 9.705644e+01
6.022820e-02 2.052544e+01 -1.673774e+00 -2.009335e+00 -5.442805e+00 9.436552e+01
6.040778e-02 2.005942e+01 -1.874330e+00 -3.105110e+00 -6.044859e+00 9.136266e+01
6.058726e-02 1.957877e+01 -2.045233e+00 -4.179601e+00 -6.606374e+00 8.830724e+01
6.076685e-02 1.911741e+01 -2.193385e+00 -5.397022e+00 -7.067146e+00 8.521513e+01
6.094640e-02 1.862254e+01 -2.299305e+00 -6.547191e+00 -7.449630e+00 8.202406e+01
6.112606e-02 1.812371e+01 -2.369763e+00 -7.828629e+00 -7.734279e+00 7.866440e+01
6.130567e-02 1.761777e+01 -2.400626e+00 -9.065269e+00 -7.929212e+00 7.531452e+01
6.148499e-02 1.714326e+01 -2.403559e+00 -1.032507e+01 -8.060552e+00 7.209658e+01
6.166458e-02 1.666136e+01 -2.368777e+00 -1.158652e+01 -8.053961e+00 6.879287e+01
6.184419e-02 1.617840e+01 -2.299432e+00 -1.273464e+01 -8.003950e+00 6.558495e+01
6.202378e-02 1.573958e+01 -2.200627e+00 -1.393565e+01 -7.846322e+00 6.249891e+01
6.220328e-02 1.529941e+01 -2.069365e+00 -1.501805e+01 -7.620352e+00 5.950927e+01
6.238252e-02 1.487504e+01 -1.913292e+00 -1.601101e+01 -7.304461e+00 5.664078e+01
6.256203e-02 1.448374e+01 -1.728902e+00 -1.692532e+01 -6.936709e+00 5.396487e+01
6.274173e-02 1.410536e+01 -1.523409e+00 -1.773578e+01 -6.492513e+00 5.144098e+01
6.292133e-02 1.378390e+01 -1.285655e+00 -1.850774e+01 -5.997923e+00 4.918464e+01
6.310073e-02 1.345447e+01 -1.045038e+00 -1.906784e+01 -5.453368e+00 4.707565e+01
6.328018e-02 1.317959e+01 -7.823663e-01 -1.957734e+01 -4.871323e+00 4.525513e+01
6.345987e-02 1.291678e+01 -5.084359e-01 -1.992762e+01 -4.251702e+00 4.360883e+01
6.363932e-02 1.268005e+01 -2.328731e-01 -2.013042e+01 -3.603919e+00 4.221343e+01
6.381883e-02 1.249810e+01 6.151067e-02 -2.027982e+01 -2.946860e+00 4.113626e+01
6.399840e-02 1.231960e+01 3.377483e-01 -2.021844e+01 -2.268097e+00 4.022384e+01
6.417787e-02 1.218339e+01 6.232132e-01 -2.006763e+01 -1.606229e+00 3.961061e+01
6.435740e-02 1.206369e+01 8.982182e-01 -1.977892e+01 -9.318981e-01 3.917634e+01
6.453672e-02 1.198186e+01 1.160929e+00 -1.937961e+01 -2.796495e-01 3.903754e+01
6.471627e-02 1.191672e+01 1.417124e+00 -1.885840e+01 3.498956e-01 3.907648e+01
6.489573e-02 1.187897e+01 1.650732e+00 -1.821139e+01 9.677020e-01 3.934223e+01
6.507532e-02 1.186426e+01 1.870570e+00 -1.751549e+01 1.520002e+00 3.980099e+01
6.525498e-02 1.186700e+01 2.069286e+00 -1.667320e+01 2.061057e+00 4.044275e+01
6.543438e-02 1.188141e+01 2.246361e+00 -1.575558e+01 2.558567e+00 4.121416e+01
6.561406e-02 1.192611e+01 2.401847e+00 -1.480619e+01 2.986047e+00 4.217563e+01
6.579354e-02 1.195881e+01 2.524528e+00 -1.373602e+01 3.377555e+00 4.316752e+01
6.597293e-02 1.203096e+01 2.628784e+00 -1.269713e+01 3.702201e+00 4.437530e+01
6.615268e-02 1.209167e+01 2.702246e+00 -1.155549e+01 3.975840e+00 4.557030e+01
6.633236e-02 1.216668e+01 2.752051e+00 -1.042216e+01 4.186515e+00 4.687026e+01
6.651186e-02 1.224579e+01 2.772737e+00 -9.274240e+00 4.324942e+00 4.819318e+01
6.669114e-02 1.231721e+01 2.765781e+00 -8.130543e+00 4.414176e+00 4.949484e+01
6.687057e-02 1.238900e+01 2.731112e+00 -7.010451e+00 4.420622e+00 5.079545e+01
6.705025e-02 1.246596e+01 2.678769e+00 -5.866901e+00 4.404321e+00 5.213175e+01
6.722990e-02 1.251885e+01 2.590726e+00 -4.831322e+00 4.275742e+00 5.329437e+01
6.740941e-02 1.258311e+01 2.488190e+00 -3.807841e+00 4.132937e+00 5.449302e+01
6.758867e-02 1.263423e+01 2.364004e+00 -2.859006e+00 3.907954e+00 5.559111e+01
6.776822e-02 1.265611e+01 2.218528e+00 -1.941257e+00 3.653384e+00 5.652248e+01
6.794788e-02 1.268361e+01 2.054273e+00 -1.118987e+00 3.347331e+00 5.741729e+01
6.812729e-02 1.268617e+01 1.878557e+00 -4.064885e-01 2.976968e+00 5.811195e+01
6.830688e-02 1.266893e+01 1.683140e+00 2.637193e-01 2.601288e+00 5.867922e+01
6.848624e-02 1.264377e+01 1.481455e+00 8.090851e-01 2.176571e+00 5.911254e+01
6.866563e-02 1.259820e+01 1.269833e+00 1.291233e+00 1.744451e+00 5.939938e+01
6.884532e-02 1.254002e+01 1.049036e+00 1.654324e+00 1.280739e+00 5.954376e+01
6.902501e-02 1.243779e+01 8.296313e-01 1.875713e+00 7.988085e-01 5.935170e+01
6.920471e-02 1.234655e+01 6.002064e-01 2.064338e+00 3.244511e-01 5.918526e+01
6.938409e-02 1.223889e+01 3.793095e-01 2.132847e+00 -1.612222e-01 5.884775e+01
6.956343e-02 1.207981e+01 1.583143e-01 2.076331e+00 -6.323003e-01 5.815117e+01
6.974295e-02 1.194498e+01 -5.765808e-02 1.936672e+00 -1.103422e+00 5.750333e+01
6.992262e-02 1.177440e+01 -2.635212e-01 1.706375e+00 -1.560631e+00 5.659395e+01
7.010211e-02 1.159330e+01 -4.651276e-01 1.423603e+00 -1.974634e+00 5.559700e+01
7.028154e-02 1.139299e+01 -6.440485e-01 9.855332e-01 -2.391302e+00 5.436340e+01
7.046115e-02 1.119280e+01 -8.204564e-01 5.245593e-01 -2.765766e+00 5.310227e+01
7.064068e-02 1.097439e+01 -9.700087e-01 -3.064264e-02 -3.111064e+00 5.167303e+01
7.081999e-02 1.075891e+01 -1.110709e+00 -6.361468e-01 -3.428159e+00 5.020490e+01
7.099948e-02 1.052502e+01 -1.232048e+00 -1.274090e+00 -3.693108e+00 4.860352e+01
7.117917e-02 1.028782e+01 -1.327420e+00 -1.987976e+00 -3.936452e+00 4.692219e+01
7.135856e-02 1.005468e+01 -1.407287e+00 -2.739447e+00 -4.123436e+00 4.521717e+01
7.153818e-02 9.824136e+00 -1.466028e+00 -3.485752e+00 -4.273587e+00 4.350460e+01
7.171778e-02 9.580740e+00 -1.503374e+00 -4.264424e+00 -4.385834e+00 4.170751e+01
7.189719e-02 9.353148e+00 -1.515138e+00 -5.071055e+00 -4.448693e+00 3.995380e+01
7.207684e-02 9.116199e+00 -1.510962e+00 -5.832765e+00 -4.477659e+00 3.817113e+01
7.225635e-02 8.898917e+00 -1.485499e+00 -6.609069e+00 -4.456911e+00 3.646143e+01
7.243580e-02 8.670571e+00 -1.435564e+00 -7.346782e+00 -4.393900e+00 3.473400e+01
7.261540e-02 8.467107e+00 -1.371560e+00 -8.066658e+00 -4.297889e+00 3.311893e+01
7.279498e-02 8.267710e+00 -1.284958e+00 -8.751952e+00 -4.158170e+00 3.154462e+01
7.297435e-02 8.082822e+00 -1.185431e+00 -9.395771e+00 -3.988635e+00 3.007891e+01
7.315367e-02 7.898560e+00 -1.066747e+00 -9.961495e+00 -3.783473e+00 2.865945e+01
7.333339e-02 7.734030e+00 -9.402523e-01 -1.048612e+01 -3.547247e+00 2.738093e+01
7.351304e-02 7.584609e+00 -7.968084e-01 -1.094792e+01 -3.288541e+00 2.620606e+01
7.369245e-02 7.445485e+00 -6.466766e-01 -1.133604e+01 -2.997292e+00 2.514971e+01
7.387205e-02 7.318180e+00 -4.867386e-01 -1.165158e+01 -2.694287e+00 2.420547e+01
7.405161e-02 7.209895e+00 -3.226993e-01 -1.190129e+01 -2.369773e+00 2.341244e+01
7.423102e-02 7.113306e+00 -1.546911e-01 -1.206327e+01 -2.032799e+00 2.274158e+01
7.441034e-02 7.030381e+00 1.891040e-02 -1.215440e+01 -1.690972e+00 2.219951e+01
7.458994e-02 6.959962e+00 1.870205e-01 -1.216035e+01 -1.335329e+00 2.178984e+01
7.476952e-02 6.904406e+00 3.566276e-01 -1.209999e+01 -9.881206e-01 2.151500e+01
7.494880e-02 6.870035e+00 5.200697e-01 -1.197490e+01 -6.403270e-01 2.140104e+01
7.512837e-02 6.824998e+00 6.770673e-01 -1.173914e+01 -2.959904e-01 2.132400e+01
7.530798e-02 6.809660e+00 8.306023e-01 -1.146149e+01 3.463638e-02 2.144178e+01
7.548748e-02 6.802850e+00 9.703906e-01 -1.112330e+01 3.546519e-01 2.165228e+01
7.566700e-02 6.799610e+00 1.100685e+00 -1.071706e+01 6.515785e-01 2.195354e+01
7.584667e-02 6.808495e+00 1.216894e+00 -1.025674e+01 9.321821e-01 2.235688e+01
7.602629e-02 6.822569e+00 1.323470e+00 -9.754131e+00 1.184862e+00 2.284076e+01
7.620569e-02 6.848982e+00 1.411082e+00 -9.206936e+00 1.422535e+00 2.342370e+01
7.638530e-02 6.875098e+00 1.485104e+00 -8.631082e+00 1.624288e+00 2.404152e+01
7.656501e-02 6.900432e+00 1.539756e+00 -8.009495e+00 1.797167e+00 2.469451e+01
7.674455e-02 6.934379e+00 1.580180e+00 -7.379285e+00 1.942382e+00 2.540981e+01
7.692398e-02 6.975306e+00 1.602175e+00 -6.744353e+00 2.053425e+00 2.617231e+01
7.710340e-02 7.012814e+00 1.606529e+00 -6.104105e+00 2.136698e+00 2.692205e+01
7.728275e-02 7.049058e+00 1.592836e+00 -5.466822e+00 2.173551e+00 2.766860e+01
7.746218e-02 7.090196e+00 1.564154e+00 -4.842525e+00 2.189331e+00 2.843261e+01
7.764173e-02 7.127756e+00 1.520406e+00 -4.220072e+00 2.173531e+00 2.916735e+01
7.782134e-02 7.162917e+00 1.458306e+00 -3.648476e+00 2.113699e+00 2.986631e+01
7.800113e-02 7.196597e+00 1.386872e+00 -3.090117e+00 2.033722e+00 3.053073e+01
7.818053e-02 7.227974e+00 1.297384e+00 -2.589763e+00 1.911310e+00 3.113624e+01
7.835977e-02 7.251686e+00 1.203295e+00 -2.097232e+00 1.771079e+00 3.169913e+01
7.853945e-02 7.272665e+00 1.096779e+00 -1.691385e+00 1.598234e+00 3.216579e+01
7.871901e-02 7.286512e+00 9.815391e-01 -1.303078e+00 1.398477e+00 3.259103e+01
7.889852e-02 7.291135e+00 8.633418e-01 -9.884835e-01 1.181669e+00 3.289238e+01
7.907812e-02 7.293167e+00 7.372422e-01 -7.294198e-01 9.352398e-01 3.314481e+01
7.925765e-02 7.283628e+00 6.116924e-01 -5.195752e-01 6.809273e-01 3.329395e+01
7.943713e-02 7.268692e+00 4.841585e-01 -3.861319e-01 4.090257e-01 3.335211e+01
7.961653e-02 7.237612e+00 3.561236e-01 -2.852517e-01 1.271897e-01 3.330053e+01
7.979598e-02 7.202525e+00 2.314201e-01 -2.641652e-01 -1.569751e-01 3.316719e+01
7.997559e-02 7.151437e+00 1.089411e-01 -2.710845e-01 -4.463953e-01 3.293167e+01
8.015521e-02 7.097374e+00 -8.795819e-03 -3.695649e-01 -7.384821e-01 3.261510e+01
8.033477e-02 7.024079e+00 -1.199725e-01 -5.002240e-01 -1.022844e+00 3.216671e+01
8.051401e-02 6.949313e+00 -2.260594e-01 -6.815420e-01 -1.293850e+00 3.168422e+01
8.069347e-02 6.850992e+00 -3.218520e-01 -9.073386e-01 -1.557393e+00 3.104694e+01
8.087332e-02 6.760387e+00 -4.132480e-01 -1.170165e+00 -1.801724e+00 3.042039e+01
8.105287e-02 6.650450e+00 -4.943169e-01 -1.477917e+00 -2.035019e+00 2.966381e+01
8.123233e-02 6.529868e+00 -5.633702e-01 -1.821149e+00 -2.233531e+00 2.882581e+01
8.141188e-02 6.411187e+00 -6.258162e-01 -2.185484e+00 -2.417126e+00 2.798948e+01
8.159141e-02 6.278316e+00 -6.753426e-01 -2.573742e+00 -2.574492e+00 2.705735e+01
8.177087e-02 6.149323e+00 -7.167407e-01 -2.990598e+00 -2.702551e+00 2.612387e+01
8.195037e-02 6.005009e+00 -7.436230e-01 -3.403336e+00 -2.798094e+00 2.511392e+01
8.212994e-02 5.870203e+00 -7.642743e-01 -3.840163e+00 -2.869540e+00 2.413261e+01
8.230951e-02 5.729061e+00 -7.703205e-01 -4.260202e+00 -2.907853e+00 2.312749e+01
8.248900e-02 5.589149e+00 -7.668521e-01 -4.700827e+00 -2.915453e+00 2.210667e+01
8.266844e-02 5.454368e+00 -7.521894e-01 -5.119306e+00 -2.896135e+00 2.111869e+01
8.284785e-02 5.320065e+00 -7.256086e-01 -5.530297e+00 -2.844091e+00 2.014785e+01
8.302730e-02 5.191566e+00 -6.909957e-01 -5.921065e+00 -2.771219e+00 1.920425e+01
8.320692e-02 5.069612e+00 -6.431838e-01 -6.292872e+00 -2.664288e+00 1.830396e+01
8.338648e-02 4.958131e+00 -5.885664e-01 -6.646574e+00 -2.540053e+00 1.746082e+01
8.356601e-02 4.844978e+00 -5.230516e-01 -6.948906e+00 -2.388414e+00 1.664585e+01
8.374563e-02 4.750098e+00 -4.487778e-01 -7.243594e+00 -2.215965e+00 1.593019e+01
8.392511e-02 4.662742e+00 -3.685411e-01 -7.488168e+00 -2.031542e+00 1.527149e+01
8.410459e-02 4.578928e+00 -2.795574e-01 -7.687797e+00 -1.821851e+00 1.467356e+01
8.428421e-02 4.512880e+00 -1.872026e-01 -7.854649e+00 -1.606460e+00 1.417571e+01
8.446368e-02 4.452063e+00 -8.882597e-02 -7.973244e+00 -1.378216e+00 1.374962e+01
8.464319e-02 4.407835e+00 1.263248e-02 -8.056170e+00 -1.138546e+00 1.342545e+01
8.482280e-02 4.369125e+00 1.170555e-01 -8.080721e+00 -8.969734e-01 1.317178e+01
8.500226e-02 4.345103e+00 2.203760e-01 -8.075088e+00 -6.508091e-01 1.302097e+01
8.518174e-02 4.321913e+00 3.253751e-01 -7.993347e+00 -4.018148e-01 1.292734e+01
8.536136e-02 4.317461e+00 4.265990e-01 -7.894969e+00 -1.586309e-01 1.295004e+01
8.554093e-02 4.319072e+00 5.281153e-01 -7.735123e+00 8.352352e-02 1.304028e+01
8.572028e-02 4.329620e+00 6.237956e-01 -7.537333e+00 3.151420e-01 1.321597e+01
8.589963e-02 4.348936e+00 7.131745e-01 -7.300538e+00 5.370418e-01 1.345690e+01
8.607915e-02 4.373290e+00 7.999105e-01 -7.017109e+00 7.535995e-01 1.377533e+01
8.625868e-02 4.408019e+00 8.762641e-01 -6.706115e+00 9.460846e-01 1.415749e+01
8.643824e-02 4.444411e+00 9.492727e-01 -6.357021e+00 1.130178e+00 1.458853e+01
8.661787e-02 4.488210e+00 1.010348e+00 -5.978192e+00 1.292420e+00 1.508311e+01
8.679744e-02 4.539303e+00 1.065148e+00 -5.584527e+00 1.437955e+00 1.561800e+01
8.697703e-02 4.591769e+00 1.111181e+00 -5.162333e+00 1.563989e+00 1.620461e+01
8.715648e-02 4.643974e+00 1.143694e+00 -4.722967e+00 1.658149e+00 1.678724e+01
8.733588e-02 4.698713e+00 1.169436e+00 -4.282675e+00 1.736649e+00 1.740631e+01
8.751546e-02 4.756698e+00 1.184779e+00 -3.817285e+00 1.791462e+00 1.805001e+01
8.769504e-02 4.813240e+00 1.189442e+00 -3.369672e+00 1.817240e+00 1.868173e+01
8.787468e-02 4.869478e+00 1.183278e+00 -2.916347e+00 1.822407e+00 1.932355e+01
8.805415e-02 4.924638e+00 1.167352e+00 -2.475990e+00 1.793183e+00 1.994138e+01
8.823359e-02 4.972874e+00 1.139871e+00 -2.037805e+00 1.748294e+00 2.053026e+01
8.841311e-02 5.025352e+00 1.106354e+00 -1.622716e+00 1.676501e+00 2.112006e+01
8.859270e-02 5.066054e+00 1.057322e+00 -1.231052e+00 1.574934e+00 2.163292e+01
8.877226e-02 5.105294e+00 1.004298e+00 -8.519520e-01 1.458535e+00 2.211874e+01
8.895172e-02 5.143934e+00 9.418927e-01 -5.170945e-01 1.308877e+00 2.256483e+01
8.913118e-02 5.168847e+00 8.704900e-01 -1.934773e-01 1.143833e+00 2.292558e+01
8.931072e-02 5.194832e+00 7.979256e-01 8.490330e-02 9.597973e-01 2.324704e+01
8.949031e-02 5.211956e+00 7.134721e-01 3.364150e-01 7.497738e-01 2.348317e+01
8.966973e-02 5.217755e+00 6.309562e-01 5.495414e-01 5.270202e-01 2.362825e+01
8.984928e-02 5.222247e+00 5.419411e-01 7.313252e-01 2.798626e-01 2.372599e+01
9.002870e-02 5.216036e+00 4.554517e-01 8.743634e-01 2.685991e-02 2.371223e+01
9.020814e-02 5.203371e+00 3.688663e-01 9.785907e-01 -2.488201e-01 2.362986e+01
9.038774e-02 5.181866e+00 2.851818e-01 1.057945e+00 -5.317063e-01 2.345482e+01
9.056723e-02 5.152526e+00 2.054855e-01 1.098449e+00 -8.358819e-01 2.319559e+01
9.074682e-02 5.118521e+00 1.360222e-01 1.116974e+00 -1.137507e+00 2.288012e+01
9.092635e-02 5.078149e+00 7.336149e-02 1.104291e+00 -1.463499e+00 2.249412e+01
9.110583e-02 5.021337e+00 2.649364e-02 1.076537e+00 -1.776423e+00 2.201714e+01
9.128546e-02 4.963791e+00 -3.204566e-03 1.050294e+00 -2.099278e+00 2.155236e+01
9.146502e-02 4.899816e+00 -3.178327e-04 1.013742e+00 -2.386024e+00 2.109173e+01
9.164437e-02 4.831801e+00 3.350088e-02 9.854892e-01 -2.635801e+00 2.069902e+01
9.182391e-02 4.748260e+00 1.995514e-01 9.888606e-01 -2.593686e+00 2.040712e+01
