# k, q0, q1/i, q2, q3/i, q4, norm, alpha = 0.00032332352494034096, 0.020160886971027085
0.000000e+00 1.445124e+07 0.000000e+00 0.000000e+00 0.000000e+00 -3.449292e+06
2.542755e-04 1.434782e+07 1.024436e+06 9.778154e+03 -3.460371e+04 8.907680e+05
4.308321e-04 1.416349e+07 1.710072e+06 1.349163e+04 8.157765e+03 -2.977464e+05
6.127972e-04 1.387692e+07 2.377555e+06 3.180452e+04 5.587402e+03 3.599197e+05
7.953316e-04 1.350072e+07 2.991492e+06 5.096435e+04 5.007784e+04 8.456820e+04
9.814571e-04 1.303000e+07 3.545109e+06 8.204285e+04 9.351095e+04 5.595519e+04
1.156539e-03 1.252058e+07 3.989180e+06 1.127590e+05 1.847152e+05 -1.537546e+05
1.336205e-03 1.193466e+07 4.366042e+06 1.740763e+05 2.438319e+05 4.512718e+04
1.522449e-03 1.127868e+07 4.650497e+06 2.283082e+05 3.913778e+05 -2.358515e+05
1.702691e-03 1.060051e+07 4.849695e+06 3.261062e+05 4.891510e+05 -7.654351e+03
1.882192e-03 9.905639e+06 4.933835e+06 4.063204e+05 6.630942e+05 -3.390853e+05
2.058659e-03 9.201310e+06 4.955226e+06 5.304588e+05 8.220722e+05 -1.741759e+05
2.236532e-03 8.488204e+06 4.889601e+06 6.635489e+05 9.638384e+05 -2.775761e+05
2.420114e-03 7.771718e+06 4.719224e+06 7.854272e+05 1.238092e+06 -5.585316e+05
2.599101e-03 7.078694e+06 4.512053e+06 9.440289e+05 1.424762e+06 -6.267696e+05
2.777369e-03 6.409506e+06 4.254464e+06 1.113123e+06 1.604541e+06 -6.965900e+05
2.956466e-03 5.772636e+06 3.945501e+06 1.277539e+06 1.844399e+06 -8.110019e+05
3.137227e-03 5.169927e+06 3.593399e+06 1.445957e+06 2.031252e+06 -1.019146e+06
3.318471e-03 4.599788e+06 3.232279e+06 1.617961e+06 2.242266e+06 -1.104885e+06
3.497455e-03 4.075258e+06 2.868774e+06 1.780316e+06 2.393842e+06 -1.209435e+06
3.677740e-03 3.600250e+06 2.497099e+06 1.926679e+06 2.555471e+06 -1.330363e+06
3.857458e-03 3.172737e+06 2.122121e+06 2.065279e+06 2.720059e+06 -1.499221e+06
4.036058e-03 2.780847e+06 1.787621e+06 2.183082e+06 2.792331e+06 -1.528098e+06
4.215732e-03 2.431801e+06 1.465164e+06 2.275090e+06 2.902206e+06 -1.629666e+06
4.393900e-03 2.126064e+06 1.168262e+06 2.350493e+06 2.926062e+06 -1.658866e+06
4.573307e-03 1.861008e+06 9.042011e+05 2.392841e+06 2.967676e+06 -1.716524e+06
4.754683e-03 1.621106e+06 6.717325e+05 2.408774e+06 2.958862e+06 -1.722981e+06
4.935208e-03 1.404838e+06 4.629255e+05 2.411358e+06 2.897345e+06 -1.671823e+06
5.114267e-03 1.232615e+06 2.973907e+05 2.373806e+06 2.845998e+06 -1.659661e+06
5.292984e-03 1.071732e+06 1.517816e+05 2.324756e+06 2.730671e+06 -1.561605e+06
5.471846e-03 9.421979e+05 4.446537e+04 2.239468e+06 2.632499e+06 -1.513179e+06
5.651916e-03 8.169511e+05 -5.461430e+04 2.155386e+06 2.466734e+06 -1.359381e+06
5.831477e-03 7.195377e+05 -1.156862e+05 2.036463e+06 2.330977e+06 -1.276280e+06
6.011451e-03 6.289524e+05 -1.637931e+05 1.909239e+06 2.156782e+06 -1.141468e+06
6.191171e-03 5.506625e+05 -2.037345e+05 1.780995e+06 1.976573e+06 -9.894956e+05
6.370885e-03 4.812688e+05 -2.220067e+05 1.638241e+06 1.795342e+06 -8.555694e+05
6.550978e-03 4.215780e+05 -2.364534e+05 1.498909e+06 1.613073e+06 -7.058533e+05
6.729662e-03 3.691012e+05 -2.374981e+05 1.351580e+06 1.433711e+06 -5.749349e+05
6.908722e-03 3.210853e+05 -2.373239e+05 1.214169e+06 1.258037e+06 -4.384044e+05
7.088232e-03 2.810346e+05 -2.334210e+05 1.082950e+06 1.094716e+06 -3.112837e+05
7.267194e-03 2.423591e+05 -2.223623e+05 9.471053e+05 9.304360e+05 -2.010765e+05
7.447006e-03 2.119893e+05 -2.145133e+05 8.311994e+05 7.917423e+05 -9.745766e+04
7.626893e-03 1.823495e+05 -2.042108e+05 7.176956e+05 6.489578e+05 -2.209745e+03
7.807282e-03 1.576028e+05 -1.892184e+05 6.112472e+05 5.363368e+05 6.194612e+04
7.987750e-03 1.357675e+05 -1.783571e+05 5.193043e+05 4.274097e+05 1.259269e+05
8.167388e-03 1.164602e+05 -1.665851e+05 4.327207e+05 3.245861e+05 1.803458e+05
8.345882e-03 1.011641e+05 -1.528811e+05 3.600970e+05 2.565048e+05 2.034291e+05
8.524356e-03 8.652127e+04 -1.416690e+05 2.936525e+05 1.817936e+05 2.311740e+05
8.703951e-03 7.535116e+04 -1.288901e+05 2.374050e+05 1.312143e+05 2.365695e+05
8.883655e-03 6.492646e+04 -1.170038e+05 1.848597e+05 7.584859e+04 2.476278e+05
9.063959e-03 5.628916e+04 -1.041310e+05 1.408057e+05 4.194600e+04 2.373627e+05
9.243959e-03 4.927177e+04 -9.243327e+04 1.047192e+05 1.579472e+04 2.226719e+05
9.423354e-03 4.315046e+04 -8.072080e+04 7.173039e+04 -1.139624e+04 2.123660e+05
9.603476e-03 3.821773e+04 -6.947334e+04 4.677056e+04 -2.311547e+04 1.867993e+05
9.782217e-03 3.371805e+04 -5.872615e+04 2.355405e+04 -3.666927e+04 1.688157e+05
9.961474e-03 3.019672e+04 -4.842110e+04 5.619912e+03 -4.212649e+04 1.445408e+05
1.014145e-02 2.715149e+04 -3.870374e+04 -8.950966e+03 -4.496254e+04 1.205554e+05
1.032017e-02 2.448993e+04 -2.975170e+04 -2.145879e+04 -4.768471e+04 1.026496e+05
1.049983e-02 2.227987e+04 -2.181851e+04 -2.942763e+04 -4.395123e+04 7.811957e+04
1.067933e-02 2.042496e+04 -1.431583e+04 -3.628324e+04 -4.106931e+04 5.991659e+04
1.085922e-02 1.868232e+04 -8.039294e+03 -3.990398e+04 -3.576347e+04 4.192280e+04
1.103911e-02 1.755682e+04 -2.122468e+03 -4.283418e+04 -3.030044e+04 2.705423e+04
1.121859e-02 1.626402e+04 2.487513e+03 -4.343538e+04 -2.449165e+04 1.519720e+04
1.139867e-02 1.540395e+04 6.687211e+03 -4.253603e+04 -1.720608e+04 3.308173e+03
1.157742e-02 1.472995e+04 9.966003e+03 -4.071434e+04 -1.027692e+04 -4.856680e+03
1.175702e-02 1.419458e+04 1.266885e+04 -3.762575e+04 -3.202153e+03 -1.211921e+04
1.193688e-02 1.379333e+04 1.470964e+04 -3.409918e+04 3.267898e+03 -1.620298e+04
1.211563e-02 1.336200e+04 1.606867e+04 -2.950120e+04 9.812653e+03 -1.912921e+04
1.229554e-02 1.348249e+04 1.734164e+04 -2.483281e+04 1.644809e+04 -2.150974e+04
1.247535e-02 1.327604e+04 1.772337e+04 -1.964864e+04 2.185794e+04 -2.108246e+04
1.265439e-02 1.337617e+04 1.806349e+04 -1.435072e+04 2.701020e+04 -2.072881e+04
1.283343e-02 1.339930e+04 1.800862e+04 -8.956760e+03 3.173480e+04 -1.852476e+04
1.301293e-02 1.367833e+04 1.773801e+04 -3.872703e+03 3.577949e+04 -1.610307e+04
1.319355e-02 1.383970e+04 1.716040e+04 1.366444e+03 3.913611e+04 -1.277805e+04
1.337382e-02 1.402378e+04 1.646891e+04 6.247467e+03 4.173050e+04 -8.601597e+03
1.355335e-02 1.424386e+04 1.570057e+04 1.081224e+04 4.371364e+04 -4.325339e+03
1.373274e-02 1.447821e+04 1.473780e+04 1.496342e+04 4.517205e+04 2.304693e+02
1.391170e-02 1.467821e+04 1.380082e+04 1.887989e+04 4.604471e+04 4.863848e+03
1.409058e-02 1.480865e+04 1.278497e+04 2.244302e+04 4.614339e+04 1.018486e+04
1.427002e-02 1.488035e+04 1.165070e+04 2.539803e+04 4.561989e+04 1.503836e+04
1.444910e-02 1.499991e+04 1.059988e+04 2.804276e+04 4.492462e+04 1.999042e+04
1.462844e-02 1.498870e+04 9.537328e+03 3.005795e+04 4.364384e+04 2.441825e+04
1.480897e-02 1.492451e+04 8.450218e+03 3.205615e+04 4.195827e+04 2.928004e+04
1.498891e-02 1.479109e+04 7.373926e+03 3.334906e+04 3.985518e+04 3.351124e+04
1.516797e-02 1.462438e+04 6.376211e+03 3.441152e+04 3.773847e+04 3.744917e+04
1.534742e-02 1.438195e+04 5.356608e+03 3.495627e+04 3.526748e+04 4.097571e+04
1.552755e-02 1.403488e+04 4.360054e+03 3.515808e+04 3.249815e+04 4.409359e+04
1.570712e-02 1.367036e+04 3.373204e+03 3.527765e+04 2.990754e+04 4.685448e+04
1.588558e-02 1.323933e+04 2.463060e+03 3.474401e+04 2.694449e+04 4.909870e+04
1.606539e-02 1.276387e+04 1.599429e+03 3.425148e+04 2.436441e+04 5.068872e+04
1.624590e-02 1.225493e+04 6.937806e+02 3.351539e+04 2.146258e+04 5.216389e+04
1.642530e-02 1.171214e+04 -8.045834e+01 3.235271e+04 1.875225e+04 5.289090e+04
1.660477e-02 1.110597e+04 -8.982379e+02 3.107421e+04 1.604059e+04 5.321265e+04
1.678430e-02 1.056656e+04 -1.623604e+03 2.988359e+04 1.353035e+04 5.323408e+04
1.696359e-02 9.928472e+03 -2.273626e+03 2.837676e+04 1.127858e+04 5.243044e+04
1.714294e-02 9.334649e+03 -2.918556e+03 2.680158e+04 8.927033e+03 5.163707e+04
1.732202e-02 8.736534e+03 -3.423788e+03 2.519067e+04 6.965173e+03 5.022509e+04
1.750141e-02 8.167943e+03 -3.922572e+03 2.357156e+04 5.050775e+03 4.868214e+04
1.768181e-02 7.594842e+03 -4.315643e+03 2.180209e+04 3.336947e+03 4.666444e+04
1.786131e-02 7.012008e+03 -4.601954e+03 1.996046e+04 1.833349e+03 4.433443e+04
1.804025e-02 6.509037e+03 -4.853687e+03 1.832270e+04 4.991261e+02 4.207324e+04
1.822032e-02 5.992263e+03 -5.014021e+03 1.659969e+04 -6.439789e+02 3.946336e+04
1.839987e-02 5.495085e+03 -5.083292e+03 1.480896e+04 -1.672383e+03 3.670312e+04
1.857923e-02 5.035177e+03 -5.081685e+03 1.311137e+04 -2.504846e+03 3.395996e+04
1.875889e-02 4.582052e+03 -5.017891e+03 1.145954e+04 -3.173049e+03 3.105896e+04
1.893827e-02 4.188729e+03 -4.886038e+03 9.862143e+03 -3.727734e+03 2.833416e+04
1.911768e-02 3.788542e+03 -4.705973e+03 8.269889e+03 -4.172308e+03 2.548807e+04
1.929737e-02 3.427563e+03 -4.479856e+03 6.796614e+03 -4.485252e+03 2.279035e+04
1.947670e-02 3.100200e+03 -4.205847e+03 5.426140e+03 -4.651696e+03 2.021885e+04
1.965601e-02 2.778516e+03 -3.906396e+03 4.124505e+03 -4.740955e+03 1.766881e+04
1.983541e-02 2.499996e+03 -3.577343e+03 2.888577e+03 -4.757596e+03 1.536156e+04
2.001489e-02 2.238556e+03 -3.233757e+03 1.757433e+03 -4.668325e+03 1.308221e+04
2.019468e-02 2.010361e+03 -2.882273e+03 8.099113e+02 -4.483945e+03 1.109797e+04
2.037444e-02 1.802296e+03 -2.521119e+03 -6.913266e+01 -4.239211e+03 9.210426e+03
2.055417e-02 1.620711e+03 -2.162243e+03 -8.417494e+02 -3.942696e+03 7.504103e+03
2.073390e-02 1.470570e+03 -1.803776e+03 -1.472534e+03 -3.573798e+03 6.032831e+03
2.091338e-02 1.329974e+03 -1.450575e+03 -1.994588e+03 -3.152163e+03 4.628385e+03
2.109302e-02 1.225978e+03 -1.107112e+03 -2.400925e+03 -2.681039e+03 3.479499e+03
2.127237e-02 1.135328e+03 -7.710558e+02 -2.701151e+03 -2.187802e+03 2.456337e+03
2.145116e-02 1.074583e+03 -4.657516e+02 -2.889718e+03 -1.662153e+03 1.649414e+03
2.163077e-02 1.020872e+03 -1.580470e+02 -2.982142e+03 -1.116415e+03 9.465059e+02
2.181049e-02 9.892172e+02 1.244978e+02 -2.982603e+03 -5.507696e+02 3.945877e+02
2.198999e-02 9.798453e+02 3.850791e+02 -2.904313e+03 -9.560530e-01 4.496045e+01
2.216980e-02 9.754073e+02 6.266451e+02 -2.757221e+03 5.523434e+02 -2.358681e+02
2.234970e-02 9.870026e+02 8.473136e+02 -2.536955e+03 1.095523e+03 -3.616252e+02
2.252980e-02 1.008402e+03 1.041995e+03 -2.255544e+03 1.612149e+03 -3.667643e+02
2.270853e-02 1.038137e+03 1.209097e+03 -1.932774e+03 2.094251e+03 -2.629815e+02
2.288717e-02 1.075450e+03 1.355076e+03 -1.568579e+03 2.545788e+03 -6.333898e+01
2.306686e-02 1.114857e+03 1.469547e+03 -1.171238e+03 2.960491e+03 2.176328e+02
2.324649e-02 1.166402e+03 1.563910e+03 -7.410055e+02 3.332810e+03 6.080328e+02
2.342617e-02 1.217921e+03 1.629569e+03 -3.096932e+02 3.653834e+03 1.050774e+03
2.360560e-02 1.270719e+03 1.675379e+03 1.544063e+02 3.941440e+03 1.558508e+03
2.378549e-02 1.324544e+03 1.690706e+03 5.993197e+02 4.157550e+03 2.103332e+03
2.396571e-02 1.380023e+03 1.685845e+03 1.071871e+03 4.351396e+03 2.706706e+03
2.414482e-02 1.432800e+03 1.663746e+03 1.506929e+03 4.478134e+03 3.305525e+03
2.432376e-02 1.482323e+03 1.616935e+03 1.950513e+03 4.564302e+03 3.935656e+03
2.450343e-02 1.534560e+03 1.553081e+03 2.365154e+03 4.590983e+03 4.586310e+03
2.468304e-02 1.578389e+03 1.476217e+03 2.760282e+03 4.591067e+03 5.202414e+03
2.486245e-02 1.618768e+03 1.387075e+03 3.130507e+03 4.538238e+03 5.816477e+03
2.504187e-02 1.656746e+03 1.283455e+03 3.473092e+03 4.451112e+03 6.409527e+03
2.522156e-02 1.687936e+03 1.173795e+03 3.782924e+03 4.327329e+03 6.969949e+03
2.540110e-02 1.713770e+03 1.050837e+03 4.046059e+03 4.156345e+03 7.490953e+03
2.558029e-02 1.732517e+03 9.293212e+02 4.289140e+03 3.976227e+03 7.964244e+03
2.575992e-02 1.743395e+03 7.991265e+02 4.488434e+03 3.756813e+03 8.388532e+03
2.593954e-02 1.749426e+03 6.677466e+02 4.633992e+03 3.503873e+03 8.756655e+03
2.611933e-02 1.748212e+03 5.415385e+02 4.757996e+03 3.256994e+03 9.074962e+03
2.629913e-02 1.741576e+03 4.092829e+02 4.845271e+03 2.978304e+03 9.342226e+03
2.647853e-02 1.720722e+03 2.807379e+02 4.872515e+03 2.677236e+03 9.517507e+03
2.665812e-02 1.700851e+03 1.618352e+02 4.875356e+03 2.390081e+03 9.659676e+03
2.683805e-02 1.669854e+03 4.064420e+01 4.841149e+03 2.082789e+03 9.730023e+03
2.701719e-02 1.633080e+03 -7.216643e+01 4.768832e+03 1.777843e+03 9.740479e+03
2.719620e-02 1.591502e+03 -1.806665e+02 4.672847e+03 1.471523e+03 9.709793e+03
2.737553e-02 1.539245e+03 -2.773341e+02 4.525083e+03 1.176001e+03 9.581920e+03
2.755538e-02 1.488283e+03 -3.703752e+02 4.373491e+03 8.873478e+02 9.440434e+03
2.773538e-02 1.429374e+03 -4.565909e+02 4.183846e+03 6.034969e+02 9.230833e+03
2.791455e-02 1.365704e+03 -5.349648e+02 3.972055e+03 3.309351e+02 8.975901e+03
2.809381e-02 1.301984e+03 -6.021574e+02 3.753052e+03 8.277738e+01 8.690660e+03
2.827308e-02 1.232432e+03 -6.610698e+02 3.499478e+03 -1.516376e+02 8.341850e+03
2.845277e-02 1.163659e+03 -7.134689e+02 3.252718e+03 -3.690384e+02 7.986355e+03
2.863250e-02 1.091600e+03 -7.554277e+02 2.984937e+03 -5.668452e+02 7.582633e+03
2.881166e-02 1.021810e+03 -7.887664e+02 2.718701e+03 -7.394518e+02 7.165082e+03
2.899137e-02 9.515369e+02 -8.120555e+02 2.443978e+03 -8.913628e+02 6.726561e+03
2.917126e-02 8.811122e+02 -8.284171e+02 2.170459e+03 -1.023218e+03 6.266337e+03
2.935071e-02 8.139710e+02 -8.315383e+02 1.898202e+03 -1.125774e+03 5.801592e+03
2.953030e-02 7.493267e+02 -8.296555e+02 1.637596e+03 -1.208673e+03 5.337337e+03
2.970997e-02 6.859944e+02 -8.174722e+02 1.380345e+03 -1.267656e+03 4.866086e+03
2.988940e-02 6.263815e+02 -7.946310e+02 1.128622e+03 -1.301054e+03 4.396334e+03
3.006874e-02 5.701251e+02 -7.656306e+02 8.928550e+02 -1.315359e+03 3.941717e+03
3.024815e-02 5.179360e+02 -7.299538e+02 6.710325e+02 -1.310586e+03 3.499932e+03
3.042767e-02 4.685500e+02 -6.862039e+02 4.567922e+02 -1.284827e+03 3.068365e+03
3.060744e-02 4.236422e+02 -6.347450e+02 2.596487e+02 -1.238523e+03 2.657658e+03
3.078708e-02 3.832234e+02 -5.811838e+02 8.248029e+01 -1.181305e+03 2.276185e+03
3.096646e-02 3.463032e+02 -5.213147e+02 -7.929377e+01 -1.104568e+03 1.914659e+03
3.114600e-02 3.133099e+02 -4.584765e+02 -2.254618e+02 -1.018197e+03 1.581118e+03
3.132546e-02 2.850652e+02 -3.926980e+02 -3.525339e+02 -9.203588e+02 1.280338e+03
3.150520e-02 2.597091e+02 -3.261943e+02 -4.587132e+02 -8.114252e+02 1.006606e+03
3.168484e-02 2.392310e+02 -2.586284e+02 -5.485059e+02 -6.978080e+02 7.682999e+02
3.186375e-02 2.223763e+02 -1.921934e+02 -6.179114e+02 -5.779802e+02 5.628409e+02
3.204302e-02 2.097064e+02 -1.258249e+02 -6.665947e+02 -4.515488e+02 3.938840e+02
3.222277e-02 2.002908e+02 -6.210957e+01 -7.000544e+02 -3.261198e+02 2.528207e+02
3.240259e-02 1.944274e+02 -1.914420e-01 -7.124186e+02 -1.956059e+02 1.473678e+02
3.258186e-02 1.922194e+02 5.790417e+01 -7.097164e+02 -7.017960e+01 7.246235e+01
3.276123e-02 1.930577e+02 1.131160e+02 -6.876765e+02 5.825613e+01 3.063187e+01
3.294133e-02 1.970178e+02 1.646285e+02 -6.524683e+02 1.811066e+02 1.561120e+01
3.312088e-02 2.030368e+02 2.108423e+02 -6.020466e+02 2.991151e+02 2.807308e+01
3.330035e-02 2.118370e+02 2.534089e+02 -5.370671e+02 4.145159e+02 6.701329e+01
3.347992e-02 2.228696e+02 2.908639e+02 -4.618257e+02 5.204063e+02 1.281125e+02
3.365971e-02 2.357902e+02 3.239431e+02 -3.762169e+02 6.222672e+02 2.121322e+02
3.383927e-02 2.501026e+02 3.513751e+02 -2.827162e+02 7.127498e+02 3.140149e+02
3.401835e-02 2.652244e+02 3.741970e+02 -1.807458e+02 7.964625e+02 4.310192e+02
3.419757e-02 2.815272e+02 3.913602e+02 -7.429224e+01 8.690515e+02 5.640806e+02
3.437723e-02 2.983077e+02 4.046492e+02 3.513501e+01 9.321156e+02 7.058878e+02
3.455683e-02 3.157065e+02 4.116452e+02 1.460315e+02 9.840641e+02 8.607611e+02
3.473619e-02 3.327487e+02 4.144276e+02 2.590287e+02 1.024605e+03 1.019849e+03
3.491584e-02 3.497491e+02 4.125106e+02 3.713987e+02 1.055902e+03 1.184527e+03
3.509556e-02 3.663818e+02 4.057221e+02 4.812631e+02 1.074170e+03 1.352397e+03
3.527533e-02 3.819823e+02 3.952197e+02 5.871989e+02 1.083143e+03 1.517587e+03
3.545456e-02 3.967694e+02 3.796554e+02 6.878344e+02 1.078361e+03 1.682571e+03
3.563370e-02 4.105417e+02 3.618375e+02 7.864686e+02 1.067716e+03 1.843559e+03
3.581332e-02 4.224970e+02 3.387639e+02 8.729900e+02 1.041463e+03 1.995251e+03
3.599287e-02 4.337830e+02 3.147515e+02 9.558819e+02 1.011214e+03 2.142434e+03
3.617240e-02 4.430196e+02 2.866608e+02 1.031791e+03 9.703304e+02 2.279209e+03
3.635196e-02 4.512973e+02 2.567576e+02 1.098603e+03 9.214492e+02 2.407144e+03
3.653161e-02 4.567112e+02 2.254084e+02 1.153575e+03 8.661277e+02 2.516308e+03
3.671117e-02 4.610898e+02 1.920973e+02 1.198690e+03 8.030497e+02 2.615004e+03
3.689084e-02 4.638198e+02 1.589053e+02 1.239620e+03 7.382855e+02 2.702964e+03
3.707056e-02 4.642999e+02 1.242505e+02 1.266545e+03 6.662119e+02 2.771696e+03
3.724984e-02 4.629711e+02 9.015585e+01 1.284823e+03 5.923230e+02 2.825106e+03
3.742914e-02 4.594912e+02 5.616945e+01 1.290128e+03 5.151411e+02 2.859455e+03
3.760871e-02 4.550014e+02 2.233145e+01 1.292420e+03 4.375391e+02 2.883988e+03
3.778826e-02 4.482347e+02 -9.145333e+00 1.280804e+03 3.596420e+02 2.887759e+03
3.796764e-02 4.398327e+02 -4.055039e+01 1.259585e+03 2.811404e+02 2.874824e+03
3.814709e-02 4.298493e+02 -6.969760e+01 1.230411e+03 2.041046e+02 2.846278e+03
3.832696e-02 4.187013e+02 -9.739373e+01 1.196995e+03 1.290678e+02 2.807490e+03
3.850665e-02 4.058679e+02 -1.230572e+02 1.152436e+03 5.662341e+01 2.750188e+03
3.868582e-02 3.915620e+02 -1.455471e+02 1.101390e+03 -1.169356e+01 2.676724e+03
3.886530e-02 3.765230e+02 -1.666494e+02 1.044235e+03 -7.745090e+01 2.595585e+03
3.904481e-02 3.606923e+02 -1.848254e+02 9.829467e+02 -1.384159e+02 2.502190e+03
3.922441e-02 3.436916e+02 -2.005880e+02 9.168126e+02 -1.941140e+02 2.398117e+03
3.940396e-02 3.261920e+02 -2.129805e+02 8.451131e+02 -2.432081e+02 2.283023e+03
3.958316e-02 3.084868e+02 -2.238493e+02 7.734933e+02 -2.895350e+02 2.165525e+03
3.976287e-02 2.902046e+02 -2.312807e+02 6.978239e+02 -3.275708e+02 2.038215e+03
3.994250e-02 2.720532e+02 -2.363199e+02 6.201025e+02 -3.611866e+02 1.906102e+03
4.012200e-02 2.538354e+02 -2.386100e+02 5.440009e+02 -3.869139e+02 1.772455e+03
4.030171e-02 2.358668e+02 -2.388494e+02 4.680171e+02 -4.077572e+02 1.636554e+03
4.048123e-02 2.183233e+02 -2.362936e+02 3.910959e+02 -4.222854e+02 1.499130e+03
4.066058e-02 2.012673e+02 -2.312708e+02 3.175995e+02 -4.292558e+02 1.362899e+03
4.084001e-02 1.850842e+02 -2.248794e+02 2.472316e+02 -4.332224e+02 1.230562e+03
4.101966e-02 1.695029e+02 -2.154990e+02 1.783665e+02 -4.280355e+02 1.098606e+03
4.119937e-02 1.550981e+02 -2.049397e+02 1.146555e+02 -4.197351e+02 9.737528e+02
4.137874e-02 1.415790e+02 -1.918815e+02 5.369750e+01 -4.044978e+02 8.522358e+02
4.155813e-02 1.290346e+02 -1.779341e+02 -1.219962e+00 -3.856338e+02 7.380786e+02
4.173777e-02 1.178113e+02 -1.625227e+02 -5.146259e+01 -3.624837e+02 6.311946e+02
4.191752e-02 1.078208e+02 -1.454153e+02 -9.739485e+01 -3.338458e+02 5.317563e+02
4.209699e-02 9.913062e+01 -1.277306e+02 -1.364422e+02 -3.027722e+02 4.420775e+02
4.227635e-02 9.140373e+01 -1.090021e+02 -1.709543e+02 -2.682762e+02 3.595586e+02
4.245594e-02 8.507568e+01 -8.989558e+01 -1.985855e+02 -2.315616e+02 2.879578e+02
4.263530e-02 8.023438e+01 -7.048080e+01 -2.216747e+02 -1.926053e+02 2.265629e+02
4.281442e-02 7.620465e+01 -5.070103e+01 -2.382115e+02 -1.518634e+02 1.735923e+02
4.299392e-02 7.335890e+01 -3.139211e+01 -2.488851e+02 -1.110334e+02 1.315801e+02
4.317364e-02 7.177595e+01 -1.203142e+01 -2.546866e+02 -6.899940e+01 9.928013e+01
4.335324e-02 7.134983e+01 6.580005e+00 -2.547841e+02 -2.722807e+01 7.761401e+01
4.353285e-02 7.187488e+01 2.443872e+01 -2.503899e+02 1.397048e+01 6.518401e+01
4.371256e-02 7.317115e+01 4.151050e+01 -2.405257e+02 5.413181e+01 6.140041e+01
4.389237e-02 7.522644e+01 5.720111e+01 -2.259346e+02 9.244765e+01 6.672071e+01
4.407181e-02 7.833590e+01 7.192167e+01 -2.076889e+02 1.296347e+02 8.080450e+01
4.425100e-02 8.206247e+01 8.495416e+01 -1.854710e+02 1.635703e+02 1.027934e+02
4.443069e-02 8.623581e+01 9.682527e+01 -1.595283e+02 1.960774e+02 1.313293e+02
4.461032e-02 9.101214e+01 1.068664e+02 -1.307707e+02 2.249674e+02 1.663311e+02
4.478953e-02 9.614902e+01 1.154020e+02 -9.922430e+01 2.511888e+02 2.072406e+02
4.496901e-02 1.019374e+02 1.224143e+02 -6.642656e+01 2.744722e+02 2.530609e+02
4.514874e-02 1.074955e+02 1.275433e+02 -3.068128e+01 2.938245e+02 3.024604e+02
4.532821e-02 1.136475e+02 1.311189e+02 4.818024e+00 3.101247e+02 3.559735e+02
4.550745e-02 1.196045e+02 1.331974e+02 4.177214e+01 3.228063e+02 4.110470e+02
4.568707e-02 1.255232e+02 1.335397e+02 7.875716e+01 3.317845e+02 4.677297e+02
4.586694e-02 1.316174e+02 1.323132e+02 1.148262e+02 3.372283e+02 5.259547e+02
4.604629e-02 1.371079e+02 1.298392e+02 1.511071e+02 3.392614e+02 5.831893e+02
4.622568e-02 1.425186e+02 1.256229e+02 1.858558e+02 3.376425e+02 6.399767e+02
4.640539e-02 1.475252e+02 1.205947e+02 2.191426e+02 3.330778e+02 6.951829e+02
4.658483e-02 1.523014e+02 1.139128e+02 2.498152e+02 3.245444e+02 7.485666e+02
4.676428e-02 1.564460e+02 1.063954e+02 2.789297e+02 3.135694e+02 7.990795e+02
4.694377e-02 1.600511e+02 9.773039e+01 3.054051e+02 2.994994e+02 8.455784e+02
4.712315e-02 1.631766e+02 8.835813e+01 3.292332e+02 2.829830e+02 8.890599e+02
4.730271e-02 1.656664e+02 7.823550e+01 3.498319e+02 2.638204e+02 9.277587e+02
4.748233e-02 1.675114e+02 6.746809e+01 3.671081e+02 2.428604e+02 9.613864e+02
4.766205e-02 1.688503e+02 5.629428e+01 3.820118e+02 2.198271e+02 9.914959e+02
4.784146e-02 1.695223e+02 4.472140e+01 3.922732e+02 1.955261e+02 1.014603e+03
4.802067e-02 1.694200e+02 3.311039e+01 3.998419e+02 1.697565e+02 1.033059e+03
4.820042e-02 1.687290e+02 2.137157e+01 4.040965e+02 1.435013e+02 1.045249e+03
4.838029e-02 1.674297e+02 9.699905e+00 4.053518e+02 1.164103e+02 1.052893e+03
4.855956e-02 1.655817e+02 -1.703165e+00 4.030966e+02 8.929467e+01 1.054372e+03
4.873901e-02 1.628943e+02 -1.275831e+01 3.970901e+02 6.197161e+01 1.048861e+03
4.891873e-02 1.599674e+02 -2.327281e+01 3.881280e+02 3.524833e+01 1.039494e+03
4.909828e-02 1.563033e+02 -3.332124e+01 3.774682e+02 9.464217e+00 1.024534e+03
4.927778e-02 1.522117e+02 -4.260601e+01 3.630175e+02 -1.588942e+01 1.003972e+03
4.945710e-02 1.475796e+02 -5.120292e+01 3.464250e+02 -3.964611e+01 9.783188e+02
4.963681e-02 1.426276e+02 -5.890276e+01 3.277797e+02 -6.218398e+01 9.489306e+02
4.981627e-02 1.373740e+02 -6.561741e+01 3.064824e+02 -8.286121e+01 9.149799e+02
4.999549e-02 1.316761e+02 -7.170744e+01 2.847454e+02 -1.021129e+02 8.776359e+02
5.017513e-02 1.258457e+02 -7.646316e+01 2.603889e+02 -1.191182e+02 8.366812e+02
5.035469e-02 1.196436e+02 -8.039201e+01 2.355215e+02 -1.340817e+02 7.930670e+02
5.053422e-02 1.135081e+02 -8.323506e+01 2.095768e+02 -1.468233e+02 7.473186e+02
5.071373e-02 1.070863e+02 -8.510523e+01 1.831912e+02 -1.573545e+02 6.992811e+02
5.089331e-02 1.008581e+02 -8.602107e+01 1.563941e+02 -1.657728e+02 6.508372e+02
5.107290e-02 9.459663e+01 -8.576978e+01 1.291878e+02 -1.713778e+02 6.011729e+02
5.125246e-02 8.824797e+01 -8.473598e+01 1.030878e+02 -1.749809e+02 5.509868e+02
5.143191e-02 8.225244e+01 -8.272461e+01 7.708170e+01 -1.762781e+02 5.015591e+02
5.161130e-02 7.623468e+01 -8.005328e+01 5.236542e+01 -1.755280e+02 4.525624e+02
5.179073e-02 7.070927e+01 -7.634866e+01 2.800891e+01 -1.722599e+02 4.052886e+02
5.197023e-02 6.538684e+01 -7.202466e+01 5.096490e+00 -1.671172e+02 3.592532e+02
5.214995e-02 6.032763e+01 -6.705276e+01 -1.613841e+01 -1.600146e+02 3.154077e+02
5.232948e-02 5.566737e+01 -6.153176e+01 -3.573683e+01 -1.513350e+02 2.738473e+02
5.250892e-02 5.142777e+01 -5.544804e+01 -5.364069e+01 -1.406842e+02 2.353179e+02
5.268863e-02 4.763739e+01 -4.896187e+01 -6.959767e+01 -1.287349e+02 1.996915e+02
5.286820e-02 4.428390e+01 -4.217409e+01 -8.336565e+01 -1.155861e+02 1.675394e+02
5.304764e-02 4.128034e+01 -3.509912e+01 -9.480893e+01 -1.012264e+02 1.384895e+02
5.322715e-02 3.906856e+01 -2.782089e+01 -1.045473e+02 -8.600602e+01 1.141696e+02
5.340663e-02 3.708571e+01 -2.042839e+01 -1.116843e+02 -6.991827e+01 9.285232e+01
5.358625e-02 3.564896e+01 -1.306480e+01 -1.164979e+02 -5.353334e+01 7.564687e+01
5.376579e-02 3.466037e+01 -5.671871e+00 -1.192837e+02 -3.675173e+01 6.216621e+01
5.394514e-02 3.416992e+01 1.551603e+00 -1.197797e+02 -1.985999e+01 5.293562e+01
5.412441e-02 3.425499e+01 8.595332e+00 -1.184836e+02 -3.171046e+00 4.789772e+01
5.430414e-02 3.456166e+01 1.540864e+01 -1.147145e+02 1.353277e+01 4.597112e+01
5.448388e-02 3.536166e+01 2.192142e+01 -1.093796e+02 2.956415e+01 4.801280e+01
5.466309e-02 3.643371e+01 2.798236e+01 -1.019886e+02 4.502275e+01 5.332299e+01
5.484261e-02 3.800793e+01 3.360460e+01 -9.334074e+01 5.957577e+01 6.241638e+01
5.502222e-02 3.968820e+01 3.878177e+01 -8.283103e+01 7.342839e+01 7.395222e+01
5.520186e-02 4.165960e+01 4.338519e+01 -7.107330e+01 8.607491e+01 8.847133e+01
5.538127e-02 4.395139e+01 4.740975e+01 -5.855456e+01 9.738526e+01 1.057676e+02
5.556057e-02 4.630618e+01 5.078881e+01 -4.469374e+01 1.077528e+02 1.249234e+02
5.574024e-02 4.883150e+01 5.352311e+01 -3.022219e+01 1.163335e+02 1.461044e+02
5.591990e-02 5.139356e+01 5.562484e+01 -1.497085e+01 1.238610e+02 1.687017e+02
5.609947e-02 5.403357e+01 5.701690e+01 4.863701e-01 1.297061e+02 1.925382e+02
5.627892e-02 5.675683e+01 5.770708e+01 1.606038e+01 1.338962e+02 2.174141e+02
5.645856e-02 5.937547e+01 5.775148e+01 3.194599e+01 1.368932e+02 2.426831e+02
5.663826e-02 6.199658e+01 5.712744e+01 4.725276e+01 1.380539e+02 2.681247e+02
5.681769e-02 6.440896e+01 5.590630e+01 6.270844e+01 1.380662e+02 2.931873e+02
5.699710e-02 6.680029e+01 5.399142e+01 7.734734e+01 1.362096e+02 3.180182e+02
5.717663e-02 6.905410e+01 5.166424e+01 9.154785e+01 1.333862e+02 3.421541e+02
5.735605e-02 7.102389e+01 4.864585e+01 1.047109e+02 1.289466e+02 3.646842e+02
5.753539e-02 7.291443e+01 4.528310e+01 1.169745e+02 1.233452e+02 3.864622e+02
5.771483e-02 7.444169e+01 4.147740e+01 1.283279e+02 1.168365e+02 4.061067e+02
5.789466e-02 7.587794e+01 3.724003e+01 1.382475e+02 1.088040e+02 4.243501e+02
5.807436e-02 7.692664e+01 3.278482e+01 1.470046e+02 1.002073e+02 4.401413e+02
5.825359e-02 7.777650e+01 2.800533e+01 1.544694e+02 9.063743e+01 4.541948e+02
5.843303e-02 7.839233e+01 2.311078e+01 1.605755e+02 8.038867e+01 4.661589e+02
5.861274e-02 7.854911e+01 1.803773e+01 1.648822e+02 6.959774e+01 4.745452e+02
5.879233e-02 7.860511e+01 1.289438e+01 1.678086e+02 5.819946e+01 4.814945e+02
5.897187e-02 7.822399e+01 7.713047e+00 1.693655e+02 4.655588e+01 4.853966e+02
5.915148e-02 7.761755e+01 2.678858e+00 1.697297e+02 3.496910e+01 4.870355e+02
5.933120e-02 7.677660e+01 -2.395226e+00 1.681067e+02 2.288796e+01 4.860654e+02
5.951050e-02 7.554633e+01 -7.210828e+00 1.651561e+02 1.124561e+01 4.820173e+02
5.968960e-02 7.424213e+01 -1.185164e+01 1.611353e+02 -3.410900e-01 4.766524e+02
5.986932e-02 7.254890e+01 -1.631668e+01 1.556396e+02 -1.161025e+01 4.681227e+02
6.004880e-02 7.073273e+01 -2.037257e+01 1.489146e+02 -2.233814e+01 4.576964e+02
6.022820e-02 6.866465e+01 -2.418970e+01 1.410493e+02 -3.264360e+01 4.449695e+02
6.040778e-02 6.640487e+01 -2.763557e+01 1.325319e+02 -4.223009e+01 4.304737e+02
6.058726e-02 6.406483e+01 -3.065442e+01 1.228642e+02 -5.105020e+01 4.144076e+02
6.076685e-02 6.152160e+01 -3.330025e+01 1.125390e+02 -5.904147e+01 3.964206e+02
6.094640e-02 5.895150e+01 -3.544284e+01 1.012468e+02 -6.615494e+01 3.772734e+02
6.112606e-02 5.625823e+01 -3.721435e+01 8.989915e+01 -7.235847e+01 3.570426e+02
6.130567e-02 5.347335e+01 -3.844737e+01 7.812712e+01 -7.737217e+01 3.356272e+02
6.148499e-02 5.073336e+01 -3.918439e+01 6.602382e+01 -8.139139e+01 3.137580e+02
6.166458e-02 4.797474e+01 -3.956040e+01 5.389662e+01 -8.447566e+01 2.914377e+02
6.184419e-02 4.520333e+01 -3.935573e+01 4.173330e+01 -8.632748e+01 2.686577e+02
6.202378e-02 4.253662e+01 -3.879561e+01 2.985275e+01 -8.719633e+01 2.461701e+02
6.220328e-02 3.992366e+01 -3.772521e+01 1.809739e+01 -8.697461e+01 2.237216e+02
6.238252e-02 3.737006e+01 -3.630539e+01 7.026063e+00 -8.573328e+01 2.017711e+02
6.256203e-02 3.494554e+01 -3.440543e+01 -3.751869e+00 -8.340550e+01 1.804068e+02
6.274173e-02 3.264241e+01 -3.224356e+01 -1.385182e+01 -8.032446e+01 1.599030e+02
6.292133e-02 3.050137e+01 -2.967601e+01 -2.322211e+01 -7.611446e+01 1.404289e+02
6.310073e-02 2.855332e+01 -2.686582e+01 -3.188836e+01 -7.132307e+01 1.223199e+02
6.328018e-02 2.675253e+01 -2.376598e+01 -3.956923e+01 -6.558369e+01 1.054766e+02
6.345987e-02 2.512455e+01 -2.049470e+01 -4.637564e+01 -5.931686e+01 9.002142e+01
6.363932e-02 2.371412e+01 -1.708384e+01 -5.220411e+01 -5.252375e+01 7.633766e+01
6.381883e-02 2.247617e+01 -1.345537e+01 -5.686710e+01 -4.501907e+01 6.420766e+01
6.399840e-02 2.148910e+01 -9.837403e+00 -6.070512e+01 -3.737561e+01 5.404810e+01
6.417787e-02 2.069863e+01 -6.122653e+00 -6.329496e+01 -2.925469e+01 4.562723e+01
6.435740e-02 2.012327e+01 -2.454127e+00 -6.490594e+01 -2.108104e+01 3.910041e+01
6.453672e-02 1.976043e+01 1.180369e+00 -6.542846e+01 -1.275502e+01 3.446327e+01
6.471627e-02 1.957796e+01 4.737038e+00 -6.480679e+01 -4.356464e+00 3.165395e+01
6.489573e-02 1.966007e+01 8.165127e+00 -6.337371e+01 3.841719e+00 3.085703e+01
6.507532e-02 1.986467e+01 1.144916e+01 -6.070308e+01 1.197287e+01 3.163193e+01
6.525498e-02 2.029653e+01 1.453309e+01 -5.732037e+01 1.973157e+01 3.424968e+01
6.543438e-02 2.092707e+01 1.742516e+01 -5.302545e+01 2.723073e+01 3.864195e+01
6.561406e-02 2.164743e+01 2.004263e+01 -4.783209e+01 3.424622e+01 4.429897e+01
6.579354e-02 2.257507e+01 2.244440e+01 -4.210558e+01 4.082920e+01 5.161416e+01
6.597293e-02 2.356183e+01 2.449975e+01 -3.550213e+01 4.681978e+01 5.997744e+01
6.615268e-02 2.471295e+01 2.631588e+01 -2.851890e+01 5.220635e+01 6.973613e+01
6.633236e-02 2.593859e+01 2.780264e+01 -2.105540e+01 5.697902e+01 8.037350e+01
6.651186e-02 2.723664e+01 2.896160e+01 -1.328890e+01 6.097282e+01 9.188636e+01
6.669114e-02 2.856905e+01 2.980813e+01 -5.208994e+00 6.428635e+01 1.040390e+02
6.687057e-02 2.994370e+01 3.032966e+01 3.074707e+00 6.689279e+01 1.166945e+02
6.705025e-02 3.131527e+01 3.047570e+01 1.128464e+01 6.860267e+01 1.296983e+02
6.722990e-02 3.269400e+01 3.036860e+01 1.961392e+01 6.973863e+01 1.428627e+02
6.740941e-02 3.404244e+01 2.987494e+01 2.762799e+01 6.987414e+01 1.560753e+02
6.758867e-02 3.537288e+01 2.912978e+01 3.555390e+01 6.939863e+01 1.692338e+02
6.776822e-02 3.657548e+01 2.804815e+01 4.302466e+01 6.817245e+01 1.817117e+02
6.794788e-02 3.776055e+01 2.670992e+01 5.025767e+01 6.619118e+01 1.941119e+02
6.812729e-02 3.881968e+01 2.511457e+01 5.699917e+01 6.362749e+01 2.056076e+02
6.830688e-02 3.980293e+01 2.327231e+01 6.324695e+01 6.034912e+01 2.166616e+02
6.848624e-02 4.064914e+01 2.124964e+01 6.876660e+01 5.657212e+01 2.265307e+02
6.866563e-02 4.137472e+01 1.898804e+01 7.367608e+01 5.212197e+01 2.355597e+02
6.884532e-02 4.196775e+01 1.660237e+01 7.798360e+01 4.729952e+01 2.435427e+02
6.902501e-02 4.241528e+01 1.410745e+01 8.161349e+01 4.214936e+01 2.503078e+02
6.920471e-02 4.272638e+01 1.149499e+01 8.442097e+01 3.658228e+01 2.559214e+02
6.938409e-02 4.285015e+01 8.816278e+00 8.626068e+01 3.071738e+01 2.598688e+02
6.956343e-02 4.289473e+01 6.126090e+00 8.782557e+01 2.478600e+01 2.631974e+02
6.974295e-02 4.272335e+01 3.416544e+00 8.810139e+01 1.858187e+01 2.645168e+02
6.992262e-02 4.240187e+01 7.342020e-01 8.785478e+01 1.240338e+01 2.646709e+02
7.010211e-02 4.199374e+01 -1.873740e+00 8.674306e+01 6.197248e+00 2.637014e+02
7.028154e-02 4.136530e+01 -4.411567e+00 8.504779e+01 1.587672e-01 2.610718e+02
7.046115e-02 4.065915e+01 -6.826416e+00 8.257423e+01 -5.803002e+00 2.574590e+02
7.064068e-02 3.981448e+01 -9.131047e+00 7.935798e+01 -1.158683e+01 2.524773e+02
7.081999e-02 3.881345e+01 -1.126036e+01 7.557224e+01 -1.704620e+01 2.461832e+02
7.099948e-02 3.776089e+01 -1.319996e+01 7.123177e+01 -2.219609e+01 2.390744e+02
7.117917e-02 3.653728e+01 -1.499611e+01 6.641660e+01 -2.701562e+01 2.306563e+02
7.135856e-02 3.532126e+01 -1.652358e+01 6.106873e+01 -3.136540e+01 2.217210e+02
7.153818e-02 3.394541e+01 -1.786283e+01 5.536760e+01 -3.525763e+01 2.115413e+02
7.171778e-02 3.255973e+01 -1.895600e+01 4.932872e+01 -3.870911e+01 2.009509e+02
7.189719e-02 3.114817e+01 -1.981164e+01 4.310952e+01 -4.158359e+01 1.898793e+02
7.207684e-02 2.965833e+01 -2.044162e+01 3.664339e+01 -4.398504e+01 1.780959e+02
7.225635e-02 2.819417e+01 -2.078914e+01 3.005982e+01 -4.575752e+01 1.661513e+02
7.243580e-02 2.669627e+01 -2.093268e+01 2.355721e+01 -4.703049e+01 1.539755e+02
7.261540e-02 2.523226e+01 -2.079763e+01 1.699447e+01 -4.768021e+01 1.417207e+02
7.279498e-02 2.379671e+01 -2.044548e+01 1.062826e+01 -4.777603e+01 1.296041e+02
7.297435e-02 2.241269e+01 -1.983394e+01 4.276763e+00 -4.729884e+01 1.175677e+02
7.315367e-02 2.107657e+01 -1.904540e+01 -1.647425e+00 -4.633369e+01 1.059827e+02
7.333339e-02 1.978647e+01 -1.800553e+01 -7.388613e+00 -4.477219e+01 9.458723e+01
7.351304e-02 1.859615e+01 -1.681734e+01 -1.275220e+01 -4.279006e+01 8.385297e+01
7.369245e-02 1.749390e+01 -1.542520e+01 -1.772715e+01 -4.031032e+01 7.373287e+01
7.387205e-02 1.646651e+01 -1.387104e+01 -2.220203e+01 -3.736444e+01 6.424579e+01
7.405161e-02 1.556201e+01 -1.219657e+01 -2.624995e+01 -3.409914e+01 5.562297e+01
7.423102e-02 1.476468e+01 -1.038427e+01 -2.974667e+01 -3.043996e+01 4.783076e+01
7.441034e-02 1.407707e+01 -8.517585e+00 -3.269230e+01 -2.659078e+01 4.098294e+01
7.458994e-02 1.350143e+01 -6.524084e+00 -3.507210e+01 -2.235715e+01 3.503737e+01
7.476952e-02 1.305234e+01 -4.514742e+00 -3.688641e+01 -1.800676e+01 3.015719e+01
7.494880e-02 1.273643e+01 -2.472471e+00 -3.810166e+01 -1.353925e+01 2.635429e+01
7.512837e-02 1.250781e+01 -4.243205e-01 -3.870673e+01 -8.934376e+00 2.344964e+01
7.530798e-02 1.242653e+01 1.610013e+00 -3.875195e+01 -4.333246e+00 2.175403e+01
7.548748e-02 1.244972e+01 3.608434e+00 -3.818541e+01 3.076348e-01 2.103258e+01
7.566700e-02 1.259523e+01 5.520866e+00 -3.712080e+01 4.784623e+00 2.138638e+01
7.584667e-02 1.282014e+01 7.380795e+00 -3.548415e+01 9.210248e+00 2.262691e+01
7.602629e-02 1.316928e+01 9.121469e+00 -3.334462e+01 1.346393e+01 2.492937e+01
7.620569e-02 1.360779e+01 1.073519e+01 -3.076498e+01 1.745168e+01 2.812193e+01
7.638530e-02 1.411180e+01 1.222569e+01 -2.766864e+01 2.125789e+01 3.209658e+01
7.656501e-02 1.470421e+01 1.355750e+01 -2.426625e+01 2.471239e+01 3.687710e+01
7.674455e-02 1.534960e+01 1.473989e+01 -2.044294e+01 2.791111e+01 4.233067e+01
7.692398e-02 1.607866e+01 1.572065e+01 -1.640953e+01 3.066708e+01 4.848345e+01
7.710340e-02 1.680701e+01 1.654504e+01 -1.204390e+01 3.311041e+01 5.499776e+01
7.728275e-02 1.760850e+01 1.717126e+01 -7.530978e+00 3.512803e+01 6.209973e+01
7.746218e-02 1.841995e+01 1.760139e+01 -2.895915e+00 3.671597e+01 6.946681e+01
7.764173e-02 1.924600e+01 1.783612e+01 1.863443e+00 3.789529e+01 7.711845e+01
7.782134e-02 2.007174e+01 1.789614e+01 6.632227e+00 3.863255e+01 8.487682e+01
7.800113e-02 2.088003e+01 1.775133e+01 1.138872e+01 3.895894e+01 9.267042e+01
7.818053e-02 2.169502e+01 1.742636e+01 1.605910e+01 3.882783e+01 1.005112e+02
7.835977e-02 2.245812e+01 1.692635e+01 2.058639e+01 3.827323e+01 1.080950e+02
7.853945e-02 2.317049e+01 1.625580e+01 2.494509e+01 3.733684e+01 1.154044e+02
7.871901e-02 2.386991e+01 1.542825e+01 2.907753e+01 3.597592e+01 1.225584e+02
7.889852e-02 2.449043e+01 1.445320e+01 3.294983e+01 3.426169e+01 1.292216e+02
7.907812e-02 2.505100e+01 1.334731e+01 3.649287e+01 3.218327e+01 1.353946e+02
7.925765e-02 2.553477e+01 1.211672e+01 3.967324e+01 2.978372e+01 1.410014e+02
7.943713e-02 2.594697e+01 1.079239e+01 4.251363e+01 2.710255e+01 1.460541e+02
7.961653e-02 2.629774e+01 9.391381e+00 4.495722e+01 2.420869e+01 1.505232e+02
7.979598e-02 2.650854e+01 7.891508e+00 4.688734e+01 2.101888e+01 1.540138e+02
7.997559e-02 2.667958e+01 6.361959e+00 4.846835e+01 1.768075e+01 1.570214e+02
8.015521e-02 2.673784e+01 4.789449e+00 4.956533e+01 1.421052e+01 1.591473e+02
8.033477e-02 2.672105e+01 3.199252e+00 5.023596e+01 1.061977e+01 1.605881e+02
8.051401e-02 2.660755e+01 1.614191e+00 5.039428e+01 6.974928e+00 1.611695e+02
8.069347e-02 2.638303e+01 2.995011e-02 5.015941e+01 3.308671e+00 1.609037e+02
8.087332e-02 2.609548e+01 -1.482526e+00 4.938715e+01 -3.132929e-01 1.598635e+02
8.105287e-02 2.571393e+01 -2.979812e+00 4.824479e+01 -3.907259e+00 1.580721e+02
8.123233e-02 2.525726e+01 -4.393915e+00 4.671639e+01 -7.369783e+00 1.555755e+02
8.141188e-02 2.472343e+01 -5.725113e+00 4.473569e+01 -1.072569e+01 1.522953e+02
8.159141e-02 2.410644e+01 -6.975636e+00 4.247509e+01 -1.390093e+01 1.483379e+02
8.177087e-02 2.344350e+01 -8.091722e+00 3.981126e+01 -1.683540e+01 1.437715e+02
8.195037e-02 2.271906e+01 -9.129379e+00 3.690590e+01 -1.961173e+01 1.386439e+02
8.212994e-02 2.192784e+01 -9.994672e+00 3.366914e+01 -2.203546e+01 1.328796e+02
8.230951e-02 2.112620e+01 -1.076047e+01 3.025633e+01 -2.425308e+01 1.268117e+02
8.248900e-02 2.026367e+01 -1.137930e+01 2.664303e+01 -2.612994e+01 1.202360e+02
8.266844e-02 1.939519e+01 -1.183896e+01 2.291698e+01 -2.768802e+01 1.134362e+02
8.284785e-02 1.849112e+01 -1.216772e+01 1.907677e+01 -2.893342e+01 1.062591e+02
8.302730e-02 1.759409e+01 -1.234470e+01 1.514289e+01 -2.983382e+01 9.901556e+01
8.320692e-02 1.669580e+01 -1.236038e+01 1.123454e+01 -3.039394e+01 9.163910e+01
8.338648e-02 1.580476e+01 -1.224539e+01 7.329595e+00 -3.058901e+01 8.421892e+01
8.356601e-02 1.493863e+01 -1.199365e+01 3.546326e+00 -3.047152e+01 7.693626e+01
8.374563e-02 1.407739e+01 -1.159451e+01 -1.675324e-01 -3.002159e+01 6.963918e+01
8.392511e-02 1.328575e+01 -1.106431e+01 -3.745064e+00 -2.921181e+01 6.270698e+01
8.410459e-02 1.249878e+01 -1.041521e+01 -7.093828e+00 -2.812647e+01 5.588865e+01
8.428421e-02 1.179249e+01 -9.659648e+00 -1.027313e+01 -2.674346e+01 4.952470e+01
8.446368e-02 1.111515e+01 -8.789415e+00 -1.315382e+01 -2.506911e+01 4.348014e+01
8.464319e-02 1.051121e+01 -7.819220e+00 -1.579545e+01 -2.313176e+01 3.788735e+01
8.482280e-02 9.975715e+00 -6.791302e+00 -1.811593e+01 -2.100842e+01 3.286189e+01
8.500226e-02 9.501633e+00 -5.674051e+00 -2.012845e+01 -1.866225e+01 2.828073e+01
8.518174e-02 9.091648e+00 -4.506499e+00 -2.175367e+01 -1.612779e+01 2.430753e+01
8.536136e-02 8.775455e+00 -3.291377e+00 -2.310595e+01 -1.346569e+01 2.096487e+01
8.554093e-02 8.521813e+00 -2.051052e+00 -2.403670e+01 -1.069773e+01 1.822566e+01
8.572028e-02 8.349516e+00 -7.943647e-01 -2.463165e+01 -7.852077e+00 1.615259e+01
8.589963e-02 8.244599e+00 4.751136e-01 -2.483930e+01 -4.942061e+00 1.466676e+01
8.607915e-02 8.227721e+00 1.719258e+00 -2.470559e+01 -2.034912e+00 1.392856e+01
8.625868e-02 8.280075e+00 2.952286e+00 -2.422200e+01 8.531436e-01 1.377208e+01
8.643824e-02 8.393589e+00 4.142845e+00 -2.335915e+01 3.693441e+00 1.425021e+01
8.661787e-02 8.589471e+00 5.292592e+00 -2.220770e+01 6.452772e+00 1.538402e+01
8.679744e-02 8.834991e+00 6.372062e+00 -2.070456e+01 9.115982e+00 1.705642e+01
8.697703e-02 9.151360e+00 7.381495e+00 -1.892856e+01 1.160567e+01 1.934117e+01
8.715648e-02 9.506711e+00 8.317253e+00 -1.687329e+01 1.396272e+01 2.207762e+01
8.733588e-02 9.915469e+00 9.153781e+00 -1.457877e+01 1.610320e+01 2.531138e+01
8.751546e-02 1.036620e+01 9.888821e+00 -1.207086e+01 1.804118e+01 2.897964e+01
8.769504e-02 1.086161e+01 1.052530e+01 -9.388419e+00 1.974926e+01 3.304836e+01
8.787468e-02 1.136824e+01 1.104787e+01 -6.521002e+00 2.120166e+01 3.739267e+01
8.805415e-02 1.189563e+01 1.144698e+01 -3.543447e+00 2.238904e+01 4.197068e+01
8.823359e-02 1.246036e+01 1.173694e+01 -5.025843e-01 2.332153e+01 4.684862e+01
8.841311e-02 1.301488e+01 1.189871e+01 2.606692e+00 2.394662e+01 5.178474e+01
8.859270e-02 1.356135e+01 1.193562e+01 5.767669e+00 2.429461e+01 5.678549e+01
8.877226e-02 1.411773e+01 1.185498e+01 8.888562e+00 2.435147e+01 6.187298e+01
8.895172e-02 1.465152e+01 1.165718e+01 1.194708e+01 2.413078e+01 6.682689e+01
8.913118e-02 1.516603e+01 1.133677e+01 1.494205e+01 2.359296e+01 7.171758e+01
8.931072e-02 1.565903e+01 1.091049e+01 1.784238e+01 2.280827e+01 7.645520e+01
8.949031e-02 1.612633e+01 1.038807e+01 2.057154e+01 2.174977e+01 8.098103e+01
8.966973e-02 1.654334e+01 9.764059e+00 2.318117e+01 2.043815e+01 8.520271e+01
8.984928e-02 1.691595e+01 9.049083e+00 2.555808e+01 1.888090e+01 8.908558e+01
9.002870e-02 1.726169e+01 8.267885e+00 2.775382e+01 1.710962e+01 9.271270e+01
9.020814e-02 1.753442e+01 7.404626e+00 2.971782e+01 1.513060e+01 9.585021e+01
9.038774e-02 1.777258e+01 6.511557e+00 3.143788e+01 1.299916e+01 9.864590e+01
9.056723e-02 1.795620e+01 5.556538e+00 3.289967e+01 1.067963e+01 1.010105e+02
9.074682e-02 1.805991e+01 4.591280e+00 3.409196e+01 8.277469e+00 1.028423e+02
9.092635e-02 1.813593e+01 3.610809e+00 3.501654e+01 5.758869e+00 1.043349e+02
9.110583e-02 1.811981e+01 2.643677e+00 3.571427e+01 3.235498e+00 1.053195e+02
9.128546e-02 1.807956e+01 1.700835e+00 3.607870e+01 6.808987e-01 1.059421e+02
9.146502e-02 1.794341e+01 8.303664e-01 3.625470e+01 -1.761476e+00 1.061059e+02
9.164437e-02 1.777592e+01 3.037026e-02 3.613895e+01 -4.087432e+00 1.059952e+02
9.182391e-02 1.754948e+01 -4.427184e-01 3.584799e+01 -5.657902e+00 1.056470e+02
