# k, q0, q1/i, q2, q3/i, q4, norm, alpha = 0.10795670106711949, 0.020396601297980627
0.000000e+00 1.744320e+09 0.000000e+00 0.000000e+00 0.000000e+00 7.847921e+08
2.542755e-04 1.737892e+09 5.429508e+07 1.108254e+06 2.528020e+07 -1.947202e+08
4.308321e-04 1.726375e+09 9.126122e+07 4.550570e+06 9.239389e+05 5.895255e+07
6.127972e-04 1.708323e+09 1.282548e+08 8.776166e+06 1.575422e+07 -8.363896e+07
7.953316e-04 1.684342e+09 1.637388e+08 1.514982e+07 9.829938e+06 -1.933580e+07
9.814571e-04 1.653850e+09 1.977777e+08 2.290074e+07 1.327382e+07 -2.748181e+07
1.156539e-03 1.620222e+09 2.274132e+08 3.239825e+07 3.030194e+06 2.844544e+07
1.336205e-03 1.580707e+09 2.554171e+08 4.122670e+07 2.225544e+07 -3.286192e+07
1.522449e-03 1.535192e+09 2.808116e+08 5.438661e+07 8.620586e+06 3.031023e+07
1.702691e-03 1.486881e+09 3.029331e+08 6.404294e+07 3.594918e+07 -3.611613e+07
1.882192e-03 1.435445e+09 3.205849e+08 7.879870e+07 2.385713e+07 1.754121e+07
2.058659e-03 1.381709e+09 3.356493e+08 8.953919e+07 4.692176e+07 -2.273969e+07
2.236532e-03 1.325030e+09 3.472923e+08 1.011046e+08 6.476933e+07 -4.682428e+07
2.420114e-03 1.264961e+09 3.540850e+08 1.189167e+08 4.812592e+07 1.977271e+07
2.599101e-03 1.204515e+09 3.586763e+08 1.311461e+08 6.555492e+07 -3.105714e+05
2.777369e-03 1.143199e+09 3.602541e+08 1.422238e+08 8.598062e+07 -2.498891e+07
2.956466e-03 1.081350e+09 3.580321e+08 1.553742e+08 9.305798e+07 -1.493838e+07
3.137227e-03 1.018983e+09 3.526242e+08 1.680270e+08 1.024101e+08 -1.453521e+07
3.318471e-03 9.566526e+08 3.448363e+08 1.800781e+08 1.143994e+08 -1.670617e+07
3.497455e-03 8.956952e+08 3.356468e+08 1.859752e+08 1.341651e+08 -3.716513e+07
3.677740e-03 8.361051e+08 3.234267e+08 1.923793e+08 1.417063e+08 -3.612181e+07
3.857458e-03 7.777402e+08 3.077929e+08 2.102417e+08 1.474111e+08 -2.176168e+07
4.036058e-03 7.216774e+08 2.936223e+08 2.090556e+08 1.622740e+08 -4.349971e+07
4.215732e-03 6.670042e+08 2.764404e+08 2.178249e+08 1.706703e+08 -3.754355e+07
4.393900e-03 6.152635e+08 2.593762e+08 2.191333e+08 1.802661e+08 -4.968785e+07
4.573307e-03 5.661084e+08 2.405114e+08 2.233451e+08 1.824412e+08 -4.142740e+07
4.754683e-03 5.187234e+08 2.220317e+08 2.228732e+08 1.861274e+08 -4.239153e+07
4.935208e-03 4.729265e+08 2.038095e+08 2.233519e+08 1.961417e+08 -5.498792e+07
5.114267e-03 4.320479e+08 1.849217e+08 2.224374e+08 1.935143e+08 -4.610075e+07
5.292984e-03 3.923536e+08 1.679659e+08 2.168541e+08 1.982746e+08 -5.743615e+07
5.471846e-03 3.567205e+08 1.498469e+08 2.153598e+08 1.932795e+08 -4.678844e+07
5.651916e-03 3.215869e+08 1.345257e+08 2.061584e+08 1.962610e+08 -6.031045e+07
5.831477e-03 2.908838e+08 1.178727e+08 2.031198e+08 1.899755e+08 -4.985146e+07
6.011451e-03 2.621084e+08 1.037019e+08 1.937005e+08 1.839855e+08 -4.880004e+07
6.191171e-03 2.349830e+08 9.022890e+07 1.851722e+08 1.799306e+08 -5.173998e+07
6.370885e-03 2.107940e+08 7.768969e+07 1.765648e+08 1.726606e+08 -4.663103e+07
6.550978e-03 1.882642e+08 6.639198e+07 1.664488e+08 1.654448e+08 -4.670750e+07
6.729662e-03 1.686550e+08 5.601131e+07 1.572100e+08 1.553175e+08 -4.033224e+07
6.908722e-03 1.499723e+08 4.709722e+07 1.460691e+08 1.474177e+08 -3.859132e+07
7.088232e-03 1.334478e+08 3.904279e+07 1.351974e+08 1.381232e+08 -3.721802e+07
7.267194e-03 1.186344e+08 3.185930e+07 1.250387e+08 1.272942e+08 -2.967698e+07
7.447006e-03 1.049836e+08 2.577950e+07 1.136176e+08 1.176716e+08 -2.901125e+07
7.626893e-03 9.254217e+07 2.047090e+07 1.028323e+08 1.076451e+08 -2.439220e+07
7.807282e-03 8.213165e+07 1.577093e+07 9.315499e+07 9.750759e+07 -1.955690e+07
7.987750e-03 7.214843e+07 1.202860e+07 8.258566e+07 8.811588e+07 -1.684320e+07
8.167388e-03 6.332991e+07 8.954761e+06 7.228202e+07 7.771054e+07 -1.153643e+07
8.345882e-03 5.592386e+07 6.198393e+06 6.376249e+07 6.972349e+07 -9.754910e+06
8.524356e-03 4.893706e+07 4.303882e+06 5.420555e+07 6.106859e+07 -6.207394e+06
8.703951e-03 4.292107e+07 2.550320e+06 4.611907e+07 5.350808e+07 -4.528166e+06
8.883655e-03 3.745846e+07 1.189905e+06 3.814284e+07 4.545905e+07 -1.542063e+05
9.063959e-03 3.296568e+07 1.358200e+05 3.136989e+07 3.912679e+07 1.697216e+06
9.243959e-03 2.876020e+07 -5.461789e+05 2.450931e+07 3.329505e+07 2.584982e+06
9.423354e-03 2.518987e+07 -1.167447e+06 1.855095e+07 2.737946e+07 5.609587e+06
9.603476e-03 2.201539e+07 -1.460671e+06 1.311023e+07 2.284916e+07 5.687570e+06
9.782217e-03 1.941967e+07 -1.731997e+06 8.436961e+06 1.859568e+07 7.301520e+06
9.961474e-03 1.715228e+07 -1.823749e+06 4.264425e+06 1.511865e+07 7.644194e+06
1.014145e-02 1.519119e+07 -1.823968e+06 5.821915e+05 1.191057e+07 8.240412e+06
1.032017e-02 1.362361e+07 -1.826168e+06 -2.466295e+06 9.302684e+06 9.121325e+06
1.049983e-02 1.221772e+07 -1.645819e+06 -5.095899e+06 7.219600e+06 8.652517e+06
1.067933e-02 1.114009e+07 -1.508121e+06 -7.227426e+06 5.514723e+06 8.903148e+06
1.085922e-02 1.021095e+07 -1.274408e+06 -8.931792e+06 4.155237e+06 8.591025e+06
1.103911e-02 9.530398e+06 -1.071944e+06 -1.021799e+07 3.230877e+06 8.484504e+06
1.121859e-02 8.971486e+06 -8.058436e+05 -1.121620e+07 2.416047e+06 8.384399e+06
1.139867e-02 8.518661e+06 -5.336708e+05 -1.173562e+07 1.957828e+06 8.036078e+06
1.157742e-02 8.249318e+06 -2.697878e+05 -1.213202e+07 1.692227e+06 7.967392e+06
1.175702e-02 7.997739e+06 1.491608e+04 -1.212890e+07 1.599831e+06 7.609190e+06
1.193688e-02 7.872334e+06 2.920296e+05 -1.202875e+07 1.612854e+06 7.651039e+06
1.211563e-02 7.767414e+06 5.872097e+05 -1.165367e+07 1.651775e+06 7.639946e+06
1.229554e-02 7.720778e+06 8.222405e+05 -1.114884e+07 1.947759e+06 7.614146e+06
1.247535e-02 7.745554e+06 1.110327e+06 -1.055295e+07 2.191056e+06 7.796119e+06
1.265439e-02 7.684352e+06 1.320767e+06 -9.720442e+06 2.479710e+06 7.868222e+06
1.283343e-02 7.698753e+06 1.560055e+06 -8.944503e+06 2.737624e+06 8.236786e+06
1.301293e-02 7.727942e+06 1.744372e+06 -8.050912e+06 3.127143e+06 8.577390e+06
1.319355e-02 7.723461e+06 1.921228e+06 -7.098216e+06 3.456830e+06 8.891487e+06
1.337382e-02 7.719226e+06 2.084987e+06 -6.182280e+06 3.733821e+06 9.410380e+06
1.355335e-02 7.674330e+06 2.168102e+06 -5.212238e+06 3.954232e+06 9.975723e+06
1.373274e-02 7.675283e+06 2.300684e+06 -4.249270e+06 4.325481e+06 1.039108e+07
1.391170e-02 7.574052e+06 2.319700e+06 -3.325518e+06 4.494021e+06 1.091841e+07
1.409058e-02 7.482486e+06 2.366264e+06 -2.453997e+06 4.656882e+06 1.142940e+07
1.427002e-02 7.384636e+06 2.375548e+06 -1.566740e+06 4.832675e+06 1.195348e+07
1.444910e-02 7.271044e+06 2.343733e+06 -7.666162e+05 4.940838e+06 1.249918e+07
1.462844e-02 7.146242e+06 2.310080e+06 -5.943857e+04 5.066542e+06 1.287288e+07
1.480897e-02 6.956381e+06 2.214521e+06 6.563569e+05 5.040928e+06 1.336162e+07
1.498891e-02 6.789376e+06 2.132808e+06 1.274210e+06 5.051553e+06 1.372551e+07
1.516797e-02 6.595074e+06 2.017908e+06 1.803298e+06 5.008282e+06 1.402081e+07
1.534742e-02 6.393637e+06 1.894740e+06 2.268946e+06 4.926500e+06 1.427546e+07
1.552755e-02 6.195274e+06 1.766726e+06 2.718036e+06 4.864054e+06 1.445552e+07
1.570712e-02 5.956196e+06 1.597752e+06 3.029250e+06 4.657518e+06 1.462274e+07
1.588558e-02 5.759642e+06 1.464608e+06 3.329498e+06 4.523684e+06 1.472587e+07
1.606539e-02 5.505694e+06 1.297005e+06 3.507407e+06 4.317138e+06 1.462493e+07
1.624590e-02 5.276050e+06 1.143873e+06 3.616842e+06 4.075725e+06 1.457973e+07
1.642530e-02 5.054352e+06 9.913892e+05 3.710572e+06 3.829640e+06 1.447528e+07
1.660477e-02 4.830751e+06 8.343549e+05 3.755682e+06 3.564808e+06 1.436999e+07
1.678430e-02 4.598961e+06 6.979871e+05 3.684718e+06 3.274146e+06 1.406173e+07
1.696359e-02 4.371046e+06 5.565425e+05 3.574164e+06 2.994918e+06 1.374081e+07
1.714294e-02 4.152967e+06 4.288217e+05 3.484992e+06 2.695462e+06 1.345215e+07
1.732202e-02 3.933198e+06 3.061936e+05 3.294407e+06 2.374881e+06 1.305253e+07
1.750141e-02 3.732801e+06 2.100286e+05 3.054058e+06 2.088132e+06 1.262352e+07
1.768181e-02 3.528430e+06 1.076329e+05 2.867474e+06 1.769847e+06 1.219854e+07
1.786131e-02 3.343868e+06 2.540779e+04 2.571163e+06 1.479754e+06 1.175183e+07
1.804025e-02 3.154198e+06 -4.884414e+04 2.304461e+06 1.177171e+06 1.125707e+07
1.822032e-02 2.965724e+06 -1.051720e+05 2.000380e+06 9.207838e+05 1.068241e+07
1.839987e-02 2.803908e+06 -1.555962e+05 1.687248e+06 6.496931e+05 1.018837e+07
1.857923e-02 2.640986e+06 -1.957854e+05 1.398689e+06 4.034759e+05 9.658716e+06
1.875889e-02 2.478519e+06 -2.245716e+05 1.069569e+06 1.860307e+05 9.084616e+06
1.893827e-02 2.336464e+06 -2.409536e+05 7.906718e+05 -2.404003e+04 8.556053e+06
1.911768e-02 2.201047e+06 -2.524691e+05 4.645448e+05 -2.113780e+05 8.017118e+06
1.929737e-02 2.071137e+06 -2.563094e+05 1.910026e+05 -3.743932e+05 7.488378e+06
1.947670e-02 1.944729e+06 -2.492249e+05 -8.092099e+04 -5.079566e+05 6.948232e+06
1.965601e-02 1.829304e+06 -2.390829e+05 -3.459568e+05 -6.235521e+05 6.424521e+06
1.983541e-02 1.725542e+06 -2.199863e+05 -5.815856e+05 -7.220534e+05 5.933764e+06
2.001489e-02 1.626395e+06 -2.042373e+05 -8.011669e+05 -7.973929e+05 5.474981e+06
2.019468e-02 1.532782e+06 -1.749116e+05 -1.003007e+06 -8.465692e+05 4.996022e+06
2.037444e-02 1.447879e+06 -1.477184e+05 -1.177349e+06 -8.781962e+05 4.565654e+06
2.055417e-02 1.370175e+06 -1.187352e+05 -1.333230e+06 -8.936198e+05 4.160355e+06
2.073390e-02 1.299397e+06 -8.554428e+04 -1.457062e+06 -8.927118e+05 3.780069e+06
2.091338e-02 1.233048e+06 -5.218200e+04 -1.569895e+06 -8.682664e+05 3.427214e+06
2.109302e-02 1.174975e+06 -1.879001e+04 -1.648063e+06 -8.405803e+05 3.105367e+06
2.127237e-02 1.119551e+06 1.303821e+04 -1.704676e+06 -7.917032e+05 2.813692e+06
2.145116e-02 1.074808e+06 4.797251e+04 -1.750269e+06 -7.421014e+05 2.563349e+06
2.163077e-02 1.027904e+06 8.021152e+04 -1.755806e+06 -6.740339e+05 2.322696e+06
2.181049e-02 9.933746e+05 1.103568e+05 -1.759956e+06 -6.030051e+05 2.135921e+06
2.198999e-02 9.591878e+05 1.432865e+05 -1.735465e+06 -5.293324e+05 1.967860e+06
2.216980e-02 9.308001e+05 1.687479e+05 -1.699090e+06 -4.510908e+05 1.840214e+06
2.234970e-02 9.031237e+05 1.961605e+05 -1.639180e+06 -3.675032e+05 1.727338e+06
2.252980e-02 8.816689e+05 2.204849e+05 -1.570459e+06 -2.849927e+05 1.652164e+06
2.270853e-02 8.635955e+05 2.416446e+05 -1.488745e+06 -2.023229e+05 1.601226e+06
2.288717e-02 8.434788e+05 2.614400e+05 -1.391934e+06 -1.245510e+05 1.570686e+06
2.306686e-02 8.330354e+05 2.765715e+05 -1.294900e+06 -4.403747e+04 1.573187e+06
2.324649e-02 8.180197e+05 2.918594e+05 -1.180292e+06 2.903668e+04 1.583936e+06
2.342617e-02 8.094054e+05 3.031824e+05 -1.066715e+06 1.011512e+05 1.621721e+06
2.360560e-02 7.987348e+05 3.111646e+05 -9.473111e+05 1.624336e+05 1.670198e+06
2.378549e-02 7.901884e+05 3.186162e+05 -8.189558e+05 2.254308e+05 1.733069e+06
2.396571e-02 7.849522e+05 3.201165e+05 -7.009629e+05 2.803985e+05 1.810087e+06
2.414482e-02 7.761887e+05 3.220871e+05 -5.712711e+05 3.264393e+05 1.889665e+06
2.432376e-02 7.707661e+05 3.181214e+05 -4.533728e+05 3.692109e+05 1.978976e+06
2.450343e-02 7.638712e+05 3.150734e+05 -3.296910e+05 4.049200e+05 2.071777e+06
2.468304e-02 7.588966e+05 3.083207e+05 -2.157706e+05 4.338873e+05 2.166330e+06
2.486245e-02 7.519726e+05 2.987688e+05 -1.060559e+05 4.568398e+05 2.259616e+06
2.504187e-02 7.436184e+05 2.882074e+05 3.651709e+03 4.704604e+05 2.346845e+06
2.522156e-02 7.389079e+05 2.749265e+05 9.578752e+04 4.828568e+05 2.437898e+06
2.540110e-02 7.306017e+05 2.613710e+05 1.936022e+05 4.872852e+05 2.518427e+06
2.558029e-02 7.224489e+05 2.454661e+05 2.723699e+05 4.845154e+05 2.591013e+06
2.575992e-02 7.130983e+05 2.283288e+05 3.487063e+05 4.808329e+05 2.652184e+06
2.593954e-02 7.039742e+05 2.112750e+05 4.211212e+05 4.669392e+05 2.714672e+06
2.611933e-02 6.943029e+05 1.928468e+05 4.695324e+05 4.518068e+05 2.755807e+06
2.629913e-02 6.822582e+05 1.733262e+05 5.260200e+05 4.307807e+05 2.791891e+06
2.647853e-02 6.711622e+05 1.544603e+05 5.599327e+05 4.094523e+05 2.812989e+06
2.665812e-02 6.581796e+05 1.356912e+05 5.950753e+05 3.830203e+05 2.825098e+06
2.683805e-02 6.448076e+05 1.167123e+05 6.190743e+05 3.537249e+05 2.826956e+06
2.701719e-02 6.316215e+05 9.809742e+04 6.247635e+05 3.219181e+05 2.813986e+06
2.719620e-02 6.153220e+05 7.929774e+04 6.407044e+05 2.892162e+05 2.791442e+06
2.737553e-02 6.009796e+05 6.285320e+04 6.289378e+05 2.562862e+05 2.755772e+06
2.755538e-02 5.846757e+05 4.576841e+04 6.246753e+05 2.208405e+05 2.714491e+06
2.773538e-02 5.679682e+05 3.021561e+04 6.061826e+05 1.865437e+05 2.658608e+06
2.791455e-02 5.513435e+05 1.568329e+04 5.831047e+05 1.528086e+05 2.596525e+06
2.809381e-02 5.325744e+05 1.998152e+03 5.576400e+05 1.182751e+05 2.522662e+06
2.827308e-02 5.167002e+05 -9.803205e+03 5.172357e+05 8.637440e+04 2.446082e+06
2.845277e-02 4.976206e+05 -2.132147e+04 4.858279e+05 5.463751e+04 2.360994e+06
2.863250e-02 4.796364e+05 -3.108673e+04 4.386319e+05 2.422638e+04 2.266317e+06
2.881166e-02 4.613338e+05 -3.926054e+04 3.933962e+05 -3.636801e+03 2.169972e+06
2.899137e-02 4.435424e+05 -4.702143e+04 3.516765e+05 -2.721821e+04 2.073968e+06
2.917126e-02 4.253814e+05 -5.244321e+04 2.942874e+05 -5.169568e+04 1.965771e+06
2.935071e-02 4.070676e+05 -5.763161e+04 2.485379e+05 -7.264193e+04 1.862765e+06
2.953030e-02 3.904190e+05 -6.074138e+04 1.934558e+05 -9.037143e+04 1.755200e+06
2.970997e-02 3.726607e+05 -6.278688e+04 1.433331e+05 -1.048832e+05 1.647568e+06
2.988940e-02 3.563560e+05 -6.430188e+04 9.304108e+04 -1.179028e+05 1.542968e+06
3.006874e-02 3.402007e+05 -6.407361e+04 4.192665e+04 -1.278955e+05 1.437009e+06
3.024815e-02 3.237658e+05 -6.291066e+04 -3.568827e+03 -1.348469e+05 1.333771e+06
3.042767e-02 3.103905e+05 -6.089192e+04 -5.446773e+04 -1.389711e+05 1.235291e+06
3.060744e-02 2.954280e+05 -5.840024e+04 -9.521687e+04 -1.410874e+05 1.139908e+06
3.078708e-02 2.821059e+05 -5.432334e+04 -1.376671e+05 -1.409729e+05 1.046769e+06
3.096646e-02 2.695812e+05 -4.998527e+04 -1.757573e+05 -1.383872e+05 9.607503e+05
3.114600e-02 2.575439e+05 -4.526342e+04 -2.085646e+05 -1.337227e+05 8.801439e+05
3.132546e-02 2.474930e+05 -3.971819e+04 -2.416467e+05 -1.267685e+05 8.052390e+05
3.150520e-02 2.367750e+05 -3.374998e+04 -2.678937e+05 -1.189162e+05 7.353673e+05
3.168484e-02 2.282112e+05 -2.739260e+04 -2.923412e+05 -1.095311e+05 6.731761e+05
3.186375e-02 2.198296e+05 -2.105753e+04 -3.115649e+05 -9.852215e+04 6.175528e+05
3.204302e-02 2.123067e+05 -1.451553e+04 -3.258731e+05 -8.601018e+04 5.673859e+05
3.222277e-02 2.065065e+05 -7.579692e+03 -3.394982e+05 -7.368494e+04 5.263644e+05
3.240259e-02 2.001371e+05 -1.184224e+03 -3.451898e+05 -6.039377e+04 4.900726e+05
3.258186e-02 1.961824e+05 5.524375e+03 -3.510273e+05 -4.659632e+04 4.623460e+05
3.276123e-02 1.920062e+05 1.187870e+04 -3.503256e+05 -3.210499e+04 4.399263e+05
3.294133e-02 1.890382e+05 1.813604e+04 -3.476732e+05 -1.818992e+04 4.245902e+05
3.312088e-02 1.865658e+05 2.392310e+04 -3.411512e+05 -4.404704e+03 4.150216e+05
3.330035e-02 1.846279e+05 2.945418e+04 -3.308779e+05 9.208073e+03 4.115317e+05
3.347992e-02 1.841941e+05 3.473231e+04 -3.203302e+05 2.220919e+04 4.139602e+05
3.365971e-02 1.828745e+05 3.937195e+04 -3.031687e+05 3.498314e+04 4.191013e+05
3.383927e-02 1.835687e+05 4.371161e+04 -2.878618e+05 4.638045e+04 4.322762e+05
3.401835e-02 1.833696e+05 4.747407e+04 -2.672858e+05 5.750149e+04 4.459672e+05
3.419757e-02 1.843602e+05 5.084483e+04 -2.468848e+05 6.742631e+04 4.657435e+05
3.437723e-02 1.854800e+05 5.370969e+04 -2.250020e+05 7.607059e+04 4.874341e+05
3.455683e-02 1.865177e+05 5.605283e+04 -2.005539e+05 8.470977e+04 5.116264e+05
3.473619e-02 1.882946e+05 5.778141e+04 -1.777143e+05 9.061557e+04 5.386384e+05
3.491584e-02 1.896400e+05 5.916298e+04 -1.526164e+05 9.669987e+04 5.662451e+05
3.509556e-02 1.911552e+05 5.988842e+04 -1.275400e+05 1.009410e+05 5.949206e+05
3.527533e-02 1.924530e+05 6.013905e+04 -1.028231e+05 1.039608e+05 6.236304e+05
3.545456e-02 1.938872e+05 6.016408e+04 -7.773716e+04 1.073245e+05 6.529526e+05
3.563370e-02 1.950454e+05 5.924001e+04 -5.605246e+04 1.062824e+05 6.809476e+05
3.581332e-02 1.961585e+05 5.829615e+04 -3.129365e+04 1.077615e+05 7.094179e+05
3.599287e-02 1.967768e+05 5.653120e+04 -1.062396e+04 1.058706e+05 7.348374e+05
3.617240e-02 1.972322e+05 5.462414e+04 9.493012e+03 1.036451e+05 7.589305e+05
3.635196e-02 1.968705e+05 5.232505e+04 2.962209e+04 1.010200e+05 7.795485e+05
3.653161e-02 1.971072e+05 4.950659e+04 4.619426e+04 9.666675e+04 8.010576e+05
3.671117e-02 1.964172e+05 4.660350e+04 6.279929e+04 9.246505e+04 8.180104e+05
3.689084e-02 1.952332e+05 4.313776e+04 7.563616e+04 8.656962e+04 8.310078e+05
3.707056e-02 1.939105e+05 3.961575e+04 8.757876e+04 8.058084e+04 8.423084e+05
3.724984e-02 1.919108e+05 3.584286e+04 9.796909e+04 7.410873e+04 8.491139e+05
3.742914e-02 1.902888e+05 3.190661e+04 1.049910e+05 6.692114e+04 8.555496e+05
3.760871e-02 1.870491e+05 2.780012e+04 1.118015e+05 5.946666e+04 8.537951e+05
3.778826e-02 1.847141e+05 2.382925e+04 1.143003e+05 5.192023e+04 8.530972e+05
3.796764e-02 1.813139e+05 1.955276e+04 1.173690e+05 4.401248e+04 8.476289e+05
3.814709e-02 1.780824e+05 1.552077e+04 1.166622e+05 3.589061e+04 8.394282e+05
3.832696e-02 1.739334e+05 1.147133e+04 1.141338e+05 2.760078e+04 8.256349e+05
3.850665e-02 1.698826e+05 7.488229e+03 1.113191e+05 1.948823e+04 8.113686e+05
3.868582e-02 1.660493e+05 3.931314e+03 1.053268e+05 1.176662e+04 7.950774e+05
3.886530e-02 1.613300e+05 1.802466e+02 9.897783e+04 3.770279e+03 7.744137e+05
3.904481e-02 1.567954e+05 -3.011190e+03 9.005647e+04 -3.607184e+03 7.516698e+05
3.922441e-02 1.520565e+05 -6.083261e+03 8.073744e+04 -1.098501e+04 7.275112e+05
3.940396e-02 1.476003e+05 -8.862882e+03 7.078970e+04 -1.785945e+04 7.032074e+05
3.958316e-02 1.424401e+05 -1.117993e+04 5.798107e+04 -2.426702e+04 6.734144e+05
3.976287e-02 1.375617e+05 -1.330589e+04 4.650518e+04 -3.022217e+04 6.451711e+05
3.994250e-02 1.329140e+05 -1.507439e+04 3.322521e+04 -3.577927e+04 6.162611e+05
4.012200e-02 1.280070e+05 -1.634681e+04 2.003557e+04 -4.055273e+04 5.855529e+05
4.030171e-02 1.231250e+05 -1.737343e+04 6.645182e+03 -4.482782e+04 5.544659e+05
4.048123e-02 1.185629e+05 -1.800570e+04 -7.201889e+03 -4.854846e+04 5.241570e+05
4.066058e-02 1.139905e+05 -1.820620e+04 -2.057328e+04 -5.151577e+04 4.939558e+05
4.084001e-02 1.094551e+05 -1.812525e+04 -3.411996e+04 -5.374516e+04 4.628161e+05
4.101966e-02 1.051477e+05 -1.769226e+04 -4.641942e+04 -5.547052e+04 4.341059e+05
4.119937e-02 1.009535e+05 -1.693930e+04 -5.920455e+04 -5.627573e+04 4.046172e+05
4.137874e-02 9.714028e+04 -1.596188e+04 -7.050815e+04 -5.670532e+04 3.782242e+05
4.155813e-02 9.324473e+04 -1.457197e+04 -8.130820e+04 -5.627317e+04 3.515056e+05
4.173777e-02 8.972671e+04 -1.304216e+04 -9.150324e+04 -5.525524e+04 3.267162e+05
4.191752e-02 8.631588e+04 -1.124996e+04 -1.002783e+05 -5.357542e+04 3.035144e+05
4.209699e-02 8.331866e+04 -9.327720e+03 -1.084495e+05 -5.143648e+04 2.822104e+05
4.227635e-02 8.031080e+04 -7.243907e+03 -1.149194e+05 -4.876061e+04 2.627945e+05
4.245594e-02 7.760045e+04 -5.013925e+03 -1.204848e+05 -4.540486e+04 2.446818e+05
4.263530e-02 7.522612e+04 -2.767171e+03 -1.250140e+05 -4.183048e+04 2.292753e+05
4.281442e-02 7.296659e+04 -4.163122e+02 -1.279067e+05 -3.762931e+04 2.153402e+05
4.299392e-02 7.115880e+04 1.933016e+03 -1.304048e+05 -3.333814e+04 2.041850e+05
4.317364e-02 6.923466e+04 4.187275e+03 -1.305787e+05 -2.865768e+04 1.941222e+05
4.335324e-02 6.789252e+04 6.489086e+03 -1.306341e+05 -2.383319e+04 1.869817e+05
4.353285e-02 6.662441e+04 8.691393e+03 -1.290106e+05 -1.870337e+04 1.813714e+05
4.371256e-02 6.550115e+04 1.073922e+04 -1.262419e+05 -1.366192e+04 1.776936e+05
4.389237e-02 6.468496e+04 1.265122e+04 -1.227382e+05 -8.499427e+03 1.758984e+05
4.407181e-02 6.401540e+04 1.445235e+04 -1.179033e+05 -3.416251e+03 1.758580e+05
4.425100e-02 6.371498e+04 1.608114e+04 -1.129299e+05 1.541170e+03 1.779384e+05
4.443069e-02 6.334405e+04 1.752571e+04 -1.062163e+05 6.425291e+03 1.808202e+05
4.461032e-02 6.323693e+04 1.874160e+04 -9.951268e+04 1.092183e+04 1.855330e+05
4.478953e-02 6.337088e+04 1.975232e+04 -9.203734e+04 1.537579e+04 1.914638e+05
4.496901e-02 6.348477e+04 2.061528e+04 -8.372330e+04 1.948875e+04 1.984179e+05
4.514874e-02 6.394471e+04 2.115828e+04 -7.585212e+04 2.308353e+04 2.066320e+05
4.532821e-02 6.425765e+04 2.160535e+04 -6.675779e+04 2.652332e+04 2.151653e+05
4.550745e-02 6.484905e+04 2.178171e+04 -5.826078e+04 2.934285e+04 2.246967e+05
4.568707e-02 6.542418e+04 2.176311e+04 -4.918398e+04 3.191693e+04 2.344970e+05
4.586694e-02 6.609373e+04 2.160868e+04 -4.020504e+04 3.407371e+04 2.448918e+05
4.604629e-02 6.685386e+04 2.117953e+04 -3.185175e+04 3.548906e+04 2.552438e+05
4.622568e-02 6.743953e+04 2.068010e+04 -2.318724e+04 3.667389e+04 2.652629e+05
4.640539e-02 6.813171e+04 1.991250e+04 -1.493711e+04 3.728011e+04 2.751961e+05
4.658483e-02 6.884491e+04 1.911097e+04 -7.139849e+03 3.753500e+04 2.852834e+05
4.676428e-02 6.945074e+04 1.815868e+04 3.525645e+02 3.733382e+04 2.944467e+05
4.694377e-02 7.006230e+04 1.704016e+04 6.720923e+03 3.647670e+04 3.030589e+05
4.712315e-02 7.041634e+04 1.590624e+04 1.341713e+04 3.551184e+04 3.107109e+05
4.730271e-02 7.086170e+04 1.459743e+04 1.872220e+04 3.385938e+04 3.177438e+05
4.748233e-02 7.119651e+04 1.333191e+04 2.383094e+04 3.214774e+04 3.242168e+05
4.766205e-02 7.120160e+04 1.194746e+04 2.796912e+04 2.986468e+04 3.285249e+05
4.784146e-02 7.141532e+04 1.057942e+04 3.131378e+04 2.738812e+04 3.332097e+05
4.802067e-02 7.122102e+04 9.138402e+03 3.424089e+04 2.472080e+04 3.357367e+05
4.820042e-02 7.100966e+04 7.741164e+03 3.618230e+04 2.172855e+04 3.374158e+05
4.838029e-02 7.054580e+04 6.320785e+03 3.739621e+04 1.861143e+04 3.375268e+05
4.855956e-02 6.999425e+04 4.959199e+03 3.782657e+04 1.537612e+04 3.365903e+05
4.873901e-02 6.932813e+04 3.600432e+03 3.763408e+04 1.197966e+04 3.347283e+05
4.891873e-02 6.855077e+04 2.286774e+03 3.696546e+04 8.643877e+03 3.318602e+05
4.909828e-02 6.747462e+04 1.087029e+03 3.510956e+04 5.219515e+03 3.267814e+05
4.927778e-02 6.637713e+04 -1.288390e+02 3.293279e+04 1.786423e+03 3.214267e+05
4.945710e-02 6.511620e+04 -1.182975e+03 3.025314e+04 -1.425026e+03 3.147033e+05
4.963681e-02 6.373433e+04 -2.226349e+03 2.697226e+04 -4.687506e+03 3.070633e+05
4.981627e-02 6.235599e+04 -3.142900e+03 2.318508e+04 -7.786881e+03 2.989660e+05
4.999549e-02 6.063700e+04 -3.938813e+03 1.910172e+04 -1.059861e+04 2.889605e+05
5.017513e-02 5.909113e+04 -4.681371e+03 1.453583e+04 -1.337661e+04 2.793459e+05
5.035469e-02 5.728688e+04 -5.241848e+03 9.568019e+03 -1.585554e+04 2.681495e+05
5.053422e-02 5.556969e+04 -5.786701e+03 4.751263e+03 -1.815511e+04 2.573876e+05
5.071373e-02 5.374202e+04 -6.120723e+03 -6.769630e+02 -2.010237e+04 2.455264e+05
5.089331e-02 5.185257e+04 -6.390318e+03 -5.941279e+03 -2.184891e+04 2.334594e+05
5.107290e-02 5.010361e+04 -6.565724e+03 -1.129658e+04 -2.337685e+04 2.218002e+05
5.125246e-02 4.819869e+04 -6.569546e+03 -1.671236e+04 -2.450987e+04 2.093152e+05
5.143191e-02 4.644193e+04 -6.528068e+03 -2.191634e+04 -2.537222e+04 1.975149e+05
5.161130e-02 4.456646e+04 -6.294284e+03 -2.705659e+04 -2.589975e+04 1.851399e+05
5.179073e-02 4.291139e+04 -6.042922e+03 -3.203442e+04 -2.630075e+04 1.738527e+05
5.197023e-02 4.127664e+04 -5.660108e+03 -3.676538e+04 -2.633527e+04 1.626797e+05
5.214995e-02 3.966423e+04 -5.176930e+03 -4.118561e+04 -2.602857e+04 1.518005e+05
5.232948e-02 3.813323e+04 -4.632654e+03 -4.515807e+04 -2.544989e+04 1.414590e+05
5.250892e-02 3.677738e+04 -3.979623e+03 -4.904466e+04 -2.472306e+04 1.319672e+05
5.268863e-02 3.547019e+04 -3.316263e+03 -5.219644e+04 -2.369651e+04 1.231329e+05
5.286820e-02 3.426592e+04 -2.538795e+03 -5.511079e+04 -2.242859e+04 1.148935e+05
5.304764e-02 3.317615e+04 -1.747284e+03 -5.744208e+04 -2.097243e+04 1.075230e+05
5.322715e-02 3.222035e+04 -8.995581e+02 -5.936370e+04 -1.936579e+04 1.010373e+05
5.340663e-02 3.144921e+04 -3.020717e+01 -6.090152e+04 -1.761496e+04 9.569599e+04
5.358625e-02 3.065559e+04 8.538658e+02 -6.161520e+04 -1.566114e+04 9.069519e+04
5.376579e-02 3.012002e+04 1.769306e+03 -6.216657e+04 -1.365688e+04 8.706139e+04
5.394514e-02 2.962690e+04 2.650830e+03 -6.201237e+04 -1.155655e+04 8.415318e+04
5.412441e-02 2.930940e+04 3.554193e+03 -6.147620e+04 -9.406950e+03 8.226378e+04
5.430414e-02 2.907095e+04 4.436418e+03 -6.043360e+04 -7.216623e+03 8.119066e+04
5.448388e-02 2.890517e+04 5.266864e+03 -5.879979e+04 -5.017452e+03 8.085792e+04
5.466309e-02 2.891144e+04 6.091818e+03 -5.699314e+04 -2.856612e+03 8.154559e+04
5.484261e-02 2.901328e+04 6.867274e+03 -5.462080e+04 -7.038858e+02 8.307310e+04
5.502222e-02 2.909373e+04 7.571894e+03 -5.176948e+04 1.366310e+03 8.493504e+04
5.520186e-02 2.936629e+04 8.238262e+03 -4.877166e+04 3.338591e+03 8.786801e+04
5.538127e-02 2.965518e+04 8.849933e+03 -4.532710e+04 5.223621e+03 9.127698e+04
5.556057e-02 2.999142e+04 9.366505e+03 -4.170596e+04 6.982975e+03 9.513424e+04
5.574024e-02 3.039456e+04 9.831857e+03 -3.776176e+04 8.616565e+03 9.959849e+04
5.591990e-02 3.080931e+04 1.019415e+04 -3.371395e+04 1.004752e+04 1.043080e+05
5.609947e-02 3.127551e+04 1.049220e+04 -2.956310e+04 1.132106e+04 1.094697e+05
5.627892e-02 3.177236e+04 1.073390e+04 -2.520458e+04 1.249350e+04 1.149737e+05
5.645856e-02 3.220198e+04 1.082627e+04 -2.087517e+04 1.337678e+04 1.202962e+05
5.663826e-02 3.272502e+04 1.090894e+04 -1.654580e+04 1.416401e+04 1.261224e+05
5.681769e-02 3.313440e+04 1.083746e+04 -1.216387e+04 1.466745e+04 1.315646e+05
5.699710e-02 3.359564e+04 1.073314e+04 -8.020476e+03 1.501795e+04 1.371731e+05
5.717663e-02 3.396270e+04 1.051806e+04 -3.813675e+03 1.517195e+04 1.424810e+05
5.735605e-02 3.436182e+04 1.023861e+04 4.250070e+01 1.512226e+04 1.477680e+05
5.753539e-02 3.467430e+04 9.905912e+03 3.842781e+03 1.493637e+04 1.526494e+05
5.771483e-02 3.490389e+04 9.447741e+03 7.307900e+03 1.439959e+04 1.570415e+05
5.789466e-02 3.516077e+04 8.991938e+03 1.064899e+04 1.393216e+04 1.614312e+05
5.807436e-02 3.530318e+04 8.432492e+03 1.365046e+04 1.314183e+04 1.651364e+05
5.825359e-02 3.539079e+04 7.841449e+03 1.615243e+04 1.216977e+04 1.682772e+05
5.843303e-02 3.538617e+04 7.214723e+03 1.862466e+04 1.118953e+04 1.709180e+05
5.861274e-02 3.537614e+04 6.533414e+03 2.055900e+04 9.977225e+03 1.732270e+05
5.879233e-02 3.526740e+04 5.838259e+03 2.222373e+04 8.703470e+03 1.748452e+05
5.897187e-02 3.509128e+04 5.117434e+03 2.350100e+04 7.301315e+03 1.758737e+05
5.915148e-02 3.477960e+04 4.381917e+03 2.440129e+04 5.856157e+03 1.759313e+05
5.933120e-02 3.451777e+04 3.648404e+03 2.497898e+04 4.332761e+03 1.760038e+05
5.951050e-02 3.413514e+04 2.918196e+03 2.513276e+04 2.805665e+03 1.751463e+05
5.968960e-02 3.367443e+04 2.192679e+03 2.497681e+04 1.178242e+03 1.736575e+05
5.986932e-02 3.315164e+04 1.499754e+03 2.444601e+04 -3.695609e+02 1.715440e+05
6.004880e-02 3.260762e+04 8.158199e+02 2.361606e+04 -1.963608e+03 1.690857e+05
6.022820e-02 3.203882e+04 1.722280e+02 2.252470e+04 -3.487062e+03 1.662175e+05
6.040778e-02 3.131612e+04 -4.362801e+02 2.104137e+04 -4.972402e+03 1.622802e+05
6.058726e-02 3.065210e+04 -1.006280e+03 1.930605e+04 -6.471853e+03 1.583765e+05
6.076685e-02 2.989412e+04 -1.503157e+03 1.735852e+04 -7.744843e+03 1.538066e+05
6.094640e-02 2.917675e+04 -1.993574e+03 1.525628e+04 -9.077427e+03 1.492352e+05
6.112606e-02 2.835040e+04 -2.382798e+03 1.284538e+04 -1.020500e+04 1.438466e+05
6.130567e-02 2.753136e+04 -2.741863e+03 1.037220e+04 -1.125925e+04 1.383504e+05
6.148499e-02 2.674513e+04 -3.037510e+03 7.786853e+03 -1.220766e+04 1.328974e+05
6.166458e-02 2.588365e+04 -3.249186e+03 4.987208e+03 -1.295788e+04 1.268208e+05
6.184419e-02 2.507950e+04 -3.431015e+03 2.253926e+03 -1.365294e+04 1.210210e+05
6.202378e-02 2.422199e+04 -3.523965e+03 -5.853140e+02 -1.414581e+04 1.148077e+05
6.220328e-02 2.341812e+04 -3.579814e+03 -3.358231e+03 -1.452845e+04 1.088472e+05
6.238252e-02 2.260759e+04 -3.556254e+03 -6.157854e+03 -1.474557e+04 1.027809e+05
6.256203e-02 2.183327e+04 -3.488499e+03 -8.877821e+03 -1.484115e+04 9.688209e+04
6.274173e-02 2.106709e+04 -3.355637e+03 -1.151283e+04 -1.477782e+04 9.103963e+04
6.292133e-02 2.033847e+04 -3.179369e+03 -1.406077e+04 -1.458021e+04 8.541838e+04
6.310073e-02 1.964184e+04 -2.959072e+03 -1.642904e+04 -1.425613e+04 8.004873e+04
6.328018e-02 1.899842e+04 -2.688732e+03 -1.867575e+04 -1.382134e+04 7.497298e+04
6.345987e-02 1.837867e+04 -2.379519e+03 -2.074652e+04 -1.324053e+04 7.011062e+04
6.363932e-02 1.779136e+04 -2.042055e+03 -2.256396e+04 -1.254966e+04 6.559041e+04
6.381883e-02 1.729072e+04 -1.666367e+03 -2.429632e+04 -1.181171e+04 6.156495e+04
6.399840e-02 1.680525e+04 -1.276503e+03 -2.567564e+04 -1.092965e+04 5.778278e+04
6.417787e-02 1.638635e+04 -8.648306e+02 -2.689775e+04 -1.002008e+04 5.450860e+04
6.435740e-02 1.598959e+04 -4.412457e+02 -2.783342e+04 -9.010397e+03 5.153944e+04
6.453672e-02 1.567619e+04 -6.561542e+00 -2.858655e+04 -7.971566e+03 4.910437e+04
6.471627e-02 1.541385e+04 4.313578e+02 -2.906880e+04 -6.908271e+03 4.710572e+04
6.489573e-02 1.520111e+04 8.643890e+02 -2.932730e+04 -5.812417e+03 4.553025e+04
6.507532e-02 1.502515e+04 1.300814e+03 -2.934705e+04 -4.708264e+03 4.438013e+04
6.525498e-02 1.490026e+04 1.708583e+03 -2.911663e+04 -3.608525e+03 4.363071e+04
6.543438e-02 1.483988e+04 2.117465e+03 -2.870626e+04 -2.517237e+03 4.334848e+04
6.561406e-02 1.481033e+04 2.502468e+03 -2.805782e+04 -1.461928e+03 4.343395e+04
6.579354e-02 1.481411e+04 2.855392e+03 -2.721116e+04 -4.517675e+02 4.385674e+04
6.597293e-02 1.486777e+04 3.198594e+03 -2.621152e+04 5.205099e+02 4.467993e+04
6.615268e-02 1.495352e+04 3.502509e+03 -2.501724e+04 1.418589e+03 4.580237e+04
6.633236e-02 1.507335e+04 3.775753e+03 -2.372113e+04 2.264386e+03 4.722977e+04
6.651186e-02 1.521553e+04 4.015327e+03 -2.226524e+04 3.024676e+03 4.891227e+04
6.669114e-02 1.537270e+04 4.217920e+03 -2.070706e+04 3.702115e+03 5.077836e+04
6.687057e-02 1.554430e+04 4.381957e+03 -1.907165e+04 4.289621e+03 5.282136e+04
6.705025e-02 1.576216e+04 4.518845e+03 -1.737788e+04 4.806450e+03 5.514031e+04
6.722990e-02 1.594365e+04 4.591844e+03 -1.565871e+04 5.184575e+03 5.738312e+04
6.740941e-02 1.615938e+04 4.652253e+03 -1.388152e+04 5.512360e+03 5.982587e+04
6.758867e-02 1.635890e+04 4.657033e+03 -1.211378e+04 5.716784e+03 6.224434e+04
6.776822e-02 1.656297e+04 4.626622e+03 -1.039670e+04 5.834361e+03 6.467444e+04
6.794788e-02 1.676145e+04 4.567590e+03 -8.675914e+03 5.862320e+03 6.709504e+04
6.812729e-02 1.692482e+04 4.448609e+03 -7.063061e+03 5.760041e+03 6.933358e+04
6.830688e-02 1.709361e+04 4.321288e+03 -5.468703e+03 5.616829e+03 7.155275e+04
6.848624e-02 1.723429e+04 4.143225e+03 -4.042540e+03 5.348355e+03 7.357797e+04
6.866563e-02 1.735853e+04 3.946176e+03 -2.648952e+03 5.034084e+03 7.548770e+04
6.884532e-02 1.745521e+04 3.722407e+03 -1.377781e+03 4.642443e+03 7.718743e+04
6.902501e-02 1.750143e+04 3.456911e+03 -3.100551e+02 4.143603e+03 7.851787e+04
6.920471e-02 1.754524e+04 3.190783e+03 7.020041e+02 3.635433e+03 7.977688e+04
6.938409e-02 1.757676e+04 2.902390e+03 1.487145e+03 3.024378e+03 8.085466e+04
6.956343e-02 1.751331e+04 2.593532e+03 2.168646e+03 2.410510e+03 8.133766e+04
6.974295e-02 1.748032e+04 2.285570e+03 2.697777e+03 1.749118e+03 8.187561e+04
6.992262e-02 1.738392e+04 1.960301e+03 3.027608e+03 1.039129e+03 8.195971e+04
7.010211e-02 1.727077e+04 1.642561e+03 3.234354e+03 3.348432e+02 8.185009e+04
7.028154e-02 1.709941e+04 1.322903e+03 3.222358e+03 -4.027396e+02 8.130091e+04
7.046115e-02 1.691971e+04 1.005579e+03 3.135734e+03 -1.121343e+03 8.060363e+04
7.064068e-02 1.670671e+04 7.035390e+02 2.824930e+03 -1.847284e+03 7.959595e+04
7.081999e-02 1.647141e+04 4.124782e+02 2.386589e+03 -2.567204e+03 7.836696e+04
7.099948e-02 1.619785e+04 1.318103e+02 1.879465e+03 -3.246956e+03 7.685638e+04
7.117917e-02 1.589952e+04 -1.242301e+02 1.133878e+03 -3.909122e+03 7.506512e+04
7.135856e-02 1.558904e+04 -3.634145e+02 3.405879e+02 -4.533328e+03 7.312595e+04
7.153818e-02 1.526375e+04 -5.749084e+02 -5.753685e+02 -5.126050e+03 7.103462e+04
7.171778e-02 1.490485e+04 -7.664146e+02 -1.569050e+03 -5.659698e+03 6.868155e+04
7.189719e-02 1.454489e+04 -9.286309e+02 -2.651227e+03 -6.135405e+03 6.624898e+04
7.207684e-02 1.416411e+04 -1.060953e+03 -3.804302e+03 -6.562162e+03 6.363001e+04
7.225635e-02 1.379483e+04 -1.169218e+03 -4.973669e+03 -6.932345e+03 6.103871e+04
7.243580e-02 1.339658e+04 -1.239161e+03 -6.237781e+03 -7.224491e+03 5.824134e+04
7.261540e-02 1.301711e+04 -1.287542e+03 -7.447813e+03 -7.461924e+03 5.552218e+04
7.279498e-02 1.262265e+04 -1.302482e+03 -8.694457e+03 -7.621668e+03 5.270036e+04
7.297435e-02 1.224972e+04 -1.287766e+03 -9.949692e+03 -7.715639e+03 4.996708e+04
7.315367e-02 1.186607e+04 -1.243606e+03 -1.111612e+04 -7.735942e+03 4.722181e+04
7.333339e-02 1.151006e+04 -1.178300e+03 -1.230905e+04 -7.697248e+03 4.458747e+04
7.351304e-02 1.115341e+04 -1.078423e+03 -1.338984e+04 -7.584820e+03 4.200748e+04
7.369245e-02 1.081804e+04 -9.610150e+02 -1.442890e+04 -7.406954e+03 3.956042e+04
7.387205e-02 1.050247e+04 -8.160914e+02 -1.538254e+04 -7.168475e+03 3.726138e+04
7.405161e-02 1.020435e+04 -6.524951e+02 -1.624251e+04 -6.872008e+03 3.510964e+04
7.423102e-02 9.935187e+03 -4.721309e+02 -1.702419e+04 -6.524147e+03 3.314391e+04
7.441034e-02 9.668269e+03 -2.733521e+02 -1.763903e+04 -6.109568e+03 3.130049e+04
7.458994e-02 9.449295e+03 -6.519656e+01 -1.819848e+04 -5.666896e+03 2.974624e+04
7.476952e-02 9.247810e+03 1.594010e+02 -1.860588e+04 -5.182071e+03 2.836707e+04
7.494880e-02 9.078726e+03 3.869369e+02 -1.891087e+04 -4.670135e+03 2.723560e+04
7.512837e-02 8.913454e+03 6.176141e+02 -1.902486e+04 -4.106057e+03 2.624784e+04
7.530798e-02 8.805452e+03 8.578233e+02 -1.908595e+04 -3.548128e+03 2.558761e+04
7.548748e-02 8.713087e+03 1.090810e+03 -1.898672e+04 -2.961674e+03 2.512743e+04
7.566700e-02 8.645492e+03 1.323802e+03 -1.875362e+04 -2.374837e+03 2.488133e+04
7.584667e-02 8.606665e+03 1.548049e+03 -1.839540e+04 -1.775600e+03 2.486769e+04
7.602629e-02 8.594881e+03 1.765932e+03 -1.793201e+04 -1.196073e+03 2.508219e+04
7.620569e-02 8.613325e+03 1.974330e+03 -1.735558e+04 -6.235385e+02 2.551662e+04
7.638530e-02 8.652765e+03 2.166449e+03 -1.667399e+04 -6.374486e+01 2.614883e+04
7.656501e-02 8.703529e+03 2.342051e+03 -1.586406e+04 4.667270e+02 2.692865e+04
7.674455e-02 8.781689e+03 2.501402e+03 -1.498743e+04 9.721224e+02 2.790029e+04
7.692398e-02 8.889855e+03 2.647229e+03 -1.404822e+04 1.431994e+03 2.907654e+04
7.710340e-02 8.994124e+03 2.765453e+03 -1.300893e+04 1.858335e+03 3.031251e+04
7.728275e-02 9.125825e+03 2.863686e+03 -1.193682e+04 2.247301e+03 3.170977e+04
7.746218e-02 9.263380e+03 2.941800e+03 -1.079795e+04 2.578088e+03 3.319569e+04
7.764173e-02 9.417381e+03 2.996126e+03 -9.660610e+03 2.861936e+03 3.477508e+04
7.782134e-02 9.571413e+03 3.028349e+03 -8.474089e+03 3.092748e+03 3.640141e+04
7.800113e-02 9.729910e+03 3.033935e+03 -7.280249e+03 3.273190e+03 3.805484e+04
7.818053e-02 9.892795e+03 3.016531e+03 -6.110799e+03 3.395274e+03 3.972477e+04
7.835977e-02 1.005076e+04 2.983770e+03 -4.922591e+03 3.461795e+03 4.140442e+04
7.853945e-02 1.020627e+04 2.917021e+03 -3.818944e+03 3.459156e+03 4.301611e+04
7.871901e-02 1.035656e+04 2.838235e+03 -2.690117e+03 3.426971e+03 4.462279e+04
7.889852e-02 1.049241e+04 2.734418e+03 -1.644342e+03 3.320355e+03 4.611031e+04
7.907812e-02 1.062362e+04 2.614717e+03 -6.529470e+02 3.173368e+03 4.755042e+04
7.925765e-02 1.073487e+04 2.477177e+03 2.768554e+02 2.975451e+03 4.886025e+04
7.943713e-02 1.084323e+04 2.325452e+03 1.106950e+03 2.727556e+03 5.007926e+04
7.961653e-02 1.091495e+04 2.158641e+03 1.896628e+03 2.452530e+03 5.110179e+04
7.979598e-02 1.099054e+04 1.981824e+03 2.547177e+03 2.113169e+03 5.205220e+04
7.997559e-02 1.102748e+04 1.797089e+03 3.149317e+03 1.763863e+03 5.279635e+04
8.015521e-02 1.105881e+04 1.604707e+03 3.627984e+03 1.380663e+03 5.340976e+04
8.033477e-02 1.105028e+04 1.404182e+03 4.000873e+03 9.628934e+02 5.376029e+04
8.051401e-02 1.103949e+04 1.207542e+03 4.292282e+03 5.416030e+02 5.404653e+04
8.069347e-02 1.098842e+04 1.005803e+03 4.444238e+03 9.649361e+01 5.403947e+04
8.087332e-02 1.093421e+04 8.085050e+02 4.544796e+03 -3.540969e+02 5.397800e+04
8.105287e-02 1.084851e+04 6.145574e+02 4.499737e+03 -8.108115e+02 5.365462e+04
8.123233e-02 1.073042e+04 4.246471e+02 4.363507e+03 -1.258982e+03 5.310933e+04
8.141188e-02 1.061146e+04 2.445260e+02 4.153409e+03 -1.705850e+03 5.250855e+04
8.159141e-02 1.045872e+04 7.350742e+01 3.813758e+03 -2.141013e+03 5.163491e+04
8.177087e-02 1.029668e+04 -8.884283e+01 3.429717e+03 -2.559497e+03 5.068716e+04
8.195037e-02 1.010501e+04 -2.352218e+02 2.918562e+03 -2.956271e+03 4.949021e+04
8.212994e-02 9.916151e+03 -3.728549e+02 2.366695e+03 -3.336297e+03 4.827414e+04
8.230951e-02 9.703043e+03 -4.974095e+02 1.763129e+03 -3.682404e+03 4.689103e+04
8.248900e-02 9.476998e+03 -6.012741e+02 1.041930e+03 -3.994374e+03 4.535616e+04
8.266844e-02 9.243645e+03 -6.946304e+02 3.307654e+02 -4.285869e+03 4.377723e+04
8.284785e-02 9.009126e+03 -7.693926e+02 -4.671343e+02 -4.526877e+03 4.211576e+04
8.302730e-02 8.764514e+03 -8.326751e+02 -1.261139e+03 -4.748298e+03 4.040541e+04
8.320692e-02 8.515694e+03 -8.743362e+02 -2.101253e+03 -4.918245e+03 3.861288e+04
8.338648e-02 8.269400e+03 -9.028563e+02 -2.953326e+03 -5.048428e+03 3.682204e+04
8.356601e-02 8.017273e+03 -9.145346e+02 -3.786015e+03 -5.138814e+03 3.498908e+04
8.374563e-02 7.786811e+03 -9.100005e+02 -4.663031e+03 -5.196366e+03 3.322215e+04
8.392511e-02 7.546180e+03 -8.909483e+02 -5.471454e+03 -5.206262e+03 3.143931e+04
8.410459e-02 7.315063e+03 -8.557793e+02 -6.276650e+03 -5.173958e+03 2.968064e+04
8.428421e-02 7.099363e+03 -8.050809e+02 -7.055385e+03 -5.107764e+03 2.801127e+04
8.446368e-02 6.892882e+03 -7.424059e+02 -7.779937e+03 -5.004001e+03 2.640157e+04
8.464319e-02 6.703880e+03 -6.633921e+02 -8.476510e+03 -4.864093e+03 2.488329e+04
8.482280e-02 6.518174e+03 -5.714557e+02 -9.087764e+03 -4.683166e+03 2.343163e+04
8.500226e-02 6.361969e+03 -4.680816e+02 -9.672191e+03 -4.478447e+03 2.212790e+04
8.518174e-02 6.211657e+03 -3.525427e+02 -1.015614e+04 -4.238438e+03 2.091497e+04
8.536136e-02 6.083394e+03 -2.269811e+02 -1.058507e+04 -3.976355e+03 1.983838e+04
8.554093e-02 5.971087e+03 -9.116852e+01 -1.092808e+04 -3.684451e+03 1.889272e+04
8.572028e-02 5.872394e+03 5.172205e+01 -1.118325e+04 -3.375139e+03 1.807701e+04
8.589963e-02 5.804875e+03 2.036859e+02 -1.138447e+04 -3.049918e+03 1.743998e+04
8.607915e-02 5.743261e+03 3.609942e+02 -1.147462e+04 -2.709415e+03 1.691595e+04
8.625868e-02 5.702377e+03 5.219443e+02 -1.148521e+04 -2.358051e+03 1.654524e+04
8.643824e-02 5.677163e+03 6.851138e+02 -1.141125e+04 -1.998021e+03 1.632234e+04
8.661787e-02 5.670331e+03 8.496407e+02 -1.125552e+04 -1.636078e+03 1.624486e+04
8.679744e-02 5.683556e+03 1.015942e+03 -1.103314e+04 -1.283154e+03 1.632339e+04
8.697703e-02 5.704463e+03 1.176192e+03 -1.071348e+04 -9.292483e+02 1.651582e+04
8.715648e-02 5.738883e+03 1.331384e+03 -1.032522e+04 -5.850405e+02 1.683521e+04
8.733588e-02 5.786769e+03 1.479897e+03 -9.868062e+03 -2.550099e+02 1.727812e+04
8.751546e-02 5.846927e+03 1.623614e+03 -9.345865e+03 5.394837e+01 1.783861e+04
8.769504e-02 5.917817e+03 1.752515e+03 -8.777903e+03 3.394171e+02 1.849388e+04
8.787468e-02 5.991270e+03 1.869482e+03 -8.136335e+03 6.039697e+02 1.923082e+04
8.805415e-02 6.078047e+03 1.973024e+03 -7.478438e+03 8.333609e+02 2.004883e+04
8.823359e-02 6.164806e+03 2.059233e+03 -6.763199e+03 1.030599e+03 2.092377e+04
8.841311e-02 6.260255e+03 2.130539e+03 -6.032667e+03 1.185607e+03 2.185908e+04
8.859270e-02 6.350803e+03 2.181365e+03 -5.263192e+03 1.311516e+03 2.280942e+04
8.877226e-02 6.445438e+03 2.211395e+03 -4.486062e+03 1.387550e+03 2.379037e+04
8.895172e-02 6.545540e+03 2.225929e+03 -3.729117e+03 1.411672e+03 2.479050e+04
8.913118e-02 6.633833e+03 2.216891e+03 -2.932143e+03 1.399950e+03 2.576914e+04
8.931072e-02 6.724506e+03 2.188822e+03 -2.178629e+03 1.331554e+03 2.672973e+04
8.949031e-02 6.810319e+03 2.140517e+03 -1.430729e+03 1.220721e+03 2.766478e+04
8.966973e-02 6.886019e+03 2.075176e+03 -6.843404e+02 1.067693e+03 2.854652e+04
8.984928e-02 6.960517e+03 1.992678e+03 1.652998e+00 8.521546e+02 2.939840e+04
9.002870e-02 7.021133e+03 1.894682e+03 6.759987e+02 6.081243e+02 3.015883e+04
9.020814e-02 7.078467e+03 1.784384e+03 1.294295e+03 3.139923e+02 3.087544e+04
9.038774e-02 7.123142e+03 1.664482e+03 1.888243e+03 -7.219439e+00 3.151169e+04
9.056723e-02 7.153900e+03 1.538469e+03 2.423197e+03 -3.755750e+02 3.204794e+04
9.074682e-02 7.180926e+03 1.412231e+03 2.920209e+03 -7.564628e+02 3.254544e+04
9.092635e-02 7.196787e+03 1.286501e+03 3.376607e+03 -1.156712e+03 3.296286e+04
9.110583e-02 7.191710e+03 1.172231e+03 3.748129e+03 -1.558157e+03 3.325927e+04
9.128546e-02 7.180906e+03 1.071032e+03 4.116788e+03 -1.942699e+03 3.354430e+04
9.146502e-02 7.158791e+03 1.005403e+03 4.416304e+03 -2.283300e+03 3.377276e+04
9.164437e-02 7.123713e+03 9.729000e+02 4.674461e+03 -2.561938e+03 3.395529e+04
9.182391e-02 7.071142e+03 1.061551e+03 4.892675e+03 -2.560336e+03 3.410284e+04
