# k, q0, q1/i, q2, q3/i, q4, norm, alpha = 0.14460352411006988, 0.01987432793133251
0.000000e+00 6.163531e+09 0.000000e+00 0.000000e+00 0.000000e+00 2.867832e+09
2.542755e-04 6.111255e+09 3.524552e+08 1.446884e+07 1.371936e+08 -6.954378e+08
4.308321e-04 6.018331e+09 5.864779e+08 5.857049e+07 1.051834e+07 2.068188e+08
6.127972e-04 5.874464e+09 8.118131e+08 1.122460e+08 9.957209e+07 -3.013849e+08
7.953316e-04 5.686772e+09 1.015089e+09 1.918816e+08 8.562977e+07 -6.879730e+07
9.814571e-04 5.453852e+09 1.193415e+09 2.862155e+08 1.337186e+08 -1.103385e+08
1.156539e-03 5.204337e+09 1.330343e+09 3.992132e+08 1.208683e+08 9.167366e+07
1.336205e-03 4.920188e+09 1.441620e+09 4.996639e+08 2.625249e+08 -1.393633e+08
1.522449e-03 4.607128e+09 1.514978e+09 6.454616e+08 2.645662e+08 7.373151e+07
1.702691e-03 4.286871e+09 1.561029e+09 7.448396e+08 4.483964e+08 -1.675207e+08
1.882192e-03 3.965996e+09 1.563157e+09 8.926545e+08 4.806510e+08 -1.245856e+07
2.058659e-03 3.644334e+09 1.547978e+09 9.906707e+08 6.398943e+08 -1.477304e+08
2.236532e-03 3.324868e+09 1.504511e+09 1.086613e+09 7.835033e+08 -2.652147e+08
2.420114e-03 3.014255e+09 1.422968e+09 1.236624e+09 8.118438e+08 -5.449870e+07
2.599101e-03 2.717079e+09 1.338079e+09 1.318347e+09 9.457572e+08 -1.472510e+08
2.777369e-03 2.435739e+09 1.241786e+09 1.379642e+09 1.071485e+09 -2.474195e+08
2.956466e-03 2.175852e+09 1.131449e+09 1.452584e+09 1.143724e+09 -2.133752e+08
3.137227e-03 1.935945e+09 1.014499e+09 1.504296e+09 1.222987e+09 -2.461353e+08
3.318471e-03 1.713770e+09 8.994842e+08 1.540463e+09 1.279695e+09 -2.418594e+08
3.497455e-03 1.511075e+09 7.918875e+08 1.531712e+09 1.331994e+09 -2.976346e+08
3.677740e-03 1.333570e+09 6.851643e+08 1.528644e+09 1.344986e+09 -2.813518e+08
3.857458e-03 1.181461e+09 5.808157e+08 1.547655e+09 1.356617e+09 -2.363799e+08
4.036058e-03 1.037047e+09 4.954471e+08 1.489590e+09 1.342439e+09 -2.624497e+08
4.215732e-03 9.144264e+08 4.136652e+08 1.459360e+09 1.314026e+09 -2.080361e+08
4.393900e-03 8.060335e+08 3.440091e+08 1.397131e+09 1.272931e+09 -2.064333e+08
4.573307e-03 7.149866e+08 2.826514e+08 1.346508e+09 1.218988e+09 -1.483321e+08
4.754683e-03 6.312246e+08 2.304080e+08 1.276765e+09 1.150805e+09 -1.029084e+08
4.935208e-03 5.547837e+08 1.859523e+08 1.196293e+09 1.083918e+09 -7.807058e+07
5.114267e-03 4.951060e+08 1.499410e+08 1.128024e+09 1.008671e+09 -2.024701e+07
5.292984e-03 4.358887e+08 1.200120e+08 1.037769e+09 9.302038e+08 4.972135e+06
5.471846e-03 3.910215e+08 9.461050e+07 9.723416e+08 8.522952e+08 6.541068e+07
5.651916e-03 3.424178e+08 7.420014e+07 8.768750e+08 7.733677e+08 8.034782e+07
5.831477e-03 3.076856e+08 5.693118e+07 8.125108e+08 7.008074e+08 1.299570e+08
6.011451e-03 2.731670e+08 4.254444e+07 7.357713e+08 6.278966e+08 1.569683e+08
6.191171e-03 2.426387e+08 3.032175e+07 6.623997e+08 5.600500e+08 1.748594e+08
6.370885e-03 2.161850e+08 2.033830e+07 5.958488e+08 4.983467e+08 1.949062e+08
6.550978e-03 1.926757e+08 1.175314e+07 5.315893e+08 4.394767e+08 2.046178e+08
6.729662e-03 1.736475e+08 4.435874e+06 4.774733e+08 3.890277e+08 2.156143e+08
6.908722e-03 1.546076e+08 -1.237164e+06 4.190628e+08 3.392992e+08 2.144998e+08
7.088232e-03 1.389053e+08 -5.746832e+06 3.684984e+08 2.960979e+08 2.090754e+08
7.267194e-03 1.260225e+08 -9.951648e+06 3.250724e+08 2.565579e+08 2.091792e+08
7.447006e-03 1.134102e+08 -1.199363e+07 2.813973e+08 2.218710e+08 1.959134e+08
7.626893e-03 1.028423e+08 -1.388071e+07 2.427094e+08 1.882364e+08 1.867537e+08
7.807282e-03 9.422408e+07 -1.488772e+07 2.099518e+08 1.610544e+08 1.759604e+08
7.987750e-03 8.545921e+07 -1.480339e+07 1.775683e+08 1.344393e+08 1.615423e+08
8.167388e-03 7.831342e+07 -1.423585e+07 1.497929e+08 1.110628e+08 1.495577e+08
8.345882e-03 7.154246e+07 -1.319979e+07 1.256278e+08 9.233075e+07 1.348011e+08
8.524356e-03 6.549191e+07 -1.182016e+07 1.026895e+08 7.244309e+07 1.231048e+08
8.703951e-03 5.961194e+07 -1.017020e+07 8.334416e+07 5.781934e+07 1.089036e+08
8.883655e-03 5.456653e+07 -8.400119e+06 6.662211e+07 4.411469e+07 9.851446e+07
9.063959e-03 4.986250e+07 -6.767594e+06 5.232047e+07 3.282142e+07 8.781611e+07
9.243959e-03 4.512118e+07 -5.069720e+06 3.881820e+07 2.287714e+07 7.683106e+07
9.423354e-03 4.100656e+07 -3.585274e+06 2.841791e+07 1.492683e+07 6.829226e+07
9.603476e-03 3.663652e+07 -2.310356e+06 1.888485e+07 8.824422e+06 5.793258e+07
9.782217e-03 3.311399e+07 -1.165564e+06 1.174922e+07 3.652444e+06 5.115077e+07
9.961474e-03 2.974821e+07 -3.360694e+05 5.343318e+06 -1.083857e+05 4.379895e+07
1.014145e-02 2.656595e+07 3.464900e+05 1.959366e+05 -2.590709e+06 3.680254e+07
1.032017e-02 2.377606e+07 8.126808e+05 -3.462716e+06 -4.634466e+06 3.181909e+07
1.049983e-02 2.111030e+07 1.215674e+06 -6.715691e+06 -5.211734e+06 2.529945e+07
1.067933e-02 1.891395e+07 1.425987e+06 -8.988420e+06 -5.862643e+06 2.116440e+07
1.085922e-02 1.680801e+07 1.483788e+06 -1.058124e+07 -5.728996e+06 1.685047e+07
1.103911e-02 1.513214e+07 1.631630e+06 -1.174054e+07 -5.426777e+06 1.346576e+07
1.121859e-02 1.349125e+07 1.642692e+06 -1.223126e+07 -4.733620e+06 1.036022e+07
1.139867e-02 1.222334e+07 1.621779e+06 -1.253582e+07 -3.907648e+06 7.919455e+06
1.157742e-02 1.110469e+07 1.640946e+06 -1.246834e+07 -3.243866e+06 6.391504e+06
1.175702e-02 1.016239e+07 1.639040e+06 -1.222375e+07 -2.230053e+06 4.786983e+06
1.193688e-02 9.315600e+06 1.625611e+06 -1.165433e+07 -1.426293e+06 4.035273e+06
1.211563e-02 8.630915e+06 1.586064e+06 -1.097318e+07 -5.566338e+05 3.539569e+06
1.229554e-02 8.126369e+06 1.656940e+06 -1.033994e+07 9.353151e+04 3.576888e+06
1.247535e-02 7.590244e+06 1.619450e+06 -9.361703e+06 8.126576e+05 3.794927e+06
1.265439e-02 7.254854e+06 1.622201e+06 -8.567177e+06 1.543328e+06 4.188255e+06
1.283343e-02 6.890806e+06 1.596139e+06 -7.530425e+06 2.001809e+06 5.008940e+06
1.301293e-02 6.662990e+06 1.609684e+06 -6.620728e+06 2.487746e+06 5.894956e+06
1.319355e-02 6.440953e+06 1.577071e+06 -5.643754e+06 2.919504e+06 6.857146e+06
1.337382e-02 6.239576e+06 1.534181e+06 -4.613838e+06 3.253100e+06 7.897942e+06
1.355335e-02 6.131206e+06 1.504985e+06 -3.781743e+06 3.559947e+06 8.949410e+06
1.373274e-02 5.986948e+06 1.461223e+06 -2.741701e+06 3.763443e+06 1.008754e+07
1.391170e-02 5.913052e+06 1.398934e+06 -1.983852e+06 3.909232e+06 1.108347e+07
1.409058e-02 5.797430e+06 1.345150e+06 -1.128764e+06 4.004152e+06 1.201471e+07
1.427002e-02 5.738100e+06 1.287742e+06 -3.116730e+05 4.054501e+06 1.298620e+07
1.444910e-02 5.664128e+06 1.238556e+06 3.710448e+05 4.069124e+06 1.380269e+07
1.462844e-02 5.570126e+06 1.163990e+06 1.108917e+06 4.030233e+06 1.454873e+07
1.480897e-02 5.511417e+06 1.124132e+06 1.628416e+06 3.898793e+06 1.517452e+07
1.498891e-02 5.411504e+06 1.063606e+06 2.236775e+06 3.799634e+06 1.573826e+07
1.516797e-02 5.315058e+06 1.011772e+06 2.666403e+06 3.606404e+06 1.615051e+07
1.534742e-02 5.208812e+06 9.589011e+05 3.089895e+06 3.426278e+06 1.649756e+07
1.552755e-02 5.087940e+06 9.108227e+05 3.530610e+06 3.268615e+06 1.674630e+07
1.570712e-02 4.963030e+06 8.648030e+05 3.697354e+06 2.980970e+06 1.685463e+07
1.588558e-02 4.823830e+06 8.120802e+05 4.044676e+06 2.823224e+06 1.696043e+07
1.606539e-02 4.660362e+06 7.506231e+05 4.168312e+06 2.559735e+06 1.683111e+07
1.624590e-02 4.493104e+06 6.984678e+05 4.271344e+06 2.338884e+06 1.665741e+07
1.642530e-02 4.325227e+06 6.382940e+05 4.383382e+06 2.137449e+06 1.645261e+07
1.660477e-02 4.166634e+06 5.791985e+05 4.400940e+06 1.911675e+06 1.623418e+07
1.678430e-02 3.961169e+06 5.106448e+05 4.395416e+06 1.727302e+06 1.573340e+07
1.696359e-02 3.788226e+06 4.480812e+05 4.255522e+06 1.521847e+06 1.528811e+07
1.714294e-02 3.603478e+06 3.787288e+05 4.220489e+06 1.350987e+06 1.482528e+07
1.732202e-02 3.417562e+06 3.160500e+05 4.044803e+06 1.173411e+06 1.422375e+07
1.750141e-02 3.235897e+06 2.560300e+05 3.837454e+06 1.017751e+06 1.359808e+07
1.768181e-02 3.055376e+06 1.849873e+05 3.713687e+06 8.720782e+05 1.298324e+07
1.786131e-02 2.900227e+06 1.418503e+05 3.420839e+06 7.332070e+05 1.235816e+07
1.804025e-02 2.722066e+06 8.378259e+04 3.207252e+06 5.915754e+05 1.164461e+07
1.822032e-02 2.555306e+06 4.310521e+04 2.926736e+06 4.879890e+05 1.091507e+07
1.839987e-02 2.408706e+06 1.618925e+03 2.646773e+06 3.670546e+05 1.024986e+07
1.857923e-02 2.260810e+06 -3.571577e+04 2.396065e+06 2.600659e+05 9.583545e+06
1.875889e-02 2.118334e+06 -5.825464e+04 2.074058e+06 1.738638e+05 8.880174e+06
1.893827e-02 1.983524e+06 -8.499729e+04 1.833186e+06 9.418540e+04 8.238472e+06
1.911768e-02 1.860568e+06 -9.627312e+04 1.512289e+06 2.909447e+04 7.595930e+06
1.929737e-02 1.740691e+06 -1.123502e+05 1.256074e+06 -3.141689e+04 6.992426e+06
1.947670e-02 1.625618e+06 -1.217248e+05 9.921391e+05 -7.744186e+04 6.405146e+06
1.965601e-02 1.519866e+06 -1.253721e+05 7.192775e+05 -1.118180e+05 5.832092e+06
1.983541e-02 1.422260e+06 -1.297093e+05 4.905420e+05 -1.302992e+05 5.320758e+06
2.001489e-02 1.336935e+06 -1.303542e+05 2.507157e+05 -1.463545e+05 4.849912e+06
2.019468e-02 1.249700e+06 -1.287266e+05 4.267229e+04 -1.437689e+05 4.378169e+06
2.037444e-02 1.174482e+06 -1.271259e+05 -1.537140e+05 -1.404409e+05 3.960482e+06
2.055417e-02 1.109684e+06 -1.213427e+05 -3.382817e+05 -1.228813e+05 3.585407e+06
2.073390e-02 1.046489e+06 -1.166481e+05 -4.855159e+05 -9.536452e+04 3.234366e+06
2.091338e-02 9.962874e+05 -1.098797e+05 -6.428523e+05 -7.376970e+04 2.928996e+06
2.109302e-02 9.489798e+05 -1.018849e+05 -7.552164e+05 -4.141561e+04 2.657158e+06
2.127237e-02 9.114818e+05 -9.257778e+04 -8.609714e+05 -8.349338e+03 2.423277e+06
2.145116e-02 8.793233e+05 -8.125244e+04 -9.527457e+05 2.635863e+04 2.227512e+06
2.163077e-02 8.482946e+05 -6.972178e+04 -1.008327e+06 6.222134e+04 2.049104e+06
2.181049e-02 8.302585e+05 -5.614662e+04 -1.071112e+06 9.010282e+04 1.929268e+06
2.198999e-02 8.094188e+05 -4.214664e+04 -1.094689e+06 1.283750e+05 1.817575e+06
2.216980e-02 7.979826e+05 -2.587921e+04 -1.117611e+06 1.528198e+05 1.754569e+06
2.234970e-02 7.868998e+05 -1.019211e+04 -1.118056e+06 1.824667e+05 1.706965e+06
2.252980e-02 7.783901e+05 6.823100e+03 -1.105972e+06 2.049832e+05 1.688196e+06
2.270853e-02 7.722774e+05 2.382130e+04 -1.079128e+06 2.260793e+05 1.690495e+06
2.288717e-02 7.647024e+05 4.067883e+04 -1.037902e+06 2.460836e+05 1.707488e+06
2.306686e-02 7.664444e+05 5.744677e+04 -1.000329e+06 2.581621e+05 1.763652e+06
2.324649e-02 7.587078e+05 7.271175e+04 -9.345184e+05 2.744498e+05 1.807277e+06
2.342617e-02 7.599592e+05 8.689377e+04 -8.745422e+05 2.856229e+05 1.888883e+06
2.360560e-02 7.528422e+05 9.925205e+04 -7.996194e+05 2.940336e+05 1.954049e+06
2.378549e-02 7.517632e+05 1.098214e+05 -7.234396e+05 3.031409e+05 2.047435e+06
2.396571e-02 7.493926e+05 1.190311e+05 -6.464931e+05 3.081042e+05 2.139762e+06
2.414482e-02 7.433584e+05 1.242504e+05 -5.597764e+05 3.144347e+05 2.225631e+06
2.432376e-02 7.402158e+05 1.293892e+05 -4.808524e+05 3.169826e+05 2.319202e+06
2.450343e-02 7.353723e+05 1.305259e+05 -3.929839e+05 3.190680e+05 2.410055e+06
2.468304e-02 7.317215e+05 1.300951e+05 -3.168897e+05 3.202155e+05 2.497758e+06
2.486245e-02 7.251759e+05 1.277376e+05 -2.353784e+05 3.188553e+05 2.574188e+06
2.504187e-02 7.186274e+05 1.224892e+05 -1.563973e+05 3.160402e+05 2.643176e+06
2.522156e-02 7.141431e+05 1.185365e+05 -9.170417e+04 3.113100e+05 2.710871e+06
2.540110e-02 7.077738e+05 1.104127e+05 -2.027423e+04 3.037318e+05 2.767934e+06
2.558029e-02 7.011664e+05 1.035091e+05 3.664471e+04 2.957286e+05 2.809478e+06
2.575992e-02 6.933874e+05 9.516102e+04 9.266248e+04 2.843073e+05 2.840713e+06
2.593954e-02 6.879823e+05 8.656049e+04 1.428241e+05 2.683983e+05 2.874982e+06
2.611933e-02 6.788189e+05 7.864259e+04 1.760225e+05 2.525204e+05 2.879668e+06
2.629913e-02 6.702199e+05 7.014112e+04 2.179057e+05 2.356399e+05 2.884912e+06
2.647853e-02 6.602736e+05 6.238659e+04 2.394148e+05 2.146197e+05 2.872222e+06
2.665812e-02 6.508609e+05 5.496580e+04 2.633629e+05 1.930737e+05 2.857080e+06
2.683805e-02 6.388053e+05 4.774286e+04 2.794547e+05 1.696992e+05 2.827156e+06
2.701719e-02 6.272332e+05 4.146486e+04 2.797398e+05 1.461063e+05 2.786378e+06
2.719620e-02 6.126012e+05 3.552827e+04 2.925211e+05 1.231793e+05 2.737763e+06
2.737553e-02 5.995121e+05 2.937152e+04 2.784272e+05 9.644576e+04 2.682154e+06
2.755538e-02 5.835651e+05 2.478235e+04 2.756143e+05 7.338030e+04 2.615920e+06
2.773538e-02 5.669920e+05 1.974046e+04 2.600778e+05 5.020279e+04 2.540641e+06
2.791455e-02 5.505201e+05 1.526351e+04 2.422775e+05 2.849486e+04 2.463292e+06
2.809381e-02 5.307168e+05 1.131699e+04 2.247138e+05 7.589609e+03 2.370121e+06
2.827308e-02 5.150063e+05 7.561708e+03 1.924912e+05 -1.357740e+04 2.288752e+06
2.845277e-02 4.937108e+05 4.248439e+03 1.722318e+05 -2.914126e+04 2.185147e+06
2.863250e-02 4.755321e+05 7.923071e+02 1.386239e+05 -4.653684e+04 2.089257e+06
2.881166e-02 4.554182e+05 -1.871317e+03 1.072324e+05 -6.096898e+04 1.984054e+06
2.899137e-02 4.353062e+05 -4.265551e+03 7.927823e+04 -7.130169e+04 1.881814e+06
2.917126e-02 4.162514e+05 -6.324013e+03 3.990306e+04 -8.211019e+04 1.775982e+06
2.935071e-02 3.967740e+05 -8.366299e+03 9.297937e+03 -9.136348e+04 1.672778e+06
2.953030e-02 3.776556e+05 -9.571021e+03 -2.649535e+04 -9.612483e+04 1.567470e+06
2.970997e-02 3.587666e+05 -1.094653e+04 -5.995609e+04 -1.009868e+05 1.465404e+06
2.988940e-02 3.409247e+05 -1.177619e+04 -9.183565e+04 -1.036715e+05 1.366647e+06
3.006874e-02 3.237321e+05 -1.218229e+04 -1.245371e+05 -1.046698e+05 1.269687e+06
3.024815e-02 3.066212e+05 -1.258070e+04 -1.524958e+05 -1.048526e+05 1.177651e+06
3.042767e-02 2.920975e+05 -1.217087e+04 -1.859926e+05 -1.026482e+05 1.090281e+06
3.060744e-02 2.773526e+05 -1.206951e+04 -2.098820e+05 -9.991962e+04 1.009634e+06
3.078708e-02 2.630169e+05 -1.100765e+04 -2.345028e+05 -9.539395e+04 9.282499e+05
3.096646e-02 2.507070e+05 -9.948546e+03 -2.564220e+05 -9.066312e+04 8.580521e+05
3.114600e-02 2.389985e+05 -8.505081e+03 -2.747230e+05 -8.479301e+04 7.930304e+05
3.132546e-02 2.291621e+05 -6.756119e+03 -2.929945e+05 -7.851384e+04 7.336581e+05
3.150520e-02 2.192966e+05 -4.620481e+03 -3.052040e+05 -7.149352e+04 6.808534e+05
3.168484e-02 2.110085e+05 -2.237913e+03 -3.160648e+05 -6.410403e+04 6.337865e+05
3.186375e-02 2.037739e+05 3.901219e+02 -3.239157e+05 -5.697812e+04 5.949241e+05
3.204302e-02 1.970219e+05 3.093457e+03 -3.278575e+05 -4.871973e+04 5.602102e+05
3.222277e-02 1.913801e+05 6.139540e+03 -3.293848e+05 -4.100076e+04 5.327381e+05
3.240259e-02 1.861575e+05 9.113201e+03 -3.269103e+05 -3.305920e+04 5.111267e+05
3.258186e-02 1.825416e+05 1.238141e+04 -3.239162e+05 -2.579992e+04 4.959984e+05
3.276123e-02 1.789780e+05 1.533930e+04 -3.164332e+05 -1.746144e+04 4.857765e+05
3.294133e-02 1.761634e+05 1.835420e+04 -3.070643e+05 -1.032790e+04 4.807382e+05
3.312088e-02 1.738406e+05 2.119098e+04 -2.948260e+05 -3.136992e+03 4.803717e+05
3.330035e-02 1.717104e+05 2.374365e+04 -2.798278e+05 4.285484e+03 4.837957e+05
3.347992e-02 1.710691e+05 2.614234e+04 -2.653638e+05 1.061335e+04 4.930608e+05
3.365971e-02 1.692906e+05 2.813373e+04 -2.455706e+05 1.776661e+04 5.022275e+05
3.383927e-02 1.693220e+05 3.000953e+04 -2.280701e+05 2.288371e+04 5.182806e+05
3.401835e-02 1.684921e+05 3.138180e+04 -2.061755e+05 2.895331e+04 5.332877e+05
3.419757e-02 1.686960e+05 3.248935e+04 -1.855939e+05 3.412725e+04 5.527799e+05
3.437723e-02 1.687664e+05 3.318382e+04 -1.637258e+05 3.871614e+04 5.724912e+05
3.455683e-02 1.689503e+05 3.366950e+04 -1.407553e+05 4.314705e+04 5.936938e+05
3.473619e-02 1.696455e+05 3.376139e+04 -1.193047e+05 4.626847e+04 6.160722e+05
3.491584e-02 1.697086e+05 3.358734e+04 -9.632874e+04 4.945015e+04 6.369077e+05
3.509556e-02 1.705749e+05 3.309000e+04 -7.537996e+04 5.188877e+04 6.598674e+05
3.527533e-02 1.708392e+05 3.233657e+04 -5.418137e+04 5.347117e+04 6.802622e+05
3.545456e-02 1.713524e+05 3.135502e+04 -3.301957e+04 5.517005e+04 7.010498e+05
3.563370e-02 1.714483e+05 3.008737e+04 -1.562054e+04 5.510748e+04 7.181950e+05
3.581332e-02 1.720141e+05 2.871476e+04 3.495505e+03 5.538756e+04 7.381188e+05
3.599287e-02 1.718652e+05 2.717806e+04 1.882612e+04 5.464804e+04 7.522952e+05
3.617240e-02 1.716812e+05 2.528909e+04 3.372734e+04 5.320649e+04 7.654663e+05
3.635196e-02 1.709939e+05 2.346222e+04 4.779141e+04 5.184917e+04 7.755082e+05
3.653161e-02 1.707578e+05 2.144445e+04 5.822220e+04 4.929795e+04 7.856062e+05
3.671117e-02 1.700420e+05 1.935829e+04 6.870294e+04 4.698481e+04 7.926952e+05
3.689084e-02 1.684302e+05 1.715704e+04 7.577464e+04 4.354947e+04 7.935511e+05
3.707056e-02 1.672168e+05 1.496468e+04 8.229871e+04 4.037843e+04 7.954261e+05
3.724984e-02 1.652776e+05 1.275723e+04 8.650757e+04 3.659961e+04 7.919632e+05
3.742914e-02 1.639565e+05 1.055489e+04 8.842321e+04 3.251737e+04 7.896921e+05
3.760871e-02 1.609941e+05 8.422920e+03 9.020938e+04 2.865328e+04 7.793059e+05
3.778826e-02 1.587574e+05 6.188962e+03 8.804857e+04 2.412147e+04 7.692271e+05
3.796764e-02 1.560012e+05 4.244842e+03 8.659650e+04 2.012802e+04 7.572806e+05
3.814709e-02 1.532120e+05 2.298714e+03 8.228179e+04 1.532609e+04 7.425062e+05
3.832696e-02 1.497134e+05 5.595214e+02 7.642395e+04 1.114504e+04 7.232256e+05
3.850665e-02 1.461774e+05 -1.091232e+03 7.066825e+04 6.974905e+03 7.040910e+05
3.868582e-02 1.427619e+05 -2.613086e+03 6.241166e+04 2.570391e+03 6.829726e+05
3.886530e-02 1.389645e+05 -3.831479e+03 5.408030e+04 -1.341747e+03 6.603835e+05
3.904481e-02 1.350704e+05 -5.031483e+03 4.413507e+04 -5.199303e+03 6.355282e+05
3.922441e-02 1.308583e+05 -5.963563e+03 3.416784e+04 -8.763585e+03 6.098434e+05
3.940396e-02 1.268223e+05 -6.749853e+03 2.376890e+04 -1.214855e+04 5.842556e+05
3.958316e-02 1.225470e+05 -7.334216e+03 1.186564e+04 -1.530002e+04 5.563649e+05
3.976287e-02 1.182393e+05 -7.786454e+03 9.493871e+02 -1.796396e+04 5.291482e+05
3.994250e-02 1.142354e+05 -8.064936e+03 -1.106121e+04 -2.021262e+04 5.024004e+05
4.012200e-02 1.097735e+05 -8.187752e+03 -2.258930e+04 -2.227373e+04 4.741062e+05
4.030171e-02 1.055934e+05 -8.161682e+03 -3.373384e+04 -2.382187e+04 4.470562e+05
4.048123e-02 1.017044e+05 -8.051200e+03 -4.496743e+04 -2.511818e+04 4.213619e+05
4.066058e-02 9.764563e+04 -7.770657e+03 -5.565361e+04 -2.590922e+04 3.954507e+05
4.084001e-02 9.371912e+04 -7.389872e+03 -6.590095e+04 -2.606743e+04 3.699929e+05
4.101966e-02 9.015996e+04 -6.898721e+03 -7.530146e+04 -2.627428e+04 3.470188e+05
4.119937e-02 8.670052e+04 -6.286927e+03 -8.449435e+04 -2.587478e+04 3.244082e+05
4.137874e-02 8.360559e+04 -5.673738e+03 -9.256684e+04 -2.520121e+04 3.043798e+05
4.155813e-02 8.040014e+04 -4.909983e+03 -9.955074e+04 -2.406207e+04 2.844900e+05
4.173777e-02 7.773479e+04 -4.084943e+03 -1.062583e+05 -2.256155e+04 2.670117e+05
4.191752e-02 7.521883e+04 -3.211184e+03 -1.115297e+05 -2.115829e+04 2.515039e+05
4.209699e-02 7.302920e+04 -2.299409e+03 -1.162128e+05 -1.916153e+04 2.375740e+05
4.227635e-02 7.105762e+04 -1.347294e+03 -1.196070e+05 -1.699901e+04 2.257299e+05
4.245594e-02 6.923130e+04 -3.562535e+02 -1.219436e+05 -1.470918e+04 2.151238e+05
4.263530e-02 6.792134e+04 6.282880e+02 -1.236100e+05 -1.230537e+04 2.074361e+05
4.281442e-02 6.660533e+04 1.623691e+03 -1.238679e+05 -9.767674e+03 2.007698e+05
4.299392e-02 6.575884e+04 2.637212e+03 -1.237199e+05 -7.154011e+03 1.964849e+05
4.317364e-02 6.495230e+04 3.604910e+03 -1.219409e+05 -4.419004e+03 1.935887e+05
4.335324e-02 6.456283e+04 4.617889e+03 -1.199352e+05 -1.859753e+03 1.928929e+05
4.353285e-02 6.427635e+04 5.526007e+03 -1.168049e+05 7.212996e+02 1.935282e+05
4.371256e-02 6.411762e+04 6.433832e+03 -1.127108e+05 3.333022e+03 1.955227e+05
4.389237e-02 6.422252e+04 7.272838e+03 -1.081394e+05 5.803942e+03 1.991149e+05
4.407181e-02 6.439995e+04 8.071909e+03 -1.026892e+05 8.173022e+03 2.038980e+05
4.425100e-02 6.473865e+04 8.792809e+03 -9.690924e+04 1.026842e+04 2.098581e+05
4.443069e-02 6.516236e+04 9.440674e+03 -9.039720e+04 1.238560e+04 2.167642e+05
4.461032e-02 6.564962e+04 9.993108e+03 -8.355684e+04 1.424384e+04 2.244919e+05
4.478953e-02 6.627893e+04 1.046408e+04 -7.651116e+04 1.591642e+04 2.329141e+05
4.496901e-02 6.683341e+04 1.082437e+04 -6.894152e+04 1.741372e+04 2.418722e+05
4.514874e-02 6.753050e+04 1.107496e+04 -6.157841e+04 1.858163e+04 2.512548e+05
4.532821e-02 6.814940e+04 1.125114e+04 -5.378663e+04 1.965464e+04 2.607054e+05
4.550745e-02 6.881884e+04 1.127204e+04 -4.628929e+04 2.044827e+04 2.703232e+05
4.568707e-02 6.942968e+04 1.122718e+04 -3.876137e+04 2.096341e+04 2.797321e+05
4.586694e-02 7.002120e+04 1.107056e+04 -3.121588e+04 2.131811e+04 2.891387e+05
4.604629e-02 7.065040e+04 1.082525e+04 -2.436564e+04 2.141990e+04 2.980954e+05
4.622568e-02 7.100891e+04 1.044300e+04 -1.743229e+04 2.126009e+04 3.059720e+05
4.640539e-02 7.148461e+04 1.006386e+04 -1.109481e+04 2.084861e+04 3.139415e+05
4.658483e-02 7.184663e+04 9.571156e+03 -4.984184e+03 2.029462e+04 3.210892e+05
4.676428e-02 7.202552e+04 9.019847e+03 6.736488e+02 1.946957e+04 3.271072e+05
4.694377e-02 7.218882e+04 8.443034e+03 5.358987e+03 1.843720e+04 3.322828e+05
4.712315e-02 7.218971e+04 7.817371e+03 1.004086e+04 1.724494e+04 3.366403e+05
4.730271e-02 7.206180e+04 7.197282e+03 1.372044e+04 1.592974e+04 3.397617e+05
4.748233e-02 7.190355e+04 6.499524e+03 1.719639e+04 1.437980e+04 3.424064e+05
4.766205e-02 7.142918e+04 5.830426e+03 1.958688e+04 1.279610e+04 3.428422e+05
4.784146e-02 7.106515e+04 5.160197e+03 2.148315e+04 1.102730e+04 3.435151e+05
4.802067e-02 7.039484e+04 4.454726e+03 2.329488e+04 9.304038e+03 3.424098e+05
4.820042e-02 6.962039e+04 3.751678e+03 2.366021e+04 7.420172e+03 3.400745e+05
4.838029e-02 6.873349e+04 3.082871e+03 2.389922e+04 5.659046e+03 3.368386e+05
4.855956e-02 6.770763e+04 2.380999e+03 2.314350e+04 3.701638e+03 3.323748e+05
4.873901e-02 6.661230e+04 1.743165e+03 2.238916e+04 1.955875e+03 3.273662e+05
4.891873e-02 6.542164e+04 1.062621e+03 2.100789e+04 1.872983e+02 3.214348e+05
4.909828e-02 6.410866e+04 4.442191e+02 1.838696e+04 -1.524655e+03 3.140279e+05
4.927778e-02 6.270395e+04 -1.418638e+02 1.602973e+04 -3.101370e+03 3.061810e+05
4.945710e-02 6.127444e+04 -7.466627e+02 1.306462e+04 -4.735186e+03 2.977029e+05
4.963681e-02 5.974486e+04 -1.241135e+03 9.722789e+03 -6.017071e+03 2.882883e+05
4.981627e-02 5.828009e+04 -1.745001e+03 5.996207e+03 -7.379986e+03 2.789004e+05
4.999549e-02 5.661873e+04 -2.151041e+03 1.930809e+03 -8.513505e+03 2.681698e+05
5.017513e-02 5.505154e+04 -2.514121e+03 -2.083680e+03 -9.568034e+03 2.577429e+05
5.035469e-02 5.350133e+04 -2.837183e+03 -6.656339e+03 -1.051394e+04 2.469157e+05
5.053422e-02 5.188914e+04 -3.065601e+03 -1.098018e+04 -1.128981e+04 2.359017e+05
5.071373e-02 5.034236e+04 -3.220635e+03 -1.568901e+04 -1.191733e+04 2.248217e+05
5.089331e-02 4.877714e+04 -3.316901e+03 -2.032278e+04 -1.247437e+04 2.136405e+05
5.107290e-02 4.725655e+04 -3.355958e+03 -2.454005e+04 -1.284011e+04 2.028976e+05
5.125246e-02 4.582177e+04 -3.299646e+03 -2.926384e+04 -1.309393e+04 1.922012e+05
5.143191e-02 4.433908e+04 -3.195849e+03 -3.338271e+04 -1.320484e+04 1.816763e+05
5.161130e-02 4.298371e+04 -3.002609e+03 -3.764975e+04 -1.316928e+04 1.716565e+05
5.179073e-02 4.167426e+04 -2.798582e+03 -4.135699e+04 -1.309816e+04 1.622529e+05
5.197023e-02 4.040836e+04 -2.518519e+03 -4.493804e+04 -1.280155e+04 1.531685e+05
5.214995e-02 3.924231e+04 -2.201045e+03 -4.832812e+04 -1.242810e+04 1.447631e+05
5.232948e-02 3.806927e+04 -1.848223e+03 -5.114209e+04 -1.197929e+04 1.367102e+05
5.250892e-02 3.708660e+04 -1.453016e+03 -5.387582e+04 -1.133893e+04 1.296837e+05
5.268863e-02 3.611941e+04 -1.051579e+03 -5.599101e+04 -1.069024e+04 1.232231e+05
5.286820e-02 3.520921e+04 -6.190241e+02 -5.780567e+04 -9.908324e+03 1.172783e+05
5.304764e-02 3.440304e+04 -1.786936e+02 -5.917988e+04 -9.096588e+03 1.121918e+05
5.322715e-02 3.366650e+04 2.653096e+02 -6.009024e+04 -8.179349e+03 1.077999e+05
5.340663e-02 3.311200e+04 7.114556e+02 -6.082954e+04 -7.224008e+03 1.044457e+05
5.358625e-02 3.246743e+04 1.153052e+03 -6.078489e+04 -6.268957e+03 1.012809e+05
5.376579e-02 3.205619e+04 1.598375e+03 -6.071387e+04 -5.278962e+03 9.924652e+04
5.394514e-02 3.164266e+04 2.018720e+03 -6.002292e+04 -4.277199e+03 9.774681e+04
5.412441e-02 3.132607e+04 2.416520e+03 -5.902275e+04 -3.268084e+03 9.694937e+04
5.430414e-02 3.108325e+04 2.805280e+03 -5.771504e+04 -2.291398e+03 9.677513e+04
5.448388e-02 3.087183e+04 3.164211e+03 -5.600223e+04 -1.336189e+03 9.711762e+04
5.466309e-02 3.080304e+04 3.504240e+03 -5.418981e+04 -4.459101e+02 9.820303e+04
5.484261e-02 3.074553e+04 3.793659e+03 -5.197008e+04 4.312270e+02 9.973537e+04
5.502222e-02 3.069651e+04 4.060622e+03 -4.948607e+04 1.212164e+03 1.014974e+05
5.520186e-02 3.074704e+04 4.290451e+03 -4.691920e+04 1.959424e+03 1.038744e+05
5.538127e-02 3.081832e+04 4.478673e+03 -4.409000e+04 2.649144e+03 1.065516e+05
5.556057e-02 3.094377e+04 4.624456e+03 -4.124522e+04 3.197110e+03 1.095021e+05
5.574024e-02 3.103751e+04 4.730810e+03 -3.814589e+04 3.742244e+03 1.125491e+05
5.591990e-02 3.119951e+04 4.795308e+03 -3.516845e+04 4.139244e+03 1.158216e+05
5.609947e-02 3.134853e+04 4.829713e+03 -3.209314e+04 4.468683e+03 1.191323e+05
5.627892e-02 3.155957e+04 4.816666e+03 -2.905563e+04 4.740104e+03 1.226941e+05
5.645856e-02 3.170205e+04 4.761227e+03 -2.603638e+04 4.872055e+03 1.259361e+05
5.663826e-02 3.187002e+04 4.672812e+03 -2.309210e+04 4.969379e+03 1.292136e+05
5.681769e-02 3.201364e+04 4.563219e+03 -2.029064e+04 4.926367e+03 1.323262e+05
5.699710e-02 3.212669e+04 4.402275e+03 -1.759321e+04 4.840887e+03 1.351367e+05
5.717663e-02 3.222631e+04 4.226223e+03 -1.501888e+04 4.646056e+03 1.377894e+05
5.735605e-02 3.231896e+04 4.023482e+03 -1.272023e+04 4.373889e+03 1.402495e+05
5.753539e-02 3.233798e+04 3.787230e+03 -1.053166e+04 4.077780e+03 1.421791e+05
5.771483e-02 3.234390e+04 3.549982e+03 -8.726712e+03 3.647444e+03 1.438628e+05
5.789466e-02 3.231272e+04 3.274191e+03 -6.845343e+03 3.199828e+03 1.452513e+05
5.807436e-02 3.222437e+04 3.004078e+03 -5.432925e+03 2.697135e+03 1.461555e+05
5.825359e-02 3.209991e+04 2.711715e+03 -4.339381e+03 2.112599e+03 1.465708e+05
5.843303e-02 3.190501e+04 2.415158e+03 -3.288601e+03 1.549801e+03 1.465367e+05
5.861274e-02 3.170510e+04 2.127446e+03 -2.628058e+03 9.014510e+02 1.462865e+05
5.879233e-02 3.142234e+04 1.827505e+03 -2.059005e+03 2.774443e+02 1.454272e+05
5.897187e-02 3.112046e+04 1.538958e+03 -1.947656e+03 -4.086273e+02 1.442367e+05
5.915148e-02 3.071816e+04 1.257472e+03 -1.960541e+03 -1.053190e+03 1.423401e+05
5.933120e-02 3.034170e+04 9.869608e+02 -2.202427e+03 -1.727421e+03 1.404408e+05
5.951050e-02 2.989771e+04 7.323292e+02 -2.685148e+03 -2.389591e+03 1.380371e+05
5.968960e-02 2.939076e+04 5.024892e+02 -3.321215e+03 -3.012668e+03 1.351577e+05
5.986932e-02 2.885164e+04 2.696781e+02 -4.290779e+03 -3.645147e+03 1.318946e+05
6.004880e-02 2.831515e+04 8.239066e+01 -5.314436e+03 -4.223624e+03 1.286215e+05
6.022820e-02 2.772286e+04 -1.065043e+02 -6.397298e+03 -4.776525e+03 1.249855e+05
6.040778e-02 2.709692e+04 -2.539596e+02 -7.815068e+03 -5.259267e+03 1.209512e+05
6.058726e-02 2.645135e+04 -3.806321e+02 -9.209588e+03 -5.734912e+03 1.168482e+05
6.076685e-02 2.583020e+04 -5.015608e+02 -1.079482e+04 -6.126844e+03 1.127019e+05
6.094640e-02 2.516482e+04 -5.848306e+02 -1.230116e+04 -6.465124e+03 1.084213e+05
6.112606e-02 2.449414e+04 -6.531732e+02 -1.397106e+04 -6.741570e+03 1.039331e+05
6.130567e-02 2.381383e+04 -6.922820e+02 -1.558643e+04 -6.949010e+03 9.945723e+04
6.148499e-02 2.317704e+04 -7.127640e+02 -1.724112e+04 -7.118573e+03 9.516578e+04
6.166458e-02 2.252845e+04 -7.119814e+02 -1.889085e+04 -7.169812e+03 9.076361e+04
6.184419e-02 2.187865e+04 -6.839801e+02 -2.039497e+04 -7.205451e+03 8.648794e+04
6.202378e-02 2.129012e+04 -6.385265e+02 -2.196770e+04 -7.150108e+03 8.239093e+04
6.220328e-02 2.069854e+04 -5.706328e+02 -2.338606e+04 -7.047639e+03 7.842112e+04
6.238252e-02 2.012928e+04 -4.851992e+02 -2.468513e+04 -6.869952e+03 7.461688e+04
6.256203e-02 1.960348e+04 -3.778752e+02 -2.587973e+04 -6.654298e+03 7.107034e+04
6.274173e-02 1.909632e+04 -2.591084e+02 -2.693766e+04 -6.376382e+03 6.773832e+04
6.292133e-02 1.866525e+04 -1.081334e+02 -2.794335e+04 -6.063018e+03 6.475842e+04
6.310073e-02 1.822375e+04 3.828833e+01 -2.866960e+04 -5.701955e+03 6.197956e+04
6.328018e-02 1.785587e+04 2.066568e+02 -2.932896e+04 -5.314321e+03 5.958687e+04
6.345987e-02 1.750401e+04 3.827126e+02 -2.977168e+04 -4.889973e+03 5.743219e+04
6.363932e-02 1.718737e+04 5.591450e+02 -3.002259e+04 -4.437615e+03 5.561075e+04
6.381883e-02 1.694478e+04 7.593446e+02 -3.020043e+04 -3.982222e+03 5.421493e+04
6.399840e-02 1.670697e+04 9.369528e+02 -3.009933e+04 -3.492170e+03 5.304104e+04
6.417787e-02 1.652409e+04 1.131615e+03 -2.987570e+04 -3.022954e+03 5.226175e+04
6.435740e-02 1.636597e+04 1.316165e+03 -2.946839e+04 -2.525624e+03 5.173232e+04
6.453672e-02 1.625722e+04 1.492407e+03 -2.891599e+04 -2.043558e+03 5.158864e+04
6.471627e-02 1.617017e+04 1.670441e+03 -2.819517e+04 -1.573350e+03 5.168285e+04
6.489573e-02 1.612089e+04 1.826478e+03 -2.731405e+04 -1.097130e+03 5.207711e+04
6.507532e-02 1.610176e+04 1.980239e+03 -2.635644e+04 -6.754229e+02 5.273645e+04
6.525498e-02 1.610582e+04 2.115763e+03 -2.521248e+04 -2.460778e+02 5.362701e+04
6.543438e-02 1.612479e+04 2.238042e+03 -2.396072e+04 1.596769e+02 5.469512e+04
6.561406e-02 1.618530e+04 2.347893e+03 -2.266884e+04 5.088315e+02 5.601646e+04
6.579354e-02 1.622862e+04 2.430351e+03 -2.121082e+04 8.506600e+02 5.736962e+04
6.597293e-02 1.632587e+04 2.504059e+03 -1.979990e+04 1.137187e+03 5.901743e+04
6.615268e-02 1.640687e+04 2.554504e+03 -1.824688e+04 1.396362e+03 6.063731e+04
6.633236e-02 1.650699e+04 2.589633e+03 -1.670449e+04 1.613783e+03 6.239716e+04
6.651186e-02 1.661223e+04 2.604242e+03 -1.514128e+04 1.772451e+03 6.418206e+04
6.669114e-02 1.670857e+04 2.598822e+03 -1.358377e+04 1.908556e+03 6.594019e+04
6.687057e-02 1.680403e+04 2.573773e+03 -1.205397e+04 1.974602e+03 6.768845e+04
6.705025e-02 1.690662e+04 2.538485e+03 -1.049671e+04 2.036111e+03 6.948073e+04
6.722990e-02 1.697742e+04 2.475230e+03 -9.076207e+03 2.002348e+03 7.104183e+04
6.740941e-02 1.706397e+04 2.404882e+03 -7.676173e+03 1.967268e+03 7.264916e+04
6.758867e-02 1.713191e+04 2.317819e+03 -6.374752e+03 1.860215e+03 7.411488e+04
6.776822e-02 1.716019e+04 2.216644e+03 -5.109384e+03 1.743293e+03 7.535712e+04
6.794788e-02 1.719730e+04 2.100408e+03 -3.976860e+03 1.577966e+03 7.655222e+04
6.812729e-02 1.720071e+04 1.978300e+03 -2.986566e+03 1.358715e+03 7.747273e+04
6.830688e-02 1.717716e+04 1.838356e+03 -2.054867e+03 1.143322e+03 7.822840e+04
6.848624e-02 1.714280e+04 1.695862e+03 -1.286934e+03 8.826755e+02 7.879943e+04
6.866563e-02 1.708116e+04 1.544508e+03 -6.074669e+02 6.222584e+02 7.917611e+04
6.884532e-02 1.700308e+04 1.385048e+03 -8.649321e+01 3.277748e+02 7.936309e+04
6.902501e-02 1.686597e+04 1.227249e+03 2.496394e+02 1.814381e+01 7.910055e+04
6.920471e-02 1.674339e+04 1.057027e+03 5.354816e+02 -2.860264e+02 7.887167e+04
6.938409e-02 1.659901e+04 8.961074e+02 6.601969e+02 -6.033848e+02 7.841148e+04
6.956343e-02 1.638582e+04 7.295675e+02 6.223714e+02 -9.124552e+02 7.747774e+04
6.974295e-02 1.620607e+04 5.681097e+02 4.653733e+02 -1.228524e+03 7.660678e+04
6.992262e-02 1.597753e+04 4.118026e+02 1.909055e+02 -1.539401e+03 7.538739e+04
7.010211e-02 1.573525e+04 2.549915e+02 -1.573664e+02 -1.806842e+03 7.405055e+04
7.028154e-02 1.546804e+04 1.177083e+02 -7.113645e+02 -2.102707e+03 7.240202e+04
7.046115e-02 1.520158e+04 -2.343207e+01 -1.301740e+03 -2.360505e+03 7.071755e+04
7.064068e-02 1.490931e+04 -1.418471e+02 -2.015103e+03 -2.604784e+03 6.880670e+04
7.081999e-02 1.462206e+04 -2.571354e+02 -2.799029e+03 -2.834619e+03 6.684787e+04
7.099948e-02 1.431035e+04 -3.594985e+02 -3.629361e+03 -3.024279e+03 6.470959e+04
7.117917e-02 1.399381e+04 -4.406337e+02 -4.556721e+03 -3.215052e+03 6.246943e+04
7.135856e-02 1.368342e+04 -5.137944e+02 -5.541322e+03 -3.362238e+03 6.019877e+04
7.153818e-02 1.337637e+04 -5.692372e+02 -6.519807e+03 -3.482779e+03 5.791581e+04
7.171778e-02 1.305176e+04 -6.119145e+02 -7.539681e+03 -3.590966e+03 5.552374e+04
7.189719e-02 1.274917e+04 -6.324196e+02 -8.601316e+03 -3.662408e+03 5.319092e+04
7.207684e-02 1.243322e+04 -6.438537e+02 -9.599250e+03 -3.716178e+03 5.081952e+04
7.225635e-02 1.214421e+04 -6.380741e+02 -1.062407e+04 -3.733989e+03 4.854502e+04
7.243580e-02 1.183954e+04 -6.139360e+02 -1.159139e+04 -3.724411e+03 4.624801e+04
7.261540e-02 1.156927e+04 -5.790379e+02 -1.254161e+04 -3.697102e+03 4.410300e+04
7.279498e-02 1.130375e+04 -5.260662e+02 -1.344424e+04 -3.638959e+03 4.201284e+04
7.297435e-02 1.105775e+04 -4.637552e+02 -1.429144e+04 -3.561252e+03 4.006773e+04
7.315367e-02 1.081191e+04 -3.848659e+02 -1.503512e+04 -3.460533e+03 3.818457e+04
7.333339e-02 1.059233e+04 -3.018904e+02 -1.572363e+04 -3.333275e+03 3.648820e+04
7.351304e-02 1.039300e+04 -2.023978e+02 -1.632931e+04 -3.195366e+03 3.493342e+04
7.369245e-02 1.020696e+04 -9.976595e+01 -1.683737e+04 -3.027440e+03 3.353517e+04
7.387205e-02 1.003594e+04 1.327524e+01 -1.724560e+04 -2.853507e+03 3.228664e+04
7.405161e-02 9.890802e+03 1.288088e+02 -1.756860e+04 -2.660419e+03 3.124280e+04
7.423102e-02 9.760479e+03 2.486347e+02 -1.777395e+04 -2.453069e+03 3.035805e+04
7.441034e-02 9.647921e+03 3.752900e+02 -1.788224e+04 -2.243904e+03 2.964865e+04
7.458994e-02 9.551786e+03 4.957829e+02 -1.787813e+04 -2.013274e+03 2.911328e+04
7.476952e-02 9.475337e+03 6.206450e+02 -1.778409e+04 -1.790154e+03 2.876048e+04
7.494880e-02 9.427117e+03 7.409269e+02 -1.760736e+04 -1.560262e+03 2.862042e+04
7.512837e-02 9.363332e+03 8.564740e+02 -1.727402e+04 -1.323189e+03 2.853042e+04
7.530798e-02 9.339297e+03 9.720567e+02 -1.689164e+04 -1.096669e+03 2.869875e+04
7.548748e-02 9.327192e+03 1.075833e+03 -1.642795e+04 -8.668552e+02 2.899063e+04
7.566700e-02 9.319079e+03 1.174266e+03 -1.587077e+04 -6.526443e+02 2.940693e+04
7.584667e-02 9.326851e+03 1.261409e+03 -1.524255e+04 -4.406111e+02 2.995488e+04
7.602629e-02 9.341868e+03 1.343207e+03 -1.455768e+04 -2.469548e+02 3.061407e+04
7.620569e-02 9.372963e+03 1.407776e+03 -1.381569e+04 -5.488001e+01 3.140322e+04
7.638530e-02 9.404111e+03 1.464274e+03 -1.303313e+04 1.156935e+02 3.223867e+04
7.656501e-02 9.433488e+03 1.503986e+03 -1.218952e+04 2.697533e+02 3.312170e+04
7.674455e-02 9.474838e+03 1.532946e+03 -1.133571e+04 4.099825e+02 3.408397e+04
7.692398e-02 9.525940e+03 1.546674e+03 -1.047710e+04 5.267458e+02 3.511212e+04
7.710340e-02 9.572835e+03 1.546851e+03 -9.609171e+03 6.321778e+02 3.612180e+04
7.728275e-02 9.617707e+03 1.532275e+03 -8.746639e+03 7.007881e+02 3.712336e+04
7.746218e-02 9.670156e+03 1.505881e+03 -7.900975e+03 7.610141e+02 3.815062e+04
7.764173e-02 9.717969e+03 1.466683e+03 -7.057346e+03 8.001810e+02 3.913375e+04
7.782134e-02 9.763180e+03 1.413720e+03 -6.282691e+03 8.046068e+02 4.006923e+04
7.800113e-02 9.806616e+03 1.354300e+03 -5.523217e+03 7.999133e+02 4.095486e+04
7.818053e-02 9.848053e+03 1.279250e+03 -4.844470e+03 7.570442e+02 4.176213e+04
7.835977e-02 9.879068e+03 1.203206e+03 -4.172112e+03 7.042804e+02 4.250705e+04
7.853945e-02 9.907487e+03 1.118125e+03 -3.615639e+03 6.246310e+02 4.312513e+04
7.871901e-02 9.926204e+03 1.025745e+03 -3.083693e+03 5.190139e+02 4.368283e+04
7.889852e-02 9.933575e+03 9.349416e+02 -2.647617e+03 4.023073e+02 4.407571e+04
7.907812e-02 9.937488e+03 8.369877e+02 -2.287157e+03 2.525078e+02 4.440073e+04
7.925765e-02 9.926311e+03 7.428627e+02 -1.990051e+03 9.795973e+01 4.458682e+04
7.943713e-02 9.908249e+03 6.480918e+02 -1.796429e+03 -7.755655e+01 4.465208e+04
7.961653e-02 9.868316e+03 5.538370e+02 -1.644421e+03 -2.654224e+02 4.456843e+04
7.979598e-02 9.823480e+03 4.645369e+02 -1.599302e+03 -4.567887e+02 4.437797e+04
7.997559e-02 9.756608e+03 3.775155e+02 -1.591216e+03 -6.594171e+02 4.404858e+04
8.015521e-02 9.686666e+03 2.952466e+02 -1.706357e+03 -8.700887e+02 4.361585e+04
8.033477e-02 9.589997e+03 2.190301e+02 -1.862069e+03 -1.079634e+03 4.300577e+04
8.051401e-02 9.491932e+03 1.469982e+02 -2.088772e+03 -1.279155e+03 4.235333e+04
8.069347e-02 9.360878e+03 8.275028e+01 -2.370494e+03 -1.480297e+03 4.149334e+04
8.087332e-02 9.241387e+03 2.206514e+01 -2.707733e+03 -1.666467e+03 4.065323e+04
8.105287e-02 9.094953e+03 -3.216055e+01 -3.101368e+03 -1.852303e+03 3.963941e+04
8.123233e-02 8.933991e+03 -7.724222e+01 -3.542931e+03 -2.009318e+03 3.851968e+04
8.141188e-02 8.775913e+03 -1.187582e+02 -4.015926e+03 -2.158713e+03 3.740496e+04
8.159141e-02 8.597812e+03 -1.516662e+02 -4.517443e+03 -2.291530e+03 3.616329e+04
8.177087e-02 8.425524e+03 -1.808168e+02 -5.061273e+03 -2.402201e+03 3.492418e+04
8.195037e-02 8.231669e+03 -1.995722e+02 -5.596676e+03 -2.487859e+03 3.358189e+04
8.212994e-02 8.051113e+03 -2.169382e+02 -6.166706e+03 -2.558274e+03 3.228214e+04
8.230951e-02 7.861308e+03 -2.230290e+02 -6.715246e+03 -2.601992e+03 3.094867e+04
8.248900e-02 7.673531e+03 -2.263196e+02 -7.289213e+03 -2.625141e+03 2.959908e+04
8.266844e-02 7.492220e+03 -2.209557e+02 -7.836058e+03 -2.628259e+03 2.829217e+04
8.284785e-02 7.311571e+03 -2.083400e+02 -8.372015e+03 -2.604949e+03 2.700826e+04
8.302730e-02 7.138706e+03 -1.918906e+02 -8.880981e+03 -2.568733e+03 2.576231e+04
8.320692e-02 6.974387e+03 -1.653694e+02 -9.365595e+03 -2.504931e+03 2.457332e+04
8.338648e-02 6.824507e+03 -1.357524e+02 -9.825488e+03 -2.430277e+03 2.346167e+04
8.356601e-02 6.671730e+03 -9.774023e+01 -1.021617e+04 -2.334204e+03 2.238591e+04
8.374563e-02 6.543897e+03 -5.363557e+01 -1.059823e+04 -2.220849e+03 2.144291e+04
8.392511e-02 6.426177e+03 -4.830455e+00 -1.091309e+04 -2.101291e+03 2.057561e+04
8.410459e-02 6.312542e+03 5.052036e+01 -1.116662e+04 -1.959156e+03 1.978742e+04
8.428421e-02 6.223068e+03 1.086520e+02 -1.137815e+04 -1.814521e+03 1.913233e+04
8.446368e-02 6.140710e+03 1.721420e+02 -1.152405e+04 -1.658730e+03 1.857382e+04
8.464319e-02 6.080486e+03 2.381565e+02 -1.162473e+04 -1.492718e+03 1.814945e+04
8.482280e-02 6.027352e+03 3.083177e+02 -1.164619e+04 -1.325412e+03 1.781883e+04
8.500226e-02 5.994178e+03 3.765771e+02 -1.162783e+04 -1.152663e+03 1.762668e+04
8.518174e-02 5.961537e+03 4.481834e+02 -1.150817e+04 -9.743358e+02 1.750645e+04
8.536136e-02 5.954438e+03 5.168995e+02 -1.136675e+04 -8.009639e+02 1.754540e+04
8.554093e-02 5.954933e+03 5.874878e+02 -1.114420e+04 -6.247722e+02 1.767056e+04
8.572028e-02 5.967421e+03 6.545415e+02 -1.087166e+04 -4.558487e+02 1.791128e+04
8.589963e-02 5.991884e+03 7.161274e+02 -1.054650e+04 -2.904456e+02 1.823795e+04
8.607915e-02 6.022652e+03 7.780474e+02 -1.016077e+04 -1.264694e+02 1.866837e+04
8.625868e-02 6.067249e+03 8.315405e+02 -9.738256e+03 1.932302e+01 1.918235e+04
8.643824e-02 6.114166e+03 8.850972e+02 -9.264595e+03 1.641166e+02 1.976197e+04
8.661787e-02 6.170633e+03 9.280381e+02 -8.753370e+03 2.921766e+02 2.042417e+04
8.679744e-02 6.237799e+03 9.685818e+02 -8.222083e+03 4.117325e+02 2.114287e+04
8.697703e-02 6.305717e+03 1.002538e+03 -7.653547e+03 5.179109e+02 2.192766e+04
8.715648e-02 6.373986e+03 1.026277e+03 -7.061994e+03 6.010142e+02 2.270510e+04
8.733588e-02 6.445213e+03 1.046501e+03 -6.469000e+03 6.756797e+02 2.353283e+04
8.751546e-02 6.521121e+03 1.058258e+03 -5.844699e+03 7.320544e+02 2.438986e+04
8.769504e-02 6.595333e+03 1.063833e+03 -5.242970e+03 7.689839e+02 2.523269e+04
8.787468e-02 6.668941e+03 1.059806e+03 -4.634528e+03 7.913790e+02 2.608603e+04
8.805415e-02 6.741478e+03 1.050641e+03 -4.043966e+03 7.847627e+02 2.690643e+04
8.823359e-02 6.804662e+03 1.030805e+03 -3.454925e+03 7.707990e+02 2.768739e+04
8.841311e-02 6.874192e+03 1.008850e+03 -2.899257e+03 7.339860e+02 2.846904e+04
8.859270e-02 6.927345e+03 9.728379e+02 -2.372936e+03 6.737787e+02 2.914542e+04
8.877226e-02 6.979241e+03 9.356901e+02 -1.863941e+03 6.032189e+02 2.978504e+04
8.895172e-02 7.030690e+03 8.918356e+02 -1.415593e+03 5.007410e+02 3.037151e+04
8.913118e-02 7.063606e+03 8.393013e+02 -9.798720e+02 3.873765e+02 3.084122e+04
8.931072e-02 7.098355e+03 7.895871e+02 -6.062712e+02 2.568445e+02 3.125824e+04
8.949031e-02 7.121109e+03 7.273447e+02 -2.674938e+02 9.887447e+01 3.155876e+04
8.966973e-02 7.128709e+03 6.706240e+02 2.012555e+01 -7.005577e+01 3.173579e+04
8.984928e-02 7.135375e+03 6.066038e+02 2.655923e+02 -2.684799e+02 3.184958e+04
9.002870e-02 7.127087e+03 5.478599e+02 4.603514e+02 -4.731353e+02 3.181156e+04
9.020814e-02 7.110550e+03 4.893364e+02 6.032462e+02 -7.081621e+02 3.168046e+04
9.038774e-02 7.081957e+03 4.352057e+02 7.141578e+02 -9.543510e+02 3.142366e+04
9.056723e-02 7.043330e+03 3.851293e+02 7.734341e+02 -1.233572e+03 3.105453e+04
9.074682e-02 6.998306e+03 3.479936e+02 8.037975e+02 -1.514263e+03 3.060859e+04
9.092635e-02 6.944544e+03 3.182446e+02 7.942022e+02 -1.836210e+03 3.006960e+04
9.110583e-02 6.868850e+03 3.067904e+02 7.680228e+02 -2.148467e+03 2.941048e+04
9.128546e-02 6.791892e+03 3.164331e+02 7.444214e+02 -2.484731e+03 2.877257e+04
9.146502e-02 6.706456e+03 3.678516e+02 7.123248e+02 -2.779671e+03 2.814942e+04
9.164437e-02 6.615600e+03 4.577145e+02 6.938213e+02 -3.037212e+03 2.763274e+04
9.182391e-02 6.503399e+03 7.328466e+02 7.260424e+02 -2.884423e+03 2.727518e+04
