# k, q0, q2, q4 | 
0.000000e+00 2.658494e+15 0.000000e+00 -1.786770e+15
2.966547e-03 2.646411e+15 -8.516230e+11 4.221213e+14
5.026374e-03 2.624763e+15 -1.626848e+12 -1.296907e+14
7.149301e-03 2.590845e+15 -3.415990e+12 1.782815e+14
9.278870e-03 2.545802e+15 -5.364997e+12 3.676320e+13
1.145033e-02 2.488563e+15 -7.955219e+12 5.606351e+13
1.349296e-02 2.425440e+15 -1.024891e+13 -6.268692e+13
1.558906e-02 2.351426e+15 -1.397762e+13 6.302857e+13
1.770204e-02 2.268593e+15 -1.680147e+13 -3.289840e+13
1.982287e-02 2.177788e+15 -2.099341e+13 3.309143e+13
2.197702e-02 2.078860e+15 -2.446577e+13 3.168764e+12
2.403281e-02 1.979137e+15 -2.809224e+13 -8.921242e+12
2.610652e-02 1.874158e+15 -3.267128e+13 5.408932e+13
2.824499e-02 1.762464e+15 -3.483424e+13 -3.857292e+13
3.032543e-02 1.651489e+15 -3.828064e+13 -2.553210e+13
3.240456e-02 1.539300e+15 -4.256386e+13 2.555888e+13
3.451063e-02 1.425377e+15 -4.517424e+13 2.091524e+12
3.660178e-02 1.312951e+15 -4.705963e+13 -7.654340e+12
3.871220e-02 1.201111e+15 -4.935293e+13 -8.186111e+12
4.081048e-02 1.092389e+15 -5.161333e+13 8.944118e+12
4.291656e-02 9.865628e+14 -5.273071e+13 3.252341e+12
4.501676e-02 8.849975e+14 -5.285632e+13 -6.166955e+12
4.709116e-02 7.892059e+14 -5.363090e+13 5.281782e+12
4.918353e-02 6.976378e+14 -5.300312e+13 -5.715808e+12
5.127512e-02 6.116133e+14 -5.320345e+13 1.317756e+13
5.336904e-02 5.313627e+14 -5.035090e+13 -1.059673e+13
5.548283e-02 4.565081e+14 -4.923558e+13 -4.545512e+12
5.758514e-02 3.883658e+14 -4.766092e+13 2.194729e+12
5.965950e-02 3.273187e+14 -4.443147e+13 -7.128090e+12
6.174625e-02 2.721598e+14 -4.253700e+13 4.680076e+12
6.383205e-02 2.230747e+14 -3.870351e+13 -5.139383e+12
6.593345e-02 1.796582e+14 -3.637879e+13 4.515817e+12
6.804044e-02 1.418828e+14 -3.243797e+13 -7.927605e+11
7.014358e-02 1.096671e+14 -2.858696e+13 -3.218073e+12
7.224559e-02 8.257882e+13 -2.542030e+13 8.086539e+11
7.433414e-02 6.034417e+13 -2.170990e+13 -1.527057e+12
7.642449e-02 4.236600e+13 -1.830514e+13 2.894381e+11
7.851410e-02 2.823326e+13 -1.485728e+13 -8.710814e+11
8.060895e-02 1.748858e+13 -1.160769e+13 -4.649213e+11
8.270092e-02 9.739988e+12 -8.679841e+12 4.223272e+11
8.478849e-02 4.551150e+12 -5.740055e+12 -7.275290e+11
8.688811e-02 1.483451e+12 -3.250872e+12 1.668463e+11
8.898676e-02 1.694160e+11 -9.108020e+11 -8.494326e+10
9.108979e-02 2.418066e+11 1.117928e+12 -3.853412e+10
9.319682e-02 1.359900e+12 2.856252e+12 -9.618325e+10
9.529133e-02 3.201354e+12 4.280690e+12 4.762422e+11
9.736711e-02 5.477624e+12 5.415997e+12 -7.842760e+10
9.944947e-02 7.981798e+12 6.269496e+12 3.555861e+11
1.015490e-01 1.053248e+13 6.946831e+12 -2.788946e+11
1.036483e-01 1.294659e+13 7.279261e+12 6.043094e+11
1.057474e-01 1.509788e+13 7.342244e+12 4.925110e+11
1.078455e-01 1.689176e+13 7.337248e+12 -1.160730e+11
1.099413e-01 1.826794e+13 7.076007e+12 7.492308e+11
1.120440e-01 1.919526e+13 6.818329e+12 -5.439502e+10
1.141311e-01 1.966048e+13 6.247941e+12 4.647613e+11
1.162201e-01 1.968132e+13 5.683529e+12 2.594289e+11
1.183145e-01 1.928874e+13 5.104973e+12 1.721661e+11
1.203981e-01 1.852898e+13 4.322796e+12 7.355198e+11
1.224958e-01 1.744699e+13 3.789932e+12 9.943548e+10
1.245916e-01 1.610977e+13 3.065286e+12 3.250699e+11
1.266933e-01 1.457599e+13 2.474977e+12 3.301515e+11
1.287902e-01 1.291998e+13 1.855170e+12 1.876120e+11
1.308854e-01 1.120329e+13 1.337822e+12 2.987194e+11
1.329876e-01 9.478587e+12 8.691816e+11 1.608327e+11
1.350719e-01 7.819508e+12 4.759666e+11 2.328237e+11
1.371686e-01 6.249078e+12 1.846677e+11 1.261364e+11
1.392670e-01 4.813197e+12 -7.205089e+10 1.115348e+11
1.413518e-01 3.552185e+12 -2.388386e+11 1.433335e+11
1.434492e-01 2.470069e+12 -3.295200e+11 8.537082e+10
1.455488e-01 1.586112e+12 -3.707631e+11 7.937645e+10
1.476375e-01 9.084674e+11 -3.401249e+11 3.125228e+10
1.497228e-01 4.288410e+11 -2.798067e+11 3.769847e+10
1.518164e-01 1.348693e+11 -1.709326e+11 1.165797e+10
1.539243e-01 1.227548e+10 -3.644062e+10 -6.909274e+08
1.560272e-01 4.184006e+10 1.171601e+11 -1.136862e+10
1.581223e-01 1.987801e+11 2.801777e+11 -2.035258e+10
1.602177e-01 4.564173e+11 4.433857e+11 -2.488230e+10
1.623064e-01 7.866776e+11 5.974405e+11 -3.622978e+10
1.643942e-01 1.163544e+12 7.482389e+11 -3.536084e+10
1.664863e-01 1.562401e+12 8.727396e+11 -3.599012e+10
1.685751e-01 1.958402e+12 9.732540e+11 -2.770787e+10
1.706684e-01 2.332000e+12 1.049809e+12 -4.098674e+10
1.727727e-01 2.666216e+12 1.106536e+12 -3.189994e+10
1.748716e-01 2.944116e+12 1.128252e+12 -2.077690e+10
1.769621e-01 3.155247e+12 1.129426e+12 -2.130806e+10
1.790561e-01 3.294507e+12 1.096259e+12 -1.664954e+10
1.811574e-01 3.358902e+12 1.046184e+12 -4.678992e+09
1.832516e-01 3.348325e+12 9.787159e+11 -1.238143e+10
1.853330e-01 3.267931e+12 8.879592e+11 8.203714e+09
1.874317e-01 3.122300e+12 7.955199e+11 -7.982836e+09
1.895363e-01 2.920393e+12 6.901308e+11 1.048004e+10
1.916280e-01 2.674384e+12 5.802778e+11 2.228489e+10
1.937239e-01 2.393943e+12 4.698782e+11 6.965769e+09
1.958181e-01 2.091998e+12 3.681383e+11 2.684733e+10
1.979092e-01 1.780547e+12 2.732795e+11 3.744534e+09
2.000020e-01 1.470568e+12 1.850873e+11 1.718652e+10
2.020917e-01 1.173255e+12 1.119436e+11 1.854061e+10
2.041853e-01 8.970345e+11 5.133891e+10 1.091760e+10
2.062877e-01 6.493902e+11 3.643602e+09 1.866259e+10
2.083820e-01 4.383586e+11 -2.596697e+10 4.654071e+09
2.104713e-01 2.677027e+11 -4.391626e+10 9.671210e+09
2.125710e-01 1.386856e+11 -4.667729e+10 5.541078e+09
2.146633e-01 5.298823e+10 -3.743546e+10 1.867069e+09
2.167564e-01 9.038793e+09 -1.762484e+10 -7.657050e+08
2.188545e-01 4.082110e+09 1.104934e+10 -3.567938e+09
2.209475e-01 3.415538e+10 4.647077e+10 -6.197356e+09
2.230409e-01 9.410388e+10 8.585795e+10 -8.396421e+09
2.251374e-01 1.781529e+11 1.277464e+11 -9.892239e+09
2.272295e-01 2.795400e+11 1.697151e+11 -1.099987e+10
2.293217e-01 3.918700e+11 2.102584e+11 -1.433739e+10
2.314166e-01 5.087314e+11 2.459917e+11 -1.182273e+10
2.335097e-01 6.236566e+11 2.759234e+11 -1.692440e+10
2.356043e-01 7.311907e+11 3.022891e+11 -1.268482e+10
2.377010e-01 8.263755e+11 3.198770e+11 -1.161167e+10
2.397995e-01 9.051262e+11 3.291406e+11 -1.469256e+10
2.418964e-01 9.642779e+11 3.316406e+11 -8.762450e+09
2.439907e-01 1.001870e+12 3.277855e+11 -1.139975e+10
2.460866e-01 1.017034e+12 3.145565e+11 -5.445346e+09
2.481792e-01 1.009878e+12 2.963306e+11 -8.618567e+09
2.502652e-01 9.816118e+11 2.721299e+11 -7.997779e+09
2.523603e-01 9.338101e+11 2.459327e+11 -1.084935e+09
2.544575e-01 8.691582e+11 2.142489e+11 -4.983032e+09
2.565531e-01 7.908612e+11 1.815645e+11 1.114866e+09
2.586498e-01 7.024004e+11 1.492166e+11 -1.429387e+09
2.607479e-01 6.075134e+11 1.169643e+11 1.097729e+09
2.628503e-01 5.098993e+11 8.732720e+10 1.133724e+09
2.649342e-01 4.143256e+11 6.014369e+10 2.316595e+09
2.670174e-01 3.233613e+11 3.712925e+10 3.928725e+09
2.691133e-01 2.395057e+11 1.811553e+10 1.280085e+09
2.712095e-01 1.659214e+11 3.634852e+09 3.001021e+09
2.733077e-01 1.045643e+11 -5.818237e+09 1.736961e+09
2.754008e-01 5.702011e+10 -1.038532e+10 1.801905e+09
2.774985e-01 2.384134e+10 -1.030652e+10 7.648386e+08
2.796011e-01 5.238914e+09 -5.947897e+09 3.243545e+08
2.816922e-01 7.985443e+08 2.052910e+09 -4.412740e+08
2.837796e-01 9.381178e+09 1.315143e+10 -1.108697e+09
2.858745e-01 2.955589e+10 2.652944e+10 -1.802983e+09
2.879697e-01 5.944334e+10 4.143401e+10 -2.648238e+09
2.900617e-01 9.680919e+10 5.725315e+10 -3.005531e+09
2.921556e-01 1.394233e+11 7.297646e+10 -3.263412e+09
2.942539e-01 1.849037e+11 8.772795e+10 -4.477854e+09
2.963478e-01 2.307004e+11 1.009914e+11 -3.827222e+09
2.984378e-01 2.745390e+11 1.126413e+11 -4.081585e+09
3.005331e-01 3.145923e+11 1.215847e+11 -4.290366e+09
3.026298e-01 3.489956e+11 1.273310e+11 -3.993476e+09
3.047274e-01 3.762854e+11 1.308594e+11 -4.836154e+09
3.068254e-01 3.954392e+11 1.311488e+11 -2.277777e+09
3.089183e-01 4.057830e+11 1.283935e+11 -3.317311e+09
3.110124e-01 4.071771e+11 1.227345e+11 -2.742852e+09
3.131114e-01 3.997290e+11 1.149697e+11 -1.770961e+09
3.152015e-01 3.840963e+11 1.050822e+11 -2.476911e+09
3.172901e-01 3.611226e+11 9.370650e+10 1.729961e+08
3.193812e-01 3.319102e+11 8.106816e+10 -1.767876e+09
3.214798e-01 2.976961e+11 6.806636e+10 -2.640508e+08
3.235805e-01 2.600435e+11 5.491438e+10 1.646657e+08
3.256707e-01 2.207703e+11 4.226446e+10 2.510992e+08
3.277624e-01 1.812302e+11 3.067334e+10 1.448819e+09
3.298543e-01 1.429556e+11 2.022979e+10 -1.696954e+08
3.319516e-01 1.072354e+11 1.156450e+10 1.127963e+09
3.340477e-01 7.541400e+10 4.708318e+09 6.068102e+08
3.361368e-01 4.854841e+10 -6.752514e+07 5.743820e+08
3.382339e-01 2.719988e+10 -2.801006e+09 2.954502e+08
3.403323e-01 1.194000e+10 -3.392541e+09 9.112978e+07
3.424256e-01 3.010746e+09 -2.060798e+09 -1.150575e+08
3.445227e-01 3.045396e+08 1.036611e+09 -4.452505e+08
3.466186e-01 3.504362e+09 5.672947e+09 -7.392054e+08
3.487096e-01 1.203504e+10 1.149595e+10 -9.760099e+08
3.508020e-01 2.516289e+10 1.816998e+10 -1.370474e+09
3.528951e-01 4.197728e+10 2.547687e+10 -1.502815e+09
3.549898e-01 6.149896e+10 3.281165e+10 -1.752574e+09
3.570866e-01 8.263546e+10 3.990333e+10 -1.861307e+09
3.591822e-01 1.042860e+11 4.669131e+10 -2.154925e+09
3.612771e-01 1.253738e+11 5.258075e+10 -1.776207e+09
3.633719e-01 1.449327e+11 5.727939e+10 -1.667088e+09
3.654652e-01 1.620709e+11 6.071069e+10 -2.030462e+09
3.675618e-01 1.760979e+11 6.300781e+10 -1.642050e+09
3.696557e-01 1.864206e+11 6.377379e+10 -1.600286e+09
3.717431e-01 1.926572e+11 6.302047e+10 -1.468651e+09
3.738352e-01 1.946740e+11 6.097856e+10 -9.592387e+08
3.759324e-01 1.924444e+11 5.771313e+10 -7.977211e+08
3.780313e-01 1.861361e+11 5.328099e+10 -1.677197e+08
3.801223e-01 1.761603e+11 4.807489e+10 -3.443708e+08
3.822139e-01 1.629862e+11 4.206174e+10 -1.063329e+07
3.843151e-01 1.471493e+11 3.581646e+10 3.800755e+08
3.864102e-01 1.294732e+11 2.933990e+10 5.260165e+08
3.885044e-01 1.106766e+11 2.300423e+10 9.802436e+08
3.905996e-01 9.150396e+10 1.697363e+10 4.687490e+08
3.926966e-01 7.272001e+10 1.158234e+10 1.179567e+09
3.947922e-01 5.505148e+10 6.892710e+09 9.030147e+08
3.968818e-01 3.917691e+10 3.125733e+09 1.031204e+09
3.989731e-01 2.555738e+10 3.237803e+08 9.492447e+08
4.010687e-01 1.460874e+10 -1.424297e+09 7.810088e+08
4.031635e-01 6.651980e+09 -2.120537e+09 7.329562e+08
4.052564e-01 1.841801e+09 -1.787454e+09 5.484974e+08
4.073525e-01 1.798755e+08 -5.219020e+08 3.819107e+08
4.094490e-01 1.560900e+09 1.592264e+09 2.048354e+08
4.115454e-01 5.742012e+09 4.389884e+09 -2.279038e+07
4.136361e-01 1.234963e+10 7.708724e+09 -1.750549e+08
4.157273e-01 2.096588e+10 1.139680e+10 -4.084750e+08
4.178233e-01 3.110470e+10 1.518718e+10 -5.015870e+08
4.199193e-01 4.220703e+10 1.900459e+10 -7.429700e+08
4.220139e-01 5.369312e+10 2.262762e+10 -8.735308e+08
4.241062e-01 6.500064e+10 2.589166e+10 -9.350225e+08
4.262018e-01 7.564007e+10 2.857752e+10 -1.140774e+09
4.282967e-01 8.510046e+10 3.066056e+10 -1.042238e+09
4.303927e-01 9.299077e+10 3.216009e+10 -1.079470e+09
4.324892e-01 9.897730e+10 3.280785e+10 -1.211911e+09
4.345813e-01 1.028240e+11 3.278740e+10 -9.561263e+08
4.366731e-01 1.044214e+11 3.186172e+10 -1.437359e+09
4.387681e-01 1.037257e+11 3.050262e+10 -7.878770e+08
4.408636e-01 1.008283e+11 2.835279e+10 -1.125746e+09
4.429562e-01 9.588549e+10 2.573002e+10 -8.033764e+08
4.450501e-01 8.913975e+10 2.270945e+10 -9.228611e+08
4.471488e-01 8.088934e+10 1.950980e+10 -7.399347e+08
4.492442e-01 7.153595e+10 1.611526e+10 -5.680638e+08
4.513344e-01 6.149748e+10 1.274583e+10 -8.026244e+08
4.534283e-01 5.114387e+10 9.556485e+09 -5.842490e+08
4.555227e-01 4.091360e+10 6.633104e+09 -5.854045e+08
4.576182e-01 3.120185e+10 4.085205e+09 -4.854962e+08
4.597128e-01 2.237500e+10 1.992650e+09 -4.710003e+08
4.618040e-01 1.475900e+10 4.495976e+08 -4.365739e+08
4.639011e-01 8.567499e+09 -5.406983e+08 -3.973688e+08
4.659962e-01 4.012794e+09 -9.433697e+08 -4.188687e+08
4.680897e-01 1.192471e+09 -7.803905e+08 -3.810267e+08
4.701861e-01 1.316663e+08 -7.508587e+07 -3.830594e+08
4.722805e-01 7.877775e+08 1.103093e+09 -3.865697e+08
4.743740e-01 3.038539e+09 2.687184e+09 -3.965163e+08
4.764671e-01 6.702088e+09 4.586230e+09 -4.579668e+08
4.785627e-01 1.155285e+10 6.711622e+09 -4.707732e+08
4.806599e-01 1.731174e+10 8.941904e+09 -5.875363e+08
4.827537e-01 2.366037e+10 1.116185e+10 -6.856748e+08
4.848461e-01 3.028701e+10 1.332695e+10 -8.099008e+08
4.869408e-01 3.687507e+10 1.529024e+10 -1.031233e+09
4.890383e-01 4.312882e+10 1.697518e+10 -1.246048e+09
4.911319e-01 4.874093e+10 1.830077e+10 -1.630585e+09
4.932239e-01 5.347984e+10 1.926202e+10 -1.828932e+09
4.953204e-01 5.715532e+10 1.985656e+10 -2.167007e+09
4.974134e-01 5.961227e+10 1.990835e+10 -2.670582e+09
4.995021e-01 6.076808e+10 1.963189e+10 -2.961311e+09
5.015958e-01 6.059212e+10 1.889137e+10 -3.497711e+09
5.036929e-01 5.911715e+10 1.781561e+10 -3.736477e+09
5.057885e-01 5.641994e+10 1.634787e+10 -4.227223e+09
5.078849e-01 5.263856e+10 1.471890e+10 -4.463405e+09
5.099813e-01 4.795057e+10 1.287271e+10 -4.584751e+09
5.120786e-01 4.255915e+10 1.091432e+10 -4.771798e+09
5.141726e-01 3.671913e+10 8.935004e+09 -4.674941e+09
5.162625e-01 3.067372e+10 6.994132e+09 -4.607368e+09
5.183582e-01 2.464648e+10 5.181082e+09 -4.232755e+09
5.204544e-01 1.888690e+10 3.538223e+09 -3.864585e+09
5.225458e-01 1.363228e+10 2.143221e+09 -3.327785e+09
5.246396e-01 9.057362e+09 1.021035e+09 -2.731476e+09
5.267362e-01 5.317547e+09 2.266268e+08 -2.104433e+09
5.288310e-01 2.540644e+09 -2.134336e+08 -1.416614e+09
5.309220e-01 7.980145e+08 -2.817620e+08 -7.254569e+08
5.330169e-01 1.102832e+08 4.224890e+07 -1.775917e+07
5.351151e-01 4.616124e+08 7.718360e+08 7.473843e+08
