# k [h/Mpc], q0, q1/i, q2, q3/i, q4
1.000000e-06 2.333944e+09 6.894564e+07 -5.256198e+05 6.544487e+06 -1.534706e+09
1.489784e-06 2.333944e+09 6.894564e+07 -5.256198e+05 6.544487e+06 -1.534706e+09
2.219456e-06 2.333944e+09 6.894564e+07 -5.256198e+05 6.544487e+06 -1.534706e+09
3.306511e-06 2.333944e+09 6.894564e+07 -5.256198e+05 6.544487e+06 -1.534706e+09
4.925987e-06 2.333944e+09 6.894564e+07 -5.256198e+05 6.544487e+06 -1.534706e+09
7.338656e-06 2.333944e+09 6.894564e+07 -5.256198e+05 6.544487e+06 -1.534706e+09
1.093301e-05 2.333944e+09 6.894564e+07 -5.256198e+05 6.544487e+06 -1.534706e+09
1.628783e-05 2.333944e+09 6.894564e+07 -5.256198e+05 6.544487e+06 -1.534706e+09
2.426534e-05 2.333944e+09 6.894564e+07 -5.256198e+05 6.544487e+06 -1.534706e+09
3.615012e-05 2.333944e+09 6.894564e+07 -5.256198e+05 6.544487e+06 -1.534706e+09
5.385587e-05 2.333944e+09 6.894564e+07 -5.256198e+05 6.544487e+06 -1.534706e+09
1.034961e-04 2.329160e+09 1.322380e+08 -2.352960e+05 -3.075685e+05 1.524765e+08
1.650345e-04 2.318607e+09 2.099153e+08 3.870285e+04 -2.047356e+06 1.816923e+08
2.219461e-04 2.304874e+09 2.805142e+08 -9.404920e+05 1.789194e+06 -6.906250e+07
2.831569e-04 2.285526e+09 3.548032e+08 -8.676582e+05 1.098975e+06 3.655050e+07
3.481074e-04 2.260188e+09 4.312181e+08 -9.625743e+05 2.164984e+06 5.026188e+07
4.078467e-04 2.233798e+09 4.938689e+08 -1.517786e+07 7.708958e+06 -4.084657e+07
4.685721e-04 2.200014e+09 5.673800e+08 6.045011e+06 8.361636e+06 6.982232e+06
5.344152e-04 2.161327e+09 6.327440e+08 1.581332e+05 1.304608e+07 1.347977e+07
5.979215e-04 2.120168e+09 6.916863e+08 -3.674109e+06 1.858627e+07 -6.665478e+06
6.594309e-04 2.076059e+09 7.469049e+08 -1.853991e+06 2.541003e+07 -2.266827e+07
7.211547e-04 2.028710e+09 7.977526e+08 4.961612e+05 3.175675e+07 1.613645e+07
7.842715e-04 1.977857e+09 8.430591e+08 -1.059622e+05 4.047714e+07 -8.154292e+06
8.480725e-04 1.922919e+09 8.854387e+08 3.031661e+06 5.172801e+07 -1.605691e+07
9.105595e-04 1.866018e+09 9.228398e+08 8.583604e+06 6.259048e+07 -2.074652e+07
9.726731e-04 1.808904e+09 9.520990e+08 1.075785e+07 7.488752e+07 -2.237488e+07
1.035373e-03 1.748499e+09 9.782748e+08 1.674135e+07 8.953308e+07 -1.455954e+07
1.098784e-03 1.686849e+09 9.973178e+08 2.104970e+07 1.040872e+08 -4.157469e+07
1.161586e-03 1.624246e+09 1.012311e+09 2.833634e+07 1.211419e+08 -3.576082e+07
1.224174e-03 1.561060e+09 1.021433e+09 3.580833e+07 1.398123e+08 -5.393965e+07
1.288412e-03 1.495453e+09 1.026670e+09 4.631109e+07 1.583300e+08 -4.983614e+07
1.351080e-03 1.432222e+09 1.024565e+09 5.445598e+07 1.807396e+08 -8.119611e+07
1.412291e-03 1.369243e+09 1.020787e+09 6.722865e+07 2.008153e+08 -7.807385e+07
1.475368e-03 1.306271e+09 1.010551e+09 7.938345e+07 2.220791e+08 -8.756349e+07
1.538515e-03 1.242483e+09 9.976889e+08 9.440535e+07 2.433573e+08 -9.619451e+07
1.601338e-03 1.182485e+09 9.772284e+08 1.053583e+08 2.728819e+08 -1.331779e+08
1.665074e-03 1.120282e+09 9.564590e+08 1.226839e+08 2.974795e+08 -1.394585e+08
1.728027e-03 1.060483e+09 9.336256e+08 1.409866e+08 3.184832e+08 -1.400391e+08
1.789887e-03 1.004075e+09 9.049683e+08 1.565045e+08 3.488298e+08 -1.709915e+08
1.852570e-03 9.484741e+08 8.761168e+08 1.759740e+08 3.687506e+08 -1.779547e+08
1.915088e-03 8.958072e+08 8.429013e+08 1.924118e+08 4.002651e+08 -2.058215e+08
1.978019e-03 8.424007e+08 8.106783e+08 2.140166e+08 4.207676e+08 -2.117489e+08
2.041684e-03 7.928419e+08 7.736876e+08 2.318874e+08 4.518148e+08 -2.404180e+08
2.104726e-03 7.453830e+08 7.378601e+08 2.524366e+08 4.740711e+08 -2.521548e+08
2.167060e-03 6.999664e+08 7.011176e+08 2.721690e+08 4.984677e+08 -2.719023e+08
2.229921e-03 6.572147e+08 6.638197e+08 2.917943e+08 5.228965e+08 -2.879993e+08
2.292794e-03 6.161744e+08 6.263298e+08 3.116921e+08 5.443153e+08 -3.054379e+08
2.355230e-03 5.783764e+08 5.891789e+08 3.297365e+08 5.689618e+08 -3.246127e+08
2.418331e-03 5.422113e+08 5.521719e+08 3.484285e+08 5.896428e+08 -3.421311e+08
2.481215e-03 5.078166e+08 5.160813e+08 3.670648e+08 6.072418e+08 -3.555689e+08
2.543891e-03 4.766492e+08 4.813730e+08 3.829997e+08 6.284517e+08 -3.721465e+08
2.607003e-03 4.460838e+08 4.469356e+08 4.002532e+08 6.426609e+08 -3.836021e+08
2.669740e-03 4.181332e+08 4.145261e+08 4.152880e+08 6.581833e+08 -3.942962e+08
2.732628e-03 3.937082e+08 3.830904e+08 4.282723e+08 6.733061e+08 -4.111403e+08
2.796013e-03 3.689811e+08 3.530280e+08 4.418150e+08 6.841539e+08 -4.183642e+08
2.858795e-03 3.464904e+08 3.254600e+08 4.522361e+08 6.950603e+08 -4.261321e+08
2.920959e-03 3.273771e+08 2.988121e+08 4.625637e+08 7.024935e+08 -4.354275e+08
2.983535e-03 3.077838e+08 2.744878e+08 4.709858e+08 7.089142e+08 -4.389785e+08
3.046449e-03 2.905080e+08 2.508262e+08 4.786821e+08 7.126921e+08 -4.425830e+08
3.109435e-03 2.736704e+08 2.299569e+08 4.839037e+08 7.150643e+08 -4.420165e+08
3.172429e-03 2.602156e+08 2.109957e+08 4.859897e+08 7.182001e+08 -4.499218e+08
3.235378e-03 2.462677e+08 1.924406e+08 4.901858e+08 7.161595e+08 -4.455035e+08
3.298350e-03 2.330008e+08 1.763641e+08 4.902471e+08 7.130940e+08 -4.424245e+08
3.361502e-03 2.213272e+08 1.606852e+08 4.913162e+08 7.078332e+08 -4.354779e+08
3.424034e-03 2.104624e+08 1.478937e+08 4.886342e+08 7.019689e+08 -4.306492e+08
3.486610e-03 2.008027e+08 1.363015e+08 4.849382e+08 6.947917e+08 -4.248601e+08
3.549533e-03 1.911996e+08 1.247725e+08 4.816818e+08 6.848156e+08 -4.130445e+08
3.612035e-03 1.826325e+08 1.168231e+08 4.731196e+08 6.751389e+08 -4.083536e+08
3.674842e-03 1.743114e+08 1.067099e+08 4.695614e+08 6.620987e+08 -3.903286e+08
3.737743e-03 1.667538e+08 9.997926e+07 4.601580e+08 6.494219e+08 -3.806346e+08
3.800817e-03 1.591550e+08 9.235706e+07 4.531304e+08 6.341599e+08 -3.632842e+08
3.863693e-03 1.527750e+08 8.752506e+07 4.417178e+08 6.201597e+08 -3.524381e+08
3.926624e-03 1.458558e+08 8.176195e+07 4.322381e+08 6.029857e+08 -3.346105e+08
3.989691e-03 1.399999e+08 7.728796e+07 4.214354e+08 5.868504e+08 -3.188380e+08
4.052279e-03 1.339016e+08 7.296023e+07 4.100891e+08 5.687170e+08 -3.012963e+08
4.115276e-03 1.285293e+08 6.901550e+07 3.990687e+08 5.513957e+08 -2.832826e+08
4.178091e-03 1.230431e+08 6.595744e+07 3.864010e+08 5.329373e+08 -2.664298e+08
4.240529e-03 1.177133e+08 6.253785e+07 3.746806e+08 5.135418e+08 -2.473503e+08
4.303566e-03 1.130521e+08 5.979227e+07 3.621114e+08 4.956495e+08 -2.299165e+08
4.366473e-03 1.078835e+08 5.697753e+07 3.495935e+08 4.755571e+08 -2.113824e+08
4.429136e-03 1.037987e+08 5.459036e+07 3.378487e+08 4.586872e+08 -1.942987e+08
4.491804e-03 9.924086e+07 5.146667e+07 3.267172e+08 4.383002e+08 -1.737244e+08
4.554524e-03 9.505569e+07 4.967217e+07 3.134471e+08 4.208418e+08 -1.589653e+08
4.617696e-03 9.095181e+07 4.720599e+07 3.018861e+08 4.024267e+08 -1.415692e+08
4.680743e-03 8.698476e+07 4.473877e+07 2.905593e+08 3.837471e+08 -1.241207e+08
4.743600e-03 8.344333e+07 4.256089e+07 2.794871e+08 3.669195e+08 -1.084683e+08
4.806460e-03 7.962807e+07 4.029688e+07 2.682468e+08 3.493994e+08 -9.358807e+07
4.869182e-03 7.647228e+07 3.832841e+07 2.577893e+08 3.341136e+08 -7.999575e+07
4.931803e-03 7.326864e+07 3.582990e+07 2.486802e+08 3.171688e+08 -6.405833e+07
4.994544e-03 7.013388e+07 3.385055e+07 2.386796e+08 3.022514e+08 -5.208710e+07
5.057296e-03 6.717485e+07 3.175661e+07 2.292400e+08 2.873241e+08 -3.985085e+07
5.120127e-03 6.434169e+07 2.977187e+07 2.201881e+08 2.735809e+08 -2.927589e+07
5.183244e-03 6.183098e+07 2.778287e+07 2.121152e+08 2.597140e+08 -1.759384e+07
5.246213e-03 5.927300e+07 2.587894e+07 2.039794e+08 2.467774e+08 -8.012501e+06
5.308940e-03 5.702976e+07 2.414727e+07 1.965243e+08 2.346479e+08 1.234169e+06
5.371705e-03 5.465634e+07 2.241723e+07 1.887753e+08 2.230170e+08 8.532760e+06
5.434764e-03 5.249799e+07 2.067197e+07 1.818297e+08 2.114180e+08 1.670157e+07
5.497589e-03 5.066027e+07 1.943653e+07 1.753194e+08 2.016819e+08 2.261268e+07
5.560094e-03 4.857751e+07 1.781132e+07 1.685990e+08 1.910954e+08 2.869148e+07
5.623090e-03 4.690333e+07 1.665216e+07 1.627604e+08 1.821486e+08 3.374878e+07
5.686167e-03 4.519148e+07 1.552392e+07 1.568328e+08 1.730130e+08 3.855852e+07
5.748863e-03 4.356237e+07 1.436247e+07 1.513262e+08 1.643705e+08 4.289458e+07
5.811791e-03 4.188913e+07 1.350926e+07 1.453257e+08 1.567293e+08 4.476735e+07
5.874636e-03 4.051332e+07 1.259949e+07 1.405891e+08 1.487021e+08 4.916376e+07
5.937271e-03 3.908086e+07 1.203411e+07 1.352615e+08 1.421990e+08 5.026937e+07
6.000058e-03 3.768808e+07 1.132579e+07 1.303838e+08 1.350863e+08 5.252612e+07
6.062729e-03 3.639331e+07 1.079490e+07 1.256822e+08 1.287704e+08 5.395053e+07
6.125517e-03 3.513027e+07 1.046358e+07 1.209925e+08 1.227273e+08 5.505176e+07
6.188708e-03 3.390421e+07 9.908737e+06 1.166268e+08 1.165551e+08 5.649851e+07
6.251555e-03 3.261841e+07 9.764062e+06 1.117231e+08 1.114360e+08 5.568499e+07
6.314077e-03 3.152433e+07 9.429976e+06 1.078011e+08 1.058595e+08 5.698626e+07
6.377058e-03 3.037194e+07 9.278257e+06 1.035504e+08 1.009638e+08 5.678992e+07
6.440009e-03 2.923773e+07 9.125119e+06 9.933641e+07 9.618878e+07 5.641917e+07
6.502812e-03 2.813395e+07 8.934645e+06 9.529314e+07 9.137425e+07 5.635144e+07
6.565726e-03 2.706832e+07 8.868881e+06 9.144300e+07 8.716799e+07 5.573552e+07
6.628521e-03 2.602492e+07 8.737324e+06 8.759147e+07 8.281117e+07 5.536795e+07
6.691272e-03 2.495551e+07 8.654966e+06 8.372893e+07 7.878581e+07 5.441091e+07
6.754176e-03 2.395424e+07 8.552912e+06 8.007195e+07 7.482209e+07 5.379634e+07
6.816888e-03 2.296491e+07 8.436426e+06 7.662828e+07 7.106660e+07 5.316423e+07
6.879625e-03 2.202292e+07 8.308473e+06 7.330612e+07 6.759709e+07 5.235250e+07
6.942449e-03 2.105449e+07 8.166743e+06 6.983373e+07 6.398789e+07 5.144737e+07
7.005248e-03 2.008468e+07 8.030974e+06 6.641820e+07 6.074054e+07 5.018525e+07
7.068136e-03 1.922072e+07 7.827365e+06 6.352913e+07 5.752406e+07 4.960319e+07
7.131053e-03 1.834453e+07 7.627629e+06 6.050240e+07 5.447884e+07 4.867144e+07
7.194010e-03 1.747095e+07 7.402746e+06 5.752139e+07 5.155713e+07 4.753983e+07
7.256902e-03 1.663978e+07 7.177341e+06 5.466831e+07 4.868624e+07 4.654571e+07
7.319748e-03 1.587033e+07 6.890063e+06 5.218768e+07 4.616331e+07 4.563614e+07
7.382611e-03 1.508699e+07 6.608549e+06 4.950217e+07 4.350052e+07 4.460169e+07
7.445306e-03 1.435638e+07 6.330905e+06 4.709627e+07 4.122013e+07 4.348105e+07
7.507906e-03 1.360198e+07 6.009870e+06 4.460589e+07 3.872727e+07 4.230690e+07
7.570818e-03 1.299384e+07 5.694478e+06 4.265184e+07 3.680411e+07 4.140865e+07
7.633721e-03 1.229971e+07 5.355685e+06 4.036143e+07 3.461055e+07 4.023047e+07
7.696586e-03 1.171394e+07 5.045423e+06 3.837860e+07 3.269989e+07 3.915074e+07
7.759492e-03 1.109717e+07 4.692397e+06 3.641745e+07 3.078659e+07 3.799065e+07
7.822382e-03 1.054227e+07 4.368044e+06 3.457621e+07 2.905878e+07 3.683462e+07
7.885469e-03 1.002877e+07 4.051304e+06 3.289721e+07 2.748309e+07 3.568279e+07
7.948044e-03 9.527436e+06 3.735149e+06 3.123171e+07 2.594013e+07 3.452829e+07
8.010528e-03 9.081324e+06 3.436970e+06 2.977563e+07 2.457352e+07 3.334807e+07
8.073516e-03 8.609210e+06 3.139418e+06 2.818020e+07 2.313932e+07 3.213991e+07
8.136423e-03 8.201226e+06 2.877868e+06 2.678217e+07 2.193345e+07 3.088121e+07
8.199228e-03 7.797915e+06 2.605330e+06 2.539354e+07 2.066263e+07 2.971924e+07
8.262023e-03 7.447655e+06 2.372258e+06 2.420816e+07 1.961590e+07 2.854127e+07
8.324981e-03 7.078673e+06 2.131400e+06 2.288789e+07 1.848390e+07 2.730391e+07
8.388025e-03 6.747984e+06 1.945813e+06 2.173155e+07 1.755048e+07 2.605863e+07
8.450798e-03 6.452585e+06 1.760654e+06 2.063161e+07 1.666149e+07 2.486946e+07
8.513424e-03 6.155414e+06 1.584421e+06 1.957419e+07 1.574050e+07 2.374157e+07
8.576219e-03 5.872539e+06 1.434633e+06 1.849644e+07 1.491089e+07 2.251234e+07
8.639099e-03 5.608264e+06 1.309951e+06 1.749104e+07 1.413002e+07 2.135798e+07
8.701941e-03 5.366720e+06 1.191637e+06 1.658366e+07 1.339159e+07 2.025755e+07
8.764716e-03 5.138718e+06 1.092404e+06 1.567872e+07 1.270275e+07 1.918091e+07
8.827545e-03 4.897492e+06 1.002040e+06 1.474392e+07 1.198377e+07 1.805115e+07
8.890404e-03 4.689988e+06 9.366328e+05 1.388800e+07 1.136162e+07 1.700719e+07
8.953189e-03 4.489968e+06 8.711936e+05 1.309675e+07 1.073044e+07 1.604604e+07
9.016039e-03 4.290375e+06 8.278208e+05 1.228569e+07 1.015922e+07 1.502505e+07
9.078883e-03 4.103196e+06 7.799051e+05 1.150160e+07 9.552870e+06 1.410006e+07
9.141797e-03 3.920758e+06 7.506568e+05 1.075887e+07 9.014342e+06 1.318032e+07
9.204714e-03 3.757373e+06 7.272135e+05 1.008089e+07 8.495353e+06 1.236273e+07
9.267500e-03 3.581708e+06 7.033723e+05 9.371916e+06 7.962965e+06 1.150501e+07
9.330389e-03 3.424215e+06 6.877066e+05 8.702244e+06 7.462331e+06 1.073430e+07
9.393353e-03 3.273180e+06 6.739363e+05 8.094236e+06 6.997742e+06 1.000321e+07
9.456033e-03 3.121602e+06 6.600394e+05 7.467596e+06 6.508713e+06 9.311268e+06
9.518699e-03 2.979658e+06 6.618363e+05 6.914408e+06 6.109906e+06 8.626967e+06
9.581480e-03 2.837624e+06 6.441743e+05 6.332947e+06 5.643336e+06 7.998834e+06
9.644431e-03 2.710305e+06 6.421570e+05 5.823725e+06 5.240888e+06 7.444376e+06
9.707436e-03 2.581706e+06 6.340918e+05 5.319325e+06 4.838136e+06 6.901652e+06
9.770160e-03 2.454342e+06 6.256359e+05 4.836839e+06 4.455993e+06 6.368633e+06
9.832865e-03 2.339516e+06 6.211777e+05 4.407994e+06 4.110692e+06 5.912890e+06
9.895597e-03 2.226706e+06 6.087596e+05 3.959491e+06 3.734435e+06 5.466462e+06
9.958595e-03 2.114389e+06 6.026748e+05 3.580603e+06 3.429801e+06 5.044295e+06
1.002149e-02 2.007239e+06 5.896384e+05 3.186749e+06 3.104134e+06 4.641255e+06
1.008410e-02 1.909207e+06 5.791743e+05 2.848706e+06 2.812727e+06 4.300339e+06
1.014702e-02 1.814883e+06 5.708234e+05 2.512477e+06 2.537587e+06 3.970243e+06
1.020999e-02 1.721618e+06 5.541079e+05 2.201644e+06 2.267516e+06 3.650976e+06
1.027280e-02 1.631953e+06 5.422723e+05 1.917983e+06 2.030265e+06 3.357876e+06
1.033567e-02 1.547973e+06 5.266754e+05 1.652308e+06 1.799202e+06 3.088260e+06
1.039854e-02 1.469687e+06 5.142912e+05 1.412517e+06 1.592959e+06 2.845597e+06
1.046130e-02 1.394857e+06 4.990173e+05 1.180348e+06 1.394718e+06 2.613680e+06
1.052408e-02 1.321352e+06 4.827259e+05 9.730776e+05 1.215420e+06 2.391979e+06
1.058689e-02 1.251422e+06 4.688289e+05 7.853237e+05 1.059032e+06 2.185568e+06
1.064973e-02 1.189755e+06 4.522588e+05 6.081700e+05 9.003343e+05 2.011400e+06
1.071266e-02 1.127153e+06 4.379341e+05 4.401292e+05 7.644142e+05 1.829671e+06
1.077552e-02 1.069201e+06 4.210507e+05 3.037125e+05 6.458976e+05 1.670245e+06
1.083829e-02 1.014682e+06 4.066587e+05 1.700583e+05 5.351642e+05 1.517467e+06
1.090115e-02 9.624951e+05 3.910990e+05 4.911330e+04 4.358508e+05 1.377921e+06
1.096400e-02 9.160870e+05 3.769674e+05 -6.029424e+04 3.466581e+05 1.250565e+06
1.102688e-02 8.690243e+05 3.617322e+05 -1.540774e+05 2.717420e+05 1.124792e+06
1.108967e-02 8.259871e+05 3.474610e+05 -2.393047e+05 2.024850e+05 1.015700e+06
1.115232e-02 7.858951e+05 3.328065e+05 -3.158884e+05 1.441405e+05 9.089744e+05
1.121507e-02 7.498413e+05 3.190109e+05 -3.805797e+05 9.511948e+04 8.210581e+05
1.127797e-02 7.152320e+05 3.062432e+05 -4.389680e+05 4.997078e+04 7.330039e+05
1.134099e-02 6.822453e+05 2.917693e+05 -4.881418e+05 1.371599e+04 6.538236e+05
1.140372e-02 6.521010e+05 2.787344e+05 -5.299982e+05 -1.641308e+04 5.812553e+05
1.146650e-02 6.250423e+05 2.659579e+05 -5.646109e+05 -4.091023e+04 5.184521e+05
1.152952e-02 5.999373e+05 2.536724e+05 -5.931346e+05 -6.200696e+04 4.637865e+05
1.159236e-02 5.756674e+05 2.409032e+05 -6.142148e+05 -7.709971e+04 4.115480e+05
1.165521e-02 5.547856e+05 2.290237e+05 -6.281757e+05 -8.668055e+04 3.692020e+05
1.171802e-02 5.356089e+05 2.177670e+05 -6.412186e+05 -9.653691e+04 3.315374e+05
1.178091e-02 5.179032e+05 2.062984e+05 -6.436846e+05 -9.980167e+04 3.035430e+05
1.184377e-02 5.024766e+05 1.957704e+05 -6.451022e+05 -1.024764e+05 2.788835e+05
1.190645e-02 4.875926e+05 1.847316e+05 -6.380926e+05 -9.996290e+04 2.586110e+05
1.196918e-02 4.754627e+05 1.750155e+05 -6.298574e+05 -9.721525e+04 2.455514e+05
1.203205e-02 4.642397e+05 1.654647e+05 -6.175355e+05 -9.332555e+04 2.394837e+05
1.209494e-02 4.551989e+05 1.568387e+05 -6.006853e+05 -8.583238e+04 2.380939e+05
1.215771e-02 4.469682e+05 1.479948e+05 -5.813738e+05 -7.829820e+04 2.398807e+05
1.222054e-02 4.391723e+05 1.400834e+05 -5.569061e+05 -6.852877e+04 2.482670e+05
1.228344e-02 4.342971e+05 1.331775e+05 -5.319721e+05 -5.888778e+04 2.622301e+05
1.234640e-02 4.289286e+05 1.261778e+05 -5.018464e+05 -4.710691e+04 2.777792e+05
1.240915e-02 4.260122e+05 1.206133e+05 -4.724145e+05 -3.513727e+04 3.003147e+05
1.247184e-02 4.219536e+05 1.141342e+05 -4.372745e+05 -2.217549e+04 3.228124e+05
1.253470e-02 4.208337e+05 1.100796e+05 -4.036820e+05 -9.852773e+03 3.539315e+05
1.259754e-02 4.197524e+05 1.056226e+05 -3.659683e+05 3.712142e+03 3.871985e+05
1.266036e-02 4.185475e+05 1.017831e+05 -3.265840e+05 1.826093e+04 4.199186e+05
1.272320e-02 4.179254e+05 9.891815e+04 -2.861110e+05 3.332047e+04 4.569476e+05
1.278608e-02 4.194561e+05 9.627514e+04 -2.468294e+05 4.554630e+04 5.009584e+05
1.284892e-02 4.202688e+05 9.483157e+04 -2.048678e+05 6.156141e+04 5.440912e+05
1.291183e-02 4.215611e+05 9.293801e+04 -1.618371e+05 7.412001e+04 5.913052e+05
1.297477e-02 4.227988e+05 9.207399e+04 -1.179986e+05 9.003749e+04 6.364099e+05
1.303751e-02 4.245903e+05 9.153876e+04 -7.377964e+04 1.041039e+05 6.886436e+05
1.310022e-02 4.278097e+05 9.172052e+04 -3.093497e+04 1.179971e+05 7.399959e+05
1.316309e-02 4.282100e+05 9.178509e+04 1.431740e+04 1.322721e+05 7.911382e+05
1.322594e-02 4.319012e+05 9.191828e+04 5.855601e+04 1.453808e+05 8.471814e+05
1.328870e-02 4.340747e+05 9.333855e+04 1.016483e+05 1.594791e+05 9.034657e+05
1.335152e-02 4.363510e+05 9.476458e+04 1.455087e+05 1.736422e+05 9.572325e+05
1.341448e-02 4.391055e+05 9.530577e+04 1.901872e+05 1.851829e+05 1.016912e+06
1.347734e-02 4.404141e+05 9.689855e+04 2.335175e+05 1.996234e+05 1.071860e+06
1.354004e-02 4.433223e+05 9.855370e+04 2.751088e+05 2.120135e+05 1.127534e+06
1.360289e-02 4.453569e+05 9.995081e+04 3.181515e+05 2.249223e+05 1.186810e+06
1.366571e-02 4.479137e+05 1.015747e+05 3.595218e+05 2.361497e+05 1.244728e+06
1.372857e-02 4.494589e+05 1.030194e+05 4.011381e+05 2.491267e+05 1.301223e+06
1.379141e-02 4.507769e+05 1.047353e+05 4.388281e+05 2.597428e+05 1.356113e+06
1.385412e-02 4.529523e+05 1.058500e+05 4.809595e+05 2.716705e+05 1.414280e+06
1.391702e-02 4.540164e+05 1.071408e+05 5.180674e+05 2.826480e+05 1.469040e+06
1.397990e-02 4.557926e+05 1.085793e+05 5.542959e+05 2.925263e+05 1.521920e+06
1.404272e-02 4.563290e+05 1.095332e+05 5.912521e+05 3.039965e+05 1.574948e+06
1.410560e-02 4.575264e+05 1.099157e+05 6.271764e+05 3.136044e+05 1.628286e+06
1.416843e-02 4.582572e+05 1.109440e+05 6.617113e+05 3.233814e+05 1.678070e+06
1.423121e-02 4.585765e+05 1.114860e+05 6.936786e+05 3.331275e+05 1.727231e+06
1.429401e-02 4.589372e+05 1.115463e+05 7.276991e+05 3.421928e+05 1.773951e+06
1.435689e-02 4.591814e+05 1.108370e+05 7.574391e+05 3.493283e+05 1.822324e+06
1.441980e-02 4.595684e+05 1.116032e+05 7.881467e+05 3.596261e+05 1.865618e+06
1.448261e-02 4.587960e+05 1.111143e+05 8.142591e+05 3.665920e+05 1.905210e+06
1.454538e-02 4.586724e+05 1.098416e+05 8.437032e+05 3.745796e+05 1.948744e+06
1.460822e-02 4.587733e+05 1.095487e+05 8.713101e+05 3.823112e+05 1.988880e+06
1.467115e-02 4.574614e+05 1.082826e+05 8.949630e+05 3.885287e+05 2.023811e+06
1.473401e-02 4.569124e+05 1.075205e+05 9.179464e+05 3.954340e+05 2.056263e+06
1.479676e-02 4.559121e+05 1.055750e+05 9.404016e+05 4.003365e+05 2.090806e+06
1.485961e-02 4.555152e+05 1.042497e+05 9.648022e+05 4.073278e+05 2.124233e+06
1.492239e-02 4.536449e+05 1.027341e+05 9.819014e+05 4.118982e+05 2.148672e+06
1.498506e-02 4.525036e+05 1.005463e+05 1.002282e+06 4.166450e+05 2.177040e+06
1.504789e-02 4.516059e+05 9.984549e+04 1.020939e+06 4.235841e+05 2.200324e+06
1.511078e-02 4.497027e+05 9.709814e+04 1.037669e+06 4.258459e+05 2.224398e+06
1.517364e-02 4.480156e+05 9.537719e+04 1.050151e+06 4.291456e+05 2.240751e+06
1.523654e-02 4.463366e+05 9.357964e+04 1.065833e+06 4.334481e+05 2.259573e+06
1.529942e-02 4.447399e+05 9.152752e+04 1.079051e+06 4.359290e+05 2.277527e+06
1.536235e-02 4.428066e+05 8.962556e+04 1.091108e+06 4.394773e+05 2.289959e+06
1.542517e-02 4.404066e+05 8.738669e+04 1.100859e+06 4.398820e+05 2.301824e+06
1.548789e-02 4.384445e+05 8.610587e+04 1.109347e+06 4.434801e+05 2.309204e+06
1.555076e-02 4.361058e+05 8.429704e+04 1.118158e+06 4.443477e+05 2.317773e+06
1.561359e-02 4.335887e+05 8.253037e+04 1.124166e+06 4.447991e+05 2.322770e+06
1.567632e-02 4.310211e+05 8.077477e+04 1.130787e+06 4.464077e+05 2.325770e+06
1.573917e-02 4.282517e+05 7.944481e+04 1.134394e+06 4.457886e+05 2.327647e+06
1.580208e-02 4.255415e+05 7.813040e+04 1.138352e+06 4.472468e+05 2.326476e+06
1.586491e-02 4.225472e+05 7.674176e+04 1.139231e+06 4.449982e+05 2.324482e+06
1.592764e-02 4.197388e+05 7.549938e+04 1.140200e+06 4.444473e+05 2.321382e+06
1.599049e-02 4.162495e+05 7.489046e+04 1.140160e+06 4.447642e+05 2.313799e+06
1.605344e-02 4.128224e+05 7.339440e+04 1.137300e+06 4.406375e+05 2.306557e+06
1.624590e-02 4.018358e+05 6.263569e+04 1.130740e+06 4.471405e+05 2.288030e+06
1.642530e-02 3.892849e+05 6.079465e+04 1.106597e+06 4.349290e+05 2.239377e+06
1.660477e-02 3.761611e+05 5.988130e+04 1.074777e+06 4.201306e+05 2.181300e+06
1.678430e-02 3.623485e+05 5.778658e+04 1.045159e+06 4.045679e+05 2.123545e+06
1.696359e-02 3.466192e+05 5.582116e+04 1.002362e+06 3.863699e+05 2.046564e+06
1.714294e-02 3.310136e+05 5.365580e+04 9.552870e+05 3.648927e+05 1.968213e+06
1.732202e-02 3.142211e+05 5.041644e+04 9.058088e+05 3.436361e+05 1.881501e+06
1.750141e-02 2.982643e+05 4.656701e+04 8.553678e+05 3.217936e+05 1.794205e+06
1.768181e-02 2.815565e+05 4.260863e+04 8.001133e+05 2.984332e+05 1.699926e+06
1.786131e-02 2.645555e+05 3.876763e+04 7.414951e+05 2.762298e+05 1.597517e+06
1.804025e-02 2.491594e+05 3.470581e+04 6.883802e+05 2.557258e+05 1.502217e+06
1.822032e-02 2.328612e+05 3.124263e+04 6.326750e+05 2.358068e+05 1.399728e+06
1.839987e-02 2.175769e+05 2.819582e+04 5.747679e+05 2.155586e+05 1.296377e+06
1.857923e-02 2.029575e+05 2.545085e+04 5.192188e+05 1.968585e+05 1.195853e+06
1.875889e-02 1.881175e+05 2.343872e+04 4.647063e+05 1.792914e+05 1.093545e+06
1.893827e-02 1.746211e+05 2.195777e+04 4.100448e+05 1.622804e+05 9.965189e+05
1.911768e-02 1.609208e+05 2.012831e+04 3.574029e+05 1.443987e+05 8.995093e+05
1.929737e-02 1.481520e+05 1.863159e+04 3.068715e+05 1.278989e+05 8.082899e+05
1.947670e-02 1.361838e+05 1.768147e+04 2.588152e+05 1.125898e+05 7.223739e+05
1.965601e-02 1.245036e+05 1.601869e+04 2.147519e+05 9.626048e+04 6.416402e+05
1.983541e-02 1.138013e+05 1.488166e+04 1.715106e+05 8.213283e+04 5.653627e+05
2.001489e-02 1.039346e+05 1.338056e+04 1.333533e+05 6.704412e+04 4.960508e+05
2.019468e-02 9.466138e+04 1.236667e+04 9.857490e+04 5.598787e+04 4.323177e+05
2.037444e-02 8.646603e+04 1.117690e+04 6.739865e+04 4.435712e+04 3.755912e+05
2.055417e-02 7.884204e+04 1.018097e+04 4.004002e+04 3.440912e+04 3.239449e+05
2.073390e-02 7.205602e+04 9.483692e+03 1.515679e+04 2.660978e+04 2.778885e+05
2.091338e-02 6.592173e+04 8.617289e+03 -4.564688e+03 1.936238e+04 2.379441e+05
2.109302e-02 6.069212e+04 8.051659e+03 -2.240234e+04 1.376855e+04 2.033071e+05
2.127237e-02 5.582825e+04 7.550781e+03 -3.625717e+04 9.299388e+03 1.734073e+05
2.145116e-02 5.206686e+04 6.983763e+03 -4.782964e+04 5.845516e+03 1.494020e+05
2.163077e-02 4.868415e+04 6.502502e+03 -5.577944e+04 3.381181e+03 1.299877e+05
2.181049e-02 4.602024e+04 6.012952e+03 -6.148670e+04 1.498585e+03 1.149317e+05
2.198999e-02 4.403339e+04 5.534831e+03 -6.490785e+04 2.522927e+02 1.048179e+05
2.216980e-02 4.250221e+04 5.048434e+03 -6.529800e+04 -3.334358e+02 9.846633e+04
2.234970e-02 4.155919e+04 4.737870e+03 -6.407513e+04 -2.224167e+02 9.587578e+04
2.252980e-02 4.094550e+04 4.378498e+03 -6.045530e+04 1.804348e+02 9.665097e+04
2.270853e-02 4.099552e+04 4.156920e+03 -5.553920e+04 8.586211e+02 1.010750e+05
2.288717e-02 4.101441e+04 4.086333e+03 -4.871052e+04 2.222161e+03 1.072928e+05
2.306686e-02 4.166403e+04 3.998211e+03 -4.102039e+04 3.533670e+03 1.165516e+05
2.324649e-02 4.235656e+04 4.067809e+03 -3.219787e+04 5.238420e+03 1.274427e+05
2.342617e-02 4.343968e+04 4.087071e+03 -2.275986e+04 6.819625e+03 1.404472e+05
2.360560e-02 4.440789e+04 4.237578e+03 -1.219285e+04 8.856412e+03 1.541078e+05
2.378549e-02 4.564005e+04 4.395701e+03 -1.966634e+03 1.075089e+04 1.689078e+05
2.396571e-02 4.686127e+04 4.531149e+03 9.194283e+03 1.263336e+04 1.844033e+05
2.414482e-02 4.815678e+04 4.684019e+03 1.979589e+04 1.454046e+04 2.001033e+05
2.432376e-02 4.927143e+04 4.906003e+03 3.109480e+04 1.654680e+04 2.153289e+05
2.450343e-02 5.041669e+04 4.973441e+03 4.128284e+04 1.822147e+04 2.304167e+05
2.468304e-02 5.157546e+04 5.178649e+03 5.144212e+04 2.014276e+04 2.451119e+05
2.486245e-02 5.251855e+04 5.308935e+03 6.119747e+04 2.184495e+04 2.588235e+05
2.504187e-02 5.342991e+04 5.466743e+03 7.012974e+04 2.342397e+04 2.718798e+05
2.522156e-02 5.401268e+04 5.542058e+03 7.854883e+04 2.504059e+04 2.828147e+05
2.540110e-02 5.469091e+04 5.624284e+03 8.546620e+04 2.610665e+04 2.933939e+05
2.558029e-02 5.504852e+04 5.710384e+03 9.222421e+04 2.764259e+04 3.019969e+05
2.575992e-02 5.521212e+04 5.663008e+03 9.792247e+04 2.857002e+04 3.090616e+05
2.593954e-02 5.529627e+04 5.591981e+03 1.020498e+05 2.896462e+04 3.147530e+05
2.611933e-02 5.516098e+04 5.541126e+03 1.057740e+05 2.996635e+04 3.185358e+05
2.629913e-02 5.487507e+04 5.424413e+03 1.083628e+05 3.017397e+04 3.209579e+05
2.647853e-02 5.441278e+04 5.241941e+03 1.098727e+05 3.030896e+04 3.214769e+05
2.665812e-02 5.374105e+04 5.050970e+03 1.103647e+05 3.026980e+04 3.202045e+05
2.683805e-02 5.303826e+04 4.867239e+03 1.101347e+05 3.008743e+04 3.179693e+05
2.701719e-02 5.206571e+04 4.573123e+03 1.087676e+05 2.939443e+04 3.135463e+05
2.719620e-02 5.107220e+04 4.453873e+03 1.070477e+05 2.882337e+04 3.084797e+05
2.737553e-02 4.987557e+04 4.143378e+03 1.040009e+05 2.795674e+04 3.014308e+05
2.755538e-02 4.855472e+04 4.011791e+03 1.005199e+05 2.697339e+04 2.932486e+05
2.773538e-02 4.717129e+04 3.841240e+03 9.624452e+04 2.589340e+04 2.841588e+05
2.791455e-02 4.570453e+04 3.715169e+03 9.145075e+04 2.470714e+04 2.740967e+05
2.809381e-02 4.412052e+04 3.603312e+03 8.632145e+04 2.342448e+04 2.633088e+05
2.827308e-02 4.247718e+04 3.555357e+03 8.002196e+04 2.208549e+04 2.512929e+05
2.845277e-02 4.067380e+04 3.411044e+03 7.416400e+04 2.055939e+04 2.388738e+05
2.863250e-02 3.892488e+04 3.337513e+03 6.770928e+04 1.913842e+04 2.262314e+05
2.881166e-02 3.708286e+04 3.216914e+03 6.095866e+04 1.752956e+04 2.129622e+05
2.899137e-02 3.527084e+04 3.061277e+03 5.397931e+04 1.589392e+04 1.996616e+05
2.917126e-02 3.343911e+04 2.937230e+03 4.715076e+04 1.435037e+04 1.862929e+05
2.935071e-02 3.166367e+04 2.768780e+03 4.032089e+04 1.270088e+04 1.731104e+05
2.953030e-02 2.986350e+04 2.566223e+03 3.376829e+04 1.115919e+04 1.599929e+05
2.970997e-02 2.815351e+04 2.399839e+03 2.723333e+04 9.633643e+03 1.471743e+05
2.988940e-02 2.649184e+04 2.216834e+03 2.092801e+04 8.163699e+03 1.347297e+05
3.006874e-02 2.488007e+04 2.084746e+03 1.504790e+04 6.813049e+03 1.227131e+05
3.024815e-02 2.338863e+04 1.964990e+03 9.598783e+03 5.631521e+03 1.114799e+05
3.042767e-02 2.195382e+04 1.812677e+03 4.271185e+03 4.363113e+03 1.007071e+05
3.060744e-02 2.063738e+04 1.827505e+03 -6.993282e+02 3.388023e+03 9.060272e+04
3.078708e-02 1.933850e+04 1.728527e+03 -4.916095e+03 2.409996e+03 8.126479e+04
3.096646e-02 1.821562e+04 1.704859e+03 -8.935695e+03 1.567000e+03 7.283977e+04
3.114600e-02 1.715191e+04 1.672302e+03 -1.245236e+04 7.704816e+02 6.515875e+04
3.132546e-02 1.618148e+04 1.623227e+03 -1.550005e+04 4.451306e+01 5.839079e+04
3.150520e-02 1.529775e+04 1.584897e+03 -1.793530e+04 -5.556647e+02 5.239940e+04
3.168484e-02 1.451697e+04 1.538130e+03 -1.988381e+04 -1.048005e+03 4.732543e+04
3.186375e-02 1.387003e+04 1.488983e+03 -2.141126e+04 -1.504951e+03 4.322188e+04
3.204302e-02 1.331525e+04 1.424257e+03 -2.241091e+04 -1.859803e+03 4.002194e+04
3.222277e-02 1.287111e+04 1.383771e+03 -2.293283e+04 -2.059849e+03 3.756216e+04
3.240259e-02 1.250419e+04 1.338090e+03 -2.296087e+04 -2.212281e+03 3.592800e+04
3.258186e-02 1.223637e+04 1.301554e+03 -2.256754e+04 -2.227443e+03 3.505867e+04
3.276123e-02 1.207117e+04 1.269581e+03 -2.184016e+04 -2.213271e+03 3.496683e+04
3.294133e-02 1.197742e+04 1.257588e+03 -2.068796e+04 -2.059275e+03 3.547399e+04
3.312088e-02 1.193327e+04 1.238998e+03 -1.917073e+04 -1.853621e+03 3.652900e+04
3.330035e-02 1.199886e+04 1.229142e+03 -1.746157e+04 -1.605677e+03 3.826830e+04
3.347992e-02 1.208031e+04 1.224242e+03 -1.541325e+04 -1.296206e+03 4.034307e+04
3.365971e-02 1.223861e+04 1.226691e+03 -1.317640e+04 -9.407704e+02 4.294586e+04
3.383927e-02 1.244768e+04 1.222983e+03 -1.081417e+04 -5.839665e+02 4.588728e+04
3.401835e-02 1.264503e+04 1.217119e+03 -8.168095e+03 -1.667514e+02 4.901757e+04
3.419757e-02 1.291383e+04 1.219288e+03 -5.582157e+03 2.177777e+02 5.249466e+04
3.437723e-02 1.318792e+04 1.239140e+03 -2.820490e+03 7.003573e+02 5.603569e+04
3.455683e-02 1.350860e+04 1.222743e+03 -1.518420e+02 1.052994e+03 5.985370e+04
3.473619e-02 1.378033e+04 1.242992e+03 2.604154e+03 1.521077e+03 6.344376e+04
3.491584e-02 1.409277e+04 1.235369e+03 5.304137e+03 1.958714e+03 6.723417e+04
3.509556e-02 1.437857e+04 1.235656e+03 7.889526e+03 2.336226e+03 7.081173e+04
3.527533e-02 1.464251e+04 1.241929e+03 1.043296e+04 2.757390e+03 7.424558e+04
3.545456e-02 1.491718e+04 1.232134e+03 1.268734e+04 3.104146e+03 7.755681e+04
3.563370e-02 1.512578e+04 1.217780e+03 1.501605e+04 3.481231e+03 8.050477e+04
3.581332e-02 1.533432e+04 1.208592e+03 1.693987e+04 3.782681e+03 8.322845e+04
3.599287e-02 1.550405e+04 1.190235e+03 1.879315e+04 4.064762e+03 8.565334e+04
3.617240e-02 1.564199e+04 1.169311e+03 2.045274e+04 4.341572e+03 8.776444e+04
3.635196e-02 1.572974e+04 1.147512e+03 2.187637e+04 4.550502e+03 8.944205e+04
3.653161e-02 1.578533e+04 1.130752e+03 2.297877e+04 4.694219e+03 9.070391e+04
3.671117e-02 1.581094e+04 1.115630e+03 2.383167e+04 4.837252e+03 9.161882e+04
3.689084e-02 1.578204e+04 1.100244e+03 2.460548e+04 4.935943e+03 9.217643e+04
3.707056e-02 1.569369e+04 1.089095e+03 2.501488e+04 4.988775e+03 9.218266e+04
3.724984e-02 1.558257e+04 1.072801e+03 2.523303e+04 4.990079e+03 9.192092e+04
3.742914e-02 1.540807e+04 1.073626e+03 2.506362e+04 4.961108e+03 9.105860e+04
3.760871e-02 1.521180e+04 1.056995e+03 2.493626e+04 4.873795e+03 9.012428e+04
3.778826e-02 1.494109e+04 1.067685e+03 2.437726e+04 4.787112e+03 8.850882e+04
3.796764e-02 1.466200e+04 1.051194e+03 2.361654e+04 4.597225e+03 8.671661e+04
3.814709e-02 1.433271e+04 1.055762e+03 2.270684e+04 4.449193e+03 8.454238e+04
3.832696e-02 1.395580e+04 1.028421e+03 2.170914e+04 4.212285e+03 8.211685e+04
3.850665e-02 1.355758e+04 1.022940e+03 2.047196e+04 3.974012e+03 7.939300e+04
3.868582e-02 1.311897e+04 1.000320e+03 1.906479e+04 3.707892e+03 7.634213e+04
3.886530e-02 1.267508e+04 9.854791e+02 1.756605e+04 3.436845e+03 7.319416e+04
3.904481e-02 1.220351e+04 9.552277e+02 1.599245e+04 3.156798e+03 6.985080e+04
3.922441e-02 1.172001e+04 9.263048e+02 1.435409e+04 2.843920e+03 6.638915e+04
3.940396e-02 1.122443e+04 8.883608e+02 1.260173e+04 2.535199e+03 6.278002e+04
3.958316e-02 1.072701e+04 8.638325e+02 1.087979e+04 2.266984e+03 5.913733e+04
3.976287e-02 1.023747e+04 8.263968e+02 9.114729e+03 1.952531e+03 5.550693e+04
3.994250e-02 9.728847e+03 7.943354e+02 7.295281e+03 1.680844e+03 5.171717e+04
4.012200e-02 9.246226e+03 7.594080e+02 5.575042e+03 1.393831e+03 4.812964e+04
4.030171e-02 8.766570e+03 7.245832e+02 3.870258e+03 1.135911e+03 4.451753e+04
4.048123e-02 8.297755e+03 6.961808e+02 2.190158e+03 8.808633e+02 4.098490e+04
4.066058e-02 7.868514e+03 6.589012e+02 5.903479e+02 6.242962e+02 3.768960e+04
4.084001e-02 7.426185e+03 6.266664e+02 -8.710355e+02 3.941543e+02 3.441759e+04
4.101966e-02 7.034702e+03 5.978004e+02 -2.303756e+03 1.684817e+02 3.140089e+04
4.119937e-02 6.660846e+03 5.647444e+02 -3.596116e+03 -2.977552e+01 2.857821e+04
4.137874e-02 6.312443e+03 5.379167e+02 -4.768121e+03 -2.352533e+02 2.594345e+04
4.155813e-02 5.992455e+03 5.128628e+02 -5.780253e+03 -4.049827e+02 2.357216e+04
4.173777e-02 5.701736e+03 4.935743e+02 -6.667947e+03 -5.582736e+02 2.143208e+04
4.191752e-02 5.453378e+03 4.724785e+02 -7.439370e+03 -6.894679e+02 1.958535e+04
4.209699e-02 5.226910e+03 4.635329e+02 -8.040314e+03 -7.928941e+02 1.797939e+04
4.227635e-02 5.023057e+03 4.576581e+02 -8.475908e+03 -8.844756e+02 1.661275e+04
4.245594e-02 4.855956e+03 4.543221e+02 -8.780396e+03 -9.411659e+02 1.554323e+04
4.263530e-02 4.728355e+03 4.500017e+02 -8.967802e+03 -9.732361e+02 1.475548e+04
4.281442e-02 4.620284e+03 4.499123e+02 -8.992868e+03 -9.926570e+02 1.420201e+04
4.299392e-02 4.529043e+03 4.502672e+02 -8.863212e+03 -9.814083e+02 1.387387e+04
4.317364e-02 4.478304e+03 4.485946e+02 -8.628850e+03 -9.634375e+02 1.381578e+04
4.335324e-02 4.459171e+03 4.480095e+02 -8.294351e+03 -9.156833e+02 1.400456e+04
4.353285e-02 4.457958e+03 4.416877e+02 -7.824290e+03 -8.620855e+02 1.438499e+04
4.371256e-02 4.471487e+03 4.329554e+02 -7.228663e+03 -7.939171e+02 1.494870e+04
4.389237e-02 4.508989e+03 4.266353e+02 -6.539939e+03 -6.972242e+02 1.568748e+04
4.407181e-02 4.576480e+03 4.199264e+02 -5.794849e+03 -6.066840e+02 1.661722e+04
4.425100e-02 4.657088e+03 4.163541e+02 -4.978856e+03 -4.806171e+02 1.767021e+04
4.443069e-02 4.742450e+03 4.055076e+02 -4.063485e+03 -3.745546e+02 1.881906e+04
4.461032e-02 4.849309e+03 4.037091e+02 -3.132798e+03 -2.346234e+02 2.008462e+04
4.478953e-02 4.958498e+03 4.013328e+02 -2.145159e+03 -1.006668e+02 2.140736e+04
4.496901e-02 5.088269e+03 4.021215e+02 -1.185317e+03 3.200454e+01 2.281320e+04
4.514874e-02 5.200865e+03 3.998763e+02 -1.675253e+02 1.815272e+02 2.418461e+04
4.532821e-02 5.339685e+03 3.956131e+02 8.168748e+02 3.017895e+02 2.565232e+04
4.550745e-02 5.456913e+03 3.975160e+02 1.802242e+03 4.453836e+02 2.702930e+04
4.568707e-02 5.583123e+03 3.978854e+02 2.736114e+03 5.654318e+02 2.840777e+04
4.586694e-02 5.700561e+03 3.954428e+02 3.652581e+03 6.821481e+02 2.972587e+04
4.617836e-02 5.870662e+03 3.117744e+02 5.094977e+03 1.170096e+03 3.175548e+04
4.680927e-02 6.175793e+03 2.935201e+02 7.525897e+03 1.392170e+03 3.522728e+04
4.743756e-02 6.213312e+03 3.109166e+02 8.911126e+03 1.592559e+03 3.665267e+04
4.806661e-02 6.128407e+03 2.936800e+02 9.181730e+03 1.520456e+03 3.658890e+04
4.869280e-02 5.799201e+03 2.946073e+02 8.446639e+03 1.440596e+03 3.453513e+04
4.931779e-02 5.317711e+03 2.564640e+02 6.998785e+03 1.207514e+03 3.117797e+04
4.994581e-02 4.707989e+03 2.414947e+02 4.825149e+03 9.658269e+02 2.656217e+04
5.057480e-02 4.089534e+03 2.098319e+02 2.391662e+03 6.479966e+02 2.166904e+04
5.120302e-02 3.472403e+03 1.792596e+02 8.500924e+01 3.226761e+02 1.684409e+04
5.183209e-02 2.903367e+03 1.560552e+02 -1.870256e+03 1.006533e+02 1.252925e+04
5.246116e-02 2.506324e+03 1.406121e+02 -3.306619e+03 -9.594608e+01 9.465073e+03
5.308896e-02 2.236042e+03 1.282439e+02 -4.038259e+03 -1.881835e+02 7.555684e+03
5.371721e-02 2.107681e+03 1.155662e+02 -4.072422e+03 -1.971478e+02 6.915187e+03
5.434780e-02 2.108977e+03 1.024018e+02 -3.420221e+03 -1.381123e+02 7.410156e+03
5.497604e-02 2.239426e+03 9.709889e+01 -2.349655e+03 -2.046355e+01 8.868034e+03
5.560013e-02 2.408051e+03 1.080753e+02 -9.844994e+02 1.033219e+02 1.074414e+04
5.622954e-02 2.613123e+03 1.180198e+02 4.820970e+02 2.448797e+02 1.290405e+04
5.686173e-02 2.785303e+03 1.297873e+02 1.797391e+03 3.567927e+02 1.483757e+04
5.748940e-02 2.887188e+03 1.359280e+02 2.820582e+03 4.447348e+02 1.621135e+04
5.811669e-02 2.907306e+03 1.333627e+02 3.372039e+03 5.071272e+02 1.685010e+04
5.874554e-02 2.849849e+03 1.255105e+02 3.517554e+03 5.317771e+02 1.675292e+04
5.937282e-02 2.704660e+03 1.031615e+02 3.154320e+03 4.810564e+02 1.581668e+04
6.000021e-02 2.484777e+03 9.387954e+01 2.431317e+03 4.395278e+02 1.418397e+04
6.062750e-02 2.235557e+03 7.593562e+01 1.470665e+03 3.315444e+02 1.220180e+04
6.125597e-02 1.966182e+03 6.738456e+01 3.568228e+02 2.203098e+02 9.995508e+03
6.188682e-02 1.695141e+03 6.468110e+01 -6.839910e+02 1.142536e+02 7.820223e+03
6.251462e-02 1.473817e+03 5.479541e+01 -1.580172e+03 1.887002e+01 6.029993e+03
6.314049e-02 1.306484e+03 5.188497e+01 -2.170573e+03 -5.116129e+01 4.711195e+03
6.377015e-02 1.190631e+03 4.523194e+01 -2.404298e+03 -9.197013e+01 3.940042e+03
6.439971e-02 1.163351e+03 5.162154e+01 -2.341204e+03 -1.005423e+02 3.842042e+03
6.502803e-02 1.184124e+03 5.251715e+01 -1.941952e+03 -7.415655e+01 4.264104e+03
6.565852e-02 1.258658e+03 5.558313e+01 -1.311747e+03 -2.460797e+01 5.133112e+03
6.628652e-02 1.355886e+03 5.738177e+01 -5.529762e+02 3.239628e+01 6.227202e+03
6.691319e-02 1.464085e+03 5.996636e+01 2.161752e+02 1.058932e+02 7.395428e+03
6.754195e-02 1.559122e+03 5.904891e+01 9.209550e+02 1.676855e+02 8.438864e+03
6.816923e-02 1.622807e+03 5.263168e+01 1.444993e+03 2.135214e+02 9.173426e+03
6.879707e-02 1.648402e+03 5.470905e+01 1.758092e+03 2.381742e+02 9.552460e+03
6.942589e-02 1.624403e+03 5.709029e+01 1.803445e+03 2.442623e+02 9.472124e+03
7.005350e-02 1.551077e+03 5.113386e+01 1.620185e+03 2.044636e+02 8.976996e+03
7.068149e-02 1.438342e+03 5.228281e+01 1.230946e+03 1.748081e+02 8.130400e+03
7.131092e-02 1.297618e+03 4.999029e+01 7.106958e+02 1.367780e+02 7.033865e+03
7.194060e-02 1.142947e+03 4.184012e+01 1.204897e+02 7.727092e+01 5.815167e+03
7.256947e-02 9.971795e+02 3.579536e+01 -4.540570e+02 2.961829e+01 4.633114e+03
7.319738e-02 8.677244e+02 3.273968e+01 -9.320019e+02 -1.284790e+01 3.595178e+03
7.382604e-02 7.712377e+02 3.084204e+01 -1.279577e+03 -5.116108e+01 2.826413e+03
7.445392e-02 7.068558e+02 3.141683e+01 -1.445359e+03 -7.634839e+01 2.364353e+03
7.507965e-02 6.791747e+02 3.335200e+01 -1.431434e+03 -8.329614e+01 2.235120e+03
7.570782e-02 6.790673e+02 3.375521e+01 -1.239049e+03 -7.267499e+01 2.392601e+03
7.633697e-02 7.107583e+02 3.350215e+01 -9.313273e+02 -4.854384e+01 2.795938e+03
7.696614e-02 7.559987e+02 3.297286e+01 -5.437241e+02 -1.452169e+01 3.337104e+03
7.759521e-02 8.087977e+02 3.419313e+01 -1.393865e+02 2.511402e+01 3.927127e+03
7.822404e-02 8.569410e+02 2.972263e+01 2.184080e+02 5.131923e+01 4.454612e+03
7.885455e-02 8.906174e+02 2.725471e+01 5.030777e+02 7.427355e+01 4.840574e+03
7.948034e-02 9.052834e+02 2.892553e+01 6.612074e+02 8.080565e+01 5.030309e+03
8.010544e-02 8.877379e+02 3.305080e+01 7.103609e+02 7.732931e+01 4.981352e+03
8.073519e-02 8.461403e+02 3.448471e+01 6.273681e+02 6.654103e+01 4.724125e+03
8.136420e-02 7.823442e+02 3.140306e+01 4.357241e+02 3.897167e+01 4.267819e+03
8.199246e-02 7.081396e+02 3.183765e+01 1.780907e+02 2.414743e+01 3.700587e+03
8.262013e-02 6.273219e+02 2.893884e+01 -1.044781e+02 2.933017e+00 3.082175e+03
8.325004e-02 5.473610e+02 2.574752e+01 -3.821819e+02 -1.896558e+01 2.469019e+03
8.388076e-02 4.802692e+02 2.177850e+01 -6.088693e+02 -2.562478e+01 1.962231e+03
8.450772e-02 4.322092e+02 1.627015e+01 -7.578993e+02 -3.070124e+01 1.598348e+03
8.513407e-02 4.071401e+02 1.420660e+01 -8.140360e+02 -3.292161e+01 1.410811e+03
8.576290e-02 4.025108e+02 1.415647e+01 -7.725172e+02 -2.993892e+01 1.404228e+03
8.639170e-02 4.146329e+02 1.572870e+01 -6.434550e+02 -2.465891e+01 1.563734e+03
8.701933e-02 4.384095e+02 1.712272e+01 -4.431235e+02 -1.565182e+01 1.840335e+03
8.764729e-02 4.730456e+02 1.800645e+01 -2.121844e+02 1.566229e+00 2.198197e+03
8.827546e-02 5.029885e+02 1.748683e+01 3.426845e+01 1.152585e+01 2.544422e+03
8.890360e-02 5.345260e+02 1.869474e+01 2.400923e+02 2.815914e+01 2.863911e+03
8.953185e-02 5.503190e+02 1.935939e+01 4.014327e+02 3.508854e+01 3.072240e+03
9.016049e-02 5.549395e+02 1.987293e+01 4.855071e+02 3.843539e+01 3.162458e+03
9.078921e-02 5.442096e+02 2.087407e+01 4.880341e+02 3.641674e+01 3.114721e+03
9.141859e-02 5.119917e+02 1.948657e+01 4.258066e+02 2.887040e+01 2.915145e+03
9.204760e-02 4.742969e+02 1.944563e+01 2.891700e+02 2.122331e+01 2.626623e+03
9.267535e-02 4.250202e+02 1.697103e+01 1.198127e+02 9.782586e+00 2.246710e+03
9.330406e-02 3.741745e+02 1.485399e+01 -7.100578e+01 4.578298e-02 1.848142e+03
9.393390e-02 3.272324e+02 1.235352e+01 -2.539204e+02 -1.059538e+01 1.464054e+03
9.456102e-02 2.878450e+02 1.026711e+01 -4.056431e+02 -1.728847e+01 1.146428e+03
9.518740e-02 2.596557e+02 8.431874e+00 -5.040953e+02 -2.079208e+01 9.195513e+02
9.581568e-02 2.427924e+02 7.529213e+00 -5.448433e+02 -2.229529e+01 7.961475e+02
9.644552e-02 2.409169e+02 7.649296e+00 -5.269107e+02 -2.152416e+01 7.905592e+02
9.707482e-02 2.470911e+02 8.980068e+00 -4.495086e+02 -1.925685e+01 8.796160e+02
9.770146e-02 2.616032e+02 9.839562e+00 -3.343260e+02 -1.460251e+01 1.044322e+03
9.832882e-02 2.816882e+02 1.016375e+01 -1.968661e+02 -8.399121e+00 1.255168e+03
9.895640e-02 3.012096e+02 1.080863e+01 -5.410444e+01 1.410107e-01 1.466125e+03
9.958504e-02 3.187084e+02 1.043954e+01 6.745361e+01 4.612796e+00 1.648430e+03
1.002139e-01 3.282788e+02 1.290952e+01 1.613352e+02 1.012401e+01 1.770242e+03
1.008411e-01 3.282256e+02 1.425352e+01 2.087410e+02 1.144444e+01 1.816685e+03
1.014708e-01 3.181266e+02 1.391631e+01 2.083502e+02 9.532226e+00 1.779619e+03
1.021003e-01 2.996217e+02 1.244776e+01 1.649627e+02 9.512419e+00 1.664655e+03
1.027279e-01 2.753894e+02 1.023084e+01 8.358321e+01 9.351252e+00 1.487527e+03
1.033572e-01 2.477818e+02 7.248592e+00 -1.920933e+01 7.874809e+00 1.268735e+03
1.039858e-01 2.205554e+02 4.339988e+00 -1.328159e+02 5.475115e+00 1.039022e+03
1.046130e-01 1.976965e+02 2.025885e+00 -2.376334e+02 -1.122527e+00 8.303278e+02
1.052407e-01 1.797453e+02 2.049011e+00 -3.149924e+02 -6.365609e+00 6.652789e+02
1.058684e-01 1.692642e+02 2.869207e+00 -3.623604e+02 -1.071557e+01 5.672453e+02
1.064969e-01 1.654855e+02 3.332431e+00 -3.686584e+02 -1.121319e+01 5.385503e+02
1.071273e-01 1.697384e+02 3.797531e+00 -3.329076e+02 -1.053886e+01 5.788750e+02
1.077558e-01 1.798795e+02 5.424687e+00 -2.624938e+02 -8.819374e+00 6.774156e+02
1.083828e-01 1.931527e+02 7.935426e+00 -1.685895e+02 -7.163901e+00 8.184759e+02
1.090114e-01 2.072284e+02 9.928707e+00 -6.327491e+01 -4.451378e+00 9.831272e+02
1.096397e-01 2.199627e+02 9.729415e+00 4.001818e+01 1.172183e+00 1.140233e+03
1.102684e-01 2.312552e+02 8.043677e+00 1.246395e+02 7.841998e+00 1.273299e+03
1.108970e-01 2.371308e+02 6.367475e+00 1.821277e+02 1.548683e+01 1.353896e+03
1.115233e-01 2.386005e+02 4.953089e+00 2.045278e+02 2.026309e+01 1.378210e+03
1.121508e-01 2.337220e+02 3.701559e+00 1.920842e+02 2.117584e+01 1.340017e+03
1.127798e-01 2.226093e+02 4.038164e+00 1.457620e+02 1.894999e+01 1.245796e+03
1.134097e-01 2.062733e+02 4.456251e+00 7.332816e+01 1.289037e+01 1.107014e+03
1.140373e-01 1.864063e+02 4.359663e+00 -1.003179e+01 7.549514e+00 9.442597e+02
1.146647e-01 1.665626e+02 3.302528e+00 -9.838797e+01 2.607508e+00 7.758468e+02
1.152948e-01 1.484289e+02 2.575193e+00 -1.764556e+02 -1.493028e+00 6.184082e+02
1.159235e-01 1.339975e+02 2.839743e+00 -2.378579e+02 -5.351005e+00 4.942618e+02
1.165517e-01 1.247910e+02 4.120743e+00 -2.718227e+02 -7.961224e+00 4.188532e+02
1.171799e-01 1.198072e+02 4.552602e+00 -2.759674e+02 -9.310780e+00 3.947990e+02
1.178092e-01 1.205502e+02 4.680186e+00 -2.522995e+02 -8.060839e+00 4.227019e+02
1.184382e-01 1.267689e+02 3.891982e+00 -2.041139e+02 -5.972728e+00 4.928476e+02
1.190649e-01 1.369709e+02 3.476734e+00 -1.387189e+02 -2.721264e+00 5.942680e+02
1.196918e-01 1.490765e+02 3.408006e+00 -6.502421e+01 1.564334e-01 7.092714e+02
1.203206e-01 1.609328e+02 3.635266e+00 4.757735e+00 3.441088e+00 8.238854e+02
1.209492e-01 1.710255e+02 3.324010e+00 6.240920e+01 6.988751e+00 9.184233e+02
1.215770e-01 1.778842e+02 2.525384e+00 1.033785e+02 9.169264e+00 9.794919e+02
1.222060e-01 1.801722e+02 2.921660e+00 1.216841e+02 1.139928e+01 9.984221e+02
1.228351e-01 1.769053e+02 4.235990e+00 1.153491e+02 8.897865e+00 9.720119e+02
1.234639e-01 1.679469e+02 6.070684e+00 8.674411e+01 6.281977e+00 9.089331e+02
1.240910e-01 1.550706e+02 6.251259e+00 4.149338e+01 3.857109e+00 8.184959e+02
1.247182e-01 1.396559e+02 5.160057e+00 -1.272397e+01 2.661883e+00 7.073706e+02
1.253470e-01 1.247575e+02 4.071887e+00 -7.160270e+01 1.598755e+00 5.892371e+02
1.259754e-01 1.114912e+02 3.110691e+00 -1.246393e+02 6.607079e-01 4.836517e+02
1.266036e-01 1.009914e+02 2.120427e+00 -1.664802e+02 -4.760539e-01 4.000633e+02
1.272319e-01 9.511071e+01 1.093518e+00 -1.920210e+02 -7.658084e-01 3.509504e+02
1.278607e-01 9.345810e+01 5.614450e-01 -1.969172e+02 1.512245e-01 3.351874e+02
1.284890e-01 9.631544e+01 3.966860e-01 -1.831566e+02 7.747773e-01 3.559275e+02
1.291182e-01 1.022538e+02 1.185951e+00 -1.526305e+02 1.022992e+00 4.064646e+02
1.297470e-01 1.100699e+02 1.875506e+00 -1.089454e+02 1.354555e+00 4.781301e+02
1.303744e-01 1.181638e+02 2.849340e+00 -5.960588e+01 1.501449e+00 5.584456e+02
1.310022e-01 1.259134e+02 3.785411e+00 -1.255674e+01 2.506016e+00 6.360113e+02
1.316312e-01 1.313434e+02 4.018764e+00 2.942810e+01 3.276692e+00 7.002296e+02
1.322597e-01 1.340088e+02 3.762796e+00 5.648229e+01 4.946119e+00 7.390927e+02
1.328871e-01 1.342007e+02 3.289067e+00 6.695844e+01 5.963727e+00 7.497478e+02
1.335151e-01 1.313307e+02 2.699946e+00 6.142781e+01 6.550309e+00 7.294123e+02
1.341448e-01 1.255042e+02 2.484711e+00 3.935193e+01 5.449936e+00 6.813567e+02
1.347734e-01 1.173285e+02 2.559990e+00 4.872654e+00 4.163236e+00 6.117762e+02
1.354003e-01 1.075773e+02 2.256134e+00 -3.654813e+01 1.626557e+00 5.305122e+02
1.360284e-01 9.799206e+01 2.063067e+00 -7.954353e+01 6.016315e-01 4.483674e+02
1.366568e-01 8.957087e+01 1.325050e+00 -1.186421e+02 1.862526e-01 3.738136e+02
1.372858e-01 8.296109e+01 6.825027e-01 -1.488441e+02 -3.577663e-01 3.140538e+02
1.379142e-01 7.947604e+01 5.577243e-01 -1.665957e+02 -6.502468e-01 2.773045e+02
1.385416e-01 7.808733e+01 1.105937e+00 -1.693967e+02 -1.380788e+00 2.648651e+02
1.391708e-01 7.916218e+01 2.328687e+00 -1.591830e+02 -2.616355e+00 2.785021e+02
1.397994e-01 8.204245e+01 3.013339e+00 -1.364622e+02 -3.494960e+00 3.131605e+02
1.404273e-01 8.576641e+01 3.146023e+00 -1.053860e+02 -4.178969e+00 3.602608e+02
1.410561e-01 9.040502e+01 3.606956e+00 -7.089494e+01 -3.048033e+00 4.125423e+02
1.416844e-01 9.464470e+01 3.619696e+00 -3.751232e+01 -2.378848e+00 4.619358e+02
1.423121e-01 9.729534e+01 3.530111e+00 -1.109387e+01 -1.833237e+00 4.991917e+02
1.429401e-01 9.827971e+01 3.417034e+00 7.205385e+00 -1.530108e-01 5.209838e+02
1.435692e-01 9.758589e+01 3.137785e+00 1.244668e+01 1.361704e+00 5.228409e+02
1.441983e-01 9.423386e+01 2.677732e+00 6.335730e+00 2.487974e+00 5.040696e+02
1.448262e-01 8.989285e+01 1.632906e+00 -1.140658e+01 3.485186e+00 4.681787e+02
1.454539e-01 8.453165e+01 9.079917e-01 -3.685938e+01 4.051267e+00 4.198258e+02
1.460823e-01 7.908714e+01 3.110167e-01 -6.579882e+01 2.750362e+00 3.651423e+02
1.467115e-01 7.348719e+01 2.337128e-01 -9.369227e+01 1.380341e+00 3.110520e+02
1.473399e-01 6.904242e+01 8.768601e-01 -1.160047e+02 -1.496618e+00 2.652689e+02
1.479676e-01 6.566723e+01 2.007614e+00 -1.299743e+02 -4.533563e+00 2.356705e+02
1.485964e-01 6.334393e+01 3.352673e+00 -1.318523e+02 -6.534826e+00 2.232195e+02
1.492243e-01 6.256877e+01 3.442595e+00 -1.231822e+02 -6.663768e+00 2.313518e+02
1.498507e-01 6.395884e+01 3.094114e+00 -1.040268e+02 -4.668188e+00 2.575765e+02
1.504788e-01 6.720880e+01 2.268658e+00 -7.702561e+01 -2.884040e+00 2.948744e+02
1.511078e-01 7.219763e+01 1.974858e+00 -4.681682e+01 -2.481061e-01 3.422039e+02
1.517364e-01 7.695907e+01 2.121015e+00 -1.602529e+01 7.885811e-01 3.899354e+02
1.523652e-01 8.132527e+01 2.383616e+00 1.057410e+01 1.437988e+00 4.353594e+02
1.529942e-01 8.431109e+01 2.013554e+00 3.107385e+01 2.556935e+00 4.675096e+02
1.536237e-01 8.572930e+01 1.709989e+00 4.254812e+01 3.603722e+00 4.834458e+02
1.542519e-01 8.496027e+01 1.560661e+00 4.226711e+01 4.565602e+00 4.789710e+02
1.548791e-01 8.247209e+01 1.685594e+00 3.243852e+01 3.441816e+00 4.553519e+02
1.555078e-01 7.753009e+01 2.237884e+00 1.425972e+01 1.395657e+00 4.163270e+02
1.561363e-01 7.128086e+01 2.909022e+00 -1.050743e+01 -8.250504e-01 3.674661e+02
1.567636e-01 6.388251e+01 3.066606e+00 -3.719304e+01 -2.630202e+00 3.129125e+02
1.573916e-01 5.692646e+01 2.563798e+00 -6.424980e+01 -3.079286e+00 2.606887e+02
1.580207e-01 5.103159e+01 1.486055e+00 -8.639659e+01 -2.465420e+00 2.141739e+02
1.586492e-01 4.730176e+01 8.970701e-01 -1.027028e+02 -1.767396e+00 1.801316e+02
1.592766e-01 4.552199e+01 7.539975e-01 -1.107076e+02 -1.368620e+00 1.617588e+02
1.599049e-01 4.553201e+01 1.148727e+00 -1.087476e+02 -2.139051e+00 1.610729e+02
1.605344e-01 4.705140e+01 1.430259e+00 -9.844957e+01 -2.595721e+00 1.774073e+02
1.624649e-01 5.804872e+01 1.332576e+00 -3.104735e+01 -1.227396e+00 2.851050e+02
1.642557e-01 6.282384e+01 2.102820e+00 1.950245e+01 7.826396e-03 3.559668e+02
1.660459e-01 5.809156e+01 1.552117e+00 1.378364e+01 1.404008e+00 3.294902e+02
1.678421e-01 4.641052e+01 -1.726156e-01 -3.723290e+01 1.615367e+00 2.299601e+02
1.696353e-01 3.835103e+01 2.386492e-02 -7.672950e+01 9.442130e-01 1.555915e+02
1.714286e-01 4.080718e+01 3.951089e-01 -6.293342e+01 -1.392162e+00 1.716004e+02
1.732198e-01 4.884242e+01 9.389126e-01 -1.397958e+01 -3.505522e-01 2.501681e+02
1.750152e-01 5.383901e+01 1.364099e+00 2.426163e+01 1.665034e+00 3.057147e+02
1.768177e-01 4.950450e+01 6.522787e-01 1.293929e+01 2.979893e+00 2.772192e+02
1.786121e-01 4.010467e+01 -4.343801e-01 -3.265319e+01 2.036946e+00 1.922764e+02
1.804030e-01 3.225853e+01 6.660581e-01 -7.009432e+01 5.016557e-02 1.221966e+02
1.822028e-01 3.093883e+01 9.934589e-01 -6.697974e+01 -1.727079e+00 1.208208e+02
1.839998e-01 3.469605e+01 6.383598e-01 -3.361326e+01 -2.214090e+00 1.664805e+02
1.857937e-01 3.889811e+01 3.319120e-01 -1.134901e+01 -4.330668e-02 1.966362e+02
1.875926e-01 3.579824e+01 4.228906e-01 -2.161301e+01 1.297524e-01 1.730251e+02
1.893867e-01 2.957058e+01 1.166388e+00 -4.658689e+01 -1.350098e+00 1.167647e+02
1.911794e-01 2.452533e+01 5.230428e-01 -5.972376e+01 -1.112655e+00 8.878410e+01
1.929763e-01 2.655414e+01 4.704551e-01 -4.025005e+01 9.425289e-02 1.163316e+02
1.947689e-01 3.291418e+01 2.911841e-01 -6.254801e+00 3.456049e-01 1.711636e+02
1.965614e-01 3.528390e+01 8.362629e-01 1.476701e+01 2.440782e-01 2.041165e+02
1.983545e-01 3.275952e+01 -4.609907e-02 2.179245e+00 2.222081e+00 1.784704e+02
2.001492e-01 2.649935e+01 2.860475e-01 -2.955128e+01 1.191491e+00 1.201065e+02
2.019476e-01 2.163500e+01 4.986066e-01 -4.941405e+01 -1.125279e+00 8.223023e+01
2.037448e-01 2.213670e+01 4.183995e-01 -4.079787e+01 -1.306514e+00 8.919643e+01
2.055436e-01 2.568417e+01 1.113720e+00 -1.431652e+01 -2.451859e+00 1.269377e+02
2.073409e-01 2.688635e+01 8.318988e-01 4.890795e+00 -4.095473e-01 1.519574e+02
2.091331e-01 2.448242e+01 4.011645e-01 -1.292535e-01 1.774052e+00 1.373227e+02
2.109295e-01 2.077329e+01 -6.362568e-01 -2.254010e+01 2.017138e+00 9.981640e+01
2.127243e-01 1.764067e+01 6.998568e-01 -3.744367e+01 -1.714871e+00 6.951422e+01
2.145132e-01 1.701908e+01 1.034469e-01 -3.516084e+01 1.428177e-01 7.035321e+01
2.163084e-01 1.979095e+01 -1.947284e-01 -2.394586e+01 3.699490e-01 8.866896e+01
2.181043e-01 2.037911e+01 5.970794e-01 -1.907199e+01 1.463182e+00 9.858340e+01
2.198991e-01 1.843854e+01 2.311455e-01 -2.512404e+01 -2.875251e-01 8.554748e+01
2.216975e-01 1.528895e+01 4.962171e-01 -3.391538e+01 -1.541011e+00 6.385924e+01
2.234966e-01 1.490148e+01 1.307198e-01 -3.512853e+01 -4.143622e-01 5.818212e+01
2.252970e-01 1.668037e+01 6.641394e-01 -2.218353e+01 -8.445661e-01 7.604920e+01
2.270852e-01 1.831223e+01 2.883854e-01 -8.069082e+00 -2.120573e-01 9.724021e+01
2.288723e-01 1.829692e+01 4.316167e-01 -3.216298e+00 -4.114969e-01 1.001100e+02
2.306695e-01 1.580515e+01 2.626930e-01 -1.417514e+01 3.626211e-01 7.804723e+01
2.324665e-01 1.240452e+01 4.345477e-01 -2.669379e+01 -1.668098e+00 4.985358e+01
2.342627e-01 1.091401e+01 -1.778554e-02 -2.880254e+01 -2.327733e-01 4.440317e+01
2.360563e-01 1.360766e+01 2.722698e-01 -1.975806e+01 1.317189e+00 6.121095e+01
2.378553e-01 1.555157e+01 8.957338e-02 -6.810878e+00 -3.109778e-01 8.434062e+01
2.396569e-01 1.616313e+01 -2.892063e-01 -5.326138e+00 1.745713e+00 8.887537e+01
2.414498e-01 1.497236e+01 2.802044e-01 -1.490254e+01 2.918993e-01 7.050248e+01
2.432397e-01 1.114815e+01 1.064164e+00 -2.461268e+01 -1.847079e+00 4.796063e+01
2.450345e-01 9.599535e+00 -1.120665e-01 -2.662668e+01 -6.079275e-01 4.042858e+01
2.468308e-01 1.166668e+01 6.534785e-02 -1.761028e+01 1.094645e-01 5.367020e+01
2.486244e-01 1.349059e+01 2.042472e-01 -7.637870e+00 2.292516e-01 7.089768e+01
2.504185e-01 1.364436e+01 3.697208e-02 -5.682192e+00 7.857172e-01 7.404683e+01
2.522154e-01 1.247801e+01 -1.136060e-01 -1.427366e+01 7.771759e-01 5.946293e+01
2.540114e-01 1.081107e+01 2.574307e-01 -2.342947e+01 -5.962674e-01 4.083475e+01
2.558058e-01 9.398821e+00 5.750039e-01 -2.373162e+01 -1.406181e+00 3.692331e+01
2.576012e-01 1.054496e+01 8.146818e-02 -1.573905e+01 1.903759e-01 4.729238e+01
2.593962e-01 1.186591e+01 3.052253e-01 -9.041430e+00 -1.471202e-01 5.864917e+01
2.611937e-01 1.133681e+01 4.725114e-01 -7.860633e+00 -5.458508e-01 5.756172e+01
2.629942e-01 8.828071e+00 6.108737e-01 -1.326001e+01 -5.599292e-01 4.527315e+01
2.647885e-01 7.026147e+00 2.020257e-01 -1.825212e+01 7.846603e-01 3.416448e+01
2.665811e-01 8.365111e+00 -3.172084e-01 -1.590912e+01 1.560302e-01 3.974100e+01
2.683801e-01 1.026480e+01 3.402398e-01 -5.408859e+00 -7.497312e-01 5.680312e+01
2.701729e-01 1.134646e+01 4.673667e-01 4.614543e+00 -7.382600e-02 7.279300e+01
2.719632e-01 1.114036e+01 3.927238e-02 4.583598e+00 -2.097271e-02 6.911154e+01
2.737587e-01 9.935504e+00 -3.136103e-01 -5.162794e+00 1.236154e+00 5.198571e+01
2.755578e-01 7.781560e+00 6.535551e-01 -1.541906e+01 -6.263017e-01 3.312845e+01
2.773550e-01 6.082381e+00 4.542971e-01 -1.659270e+01 -4.171075e-01 2.855635e+01
2.791459e-01 6.942502e+00 -1.164743e-01 -1.172751e+01 7.033133e-01 3.749396e+01
2.809385e-01 8.392473e+00 -7.965840e-02 -7.465554e+00 7.841215e-01 4.845854e+01
2.827312e-01 8.670297e+00 1.749380e-01 -8.072628e+00 3.071667e-01 4.643622e+01
2.845296e-01 7.016428e+00 1.732643e-01 -1.362755e+01 -5.825553e-01 3.535055e+01
2.863269e-01 5.317249e+00 6.038869e-01 -1.700397e+01 -1.275759e+00 2.461780e+01
2.881173e-01 4.929062e+00 4.244734e-01 -1.346244e+01 -4.974423e-01 2.795828e+01
2.899148e-01 6.302567e+00 3.372576e-01 -4.537779e+00 -6.746177e-02 4.171844e+01
2.917136e-01 8.156879e+00 -4.248963e-01 2.753981e+00 4.917219e-01 5.443103e+01
2.935083e-01 8.444590e+00 1.746609e-01 2.384747e+00 6.880737e-01 5.477343e+01
2.953064e-01 7.752199e+00 -1.818462e-01 -4.917497e+00 1.313501e+00 4.221923e+01
2.971025e-01 5.399404e+00 8.992404e-01 -1.225256e+01 -1.525635e+00 2.830808e+01
2.988941e-01 3.747500e+00 4.337278e-01 -1.311665e+01 -1.314876e+00 2.216525e+01
3.006873e-01 3.966365e+00 4.203385e-01 -8.590905e+00 -2.413362e-01 2.658958e+01
3.024817e-01 5.248233e+00 -5.620877e-01 -5.328898e+00 7.279422e-01 3.176112e+01
3.042771e-01 5.216266e+00 3.694329e-01 -6.449677e+00 -7.441924e-02 3.254479e+01
3.060756e-01 4.510566e+00 1.731902e-01 -9.007477e+00 1.223957e-01 2.570639e+01
3.078722e-01 3.715870e+00 1.007204e-01 -1.161847e+01 -3.177679e-01 2.170243e+01
3.096648e-01 4.216691e+00 2.714267e-01 -8.724195e+00 -2.899045e-01 2.474548e+01
3.114599e-01 5.338042e+00 1.397725e-01 -1.853866e+00 1.439086e-01 3.612628e+01
3.132555e-01 6.494172e+00 8.948726e-02 3.320837e+00 2.622888e-01 4.503529e+01
3.150527e-01 5.756944e+00 2.765627e-01 2.048525e+00 4.570370e-01 4.423033e+01
3.168493e-01 4.611380e+00 1.519873e-01 -3.305199e+00 5.466483e-01 3.302670e+01
3.186391e-01 3.156837e+00 2.202647e-01 -9.733574e+00 -3.707475e-01 2.258165e+01
3.204305e-01 3.166319e+00 -2.551320e-01 -1.192846e+01 -3.914661e-02 1.779017e+01
3.222280e-01 3.485660e+00 6.095646e-01 -8.748618e+00 -1.237157e+00 2.127867e+01
3.240267e-01 3.099403e+00 3.908538e-01 -4.849413e+00 -7.614463e-02 2.511827e+01
3.258197e-01 3.506927e+00 -2.038793e-01 -4.673572e+00 7.007982e-01 2.487102e+01
3.276150e-01 3.203435e+00 1.151568e-01 -8.433554e+00 5.911779e-01 2.030554e+01
3.294148e-01 2.388556e+00 3.188717e-01 -1.032154e+01 -5.248271e-01 1.689427e+01
3.312085e-01 2.445889e+00 1.566053e-01 -8.211278e+00 -4.931476e-01 1.909679e+01
3.330031e-01 3.058360e+00 1.997011e-01 -4.019163e+00 9.229509e-04 2.581539e+01
3.347987e-01 3.647261e+00 2.686318e-01 -1.478236e-02 -3.837366e-01 3.040853e+01
3.365969e-01 3.471336e+00 -6.008577e-02 -7.946496e-01 5.420227e-01 2.956819e+01
3.383923e-01 3.431274e+00 1.441784e-01 -4.490169e+00 9.006424e-02 2.193743e+01
3.401828e-01 2.036976e+00 2.139535e-01 -8.091639e+00 -1.953612e-01 1.613711e+01
3.419763e-01 1.701583e+00 2.519695e-01 -9.043059e+00 -3.582076e-01 1.295337e+01
3.437730e-01 1.588713e+00 1.906860e-01 -7.499727e+00 -2.469227e-01 1.464827e+01
3.455681e-01 2.003146e+00 1.232820e-01 -6.057071e+00 8.164475e-02 1.753347e+01
3.473617e-01 2.141651e+00 -8.745973e-02 -6.451262e+00 4.554278e-01 1.694237e+01
3.491590e-01 1.554984e+00 4.835251e-01 -7.925727e+00 -2.993249e-01 1.491627e+01
3.509566e-01 1.607847e+00 -2.282466e-01 -8.323519e+00 3.775550e-01 1.349500e+01
3.527534e-01 2.085368e+00 2.790432e-01 -7.156020e+00 -2.231123e-01 1.638424e+01
3.545449e-01 2.462143e+00 4.151898e-01 -3.737012e+00 -8.299817e-01 2.057941e+01
3.563372e-01 2.477552e+00 -1.981049e-01 -1.702991e+00 3.463083e-01 2.309403e+01
3.581341e-01 2.817482e+00 1.120939e-01 -2.744535e+00 6.347441e-02 2.024554e+01
3.599303e-01 1.870397e+00 5.560781e-01 -5.157789e+00 -7.180051e-01 1.558422e+01
3.617254e-01 1.225179e+00 -9.759744e-02 -6.453992e+00 1.302663e-01 1.141208e+01
3.635200e-01 1.627861e+00 3.773545e-02 -6.726779e+00 2.216104e-01 1.180392e+01
3.653165e-01 2.232204e+00 9.482568e-02 -4.441313e+00 -6.997843e-01 1.356683e+01
3.671116e-01 2.064135e+00 5.721373e-01 -1.580659e+00 -7.178408e-01 1.598066e+01
3.689088e-01 1.779675e+00 5.477573e-02 -1.816850e+00 4.726404e-01 1.573483e+01
3.707076e-01 1.442622e+00 2.714719e-01 -4.151349e+00 2.643645e-01 1.274389e+01
3.725001e-01 6.784728e-01 1.777471e-01 -5.682890e+00 3.839814e-02 1.070983e+01
3.742913e-01 4.583882e-01 1.258456e-01 -6.067525e+00 3.506392e-01 1.035752e+01
3.760877e-01 1.151626e+00 2.505871e-03 -4.990146e+00 -4.203917e-02 1.228897e+01
3.778836e-01 1.128429e+00 3.947957e-01 -3.220212e+00 -8.924032e-01 1.419938e+01
3.796766e-01 1.093210e+00 1.340592e-01 -1.405732e+00 -4.513928e-01 1.454406e+01
3.814707e-01 1.227110e+00 2.580416e-01 -1.433478e+00 2.850278e-02 1.333991e+01
3.832699e-01 1.060835e+00 5.065911e-02 -1.507738e+00 3.273788e-01 1.324779e+01
3.850666e-01 8.441712e-01 5.596529e-02 -2.390119e+00 6.354955e-01 1.328351e+01
3.868579e-01 8.700436e-01 1.530171e-01 -3.295012e+00 5.220878e-01 1.403464e+01
3.886538e-01 8.520277e-01 5.510649e-02 -4.724308e+00 8.263142e-02 1.251817e+01
3.904491e-01 9.042466e-01 3.799983e-02 -5.865818e+00 -4.480166e-01 9.845448e+00
3.922449e-01 5.866665e-01 1.841134e-01 -6.497914e+00 2.956116e-02 7.812942e+00
3.940400e-01 7.632692e-01 8.234320e-02 -6.735510e+00 1.787318e-01 7.456245e+00
3.958317e-01 7.207017e-01 4.418546e-01 -4.970281e+00 -5.250130e-01 9.241013e+00
3.976289e-01 8.889399e-01 -1.145603e-01 -4.263854e+00 4.742520e-02 1.046848e+01
3.994255e-01 9.912103e-01 4.969926e-03 -4.858502e+00 3.086748e-01 1.065919e+01
4.012204e-01 1.150915e+00 2.511146e-01 -5.295214e+00 4.922787e-02 1.006456e+01
4.030168e-01 7.415960e-01 3.169010e-01 -5.295170e+00 -4.327454e-01 8.695725e+00
4.048122e-01 7.635740e-01 2.219146e-02 -5.079382e+00 1.342346e-02 8.902620e+00
4.066062e-01 1.072620e+00 -5.368828e-02 -4.468828e+00 4.549134e-01 1.073902e+01
4.084001e-01 1.472423e+00 2.648082e-01 -4.410842e+00 -3.506348e-01 1.056258e+01
4.101968e-01 9.801705e-01 2.475178e-01 -4.633717e+00 1.032208e-01 9.954566e+00
4.119946e-01 4.771829e-01 3.736433e-01 -4.790255e+00 -4.629389e-01 7.165353e+00
4.137897e-01 3.903885e-01 9.421930e-02 -4.941165e+00 1.832178e-01 7.788231e+00
4.155829e-01 5.553419e-01 -2.115637e-02 -4.388519e+00 4.842559e-01 9.673952e+00
4.173778e-01 9.148800e-01 3.546095e-01 -3.110798e+00 -8.515174e-02 1.283275e+01
4.191752e-01 6.976739e-01 1.301249e-01 -2.015432e+00 -3.298228e-01 1.362603e+01
4.209702e-01 4.393226e-01 3.329784e-01 -2.588192e+00 -3.758235e-01 1.146310e+01
4.227638e-01 -6.637418e-02 3.643600e-01 -3.391846e+00 -2.399444e-01 8.492383e+00
4.245604e-01 -2.819887e-01 -2.044849e-01 -4.252895e+00 4.973302e-01 8.008871e+00
4.263543e-01 8.144721e-01 3.520524e-02 -3.946731e+00 6.541375e-01 1.012088e+01
4.281451e-01 1.313362e+00 8.415254e-02 -1.864621e+00 -1.775091e-01 1.465867e+01
4.299400e-01 1.396906e+00 3.187609e-01 1.534233e-01 -5.618889e-01 1.712213e+01
4.317365e-01 1.342486e+00 2.414296e-01 2.659458e-01 3.277913e-01 1.642735e+01
4.335323e-01 9.238879e-01 -3.189190e-02 -1.872725e+00 3.661223e-01 1.315279e+01
4.353294e-01 7.510442e-01 1.634878e-01 -4.266448e+00 -1.902560e-02 9.511989e+00
4.371263e-01 5.886983e-01 2.730664e-01 -5.115570e+00 -1.554704e-01 8.395196e+00
4.389235e-01 5.452842e-01 2.082977e-01 -4.013701e+00 -4.744613e-01 8.434834e+00
4.407180e-01 2.831062e-01 3.399631e-01 -2.928869e+00 -4.075889e-01 8.805788e+00
4.425103e-01 1.446686e-01 8.642335e-02 -2.425754e+00 -2.489557e-01 8.554880e+00
4.443072e-01 3.323111e-01 -1.232240e-01 -3.402510e+00 6.647317e-01 7.645239e+00
4.461036e-01 9.437325e-01 -2.259344e-03 -5.009713e+00 6.154573e-01 6.891993e+00
4.478956e-01 1.027310e+00 2.578677e-01 -4.671486e+00 -2.462108e-01 8.114132e+00
4.496902e-01 7.777293e-01 4.349026e-01 -3.198039e+00 -6.261811e-01 9.936987e+00
4.514874e-01 7.376339e-01 4.641364e-02 -2.041880e+00 1.480707e-01 1.078307e+01
4.532823e-01 8.465417e-01 3.680296e-01 -2.581117e+00 -1.265071e-01 9.198605e+00
4.550750e-01 1.404017e-01 4.861675e-02 -3.543572e+00 5.102021e-01 7.997374e+00
4.568708e-01 9.922263e-03 2.643803e-01 -5.247282e+00 9.103805e-02 6.718425e+00
4.586693e-01 -1.503240e-01 3.219121e-01 -4.832118e+00 -4.903200e-01 6.532435e+00
4.604678e-01 4.980043e-01 1.338162e-01 -2.654935e+00 -7.127331e-03 7.675140e+00
4.861870e-01 4.006978e-01 1.076694e-01 -2.136180e+00 -5.734700e-03 6.175472e+00
5.133427e-01 3.224042e-01 8.663156e-02 -1.718785e+00 -4.614180e-03 4.968828e+00
5.420151e-01 2.594087e-01 6.970436e-02 -1.382946e+00 -3.712602e-03 3.997954e+00
5.722891e-01 2.087221e-01 5.608462e-02 -1.112728e+00 -2.987185e-03 3.216782e+00
6.042540e-01 1.679392e-01 4.512608e-02 -8.953091e-01 -2.403510e-03 2.588245e+00
6.380042e-01 1.351251e-01 3.630876e-02 -7.203719e-01 -1.933881e-03 2.082520e+00
6.736396e-01 1.087226e-01 2.921428e-02 -5.796163e-01 -1.556014e-03 1.675610e+00
7.112653e-01 8.747895e-02 2.350602e-02 -4.663633e-01 -1.251980e-03 1.348208e+00
7.509927e-01 7.038618e-02 1.891310e-02 -3.752392e-01 -1.007352e-03 1.084777e+00
7.929389e-01 5.663321e-02 1.521762e-02 -3.019201e-01 -8.105224e-04 8.728195e-01
8.372281e-01 4.556748e-02 1.224420e-02 -2.429270e-01 -6.521520e-04 7.022766e-01
8.839910e-01 3.666391e-02 9.851770e-03 -1.954608e-01 -5.247260e-04 5.650567e-01
9.333658e-01 2.950004e-02 7.926803e-03 -1.572691e-01 -4.221983e-04 4.546486e-01
9.854984e-01 2.373594e-02 6.377961e-03 -1.265398e-01 -3.397037e-04 3.658134e-01
1.040543e+00 1.909810e-02 5.131752e-03 -1.018148e-01 -2.733280e-04 2.943361e-01
1.098662e+00 1.536647e-02 4.129044e-03 -8.192093e-02 -2.199216e-04 2.368249e-01
1.160027e+00 1.236397e-02 3.322257e-03 -6.591415e-02 -1.769504e-04 1.905509e-01
1.224820e+00 9.948135e-03 2.673112e-03 -5.303499e-02 -1.423756e-04 1.533186e-01
1.293231e+00 8.004339e-03 2.150804e-03 -4.267232e-02 -1.145564e-04 1.233612e-01
1.365464e+00 6.440347e-03 1.730552e-03 -3.433445e-02 -9.217287e-05 9.925731e-02
1.441731e+00 5.181949e-03 1.392414e-03 -2.762574e-02 -7.416293e-05 7.986313e-02
1.522258e+00 4.169432e-03 1.120346e-03 -2.222786e-02 -5.967202e-05 6.425843e-02
1.607283e+00 3.354754e-03 9.014386e-04 -1.788470e-02 -4.801252e-05 5.170278e-02
1.697057e+00 2.699259e-03 7.253038e-04 -1.439015e-02 -3.863121e-05 4.160042e-02
1.791845e+00 2.171843e-03 5.835845e-04 -1.157842e-02 -3.108294e-05 3.347199e-02
1.891928e+00 1.747480e-03 4.695562e-04 -9.316075e-03 -2.500955e-05 2.693180e-02
1.997600e+00 1.406034e-03 3.778082e-04 -7.495779e-03 -2.012286e-05 2.166951e-02
2.109175e+00 1.131305e-03 3.039871e-04 -6.031156e-03 -1.619100e-05 1.743544e-02
2.226982e+00 9.102560e-04 2.445902e-04 -4.852711e-03 -1.302739e-05 1.402868e-02
2.351369e+00 7.323984e-04 1.967990e-04 -3.904525e-03 -1.048193e-05 1.128757e-02
2.482703e+00 5.892929e-04 1.583458e-04 -3.141608e-03 -8.433833e-06 9.082061e-03
2.621373e+00 4.741492e-04 1.274062e-04 -2.527760e-03 -6.785921e-06 7.307490e-03
2.767788e+00 3.815037e-04 1.025119e-04 -2.033853e-03 -5.460000e-06 5.879657e-03
2.922381e+00 3.069606e-04 8.248178e-05 -1.636453e-03 -4.393154e-06 4.730814e-03
3.085609e+00 2.469826e-04 6.636542e-05 -1.316701e-03 -3.534762e-06 3.806446e-03
3.257954e+00 1.987240e-04 5.339808e-05 -1.059427e-03 -2.844095e-06 3.062693e-03
3.439925e+00 1.598947e-04 4.296447e-05 -8.524224e-04 -2.288378e-06 2.464264e-03
3.632061e+00 1.286524e-04 3.456951e-05 -6.858650e-04 -1.841245e-06 1.982764e-03
3.834927e+00 1.035146e-04 2.781487e-05 -5.518518e-04 -1.481479e-06 1.595346e-03
4.049125e+00 8.328858e-05 2.238004e-05 -4.440238e-04 -1.192008e-06 1.283627e-03
4.275287e+00 6.701458e-05 1.800714e-05 -3.572647e-04 -9.590982e-07 1.032815e-03
4.514080e+00 5.392040e-05 1.448867e-05 -2.874577e-04 -7.716971e-07 8.310101e-04
4.766212e+00 4.338473e-05 1.165769e-05 -2.312905e-04 -6.209129e-07 6.686365e-04
5.032426e+00 3.490766e-05 9.379855e-06 -1.860979e-04 -4.995909e-07 5.379896e-04
5.313509e+00 2.808695e-05 7.547097e-06 -1.497357e-04 -4.019743e-07 4.328702e-04
5.610292e+00 2.259895e-05 6.072447e-06 -1.204784e-04 -3.234314e-07 3.482904e-04
5.923652e+00 1.818328e-05 4.885933e-06 -9.693775e-05 -2.602351e-07 2.802369e-04
6.254514e+00 1.463039e-05 3.931256e-06 -7.799680e-05 -2.093870e-07 2.254806e-04
6.603856e+00 1.177172e-05 3.163116e-06 -6.275677e-05 -1.684743e-07 1.814233e-04
6.972711e+00 9.471604e-06 2.545066e-06 -5.049453e-05 -1.355556e-07 1.459744e-04
7.362168e+00 7.620919e-06 2.047778e-06 -4.062826e-05 -1.090690e-07 1.174520e-04
7.773377e+00 6.131845e-06 1.647656e-06 -3.268978e-05 -8.775765e-08 9.450274e-05
8.207555e+00 4.933725e-06 1.325716e-06 -2.630243e-05 -7.061042e-08 7.603756e-05
8.665983e+00 3.969710e-06 1.066680e-06 -2.116312e-05 -5.681364e-08 6.118036e-05
9.150017e+00 3.194056e-06 8.582583e-07 -1.702799e-05 -4.571265e-08 4.922614e-05
9.661086e+00 2.569960e-06 6.905607e-07 -1.370084e-05 -3.678072e-08 3.960770e-05
1.020070e+01 2.067808e-06 5.556299e-07 -1.102379e-05 -2.959402e-08 3.186863e-05
1.077045e+01 1.663773e-06 4.470637e-07 -8.869821e-06 -2.381156e-08 2.564173e-05
1.137203e+01 1.338683e-06 3.597106e-07 -7.136720e-06 -1.915895e-08 2.063151e-05
1.200721e+01 1.077114e-06 2.894257e-07 -5.742255e-06 -1.541542e-08 1.660026e-05
1.267787e+01 8.666534e-07 2.328739e-07 -4.620258e-06 -1.240336e-08 1.335668e-05
1.338598e+01 6.973154e-07 1.873720e-07 -3.717492e-06 -9.979828e-09 1.074688e-05
1.413365e+01 5.610649e-07 1.507608e-07 -2.991120e-06 -8.029840e-09 8.647016e-06
1.492308e+01 4.514367e-07 1.213032e-07 -2.406676e-06 -6.460865e-09 6.957450e-06
1.575660e+01 3.632291e-07 9.760141e-08 -1.936429e-06 -5.198457e-09 5.598013e-06
1.663667e+01 2.922567e-07 7.853078e-08 -1.558064e-06 -4.182715e-09 4.504200e-06
1.756590e+01 2.351518e-07 6.318642e-08 -1.253629e-06 -3.365442e-09 3.624111e-06
1.854704e+01 1.892048e-07 5.084023e-08 -1.008679e-06 -2.707858e-09 2.915985e-06
1.958297e+01 1.522355e-07 4.090641e-08 -8.115901e-07 -2.178762e-09 2.346222e-06
2.067677e+01 1.224897e-07 3.291358e-08 -6.530111e-07 -1.753047e-09 1.887787e-06
2.183166e+01 9.855610e-08 2.648250e-08 -5.254173e-07 -1.410514e-09 1.518926e-06
2.305105e+01 7.929893e-08 2.130800e-08 -4.227544e-07 -1.134909e-09 1.222139e-06
2.433855e+01 6.380448e-08 1.714457e-08 -3.401512e-07 -9.131560e-10 9.833415e-07
2.569797e+01 5.133753e-08 1.379464e-08 -2.736880e-07 -7.347317e-10 7.912035e-07
2.713331e+01 4.130654e-08 1.109926e-08 -2.202113e-07 -5.911703e-10 6.366078e-07
2.864883e+01 3.323553e-08 8.930546e-09 -1.771836e-07 -4.756597e-10 5.122191e-07
3.024899e+01 2.674154e-08 7.185580e-09 -1.425631e-07 -3.827191e-10 4.121351e-07
3.193854e+01 2.151643e-08 5.781568e-09 -1.147073e-07 -3.079385e-10 3.316068e-07
3.372244e+01 1.731227e-08 4.651890e-09 -9.229429e-08 -2.477695e-10 2.668131e-07
3.560599e+01 1.392957e-08 3.742943e-09 -7.426063e-08 -1.993571e-10 2.146797e-07
3.759474e+01 1.120783e-08 3.011598e-09 -5.975062e-08 -1.604041e-10 1.727328e-07
3.969458e+01 9.017900e-09 2.423153e-09 -4.807577e-08 -1.290623e-10 1.389820e-07
4.191170e+01 7.255866e-09 1.949686e-09 -3.868210e-08 -1.038444e-10 1.118259e-07
4.425265e+01 5.838120e-09 1.568731e-09 -3.112389e-08 -8.355392e-11 8.997591e-08
4.672436e+01 4.697393e-09 1.262212e-09 -2.504250e-08 -6.722807e-11 7.239525e-08
4.933412e+01 3.779555e-09 1.015585e-09 -2.014937e-08 -5.409218e-11 5.824973e-08
5.208965e+01 3.041056e-09 8.171465e-10 -1.621232e-08 -4.352295e-11 4.686814e-08
5.499909e+01 2.446855e-09 6.574818e-10 -1.304455e-08 -3.501887e-11 3.771043e-08
5.807103e+01 1.968757e-09 5.290144e-10 -1.049574e-08 -2.817643e-11 3.034208e-08
6.131455e+01 1.584076e-09 4.256487e-10 -8.444943e-09 -2.267095e-11 2.441345e-08
6.473924e+01 1.274558e-09 3.424799e-10 -6.794860e-09 -1.824120e-11 1.964323e-08
6.835522e+01 1.025519e-09 2.755618e-10 -5.467192e-09 -1.467700e-11 1.580508e-08
7.217316e+01 8.251394e-10 2.217189e-10 -4.398941e-09 -1.180922e-11 1.271688e-08
7.620435e+01 6.639129e-10 1.783966e-10 -3.539419e-09 -9.501779e-12 1.023209e-08
8.046070e+01 5.341890e-10 1.435391e-10 -2.847841e-09 -7.645198e-12 8.232811e-09
8.495479e+01 4.298122e-10 1.154926e-10 -2.291393e-09 -6.151380e-12 6.624178e-09
8.969989e+01 3.458299e-10 9.292616e-11 -1.843671e-09 -4.949443e-12 5.329860e-09
9.471003e+01 2.782572e-10 7.476904e-11 -1.483430e-09 -3.982357e-12 4.288442e-09
1.000000e+02 2.238877e-10 6.015969e-11 -1.193579e-09 -3.204232e-12 3.450511e-09
