# k [h/Mpc], q0, q1/i, q2, q3/i, q4
5.385587e-05 1.000000e+00 2.764428e-02 -1.808183e-04 3.444521e-03 -6.583555e-01
1.034961e-04 9.979972e-01 5.302158e-02 3.531269e-05 -1.750826e-04 6.538844e-02
1.650345e-04 9.935783e-01 8.416618e-02 3.562282e-04 -1.117963e-03 7.795523e-02
2.219461e-04 9.878269e-01 1.124688e-01 2.073029e-04 8.437757e-04 -2.961918e-02
2.831569e-04 9.797231e-01 1.422498e-01 6.112211e-04 3.768811e-04 1.570302e-02
3.481074e-04 9.691072e-01 1.728787e-01 1.056883e-03 7.717370e-04 2.161250e-02
4.078467e-04 9.580475e-01 1.978884e-01 -4.408833e-03 3.455865e-03 -1.750371e-02
4.685721e-04 9.438856e-01 2.274920e-01 5.133605e-03 3.493413e-03 3.050401e-03
5.344152e-04 9.276614e-01 2.536306e-01 3.390330e-03 5.489616e-03 5.870347e-03
5.979215e-04 9.103923e-01 2.771864e-01 2.542186e-03 7.957387e-03 -2.748362e-03
6.594309e-04 8.918762e-01 2.992893e-01 4.112843e-03 1.094079e-02 -9.554432e-03
7.211547e-04 8.719908e-01 3.196239e-01 5.967703e-03 1.344472e-02 7.115646e-03
7.842715e-04 8.506193e-01 3.376854e-01 6.621145e-03 1.729253e-02 -3.161387e-03
8.480725e-04 8.275162e-01 3.545936e-01 8.909431e-03 2.211947e-02 -6.509191e-03
9.105595e-04 8.035712e-01 3.695158e-01 1.222530e-02 2.673405e-02 -8.397427e-03
9.726731e-04 7.795173e-01 3.810936e-01 1.411714e-02 3.197913e-02 -8.938054e-03
1.035373e-03 7.540584e-01 3.914580e-01 1.765607e-02 3.811263e-02 -5.458161e-03
1.098784e-03 7.280476e-01 3.988912e-01 2.046172e-02 4.447885e-02 -1.680492e-02
1.161586e-03 7.016144e-01 4.047106e-01 2.454312e-02 5.163858e-02 -1.411875e-02
1.224174e-03 6.749050e-01 4.081390e-01 2.867170e-02 5.967252e-02 -2.168889e-02
1.288412e-03 6.471480e-01 4.100005e-01 3.409922e-02 6.741014e-02 -1.961026e-02
1.351080e-03 6.203552e-01 4.088394e-01 3.845515e-02 7.716337e-02 -3.282414e-02
1.412291e-03 5.936515e-01 4.070610e-01 4.475101e-02 8.553217e-02 -3.109339e-02
1.475368e-03 5.669110e-01 4.025917e-01 5.073787e-02 9.453406e-02 -3.481238e-02
1.538515e-03 5.397958e-01 3.970942e-01 5.791553e-02 1.034709e-01 -3.802635e-02
1.601338e-03 5.142339e-01 3.884090e-01 6.331247e-02 1.163222e-01 -5.363991e-02
1.665074e-03 4.877169e-01 3.796680e-01 7.139041e-02 1.266223e-01 -5.583252e-02
1.728027e-03 4.621978e-01 3.700956e-01 7.980811e-02 1.352805e-01 -5.547266e-02
1.789887e-03 4.380592e-01 3.580791e-01 8.699952e-02 1.483425e-01 -6.837559e-02
1.852570e-03 4.142523e-01 3.460034e-01 9.576823e-02 1.565756e-01 -7.072725e-02
1.915088e-03 3.916415e-01 3.320968e-01 1.032684e-01 1.700893e-01 -8.224201e-02
1.978019e-03 3.687059e-01 3.186608e-01 1.128562e-01 1.784897e-01 -8.409166e-02
2.041684e-03 3.473521e-01 3.031842e-01 1.208658e-01 1.917819e-01 -9.589218e-02
2.104726e-03 3.268855e-01 2.882010e-01 1.299043e-01 2.010180e-01 -1.002891e-01
2.167060e-03 3.072590e-01 2.728523e-01 1.385672e-01 2.112876e-01 -1.081295e-01
2.229921e-03 2.887466e-01 2.572448e-01 1.471504e-01 2.215152e-01 -1.144366e-01
2.292794e-03 2.709423e-01 2.415606e-01 1.557756e-01 2.304563e-01 -1.212668e-01
2.355230e-03 2.545058e-01 2.260006e-01 1.636281e-01 2.408446e-01 -1.289078e-01
2.418331e-03 2.387492e-01 2.104868e-01 1.716796e-01 2.494856e-01 -1.358013e-01
2.481215e-03 2.237384e-01 1.953593e-01 1.796482e-01 2.567309e-01 -1.409130e-01
2.543891e-03 2.101047e-01 1.807943e-01 1.865199e-01 2.656343e-01 -1.474592e-01
2.607003e-03 1.967113e-01 1.663473e-01 1.938226e-01 2.714067e-01 -1.517244e-01
2.669740e-03 1.844428e-01 1.527484e-01 2.002152e-01 2.777735e-01 -1.557219e-01
2.732628e-03 1.736768e-01 1.394958e-01 2.057211e-01 2.841284e-01 -1.624126e-01
2.796013e-03 1.627821e-01 1.268682e-01 2.114036e-01 2.884509e-01 -1.649187e-01
2.858795e-03 1.528618e-01 1.153098e-01 2.157873e-01 2.928842e-01 -1.677479e-01
2.920959e-03 1.443815e-01 1.040380e-01 2.200595e-01 2.958558e-01 -1.711938e-01
2.983535e-03 1.357159e-01 9.384287e-02 2.235416e-01 2.983259e-01 -1.722308e-01
3.046449e-03 1.280371e-01 8.386724e-02 2.266555e-01 2.996747e-01 -1.732613e-01
3.109435e-03 1.205761e-01 7.514087e-02 2.287427e-01 3.003991e-01 -1.725876e-01
3.172429e-03 1.145805e-01 6.715529e-02 2.295420e-01 3.017215e-01 -1.756262e-01
3.235378e-03 1.083680e-01 5.935209e-02 2.311233e-01 3.004911e-01 -1.732275e-01
3.298350e-03 1.024783e-01 5.268416e-02 2.309716e-01 2.989737e-01 -1.715930e-01
3.361502e-03 9.726610e-02 4.610815e-02 2.311905e-01 2.963853e-01 -1.681621e-01
3.424034e-03 9.244135e-02 4.083029e-02 2.298661e-01 2.937062e-01 -1.658103e-01
3.486610e-03 8.814595e-02 3.604589e-02 2.280996e-01 2.904721e-01 -1.630130e-01
3.549533e-03 8.386825e-02 3.129617e-02 2.264357e-01 2.858745e-01 -1.576021e-01
3.612035e-03 8.009479e-02 2.816213e-02 2.226239e-01 2.817639e-01 -1.554945e-01
3.674842e-03 7.637889e-02 2.399892e-02 2.207628e-01 2.756968e-01 -1.473132e-01
3.737743e-03 7.305032e-02 2.139083e-02 2.165250e-01 2.702011e-01 -1.430161e-01
3.800817e-03 6.968140e-02 1.837129e-02 2.131784e-01 2.633104e-01 -1.352821e-01
3.863693e-03 6.688657e-02 1.659768e-02 2.080854e-01 2.572907e-01 -1.304993e-01
3.926624e-03 6.383838e-02 1.443591e-02 2.036741e-01 2.496559e-01 -1.226757e-01
3.989691e-03 6.126871e-02 1.281179e-02 1.987607e-01 2.425650e-01 -1.156941e-01
4.052279e-03 5.859555e-02 1.130449e-02 1.935435e-01 2.345947e-01 -1.080638e-01
4.115276e-03 5.623837e-02 9.924035e-03 1.884858e-01 2.269377e-01 -1.001147e-01
4.178091e-03 5.385040e-02 8.995742e-03 1.827139e-01 2.188981e-01 -9.280483e-02
4.240529e-03 5.151843e-02 7.901720e-03 1.772783e-01 2.103550e-01 -8.453599e-02
4.303566e-03 4.948652e-02 7.090574e-03 1.715400e-01 2.025323e-01 -7.691469e-02
4.366473e-03 4.723402e-02 6.306700e-03 1.657341e-01 1.937416e-01 -6.894871e-02
4.429136e-03 4.545342e-02 5.627560e-03 1.603562e-01 1.863308e-01 -6.140062e-02
4.491804e-03 4.344998e-02 4.670965e-03 1.550724e-01 1.772862e-01 -5.256383e-02
4.554524e-03 4.163848e-02 4.335352e-03 1.490204e-01 1.697710e-01 -4.619303e-02
4.617696e-03 3.984308e-02 3.676570e-03 1.436133e-01 1.616882e-01 -3.866689e-02
4.680743e-03 3.810393e-02 3.019251e-03 1.382765e-01 1.534806e-01 -3.119451e-02
4.743600e-03 3.655292e-02 2.463920e-03 1.331055e-01 1.461092e-01 -2.442163e-02
4.806460e-03 3.488122e-02 1.917547e-03 1.278171e-01 1.384856e-01 -1.808921e-02
4.869182e-03 3.349787e-02 1.438011e-03 1.229369e-01 1.318180e-01 -1.220584e-02
4.931803e-03 3.207645e-02 7.099424e-04 1.185218e-01 1.242987e-01 -5.411834e-03
4.994544e-03 3.069868e-02 2.418952e-04 1.138142e-01 1.178304e-01 -3.147739e-04
5.057296e-03 2.939080e-02 -2.917011e-04 1.093206e-01 1.113231e-01 4.856622e-03
5.120127e-03 2.813874e-02 -7.867685e-04 1.050261e-01 1.053668e-01 9.322196e-03
5.183244e-03 2.702148e-02 -1.332063e-03 1.011249e-01 9.926268e-02 1.424757e-02
5.246213e-03 2.588570e-02 -1.820395e-03 9.722233e-02 9.364360e-02 1.824126e-02
5.308940e-03 2.488748e-02 -2.273863e-03 9.363342e-02 8.834523e-02 2.209289e-02
5.371705e-03 2.383324e-02 -2.690829e-03 8.992741e-02 8.335944e-02 2.505250e-02
5.434764e-03 2.286793e-02 -3.151664e-03 8.654661e-02 7.830986e-02 2.836814e-02
5.497589e-03 2.205453e-02 -3.429656e-03 8.344427e-02 7.411927e-02 3.075429e-02
5.560094e-03 2.112306e-02 -3.829628e-03 8.018127e-02 6.958485e-02 3.310375e-02
5.623090e-03 2.037924e-02 -4.095469e-03 7.737609e-02 6.573589e-02 3.507747e-02
5.686167e-03 1.961947e-02 -4.331131e-03 7.451790e-02 6.182740e-02 3.687991e-02
5.748863e-03 1.889268e-02 -4.594846e-03 7.184376e-02 5.813027e-02 3.847148e-02
5.811791e-03 1.815815e-02 -4.692965e-03 6.901859e-02 5.500162e-02 3.896476e-02
5.874636e-03 1.754506e-02 -4.888796e-03 6.669166e-02 5.152309e-02 4.056054e-02
5.937271e-03 1.692137e-02 -4.898445e-03 6.420112e-02 4.888110e-02 4.071658e-02
6.000058e-03 1.630793e-02 -4.983073e-03 6.185454e-02 4.590772e-02 4.133785e-02
6.062729e-03 1.574222e-02 -5.002056e-03 5.962237e-02 4.330380e-02 4.160425e-02
6.125517e-03 1.519701e-02 -4.932750e-03 5.741583e-02 4.083466e-02 4.170742e-02
6.188708e-03 1.465845e-02 -4.968974e-03 5.531555e-02 3.828055e-02 4.195806e-02
6.251555e-03 1.411147e-02 -4.791389e-03 5.306543e-02 3.632408e-02 4.119036e-02
6.314077e-03 1.363639e-02 -4.752411e-03 5.118297e-02 3.401155e-02 4.137535e-02
6.377058e-03 1.314461e-02 -4.608013e-03 4.920530e-02 3.208857e-02 4.088697e-02
6.440009e-03 1.266072e-02 -4.459859e-03 4.724411e-02 3.023126e-02 4.030628e-02
6.502812e-03 1.218781e-02 -4.331238e-03 4.534438e-02 2.833878e-02 3.986273e-02
6.565726e-03 1.173660e-02 -4.157050e-03 4.356227e-02 2.672167e-02 3.918466e-02
6.628521e-03 1.129177e-02 -4.005538e-03 4.176137e-02 2.503907e-02 3.861390e-02
6.691272e-03 1.083893e-02 -3.821589e-03 3.997433e-02 2.353539e-02 3.776102e-02
6.754176e-03 1.041362e-02 -3.657937e-03 3.827016e-02 2.203244e-02 3.708474e-02
6.816888e-03 9.992979e-03 -3.505621e-03 3.666191e-02 2.060910e-02 3.640626e-02
6.879625e-03 9.592217e-03 -3.363738e-03 3.511529e-02 1.931351e-02 3.566014e-02
6.942449e-03 9.179763e-03 -3.208767e-03 3.349345e-02 1.798650e-02 3.484815e-02
7.005248e-03 8.767773e-03 -3.046826e-03 3.191373e-02 1.683606e-02 3.389778e-02
7.068136e-03 8.396563e-03 -2.949740e-03 3.054531e-02 1.562309e-02 3.326558e-02
7.131053e-03 8.020989e-03 -2.835164e-03 2.912671e-02 1.452238e-02 3.248494e-02
7.194010e-03 7.645683e-03 -2.726911e-03 2.772935e-02 1.348989e-02 3.161117e-02
7.256902e-03 7.287848e-03 -2.625129e-03 2.638454e-02 1.246891e-02 3.080844e-02
7.319748e-03 6.953426e-03 -2.573408e-03 2.520733e-02 1.156261e-02 3.007779e-02
7.382611e-03 6.613307e-03 -2.498513e-03 2.393363e-02 1.063286e-02 2.927107e-02
7.445306e-03 6.295727e-03 -2.440037e-03 2.279766e-02 9.851297e-03 2.846723e-02
7.507906e-03 5.965756e-03 -2.383685e-03 2.160542e-02 9.001775e-03 2.759007e-02
7.570818e-03 5.697409e-03 -2.375510e-03 2.067025e-02 8.327507e-03 2.693443e-02
7.633721e-03 5.392020e-03 -2.336445e-03 1.957333e-02 7.600003e-03 2.609489e-02
7.696586e-03 5.133002e-03 -2.315721e-03 1.862155e-02 6.961392e-03 2.533947e-02
7.759492e-03 4.858866e-03 -2.303671e-03 1.767188e-02 6.332936e-03 2.452876e-02
7.822382e-03 4.611893e-03 -2.291821e-03 1.678447e-02 5.777335e-03 2.375253e-02
7.885469e-03 4.382546e-03 -2.289103e-03 1.597292e-02 5.274473e-03 2.299223e-02
7.948044e-03 4.158136e-03 -2.283525e-03 1.516645e-02 4.792351e-03 2.223008e-02
8.010528e-03 3.957317e-03 -2.288893e-03 1.445777e-02 4.369890e-03 2.147170e-02
8.073516e-03 3.745903e-03 -2.275691e-03 1.368557e-02 3.942696e-03 2.069180e-02
8.136423e-03 3.562879e-03 -2.267338e-03 1.301243e-02 3.599979e-03 1.991702e-02
8.199228e-03 3.380907e-03 -2.260309e-03 1.233443e-02 3.228401e-03 1.916807e-02
8.262023e-03 3.223024e-03 -2.257008e-03 1.175909e-02 2.933759e-03 1.844224e-02
8.324981e-03 3.056900e-03 -2.239266e-03 1.111925e-02 2.630794e-03 1.767218e-02
8.388025e-03 2.909790e-03 -2.213983e-03 1.056674e-02 2.397688e-03 1.692726e-02
8.450798e-03 2.777245e-03 -2.195130e-03 1.003873e-02 2.177997e-03 1.621125e-02
8.513424e-03 2.643994e-03 -2.171930e-03 9.524416e-03 1.940341e-03 1.550983e-02
8.576219e-03 2.518526e-03 -2.134951e-03 9.011284e-03 1.758096e-03 1.477593e-02
8.639099e-03 2.402167e-03 -2.093645e-03 8.533607e-03 1.586024e-03 1.408538e-02
8.701941e-03 2.295160e-03 -2.058700e-03 8.097658e-03 1.420139e-03 1.341552e-02
8.764716e-03 2.195212e-03 -2.015741e-03 7.668894e-03 1.277234e-03 1.276999e-02
8.827545e-03 2.090099e-03 -1.960235e-03 7.224896e-03 1.137228e-03 1.208672e-02
8.890404e-03 2.000748e-03 -1.905091e-03 6.824086e-03 1.024120e-03 1.146392e-02
8.953189e-03 1.913967e-03 -1.854381e-03 6.446571e-03 8.959148e-04 1.087060e-02
9.016039e-03 1.829298e-03 -1.789780e-03 6.069729e-03 8.068581e-04 1.026339e-02
9.078883e-03 1.749070e-03 -1.728912e-03 5.698068e-03 6.957390e-04 9.690353e-03
9.141797e-03 1.672241e-03 -1.662717e-03 5.351697e-03 6.113396e-04 9.131896e-03
9.204714e-03 1.603453e-03 -1.601776e-03 5.033069e-03 5.208489e-04 8.624839e-03
9.267500e-03 1.529663e-03 -1.532029e-03 4.699861e-03 4.397500e-04 8.092528e-03
9.330389e-03 1.464052e-03 -1.464287e-03 4.386432e-03 3.616016e-04 7.611342e-03
9.393353e-03 1.401065e-03 -1.401007e-03 4.100540e-03 2.898063e-04 7.151151e-03
9.456033e-03 1.337890e-03 -1.332772e-03 3.804081e-03 2.128360e-04 6.705622e-03
9.518699e-03 1.280080e-03 -1.265559e-03 3.549053e-03 1.659459e-04 6.283362e-03
9.581480e-03 1.220522e-03 -1.200290e-03 3.270767e-03 9.440625e-05 5.868581e-03
9.644431e-03 1.168281e-03 -1.138165e-03 3.030854e-03 3.399400e-05 5.507145e-03
9.707436e-03 1.115072e-03 -1.075969e-03 2.791033e-03 -2.326273e-05 5.148069e-03
9.770160e-03 1.062412e-03 -1.013793e-03 2.561546e-03 -7.112844e-05 4.795498e-03
9.832865e-03 1.015252e-03 -9.575496e-04 2.358274e-03 -1.180412e-04 4.492846e-03
9.895597e-03 9.681298e-04 -8.996633e-04 2.140535e-03 -1.709797e-04 4.181478e-03
9.958595e-03 9.219811e-04 -8.458486e-04 1.960612e-03 -2.040533e-04 3.900457e-03
1.002149e-02 8.773084e-04 -7.913501e-04 1.769558e-03 -2.409024e-04 3.619659e-03
1.008410e-02 8.365072e-04 -7.435414e-04 1.604962e-03 -2.780607e-04 3.379583e-03
1.014702e-02 7.976708e-04 -6.937177e-04 1.443276e-03 -3.054492e-04 3.148294e-03
1.020999e-02 7.583078e-04 -6.483899e-04 1.289205e-03 -3.332906e-04 2.917625e-03
1.027280e-02 7.210871e-04 -6.035578e-04 1.151314e-03 -3.510837e-04 2.710681e-03
1.033567e-02 6.856996e-04 -5.621281e-04 1.019007e-03 -3.700799e-04 2.511438e-03
1.039854e-02 6.530917e-04 -5.230091e-04 9.012751e-04 -3.846622e-04 2.335934e-03
1.046130e-02 6.215941e-04 -4.845803e-04 7.856652e-04 -3.944391e-04 2.163134e-03
1.052408e-02 5.905318e-04 -4.486612e-04 6.815669e-04 -4.001652e-04 1.997835e-03
1.058689e-02 5.614259e-04 -4.137200e-04 5.892522e-04 -3.982084e-04 1.847873e-03
1.064973e-02 5.350185e-04 -3.827422e-04 4.980258e-04 -4.041189e-04 1.709090e-03
1.071266e-02 5.089042e-04 -3.491801e-04 4.149028e-04 -3.949904e-04 1.573494e-03
1.077552e-02 4.842389e-04 -3.221103e-04 3.450260e-04 -3.888899e-04 1.451675e-03
1.083829e-02 4.612926e-04 -2.933821e-04 2.773380e-04 -3.772462e-04 1.333563e-03
1.090115e-02 4.392587e-04 -2.663279e-04 2.158923e-04 -3.630344e-04 1.224880e-03
1.096400e-02 4.196432e-04 -2.414042e-04 1.599162e-04 -3.489387e-04 1.123951e-03
1.102688e-02 3.998030e-04 -2.170609e-04 1.119720e-04 -3.279967e-04 1.026410e-03
1.108967e-02 3.815778e-04 -1.943438e-04 6.763337e-05 -3.091701e-04 9.379448e-04
1.115232e-02 3.646477e-04 -1.722341e-04 2.807250e-05 -2.850161e-04 8.525734e-04
1.121507e-02 3.495453e-04 -1.527283e-04 -4.764384e-06 -2.621227e-04 7.819624e-04
1.127797e-02 3.348941e-04 -1.329185e-04 -3.598654e-05 -2.378270e-04 7.077232e-04
1.134099e-02 3.209839e-04 -1.142610e-04 -6.176645e-05 -2.098325e-04 6.420887e-04
1.140372e-02 3.082379e-04 -9.684163e-05 -8.442290e-05 -1.829481e-04 5.796039e-04
1.146650e-02 2.968872e-04 -8.032910e-05 -1.028770e-04 -1.542788e-04 5.251951e-04
1.152952e-02 2.863165e-04 -6.487755e-05 -1.187339e-04 -1.270023e-04 4.751342e-04
1.159236e-02 2.759952e-04 -4.973795e-05 -1.313870e-04 -9.711542e-05 4.265227e-04
1.165521e-02 2.672853e-04 -3.636591e-05 -1.395019e-04 -6.777843e-05 3.866579e-04
1.171802e-02 2.591121e-04 -2.275897e-05 -1.483776e-04 -3.959458e-05 3.469095e-04
1.178091e-02 2.516959e-04 -1.090568e-05 -1.511247e-04 -1.047026e-05 3.162880e-04
1.184377e-02 2.452305e-04 6.606478e-07 -1.536440e-04 1.721380e-05 2.868368e-04
1.190645e-02 2.388358e-04 1.166262e-05 -1.526763e-04 4.703267e-05 2.600447e-04
1.196918e-02 2.336553e-04 2.178099e-05 -1.510065e-04 7.420418e-05 2.376592e-04
1.203205e-02 2.289317e-04 3.111121e-05 -1.469807e-04 1.000652e-04 2.208097e-04
1.209494e-02 2.250971e-04 4.041854e-05 -1.410392e-04 1.277777e-04 2.058647e-04
1.215771e-02 2.215204e-04 4.863067e-05 -1.341627e-04 1.528655e-04 1.936615e-04
1.222054e-02 2.181505e-04 5.614830e-05 -1.248313e-04 1.769692e-04 1.855378e-04
1.228344e-02 2.161765e-04 6.374222e-05 -1.146597e-04 2.012735e-04 1.812484e-04
1.234640e-02 2.138246e-04 7.046403e-05 -1.027078e-04 2.243621e-04 1.779496e-04
1.240915e-02 2.125975e-04 7.693360e-05 -9.081045e-05 2.463911e-04 1.783933e-04
1.247184e-02 2.107594e-04 8.244886e-05 -7.657888e-05 2.670202e-04 1.802542e-04
1.253470e-02 2.103436e-04 8.823719e-05 -6.266490e-05 2.868641e-04 1.861534e-04
1.259754e-02 2.099929e-04 9.352677e-05 -4.652457e-05 3.065320e-04 1.944275e-04
1.266036e-02 2.094059e-04 9.809955e-05 -3.033920e-05 3.243604e-04 2.022257e-04
1.272320e-02 2.091090e-04 1.024833e-04 -1.358553e-05 3.413265e-04 2.123692e-04
1.278608e-02 2.098914e-04 1.066069e-04 3.296276e-06 3.566267e-04 2.274707e-04
1.284892e-02 2.102329e-04 1.107669e-04 2.074593e-05 3.723948e-04 2.410304e-04
1.291183e-02 2.109483e-04 1.140119e-04 3.944622e-05 3.853222e-04 2.587980e-04
1.297477e-02 2.114439e-04 1.171754e-04 5.775545e-05 3.985344e-04 2.745805e-04
1.303751e-02 2.123902e-04 1.203695e-04 7.693004e-05 4.106258e-04 2.947919e-04
1.310022e-02 2.138528e-04 1.231786e-04 9.516617e-05 4.216828e-04 3.147038e-04
1.316309e-02 2.141740e-04 1.253627e-04 1.146968e-04 4.306634e-04 3.350689e-04
1.322594e-02 2.158608e-04 1.275242e-04 1.337655e-04 4.399472e-04 3.584594e-04
1.328870e-02 2.169500e-04 1.297838e-04 1.522500e-04 4.479287e-04 3.814113e-04
1.335152e-02 2.179646e-04 1.315843e-04 1.707428e-04 4.550832e-04 4.036504e-04
1.341448e-02 2.194601e-04 1.328648e-04 1.907320e-04 4.609067e-04 4.300881e-04
1.347734e-02 2.200675e-04 1.340996e-04 2.090764e-04 4.662248e-04 4.534788e-04
1.354004e-02 2.213245e-04 1.349690e-04 2.266209e-04 4.704012e-04 4.779888e-04
1.360289e-02 2.224449e-04 1.358132e-04 2.456177e-04 4.745075e-04 5.044330e-04
1.366571e-02 2.236733e-04 1.363482e-04 2.634841e-04 4.770604e-04 5.306513e-04
1.372857e-02 2.244213e-04 1.365404e-04 2.814329e-04 4.795448e-04 5.564335e-04
1.379141e-02 2.250102e-04 1.364100e-04 2.973388e-04 4.796234e-04 5.816278e-04
1.385412e-02 2.261068e-04 1.362918e-04 3.158988e-04 4.813997e-04 6.090072e-04
1.391702e-02 2.266317e-04 1.356818e-04 3.318729e-04 4.809030e-04 6.346700e-04
1.397990e-02 2.273767e-04 1.348666e-04 3.472381e-04 4.797698e-04 6.600312e-04
1.404272e-02 2.276032e-04 1.338983e-04 3.630867e-04 4.787841e-04 6.855188e-04
1.410560e-02 2.281765e-04 1.324678e-04 3.787990e-04 4.768377e-04 7.117080e-04
1.416843e-02 2.284631e-04 1.310829e-04 3.935538e-04 4.744368e-04 7.362246e-04
1.423121e-02 2.285417e-04 1.294059e-04 4.071768e-04 4.713435e-04 7.605392e-04
1.429401e-02 2.286244e-04 1.273097e-04 4.218221e-04 4.681071e-04 7.845172e-04
1.435689e-02 2.287045e-04 1.247519e-04 4.348018e-04 4.631749e-04 8.092757e-04
1.441980e-02 2.287304e-04 1.227955e-04 4.477738e-04 4.600567e-04 8.313805e-04
1.448261e-02 2.282111e-04 1.199510e-04 4.587073e-04 4.542082e-04 8.523454e-04
1.454538e-02 2.280597e-04 1.169905e-04 4.715908e-04 4.495046e-04 8.754440e-04
1.460822e-02 2.279613e-04 1.142604e-04 4.834168e-04 4.445840e-04 8.968651e-04
1.467115e-02 2.272015e-04 1.108579e-04 4.934220e-04 4.380037e-04 9.160237e-04
1.473401e-02 2.267071e-04 1.076174e-04 5.030124e-04 4.321360e-04 9.341298e-04
1.479676e-02 2.260840e-04 1.039361e-04 5.126598e-04 4.250398e-04 9.535024e-04
1.485961e-02 2.257541e-04 1.005108e-04 5.232876e-04 4.195236e-04 9.721922e-04
1.492239e-02 2.246018e-04 9.673846e-05 5.301163e-04 4.117842e-04 9.868428e-04
1.498506e-02 2.238967e-04 9.273672e-05 5.389241e-04 4.047981e-04 1.003414e-03
1.504789e-02 2.232296e-04 8.948436e-05 5.466634e-04 3.989937e-04 1.017284e-03
1.511078e-02 2.221244e-04 8.514681e-05 5.536849e-04 3.904228e-04 1.032153e-03
1.517364e-02 2.210506e-04 8.114774e-05 5.585835e-04 3.825015e-04 1.042930e-03
1.523654e-02 2.200462e-04 7.727482e-05 5.651380e-04 3.753518e-04 1.054973e-03
1.529942e-02 2.190646e-04 7.329000e-05 5.705428e-04 3.673108e-04 1.066655e-03
1.536235e-02 2.178760e-04 6.929339e-05 5.753406e-04 3.598598e-04 1.075682e-03
1.542517e-02 2.165144e-04 6.513496e-05 5.790825e-04 3.508056e-04 1.084406e-03
1.548789e-02 2.152997e-04 6.150819e-05 5.821960e-04 3.436220e-04 1.090797e-03
1.555076e-02 2.139624e-04 5.757574e-05 5.855298e-04 3.351806e-04 1.097903e-03
1.561359e-02 2.125101e-04 5.375359e-05 5.874830e-04 3.265206e-04 1.103163e-03
1.567632e-02 2.110247e-04 4.989236e-05 5.897872e-04 3.186976e-04 1.107493e-03
1.573917e-02 2.094905e-04 4.631461e-05 5.906479e-04 3.098022e-04 1.111139e-03
1.580208e-02 2.079190e-04 4.275891e-05 5.916570e-04 3.021172e-04 1.113333e-03
1.586491e-02 2.062730e-04 3.915213e-05 5.912437e-04 2.927540e-04 1.114982e-03
1.592764e-02 2.046730e-04 3.573600e-05 5.908699e-04 2.843646e-04 1.116099e-03
1.599049e-02 2.027719e-04 3.260880e-05 5.900042e-04 2.765301e-04 1.115065e-03
1.605344e-02 2.009185e-04 2.910363e-05 5.878001e-04 2.666626e-04 1.114016e-03
1.624590e-02 1.950382e-04 1.592046e-05 5.815375e-04 2.449439e-04 1.115825e-03
1.642530e-02 1.884333e-04 7.681137e-06 5.678144e-04 2.190291e-04 1.098587e-03
1.660477e-02 1.815544e-04 7.534720e-07 5.503882e-04 1.933807e-04 1.076183e-03
1.678430e-02 1.746404e-04 -6.499019e-06 5.346026e-04 1.687957e-04 1.053639e-03
1.696359e-02 1.666710e-04 -1.282033e-05 5.123965e-04 1.447223e-04 1.021474e-03
1.714294e-02 1.589446e-04 -1.863636e-05 4.884209e-04 1.208187e-04 9.876084e-04
1.732202e-02 1.506941e-04 -2.426747e-05 4.635217e-04 9.877928e-05 9.496111e-04
1.750141e-02 1.428576e-04 -2.959069e-05 4.383342e-04 7.807485e-05 9.106440e-04
1.768181e-02 1.347256e-04 -3.416320e-05 4.108965e-04 5.838328e-05 8.676503e-04
1.786131e-02 1.264841e-04 -3.777103e-05 3.820089e-04 4.132767e-05 8.200406e-04
1.804025e-02 1.190462e-04 -4.125953e-05 3.559376e-04 2.620331e-05 7.756099e-04
1.822032e-02 1.112311e-04 -4.355808e-05 3.286259e-04 1.293862e-05 7.271056e-04
1.839987e-02 1.038811e-04 -4.511052e-05 3.003287e-04 1.387437e-06 6.776002e-04
1.857923e-02 9.685663e-05 -4.600846e-05 2.732101e-04 -8.397148e-06 6.290318e-04
1.875889e-02 8.980200e-05 -4.595707e-05 2.466285e-04 -1.627671e-05 5.793420e-04
1.893827e-02 8.336408e-05 -4.531570e-05 2.201255e-04 -2.270315e-05 5.320274e-04
1.911768e-02 7.685724e-05 -4.425619e-05 1.943541e-04 -2.837416e-05 4.839390e-04
1.929737e-02 7.076469e-05 -4.276660e-05 1.696988e-04 -3.257968e-05 4.386996e-04
1.947670e-02 6.512540e-05 -4.073829e-05 1.463593e-04 -3.541070e-05 3.959318e-04
1.965601e-02 5.958191e-05 -3.880586e-05 1.246162e-04 -3.824551e-05 3.552197e-04
1.983541e-02 5.450439e-05 -3.627099e-05 1.035098e-04 -3.899718e-05 3.166057e-04
2.001489e-02 4.983871e-05 -3.391132e-05 8.449006e-05 -4.004265e-05 2.807677e-04
2.019468e-02 4.548195e-05 -3.113047e-05 6.753237e-05 -3.880628e-05 2.482501e-04
2.037444e-02 4.162780e-05 -2.846668e-05 5.204600e-05 -3.769241e-05 2.185700e-04
2.055417e-02 3.805037e-05 -2.564685e-05 3.840934e-05 -3.559809e-05 1.913219e-04
2.073390e-02 3.489625e-05 -2.253222e-05 2.616474e-05 -3.212784e-05 1.668430e-04
2.091338e-02 3.204549e-05 -1.976054e-05 1.621578e-05 -2.886477e-05 1.452025e-04
2.109302e-02 2.961647e-05 -1.674955e-05 7.294065e-06 -2.457148e-05 1.260888e-04
2.127237e-02 2.740107e-05 -1.378708e-05 3.207503e-07 -1.995435e-05 1.094760e-04
2.145116e-02 2.566328e-05 -1.095362e-05 -5.569970e-06 -1.497369e-05 9.556447e-05
2.163077e-02 2.412879e-05 -8.267146e-06 -9.672855e-06 -9.994781e-06 8.414044e-05
2.181049e-02 2.291271e-05 -5.675808e-06 -1.278235e-05 -4.828248e-06 7.468761e-05
2.198999e-02 2.198703e-05 -3.197634e-06 -1.485113e-05 2.887718e-07 6.762476e-05
2.216980e-02 2.130298e-05 -1.071121e-06 -1.536352e-05 5.056618e-06 6.278154e-05
2.234970e-02 2.085995e-05 1.119384e-06 -1.523018e-05 1.009822e-05 5.952117e-05
2.252980e-02 2.057748e-05 2.960200e-06 -1.394821e-05 1.455013e-05 5.816316e-05
2.270853e-02 2.061495e-05 4.610073e-06 -1.194646e-05 1.867407e-05 5.881605e-05
2.288717e-02 2.061263e-05 6.187294e-06 -9.203630e-06 2.265360e-05 6.021369e-05
2.306686e-02 2.093016e-05 7.466938e-06 -5.880097e-06 2.613063e-05 6.344756e-05
2.324649e-02 2.123757e-05 8.624123e-06 -2.172284e-06 2.922260e-05 6.740592e-05
2.342617e-02 2.175767e-05 9.527272e-06 1.998538e-06 3.184123e-05 7.273170e-05
2.360560e-02 2.220441e-05 1.032717e-05 6.586934e-06 3.420185e-05 7.837375e-05
2.378549e-02 2.276328e-05 1.087481e-05 1.104648e-05 3.592651e-05 8.470061e-05
2.396571e-02 2.334117e-05 1.126081e-05 1.600863e-05 3.734193e-05 9.159397e-05
2.414482e-02 2.392505e-05 1.145285e-05 2.067828e-05 3.823732e-05 9.864063e-05
2.432376e-02 2.444509e-05 1.154215e-05 2.567766e-05 3.891277e-05 1.055967e-04
2.450343e-02 2.494916e-05 1.134812e-05 3.018545e-05 3.889867e-05 1.126059e-04
2.468304e-02 2.546819e-05 1.111469e-05 3.468038e-05 3.882498e-05 1.194619e-04
2.486245e-02 2.588532e-05 1.070952e-05 3.899350e-05 3.831306e-05 1.259803e-04
2.504187e-02 2.627887e-05 1.021771e-05 4.294411e-05 3.749581e-05 1.322347e-04
2.522156e-02 2.651551e-05 9.576176e-06 4.662857e-05 3.643547e-05 1.375406e-04
2.540110e-02 2.679112e-05 8.847396e-06 4.963974e-05 3.493838e-05 1.427190e-04
2.558029e-02 2.691764e-05 8.077105e-06 5.258337e-05 3.355463e-05 1.470038e-04
2.575992e-02 2.694764e-05 7.177791e-06 5.501587e-05 3.172057e-05 1.506206e-04
2.593954e-02 2.693937e-05 6.215258e-06 5.671135e-05 2.952364e-05 1.535983e-04
2.611933e-02 2.682355e-05 5.258405e-06 5.825048e-05 2.760993e-05 1.556818e-04
2.629913e-02 2.664650e-05 4.241455e-06 5.923390e-05 2.528037e-05 1.571611e-04
2.647853e-02 2.637035e-05 3.202111e-06 5.971830e-05 2.291728e-05 1.577443e-04
2.665812e-02 2.600835e-05 2.165914e-06 5.973377e-05 2.050871e-05 1.574602e-04
2.683805e-02 2.563257e-05 1.160296e-06 5.943560e-05 1.809226e-05 1.567425e-04
2.701719e-02 2.512689e-05 1.340542e-07 5.857824e-05 1.554731e-05 1.549548e-04
2.719620e-02 2.462966e-05 -7.580827e-07 5.757313e-05 1.314280e-05 1.528659e-04
2.737553e-02 2.401501e-05 -1.689218e-06 5.596696e-05 1.073816e-05 1.497772e-04
2.755538e-02 2.336591e-05 -2.473165e-06 5.413108e-05 8.408584e-06 1.461439e-04
2.773538e-02 2.267322e-05 -3.214120e-06 5.194696e-05 6.196403e-06 1.420339e-04
2.791455e-02 2.195169e-05 -3.859308e-06 4.951505e-05 4.107003e-06 1.374395e-04
2.809381e-02 2.117711e-05 -4.425788e-06 4.693618e-05 2.109137e-06 1.324725e-04
2.827308e-02 2.037179e-05 -4.868471e-06 4.381192e-05 3.396217e-07 1.268509e-04
2.845277e-02 1.949735e-05 -5.294798e-06 4.088412e-05 -1.409056e-06 1.210382e-04
2.863250e-02 1.864774e-05 -5.613633e-06 3.770402e-05 -2.897499e-06 1.150936e-04
2.881166e-02 1.775514e-05 -5.862536e-06 3.437253e-05 -4.275642e-06 1.087874e-04
2.899137e-02 1.688020e-05 -6.050532e-06 3.094970e-05 -5.471877e-06 1.024311e-04
2.917126e-02 1.599870e-05 -6.154524e-06 2.760671e-05 -6.456534e-06 9.604297e-05
2.935071e-02 1.514240e-05 -6.212652e-06 2.426055e-05 -7.318938e-06 8.968779e-05
2.953030e-02 1.428236e-05 -6.211699e-06 2.105294e-05 -7.954189e-06 8.334632e-05
2.970997e-02 1.346270e-05 -6.126747e-06 1.785688e-05 -8.427369e-06 7.710479e-05
2.988940e-02 1.266831e-05 -5.984394e-06 1.476591e-05 -8.706688e-06 7.100190e-05
3.006874e-02 1.190218e-05 -5.767867e-06 1.188024e-05 -8.803934e-06 6.510176e-05
3.024815e-02 1.119482e-05 -5.512373e-06 9.222319e-06 -8.733684e-06 5.957033e-05
3.042767e-02 1.051014e-05 -5.206188e-06 6.581958e-06 -8.557421e-06 5.416965e-05
3.060744e-02 9.891445e-06 -4.779021e-06 4.156869e-06 -8.119675e-06 4.913829e-05
3.078708e-02 9.279370e-06 -4.394623e-06 2.058216e-06 -7.673792e-06 4.442722e-05
3.096646e-02 8.753047e-06 -3.939789e-06 7.976732e-08 -7.054033e-06 4.016633e-05
3.114600e-02 8.255280e-06 -3.467186e-06 -1.675248e-06 -6.362910e-06 3.622423e-05
3.132546e-02 7.800374e-06 -2.984955e-06 -3.215314e-06 -5.610593e-06 3.270182e-05
3.150520e-02 7.391213e-06 -2.495525e-06 -4.449741e-06 -4.777548e-06 2.957425e-05
3.168484e-02 7.033574e-06 -2.008770e-06 -5.455551e-06 -3.883594e-06 2.688184e-05
3.186375e-02 6.732716e-06 -1.522412e-06 -6.271899e-06 -2.976873e-06 2.461893e-05
3.204302e-02 6.479867e-06 -1.064806e-06 -6.831601e-06 -2.065453e-06 2.281323e-05
3.222277e-02 6.279722e-06 -5.968229e-07 -7.162439e-06 -1.073049e-06 2.135102e-05
3.240259e-02 6.115679e-06 -1.575621e-07 -7.257467e-06 -1.299818e-07 2.030255e-05
3.258186e-02 6.002796e-06 2.667563e-07 -7.148043e-06 8.374398e-07 1.963168e-05
3.276123e-02 5.930411e-06 6.606306e-07 -6.887986e-06 1.743952e-06 1.932486e-05
3.294133e-02 5.897723e-06 1.048119e-06 -6.419860e-06 2.674513e-06 1.932579e-05
3.312088e-02 5.886718e-06 1.388795e-06 -5.774758e-06 3.526133e-06 1.961044e-05
3.330035e-02 5.925889e-06 1.703962e-06 -5.033648e-06 4.334052e-06 2.023409e-05
3.347992e-02 5.973745e-06 1.987426e-06 -4.141175e-06 5.076035e-06 2.103462e-05
3.365971e-02 6.052376e-06 2.235227e-06 -3.153718e-06 5.761594e-06 2.210182e-05
3.383927e-02 6.157404e-06 2.440006e-06 -2.104217e-06 6.346783e-06 2.335283e-05
3.401835e-02 6.253904e-06 2.608145e-06 -9.207335e-07 6.877170e-06 2.471685e-05
3.419757e-02 6.382903e-06 2.735454e-06 2.359511e-07 7.296048e-06 2.626206e-05
3.437723e-02 6.511293e-06 2.837269e-06 1.465964e-06 7.673956e-06 2.783613e-05
3.455683e-02 6.663095e-06 2.875404e-06 2.675942e-06 7.902649e-06 2.959174e-05
3.473619e-02 6.787809e-06 2.899079e-06 3.906442e-06 8.090230e-06 3.122797e-05
3.491584e-02 6.932106e-06 2.873745e-06 5.128854e-06 8.205168e-06 3.299120e-05
3.509556e-02 7.062625e-06 2.814004e-06 6.294756e-06 8.192042e-06 3.466874e-05
3.527533e-02 7.182444e-06 2.729887e-06 7.438635e-06 8.138483e-06 3.628584e-05
3.545456e-02 7.304934e-06 2.604432e-06 8.451129e-06 7.978917e-06 3.785695e-05
3.563370e-02 7.396426e-06 2.456777e-06 9.506819e-06 7.782902e-06 3.927620e-05
3.581332e-02 7.486859e-06 2.281656e-06 1.036217e-05 7.490707e-06 4.059118e-05
3.599287e-02 7.558546e-06 2.085703e-06 1.119491e-05 7.148096e-06 4.177764e-05
3.617240e-02 7.614637e-06 1.872567e-06 1.193484e-05 6.770079e-06 4.282474e-05
3.635196e-02 7.647426e-06 1.644331e-06 1.256367e-05 6.326319e-06 4.367102e-05
3.653161e-02 7.663630e-06 1.405526e-06 1.304181e-05 5.821741e-06 4.432192e-05
3.671117e-02 7.665447e-06 1.159827e-06 1.340247e-05 5.309520e-06 4.481015e-05
3.689084e-02 7.642450e-06 9.131492e-07 1.373203e-05 4.763669e-06 4.513816e-05
3.707056e-02 7.591002e-06 6.643572e-07 1.388309e-05 4.195093e-06 4.520006e-05
3.724984e-02 7.528619e-06 4.160410e-07 1.394933e-05 3.606008e-06 4.513534e-05
3.742914e-02 7.435702e-06 1.806478e-07 1.382996e-05 3.016359e-06 4.477732e-05
3.760871e-02 7.334555e-06 -5.804435e-08 1.373449e-05 2.411537e-06 4.439546e-05
3.778826e-02 7.197659e-06 -2.706895e-07 1.343395e-05 1.829023e-06 4.368108e-05
3.796764e-02 7.056298e-06 -4.878793e-07 1.303798e-05 1.230607e-06 4.287426e-05
3.814709e-02 6.892288e-06 -6.787990e-07 1.257573e-05 6.839934e-07 4.188752e-05
3.832696e-02 6.706500e-06 -8.733717e-07 1.207269e-05 1.215293e-07 4.077498e-05
3.850665e-02 6.511830e-06 -1.038272e-06 1.145558e-05 -3.933715e-07 3.951748e-05
3.868582e-02 6.297437e-06 -1.189250e-06 1.076095e-05 -8.742902e-07 3.809475e-05
3.886530e-02 6.081887e-06 -1.320127e-06 1.002358e-05 -1.315569e-06 3.661788e-05
3.904481e-02 5.853410e-06 -1.436223e-06 9.255871e-06 -1.711876e-06 3.504716e-05
3.922441e-02 5.620883e-06 -1.533751e-06 8.454032e-06 -2.077217e-06 3.340839e-05
3.940396e-02 5.382511e-06 -1.607425e-06 7.599110e-06 -2.383418e-06 3.169139e-05
3.958316e-02 5.144070e-06 -1.658802e-06 6.763417e-06 -2.625587e-06 2.995580e-05
3.976287e-02 4.909783e-06 -1.694572e-06 5.902809e-06 -2.844199e-06 2.821449e-05
3.994250e-02 4.667290e-06 -1.700452e-06 5.017948e-06 -2.976695e-06 2.639278e-05
4.012200e-02 4.436663e-06 -1.695404e-06 4.179180e-06 -3.091170e-06 2.466086e-05
4.030171e-02 4.208884e-06 -1.668688e-06 3.348727e-06 -3.135546e-06 2.291387e-05
4.048123e-02 3.986190e-06 -1.618443e-06 2.528336e-06 -3.132799e-06 2.119372e-05
4.066058e-02 3.782081e-06 -1.560372e-06 1.745981e-06 -3.102722e-06 1.958425e-05
4.084001e-02 3.573674e-06 -1.482940e-06 1.028975e-06 -3.017422e-06 1.798721e-05
4.101966e-02 3.388682e-06 -1.389040e-06 3.247838e-07 -2.896650e-06 1.650116e-05
4.119937e-02 3.212226e-06 -1.286852e-06 -3.095311e-07 -2.735984e-06 1.510692e-05
4.137874e-02 3.048884e-06 -1.169585e-06 -8.925774e-07 -2.549523e-06 1.379438e-05
4.155813e-02 2.899506e-06 -1.045856e-06 -1.396491e-06 -2.332634e-06 1.261139e-05
4.173777e-02 2.764181e-06 -9.104808e-07 -1.841754e-06 -2.085870e-06 1.153370e-05
4.191752e-02 2.647712e-06 -7.721229e-07 -2.230844e-06 -1.817514e-06 1.058674e-05
4.209699e-02 2.543686e-06 -6.226217e-07 -2.537754e-06 -1.523723e-06 9.763961e-06
4.227635e-02 2.450056e-06 -4.723906e-07 -2.772460e-06 -1.226385e-06 9.045706e-06
4.245594e-02 2.373950e-06 -3.199392e-07 -2.938416e-06 -9.096230e-07 8.474595e-06
4.263530e-02 2.315949e-06 -1.702386e-07 -3.046485e-06 -5.829397e-07 8.034774e-06
4.281442e-02 2.267574e-06 -2.250716e-08 -3.082382e-06 -2.622097e-07 7.706005e-06
4.299392e-02 2.227771e-06 1.238115e-07 -3.042266e-06 6.973490e-08 7.490502e-06
4.317364e-02 2.206959e-06 2.588137e-07 -2.950929e-06 3.815713e-07 7.405137e-06
4.335324e-02 2.199323e-06 3.912502e-07 -2.814131e-06 7.015868e-07 7.429681e-06
4.353285e-02 2.200807e-06 5.093887e-07 -2.611490e-06 9.975581e-07 7.555048e-06
4.371256e-02 2.210273e-06 6.174380e-07 -2.347818e-06 1.277909e-06 7.776754e-06
4.389237e-02 2.229480e-06 7.171114e-07 -2.042799e-06 1.550248e-06 8.075769e-06
4.407181e-02 2.262942e-06 8.040504e-07 -1.707735e-06 1.791468e-06 8.473274e-06
4.425100e-02 2.301025e-06 8.792308e-07 -1.342330e-06 2.020493e-06 8.926469e-06
4.443069e-02 2.343738e-06 9.403683e-07 -9.245563e-07 2.212310e-06 9.444149e-06
4.461032e-02 2.394215e-06 9.922729e-07 -5.028346e-07 2.389880e-06 1.000855e-05
4.478953e-02 2.446828e-06 1.031345e-06 -5.193716e-08 2.536115e-06 1.061398e-05
4.496901e-02 2.508022e-06 1.057734e-06 3.875904e-07 2.651309e-06 1.125755e-05
4.514874e-02 2.561209e-06 1.069998e-06 8.515456e-07 2.742553e-06 1.189172e-05
4.532821e-02 2.627088e-06 1.071247e-06 1.306437e-06 2.796321e-06 1.258013e-05
4.550745e-02 2.681831e-06 1.061806e-06 1.756587e-06 2.829101e-06 1.322475e-05
4.568707e-02 2.740916e-06 1.039566e-06 2.184931e-06 2.825740e-06 1.387551e-05
4.586694e-02 2.795666e-06 1.005854e-06 2.605507e-06 2.796118e-06 1.450208e-05
4.617836e-02 2.873961e-06 8.827798e-07 3.258289e-06 2.805983e-06 1.548613e-05
4.680927e-02 3.012714e-06 6.409385e-07 4.375700e-06 2.336528e-06 1.718746e-05
4.743756e-02 3.023829e-06 3.490993e-07 4.989604e-06 1.702077e-06 1.792662e-05
4.806661e-02 2.977218e-06 2.748985e-08 5.088246e-06 9.110653e-07 1.797304e-05
4.869280e-02 2.814758e-06 -2.564512e-07 4.714525e-06 1.875648e-07 1.706860e-05
4.931779e-02 2.581335e-06 -4.986425e-07 4.006491e-06 -4.705796e-07 1.552986e-05
4.994581e-02 2.290242e-06 -6.394158e-07 2.957776e-06 -9.198348e-07 1.337055e-05
5.057480e-02 1.995178e-06 -6.944012e-07 1.786468e-06 -1.186613e-06 1.104314e-05
5.120302e-02 1.703017e-06 -6.546979e-07 6.709496e-07 -1.242480e-06 8.726348e-06
5.183209e-02 1.434224e-06 -5.265554e-07 -2.725510e-07 -1.049508e-06 6.629567e-06
5.246116e-02 1.246475e-06 -3.499671e-07 -9.735044e-07 -7.369537e-07 5.108737e-06
5.308896e-02 1.119566e-06 -1.444303e-07 -1.337320e-06 -3.059759e-07 4.126434e-06
5.371721e-02 1.056886e-06 5.514187e-08 -1.379120e-06 1.557896e-07 3.729876e-06
5.434780e-02 1.059304e-06 2.271099e-07 -1.087271e-06 5.834064e-07 3.901122e-06
5.497604e-02 1.118878e-06 3.505672e-07 -6.003769e-07 9.251872e-07 4.527790e-06
5.560013e-02 1.197153e-06 4.156447e-07 1.397248e-08 1.115178e-06 5.371416e-06
5.622954e-02 1.291568e-06 4.197067e-07 6.869003e-07 1.178632e-06 6.368955e-06
5.686173e-02 1.370847e-06 3.634213e-07 1.284000e-06 1.083994e-06 7.275506e-06
5.748940e-02 1.416769e-06 2.616185e-07 1.743768e-06 8.730089e-07 7.930124e-06
5.811669e-02 1.423134e-06 1.278919e-07 1.984961e-06 5.892656e-07 8.239322e-06
5.874554e-02 1.393731e-06 -1.239369e-08 2.036756e-06 2.722901e-07 8.210491e-06
5.937282e-02 1.321585e-06 -1.473380e-07 1.846891e-06 -5.294545e-08 7.776964e-06
6.000021e-02 1.215523e-06 -2.452770e-07 1.490423e-06 -3.045315e-07 7.015402e-06
6.062750e-02 1.094911e-06 -3.113778e-07 1.022465e-06 -5.002715e-07 6.078639e-06
6.125597e-02 9.659498e-07 -3.276500e-07 4.841172e-07 -5.892979e-07 5.028375e-06
6.188682e-02 8.370891e-07 -2.970012e-07 -1.997290e-08 -5.734099e-07 3.983343e-06
6.251462e-02 7.319776e-07 -2.358948e-07 -4.542777e-07 -4.683601e-07 3.110940e-06
6.314049e-02 6.536148e-07 -1.470063e-07 -7.430711e-07 -2.948129e-07 2.460350e-06
6.377015e-02 5.998779e-07 -4.868699e-08 -8.660406e-07 -8.017557e-08 2.063063e-06
6.439971e-02 5.886652e-07 5.496187e-08 -8.472992e-07 1.492778e-07 1.985765e-06
6.502803e-02 5.999381e-07 1.388488e-07 -6.698796e-07 3.517862e-07 2.158202e-06
6.565852e-02 6.364098e-07 2.004710e-07 -3.833357e-07 5.108719e-07 2.549267e-06
6.628652e-02 6.830033e-07 2.283803e-07 -3.515896e-08 5.956172e-07 3.053352e-06
6.691319e-02 7.341410e-07 2.253979e-07 3.184173e-07 6.153862e-07 3.597672e-06
6.754195e-02 7.788044e-07 1.924030e-07 6.420676e-07 5.616902e-07 4.093156e-06
6.816923e-02 8.073159e-07 1.332696e-07 8.814290e-07 4.467489e-07 4.445457e-06
6.879707e-02 8.184044e-07 6.418182e-08 1.020460e-06 2.912160e-07 4.634602e-06
6.942589e-02 8.054817e-07 -8.818559e-09 1.034354e-06 1.178939e-07 4.606917e-06
7.005350e-02 7.698099e-07 -7.932205e-08 9.393889e-07 -6.157873e-08 4.381370e-06
7.068149e-02 7.154607e-07 -1.318205e-07 7.500709e-07 -2.018001e-07 3.986463e-06
7.131092e-02 6.480870e-07 -1.652004e-07 5.001299e-07 -2.981715e-07 3.468373e-06
7.194060e-02 5.748578e-07 -1.779618e-07 2.143348e-07 -3.495429e-07 2.888477e-06
7.256947e-02 5.058171e-07 -1.661657e-07 -6.147220e-08 -3.416774e-07 2.321288e-06
7.319738e-02 4.452817e-07 -1.334751e-07 -2.927906e-07 -2.859627e-07 1.822273e-06
7.382604e-02 4.001667e-07 -8.686075e-08 -4.614034e-07 -1.959893e-07 1.447069e-06
7.445392e-02 3.704489e-07 -3.235778e-08 -5.455228e-07 -8.457556e-08 1.215662e-06
7.507965e-02 3.582171e-07 2.195814e-08 -5.442559e-07 3.473219e-08 1.142484e-06
7.570782e-02 3.589869e-07 6.776614e-08 -4.574470e-07 1.448579e-07 1.206291e-06
7.633697e-02 3.745757e-07 1.004205e-07 -3.158091e-07 2.311138e-07 1.389115e-06
7.696614e-02 3.963131e-07 1.167330e-07 -1.357839e-07 2.838984e-07 1.639742e-06
7.759521e-02 4.214337e-07 1.171977e-07 5.161364e-08 3.005547e-07 1.917114e-06
7.822404e-02 4.441823e-07 9.874261e-08 2.180715e-07 2.733941e-07 2.169351e-06
7.885455e-02 4.600053e-07 6.923556e-08 3.493805e-07 2.174989e-07 2.357622e-06
7.948034e-02 4.668222e-07 3.398970e-08 4.207637e-07 1.362511e-07 2.454343e-06
8.010544e-02 4.590006e-07 -2.516094e-09 4.400454e-07 4.471126e-08 2.440179e-06
8.168049e-02 3.932551e-07 -7.225495e-08 2.302753e-07 -1.359650e-07 1.976825e-06
8.345709e-02 2.905018e-07 -6.972160e-08 -1.165694e-07 -1.575766e-07 1.200961e-06
8.524436e-02 2.366948e-07 -3.948853e-09 -2.869622e-07 -3.576955e-09 7.725172e-07
8.704550e-02 2.514072e-07 6.140490e-08 -1.275034e-07 1.499703e-07 9.512549e-07
8.884478e-02 2.914439e-07 5.337585e-08 1.624558e-07 1.433314e-07 1.388973e-06
9.064103e-02 2.930662e-07 -6.575486e-09 2.723545e-07 7.871559e-09 1.500084e-06
9.243897e-02 2.452556e-07 -5.196189e-08 1.229540e-07 -1.068996e-07 1.156185e-06
9.423607e-02 1.821160e-07 -4.648868e-08 -1.224956e-07 -1.080601e-07 6.489415e-07
9.603871e-02 1.508951e-07 -1.998230e-10 -2.217178e-07 -1.369737e-09 3.964164e-07
9.782410e-02 1.616851e-07 3.772780e-08 -1.142264e-07 8.893693e-08 5.267843e-07
9.961474e-02 1.848974e-07 3.182487e-08 5.885483e-08 7.848812e-08 7.833382e-07
1.014127e-01 1.863337e-07 -2.813508e-09 1.219209e-07 -2.270276e-11 8.541873e-07
1.031985e-01 1.556928e-07 -3.089011e-08 2.967465e-08 -6.334332e-08 6.432768e-07
1.049957e-01 1.241714e-07 -2.340688e-08 -1.060609e-07 -4.983604e-08 3.676190e-07
1.067952e-01 1.143844e-07 7.981622e-09 -1.363541e-07 1.894653e-08 2.796371e-07
1.085930e-01 1.285526e-07 3.012892e-08 -3.618383e-08 6.987556e-08 4.224880e-07
1.103885e-01 1.440789e-07 1.959651e-08 8.300184e-08 5.422701e-08 6.065905e-07
1.121821e-01 1.435086e-07 -9.096082e-09 1.071687e-07 -8.242291e-09 6.291491e-07
1.139837e-01 1.219635e-07 -2.569962e-08 1.604577e-08 -5.259132e-08 4.547548e-07
1.157853e-01 9.324056e-08 -2.266659e-09 8.246646e-09 -6.814242e-10 3.940790e-07
1.239691e-01 7.095199e-08 -1.724828e-09 6.275338e-09 -5.185341e-10 2.998769e-07
1.327314e-01 5.399137e-08 -1.312519e-09 4.775258e-09 -3.945818e-10 2.281932e-07
1.421129e-01 4.108507e-08 -9.987698e-10 3.633763e-09 -3.002595e-10 1.736451e-07
1.521576e-01 3.126395e-08 -7.600202e-10 2.765135e-09 -2.284844e-10 1.321363e-07
1.629123e-01 2.379050e-08 -5.783422e-10 2.104147e-09 -1.738666e-10 1.005500e-07
1.744270e-01 1.810353e-08 -4.400931e-10 1.601164e-09 -1.323049e-10 7.651414e-08
1.867557e-01 1.377600e-08 -3.348917e-10 1.218416e-09 -1.006783e-10 5.822392e-08
1.999558e-01 1.048293e-08 -2.548379e-10 9.271612e-10 -7.661176e-11 4.430586e-08
2.140888e-01 7.977053e-09 -1.939205e-10 7.055292e-10 -5.829820e-11 3.371483e-08
2.292208e-01 6.070189e-09 -1.475651e-10 5.368769e-10 -4.436239e-11 2.565551e-08
2.454224e-01 4.619149e-09 -1.122906e-10 4.085399e-10 -3.375784e-11 1.952272e-08
2.627691e-01 3.514970e-09 -8.544821e-11 3.108810e-10 -2.568824e-11 1.485594e-08
2.813418e-01 2.674739e-09 -6.502236e-11 2.365669e-10 -1.954763e-11 1.130472e-08
3.012273e-01 2.035360e-09 -4.947918e-11 1.800171e-10 -1.487489e-11 8.602399e-09
3.225183e-01 1.548820e-09 -3.765149e-11 1.369851e-10 -1.131914e-11 6.546050e-09
3.453142e-01 1.178584e-09 -2.865114e-11 1.042397e-10 -8.613374e-12 4.981258e-09
3.697214e-01 8.968511e-10 -2.180227e-11 7.932185e-11 -6.554402e-12 3.790520e-09
3.958536e-01 6.824645e-10 -1.659057e-11 6.036047e-11 -4.987613e-12 2.884420e-09
4.238329e-01 5.193257e-10 -1.262470e-11 4.593168e-11 -3.795356e-12 2.194918e-09
4.537898e-01 3.951842e-10 -9.606847e-12 3.495200e-11 -2.888100e-12 1.670237e-09
4.858641e-01 3.007179e-10 -7.310391e-12 2.659695e-11 -2.197718e-12 1.270977e-09
5.202054e-01 2.288332e-10 -5.562888e-12 2.023912e-11 -1.672368e-12 9.671581e-10
5.569740e-01 1.741321e-10 -4.233115e-12 1.540108e-11 -1.272599e-12 7.359651e-10
5.963415e-01 1.325069e-10 -3.221216e-12 1.171955e-11 -9.683920e-13 5.600373e-10
6.384914e-01 1.008320e-10 -2.451204e-12 8.918067e-12 -7.369040e-13 4.261639e-10
6.836206e-01 7.672872e-11 -1.865260e-12 6.786260e-12 -5.607518e-13 3.242921e-10
7.319396e-01 5.838720e-11 -1.419381e-12 5.164047e-12 -4.267076e-13 2.467722e-10
7.836737e-01 4.443011e-11 -1.080087e-12 3.929614e-12 -3.247059e-13 1.877828e-10
8.390645e-01 3.380938e-11 -8.218990e-13 2.990265e-12 -2.470870e-13 1.428945e-10
8.983704e-01 2.572746e-11 -6.254293e-13 2.275461e-12 -1.880224e-13 1.087365e-10
9.618680e-01 1.957747e-11 -4.759244e-13 1.731526e-12 -1.430768e-13 8.274373e-11
1.029854e+00 1.489760e-11 -3.621577e-13 1.317616e-12 -1.088752e-13 6.296436e-11
1.102645e+00 1.133642e-11 -2.755862e-13 1.002648e-12 -8.284929e-14 4.791313e-11
1.180581e+00 8.626524e-12 -2.097090e-13 7.629715e-13 -6.304469e-14 3.645980e-11
1.264025e+00 6.564408e-12 -1.595794e-13 5.805880e-13 -4.797426e-14 2.774432e-11
1.353368e+00 4.995228e-12 -1.214330e-13 4.418021e-13 -3.650632e-14 2.111221e-11
1.449025e+00 3.801150e-12 -9.240519e-14 3.361921e-13 -2.777971e-14 1.606547e-11
1.551443e+00 2.892509e-12 -7.031631e-14 2.558275e-13 -2.113915e-14 1.222512e-11
1.661101e+00 2.201073e-12 -5.350764e-14 1.946736e-13 -1.608597e-14 9.302785e-12
1.778509e+00 1.674921e-12 -4.071698e-14 1.481381e-13 -1.224072e-14 7.079013e-12
1.904216e+00 1.274541e-12 -3.098384e-14 1.127266e-13 -9.314653e-15 5.386820e-12
2.038807e+00 9.698704e-13 -2.357735e-14 8.578003e-14 -7.088044e-15 4.099134e-12
2.182912e+00 7.380290e-13 -1.794134e-14 6.527486e-14 -5.393692e-15 3.119262e-12
2.337203e+00 5.616079e-13 -1.365257e-14 4.967132e-14 -4.104364e-15 2.373622e-12
2.502398e+00 4.273590e-13 -1.038901e-14 3.779770e-14 -3.123242e-15 1.806223e-12
2.679270e+00 3.252016e-13 -7.905584e-15 2.876240e-14 -2.376651e-15 1.374457e-12
2.868643e+00 2.474642e-13 -6.015804e-15 2.188693e-14 -1.808527e-15 1.045902e-12
3.071402e+00 1.883094e-13 -4.577764e-15 1.665500e-14 -1.376210e-15 7.958855e-13
3.288491e+00 1.432953e-13 -3.483479e-15 1.267373e-14 -1.047236e-15 6.056341e-13
3.520925e+00 1.090414e-13 -2.650775e-15 9.644153e-15 -7.969008e-16 4.608611e-13
3.769787e+00 8.297577e-14 -2.017124e-15 7.338779e-15 -6.064067e-16 3.506952e-13
4.036239e+00 6.314094e-14 -1.534943e-15 5.584491e-15 -4.614490e-16 2.668637e-13
4.321524e+00 4.804750e-14 -1.168025e-15 4.249553e-15 -3.511426e-16 2.030716e-13
4.626973e+00 3.656205e-14 -8.888159e-16 3.233725e-15 -2.672042e-16 1.545286e-13
4.954012e+00 2.782212e-14 -6.763501e-16 2.460723e-15 -2.033307e-16 1.175895e-13
5.304166e+00 2.117142e-14 -5.146729e-16 1.872503e-15 -1.547258e-16 8.948051e-14
5.679070e+00 1.611053e-14 -3.916436e-16 1.424893e-15 -1.177396e-16 6.809076e-14
6.080472e+00 1.225941e-14 -2.980237e-16 1.084281e-15 -8.959467e-17 5.181409e-14
6.510245e+00 9.328873e-15 -2.267830e-16 8.250907e-16 -6.817763e-17 3.942826e-14
6.970395e+00 7.098865e-15 -1.725720e-16 6.278580e-16 -5.188020e-17 3.000319e-14
7.463069e+00 5.401926e-15 -1.313197e-16 4.777725e-16 -3.947857e-17 2.283111e-14
7.990566e+00 4.110630e-15 -9.992858e-17 3.635640e-16 -3.004146e-17 1.737348e-14
8.555347e+00 3.128010e-15 -7.604128e-17 2.766563e-16 -2.286024e-17 1.322046e-14
9.160046e+00 2.380279e-15 -5.786410e-17 2.105234e-16 -1.739565e-17 1.006019e-14
9.807487e+00 1.811288e-15 -4.403205e-17 1.601991e-16 -1.323733e-17 7.655368e-15
1.050069e+01 1.378311e-15 -3.350647e-17 1.219045e-16 -1.007303e-17 5.825400e-15
1.124289e+01 1.048835e-15 -2.549696e-17 9.276402e-17 -7.665134e-18 4.432875e-15
1.203755e+01 7.981174e-16 -1.940207e-17 7.058937e-17 -5.832832e-18 3.373225e-15
1.288837e+01 6.073325e-16 -1.476413e-17 5.371543e-17 -4.438531e-18 2.566877e-15
1.379933e+01 4.621535e-16 -1.123486e-17 4.087510e-17 -3.377528e-18 1.953281e-15
1.477468e+01 3.516786e-16 -8.549236e-18 3.110416e-17 -2.570151e-18 1.486362e-15
1.581897e+01 2.676121e-16 -6.505595e-18 2.366891e-17 -1.955773e-18 1.131056e-15
1.693707e+01 2.036411e-16 -4.950474e-18 1.801101e-17 -1.488258e-18 8.606844e-16
1.813420e+01 1.549620e-16 -3.767095e-18 1.370559e-17 -1.132499e-18 6.549432e-16
1.941594e+01 1.179193e-16 -2.866594e-18 1.042935e-17 -8.617824e-19 4.983832e-16
2.078828e+01 8.973145e-17 -2.181353e-18 7.936284e-18 -6.557788e-19 3.792479e-16
2.225761e+01 6.828171e-17 -1.659915e-18 6.039165e-18 -4.990190e-19 2.885911e-16
2.383080e+01 5.195940e-17 -1.263122e-18 4.595541e-18 -3.797317e-19 2.196052e-16
2.551518e+01 3.953884e-17 -9.611810e-19 3.497006e-18 -2.889592e-19 1.671100e-16
2.731862e+01 3.008733e-17 -7.314168e-19 2.661069e-18 -2.198854e-19 1.271634e-16
2.924952e+01 2.289514e-17 -5.565762e-19 2.024957e-18 -1.673232e-19 9.676578e-17
3.131691e+01 1.742220e-17 -4.235302e-19 1.540904e-18 -1.273256e-19 7.363453e-17
3.353042e+01 1.325754e-17 -3.222880e-19 1.172561e-18 -9.688923e-20 5.603266e-17
3.590038e+01 1.008841e-17 -2.452471e-19 8.922675e-19 -7.372847e-20 4.263841e-17
3.843785e+01 7.676836e-18 -1.866223e-19 6.789766e-19 -5.610415e-20 3.244597e-17
4.115467e+01 5.841737e-18 -1.420114e-19 5.166715e-19 -4.269281e-20 2.468997e-17
4.406352e+01 4.445307e-18 -1.080645e-19 3.931645e-19 -3.248736e-20 1.878799e-17
4.717797e+01 3.382684e-18 -8.223237e-20 2.991810e-19 -2.472146e-20 1.429684e-17
5.051255e+01 2.574075e-18 -6.257524e-20 2.276637e-19 -1.881195e-20 1.087927e-17
5.408283e+01 1.958759e-18 -4.761703e-20 1.732421e-19 -1.431508e-20 8.278648e-18
5.790545e+01 1.490530e-18 -3.623448e-20 1.318297e-19 -1.089315e-20 6.299690e-18
6.199826e+01 1.134228e-18 -2.757286e-20 1.003166e-19 -8.289210e-21 4.793789e-18
6.638036e+01 8.630981e-19 -2.098174e-20 7.633657e-20 -6.307727e-21 3.647864e-18
7.107219e+01 6.567800e-19 -1.596619e-20 5.808880e-20 -4.799904e-21 2.775865e-18
7.609563e+01 4.997809e-19 -1.214957e-20 4.420304e-20 -3.652518e-21 2.112312e-18
8.147414e+01 3.803114e-19 -9.245293e-21 3.363658e-20 -2.779406e-21 1.607377e-18
8.723281e+01 2.894004e-19 -7.035264e-21 2.559597e-20 -2.115007e-21 1.223144e-18
9.339851e+01 2.202210e-19 -5.353529e-21 1.947742e-20 -1.609428e-21 9.307591e-19
1.000000e+02 1.675786e-19 -4.073802e-21 1.482146e-20 -1.224704e-21 7.082670e-19
