# k [h/Mpc], q0, q1/i, q2, q3/i, q4
1.000000e-06 2.722426e+09 8.154857e+07 -6.241950e+05 7.847443e+06 -1.752843e+09
1.489784e-06 2.722426e+09 8.154857e+07 -6.241950e+05 7.847443e+06 -1.752843e+09
2.219456e-06 2.722426e+09 8.154857e+07 -6.241950e+05 7.847443e+06 -1.752843e+09
3.306511e-06 2.722426e+09 8.154857e+07 -6.241950e+05 7.847443e+06 -1.752843e+09
4.925987e-06 2.722426e+09 8.154857e+07 -6.241950e+05 7.847443e+06 -1.752843e+09
7.338656e-06 2.722426e+09 8.154857e+07 -6.241950e+05 7.847443e+06 -1.752843e+09
1.093301e-05 2.722426e+09 8.154857e+07 -6.241950e+05 7.847443e+06 -1.752843e+09
1.628783e-05 2.722426e+09 8.154857e+07 -6.241950e+05 7.847443e+06 -1.752843e+09
2.426534e-05 2.722426e+09 8.154857e+07 -6.241950e+05 7.847443e+06 -1.752843e+09
3.615012e-05 2.722426e+09 8.154857e+07 -6.241950e+05 7.847443e+06 -1.752843e+09
5.385587e-05 2.722426e+09 8.154857e+07 -6.241950e+05 7.847443e+06 -1.752843e+09
1.034961e-04 2.716717e+09 1.564034e+08 -2.943251e+05 -3.675910e+05 1.741758e+08
1.650345e-04 2.704122e+09 2.482514e+08 9.242864e+02 -2.451073e+06 2.074425e+08
2.219461e-04 2.687734e+09 3.317027e+08 -1.184172e+06 2.151225e+06 -7.890134e+07
2.831569e-04 2.664649e+09 4.194727e+08 -1.143645e+06 1.332282e+06 4.167691e+07
3.481074e-04 2.634423e+09 5.096947e+08 -1.310983e+06 2.622489e+06 5.726173e+07
4.078467e-04 2.602938e+09 5.836551e+08 -1.781378e+07 9.295845e+06 -4.669386e+07
4.685721e-04 2.562677e+09 6.702198e+08 6.648510e+06 1.007467e+07 7.809775e+06
5.344152e-04 2.516564e+09 7.471713e+08 -2.111668e+05 1.570478e+07 1.515444e+07
5.979215e-04 2.467522e+09 8.164539e+08 -4.691336e+06 2.241734e+07 -7.878761e+06
6.594309e-04 2.414996e+09 8.812226e+08 -2.629622e+06 3.058150e+07 -2.648740e+07
7.211547e-04 2.358636e+09 9.407412e+08 9.224277e+04 3.829134e+07 1.816321e+07
7.842715e-04 2.298131e+09 9.936256e+08 -5.861854e+05 4.872070e+07 -1.029789e+07
8.480725e-04 2.232812e+09 1.042917e+09 3.072031e+06 6.227542e+07 -1.925480e+07
9.105595e-04 2.165211e+09 1.086223e+09 9.556059e+06 7.529541e+07 -2.502372e+07
9.726731e-04 2.097384e+09 1.119891e+09 1.220028e+07 9.006740e+07 -2.727383e+07
1.035373e-03 2.025713e+09 1.149791e+09 1.927392e+07 1.076899e+08 -1.838462e+07
1.098784e-03 1.952616e+09 1.171206e+09 2.446202e+07 1.250672e+08 -5.023016e+07
1.161586e-03 1.878450e+09 1.187775e+09 3.313529e+07 1.455843e+08 -4.374639e+07
1.224174e-03 1.803667e+09 1.197356e+09 4.205910e+07 1.678870e+08 -6.517284e+07
1.288412e-03 1.726090e+09 1.202269e+09 5.455307e+07 1.900963e+08 -6.105166e+07
1.351080e-03 1.651398e+09 1.198545e+09 6.434144e+07 2.167869e+08 -9.764541e+07
1.412291e-03 1.577085e+09 1.192816e+09 7.952375e+07 2.407607e+08 -9.479829e+07
1.475368e-03 1.502855e+09 1.179474e+09 9.403227e+07 2.662454e+08 -1.062753e+08
1.538515e-03 1.427762e+09 1.162986e+09 1.119041e+08 2.915175e+08 -1.172475e+08
1.601338e-03 1.357214e+09 1.137673e+09 1.250695e+08 3.265817e+08 -1.601201e+08
1.665074e-03 1.284173e+09 1.111922e+09 1.456314e+08 3.558610e+08 -1.681172e+08
1.728027e-03 1.214039e+09 1.083799e+09 1.673451e+08 3.808293e+08 -1.698376e+08
1.789887e-03 1.148001e+09 1.048948e+09 1.858152e+08 4.166960e+08 -2.059441e+08
1.852570e-03 1.082986e+09 1.013889e+09 2.088903e+08 4.402729e+08 -2.150166e+08
1.915088e-03 1.021505e+09 9.738571e+08 2.283971e+08 4.774866e+08 -2.475054e+08
1.978019e-03 9.592600e+08 9.349475e+08 2.539024e+08 5.016064e+08 -2.553506e+08
2.041684e-03 9.016071e+08 8.906558e+08 2.750320e+08 5.380844e+08 -2.888072e+08
2.104726e-03 8.464823e+08 8.477955e+08 2.992259e+08 5.642293e+08 -3.030211e+08
2.167060e-03 7.938401e+08 8.039643e+08 3.224396e+08 5.926756e+08 -3.263799e+08
2.229921e-03 7.443705e+08 7.596388e+08 3.454385e+08 6.212309e+08 -3.453566e+08
2.292794e-03 6.969882e+08 7.151653e+08 3.687448e+08 6.460209e+08 -3.659428e+08
2.355230e-03 6.534250e+08 6.712842e+08 3.897659e+08 6.746455e+08 -3.882617e+08
2.418331e-03 6.118422e+08 6.276579e+08 4.115179e+08 6.984288e+08 -4.086997e+08
2.481215e-03 5.723828e+08 5.851952e+08 4.331436e+08 7.185169e+08 -4.243865e+08
2.543891e-03 5.366808e+08 5.445613e+08 4.514607e+08 7.428708e+08 -4.434558e+08
2.607003e-03 5.017783e+08 5.042539e+08 4.713479e+08 7.587805e+08 -4.566541e+08
2.669740e-03 4.699066e+08 4.664883e+08 4.884829e+08 7.762885e+08 -4.688196e+08
2.732628e-03 4.421492e+08 4.300163e+08 5.032193e+08 7.930981e+08 -4.878639e+08
2.796013e-03 4.140919e+08 3.951736e+08 5.185036e+08 8.049195e+08 -4.958331e+08
2.858795e-03 3.885912e+08 3.633742e+08 5.300127e+08 8.167887e+08 -5.043021e+08
2.920959e-03 3.670554e+08 3.327179e+08 5.415239e+08 8.243772e+08 -5.143470e+08
2.983535e-03 3.449360e+08 3.048361e+08 5.505987e+08 8.308692e+08 -5.177848e+08
3.046449e-03 3.255434e+08 2.777859e+08 5.589023e+08 8.341285e+08 -5.210928e+08
3.109435e-03 3.065830e+08 2.540624e+08 5.641003e+08 8.358155e+08 -5.196519e+08
3.172429e-03 2.915151e+08 2.326459e+08 5.657519e+08 8.381354e+08 -5.275882e+08
3.235378e-03 2.759393e+08 2.116694e+08 5.698119e+08 8.345696e+08 -5.215140e+08
3.298350e-03 2.610600e+08 1.936214e+08 5.689544e+08 8.297412e+08 -5.168532e+08
3.361502e-03 2.480798e+08 1.760453e+08 5.693702e+08 8.223727e+08 -5.077039e+08
3.424034e-03 2.359236e+08 1.618398e+08 5.653266e+08 8.142436e+08 -5.009274e+08
3.486610e-03 2.251514e+08 1.490194e+08 5.601510e+08 8.046056e+08 -4.929596e+08
3.549533e-03 2.144725e+08 1.362694e+08 5.555035e+08 7.917750e+08 -4.781389e+08
3.612035e-03 2.048256e+08 1.276447e+08 5.446157e+08 7.791459e+08 -4.712963e+08
3.674842e-03 1.956334e+08 1.164981e+08 5.397237e+08 7.629140e+08 -4.494769e+08
3.737743e-03 1.871470e+08 1.092378e+08 5.279575e+08 7.469255e+08 -4.369268e+08
3.800817e-03 1.786883e+08 1.009343e+08 5.190258e+08 7.281194e+08 -4.158259e+08
3.863693e-03 1.715126e+08 9.579378e+07 5.050573e+08 7.106918e+08 -4.020017e+08
3.926624e-03 1.637619e+08 8.956575e+07 4.933584e+08 6.897225e+08 -3.803880e+08
3.989691e-03 1.572015e+08 8.477980e+07 4.802094e+08 6.700397e+08 -3.611310e+08
4.052279e-03 1.503393e+08 8.012660e+07 4.664630e+08 6.480838e+08 -3.398900e+08
4.115276e-03 1.443273e+08 7.590167e+07 4.531840e+08 6.272001e+08 -3.182739e+08
4.178091e-03 1.381231e+08 7.261832e+07 4.380396e+08 6.049969e+08 -2.979595e+08
4.240529e-03 1.321147e+08 6.891429e+07 4.240450e+08 5.818196e+08 -2.752112e+08
4.303566e-03 1.268661e+08 6.595270e+07 4.091612e+08 5.605153e+08 -2.544565e+08
4.366473e-03 1.210119e+08 6.285985e+07 3.943707e+08 5.366540e+08 -2.324723e+08
4.429136e-03 1.164330e+08 6.026927e+07 3.805725e+08 5.167413e+08 -2.124416e+08
4.491804e-03 1.112826e+08 5.682191e+07 3.674753e+08 4.927432e+08 -1.883609e+08
4.554524e-03 1.065410e+08 5.481182e+07 3.520276e+08 4.722236e+08 -1.709981e+08
4.617696e-03 1.019195e+08 5.205352e+07 3.386028e+08 4.507127e+08 -1.508032e+08
4.680743e-03 9.743387e+07 4.928354e+07 3.254620e+08 4.289177e+08 -1.305729e+08
4.743600e-03 9.344734e+07 4.684705e+07 3.126708e+08 4.094008e+08 -1.125962e+08
4.806460e-03 8.914226e+07 4.425960e+07 2.997562e+08 3.890941e+08 -9.543954e+07
4.869182e-03 8.559967e+07 4.205199e+07 2.877515e+08 3.714923e+08 -8.003543e+07
4.931803e-03 8.199419e+07 3.924661e+07 2.773081e+08 3.519877e+08 -6.191375e+07
4.994544e-03 7.847400e+07 3.699806e+07 2.659076e+08 3.348875e+08 -4.842189e+07
5.057296e-03 7.515083e+07 3.462939e+07 2.551644e+08 3.178192e+08 -3.465945e+07
5.120127e-03 7.198036e+07 3.239207e+07 2.448937e+08 3.021704e+08 -2.290404e+07
5.183244e-03 6.916492e+07 3.017671e+07 2.357266e+08 2.864091e+08 -9.944193e+06
5.246213e-03 6.630297e+07 2.804655e+07 2.265240e+08 2.717496e+08 5.978579e+05
5.308940e-03 6.379162e+07 2.613267e+07 2.180858e+08 2.580485e+08 1.067799e+07
5.371705e-03 6.114483e+07 2.420378e+07 2.093548e+08 2.449362e+08 1.856828e+07
5.434764e-03 5.872783e+07 2.228502e+07 2.015208e+08 2.318808e+08 2.741566e+07
5.497589e-03 5.667420e+07 2.095471e+07 1.941602e+08 2.209764e+08 3.356957e+07
5.560094e-03 5.434863e+07 1.917244e+07 1.866048e+08 2.090973e+08 4.006328e+07
5.623090e-03 5.247462e+07 1.794414e+07 1.800098e+08 1.991207e+08 4.524590e+07
5.686167e-03 5.055214e+07 1.673867e+07 1.733179e+08 1.889096e+08 5.020487e+07
5.748863e-03 4.872785e+07 1.550807e+07 1.671105e+08 1.792809e+08 5.464594e+07
5.811791e-03 4.685762e+07 1.461807e+07 1.603381e+08 1.707759e+08 5.628845e+07
5.874636e-03 4.529767e+07 1.367669e+07 1.549748e+08 1.618365e+08 6.079411e+07
5.937271e-03 4.368381e+07 1.311771e+07 1.489440e+08 1.546229e+08 6.154885e+07
6.000058e-03 4.211253e+07 1.239476e+07 1.434243e+08 1.467115e+08 6.369697e+07
6.062729e-03 4.064532e+07 1.187009e+07 1.380960e+08 1.397085e+08 6.488576e+07
6.125517e-03 3.920370e+07 1.155626e+07 1.327686e+08 1.329815e+08 6.570494e+07
6.188708e-03 3.781287e+07 1.100573e+07 1.278209e+08 1.261320e+08 6.700687e+07
6.251555e-03 3.634846e+07 1.089223e+07 1.222528e+08 1.204370e+08 6.571970e+07
6.314077e-03 3.509569e+07 1.056194e+07 1.177993e+08 1.142517e+08 6.687860e+07
6.377058e-03 3.377271e+07 1.043122e+07 1.129735e+08 1.088069e+08 6.633018e+07
6.440009e-03 3.247404e+07 1.028947e+07 1.081939e+08 1.034956e+08 6.564065e+07
6.502812e-03 3.121160e+07 1.010462e+07 1.036102e+08 9.814775e+07 6.533051e+07
6.565726e-03 2.998477e+07 1.003802e+07 9.925337e+07 9.348141e+07 6.437160e+07
6.628521e-03 2.878616e+07 9.905667e+06 9.489266e+07 8.863067e+07 6.375518e+07
6.691272e-03 2.756255e+07 9.807418e+06 9.053594e+07 8.415917e+07 6.247978e+07
6.754176e-03 2.641172e+07 9.689654e+06 8.641093e+07 7.975522e+07 6.161677e+07
6.816888e-03 2.527873e+07 9.540591e+06 8.253980e+07 7.559383e+07 6.072826e+07
6.879625e-03 2.419845e+07 9.379432e+06 7.881245e+07 7.176506e+07 5.964005e+07
6.942449e-03 2.309503e+07 9.196703e+06 7.492343e+07 6.776062e+07 5.850322e+07
7.005248e-03 2.198821e+07 9.023195e+06 7.110777e+07 6.417567e+07 5.694965e+07
7.068136e-03 2.100571e+07 8.756473e+06 6.789337e+07 6.063332e+07 5.615842e+07
7.131053e-03 2.001162e+07 8.503032e+06 6.453106e+07 5.728932e+07 5.498457e+07
7.194010e-03 1.902268e+07 8.220780e+06 6.122694e+07 5.408669e+07 5.359932e+07
7.256902e-03 1.808405e+07 7.929031e+06 5.807724e+07 5.093337e+07 5.238749e+07
7.319748e-03 1.721752e+07 7.580235e+06 5.534423e+07 4.819854e+07 5.122091e+07
7.382611e-03 1.634095e+07 7.232851e+06 5.239404e+07 4.530136e+07 4.997531e+07
7.445306e-03 1.551959e+07 6.895889e+06 4.975441e+07 4.283567e+07 4.858604e+07
7.507906e-03 1.468140e+07 6.503658e+06 4.703717e+07 4.012088e+07 4.720482e+07
7.570818e-03 1.400206e+07 6.131153e+06 4.490456e+07 3.807651e+07 4.604886e+07
7.633721e-03 1.323481e+07 5.736778e+06 4.240816e+07 3.572004e+07 4.463328e+07
7.696586e-03 1.258637e+07 5.371902e+06 4.025720e+07 3.367854e+07 4.331281e+07
7.759492e-03 1.190793e+07 4.965001e+06 3.812963e+07 3.163419e+07 4.192362e+07
7.822382e-03 1.129902e+07 4.592234e+06 3.613936e+07 2.980248e+07 4.052859e+07
7.885469e-03 1.073393e+07 4.237180e+06 3.431840e+07 2.813974e+07 3.912241e+07
7.948044e-03 1.018625e+07 3.884986e+06 3.251717e+07 2.651636e+07 3.773567e+07
8.010528e-03 9.700002e+06 3.550183e+06 3.094875e+07 2.507236e+07 3.632478e+07
8.073516e-03 9.184868e+06 3.228196e+06 2.921855e+07 2.357057e+07 3.487926e+07
8.136423e-03 8.741214e+06 2.942037e+06 2.771205e+07 2.230615e+07 3.338232e+07
8.199228e-03 8.304718e+06 2.651756e+06 2.621114e+07 2.097753e+07 3.200904e+07
8.262023e-03 7.923534e+06 2.404144e+06 2.492628e+07 1.988122e+07 3.061083e+07
8.324981e-03 7.526159e+06 2.150949e+06 2.350486e+07 1.870359e+07 2.916774e+07
8.388025e-03 7.164406e+06 1.958289e+06 2.224495e+07 1.772215e+07 2.770437e+07
8.450798e-03 6.845364e+06 1.770984e+06 2.105418e+07 1.679927e+07 2.631957e+07
8.513424e-03 6.523599e+06 1.590996e+06 1.990737e+07 1.583315e+07 2.501663e+07
8.576219e-03 6.218118e+06 1.440596e+06 1.874242e+07 1.496186e+07 2.360783e+07
8.639099e-03 5.929097e+06 1.319140e+06 1.764648e+07 1.414303e+07 2.227740e+07
8.701941e-03 5.668580e+06 1.202237e+06 1.666373e+07 1.336086e+07 2.103469e+07
8.764716e-03 5.420233e+06 1.110347e+06 1.567975e+07 1.264175e+07 1.981053e+07
8.827545e-03 5.158981e+06 1.019747e+06 1.467061e+07 1.187079e+07 1.854862e+07
8.890404e-03 4.931952e+06 9.625781e+05 1.374027e+07 1.121609e+07 1.737640e+07
8.953189e-03 4.715314e+06 9.013135e+05 1.288530e+07 1.054429e+07 1.631332e+07
9.016039e-03 4.496383e+06 8.620419e+05 1.200796e+07 9.932893e+06 1.518395e+07
9.078883e-03 4.294110e+06 8.198643e+05 1.116701e+07 9.289337e+06 1.417290e+07
9.141797e-03 4.094070e+06 7.924784e+05 1.036705e+07 8.709168e+06 1.316987e+07
9.204714e-03 3.916330e+06 7.745654e+05 9.640097e+06 8.159375e+06 1.228792e+07
9.267500e-03 3.725752e+06 7.506227e+05 8.886671e+06 7.584981e+06 1.137065e+07
9.330389e-03 3.553813e+06 7.377870e+05 8.173808e+06 7.053391e+06 1.054305e+07
9.393353e-03 3.390330e+06 7.260711e+05 7.532111e+06 6.558347e+06 9.772574e+06
9.456033e-03 3.226400e+06 7.121230e+05 6.873555e+06 6.040280e+06 9.040682e+06
9.518699e-03 3.071204e+06 7.131341e+05 6.292029e+06 5.613150e+06 8.330104e+06
9.581480e-03 2.919018e+06 6.950955e+05 5.690141e+06 5.121241e+06 7.676800e+06
9.644431e-03 2.781623e+06 6.933370e+05 5.162079e+06 4.702786e+06 7.103138e+06
9.707436e-03 2.643679e+06 6.831621e+05 4.644014e+06 4.282264e+06 6.547937e+06
9.770160e-03 2.507128e+06 6.725219e+05 4.151659e+06 3.883012e+06 6.007259e+06
9.832865e-03 2.384331e+06 6.656835e+05 3.716095e+06 3.529062e+06 5.547171e+06
9.895597e-03 2.264681e+06 6.532985e+05 3.265990e+06 3.146967e+06 5.093829e+06
9.958595e-03 2.145175e+06 6.438459e+05 2.887296e+06 2.836687e+06 4.676803e+06
1.002149e-02 2.032072e+06 6.284784e+05 2.497415e+06 2.507913e+06 4.276520e+06
1.008410e-02 1.928906e+06 6.168499e+05 2.165992e+06 2.222361e+06 3.939085e+06
1.014702e-02 1.829435e+06 6.060542e+05 1.836223e+06 1.952467e+06 3.611879e+06
1.020999e-02 1.732378e+06 5.881807e+05 1.537883e+06 1.689286e+06 3.302729e+06
1.027280e-02 1.639161e+06 5.734981e+05 1.266341e+06 1.462726e+06 3.020173e+06
1.033567e-02 1.552096e+06 5.567859e+05 1.014480e+06 1.243743e+06 2.760073e+06
1.039854e-02 1.470674e+06 5.429531e+05 7.899164e+05 1.053720e+06 2.524176e+06
1.046130e-02 1.394124e+06 5.260538e+05 5.745181e+05 8.727548e+05 2.303360e+06
1.052408e-02 1.318712e+06 5.088584e+05 3.860416e+05 7.114938e+05 2.094662e+06
1.058689e-02 1.247491e+06 4.918168e+05 2.145574e+05 5.726657e+05 1.898957e+06
1.064973e-02 1.184703e+06 4.760107e+05 5.803370e+04 4.375061e+05 1.736982e+06
1.071266e-02 1.122379e+06 4.587735e+05 -9.044408e+04 3.215786e+05 1.569578e+06
1.077552e-02 1.063864e+06 4.411903e+05 -2.068107e+05 2.257676e+05 1.422428e+06
1.083829e-02 1.009783e+06 4.247114e+05 -3.205873e+05 1.367803e+05 1.283561e+06
1.090115e-02 9.587864e+05 4.075118e+05 -4.204555e+05 5.950909e+04 1.159767e+06
1.096400e-02 9.124878e+05 3.920806e+05 -5.074534e+05 -5.407712e+03 1.045146e+06
1.102688e-02 8.675419e+05 3.743666e+05 -5.805918e+05 -5.963210e+04 9.369986e+05
1.108967e-02 8.258679e+05 3.582471e+05 -6.436809e+05 -1.057421e+05 8.438372e+05
1.115232e-02 7.881137e+05 3.413013e+05 -6.977263e+05 -1.436326e+05 7.556485e+05
1.121507e-02 7.544030e+05 3.256320e+05 -7.411388e+05 -1.708470e+05 6.832394e+05
1.127797e-02 7.222815e+05 3.106485e+05 -7.768932e+05 -1.948700e+05 6.139677e+05
1.134099e-02 6.929671e+05 2.936479e+05 -8.035350e+05 -2.116215e+05 5.557179e+05
1.140372e-02 6.657199e+05 2.783903e+05 -8.217643e+05 -2.226498e+05 5.034769e+05
1.146650e-02 6.426889e+05 2.634889e+05 -8.338351e+05 -2.284013e+05 4.608174e+05
1.152952e-02 6.213480e+05 2.488920e+05 -8.394256e+05 -2.313300e+05 4.283258e+05
1.159236e-02 6.015640e+05 2.341337e+05 -8.364427e+05 -2.296097e+05 3.995917e+05
1.165521e-02 5.850869e+05 2.204242e+05 -8.279909e+05 -2.230122e+05 3.802825e+05
1.171802e-02 5.702979e+05 2.069992e+05 -8.156001e+05 -2.155672e+05 3.648733e+05
1.178091e-02 5.576957e+05 1.944937e+05 -7.962884e+05 -2.056417e+05 3.631434e+05
1.184377e-02 5.469276e+05 1.823122e+05 -7.734473e+05 -1.932062e+05 3.623680e+05
1.190645e-02 5.375390e+05 1.702329e+05 -7.425213e+05 -1.768427e+05 3.685351e+05
1.196918e-02 5.306265e+05 1.600131e+05 -7.109694e+05 -1.611416e+05 3.818825e+05
1.203205e-02 5.243088e+05 1.496789e+05 -6.745161e+05 -1.442456e+05 4.007043e+05
1.209494e-02 5.210554e+05 1.412623e+05 -6.352075e+05 -1.258406e+05 4.283822e+05
1.215771e-02 5.179573e+05 1.320524e+05 -5.915343e+05 -1.055355e+05 4.553021e+05
1.222054e-02 5.156909e+05 1.252953e+05 -5.455844e+05 -8.557722e+04 4.931419e+05
1.228344e-02 5.158423e+05 1.186984e+05 -4.973866e+05 -6.622584e+04 5.341023e+05
1.234640e-02 5.156387e+05 1.127702e+05 -4.448035e+05 -4.402631e+04 5.771898e+05
1.240915e-02 5.181004e+05 1.086821e+05 -3.945405e+05 -2.326390e+04 6.292167e+05
1.247184e-02 5.186238e+05 1.035889e+05 -3.361509e+05 -5.115705e+01 6.777316e+05
1.253470e-02 5.225382e+05 1.014878e+05 -2.830911e+05 1.946250e+04 7.379221e+05
1.259754e-02 5.258852e+05 9.841456e+04 -2.239122e+05 4.093761e+04 7.990275e+05
1.266036e-02 5.292466e+05 9.699862e+04 -1.643479e+05 6.378916e+04 8.593772e+05
1.272320e-02 5.328655e+05 9.676396e+04 -1.047097e+05 8.668033e+04 9.248445e+05
1.278608e-02 5.382928e+05 9.586579e+04 -4.613908e+04 1.051297e+05 9.947841e+05
1.284892e-02 5.431923e+05 9.700174e+04 1.393678e+04 1.281769e+05 1.066255e+06
1.291183e-02 5.478733e+05 9.735919e+04 7.540951e+04 1.466897e+05 1.140013e+06
1.297477e-02 5.525150e+05 9.903855e+04 1.365870e+05 1.696258e+05 1.211049e+06
1.303751e-02 5.575301e+05 1.006862e+05 1.975950e+05 1.887287e+05 1.290352e+06
1.310022e-02 5.636273e+05 1.028983e+05 2.567616e+05 2.080181e+05 1.365810e+06
1.316309e-02 5.665017e+05 1.056295e+05 3.176815e+05 2.284413e+05 1.442576e+06
1.322594e-02 5.728553e+05 1.073472e+05 3.776071e+05 2.462148e+05 1.522423e+06
1.328870e-02 5.774027e+05 1.109223e+05 4.345146e+05 2.652651e+05 1.603092e+06
1.335152e-02 5.816736e+05 1.142890e+05 4.927301e+05 2.845094e+05 1.678974e+06
1.341448e-02 5.862838e+05 1.162574e+05 5.514325e+05 3.003739e+05 1.761870e+06
1.347734e-02 5.892362e+05 1.195958e+05 6.073447e+05 3.201954e+05 1.837882e+06
1.354004e-02 5.936754e+05 1.225595e+05 6.611925e+05 3.367433e+05 1.912698e+06
1.360289e-02 5.969663e+05 1.250915e+05 7.163236e+05 3.538544e+05 1.992335e+06
1.366571e-02 6.008076e+05 1.277889e+05 7.695118e+05 3.695683e+05 2.069217e+06
1.372857e-02 6.033944e+05 1.300820e+05 8.217177e+05 3.865183e+05 2.143543e+06
1.379141e-02 6.054554e+05 1.326748e+05 8.687392e+05 4.011852e+05 2.214264e+06
1.385412e-02 6.085991e+05 1.342596e+05 9.221305e+05 4.171595e+05 2.289526e+06
1.391702e-02 6.101375e+05 1.360480e+05 9.677835e+05 4.321833e+05 2.358733e+06
1.397990e-02 6.124314e+05 1.378499e+05 1.012062e+06 4.454605e+05 2.423958e+06
1.404272e-02 6.133839e+05 1.389900e+05 1.057517e+06 4.607800e+05 2.490587e+06
1.410560e-02 6.149037e+05 1.393650e+05 1.101346e+06 4.740896e+05 2.555732e+06
1.416843e-02 6.157868e+05 1.404399e+05 1.142428e+06 4.869882e+05 2.615524e+06
1.423121e-02 6.162536e+05 1.409116e+05 1.180487e+06 5.001284e+05 2.674768e+06
1.429401e-02 6.166290e+05 1.406147e+05 1.221128e+06 5.118836e+05 2.729685e+06
1.435689e-02 6.167885e+05 1.396006e+05 1.255733e+06 5.222432e+05 2.785766e+06
1.441980e-02 6.170296e+05 1.400169e+05 1.291654e+06 5.350791e+05 2.835460e+06
1.448261e-02 6.159559e+05 1.390487e+05 1.320671e+06 5.442207e+05 2.879464e+06
1.454538e-02 6.157457e+05 1.372797e+05 1.354968e+06 5.548615e+05 2.929167e+06
1.460822e-02 6.155769e+05 1.364105e+05 1.385835e+06 5.645043e+05 2.973136e+06
1.467115e-02 6.136023e+05 1.344893e+05 1.411530e+06 5.723190e+05 3.010100e+06
1.473401e-02 6.126487e+05 1.329186e+05 1.436613e+06 5.805755e+05 3.043923e+06
1.479676e-02 6.111855e+05 1.304706e+05 1.460377e+06 5.869363e+05 3.079917e+06
1.485961e-02 6.102980e+05 1.283086e+05 1.487026e+06 5.947567e+05 3.114743e+06
1.492239e-02 6.077141e+05 1.260344e+05 1.503868e+06 6.003098e+05 3.137470e+06
1.498506e-02 6.059425e+05 1.230759e+05 1.524777e+06 6.050690e+05 3.165485e+06
1.504789e-02 6.044529e+05 1.217087e+05 1.543562e+06 6.130486e+05 3.186630e+06
1.511078e-02 6.017458e+05 1.182795e+05 1.559697e+06 6.147164e+05 3.208819e+06
1.517364e-02 5.992112e+05 1.156662e+05 1.570028e+06 6.175550e+05 3.220519e+06
1.523654e-02 5.967026e+05 1.132110e+05 1.584929e+06 6.217680e+05 3.236008e+06
1.529942e-02 5.942609e+05 1.106119e+05 1.596249e+06 6.232188e+05 3.250118e+06
1.536235e-02 5.915230e+05 1.079959e+05 1.606180e+06 6.262899e+05 3.257345e+06
1.542517e-02 5.879941e+05 1.051599e+05 1.613014e+06 6.248001e+05 3.263632e+06
1.548789e-02 5.851479e+05 1.033253e+05 1.618446e+06 6.277742e+05 3.264511e+06
1.555076e-02 5.816047e+05 1.011822e+05 1.624161e+06 6.269556e+05 3.266323e+06
1.561359e-02 5.779998e+05 9.889046e+04 1.626062e+06 6.253875e+05 3.264153e+06
1.567632e-02 5.744165e+05 9.676942e+04 1.629236e+06 6.252968e+05 3.260123e+06
1.573917e-02 5.702047e+05 9.518512e+04 1.628142e+06 6.227217e+05 3.253319e+06
1.580208e-02 5.664502e+05 9.365264e+04 1.627701e+06 6.225782e+05 3.243726e+06
1.586491e-02 5.619516e+05 9.198757e+04 1.623294e+06 6.171052e+05 3.232779e+06
1.592764e-02 5.579600e+05 9.078099e+04 1.619026e+06 6.147377e+05 3.220645e+06
1.599049e-02 5.528406e+05 9.013005e+04 1.613467e+06 6.128625e+05 3.202322e+06
1.605344e-02 5.479670e+05 8.848032e+04 1.604526e+06 6.053801e+05 3.185586e+06
1.624590e-02 5.319949e+05 7.610638e+04 1.579169e+06 6.066623e+05 3.138444e+06
1.642530e-02 5.140359e+05 7.457326e+04 1.533340e+06 5.849953e+05 3.054208e+06
1.660477e-02 4.954820e+05 7.448863e+04 1.478054e+06 5.611007e+05 2.958620e+06
1.678430e-02 4.756711e+05 7.199284e+04 1.427411e+06 5.356757e+05 2.865995e+06
1.696359e-02 4.535021e+05 7.023494e+04 1.358948e+06 5.078089e+05 2.747219e+06
1.714294e-02 4.314656e+05 6.749790e+04 1.286720e+06 4.762038e+05 2.629176e+06
1.732202e-02 4.078520e+05 6.339078e+04 1.212127e+06 4.448238e+05 2.500604e+06
1.750141e-02 3.858712e+05 5.834319e+04 1.137338e+06 4.132563e+05 2.373476e+06
1.768181e-02 3.626648e+05 5.313062e+04 1.057635e+06 3.810081e+05 2.236999e+06
1.786131e-02 3.393885e+05 4.787082e+04 9.738155e+05 3.496358e+05 2.090825e+06
1.804025e-02 3.183959e+05 4.277167e+04 8.990310e+05 3.215583e+05 1.955974e+06
1.822032e-02 2.964558e+05 3.820951e+04 8.205826e+05 2.938822e+05 1.812493e+06
1.839987e-02 2.756709e+05 3.449723e+04 7.402776e+05 2.665909e+05 1.667717e+06
1.857923e-02 2.560260e+05 3.135972e+04 6.642248e+05 2.412684e+05 1.529068e+06
1.875889e-02 2.362435e+05 2.880853e+04 5.895141e+05 2.172634e+05 1.388777e+06
1.893827e-02 2.180424e+05 2.746898e+04 5.155356e+05 1.942284e+05 1.256115e+06
1.911768e-02 1.998704e+05 2.523457e+04 4.448159e+05 1.700383e+05 1.125611e+06
1.929737e-02 1.827573e+05 2.345282e+04 3.774778e+05 1.473969e+05 1.002900e+06
1.947670e-02 1.668761e+05 2.247120e+04 3.137146e+05 1.267630e+05 8.884955e+05
1.965601e-02 1.514743e+05 2.037104e+04 2.561657e+05 1.051536e+05 7.815402e+05
1.983541e-02 1.371887e+05 1.881333e+04 2.000861e+05 8.587687e+04 6.809436e+05
2.001489e-02 1.243693e+05 1.716161e+04 1.511158e+05 6.682746e+04 5.907321e+05
2.019468e-02 1.122287e+05 1.568975e+04 1.071989e+05 5.202709e+04 5.078173e+05
2.037444e-02 1.014728e+05 1.437468e+04 6.806316e+04 3.764188e+04 4.341753e+05
2.055417e-02 9.164756e+04 1.330684e+04 3.430562e+04 2.537529e+04 3.680161e+05
2.073390e-02 8.285754e+04 1.243227e+04 3.966991e+03 1.567603e+04 3.091774e+05
2.091338e-02 7.497561e+04 1.163824e+04 -1.965506e+04 7.484868e+03 2.587044e+05
2.109302e-02 6.827163e+04 1.107983e+04 -4.045908e+04 1.070333e+03 2.155125e+05
2.127237e-02 6.207420e+04 1.053040e+04 -5.643817e+04 -3.688701e+03 1.785637e+05
2.145116e-02 5.726875e+04 9.944687e+03 -6.902675e+04 -7.354224e+03 1.496865e+05
2.163077e-02 5.301845e+04 9.360281e+03 -7.716762e+04 -9.530774e+03 1.269354e+05
2.181049e-02 4.971216e+04 8.681950e+03 -8.225497e+04 -1.094471e+04 1.101005e+05
2.198999e-02 4.736157e+04 7.976001e+03 -8.420320e+04 -1.161707e+04 9.995311e+04
2.216980e-02 4.550446e+04 7.277375e+03 -8.247080e+04 -1.128123e+04 9.438279e+04
2.234970e-02 4.459201e+04 6.637186e+03 -7.848745e+04 -1.030822e+04 9.435670e+04
2.252980e-02 4.409840e+04 6.024548e+03 -7.144620e+04 -8.667730e+03 9.825875e+04
2.270853e-02 4.446923e+04 5.582113e+03 -6.295279e+04 -6.815693e+03 1.068047e+05
2.288717e-02 4.487268e+04 5.295792e+03 -5.185861e+04 -4.024229e+03 1.178789e+05
2.306686e-02 4.606727e+04 5.064721e+03 -3.985450e+04 -1.402509e+03 1.325600e+05
2.324649e-02 4.739917e+04 5.077225e+03 -2.645306e+04 1.779819e+03 1.494573e+05
2.342617e-02 4.912367e+04 5.031502e+03 -1.239544e+04 4.676363e+03 1.686382e+05
2.360560e-02 5.078283e+04 5.212284e+03 3.032378e+03 8.211696e+03 1.887670e+05
2.378549e-02 5.274287e+04 5.411837e+03 1.781681e+04 1.141578e+04 2.102762e+05
2.396571e-02 5.468203e+04 5.612936e+03 3.357432e+04 1.446743e+04 2.325104e+05
2.414482e-02 5.667735e+04 5.867797e+03 4.851167e+04 1.768353e+04 2.548395e+05
2.432376e-02 5.844904e+04 6.129213e+03 6.412779e+04 2.076254e+04 2.764741e+05
2.450343e-02 6.018395e+04 6.306342e+03 7.824265e+04 2.348013e+04 2.976167e+05
2.468304e-02 6.193850e+04 6.537229e+03 9.215377e+04 2.633087e+04 3.182593e+05
2.486245e-02 6.341630e+04 6.718501e+03 1.053735e+05 2.895720e+04 3.374524e+05
2.504187e-02 6.475772e+04 6.897999e+03 1.174248e+05 3.133104e+04 3.554350e+05
2.522156e-02 6.578036e+04 6.971656e+03 1.287516e+05 3.356566e+04 3.707594e+05
2.540110e-02 6.676240e+04 7.029734e+03 1.379866e+05 3.519553e+04 3.850792e+05
2.558029e-02 6.741307e+04 7.134184e+03 1.469727e+05 3.732937e+04 3.970194e+05
2.575992e-02 6.777114e+04 7.047436e+03 1.544493e+05 3.860838e+04 4.065944e+05
2.593954e-02 6.797100e+04 6.965423e+03 1.598008e+05 3.920838e+04 4.141202e+05
2.611933e-02 6.788133e+04 6.937103e+03 1.646692e+05 4.050580e+04 4.191549e+05
2.629913e-02 6.759503e+04 6.776108e+03 1.677990e+05 4.075866e+04 4.223621e+05
2.647853e-02 6.705422e+04 6.634405e+03 1.696207e+05 4.095933e+04 4.228890e+05
2.665812e-02 6.615289e+04 6.429336e+03 1.699988e+05 4.080369e+04 4.208012e+05
2.683805e-02 6.523419e+04 6.246191e+03 1.693113e+05 4.043204e+04 4.174802e+05
2.701719e-02 6.392100e+04 5.962946e+03 1.672139e+05 3.952675e+04 4.112744e+05
2.719620e-02 6.260901e+04 5.825952e+03 1.643633e+05 3.863784e+04 4.041680e+05
2.737553e-02 6.090937e+04 5.513584e+03 1.600225e+05 3.740583e+04 3.941372e+05
2.755538e-02 5.912065e+04 5.343224e+03 1.549528e+05 3.597512e+04 3.829041e+05
2.773538e-02 5.718233e+04 5.157862e+03 1.488665e+05 3.447400e+04 3.702098e+05
2.791455e-02 5.514997e+04 5.006820e+03 1.420551e+05 3.284309e+04 3.562751e+05
2.809381e-02 5.298736e+04 4.829332e+03 1.347332e+05 3.102749e+04 3.414304e+05
2.827308e-02 5.061494e+04 4.771591e+03 1.260740e+05 2.925139e+04 3.245193e+05
2.845277e-02 4.822043e+04 4.542541e+03 1.176932e+05 2.715413e+04 3.076820e+05
2.863250e-02 4.578558e+04 4.409963e+03 1.086556e+05 2.523070e+04 2.901224e+05
2.881166e-02 4.326857e+04 4.212966e+03 9.924757e+04 2.310027e+04 2.718757e+05
2.899137e-02 4.076969e+04 3.957355e+03 8.956003e+04 2.091694e+04 2.534857e+05
2.917126e-02 3.826274e+04 3.744906e+03 8.005020e+04 1.886719e+04 2.350347e+05
2.935071e-02 3.587422e+04 3.495433e+03 7.043932e+04 1.669864e+04 2.169138e+05
2.953030e-02 3.345205e+04 3.182528e+03 6.127422e+04 1.467361e+04 1.989621e+05
2.970997e-02 3.112301e+04 2.929587e+03 5.212131e+04 1.265827e+04 1.811976e+05
2.988940e-02 2.889790e+04 2.645879e+03 4.326926e+04 1.072965e+04 1.641328e+05
3.006874e-02 2.674176e+04 2.432690e+03 3.494369e+04 8.986150e+03 1.476121e+05
3.024815e-02 2.478120e+04 2.245220e+03 2.712457e+04 7.360423e+03 1.322331e+05
3.042767e-02 2.284178e+04 2.033406e+03 1.965747e+04 5.797515e+03 1.173403e+05
3.060744e-02 2.110111e+04 1.977703e+03 1.255838e+04 4.453667e+03 1.034297e+05
3.078708e-02 1.941735e+04 1.827908e+03 6.431944e+03 3.186953e+03 9.065465e+04
3.096646e-02 1.794275e+04 1.756295e+03 6.448794e+02 2.061098e+03 7.904431e+04
3.114600e-02 1.656394e+04 1.681110e+03 -4.477163e+03 1.015609e+03 6.846804e+04
3.132546e-02 1.532212e+04 1.588907e+03 -8.937425e+03 8.414493e+01 5.912875e+04
3.150520e-02 1.421456e+04 1.513147e+03 -1.261136e+04 -7.147154e+02 5.094882e+04
3.168484e-02 1.324520e+04 1.451530e+03 -1.565092e+04 -1.362262e+03 4.397555e+04
3.186375e-02 1.244137e+04 1.379548e+03 -1.802224e+04 -1.944310e+03 3.831761e+04
3.204302e-02 1.179041e+04 1.310482e+03 -1.974948e+04 -2.361562e+03 3.390740e+04
3.222277e-02 1.124570e+04 1.263052e+03 -2.076673e+04 -2.617129e+03 3.048425e+04
3.240259e-02 1.085523e+04 1.225266e+03 -2.122504e+04 -2.781635e+03 2.830814e+04
3.258186e-02 1.055586e+04 1.193696e+03 -2.103112e+04 -2.794868e+03 2.707137e+04
3.276123e-02 1.040830e+04 1.171044e+03 -2.037240e+04 -2.727886e+03 2.694433e+04
3.294133e-02 1.035558e+04 1.154327e+03 -1.917049e+04 -2.526526e+03 2.767477e+04
3.312088e-02 1.038090e+04 1.140513e+03 -1.748240e+04 -2.239933e+03 2.919307e+04
3.330035e-02 1.053896e+04 1.125586e+03 -1.546117e+04 -1.885509e+03 3.159654e+04
3.347992e-02 1.073036e+04 1.115781e+03 -1.299661e+04 -1.482995e+03 3.453440e+04
3.365971e-02 1.104002e+04 1.110567e+03 -1.026628e+04 -1.001003e+03 3.823006e+04
3.383927e-02 1.138121e+04 1.101541e+03 -7.283171e+03 -5.019222e+02 4.228724e+04
3.401835e-02 1.176990e+04 1.094803e+03 -4.002925e+03 3.550038e+01 4.679989e+04
3.419757e-02 1.221406e+04 1.098530e+03 -6.863226e+02 5.809399e+02 5.166211e+04
3.437723e-02 1.267488e+04 1.128855e+03 2.846262e+03 1.217220e+03 5.671187e+04
3.455683e-02 1.319372e+04 1.123837e+03 6.308028e+03 1.727505e+03 6.206340e+04
3.473619e-02 1.364961e+04 1.157645e+03 9.869896e+03 2.332304e+03 6.719331e+04
3.491584e-02 1.416731e+04 1.183841e+03 1.339255e+04 2.931481e+03 7.260891e+04
3.509556e-02 1.463361e+04 1.191384e+03 1.676459e+04 3.443961e+03 7.773807e+04
3.527533e-02 1.508114e+04 1.232746e+03 2.009980e+04 4.017615e+03 8.272211e+04
3.545456e-02 1.553315e+04 1.244360e+03 2.309790e+04 4.482568e+03 8.752998e+04
3.563370e-02 1.589594e+04 1.240381e+03 2.614993e+04 4.946150e+03 9.190577e+04
3.581332e-02 1.626048e+04 1.256800e+03 2.872380e+04 5.399205e+03 9.596033e+04
3.599287e-02 1.656303e+04 1.239307e+03 3.120583e+04 5.745355e+03 9.963474e+04
3.617240e-02 1.682603e+04 1.231365e+03 3.342639e+04 6.102849e+03 1.028985e+05
3.635196e-02 1.702680e+04 1.219975e+03 3.535263e+04 6.393056e+03 1.056018e+05
3.653161e-02 1.718088e+04 1.200179e+03 3.686125e+04 6.605143e+03 1.077517e+05
3.671117e-02 1.727807e+04 1.181850e+03 3.807082e+04 6.791139e+03 1.093843e+05
3.689084e-02 1.732377e+04 1.170058e+03 3.912517e+04 6.934905e+03 1.105938e+05
3.707056e-02 1.727912e+04 1.151880e+03 3.974493e+04 7.009939e+03 1.110399e+05
3.724984e-02 1.720940e+04 1.131654e+03 4.008582e+04 7.034429e+03 1.111411e+05
3.742914e-02 1.704759e+04 1.128365e+03 3.993068e+04 7.006002e+03 1.103910e+05
3.760871e-02 1.686645e+04 1.098251e+03 3.978742e+04 6.895612e+03 1.095751e+05
3.778826e-02 1.658199e+04 1.113608e+03 3.910688e+04 6.825060e+03 1.078020e+05
3.796764e-02 1.628317e+04 1.080643e+03 3.815562e+04 6.586259e+03 1.058171e+05
3.814709e-02 1.591561e+04 1.080419e+03 3.698088e+04 6.396845e+03 1.032385e+05
3.832696e-02 1.549676e+04 1.044776e+03 3.566992e+04 6.117884e+03 1.003949e+05
3.850665e-02 1.503801e+04 1.033794e+03 3.404249e+04 5.827154e+03 9.708519e+04
3.868582e-02 1.452692e+04 9.983127e+02 3.219087e+04 5.486736e+03 9.331451e+04
3.886530e-02 1.400712e+04 9.841664e+02 3.016925e+04 5.152321e+03 8.940501e+04
3.904481e-02 1.345140e+04 9.352872e+02 2.806767e+04 4.778063e+03 8.521517e+04
3.922441e-02 1.287365e+04 9.080916e+02 2.584578e+04 4.398144e+03 8.083811e+04
3.940396e-02 1.227907e+04 8.632198e+02 2.349666e+04 3.998269e+03 7.625255e+04
3.958316e-02 1.167363e+04 8.336638e+02 2.112586e+04 3.636342e+03 7.157370e+04
3.976287e-02 1.107944e+04 7.969906e+02 1.870894e+04 3.238115e+03 6.690800e+04
3.994250e-02 1.045890e+04 7.595858e+02 1.620617e+04 2.874469e+03 6.203179e+04
4.012200e-02 9.859011e+03 7.246182e+02 1.381228e+04 2.494861e+03 5.735272e+04
4.030171e-02 9.267031e+03 6.902757e+02 1.143145e+04 2.151202e+03 5.266099e+04
4.048123e-02 8.680554e+03 6.575067e+02 9.068957e+03 1.803169e+03 4.803874e+04
4.066058e-02 8.142341e+03 6.181402e+02 6.817344e+03 1.465162e+03 4.370661e+04
4.084001e-02 7.588965e+03 5.798418e+02 4.700309e+03 1.157882e+03 3.939700e+04
4.101966e-02 7.094413e+03 5.427799e+02 2.642498e+03 8.492972e+02 3.540717e+04
4.119937e-02 6.619200e+03 5.074251e+02 7.528849e+02 5.793486e+02 3.162845e+04
4.137874e-02 6.179750e+03 4.665976e+02 -9.855624e+02 3.011499e+02 2.811954e+04
4.155813e-02 5.775060e+03 4.337077e+02 -2.519323e+03 6.321681e+01 2.491632e+04
4.173777e-02 5.411141e+03 4.055074e+02 -3.914129e+03 -1.456158e+02 2.202173e+04
4.191752e-02 5.087711e+03 3.786576e+02 -5.108071e+03 -3.345458e+02 1.946874e+04
4.209699e-02 4.806253e+03 3.644534e+02 -6.132685e+03 -4.899865e+02 1.723521e+04
4.227635e-02 4.557309e+03 3.531304e+02 -6.930434e+03 -6.254936e+02 1.535184e+04
4.245594e-02 4.348585e+03 3.476582e+02 -7.548186e+03 -7.259985e+02 1.380701e+04
4.263530e-02 4.190368e+03 3.430931e+02 -8.009799e+03 -7.973107e+02 1.263647e+04
4.281442e-02 4.056778e+03 3.458237e+02 -8.247863e+03 -8.469639e+02 1.177771e+04
4.299392e-02 3.957288e+03 3.456196e+02 -8.310256e+03 -8.754904e+02 1.122643e+04
4.317364e-02 3.898418e+03 3.489690e+02 -8.208304e+03 -8.743284e+02 1.102550e+04
4.335324e-02 3.883803e+03 3.500553e+02 -7.957945e+03 -8.582481e+02 1.114530e+04
4.353285e-02 3.894249e+03 3.475844e+02 -7.539307e+03 -8.227495e+02 1.153768e+04
4.371256e-02 3.924650e+03 3.443045e+02 -6.945725e+03 -7.663495e+02 1.216486e+04
4.389237e-02 3.989711e+03 3.435399e+02 -6.230431e+03 -6.855047e+02 1.304972e+04
4.407181e-02 4.084438e+03 3.414645e+02 -5.408232e+03 -5.995692e+02 1.416809e+04
4.425100e-02 4.200315e+03 3.463310e+02 -4.480359e+03 -4.784047e+02 1.545831e+04
4.443069e-02 4.329569e+03 3.422253e+02 -3.437710e+03 -3.723756e+02 1.692049e+04
4.461032e-02 4.476104e+03 3.496625e+02 -2.339250e+03 -2.285675e+02 1.850343e+04
4.478953e-02 4.634890e+03 3.554059e+02 -1.171705e+03 -8.760520e+01 2.020535e+04
4.496901e-02 4.810561e+03 3.672920e+02 1.133660e+00 5.569155e+01 2.200246e+04
4.514874e-02 4.971368e+03 3.759781e+02 1.248483e+03 2.194158e+02 2.378836e+04
4.532821e-02 5.165193e+03 3.816951e+02 2.448964e+03 3.531816e+02 2.571008e+04
4.550745e-02 5.331373e+03 3.921317e+02 3.685193e+03 5.103514e+02 2.753420e+04
4.568707e-02 5.504835e+03 4.043349e+02 4.866733e+03 6.567742e+02 2.936396e+04
4.586694e-02 5.670662e+03 4.094771e+02 6.024667e+03 7.914826e+02 3.113698e+04
4.617836e-02 5.917956e+03 3.481347e+02 7.879319e+03 1.302895e+03 3.392424e+04
4.680927e-02 6.350193e+03 3.422421e+02 1.105000e+04 1.616735e+03 3.874669e+04
4.743756e-02 6.493180e+03 3.342294e+02 1.299614e+04 1.887276e+03 4.118318e+04
4.806661e-02 6.450695e+03 3.018456e+02 1.346777e+04 1.871978e+03 4.151527e+04
4.869280e-02 6.110358e+03 3.092521e+02 1.272035e+04 1.821678e+03 3.938421e+04
4.931779e-02 5.598036e+03 2.702638e+02 1.093367e+04 1.531443e+03 3.560765e+04
4.994581e-02 4.878113e+03 2.560449e+02 8.247309e+03 1.228766e+03 3.006640e+04
5.057480e-02 4.137210e+03 2.213736e+02 5.134984e+03 8.327001e+02 2.405130e+04
5.120302e-02 3.377329e+03 1.850622e+02 2.141772e+03 4.221180e+02 1.801338e+04
5.183209e-02 2.687065e+03 1.538532e+02 -4.409060e+02 1.022378e+02 1.258142e+04
5.246116e-02 2.192779e+03 1.317175e+02 -2.397857e+03 -1.376960e+02 8.607082e+03
5.308896e-02 1.850593e+03 1.179081e+02 -3.478129e+03 -2.652560e+02 6.044743e+03
5.371721e-02 1.700620e+03 1.069340e+02 -3.665551e+03 -2.981014e+02 5.135993e+03
5.434780e-02 1.711588e+03 1.013545e+02 -3.003409e+03 -2.272290e+02 5.684587e+03
5.497604e-02 1.867392e+03 9.869896e+01 -1.722022e+03 -9.357777e+01 7.458135e+03
5.560013e-02 2.112176e+03 1.089595e+02 -9.545288e+01 1.062672e+02 9.938647e+03
5.622954e-02 2.387782e+03 1.046802e+02 1.733839e+03 2.903069e+02 1.275169e+04
5.686173e-02 2.646784e+03 1.131766e+02 3.391409e+03 4.641537e+02 1.534816e+04
5.748940e-02 2.837984e+03 1.128426e+02 4.669617e+03 5.701546e+02 1.731939e+04
5.811669e-02 2.910851e+03 1.259936e+02 5.439012e+03 6.446347e+02 1.833921e+04
5.874554e-02 2.892121e+03 1.336833e+02 5.681743e+03 6.595031e+02 1.851483e+04
5.937282e-02 2.735818e+03 1.228397e+02 5.287299e+03 5.863253e+02 1.754052e+04
6.000021e-02 2.483573e+03 1.109440e+02 4.429857e+03 5.196130e+02 1.569645e+04
6.062750e-02 2.189273e+03 9.288063e+01 3.249263e+03 4.064053e+02 1.334886e+04
6.125597e-02 1.854999e+03 7.577990e+01 1.891029e+03 2.664332e+02 1.062749e+04
6.188682e-02 1.531240e+03 6.870349e+01 5.314493e+02 1.348598e+02 7.945608e+03
6.251462e-02 1.248949e+03 5.594587e+01 -6.188635e+02 1.132263e+01 5.635679e+03
6.314049e-02 1.043581e+03 4.901017e+01 -1.443061e+03 -7.956710e+01 3.941162e+03
6.377015e-02 9.015306e+02 4.383715e+01 -1.840688e+03 -1.250578e+02 2.897482e+03
6.439971e-02 8.605638e+02 4.477294e+01 -1.844920e+03 -1.303608e+02 2.671214e+03
6.502803e-02 8.921736e+02 5.093240e+01 -1.455737e+03 -9.600877e+01 3.132126e+03
6.565852e-02 9.800924e+02 5.234825e+01 -7.488404e+02 -3.083931e+01 4.141998e+03
6.628652e-02 1.110956e+03 4.979697e+01 1.140088e+02 4.897096e+01 5.502156e+03
6.691319e-02 1.255596e+03 4.839509e+01 1.026597e+03 1.431476e+02 6.956446e+03
6.754195e-02 1.389744e+03 4.579237e+01 1.853555e+03 2.243689e+02 8.289458e+03
6.816923e-02 1.492746e+03 3.815744e+01 2.487083e+03 2.790234e+02 9.288843e+03
6.879707e-02 1.547169e+03 4.341602e+01 2.865497e+03 3.152519e+02 9.846464e+03
6.942589e-02 1.537481e+03 4.920638e+01 2.914452e+03 3.152564e+02 9.839359e+03
7.005350e-02 1.463315e+03 4.773080e+01 2.699501e+03 2.687585e+02 9.316824e+03
7.068149e-02 1.342551e+03 5.108700e+01 2.229629e+03 2.245982e+02 8.379024e+03
7.131092e-02 1.182208e+03 4.824184e+01 1.590779e+03 1.676602e+02 7.104663e+03
7.194060e-02 1.002372e+03 4.321060e+01 8.706889e+02 9.733086e+01 5.671651e+03
7.256947e-02 8.332547e+02 3.720508e+01 1.645713e+02 4.184673e+01 4.295200e+03
7.319738e-02 6.806446e+02 3.033667e+01 -4.317832e+02 2.273742e+00 3.083800e+03
7.382604e-02 5.733299e+02 2.173298e+01 -8.681144e+02 -2.794183e+01 2.199359e+03
7.445392e-02 5.093197e+02 1.451210e+01 -1.086783e+03 -4.105975e+01 1.691747e+03
7.507965e-02 4.961524e+02 1.077083e+01 -1.087398e+03 -4.325112e+01 1.598224e+03
7.570782e-02 5.239763e+02 1.179684e+01 -8.729662e+02 -3.030442e+01 1.867489e+03
7.633697e-02 5.838512e+02 1.722154e+01 -4.990959e+02 -7.898287e+00 2.441596e+03
7.696614e-02 6.613210e+02 2.435420e+01 -2.385075e+01 1.559588e+01 3.198608e+03
7.759521e-02 7.402705e+02 3.110197e+01 4.801389e+02 5.303952e+01 3.999821e+03
7.822404e-02 8.102549e+02 3.209482e+01 9.413435e+02 7.774420e+01 4.731706e+03
7.885455e-02 8.595569e+02 3.405634e+01 1.301443e+03 1.051916e+02 5.286408e+03
7.948034e-02 8.816789e+02 3.311298e+01 1.503115e+03 1.240873e+02 5.582608e+03
8.010544e-02 8.689399e+02 2.817412e+01 1.555872e+03 1.358630e+02 5.577798e+03
8.073519e-02 8.279255e+02 2.378248e+01 1.423767e+03 1.298027e+02 5.271780e+03
8.136420e-02 7.634571e+02 1.981334e+01 1.160371e+03 1.071875e+02 4.731511e+03
8.199246e-02 6.783776e+02 2.044264e+01 7.957829e+02 7.895651e+01 4.012542e+03
8.262013e-02 5.847608e+02 2.131654e+01 3.962291e+02 4.076515e+01 3.229967e+03
8.325004e-02 4.879907e+02 1.959626e+01 2.331453e-01 4.204783e+00 2.442046e+03
8.388076e-02 4.054208e+02 1.933135e+01 -3.282250e+02 -1.855763e+01 1.772943e+03
8.450772e-02 3.422164e+02 1.840819e+01 -5.551011e+02 -3.683832e+01 1.282644e+03
8.513407e-02 3.044421e+02 1.756723e+01 -6.622215e+02 -4.202097e+01 1.015837e+03
8.576290e-02 2.932448e+02 1.491375e+01 -6.413450e+02 -3.724295e+01 9.818943e+02
8.639170e-02 3.075216e+02 1.197607e+01 -5.047823e+02 -2.424327e+01 1.159111e+03
8.701933e-02 3.425560e+02 9.538122e+00 -2.789641e+02 -4.727878e+00 1.505030e+03
8.764729e-02 3.916128e+02 9.083905e+00 -4.360751e+00 1.664853e+01 1.957017e+03
8.827546e-02 4.427115e+02 8.139408e+00 2.904176e+02 3.533106e+01 2.426709e+03
8.890360e-02 4.891191e+02 1.128690e+01 5.494495e+02 5.037931e+01 2.854048e+03
8.953185e-02 5.215733e+02 1.451714e+01 7.528318e+02 6.154882e+01 3.171720e+03
9.016049e-02 5.358033e+02 1.675192e+01 8.692851e+02 6.334540e+01 3.340241e+03
9.078921e-02 5.302626e+02 1.753605e+01 8.837746e+02 6.075852e+01 3.332231e+03
9.141859e-02 5.017714e+02 1.793276e+01 8.097281e+02 5.431264e+01 3.141843e+03
9.204760e-02 4.599234e+02 1.753704e+01 6.514929e+02 4.378327e+01 2.819949e+03
9.267535e-02 4.054644e+02 1.530380e+01 4.387147e+02 3.169599e+01 2.391475e+03
9.330406e-02 3.478443e+02 1.138289e+01 1.990215e+02 2.045399e+01 1.921421e+03
9.393390e-02 2.927730e+02 8.530953e+00 -3.461693e+01 8.302834e+00 1.459464e+03
9.456102e-02 2.483296e+02 6.492608e+00 -2.341662e+02 -2.073788e+00 1.073414e+03
9.518740e-02 2.155062e+02 5.996145e+00 -3.703753e+02 -1.210450e+01 7.937788e+02
9.581568e-02 1.967781e+02 6.227617e+00 -4.325049e+02 -1.814045e+01 6.462682e+02
9.644552e-02 1.940557e+02 7.670311e+00 -4.171384e+02 -2.108153e+01 6.413483e+02
9.707482e-02 2.041436e+02 8.550614e+00 -3.272051e+02 -1.878791e+01 7.621801e+02
9.770146e-02 2.239188e+02 9.934964e+00 -1.841803e+02 -1.169800e+01 9.799645e+02
9.832882e-02 2.509005e+02 1.070403e+01 -1.074870e+01 1.694221e-01 1.259934e+03
9.895640e-02 2.787058e+02 1.040545e+01 1.684397e+02 1.292195e+01 1.545666e+03
9.958504e-02 3.038605e+02 9.218696e+00 3.279288e+02 2.274370e+01 1.802073e+03
1.002139e-01 3.219056e+02 8.424268e+00 4.478678e+02 3.111287e+01 1.985982e+03
1.008411e-01 3.297429e+02 7.891707e+00 5.103427e+02 3.670789e+01 2.076411e+03
1.014708e-01 3.260133e+02 5.722918e+00 5.087077e+02 3.785762e+01 2.055638e+03
1.021003e-01 3.128822e+02 4.419657e+00 4.480343e+02 3.802704e+01 1.933206e+03
1.027279e-01 2.902743e+02 4.069519e+00 3.399755e+02 3.009526e+01 1.722596e+03
1.033572e-01 2.593133e+02 5.578798e+00 1.989398e+02 1.980787e+01 1.450933e+03
1.039858e-01 2.245049e+02 7.730851e+00 5.089065e+01 7.907546e+00 1.155796e+03
1.046130e-01 1.902758e+02 8.979582e+00 -8.996168e+01 -5.537237e+00 8.814887e+02
1.052407e-01 1.599646e+02 9.686396e+00 -2.017925e+02 -1.313379e+01 6.527591e+02
1.058684e-01 1.384797e+02 7.613393e+00 -2.734493e+02 -1.698153e+01 4.999666e+02
1.064969e-01 1.283600e+02 5.260438e+00 -2.959382e+02 -1.553184e+01 4.310196e+02
1.071273e-01 1.289360e+02 3.125719e+00 -2.694148e+02 -1.149653e+01 4.506034e+02
1.077558e-01 1.406509e+02 2.898409e+00 -1.994988e+02 -7.757223e+00 5.514743e+02
1.083828e-01 1.575228e+02 4.045391e+00 -9.705278e+01 -3.086853e+00 7.122420e+02
1.090114e-01 1.788772e+02 4.798111e+00 2.105796e+01 3.494042e+00 9.122293e+02
1.096397e-01 1.996141e+02 4.754108e+00 1.418574e+02 1.128598e+01 1.110466e+03
1.102684e-01 2.188070e+02 4.755514e+00 2.452824e+02 1.760827e+01 1.285680e+03
1.108970e-01 2.311428e+02 5.555149e+00 3.217083e+02 2.174075e+01 1.406166e+03
1.115233e-01 2.355853e+02 6.171128e+00 3.557071e+02 2.383408e+01 1.459716e+03
1.121508e-01 2.317209e+02 5.339917e+00 3.534136e+02 2.325314e+01 1.442062e+03
1.127798e-01 2.203837e+02 4.954481e+00 3.084788e+02 2.171725e+01 1.349293e+03
1.134097e-01 2.027247e+02 4.645244e+00 2.301334e+02 1.604700e+01 1.200827e+03
1.140373e-01 1.800317e+02 5.319519e+00 1.346186e+02 1.078772e+01 1.012275e+03
1.146647e-01 1.554313e+02 5.406114e+00 3.048903e+01 4.031512e+00 8.143536e+02
1.152948e-01 1.324558e+02 4.764248e+00 -6.707078e+01 -1.044796e-01 6.258804e+02
1.159235e-01 1.130530e+02 3.681982e+00 -1.455994e+02 -3.635501e+00 4.686263e+02
1.165517e-01 1.006445e+02 3.001852e+00 -1.953188e+02 -6.182101e+00 3.644926e+02
1.171799e-01 9.436586e+01 2.891663e+00 -2.112853e+02 -8.848448e+00 3.191938e+02
1.178092e-01 9.582217e+01 3.006511e+00 -1.937134e+02 -8.166508e+00 3.387712e+02
1.184382e-01 1.027661e+02 2.872554e+00 -1.460628e+02 -6.521106e+00 4.112902e+02
1.190649e-01 1.150159e+02 2.638632e+00 -7.531798e+01 -2.698218e+00 5.241382e+02
1.196918e-01 1.293163e+02 3.252891e+00 4.553701e+00 2.121166e+00 6.548601e+02
1.203206e-01 1.430849e+02 3.950029e+00 8.719541e+01 5.162818e+00 7.892208e+02
1.209492e-01 1.549160e+02 4.525216e+00 1.564778e+02 9.013655e+00 9.039712e+02
1.215770e-01 1.626268e+02 4.111788e+00 2.070675e+02 1.101665e+01 9.829298e+02
1.222060e-01 1.649768e+02 4.099313e+00 2.310809e+02 1.234933e+01 1.015021e+03
1.228351e-01 1.617498e+02 4.189438e+00 2.243450e+02 1.269093e+01 9.935077e+02
1.234639e-01 1.531970e+02 3.781382e+00 1.937823e+02 1.049447e+01 9.270906e+02
1.240910e-01 1.408170e+02 3.342758e+00 1.395736e+02 8.720416e+00 8.216734e+02
1.247182e-01 1.252781e+02 3.178147e+00 7.393257e+01 5.826670e+00 6.927567e+02
1.253470e-01 1.090604e+02 2.931554e+00 5.657549e-01 3.320984e+00 5.538508e+02
1.259754e-01 9.385624e+01 2.112676e+00 -6.548656e+01 7.762541e-01 4.266769e+02
1.266036e-01 8.193962e+01 1.612762e+00 -1.180794e+02 -1.117994e+00 3.230136e+02
1.272319e-01 7.457174e+01 1.587991e+00 -1.516735e+02 -3.157306e+00 2.566405e+02
1.278607e-01 7.148952e+01 2.166731e+00 -1.604012e+02 -5.594846e+00 2.317440e+02
1.284890e-01 7.246967e+01 2.578450e+00 -1.443016e+02 -6.002430e+00 2.498575e+02
1.291182e-01 7.773324e+01 3.535290e+00 -1.078187e+02 -6.310447e+00 3.065042e+02
1.297470e-01 8.516966e+01 4.133264e+00 -5.507506e+01 -4.035780e+00 3.872970e+02
1.303744e-01 9.425130e+01 3.934266e+00 3.815276e+00 -1.840727e+00 4.826322e+02
1.310022e-01 1.029300e+02 3.601046e+00 6.200394e+01 1.435706e+00 5.731136e+02
1.316312e-01 1.108523e+02 3.243255e+00 1.120435e+02 3.316743e+00 6.519496e+02
1.322597e-01 1.160367e+02 2.981161e+00 1.468354e+02 5.112527e+00 7.035524e+02
1.328871e-01 1.174222e+02 2.975735e+00 1.611765e+02 6.839671e+00 7.225061e+02
1.335151e-01 1.150020e+02 2.344685e+00 1.541800e+02 8.929071e+00 7.065301e+02
1.341448e-01 1.091639e+02 1.596991e+00 1.285782e+02 1.034296e+01 6.557423e+02
1.347734e-01 1.011984e+02 1.214091e+00 8.801802e+01 9.029209e+00 5.788246e+02
1.354003e-01 9.054189e+01 1.797278e+00 3.813126e+01 5.958258e+00 4.835594e+02
1.360284e-01 7.918634e+01 2.511256e+00 -1.441802e+01 2.593556e+00 3.880742e+02
1.366568e-01 6.862941e+01 2.033600e+00 -6.223582e+01 -4.802785e-01 3.018069e+02
1.372858e-01 6.035183e+01 8.221862e-01 -9.752479e+01 -1.908163e+00 2.315789e+02
1.379142e-01 5.607379e+01 6.458820e-01 -1.192077e+02 -2.887715e+00 1.872818e+02
1.385416e-01 5.452900e+01 1.219727e+00 -1.223208e+02 -3.334902e+00 1.730469e+02
1.391708e-01 5.579156e+01 2.205253e+00 -1.097840e+02 -3.767016e+00 1.905106e+02
1.397994e-01 6.038710e+01 2.041193e+00 -8.311460e+01 -3.022917e+00 2.351086e+02
1.404273e-01 6.623272e+01 2.023045e+00 -4.442223e+01 -2.018132e+00 2.944613e+02
1.410561e-01 7.337131e+01 2.464760e+00 -9.296469e-01 -6.014657e-01 3.630324e+02
1.416844e-01 7.986632e+01 3.634457e+00 4.128413e+01 -4.696607e-01 4.301259e+02
1.423121e-01 8.410034e+01 3.898060e+00 7.544831e+01 2.333203e-01 4.844722e+02
1.429401e-01 8.625596e+01 3.978998e+00 1.002384e+02 1.885885e+00 5.197765e+02
1.435692e-01 8.609799e+01 3.109744e+00 1.089780e+02 3.681901e+00 5.298272e+02
1.441983e-01 8.339056e+01 2.104467e+00 1.027659e+02 5.096257e+00 5.126994e+02
1.448262e-01 7.850385e+01 1.228015e+00 8.227599e+01 6.714982e+00 4.724137e+02
1.454539e-01 7.233016e+01 7.513416e-01 5.052492e+01 6.174577e+00 4.135007e+02
1.460823e-01 6.487979e+01 1.045298e+00 1.277561e+01 4.161222e+00 3.453500e+02
1.467115e-01 5.680992e+01 1.455304e+00 -2.548678e+01 1.892688e+00 2.751361e+02
1.473399e-01 4.913693e+01 1.947576e+00 -5.802034e+01 -9.637332e-01 2.129858e+02
1.479676e-01 4.294131e+01 2.335393e+00 -8.256141e+01 -2.576613e+00 1.659269e+02
1.485964e-01 3.893146e+01 2.193188e+00 -9.499630e+01 -2.969723e+00 1.397471e+02
1.492243e-01 3.788563e+01 1.850283e+00 -9.475679e+01 -3.150956e+00 1.363525e+02
1.498507e-01 3.948857e+01 1.528092e+00 -8.162450e+01 -3.111983e+00 1.552942e+02
1.504788e-01 4.340916e+01 1.438353e+00 -5.765579e+01 -2.799424e+00 1.922797e+02
1.511078e-01 4.885400e+01 1.687326e+00 -2.714233e+01 -1.591676e+00 2.430076e+02
1.517364e-01 5.433420e+01 2.008813e+00 7.170042e+00 -1.039855e-01 2.982296e+02
1.523652e-01 5.997575e+01 1.919102e+00 3.810419e+01 1.808545e+00 3.504998e+02
1.529942e-01 6.419894e+01 1.665444e+00 6.431413e+01 3.089534e+00 3.920881e+02
1.536237e-01 6.694121e+01 1.577465e+00 8.111484e+01 3.295847e+00 4.180015e+02
1.542519e-01 6.731538e+01 1.813349e+00 8.622229e+01 3.453628e+00 4.226834e+02
1.548791e-01 6.537129e+01 1.986665e+00 7.998168e+01 2.462714e+00 4.086188e+02
1.555078e-01 6.141881e+01 1.986379e+00 6.433276e+01 1.265202e+00 3.756724e+02
1.561363e-01 5.603298e+01 1.577499e+00 4.039756e+01 5.342950e-01 3.293981e+02
1.567636e-01 4.969334e+01 1.535993e+00 1.253232e+01 -4.262385e-01 2.735444e+02
1.573916e-01 4.326029e+01 1.498635e+00 -1.574195e+01 -1.425301e+00 2.175497e+02
1.580207e-01 3.736467e+01 1.732280e+00 -4.054126e+01 -1.664262e+00 1.680332e+02
1.586492e-01 3.286409e+01 1.834272e+00 -5.919597e+01 -2.238514e+00 1.313334e+02
1.592766e-01 2.996342e+01 1.472067e+00 -6.902787e+01 -2.040833e+00 1.097709e+02
1.599049e-01 2.950173e+01 1.324767e+00 -6.822337e+01 -2.690776e+00 1.057791e+02
1.605344e-01 3.053647e+01 1.645743e+00 -5.801320e+01 -3.108729e+00 1.190562e+02
1.624649e-01 4.171515e+01 5.398020e-01 1.156045e+01 8.634074e-01 2.315294e+02
1.642557e-01 4.878685e+01 2.583985e-01 5.756958e+01 3.312514e+00 3.059741e+02
1.660459e-01 4.674336e+01 1.433548e+00 4.839891e+01 1.219509e+00 2.803088e+02
1.678421e-01 3.330898e+01 6.515421e-01 -5.403944e+00 4.843856e-01 1.754977e+02
1.696353e-01 2.494310e+01 -8.468286e-01 -5.123444e+01 1.823156e+00 9.391147e+01
1.714286e-01 2.741804e+01 4.001720e-01 -4.161842e+01 1.837852e-01 1.055281e+02
1.732198e-01 3.515697e+01 1.300346e+00 8.044844e+00 -2.831615e+00 1.866045e+02
1.750152e-01 3.947175e+01 9.016272e-01 4.551609e+01 2.270528e+00 2.402344e+02
1.768177e-01 3.637256e+01 1.081597e+00 3.201328e+01 7.177135e-01 2.114023e+02
1.786121e-01 2.455472e+01 5.236867e-01 -1.122425e+01 3.177269e-01 1.265622e+02
1.804030e-01 1.769645e+01 6.411131e-01 -3.923704e+01 -2.132741e+00 6.696787e+01
1.822028e-01 2.030726e+01 -1.829190e-01 -2.569713e+01 7.977952e-02 8.697193e+01
1.839998e-01 2.771050e+01 1.029119e+00 1.649915e+01 7.726075e-01 1.563400e+02
1.857937e-01 3.257866e+01 3.125515e-01 4.250645e+01 2.084425e+00 2.015539e+02
1.875926e-01 2.898354e+01 -3.231830e-01 2.755758e+01 1.782150e+00 1.727053e+02
1.893867e-01 2.143490e+01 8.260561e-01 -9.130621e+00 6.010287e-03 1.023457e+02
1.911794e-01 1.577558e+01 -1.562954e-01 -3.385485e+01 -1.050571e+00 5.498953e+01
1.929763e-01 1.694290e+01 9.722167e-01 -2.111473e+01 -7.288594e-01 7.108044e+01
1.947689e-01 2.401806e+01 -3.831780e-01 1.115954e+01 2.189242e+00 1.252177e+02
1.965614e-01 2.600080e+01 1.151851e+00 3.156544e+01 -1.317282e+00 1.590472e+02
1.983545e-01 2.285941e+01 -6.327654e-02 1.952990e+01 2.888461e+00 1.350749e+02
2.001492e-01 1.768163e+01 1.265788e-01 -1.132080e+01 6.103222e-01 8.049031e+01
2.019476e-01 1.320299e+01 7.878145e-01 -2.911674e+01 -4.438010e-01 4.660993e+01
2.037448e-01 1.307803e+01 4.633640e-01 -1.806185e+01 -2.118393e-01 6.213712e+01
2.055436e-01 1.754853e+01 2.976969e-01 7.545216e+00 -3.353638e-01 1.043428e+02
2.073409e-01 1.997928e+01 2.447881e-01 2.125168e+01 1.073848e+00 1.259154e+02
2.091331e-01 1.841291e+01 -9.183350e-02 9.203974e+00 9.871828e-01 1.036810e+02
2.109295e-01 1.386702e+01 1.113124e-01 -1.421196e+01 -5.191357e-01 5.864478e+01
2.127243e-01 1.092926e+01 5.733558e-01 -2.489785e+01 -1.168531e+00 3.336010e+01
2.145132e-01 1.147380e+01 1.848633e-01 -1.513433e+01 -1.276580e+00 4.713976e+01
2.163084e-01 1.460341e+01 6.512899e-01 5.014427e+00 5.353386e-01 7.990596e+01
2.181043e-01 1.594681e+01 2.354325e-01 1.394808e+01 1.066715e+00 9.431710e+01
2.198991e-01 1.409717e+01 3.669508e-01 5.622844e+00 -6.402087e-01 7.547883e+01
2.216975e-01 9.049899e+00 8.177963e-01 -9.992460e+00 -1.098306e+00 4.311453e+01
2.234966e-01 6.889085e+00 2.583466e-01 -1.567404e+01 -5.986388e-02 2.785562e+01
2.252970e-01 9.277454e+00 -5.260238e-01 -6.841479e+00 1.537296e+00 4.526687e+01
2.270852e-01 1.229675e+01 5.983452e-01 6.852878e+00 5.413973e-01 7.238106e+01
2.288723e-01 1.264112e+01 -1.284836e-01 1.115949e+01 6.550269e-01 7.994319e+01
2.306695e-01 1.202873e+01 -4.384525e-01 3.959761e-01 8.995076e-01 6.139054e+01
2.324665e-01 8.934302e+00 2.507212e-01 -1.471378e+01 -9.517923e-02 3.231172e+01
2.342627e-01 7.813861e+00 6.460486e-01 -1.783043e+01 -1.216686e+00 2.473213e+01
2.360563e-01 9.504922e+00 -9.143532e-02 -7.250048e+00 4.262996e-01 4.147932e+01
2.378553e-01 1.126730e+01 5.025129e-01 6.048484e+00 3.321591e-01 6.388712e+01
2.396569e-01 1.144442e+01 3.638063e-01 9.574759e+00 -2.432189e-01 6.863757e+01
2.414498e-01 9.674764e+00 7.561391e-02 2.214083e-01 -8.282673e-01 4.745494e+01
2.432397e-01 5.742906e+00 7.354940e-01 -9.895155e+00 -1.404969e+00 2.473362e+01
2.450345e-01 5.036760e+00 5.901418e-01 -1.018875e+01 -1.029179e+00 1.833160e+01
2.468308e-01 6.282417e+00 -1.748299e-01 -1.073421e+00 8.588055e-01 3.394936e+01
2.486244e-01 9.338199e+00 -2.157570e-01 8.374780e+00 1.540918e+00 5.347266e+01
2.504185e-01 9.023036e+00 6.620259e-01 9.727089e+00 -1.925916e-01 5.784606e+01
2.522154e-01 6.708323e+00 2.651252e-01 1.329091e+00 -7.471249e-02 4.041734e+01
2.540114e-01 4.720211e+00 2.188554e-01 -7.694163e+00 -4.084462e-02 2.325316e+01
2.558058e-01 4.622465e+00 -2.106019e-01 -7.514113e+00 4.736522e-01 2.045141e+01
2.576012e-01 6.521843e+00 -2.179654e-01 -3.266865e-01 4.546313e-01 3.654649e+01
2.593962e-01 9.319135e+00 -1.351540e-01 7.227661e+00 9.881585e-01 5.065741e+01
2.611937e-01 8.899727e+00 8.444636e-01 7.021726e+00 -6.874899e-01 4.976563e+01
2.629942e-01 5.705038e+00 4.530826e-01 -4.025861e-01 -5.446912e-01 3.351088e+01
2.647885e-01 4.624025e+00 -1.567829e-01 -7.993095e+00 -3.448479e-01 1.575484e+01
2.665811e-01 3.908346e+00 6.612495e-01 -6.223665e+00 -1.644002e+00 1.566856e+01
2.683801e-01 5.167261e+00 -1.621417e-02 3.976008e+00 3.709941e-01 2.976110e+01
2.701729e-01 7.503291e+00 -3.906961e-02 1.056931e+01 6.477145e-01 4.280703e+01
2.719632e-01 6.929292e+00 5.146678e-01 1.008047e+01 8.705165e-02 4.163346e+01
2.737587e-01 4.841267e+00 2.526152e-01 2.049835e+00 -1.733174e-01 2.602946e+01
2.755578e-01 3.828450e+00 -2.593311e-01 -5.874715e+00 4.412654e-01 1.250020e+01
2.773550e-01 3.621519e+00 1.099724e-01 -6.576625e+00 7.891792e-01 1.410769e+01
2.791459e-01 5.182946e+00 4.409555e-01 9.744931e-01 -3.135987e-02 2.697797e+01
2.809385e-01 6.138571e+00 -4.068113e-01 7.062297e+00 9.272370e-01 4.098211e+01
2.827312e-01 6.429209e+00 5.344462e-01 6.042085e+00 2.126477e-01 3.780207e+01
2.845296e-01 4.231480e+00 3.952155e-01 -7.743537e-01 4.392007e-02 2.598804e+01
2.863269e-01 2.306365e+00 1.541470e-02 -6.790993e+00 3.290651e-01 1.582847e+01
2.881173e-01 2.685998e+00 3.900979e-01 -5.559159e+00 -8.787660e-01 1.672559e+01
2.899148e-01 3.843268e+00 -1.823369e-01 1.936238e+00 3.067132e-01 2.711538e+01
2.917136e-01 5.382511e+00 2.370192e-01 6.403900e+00 1.100613e+00 3.687305e+01
2.935083e-01 5.155823e+00 -1.993791e-01 4.675186e+00 3.578249e-01 3.604983e+01
2.953064e-01 3.820651e+00 4.165869e-01 -1.594777e+00 -7.188118e-01 2.336116e+01
2.971025e-01 2.987036e+00 2.349532e-02 -6.464463e+00 -1.258250e-01 1.320547e+01
2.988941e-01 2.965719e+00 1.393204e-01 -5.483362e+00 -4.036964e-01 1.283466e+01
3.006873e-01 3.898987e+00 2.837146e-01 1.979867e-01 -5.314434e-01 2.099205e+01
3.024817e-01 4.322640e+00 3.341194e-01 4.603433e+00 -3.569590e-02 2.749098e+01
3.042771e-01 3.879750e+00 3.087824e-01 3.415025e+00 8.833465e-02 2.513228e+01
3.060756e-01 2.121011e+00 5.559585e-01 -1.017584e+00 -6.439100e-01 1.428242e+01
3.078722e-01 1.162354e+00 -2.674325e-01 -4.421396e+00 2.533950e-01 9.160846e+00
3.096648e-01 2.791110e+00 -4.443671e-01 -3.400288e+00 1.099160e+00 1.001970e+01
3.114599e-01 3.672386e+00 5.337264e-01 1.921866e+00 -1.074029e+00 2.036702e+01
3.132555e-01 3.681398e+00 1.881327e-01 5.705081e+00 8.924123e-01 2.702128e+01
3.150527e-01 3.806093e+00 5.523321e-02 3.158438e+00 8.072010e-01 2.389564e+01
3.168493e-01 3.040588e+00 -1.625822e-01 -2.920096e+00 -1.837399e-01 1.478392e+01
3.186391e-01 2.286088e+00 2.790940e-01 -6.151605e+00 -2.450565e-01 7.880126e+00
3.204305e-01 2.217111e+00 3.075663e-01 -4.249508e+00 -1.799652e-01 1.075200e+01
3.222280e-01 3.326028e+00 2.685139e-01 1.368031e+00 -1.973035e-01 1.810568e+01
3.240267e-01 3.242406e+00 7.969114e-01 5.631805e+00 -1.297865e+00 2.344657e+01
3.258197e-01 2.835044e+00 -4.000110e-01 5.190999e+00 1.260962e-02 1.991086e+01
3.276150e-01 1.847010e+00 4.944677e-01 5.728110e-01 1.820993e-01 1.098469e+01
3.294148e-01 1.406979e+00 -7.184536e-02 -1.894805e+00 4.433150e-01 7.719178e+00
3.312085e-01 2.039816e+00 5.042372e-02 -1.788774e+00 8.502994e-01 1.093750e+01
3.330031e-01 2.785564e+00 7.387509e-02 1.612524e+00 1.977413e-01 1.762231e+01
3.347987e-01 2.982963e+00 1.910207e-01 3.972797e+00 -3.481595e-01 2.169523e+01
3.365969e-01 2.483314e+00 3.142535e-01 2.074787e+00 -6.893422e-02 1.757874e+01
3.383923e-01 1.388955e+00 1.708815e-01 -1.678473e+00 1.504765e-01 1.081406e+01
3.401828e-01 1.041037e+00 -4.830255e-03 -4.249017e+00 4.683452e-01 7.427003e+00
3.419763e-01 1.870407e+00 -1.525003e-01 -3.046440e+00 6.009253e-01 1.037503e+01
3.437730e-01 2.936343e+00 2.053365e-01 2.214633e-01 -6.792190e-01 1.652395e+01
3.455681e-01 2.988336e+00 4.647936e-01 3.190299e+00 -2.486523e-01 1.860442e+01
3.473617e-01 2.400039e+00 1.402861e-01 1.505492e+00 2.238893e-01 1.571072e+01
3.491590e-01 1.469284e+00 2.156327e-01 -2.239288e+00 -4.176291e-01 9.029469e+00
3.509566e-01 8.945047e-01 1.703959e-01 -2.869996e+00 -3.515659e-01 5.495744e+00
3.527534e-01 1.586267e+00 8.313305e-02 -1.409456e+00 2.488086e-01 7.640986e+00
3.545449e-01 1.933751e+00 1.312642e-01 1.609017e+00 -1.250279e-01 1.209139e+01
3.563372e-01 2.055154e+00 2.420043e-01 3.081784e+00 -2.928833e-01 1.405043e+01
3.581341e-01 2.019106e+00 -1.015095e-01 7.001228e-01 8.687799e-01 1.133737e+01
3.599303e-01 1.832886e+00 2.365109e-03 -3.297152e+00 3.176201e-01 5.960425e+00
3.617254e-01 1.035232e+00 6.788610e-01 -3.561692e+00 -1.023451e+00 5.009423e+00
3.635200e-01 1.396840e+00 -1.340859e-01 -1.202662e+00 4.333615e-01 7.923997e+00
3.653165e-01 2.235482e+00 1.283209e-01 1.679598e+00 -2.557122e-02 1.321292e+01
3.671116e-01 2.446919e+00 2.655926e-01 2.361076e+00 -1.642056e-01 1.499333e+01
3.689088e-01 2.110613e+00 4.068369e-01 1.665901e+00 -4.175834e-01 1.045401e+01
3.707076e-01 9.386118e-01 -1.313988e-01 -1.607729e+00 4.447718e-01 5.674624e+00
3.725001e-01 1.269718e+00 3.252864e-01 -2.434716e+00 -3.883545e-01 2.993457e+00
3.742913e-01 1.090430e+00 3.627655e-01 -2.188215e-01 -3.576570e-01 5.811177e+00
3.760877e-01 1.750217e+00 -9.850069e-02 1.853487e+00 4.857451e-01 9.512126e+00
3.778836e-01 1.941897e+00 2.523547e-01 2.172593e+00 -5.444159e-02 1.148058e+01
3.796766e-01 1.624308e+00 -5.279338e-02 3.827353e-02 7.520246e-01 8.252019e+00
3.814707e-01 1.391121e+00 7.704206e-02 -2.459031e+00 -2.308891e-01 4.521403e+00
3.832699e-01 1.100829e+00 3.989850e-01 -2.792225e+00 -2.371200e-01 3.199267e+00
3.850666e-01 1.393548e+00 -1.447873e-01 -1.451302e+00 7.308973e-01 6.086641e+00
3.868579e-01 1.984011e+00 4.192327e-01 6.066091e-01 -7.253252e-01 9.519015e+00
3.886538e-01 1.686093e+00 4.918397e-02 1.402499e+00 -3.044809e-01 9.552740e+00
3.904491e-01 1.510184e+00 3.996882e-01 -2.596392e-02 -1.999019e-01 6.410141e+00
3.922449e-01 1.216599e+00 -4.427231e-02 -1.637334e+00 7.896906e-01 3.485923e+00
3.940400e-01 1.377257e+00 1.089672e-01 -2.593761e+00 2.786400e-01 3.265205e+00
3.958317e-01 1.225438e+00 2.821414e-01 -1.088203e+00 -3.885285e-01 6.300248e+00
3.976289e-01 1.817894e+00 1.000776e-01 1.118978e+00 -1.188522e-01 9.010986e+00
3.994255e-01 1.511918e+00 4.156894e-01 1.706934e+00 -9.035526e-01 7.894240e+00
4.012204e-01 9.005705e-01 2.981202e-01 1.265539e+00 -1.459431e-01 5.337026e+00
4.030168e-01 6.522190e-01 -6.245967e-02 -7.833457e-01 7.551994e-01 2.812593e+00
4.048122e-01 1.131938e+00 -1.282410e-01 -2.148490e+00 1.115895e+00 3.775805e+00
4.066062e-01 1.239823e+00 5.046887e-01 -8.429481e-01 -4.376122e-01 6.470460e+00
4.084001e-01 1.301607e+00 2.307553e-01 9.308964e-01 -3.749931e-01 8.678735e+00
4.101968e-01 7.053381e-01 3.420389e-01 4.530565e-01 2.575479e-01 8.433595e+00
4.119946e-01 7.436394e-01 -1.860768e-01 -1.598512e+00 9.685105e-01 6.060185e+00
4.137897e-01 8.100167e-01 2.469736e-01 -3.214435e+00 -6.594195e-01 3.897958e+00
4.155829e-01 6.544720e-01 1.026070e-01 -2.215986e+00 -6.857803e-01 2.958012e+00
4.173778e-01 9.122689e-01 4.455316e-01 -1.210170e-01 -2.668890e-01 5.366690e+00
4.191752e-01 1.114867e+00 1.350888e-01 1.578102e+00 4.185752e-01 7.114242e+00
4.209702e-01 4.528271e-01 3.959717e-01 8.777877e-01 -1.309211e-01 7.652392e+00
4.227638e-01 5.915609e-01 -1.638347e-01 -4.572744e-01 6.642777e-01 5.540881e+00
4.245604e-01 4.050805e-01 4.045949e-01 -2.297912e+00 -5.170119e-01 3.221110e+00
4.263543e-01 1.680807e-01 1.166048e-01 -1.688353e+00 1.040501e-01 3.871691e+00
4.281451e-01 8.011779e-01 3.152735e-02 1.257436e-01 -1.717601e-01 5.630902e+00
4.299400e-01 1.024400e+00 3.352742e-01 1.600395e+00 -7.741288e-01 7.265471e+00
4.317365e-01 1.002476e+00 -8.960232e-02 1.284943e+00 6.006486e-01 6.899625e+00
4.335323e-01 1.355506e+00 -1.980686e-01 -1.427496e+00 1.479500e+00 5.277055e+00
4.353294e-01 1.588433e+00 3.470991e-01 -3.396645e+00 -2.667232e-01 3.473054e+00
4.371263e-01 8.936382e-01 5.362683e-01 -2.058825e+00 -1.098165e+00 2.878341e+00
4.389235e-01 6.041258e-01 3.237511e-01 -8.456149e-02 -4.795400e-01 4.572595e+00
4.407180e-01 1.022493e+00 1.664453e-02 7.172730e-01 5.095120e-01 5.755821e+00
4.425103e-01 9.198945e-01 1.643262e-02 -8.928057e-02 5.710956e-01 5.337316e+00
4.443072e-01 9.385252e-01 3.906123e-01 -1.312668e+00 -6.419509e-01 3.491992e+00
4.461036e-01 4.107131e-01 -2.330918e-02 -1.836329e+00 2.002815e-01 1.760499e+00
4.478956e-01 8.280408e-01 2.361045e-01 -1.644168e+00 -1.127378e-01 2.246200e+00
4.496902e-01 9.035168e-01 4.183647e-01 3.962519e-01 -3.097852e-01 4.114090e+00
4.514874e-01 6.360146e-01 2.825756e-01 1.422211e+00 -2.397514e-01 5.743493e+00
4.532823e-01 4.250977e-01 1.949882e-01 1.441050e+00 1.536014e-01 4.725266e+00
4.550750e-01 -6.397985e-02 4.504358e-01 2.400523e-01 -1.388629e-01 3.229852e+00
4.568708e-01 -1.592131e-01 -4.496098e-02 -8.034787e-01 3.507954e-01 1.927853e+00
4.586693e-01 2.231929e-01 9.787496e-02 -5.954099e-01 -9.873336e-03 2.481457e+00
4.604678e-01 5.757744e-01 1.512145e-01 -3.748348e-01 -2.660466e-02 3.745821e+00
4.861870e-01 4.632721e-01 1.216683e-01 -3.015947e-01 -2.140630e-02 3.013914e+00
5.133427e-01 3.727520e-01 9.789515e-02 -2.426652e-01 -1.722366e-02 2.425016e+00
5.420151e-01 2.999188e-01 7.876712e-02 -1.952501e-01 -1.385827e-02 1.951185e+00
5.722891e-01 2.413168e-01 6.337658e-02 -1.570996e-01 -1.115046e-02 1.569937e+00
6.042540e-01 1.941652e-01 5.099324e-02 -1.264035e-01 -8.971742e-03 1.263182e+00
6.380042e-01 1.562267e-01 4.102952e-02 -1.017051e-01 -7.218726e-03 1.016365e+00
6.736396e-01 1.257011e-01 3.301264e-02 -8.183264e-02 -5.808238e-03 8.177747e-01
7.112653e-01 1.011400e-01 2.656220e-02 -6.584311e-02 -4.673349e-03 6.579873e-01
7.509927e-01 8.137792e-02 2.137213e-02 -5.297783e-02 -3.760209e-03 5.294212e-01
7.929389e-01 6.547725e-02 1.719617e-02 -4.262633e-02 -3.025491e-03 4.259760e-01
8.372281e-01 5.268345e-02 1.383616e-02 -3.429745e-02 -2.434331e-03 3.427433e-01
8.839910e-01 4.238947e-02 1.113267e-02 -2.759597e-02 -1.958680e-03 2.757736e-01
9.333658e-01 3.410687e-02 8.957423e-03 -2.220391e-02 -1.575967e-03 2.218894e-01
9.854984e-01 2.744263e-02 7.207205e-03 -1.786542e-02 -1.268034e-03 1.785338e-01
1.040543e+00 2.208053e-02 5.798968e-03 -1.437464e-02 -1.020269e-03 1.436495e-01
1.098662e+00 1.776615e-02 4.665890e-03 -1.156594e-02 -8.209159e-04 1.155814e-01
1.160027e+00 1.429477e-02 3.754208e-03 -9.306034e-03 -6.605147e-04 9.299761e-02
1.224820e+00 1.150167e-02 3.020662e-03 -7.487700e-03 -5.314547e-04 7.482653e-02
1.293231e+00 9.254324e-03 2.430446e-03 -6.024656e-03 -4.276122e-04 6.020595e-02
1.365464e+00 7.446094e-03 1.955554e-03 -4.847480e-03 -3.440598e-04 4.844213e-02
1.441731e+00 5.991179e-03 1.573452e-03 -3.900317e-03 -2.768329e-04 3.897687e-02
1.522258e+00 4.820545e-03 1.266011e-03 -3.138222e-03 -2.227417e-04 3.136107e-02
1.607283e+00 3.878644e-03 1.018641e-03 -2.525036e-03 -1.792195e-04 2.523333e-02
1.697057e+00 3.120784e-03 8.196057e-04 -2.031661e-03 -1.442013e-04 2.030292e-02
1.791845e+00 2.511005e-03 6.594605e-04 -1.634689e-03 -1.160254e-04 1.633587e-02
1.891928e+00 2.020372e-03 5.306065e-04 -1.315282e-03 -9.335482e-05 1.314395e-02
1.997600e+00 1.625606e-03 4.269297e-04 -1.058285e-03 -7.511394e-05 1.057572e-02
2.109175e+00 1.307974e-03 3.435106e-04 -8.515037e-04 -6.043720e-05 8.509297e-03
2.226982e+00 1.052405e-03 2.763911e-04 -6.851258e-04 -4.862820e-05 6.846640e-03
2.351369e+00 8.467722e-04 2.223862e-04 -5.512570e-04 -3.912659e-05 5.508854e-03
2.482703e+00 6.813188e-04 1.789335e-04 -4.435453e-04 -3.148153e-05 4.432463e-03
2.621373e+00 5.481939e-04 1.439711e-04 -3.568796e-04 -2.533026e-05 3.566391e-03
2.767788e+00 4.410807e-04 1.158402e-04 -2.871479e-04 -2.038090e-05 2.869543e-03
2.922381e+00 3.548966e-04 9.320582e-05 -2.310412e-04 -1.639862e-05 2.308854e-03
3.085609e+00 2.855523e-04 7.499406e-05 -1.858973e-04 -1.319444e-05 1.857720e-03
3.257954e+00 2.297574e-04 6.034074e-05 -1.495743e-04 -1.061634e-05 1.494735e-03
3.439925e+00 1.848644e-04 4.855059e-05 -1.203485e-04 -8.541982e-06 1.202674e-03
3.632061e+00 1.487432e-04 3.906414e-05 -9.683328e-05 -6.872938e-06 9.676800e-04
3.834927e+00 1.196798e-04 3.143128e-05 -7.791273e-05 -5.530014e-06 7.786021e-04
4.049125e+00 9.629521e-05 2.528983e-05 -6.268913e-05 -4.449488e-06 6.264687e-04
4.275287e+00 7.747980e-05 2.034837e-05 -5.044011e-05 -3.580089e-06 5.040611e-04
4.514080e+00 6.234079e-05 1.637244e-05 -4.058447e-05 -2.880565e-06 4.055711e-04
4.766212e+00 5.015984e-05 1.317338e-05 -3.265455e-05 -2.317723e-06 3.263253e-04
5.032426e+00 4.035896e-05 1.059940e-05 -2.627408e-05 -1.864856e-06 2.625637e-04
5.313509e+00 3.247310e-05 8.528349e-06 -2.114031e-05 -1.500476e-06 2.112606e-04
5.610292e+00 2.612808e-05 6.861969e-06 -1.700964e-05 -1.207294e-06 1.699817e-04
5.923652e+00 2.102284e-05 5.521188e-06 -1.368607e-05 -9.713969e-07 1.367685e-04
6.254514e+00 1.691512e-05 4.442387e-06 -1.101191e-05 -7.815928e-07 1.100449e-04
6.603856e+00 1.361003e-05 3.574376e-06 -8.860261e-06 -6.288750e-07 8.854288e-05
6.972711e+00 1.095072e-05 2.875968e-06 -7.129028e-06 -5.059973e-07 7.124222e-05
7.362168e+00 8.811028e-06 2.314024e-06 -5.736066e-06 -4.071289e-07 5.732199e-05
7.773377e+00 7.089415e-06 1.861880e-06 -4.615279e-06 -3.275788e-07 4.612168e-05
8.207555e+00 5.704193e-06 1.498081e-06 -3.713486e-06 -2.635722e-07 3.710982e-05
8.665983e+00 4.589633e-06 1.205367e-06 -2.987897e-06 -2.120720e-07 2.985882e-05
9.150017e+00 3.692851e-06 9.698466e-07 -2.404083e-06 -1.706346e-07 2.402462e-05
9.661086e+00 2.971294e-06 7.803453e-07 -1.934342e-06 -1.372938e-07 1.933038e-05
1.020070e+01 2.390724e-06 6.278713e-07 -1.556385e-06 -1.104676e-07 1.555336e-05
1.077045e+01 1.923593e-06 5.051897e-07 -1.252278e-06 -8.888298e-08 1.251434e-05
1.137203e+01 1.547737e-06 4.064791e-07 -1.007592e-06 -7.151587e-08 1.006913e-05
1.200721e+01 1.245320e-06 3.270560e-07 -8.107154e-07 -5.754217e-08 8.101689e-06
1.267787e+01 1.001993e-06 2.631515e-07 -6.523073e-07 -4.629883e-08 6.518675e-06
1.338598e+01 8.062105e-07 2.117336e-07 -5.248510e-07 -3.725237e-08 5.244972e-06
1.413365e+01 6.486826e-07 1.703623e-07 -4.222988e-07 -2.997351e-08 4.220141e-06
1.492308e+01 5.219346e-07 1.370747e-07 -3.397846e-07 -2.411690e-08 3.395555e-06
1.575660e+01 4.199522e-07 1.102913e-07 -2.733930e-07 -1.940463e-08 2.732087e-06
1.663667e+01 3.378965e-07 8.874112e-08 -2.199740e-07 -1.561310e-08 2.198257e-06
1.756590e+01 2.718739e-07 7.140173e-08 -1.769926e-07 -1.256241e-08 1.768733e-06
1.854704e+01 2.187516e-07 5.745033e-08 -1.424095e-07 -1.010780e-08 1.423135e-06
1.958297e+01 1.760091e-07 4.622494e-08 -1.145837e-07 -8.132808e-09 1.145064e-06
2.067677e+01 1.416182e-07 3.719291e-08 -9.219482e-08 -6.543714e-09 9.213267e-07
2.183166e+01 1.139470e-07 2.992568e-08 -7.418059e-08 -5.265118e-09 7.413059e-07
2.305105e+01 9.168252e-08 2.407841e-08 -5.968623e-08 -4.236351e-09 5.964599e-07
2.433855e+01 7.376840e-08 1.937366e-08 -4.802396e-08 -3.408598e-09 4.799158e-07
2.569797e+01 5.935457e-08 1.558818e-08 -3.864041e-08 -2.742582e-09 3.861436e-07
2.713331e+01 4.775710e-08 1.254236e-08 -3.109035e-08 -2.206700e-09 3.106939e-07
2.864883e+01 3.842570e-08 1.009167e-08 -2.501551e-08 -1.775527e-09 2.499865e-07
3.024899e+01 3.091759e-08 8.119828e-09 -2.012765e-08 -1.428601e-09 2.011409e-07
3.193854e+01 2.487651e-08 6.533270e-09 -1.619485e-08 -1.149462e-09 1.618393e-07
3.372244e+01 2.001581e-08 5.256715e-09 -1.303049e-08 -9.248656e-10 1.302171e-07
3.560599e+01 1.610486e-08 4.229590e-09 -1.048442e-08 -7.441533e-10 1.047736e-07
3.759474e+01 1.295809e-08 3.403158e-09 -8.435841e-09 -5.987510e-10 8.430154e-08
3.969458e+01 1.042617e-08 2.738204e-09 -6.787537e-09 -4.817592e-10 6.782961e-08
4.191170e+01 8.388966e-09 2.203178e-09 -5.461300e-09 -3.876268e-10 5.457618e-08
4.425265e+01 6.749821e-09 1.772693e-09 -4.394200e-09 -3.118873e-10 4.391238e-08
4.672436e+01 5.430953e-09 1.426321e-09 -3.535604e-09 -2.509467e-10 3.533221e-08
4.933412e+01 4.369783e-09 1.147628e-09 -2.844772e-09 -2.019135e-10 2.842854e-08
5.208965e+01 3.515958e-09 9.233895e-10 -2.288923e-09 -1.624610e-10 2.287380e-08
5.499909e+01 2.828965e-09 7.429656e-10 -1.841684e-09 -1.307172e-10 1.840442e-08
5.807103e+01 2.276205e-09 5.977953e-10 -1.481832e-09 -1.051760e-10 1.480833e-08
6.131455e+01 1.831450e-09 4.809903e-10 -1.192292e-09 -8.462536e-11 1.191488e-08
6.473924e+01 1.473598e-09 3.870082e-10 -9.593266e-10 -6.809015e-11 9.586799e-09
6.835522e+01 1.185667e-09 3.113895e-10 -7.718809e-10 -5.478582e-11 7.713606e-09
7.217316e+01 9.539960e-10 2.505462e-10 -6.210608e-10 -4.408105e-11 6.206421e-09
7.620435e+01 7.675918e-10 2.015912e-10 -4.997099e-10 -3.546792e-11 4.993730e-09
8.046070e+01 6.176098e-10 1.622017e-10 -4.020700e-10 -2.853774e-11 4.017990e-09
8.495479e+01 4.969331e-10 1.305086e-10 -3.235084e-10 -2.296166e-11 3.232903e-09
8.969989e+01 3.998359e-10 1.050081e-10 -2.602971e-10 -1.847512e-11 2.601216e-09
9.471003e+01 3.217108e-10 8.449029e-11 -2.094369e-10 -1.486521e-11 2.092957e-09
1.000000e+02 2.588507e-10 6.798148e-11 -1.685144e-10 -1.196065e-11 1.684008e-09
