# k [h/Mpc], q0, q1/i, q2, q3/i, q4
1.000000e-06 1.219896e+03 1.886718e+01 -7.886910e-02 4.357963e+00 -8.094386e+02
1.489784e-06 1.219896e+03 1.886718e+01 -7.886910e-02 4.357963e+00 -8.094386e+02
2.219456e-06 1.219896e+03 1.886718e+01 -7.886910e-02 4.357963e+00 -8.094386e+02
3.306511e-06 1.219896e+03 1.886718e+01 -7.886910e-02 4.357963e+00 -8.094386e+02
4.925987e-06 1.219896e+03 1.886718e+01 -7.886910e-02 4.357963e+00 -8.094386e+02
7.338656e-06 1.219896e+03 1.886718e+01 -7.886910e-02 4.357963e+00 -8.094386e+02
1.093301e-05 1.219896e+03 1.886718e+01 -7.886910e-02 4.357963e+00 -8.094386e+02
1.628783e-05 1.219896e+03 1.886718e+01 -7.886910e-02 4.357963e+00 -8.094386e+02
2.426534e-05 1.219896e+03 1.886718e+01 -7.886910e-02 4.357963e+00 -8.094386e+02
3.615012e-05 1.219896e+03 1.886718e+01 -7.886910e-02 4.357963e+00 -8.094386e+02
5.385587e-05 1.219896e+03 1.886718e+01 -7.886910e-02 4.357963e+00 -8.094386e+02
1.034961e-04 1.218908e+03 3.622771e+01 1.240754e-02 -2.761064e-01 7.981079e+01
1.650345e-04 1.216725e+03 5.765790e+01 1.462694e-01 -1.598054e+00 9.593024e+01
2.219461e-04 1.213874e+03 7.733111e+01 7.171831e-02 6.329938e-01 -3.620070e+01
2.831569e-04 1.209839e+03 9.829780e+01 2.282097e-01 -4.199422e-01 1.972182e+01
3.481074e-04 1.204524e+03 1.202590e+02 3.884478e-01 -6.645620e-01 2.750131e+01
4.078467e-04 1.198939e+03 1.384587e+02 -1.967537e+00 2.165608e+00 -2.136809e+01
4.685721e-04 1.191748e+03 1.609939e+02 1.988000e+00 1.503974e-01 4.740666e+00
5.344152e-04 1.183412e+03 1.813343e+02 1.156601e+00 8.957892e-01 8.662631e+00
5.979215e-04 1.174434e+03 2.004549e+02 6.451308e-01 2.095532e+00 -1.750711e+00
6.594309e-04 1.164691e+03 2.193130e+02 1.120649e+00 3.186155e+00 -9.024903e+00
7.211547e-04 1.154099e+03 2.374568e+02 1.702664e+00 2.882599e+00 1.127665e+01
7.842715e-04 1.142522e+03 2.548173e+02 1.674035e+00 4.559288e+00 1.416266e+00
8.480725e-04 1.129802e+03 2.723480e+02 2.273009e+00 6.032445e+00 -2.749262e+00
9.105595e-04 1.116384e+03 2.892715e+02 3.261570e+00 6.948645e+00 -2.988707e+00
9.726731e-04 1.102635e+03 3.041168e+02 3.577817e+00 8.562972e+00 -1.378265e+00
1.035373e-03 1.087809e+03 3.190615e+02 4.553421e+00 9.928578e+00 4.336109e+00
1.098784e-03 1.072263e+03 3.327501e+02 5.038530e+00 1.234979e+01 -5.694106e+00
1.161586e-03 1.056152e+03 3.457148e+02 6.096035e+00 1.414412e+01 -1.758711e-01
1.224174e-03 1.039408e+03 3.578080e+02 7.024007e+00 1.699748e+01 -6.325624e+00
1.288412e-03 1.021623e+03 3.693698e+02 8.540308e+00 1.870432e+01 7.243357e-01
1.351080e-03 1.003812e+03 3.793114e+02 9.333334e+00 2.296307e+01 -1.262707e+01
1.412291e-03 9.857368e+02 3.887410e+02 1.120210e+01 2.498562e+01 -4.833303e+00
1.475368e-03 9.669698e+02 3.967497e+02 1.272686e+01 2.769552e+01 -5.124474e+00
1.538515e-03 9.474434e+02 4.045180e+02 1.488321e+01 3.020351e+01 -1.886099e+00
1.601338e-03 9.280099e+02 4.101959e+02 1.580256e+01 3.675178e+01 -1.910371e+01
1.665074e-03 9.075146e+02 4.160720e+02 1.826659e+01 3.984762e+01 -1.535721e+01
1.728027e-03 8.872415e+02 4.206878e+02 2.115385e+01 4.196695e+01 -6.438993e+00
1.789887e-03 8.668028e+02 4.241167e+02 2.296446e+01 4.832809e+01 -1.846749e+01
1.852570e-03 8.462898e+02 4.265651e+02 2.602696e+01 5.049328e+01 -1.323109e+01
1.915088e-03 8.255344e+02 4.278253e+02 2.814077e+01 5.755408e+01 -2.317581e+01
1.978019e-03 8.042565e+02 4.290611e+02 3.186795e+01 5.993980e+01 -1.668571e+01
2.041684e-03 7.828398e+02 4.285464e+02 3.442088e+01 6.733898e+01 -2.644629e+01
2.104726e-03 7.617965e+02 4.273177e+02 3.799035e+01 7.114357e+01 -2.510497e+01
2.167060e-03 7.405926e+02 4.255883e+02 4.147888e+01 7.656652e+01 -2.834727e+01
2.229921e-03 7.195266e+02 4.226871e+02 4.510526e+01 8.205063e+01 -3.049665e+01
2.292794e-03 6.983466e+02 4.192444e+02 4.903019e+01 8.711354e+01 -3.319029e+01
2.355230e-03 6.775383e+02 4.147816e+02 5.273518e+01 9.391484e+01 -3.771100e+01
2.418331e-03 6.566118e+02 4.096484e+02 5.682519e+01 9.976017e+01 -4.172976e+01
2.481215e-03 6.358044e+02 4.040762e+02 6.129841e+01 1.047284e+02 -4.367120e+01
2.543891e-03 6.155305e+02 3.974540e+02 6.543043e+01 1.120135e+02 -4.810094e+01
2.607003e-03 5.949096e+02 3.907388e+02 7.024295e+01 1.169013e+02 -5.028698e+01
2.669740e-03 5.748709e+02 3.832785e+02 7.496044e+01 1.229940e+02 -5.232355e+01
2.732628e-03 5.554103e+02 3.746921e+02 7.929644e+01 1.301783e+02 -6.013490e+01
2.796013e-03 5.355799e+02 3.662719e+02 8.440338e+01 1.356503e+02 -6.205399e+01
2.858795e-03 5.164858e+02 3.573542e+02 8.928386e+01 1.425177e+02 -6.444400e+01
2.920959e-03 4.981061e+02 3.476736e+02 9.406950e+01 1.480338e+02 -7.125843e+01
2.983535e-03 4.795989e+02 3.381531e+02 9.919565e+01 1.542395e+02 -7.319724e+01
3.046449e-03 4.614176e+02 3.280152e+02 1.042848e+02 1.596286e+02 -7.806246e+01
3.109435e-03 4.437424e+02 3.178333e+02 1.095387e+02 1.655725e+02 -7.879287e+01
3.172429e-03 4.269222e+02 3.065787e+02 1.140051e+02 1.735560e+02 -8.859584e+01
3.235378e-03 4.098501e+02 2.958530e+02 1.194379e+02 1.777420e+02 -9.076380e+01
3.298350e-03 3.934003e+02 2.850417e+02 1.244146e+02 1.841290e+02 -9.381389e+01
3.361502e-03 3.771519e+02 2.739413e+02 1.296596e+02 1.882542e+02 -9.697126e+01
3.424034e-03 3.618602e+02 2.628015e+02 1.344260e+02 1.943744e+02 -1.012736e+02
3.486610e-03 3.470843e+02 2.514780e+02 1.391147e+02 1.999676e+02 -1.064765e+02
3.549533e-03 3.321399e+02 2.403970e+02 1.441028e+02 2.039184e+02 -1.085933e+02
3.612035e-03 3.186174e+02 2.290036e+02 1.482311e+02 2.114879e+02 -1.154755e+02
3.674842e-03 3.044322e+02 2.181919e+02 1.532658e+02 2.129847e+02 -1.154032e+02
3.737743e-03 2.915156e+02 2.069787e+02 1.573721e+02 2.188917e+02 -1.208799e+02
3.800817e-03 2.782856e+02 1.962720e+02 1.618990e+02 2.215890e+02 -1.217244e+02
3.863693e-03 2.664868e+02 1.851905e+02 1.655952e+02 2.271462e+02 -1.281804e+02
3.926624e-03 2.543171e+02 1.748050e+02 1.695877e+02 2.302550e+02 -1.296626e+02
3.989691e-03 2.430483e+02 1.642495e+02 1.732967e+02 2.334790e+02 -1.330039e+02
4.052279e-03 2.320285e+02 1.542477e+02 1.767006e+02 2.367069e+02 -1.354212e+02
4.115276e-03 2.213202e+02 1.442014e+02 1.800766e+02 2.388715e+02 -1.375659e+02
4.178091e-03 2.114570e+02 1.345728e+02 1.829736e+02 2.419212e+02 -1.405331e+02
4.240529e-03 2.016134e+02 1.253431e+02 1.857828e+02 2.439407e+02 -1.418852e+02
4.303566e-03 1.924013e+02 1.160883e+02 1.882884e+02 2.458683e+02 -1.444300e+02
4.366473e-03 1.834716e+02 1.074534e+02 1.905030e+02 2.478110e+02 -1.460386e+02
4.429136e-03 1.750205e+02 9.876814e+01 1.926880e+02 2.482950e+02 -1.471735e+02
4.491804e-03 1.664860e+02 9.081094e+01 1.945075e+02 2.486197e+02 -1.465226e+02
4.554524e-03 1.591177e+02 8.283179e+01 1.958985e+02 2.503162e+02 -1.495157e+02
4.617696e-03 1.516251e+02 7.539193e+01 1.970387e+02 2.502350e+02 -1.497910e+02
4.680743e-03 1.443946e+02 6.821498e+01 1.980200e+02 2.502875e+02 -1.499398e+02
4.743600e-03 1.376043e+02 6.130068e+01 1.987108e+02 2.496791e+02 -1.498715e+02
4.806460e-03 1.313121e+02 5.491275e+01 1.990228e+02 2.496122e+02 -1.506703e+02
4.869182e-03 1.252106e+02 4.861334e+01 1.992202e+02 2.483417e+02 -1.500456e+02
4.931803e-03 1.190381e+02 4.283500e+01 1.991339e+02 2.464701e+02 -1.482096e+02
4.994544e-03 1.136342e+02 3.733988e+01 1.987102e+02 2.451349e+02 -1.478146e+02
5.057296e-03 1.083570e+02 3.216215e+01 1.979972e+02 2.435592e+02 -1.471464e+02
5.120127e-03 1.034542e+02 2.739116e+01 1.970111e+02 2.414147e+02 -1.458945e+02
5.183244e-03 9.841478e+01 2.269942e+01 1.958824e+02 2.386106e+02 -1.436202e+02
5.246213e-03 9.386507e+01 1.847085e+01 1.944467e+02 2.359691e+02 -1.418788e+02
5.308940e-03 8.941546e+01 1.441604e+01 1.928526e+02 2.326448e+02 -1.391768e+02
5.371705e-03 8.545248e+01 1.084151e+01 1.909012e+02 2.299039e+02 -1.376321e+02
5.434764e-03 8.145234e+01 7.522422e+00 1.886553e+02 2.266084e+02 -1.354943e+02
5.497589e-03 7.763627e+01 4.156836e+00 1.865741e+02 2.222044e+02 -1.313563e+02
5.560094e-03 7.422891e+01 1.592028e+00 1.837478e+02 2.191620e+02 -1.300321e+02
5.623090e-03 7.069047e+01 -1.282180e+00 1.813061e+02 2.144705e+02 -1.257675e+02
5.686167e-03 6.744926e+01 -3.688880e+00 1.783233e+02 2.102285e+02 -1.225785e+02
5.748863e-03 6.432810e+01 -5.787581e+00 1.751841e+02 2.057547e+02 -1.192576e+02
5.811791e-03 6.161379e+01 -7.697769e+00 1.719858e+02 2.016173e+02 -1.161746e+02
5.874636e-03 5.860367e+01 -9.473717e+00 1.684903e+02 1.965007e+02 -1.122491e+02
5.937271e-03 5.602546e+01 -1.122728e+01 1.652890e+02 1.916387e+02 -1.079834e+02
6.000058e-03 5.349816e+01 -1.247405e+01 1.614810e+02 1.867483e+02 -1.044294e+02
6.062729e-03 5.104104e+01 -1.379792e+01 1.578978e+02 1.815705e+02 -1.001156e+02
6.125517e-03 4.872342e+01 -1.500162e+01 1.541155e+02 1.762759e+02 -9.574660e+01
6.188708e-03 4.646498e+01 -1.567223e+01 1.499085e+02 1.711250e+02 -9.227533e+01
6.251555e-03 4.449999e+01 -1.665728e+01 1.462155e+02 1.660290e+02 -8.770400e+01
6.314077e-03 4.237298e+01 -1.728010e+01 1.420263e+02 1.604336e+02 -8.349270e+01
6.377058e-03 4.043160e+01 -1.794906e+01 1.380464e+02 1.549602e+02 -7.891809e+01
6.440009e-03 3.863075e+01 -1.844641e+01 1.340033e+02 1.496513e+02 -7.460131e+01
6.502812e-03 3.685004e+01 -1.861272e+01 1.295743e+02 1.443152e+02 -7.083931e+01
6.565726e-03 3.515813e+01 -1.920590e+01 1.258117e+02 1.387021e+02 -6.564993e+01
6.628521e-03 3.351916e+01 -1.915809e+01 1.213123e+02 1.334283e+02 -6.212570e+01
6.691272e-03 3.204117e+01 -1.946343e+01 1.174091e+02 1.281398e+02 -5.748358e+01
6.754176e-03 3.052490e+01 -1.939250e+01 1.130604e+02 1.228232e+02 -5.365526e+01
6.816888e-03 2.909355e+01 -1.947070e+01 1.089920e+02 1.174375e+02 -4.932881e+01
6.879625e-03 2.772793e+01 -1.957789e+01 1.051219e+02 1.121408e+02 -4.487210e+01
6.942449e-03 2.642999e+01 -1.933081e+01 1.008415e+02 1.070925e+02 -4.132544e+01
7.005248e-03 2.523165e+01 -1.921568e+01 9.698824e+01 1.023275e+02 -3.751331e+01
7.068136e-03 2.399400e+01 -1.914199e+01 9.302392e+01 9.700809e+01 -3.338469e+01
7.131053e-03 2.284222e+01 -1.892138e+01 8.908806e+01 9.211686e+01 -2.974904e+01
7.194010e-03 2.178034e+01 -1.873621e+01 8.538771e+01 8.749805e+01 -2.614257e+01
7.256902e-03 2.068577e+01 -1.837056e+01 8.140358e+01 8.274120e+01 -2.291474e+01
7.319748e-03 1.971885e+01 -1.831118e+01 7.804563e+01 7.812834e+01 -1.908963e+01
7.382611e-03 1.873474e+01 -1.787816e+01 7.421005e+01 7.370317e+01 -1.620845e+01
7.445306e-03 1.782770e+01 -1.765436e+01 7.087756e+01 6.946966e+01 -1.301357e+01
7.507906e-03 1.697348e+01 -1.729462e+01 6.740756e+01 6.544569e+01 -1.025670e+01
7.570818e-03 1.608806e+01 -1.707244e+01 6.415246e+01 6.104955e+01 -7.068740e+00
7.633721e-03 1.534109e+01 -1.670122e+01 6.095274e+01 5.745103e+01 -4.670090e+00
7.696586e-03 1.452229e+01 -1.632502e+01 5.766199e+01 5.344512e+01 -2.112578e+00
7.759492e-03 1.383946e+01 -1.603000e+01 5.474476e+01 4.997197e+01 2.599387e-01
7.822382e-03 1.310890e+01 -1.563477e+01 5.168230e+01 4.636868e+01 2.452418e+00
7.885469e-03 1.246538e+01 -1.534575e+01 4.897248e+01 4.306489e+01 4.604127e+00
7.948044e-03 1.183123e+01 -1.496111e+01 4.615882e+01 3.982056e+01 6.487082e+00
8.010528e-03 1.121683e+01 -1.466115e+01 4.355926e+01 3.657797e+01 8.495200e+00
8.073516e-03 1.068588e+01 -1.427719e+01 4.107357e+01 3.394983e+01 9.859953e+00
8.136423e-03 1.009643e+01 -1.390448e+01 3.850486e+01 3.092369e+01 1.148867e+01
8.199228e-03 9.599946e+00 -1.352275e+01 3.612710e+01 2.834278e+01 1.275445e+01
8.262023e-03 9.123435e+00 -1.322069e+01 3.395766e+01 2.573702e+01 1.413883e+01
8.324981e-03 8.637902e+00 -1.280927e+01 3.170199e+01 2.341347e+01 1.508556e+01
8.388025e-03 8.222160e+00 -1.247948e+01 2.970966e+01 2.120919e+01 1.603101e+01
8.450798e-03 7.774891e+00 -1.210149e+01 2.761007e+01 1.886210e+01 1.700839e+01
8.513424e-03 7.414197e+00 -1.176120e+01 2.581301e+01 1.699292e+01 1.764963e+01
8.576219e-03 7.018113e+00 -1.138384e+01 2.392340e+01 1.505091e+01 1.825565e+01
8.639099e-03 6.676265e+00 -1.101816e+01 2.222480e+01 1.337236e+01 1.862989e+01
8.701941e-03 6.346229e+00 -1.067607e+01 2.055807e+01 1.157938e+01 1.916702e+01
8.764716e-03 6.023579e+00 -1.031269e+01 1.896441e+01 9.973736e+00 1.950177e+01
8.827545e-03 5.739295e+00 -9.958591e+00 1.752314e+01 8.708634e+00 1.950022e+01
8.890404e-03 5.445450e+00 -9.584703e+00 1.602040e+01 7.246680e+00 1.968396e+01
8.953189e-03 5.194900e+00 -9.241741e+00 1.470152e+01 6.000989e+00 1.971986e+01
9.016039e-03 4.941859e+00 -8.883279e+00 1.341966e+01 4.872402e+00 1.960361e+01
9.078883e-03 4.701366e+00 -8.525129e+00 1.217546e+01 3.821847e+00 1.946055e+01
9.141797e-03 4.490662e+00 -8.174213e+00 1.105302e+01 2.908183e+00 1.914582e+01
9.204714e-03 4.275579e+00 -7.828735e+00 9.906615e+00 1.843865e+00 1.910009e+01
9.267500e-03 4.085122e+00 -7.479000e+00 8.896262e+00 1.134602e+00 1.861677e+01
9.330389e-03 3.898734e+00 -7.128251e+00 7.906268e+00 4.116078e-01 1.821061e+01
9.393353e-03 3.722249e+00 -6.802700e+00 6.993931e+00 -3.175871e-01 1.788118e+01
9.456033e-03 3.569196e+00 -6.445502e+00 6.123313e+00 -8.143337e-01 1.723024e+01
9.518699e-03 3.400319e+00 -6.134942e+00 5.290519e+00 -1.510555e+00 1.696189e+01
9.581480e-03 3.265771e+00 -5.794328e+00 4.549078e+00 -1.817009e+00 1.616486e+01
9.644431e-03 3.126343e+00 -5.470724e+00 3.806273e+00 -2.316227e+00 1.570780e+01
9.707436e-03 2.999060e+00 -5.147289e+00 3.117728e+00 -2.684868e+00 1.509980e+01
9.770160e-03 2.878348e+00 -4.830834e+00 2.474915e+00 -2.998950e+00 1.446735e+01
9.832865e-03 2.758845e+00 -4.535446e+00 1.880877e+00 -3.338731e+00 1.395732e+01
9.895597e-03 2.661409e+00 -4.213238e+00 1.336193e+00 -3.432305e+00 1.309127e+01
9.958595e-03 2.548795e+00 -3.937331e+00 8.142451e-01 -3.734024e+00 1.263682e+01
1.002149e-02 2.457021e+00 -3.635776e+00 3.308055e-01 -3.820568e+00 1.185256e+01
1.008410e-02 2.365940e+00 -3.358879e+00 -1.089508e-01 -3.947241e+00 1.122620e+01
1.014702e-02 2.279380e+00 -3.078758e+00 -5.329579e-01 -4.054924e+00 1.062471e+01
1.020999e-02 2.202786e+00 -2.807987e+00 -9.092345e-01 -4.057779e+00 9.860570e+00
1.027280e-02 2.122306e+00 -2.554515e+00 -1.263107e+00 -4.120442e+00 9.300601e+00
1.033567e-02 2.052067e+00 -2.294315e+00 -1.595259e+00 -4.125885e+00 8.641015e+00
1.039854e-02 1.980466e+00 -2.057808e+00 -1.866687e+00 -4.083806e+00 8.016137e+00
1.046130e-02 1.919657e+00 -1.815894e+00 -2.140465e+00 -4.030862e+00 7.385509e+00
1.052408e-02 1.858160e+00 -1.593184e+00 -2.371887e+00 -3.957561e+00 6.773209e+00
1.058689e-02 1.794677e+00 -1.375401e+00 -2.588631e+00 -3.904434e+00 6.248307e+00
1.064973e-02 1.747029e+00 -1.161062e+00 -2.777704e+00 -3.772867e+00 5.615541e+00
1.071266e-02 1.696276e+00 -9.571847e-01 -2.951556e+00 -3.669183e+00 5.106501e+00
1.077552e-02 1.644682e+00 -7.706950e-01 -3.087858e+00 -3.540182e+00 4.570684e+00
1.083829e-02 1.599147e+00 -5.822140e-01 -3.214652e+00 -3.399915e+00 4.061126e+00
1.090115e-02 1.556630e+00 -4.075423e-01 -3.325528e+00 -3.266122e+00 3.615740e+00
1.096400e-02 1.519824e+00 -2.380520e-01 -3.397265e+00 -3.070201e+00 3.085788e+00
1.102688e-02 1.479249e+00 -8.145717e-02 -3.466762e+00 -2.910914e+00 2.664409e+00
1.108967e-02 1.442737e+00 6.795876e-02 -3.511676e+00 -2.736019e+00 2.246692e+00
1.115232e-02 1.410135e+00 2.103301e-01 -3.543105e+00 -2.547198e+00 1.835598e+00
1.121507e-02 1.378979e+00 3.393046e-01 -3.557235e+00 -2.364036e+00 1.491296e+00
1.127797e-02 1.353112e+00 4.717118e-01 -3.558412e+00 -2.153409e+00 1.085819e+00
1.134099e-02 1.322703e+00 5.831964e-01 -3.541751e+00 -1.968957e+00 8.059423e-01
1.140372e-02 1.299136e+00 6.973492e-01 -3.518357e+00 -1.765330e+00 4.622414e-01
1.146650e-02 1.277125e+00 7.970346e-01 -3.475383e+00 -1.556876e+00 1.830369e-01
1.152952e-02 1.256966e+00 8.938193e-01 -3.422909e+00 -1.349550e+00 -8.659286e-02
1.159236e-02 1.235627e+00 9.807674e-01 -3.360261e+00 -1.148692e+00 -3.257692e-01
1.165521e-02 1.217969e+00 1.059094e+00 -3.286500e+00 -9.424275e-01 -5.417719e-01
1.171802e-02 1.206898e+00 1.140477e+00 -3.200742e+00 -7.227141e-01 -7.883344e-01
1.178091e-02 1.187255e+00 1.200564e+00 -3.106091e+00 -5.235533e-01 -9.352855e-01
1.184377e-02 1.179488e+00 1.268288e+00 -3.009210e+00 -3.140210e-01 -1.127448e+00
1.190645e-02 1.163195e+00 1.317012e+00 -2.895054e+00 -1.214034e-01 -1.250296e+00
1.196918e-02 1.155782e+00 1.369726e+00 -2.781230e+00 8.765703e-02 -1.394833e+00
1.203205e-02 1.149091e+00 1.417057e+00 -2.653497e+00 2.982231e-01 -1.530933e+00
1.209494e-02 1.140186e+00 1.452152e+00 -2.532688e+00 4.791881e-01 -1.597903e+00
1.215771e-02 1.137063e+00 1.489819e+00 -2.396733e+00 6.747921e-01 -1.701222e+00
1.222054e-02 1.129625e+00 1.516932e+00 -2.259698e+00 8.597647e-01 -1.743877e+00
1.228344e-02 1.129098e+00 1.543656e+00 -2.116840e+00 1.054781e+00 -1.815092e+00
1.234640e-02 1.124552e+00 1.560836e+00 -1.967176e+00 1.229071e+00 -1.842959e+00
1.240915e-02 1.124270e+00 1.578864e+00 -1.826331e+00 1.402656e+00 -1.863992e+00
1.247184e-02 1.123342e+00 1.593710e+00 -1.668857e+00 1.576035e+00 -1.884122e+00
1.253470e-02 1.124570e+00 1.599349e+00 -1.520103e+00 1.741212e+00 -1.876367e+00
1.259754e-02 1.126456e+00 1.605629e+00 -1.364094e+00 1.900729e+00 -1.868207e+00
1.266036e-02 1.127753e+00 1.609100e+00 -1.208476e+00 2.054999e+00 -1.843480e+00
1.272320e-02 1.126986e+00 1.604891e+00 -1.050997e+00 2.197720e+00 -1.796155e+00
1.278608e-02 1.135774e+00 1.604126e+00 -8.958323e-01 2.348485e+00 -1.770488e+00
1.284892e-02 1.138498e+00 1.597235e+00 -7.454146e-01 2.479889e+00 -1.714009e+00
1.291183e-02 1.142895e+00 1.588216e+00 -5.849084e-01 2.609380e+00 -1.642860e+00
1.297477e-02 1.146391e+00 1.576338e+00 -4.311744e-01 2.729815e+00 -1.574544e+00
1.303751e-02 1.151342e+00 1.561734e+00 -2.788030e-01 2.844363e+00 -1.488454e+00
1.310022e-02 1.160617e+00 1.547763e+00 -1.283107e-01 2.961078e+00 -1.424396e+00
1.316309e-02 1.162779e+00 1.529347e+00 2.329555e-02 3.060628e+00 -1.310555e+00
1.322594e-02 1.170828e+00 1.512131e+00 1.682691e-01 3.154950e+00 -1.224381e+00
1.328870e-02 1.176618e+00 1.489224e+00 3.130183e-01 3.243302e+00 -1.110010e+00
1.335152e-02 1.183699e+00 1.467073e+00 4.534318e-01 3.324478e+00 -1.004899e+00
1.341448e-02 1.190985e+00 1.447460e+00 5.936437e-01 3.406015e+00 -8.901609e-01
1.347734e-02 1.195086e+00 1.418987e+00 7.313127e-01 3.465476e+00 -7.580668e-01
1.354004e-02 1.201851e+00 1.392134e+00 8.624137e-01 3.525667e+00 -6.453143e-01
1.360289e-02 1.209760e+00 1.366987e+00 9.936958e-01 3.590321e+00 -5.202486e-01
1.366571e-02 1.215717e+00 1.340959e+00 1.116521e+00 3.635861e+00 -3.901116e-01
1.372857e-02 1.221167e+00 1.310283e+00 1.243048e+00 3.676297e+00 -2.490969e-01
1.379141e-02 1.226669e+00 1.280000e+00 1.355641e+00 3.704447e+00 -1.127427e-01
1.385412e-02 1.233210e+00 1.253008e+00 1.474945e+00 3.740345e+00 2.810056e-02
1.391702e-02 1.238373e+00 1.222867e+00 1.581019e+00 3.762271e+00 1.639695e-01
1.397990e-02 1.243440e+00 1.189782e+00 1.689004e+00 3.778442e+00 3.035888e-01
1.404272e-02 1.246867e+00 1.158156e+00 1.791009e+00 3.783923e+00 4.536483e-01
1.410560e-02 1.251216e+00 1.128518e+00 1.888154e+00 3.791575e+00 5.937716e-01
1.416843e-02 1.255812e+00 1.096448e+00 1.981694e+00 3.792760e+00 7.366907e-01
1.423121e-02 1.258208e+00 1.065144e+00 2.066816e+00 3.782288e+00 8.791154e-01
1.429401e-02 1.261224e+00 1.030968e+00 2.159631e+00 3.771058e+00 1.034985e+00
1.435689e-02 1.262969e+00 1.001204e+00 2.232535e+00 3.751726e+00 1.172287e+00
1.441980e-02 1.265693e+00 9.682403e-01 2.312576e+00 3.735849e+00 1.312887e+00
1.448261e-02 1.265600e+00 9.347761e-01 2.377887e+00 3.704089e+00 1.449324e+00
1.454538e-02 1.266077e+00 9.039737e-01 2.448537e+00 3.671190e+00 1.602105e+00
1.460822e-02 1.265945e+00 8.707342e-01 2.513801e+00 3.635162e+00 1.742980e+00
1.467115e-02 1.265300e+00 8.401030e-01 2.567825e+00 3.596231e+00 1.873504e+00
1.473401e-02 1.264177e+00 8.064399e-01 2.623271e+00 3.556205e+00 2.005149e+00
1.479676e-02 1.260370e+00 7.745379e-01 2.668858e+00 3.498768e+00 2.141971e+00
1.485961e-02 1.259129e+00 7.451966e-01 2.720823e+00 3.453510e+00 2.279400e+00
1.492239e-02 1.254774e+00 7.112016e-01 2.756474e+00 3.396168e+00 2.398280e+00
1.498506e-02 1.251573e+00 6.826505e-01 2.794806e+00 3.339022e+00 2.530295e+00
1.504789e-02 1.245918e+00 6.506399e-01 2.831554e+00 3.284842e+00 2.641674e+00
1.511078e-02 1.240160e+00 6.184730e-01 2.860313e+00 3.209359e+00 2.778083e+00
1.517364e-02 1.233818e+00 5.880073e-01 2.880018e+00 3.148115e+00 2.877610e+00
1.523654e-02 1.227629e+00 5.595630e-01 2.903081e+00 3.082490e+00 2.989670e+00
1.529942e-02 1.219486e+00 5.284088e-01 2.920791e+00 3.004511e+00 3.106574e+00
1.536235e-02 1.211466e+00 4.976531e-01 2.938271e+00 2.936760e+00 3.208144e+00
1.542517e-02 1.202651e+00 4.689476e-01 2.945128e+00 2.857051e+00 3.311310e+00
1.548789e-02 1.192676e+00 4.393826e-01 2.951670e+00 2.786590e+00 3.396696e+00
1.555076e-02 1.182856e+00 4.109685e-01 2.956466e+00 2.707839e+00 3.493688e+00
1.561359e-02 1.171393e+00 3.802635e-01 2.955679e+00 2.624143e+00 3.580994e+00
1.567632e-02 1.160879e+00 3.535306e-01 2.956841e+00 2.552288e+00 3.664922e+00
1.573917e-02 1.148344e+00 3.250084e-01 2.946229e+00 2.464766e+00 3.740351e+00
1.580208e-02 1.135689e+00 2.967008e-01 2.942377e+00 2.391437e+00 3.809958e+00
1.586491e-02 1.123318e+00 2.693385e-01 2.927394e+00 2.302526e+00 3.885672e+00
1.592764e-02 1.109673e+00 2.418158e-01 2.913960e+00 2.221766e+00 3.948745e+00
1.599049e-02 1.095341e+00 2.152425e-01 2.898087e+00 2.143584e+00 4.000963e+00
1.605344e-02 1.081520e+00 1.884858e-01 2.875033e+00 2.053835e+00 4.062969e+00
1.624590e-02 1.035093e+00 5.860459e-02 2.831091e+00 1.812973e+00 4.406355e+00
1.642530e-02 9.892428e-01 -6.796426e-03 2.732877e+00 1.584028e+00 4.467766e+00
1.660477e-02 9.380388e-01 -7.587538e-02 2.624881e+00 1.354970e+00 4.494945e+00
1.678430e-02 8.924741e-01 -1.371480e-01 2.524308e+00 1.142927e+00 4.496755e+00
1.696359e-02 8.385740e-01 -1.920563e-01 2.397024e+00 9.527170e-01 4.428871e+00
1.714294e-02 7.884129e-01 -2.465344e-01 2.263966e+00 7.540786e-01 4.361854e+00
1.732202e-02 7.378894e-01 -2.892120e-01 2.127890e+00 5.883576e-01 4.242582e+00
1.750141e-02 6.898597e-01 -3.313450e-01 1.991122e+00 4.266458e-01 4.112247e+00
1.768181e-02 6.414491e-01 -3.645482e-01 1.841652e+00 2.818765e-01 3.941809e+00
1.786131e-02 5.922163e-01 -3.887333e-01 1.686087e+00 1.548655e-01 3.744990e+00
1.804025e-02 5.497297e-01 -4.099975e-01 1.547743e+00 4.216186e-02 3.553984e+00
1.822032e-02 5.060771e-01 -4.235412e-01 1.402198e+00 -5.439777e-02 3.333524e+00
1.839987e-02 4.640798e-01 -4.293926e-01 1.250933e+00 -1.412685e-01 3.100363e+00
1.857923e-02 4.252307e-01 -4.292568e-01 1.107535e+00 -2.115878e-01 2.868644e+00
1.875889e-02 3.869546e-01 -4.238681e-01 9.680029e-01 -2.680318e-01 2.623593e+00
1.893827e-02 3.537301e-01 -4.127303e-01 8.330686e-01 -3.148868e-01 2.393425e+00
1.911768e-02 3.199257e-01 -3.975199e-01 6.985688e-01 -3.524405e-01 2.153012e+00
1.929737e-02 2.894334e-01 -3.784195e-01 5.741192e-01 -3.788753e-01 1.925132e+00
1.947670e-02 2.617806e-01 -3.552736e-01 4.583534e-01 -3.929351e-01 1.707914e+00
1.965601e-02 2.346075e-01 -3.299786e-01 3.484026e-01 -4.004749e-01 1.492508e+00
1.983541e-02 2.110805e-01 -3.021830e-01 2.440020e-01 -4.018806e-01 1.297612e+00
2.001489e-02 1.889963e-01 -2.731599e-01 1.484528e-01 -3.943398e-01 1.105072e+00
2.019468e-02 1.697204e-01 -2.434695e-01 6.841431e-02 -3.787649e-01 9.374606e-01
2.037444e-02 1.521448e-01 -2.129624e-01 -5.839730e-03 -3.580919e-01 7.780172e-01
2.055417e-02 1.368061e-01 -1.826476e-01 -7.110372e-02 -3.330449e-01 6.338818e-01
2.073390e-02 1.241235e-01 -1.523674e-01 -1.243870e-01 -3.018836e-01 5.096014e-01
2.091338e-02 1.122472e-01 -1.225320e-01 -1.684856e-01 -2.662675e-01 3.909660e-01
2.109302e-02 1.034625e-01 -9.351926e-02 -2.028094e-01 -2.264710e-01 2.939180e-01
2.127237e-02 9.580514e-02 -6.513213e-02 -2.281699e-01 -1.848066e-01 2.074901e-01
2.145116e-02 9.067393e-02 -3.934267e-02 -2.440984e-01 -1.404043e-01 1.393282e-01
2.163077e-02 8.613689e-02 -1.335045e-02 -2.519056e-01 -9.430509e-02 7.995264e-02
2.181049e-02 8.346296e-02 1.051650e-02 -2.519445e-01 -4.652426e-02 3.333136e-02
2.198999e-02 8.267131e-02 3.252816e-02 -2.453313e-01 -8.075910e-05 3.797870e-03
2.216980e-02 8.229642e-02 5.293356e-02 -2.329062e-01 4.665720e-02 -1.992410e-02
2.234970e-02 8.327589e-02 7.157373e-02 -2.143000e-01 9.254032e-02 -3.054697e-02
2.252980e-02 8.508353e-02 8.801874e-02 -1.905289e-01 1.361804e-01 -3.098108e-02
2.270853e-02 8.759529e-02 1.021341e-01 -1.632641e-01 1.769042e-01 -2.221441e-02
2.288717e-02 9.074717e-02 1.144651e-01 -1.325000e-01 2.150462e-01 -5.350330e-03
2.306686e-02 9.407593e-02 1.241346e-01 -9.893607e-02 2.500767e-01 1.838374e-02
2.324649e-02 9.843000e-02 1.321056e-01 -6.259374e-02 2.815270e-01 5.136136e-02
2.342617e-02 1.027819e-01 1.376519e-01 -2.616021e-02 3.086443e-01 8.876031e-02
2.360560e-02 1.072418e-01 1.415215e-01 1.304291e-02 3.329388e-01 1.316493e-01
2.378549e-02 1.117885e-01 1.428162e-01 5.062535e-02 3.511939e-01 1.776713e-01
2.396571e-02 1.164749e-01 1.424056e-01 9.054240e-02 3.675683e-01 2.286391e-01
2.414482e-02 1.209330e-01 1.405389e-01 1.272923e-01 3.782741e-01 2.792222e-01
2.432376e-02 1.251163e-01 1.365847e-01 1.647625e-01 3.855528e-01 3.324502e-01
2.450343e-02 1.295288e-01 1.311909e-01 1.997878e-01 3.878066e-01 3.874118e-01
2.468304e-02 1.332311e-01 1.246981e-01 2.331648e-01 3.878137e-01 4.394550e-01
2.486245e-02 1.366420e-01 1.171681e-01 2.644382e-01 3.833511e-01 4.913257e-01
2.504187e-02 1.398500e-01 1.084152e-01 2.933768e-01 3.759915e-01 5.414215e-01
2.522156e-02 1.424847e-01 9.915206e-02 3.195487e-01 3.655354e-01 5.887611e-01
2.540110e-02 1.446669e-01 8.876563e-02 3.417761e-01 3.510921e-01 6.327710e-01
2.558029e-02 1.462505e-01 7.850103e-02 3.623095e-01 3.358773e-01 6.727505e-01
2.575992e-02 1.471694e-01 6.750330e-02 3.791441e-01 3.173431e-01 7.085907e-01
2.593954e-02 1.476788e-01 5.640546e-02 3.914396e-01 2.959769e-01 7.396866e-01
2.611933e-02 1.475763e-01 4.574449e-02 4.019144e-01 2.751227e-01 7.665744e-01
2.629913e-02 1.470157e-01 3.457268e-02 4.092866e-01 2.515814e-01 7.891505e-01
2.647853e-02 1.452542e-01 2.371431e-02 4.115880e-01 2.261498e-01 8.039568e-01
2.665812e-02 1.435756e-01 1.367044e-02 4.118280e-01 2.018934e-01 8.159660e-01
2.683805e-02 1.409573e-01 3.433271e-03 4.089384e-01 1.759360e-01 8.219083e-01
2.701719e-02 1.378509e-01 -6.095997e-03 4.028297e-01 1.501768e-01 8.227915e-01
2.719620e-02 1.343388e-01 -1.526115e-02 3.947217e-01 1.243016e-01 8.201994e-01
2.737553e-02 1.299246e-01 -2.342679e-02 3.822399e-01 9.933841e-02 8.093978e-01
2.755538e-02 1.256197e-01 -3.128610e-02 3.694347e-01 7.495548e-02 7.974463e-01
2.773538e-02 1.206436e-01 -3.856885e-02 3.534152e-01 5.097820e-02 7.797410e-01
2.791455e-02 1.152653e-01 -4.518920e-02 3.355249e-01 2.795454e-02 7.582066e-01
2.809381e-02 1.098828e-01 -5.086506e-02 3.170254e-01 6.992318e-03 7.341119e-01
2.827308e-02 1.040076e-01 -5.584147e-02 2.956057e-01 -1.280903e-02 7.046474e-01
2.845277e-02 9.819830e-02 -6.026769e-02 2.747615e-01 -3.117318e-02 6.746183e-01
2.863250e-02 9.211138e-02 -6.381201e-02 2.521417e-01 -4.788219e-02 6.405153e-01
2.881166e-02 8.621612e-02 -6.662817e-02 2.296524e-01 -6.246250e-02 6.052442e-01
2.899137e-02 8.028006e-02 -6.859543e-02 2.064461e-01 -7.529463e-02 5.682018e-01
2.917126e-02 7.433119e-02 -6.997752e-02 1.833416e-01 -8.643262e-02 5.293260e-01
2.935071e-02 6.865968e-02 -7.024117e-02 1.603437e-01 -9.509566e-02 4.900684e-01
2.953030e-02 6.319909e-02 -7.008213e-02 1.383300e-01 -1.020983e-01 4.508521e-01
2.970997e-02 5.784932e-02 -6.905299e-02 1.165996e-01 -1.070806e-01 4.110449e-01
2.988940e-02 5.281374e-02 -6.712356e-02 9.533624e-02 -1.099018e-01 3.713643e-01
3.006874e-02 4.806168e-02 -6.467386e-02 7.542068e-02 -1.111102e-01 3.329622e-01
3.024815e-02 4.365320e-02 -6.166019e-02 5.668303e-02 -1.107070e-01 2.956440e-01
3.042767e-02 3.948150e-02 -5.796458e-02 3.858586e-02 -1.085311e-01 2.591890e-01
3.060744e-02 3.568807e-02 -5.361777e-02 2.193288e-02 -1.046197e-01 2.244960e-01
3.078708e-02 3.227384e-02 -4.909339e-02 6.967222e-03 -9.978644e-02 1.922724e-01
3.096646e-02 2.915514e-02 -4.403616e-02 -6.698053e-03 -9.330436e-02 1.617339e-01
3.114600e-02 2.636815e-02 -3.872813e-02 -1.904507e-02 -8.600849e-02 1.335592e-01
3.132546e-02 2.398229e-02 -3.317173e-02 -2.977902e-02 -7.774396e-02 1.081519e-01
3.150520e-02 2.184042e-02 -2.755408e-02 -3.874813e-02 -6.854219e-02 8.502938e-02
3.168484e-02 2.011061e-02 -2.184669e-02 -4.633304e-02 -5.894479e-02 6.489934e-02
3.186375e-02 1.868687e-02 -1.623484e-02 -5.219582e-02 -4.882277e-02 4.754394e-02
3.204302e-02 1.761663e-02 -1.062860e-02 -5.630816e-02 -3.814294e-02 3.327192e-02
3.222277e-02 1.682128e-02 -5.246480e-03 -5.913455e-02 -2.754778e-02 2.135611e-02
3.240259e-02 1.632599e-02 -1.617137e-05 -6.017897e-02 -1.652310e-02 1.244836e-02
3.258186e-02 1.613947e-02 4.891244e-03 -5.995071e-02 -5.928166e-03 6.120993e-03
3.276123e-02 1.621029e-02 9.555062e-03 -5.808897e-02 4.920975e-03 2.587516e-03
3.294133e-02 1.654480e-02 1.390639e-02 -5.511489e-02 1.529832e-02 1.318699e-03
3.312088e-02 1.705324e-02 1.781014e-02 -5.085570e-02 2.526666e-02 2.371371e-03
3.330035e-02 1.779660e-02 2.140579e-02 -4.536679e-02 3.501472e-02 5.660704e-03
3.347992e-02 1.872854e-02 2.456967e-02 -3.901105e-02 4.395943e-02 1.082184e-02
3.365971e-02 1.981996e-02 2.736391e-02 -3.177955e-02 5.256376e-02 1.791910e-02
3.383927e-02 2.102895e-02 2.968113e-02 -2.388142e-02 6.020695e-02 2.652527e-02
3.401835e-02 2.230631e-02 3.160893e-02 -1.526784e-02 6.727827e-02 3.640878e-02
3.419757e-02 2.368343e-02 3.305873e-02 -6.275567e-03 7.340996e-02 4.764866e-02
3.437723e-02 2.510090e-02 3.418127e-02 2.967902e-03 7.873707e-02 5.962730e-02
3.455683e-02 2.657060e-02 3.477223e-02 1.233548e-02 8.312523e-02 7.270966e-02
3.473619e-02 2.801018e-02 3.500726e-02 2.188051e-02 8.654978e-02 8.614803e-02
3.491584e-02 2.944622e-02 3.484533e-02 3.137255e-02 8.919348e-02 1.000586e-01
3.509556e-02 3.085121e-02 3.427190e-02 4.065295e-02 9.073660e-02 1.142388e-01
3.527533e-02 3.216900e-02 3.338475e-02 4.960149e-02 9.149456e-02 1.281926e-01
3.545456e-02 3.341809e-02 3.207001e-02 5.810231e-02 9.109062e-02 1.421291e-01
3.563370e-02 3.458146e-02 3.056491e-02 6.643407e-02 9.019142e-02 1.557279e-01
3.581332e-02 3.559134e-02 2.861585e-02 7.374265e-02 8.797380e-02 1.685416e-01
3.599287e-02 3.654468e-02 2.658749e-02 8.074465e-02 8.541862e-02 1.809743e-01
3.617240e-02 3.732491e-02 2.421463e-02 8.715679e-02 8.196513e-02 1.925279e-01
3.635196e-02 3.802414e-02 2.168866e-02 9.280049e-02 7.783607e-02 2.033347e-01
3.653161e-02 3.848146e-02 1.904055e-02 9.744405e-02 7.316299e-02 2.125560e-01
3.671117e-02 3.885132e-02 1.622672e-02 1.012550e-01 6.783470e-02 2.208929e-01
3.689084e-02 3.908193e-02 1.342295e-02 1.047124e-01 6.236398e-02 2.283230e-01
3.707056e-02 3.912248e-02 1.049561e-02 1.069868e-01 5.627583e-02 2.341289e-01
3.724984e-02 3.901024e-02 7.615587e-03 1.085307e-01 5.003433e-02 2.386405e-01
3.742914e-02 3.871629e-02 4.744710e-03 1.089789e-01 4.351467e-02 2.415421e-01
3.760871e-02 3.833703e-02 1.886368e-03 1.091725e-01 3.695952e-02 2.436144e-01
3.778826e-02 3.776544e-02 -7.725187e-04 1.081913e-01 3.037945e-02 2.439329e-01
3.796764e-02 3.705571e-02 -3.425347e-03 1.063989e-01 2.374831e-02 2.428403e-01
3.814709e-02 3.621240e-02 -5.887451e-03 1.039345e-01 1.724099e-02 2.404290e-01
3.832696e-02 3.527071e-02 -8.226981e-03 1.011118e-01 1.090253e-02 2.371525e-01
3.850665e-02 3.418665e-02 -1.039481e-02 9.734784e-02 4.783057e-03 2.323121e-01
3.868582e-02 3.297822e-02 -1.229456e-02 9.303591e-02 -9.877709e-04 2.261065e-01
3.886530e-02 3.170785e-02 -1.407710e-02 8.820795e-02 -6.542383e-03 2.192526e-01
3.904481e-02 3.037061e-02 -1.561245e-02 8.303085e-02 -1.169218e-02 2.113634e-01
3.922441e-02 2.893454e-02 -1.694394e-02 7.744441e-02 -1.639707e-02 2.025722e-01
3.940396e-02 2.745632e-02 -1.799075e-02 7.138785e-02 -2.054412e-02 1.928501e-01
3.958316e-02 2.596074e-02 -1.890886e-02 6.533803e-02 -2.445742e-02 1.829248e-01
3.976287e-02 2.441642e-02 -1.953660e-02 5.894613e-02 -2.767035e-02 1.721708e-01
3.994250e-02 2.288314e-02 -1.996226e-02 5.238090e-02 -3.050992e-02 1.610110e-01
4.012200e-02 2.134426e-02 -2.015571e-02 4.595250e-02 -3.268314e-02 1.497217e-01
4.030171e-02 1.982643e-02 -2.017593e-02 3.953404e-02 -3.444381e-02 1.382419e-01
4.048123e-02 1.834451e-02 -1.996004e-02 3.303640e-02 -3.567102e-02 1.266336e-01
4.066058e-02 1.690376e-02 -1.953576e-02 2.682806e-02 -3.625982e-02 1.151259e-01
4.084001e-02 1.553675e-02 -1.899587e-02 2.088399e-02 -3.659489e-02 1.039472e-01
4.101966e-02 1.422058e-02 -1.820349e-02 1.506686e-02 -3.615674e-02 9.280074e-02
4.119937e-02 1.300379e-02 -1.731154e-02 9.685106e-03 -3.545560e-02 8.225422e-02
4.137874e-02 1.186181e-02 -1.620849e-02 4.535901e-03 -3.416848e-02 7.198952e-02
4.155813e-02 1.080217e-02 -1.503034e-02 -1.030519e-04 -3.257501e-02 6.234650e-02
4.173777e-02 9.854121e-03 -1.372851e-02 -4.347115e-03 -3.061949e-02 5.331787e-02
4.191752e-02 9.010210e-03 -1.228343e-02 -8.227076e-03 -2.820041e-02 4.491818e-02
4.209699e-02 8.276139e-03 -1.078958e-02 -1.152546e-02 -2.557558e-02 3.734289e-02
4.227635e-02 7.623438e-03 -9.207556e-03 -1.444074e-02 -2.266166e-02 3.037240e-02
4.245594e-02 7.088899e-03 -7.593602e-03 -1.677479e-02 -1.956032e-02 2.432419e-02
4.263530e-02 6.679947e-03 -5.953609e-03 -1.872516e-02 -1.626963e-02 1.913808e-02
4.281442e-02 6.339551e-03 -4.282785e-03 -2.012205e-02 -1.282811e-02 1.466358e-02
4.299392e-02 6.099166e-03 -2.651734e-03 -2.102366e-02 -9.379142e-03 1.111475e-02
4.317364e-02 5.965452e-03 -1.016310e-03 -2.151372e-02 -5.828473e-03 8.386328e-03
4.335324e-02 5.929457e-03 5.558220e-04 -2.152196e-02 -2.299992e-03 6.556161e-03
4.353285e-02 5.973809e-03 2.064372e-03 -2.115078e-02 1.180105e-03 5.506182e-03
4.371256e-02 6.083307e-03 3.506448e-03 -2.031753e-02 4.572588e-03 5.186576e-03
4.389237e-02 6.256920e-03 4.831856e-03 -1.908500e-02 7.809179e-03 5.635989e-03
4.407181e-02 6.519580e-03 6.075321e-03 -1.754376e-02 1.095042e-02 6.825666e-03
4.425100e-02 6.834369e-03 7.176194e-03 -1.566699e-02 1.381701e-02 8.683098e-03
4.443069e-02 7.186896e-03 8.178962e-03 -1.347557e-02 1.656292e-02 1.109356e-02
4.461032e-02 7.590359e-03 9.027150e-03 -1.104638e-02 1.900330e-02 1.405021e-02
4.478953e-02 8.024279e-03 9.748164e-03 -8.381612e-03 2.121826e-02 1.750590e-02
4.496901e-02 8.513231e-03 1.034050e-02 -5.611142e-03 2.318504e-02 2.137640e-02
4.514874e-02 8.982731e-03 1.077376e-02 -2.591689e-03 2.481976e-02 2.554924e-02
4.532821e-02 9.502399e-03 1.107579e-02 4.069850e-04 2.619666e-02 3.006957e-02
4.550745e-02 1.000560e-02 1.125137e-02 3.528550e-03 2.726789e-02 3.472170e-02
4.568707e-02 1.050556e-02 1.128028e-02 6.652725e-03 2.802629e-02 3.950976e-02
4.586694e-02 1.102034e-02 1.117668e-02 9.699525e-03 2.848613e-02 4.442811e-02
4.617836e-02 1.179487e-02 1.037452e-02 1.478289e-02 2.920825e-02 5.309596e-02
4.680927e-02 1.322125e-02 8.510971e-03 2.410607e-02 2.684382e-02 6.903036e-02
4.743756e-02 1.397849e-02 5.672175e-03 3.061055e-02 2.162113e-02 8.074117e-02
4.806661e-02 1.419254e-02 2.280746e-03 3.367125e-02 1.429562e-02 8.776287e-02
4.869280e-02 1.367508e-02 -1.080190e-03 3.347123e-02 6.412800e-03 8.869011e-02
4.931779e-02 1.266370e-02 -3.998478e-03 3.034263e-02 -1.208766e-03 8.448302e-02
4.994581e-02 1.113340e-02 -6.132926e-03 2.455466e-02 -7.595225e-03 7.509015e-02
5.057480e-02 9.365285e-03 -7.278465e-03 1.710525e-02 -1.201891e-02 6.220627e-02
5.120302e-02 7.557561e-03 -7.354105e-03 9.210200e-03 -1.406491e-02 4.786781e-02
5.183209e-02 5.770721e-03 -6.564754e-03 1.950170e-03 -1.385498e-02 3.339107e-02
5.246116e-02 4.358212e-03 -4.993238e-03 -4.112232e-03 -1.151622e-02 2.080684e-02
5.308896e-02 3.361068e-03 -2.997850e-03 -8.168647e-03 -7.636501e-03 1.133868e-02
5.371721e-02 2.885809e-03 -8.348355e-04 -1.001365e-02 -2.901424e-03 5.766583e-03
5.434780e-02 2.848089e-03 1.253692e-03 -9.546531e-03 2.033936e-03 4.081831e-03
5.497604e-02 3.209897e-03 2.970396e-03 -7.172687e-03 6.453052e-03 6.122303e-03
5.560013e-02 3.874051e-03 4.137017e-03 -3.525052e-03 9.733762e-03 1.115609e-02
5.622954e-02 4.634885e-03 4.668145e-03 1.009055e-03 1.172142e-02 1.795359e-02
5.686173e-02 5.396071e-03 4.490119e-03 5.603013e-03 1.207162e-02 2.546189e-02
5.748940e-02 6.023749e-03 3.727507e-03 9.604157e-03 1.100467e-02 3.236378e-02
5.811669e-02 6.404743e-03 2.494982e-03 1.247299e-02 8.677109e-03 3.750870e-02
5.874554e-02 6.535827e-03 1.045057e-03 1.409683e-02 5.595789e-03 4.062003e-02
5.937282e-02 6.351012e-03 -4.470834e-04 1.405653e-02 2.102341e-03 4.099104e-02
6.000021e-02 5.908100e-03 -1.776093e-03 1.270178e-02 -1.237292e-03 3.892406e-02
6.062750e-02 5.259382e-03 -2.781057e-03 1.015056e-02 -4.062250e-03 3.467494e-02
6.125597e-02 4.478326e-03 -3.353584e-03 6.862292e-03 -6.011824e-03 2.885931e-02
6.188682e-02 3.672178e-03 -3.450541e-03 3.270262e-03 -6.898919e-03 2.226826e-02
6.251462e-02 2.921258e-03 -3.073810e-03 -1.178692e-04 -6.669074e-03 1.573794e-02
6.314049e-02 2.295202e-03 -2.346477e-03 -2.834602e-03 -5.516776e-03 1.009122e-02
6.377015e-02 1.836325e-03 -1.341638e-03 -4.676675e-03 -3.559385e-03 5.748908e-03
6.439971e-02 1.602288e-03 -2.602824e-04 -5.476897e-03 -1.214451e-03 3.278722e-03
6.502803e-02 1.584333e-03 7.672321e-04 -5.167002e-03 1.220079e-03 2.741033e-03
6.565852e-02 1.750733e-03 1.617090e-03 -3.888894e-03 3.396925e-03 3.963732e-03
6.628652e-02 2.075887e-03 2.193107e-03 -1.956145e-03 5.061083e-03 6.669172e-03
6.691319e-02 2.462771e-03 2.439568e-03 4.147906e-04 6.021562e-03 1.020624e-02
6.754195e-02 2.859027e-03 2.347063e-03 2.823866e-03 6.178947e-03 1.408620e-02
6.816923e-02 3.197812e-03 1.970030e-03 4.904476e-03 5.623275e-03 1.763977e-02
6.879707e-02 3.435114e-03 1.343634e-03 6.500338e-03 4.407774e-03 2.049130e-02
6.942589e-02 3.520703e-03 5.830501e-04 7.280981e-03 2.770325e-03 2.205766e-02
7.005350e-02 3.448426e-03 -1.993152e-04 7.312233e-03 9.657873e-04 2.227793e-02
7.068149e-02 3.244477e-03 -9.108260e-04 6.617659e-03 -7.973324e-04 2.124788e-02
7.131092e-02 2.909607e-03 -1.464499e-03 5.260245e-03 -2.270456e-03 1.893603e-02
7.194060e-02 2.499293e-03 -1.779517e-03 3.483564e-03 -3.267205e-03 1.579037e-02
7.256947e-02 2.069321e-03 -1.852960e-03 1.566798e-03 -3.708761e-03 1.226020e-02
7.319738e-02 1.654396e-03 -1.685460e-03 -2.610343e-04 -3.595704e-03 8.718585e-03
7.382604e-02 1.325087e-03 -1.298496e-03 -1.783857e-03 -2.923024e-03 5.672611e-03
7.445392e-02 1.082677e-03 -7.689530e-04 -2.795059e-03 -1.859237e-03 3.371673e-03
7.507965e-02 9.727624e-04 -1.753353e-04 -3.255435e-03 -5.712597e-04 2.097667e-03
7.570782e-02 9.711625e-04 4.075078e-04 -3.082988e-03 7.758291e-04 1.860333e-03
7.633697e-02 1.084730e-03 9.035226e-04 -2.392763e-03 1.980965e-03 2.662448e-03
7.696614e-02 1.277025e-03 1.250399e-03 -1.303654e-03 2.904411e-03 4.262143e-03
7.759521e-02 1.513743e-03 1.404322e-03 6.068472e-05 3.431010e-03 6.401236e-03
7.822404e-02 1.748319e-03 1.366919e-03 1.440783e-03 3.510444e-03 8.667589e-03
7.885455e-02 1.954490e-03 1.151307e-03 2.692248e-03 3.172411e-03 1.078766e-02
7.948034e-02 2.104137e-03 7.956571e-04 3.631588e-03 2.465532e-03 1.246720e-02
8.010544e-02 2.156036e-03 3.599016e-04 4.154498e-03 1.516954e-03 1.341049e-02
8.073519e-02 2.124246e-03 -1.055451e-04 4.204969e-03 4.403137e-04 1.357645e-02
8.136420e-02 2.000047e-03 -5.303057e-04 3.822546e-03 -5.965678e-04 1.294905e-02
8.199246e-02 1.804848e-03 -8.639959e-04 3.031298e-03 -1.477779e-03 1.159168e-02
8.262013e-02 1.560619e-03 -1.066576e-03 2.016994e-03 -2.077438e-03 9.749093e-03
8.325004e-02 1.295519e-03 -1.116490e-03 8.617751e-04 -2.337437e-03 7.592588e-03
8.388076e-02 1.042535e-03 -1.021992e-03 -2.398218e-04 -2.257119e-03 5.454833e-03
8.450772e-02 8.310828e-04 -7.973497e-04 -1.170667e-03 -1.848436e-03 3.575609e-03
8.513407e-02 6.829063e-04 -4.779715e-04 -1.796736e-03 -1.189188e-03 2.180227e-03
8.576290e-02 6.094376e-04 -1.118528e-04 -2.083114e-03 -3.742359e-04 1.388871e-03
8.639170e-02 6.121720e-04 2.533934e-04 -1.985100e-03 4.800075e-04 1.266908e-03
8.701933e-02 6.832277e-04 5.693244e-04 -1.555366e-03 1.254002e-03 1.775679e-03
8.764729e-02 8.130710e-04 8.000580e-04 -8.620742e-04 1.862580e-03 2.825951e-03
8.827546e-02 9.631529e-04 9.154981e-04 1.136829e-05 2.225345e-03 4.188164e-03
8.890360e-02 1.130778e-03 9.049729e-04 9.052796e-04 2.298254e-03 5.724125e-03
8.953185e-02 1.270656e-03 7.829695e-04 1.743241e-03 2.112152e-03 7.139305e-03
9.016049e-02 1.377697e-03 5.620062e-04 2.392480e-03 1.677304e-03 8.298168e-03
9.078921e-02 1.429763e-03 2.787298e-04 2.771367e-03 1.065180e-03 9.007578e-03
9.141859e-02 1.418479e-03 -2.477575e-05 2.871836e-03 3.764637e-04 9.201727e-03
9.204760e-02 1.354946e-03 -3.135523e-04 2.661799e-03 -3.139524e-04 8.880069e-03
9.267535e-02 1.234720e-03 -5.478804e-04 2.194350e-03 -9.147074e-04 8.053769e-03
9.330406e-02 1.084929e-03 -7.032004e-04 1.530543e-03 -1.350654e-03 6.880941e-03
9.393390e-02 9.119700e-04 -7.600914e-04 7.772800e-04 -1.575194e-03 5.469697e-03
9.456102e-02 7.490839e-04 -7.214227e-04 1.741592e-05 -1.574850e-03 4.053650e-03
9.518740e-02 6.032730e-04 -5.896181e-04 -6.385096e-04 -1.351325e-03 2.752527e-03
9.581568e-02 4.960674e-04 -3.933485e-04 -1.132455e-03 -9.554986e-04 1.737829e-03
9.644552e-02 4.325269e-04 -1.542830e-04 -1.398267e-03 -4.356697e-04 1.094522e-03
9.707482e-02 4.188452e-04 8.792742e-05 -1.418939e-03 1.233300e-04 8.871470e-04
9.770146e-02 4.535000e-04 3.074738e-04 -1.212221e-03 6.519100e-04 1.103300e-03
9.832882e-02 5.235794e-04 4.773771e-04 -8.091029e-04 1.082873e-03 1.680793e-03
9.895640e-02 6.153914e-04 5.766677e-04 -2.737721e-04 1.364568e-03 2.505718e-03
9.958504e-02 7.187326e-04 5.979809e-04 3.063987e-04 1.467641e-03 3.473373e-03
1.002139e-01 8.130473e-04 5.408837e-04 8.656574e-04 1.394853e-03 4.418835e-03
1.008411e-01 8.889710e-04 4.144042e-04 1.320926e-03 1.152666e-03 5.223516e-03
1.014708e-01 9.323310e-04 2.397446e-04 1.624220e-03 7.868728e-04 5.760558e-03
1.021003e-01 9.397468e-04 4.656846e-05 1.738159e-03 3.507843e-04 5.977467e-03
1.027279e-01 9.147348e-04 -1.416821e-04 1.660398e-03 -9.846058e-05 5.870886e-03
1.033572e-01 8.460739e-04 -3.008883e-04 1.407257e-03 -5.058318e-04 5.407606e-03
1.039858e-01 7.535736e-04 -4.098991e-04 1.020519e-03 -8.123613e-04 4.699501e-03
1.046130e-01 6.477613e-04 -4.614031e-04 5.514844e-04 -9.932109e-04 3.843690e-03
1.052407e-01 5.358667e-04 -4.505323e-04 7.021051e-05 -1.024459e-03 2.920200e-03
1.058684e-01 4.355167e-04 -3.822706e-04 -3.601926e-04 -9.088493e-04 2.065832e-03
1.064969e-01 3.573319e-04 -2.672355e-04 -6.958709e-04 -6.695908e-04 1.365284e-03
1.071273e-01 3.095897e-04 -1.225786e-04 -8.943194e-04 -3.455959e-04 9.051681e-04
1.077558e-01 2.936382e-04 3.109633e-05 -9.334770e-04 1.551603e-05 7.210829e-04
1.083828e-01 3.097985e-04 1.749199e-04 -8.177737e-04 3.622653e-04 8.161612e-04
1.090114e-01 3.542894e-04 2.894639e-04 -5.779236e-04 6.531906e-04 1.167820e-03
1.096397e-01 4.149319e-04 3.630432e-04 -2.421273e-04 8.481187e-04 1.699223e-03
1.102684e-01 4.829423e-04 3.861453e-04 1.419995e-04 9.346452e-04 2.327737e-03
1.108970e-01 5.469184e-04 3.566122e-04 5.160317e-04 8.948980e-04 2.961087e-03
1.115233e-01 5.981142e-04 2.829590e-04 8.337083e-04 7.505786e-04 3.505948e-03
1.121508e-01 6.300269e-04 1.724716e-04 1.048983e-03 5.136860e-04 3.893636e-03
1.127798e-01 6.354621e-04 4.434599e-05 1.150798e-03 2.286261e-04 4.066279e-03
1.134097e-01 6.180209e-04 -8.596718e-05 1.113957e-03 -7.353631e-05 4.012568e-03
1.140373e-01 5.768035e-04 -2.008451e-04 9.602958e-04 -3.488803e-04 3.735221e-03
1.146647e-01 5.166025e-04 -2.828513e-04 7.066488e-04 -5.611319e-04 3.272020e-03
1.152948e-01 4.476291e-04 -3.265550e-04 3.904838e-04 -6.906160e-04 2.692288e-03
1.159235e-01 3.748025e-04 -3.265114e-04 5.518370e-05 -7.229365e-04 2.062480e-03
1.165517e-01 3.083040e-04 -2.821943e-04 -2.534757e-04 -6.503637e-04 1.466499e-03
1.171799e-01 2.563377e-04 -2.054333e-04 -5.024640e-04 -4.952830e-04 9.768285e-04
1.178092e-01 2.201488e-04 -1.028903e-04 -6.541504e-04 -2.735428e-04 6.344008e-04
1.184382e-01 2.077404e-04 8.160902e-06 -6.991043e-04 -2.118412e-05 4.883929e-04
1.190649e-01 2.155805e-04 1.141218e-04 -6.346548e-04 2.281324e-04 5.335627e-04
1.196918e-01 2.417619e-04 2.021941e-04 -4.706584e-04 4.442643e-04 7.566268e-04
1.203206e-01 2.825108e-04 2.624139e-04 -2.368476e-04 6.012431e-04 1.122665e-03
1.209492e-01 3.294837e-04 2.860803e-04 4.010430e-05 6.794409e-04 1.565236e-03
1.215770e-01 3.769861e-04 2.724267e-04 3.164479e-04 6.702802e-04 2.026136e-03
1.222060e-01 4.196758e-04 2.263055e-04 5.632958e-04 5.848906e-04 2.448102e-03
1.228351e-01 4.479076e-04 1.520555e-04 7.432635e-04 4.288640e-04 2.754927e-03
1.234639e-01 4.624273e-04 6.463319e-05 8.444907e-04 2.315124e-04 2.934870e-03
1.240910e-01 4.580986e-04 -2.625887e-05 8.483197e-04 1.826802e-05 2.946285e-03
1.247182e-01 4.362780e-04 -1.110895e-04 7.667175e-04 -1.907534e-04 2.802651e-03
1.253470e-01 3.992179e-04 -1.763590e-04 6.048253e-04 -3.582365e-04 2.513411e-03
1.259754e-01 3.516343e-04 -2.166840e-04 3.958322e-04 -4.731679e-04 2.130124e-03
1.266036e-01 2.987951e-04 -2.274765e-04 1.632060e-04 -5.178288e-04 1.688705e-03
1.272319e-01 2.481422e-04 -2.099053e-04 -6.347845e-05 -4.967467e-04 1.255086e-03
1.278607e-01 2.026465e-04 -1.659447e-04 -2.547538e-04 -4.103455e-04 8.648955e-04
1.284890e-01 1.698453e-04 -1.045179e-04 -3.923824e-04 -2.770947e-04 5.769213e-04
1.291182e-01 1.505506e-04 -3.374264e-05 -4.594541e-04 -1.145962e-04 4.066854e-04
1.297470e-01 1.469751e-04 3.579759e-05 -4.541282e-04 5.283276e-05 3.717122e-04
1.303744e-01 1.576975e-04 9.524661e-05 -3.842949e-04 2.041322e-04 4.614320e-04
1.310022e-01 1.796815e-04 1.374340e-04 -2.602765e-04 3.171050e-04 6.502273e-04
1.316312e-01 2.085740e-04 1.587532e-04 -1.038777e-04 3.839354e-04 9.059461e-04
1.322597e-01 2.398046e-04 1.570677e-04 5.905774e-05 3.953704e-04 1.184163e-03
1.328871e-01 2.679187e-04 1.328033e-04 2.067720e-04 3.491130e-04 1.444668e-03
1.335151e-01 2.878535e-04 9.149102e-05 3.204974e-04 2.589725e-04 1.644374e-03
1.341448e-01 2.969932e-04 3.942836e-05 3.847763e-04 1.373517e-04 1.758947e-03
1.347734e-01 2.940438e-04 -1.635992e-05 3.934926e-04 2.092394e-06 1.772831e-03
1.354003e-01 2.783110e-04 -6.705745e-05 3.448019e-04 -1.268295e-04 1.678660e-03
1.360284e-01 2.533142e-04 -1.067133e-04 2.509321e-04 -2.307742e-04 1.501615e-03
1.366568e-01 2.217719e-04 -1.309178e-04 1.236746e-04 -3.000625e-04 1.261572e-03
1.372858e-01 1.874278e-04 -1.354641e-04 -1.811993e-05 -3.214392e-04 9.883436e-04
1.379142e-01 1.560177e-04 -1.203104e-04 -1.534853e-04 -2.952234e-04 7.246883e-04
1.385416e-01 1.298473e-04 -8.846466e-05 -2.613059e-04 -2.270437e-04 5.016998e-04
1.391708e-01 1.130694e-04 -4.342969e-05 -3.319064e-04 -1.254340e-04 3.472927e-04
1.397994e-01 1.069586e-04 7.549114e-06 -3.516738e-04 -6.322775e-06 2.824764e-04
1.404273e-01 1.107280e-04 5.823418e-05 -3.192450e-04 1.142792e-04 3.101127e-04
1.410561e-01 1.252577e-04 1.005072e-04 -2.411352e-04 2.218960e-04 4.277179e-04
1.416844e-01 1.464860e-04 1.300756e-04 -1.245877e-04 3.009133e-04 6.140911e-04
1.423121e-01 1.721646e-04 1.425125e-04 1.198400e-05 3.417934e-04 8.426116e-04
1.429401e-01 1.980871e-04 1.373047e-04 1.529592e-04 3.411011e-04 1.081500e-03
1.435692e-01 2.212361e-04 1.155561e-04 2.795717e-04 2.966807e-04 1.300810e-03
1.441983e-01 2.376526e-04 7.976102e-05 3.735578e-04 2.170283e-04 1.469813e-03
1.448262e-01 2.450825e-04 3.550169e-05 4.289883e-04 1.133039e-04 1.567460e-03
1.454539e-01 2.424090e-04 -1.226816e-05 4.337490e-04 3.448200e-07 1.580151e-03
1.460823e-01 2.308931e-04 -5.755256e-05 3.943116e-04 -1.097097e-04 1.509101e-03
1.467115e-01 2.103607e-04 -9.440959e-05 3.130221e-04 -1.996789e-04 1.359291e-03
1.473399e-01 1.856737e-04 -1.182669e-04 2.004829e-04 -2.605440e-04 1.154427e-03
1.479676e-01 1.579640e-04 -1.266428e-04 7.527185e-05 -2.850806e-04 9.180373e-04
1.485964e-01 1.319174e-04 -1.186839e-04 -5.161726e-05 -2.721659e-04 6.826516e-04
1.492243e-01 1.096172e-04 -9.618323e-05 -1.600782e-04 -2.234866e-04 4.727533e-04
1.498507e-01 9.408370e-05 -6.258808e-05 -2.409393e-04 -1.488813e-04 3.139234e-04
1.504788e-01 8.615150e-05 -2.157394e-05 -2.812026e-04 -5.680800e-05 2.224806e-04
1.511078e-01 8.661127e-05 2.102123e-05 -2.800101e-04 3.950844e-05 2.056568e-04
1.517364e-01 9.411267e-05 5.952966e-05 -2.383803e-04 1.266107e-04 2.611339e-04
1.523652e-01 1.076011e-04 8.942273e-05 -1.613417e-04 1.955557e-04 3.798485e-04
1.529942e-01 1.242014e-04 1.071875e-04 -6.220624e-05 2.376197e-04 5.395813e-04
1.536237e-01 1.424122e-04 1.101236e-04 4.503458e-05 2.482614e-04 7.209985e-04
1.542519e-01 1.591653e-04 9.856929e-05 1.485236e-04 2.276006e-04 8.958027e-04
1.548791e-01 1.721160e-04 7.488975e-05 2.314325e-04 1.789700e-04 1.037526e-03
1.555078e-01 1.803156e-04 4.302314e-05 2.887466e-04 1.101278e-04 1.133661e-03
1.561363e-01 1.818624e-04 6.909398e-06 3.105132e-04 2.882438e-05 1.169802e-03
1.567636e-01 1.766112e-04 -2.768273e-05 2.963443e-04 -5.315397e-05 1.140930e-03
1.573916e-01 1.647467e-04 -5.690616e-05 2.495448e-04 -1.252391e-04 1.053131e-03
1.580207e-01 1.475103e-04 -7.791952e-05 1.769428e-04 -1.792503e-04 9.189141e-04
1.586492e-01 1.275258e-04 -8.817670e-05 8.916121e-05 -2.082541e-04 7.552746e-04
1.592766e-01 1.067101e-04 -8.739204e-05 -2.334775e-06 -2.095491e-04 5.807862e-04
1.599049e-01 8.815947e-05 -7.543978e-05 -8.581040e-05 -1.838892e-04 4.184792e-04
1.605344e-01 7.322907e-05 -5.455694e-05 -1.504817e-04 -1.366312e-04 2.839539e-04
1.624649e-01 6.488786e-05 2.898008e-05 -1.761034e-04 6.393334e-05 1.947718e-04
1.642557e-01 9.411292e-05 6.653234e-05 -2.104503e-05 1.626289e-04 4.530170e-04
1.660459e-01 1.235161e-04 3.515930e-05 1.395375e-04 1.009081e-04 7.339853e-04
1.678421e-01 1.217857e-04 -2.830924e-05 1.504479e-04 -4.946833e-05 7.581159e-04
1.696353e-01 8.983124e-05 -5.959214e-05 1.338570e-05 -1.316666e-04 5.012859e-04
1.714286e-01 5.898897e-05 -3.470257e-05 -1.298462e-04 -8.235290e-05 2.280822e-04
1.732198e-01 5.365317e-05 1.454666e-05 -1.510182e-04 3.398677e-05 1.615109e-04
1.750152e-01 7.109203e-05 3.887202e-05 -6.013328e-05 9.537205e-05 3.075625e-04
1.768177e-01 8.626393e-05 1.789414e-05 2.950389e-05 4.694683e-05 4.612288e-04
1.786121e-01 7.884253e-05 -1.965204e-05 2.107914e-05 -4.213742e-05 4.342252e-04
1.804030e-01 5.816740e-05 -3.126648e-05 -6.694308e-05 -7.693083e-05 2.649836e-04
1.822028e-01 4.229692e-05 -3.320277e-06 -1.259137e-04 -2.163399e-05 1.348957e-04
1.839998e-01 4.579057e-05 3.096822e-05 -8.701370e-05 6.486792e-05 1.814049e-04
1.857937e-01 6.388088e-05 3.439486e-05 1.793324e-05 8.687288e-05 3.485669e-04
1.875926e-01 7.487786e-05 4.634242e-06 8.250237e-05 2.090388e-05 4.584924e-04
1.893867e-01 6.575910e-05 -2.978456e-05 3.883384e-05 -6.146949e-05 3.854154e-04
1.911794e-01 4.489222e-05 -3.221875e-05 -6.024081e-05 -7.090008e-05 2.008730e-04
1.929763e-01 3.556126e-05 8.778821e-07 -1.132263e-04 3.038223e-06 9.517439e-05
1.947689e-01 4.659086e-05 4.005700e-05 -5.181983e-05 9.317656e-05 1.909204e-04
1.965614e-01 6.972460e-05 4.667543e-05 7.689923e-05 1.113509e-04 4.111119e-04
1.983545e-01 8.264805e-05 1.237949e-05 1.619402e-04 3.498783e-05 5.562787e-04
2.001492e-01 7.292489e-05 -2.920599e-05 1.311507e-04 -6.552052e-05 4.942838e-04
2.019476e-01 4.837818e-05 -4.358572e-05 1.433491e-05 -1.004249e-04 2.814318e-04
2.037448e-01 2.879282e-05 -1.881316e-05 -7.976605e-05 -4.172548e-05 1.001099e-04
2.055436e-01 2.912539e-05 1.925619e-05 -7.515079e-05 4.824915e-05 9.507302e-05
2.073409e-01 4.559131e-05 3.661042e-05 1.284065e-05 8.824461e-05 2.445194e-04
2.091331e-01 5.912717e-05 2.000375e-05 9.493905e-05 5.013653e-05 3.923399e-04
2.109295e-01 5.786069e-05 -1.272252e-05 9.885565e-05 -2.283761e-05 3.962826e-04
2.127243e-01 4.301096e-05 -2.945125e-05 2.891373e-05 -6.269413e-05 2.667884e-04
2.145132e-01 2.827341e-05 -1.886468e-05 -4.479304e-05 -4.195650e-05 1.288800e-04
2.163084e-01 2.415965e-05 4.715915e-06 -6.307455e-05 1.041442e-05 8.998768e-05
2.181043e-01 2.964269e-05 1.664263e-05 -2.554580e-05 3.749218e-05 1.507841e-04
2.198991e-01 3.546285e-05 7.733576e-06 1.475176e-05 1.862874e-05 2.140775e-04
2.216975e-01 3.320012e-05 -7.318690e-06 1.064543e-05 -1.726396e-05 2.005007e-04
2.234966e-01 2.594394e-05 -1.098569e-05 -2.588817e-05 -2.476332e-05 1.343029e-04
2.252970e-01 2.308873e-05 3.276877e-06 -4.442443e-05 1.080824e-05 9.393680e-05
2.270852e-01 2.959953e-05 2.247339e-05 -8.330473e-06 5.152381e-05 1.476344e-04
2.288723e-01 4.088076e-05 2.393968e-05 6.150929e-05 5.715366e-05 2.683283e-04
2.306695e-01 4.844593e-05 4.596799e-06 1.050570e-04 1.895466e-05 3.484167e-04
2.324665e-01 4.453888e-05 -1.835230e-05 8.628581e-05 -3.592999e-05 3.166371e-04
2.342627e-01 3.014377e-05 -2.633797e-05 1.890895e-05 -5.924624e-05 1.950334e-04
2.360563e-01 1.727541e-05 -1.502159e-05 -3.992076e-05 -3.333966e-05 8.129544e-05
2.378553e-01 1.569022e-05 3.793744e-06 -5.261833e-05 1.067753e-05 5.644234e-05
2.396569e-01 2.246972e-05 1.359368e-05 -2.149016e-05 3.350781e-05 1.107505e-04
2.414498e-01 2.863233e-05 7.012112e-06 1.199600e-05 1.576956e-05 1.662706e-04
2.432397e-01 2.661591e-05 -6.772867e-06 1.196015e-05 -1.694093e-05 1.625955e-04
2.450345e-01 1.928642e-05 -1.140934e-05 -1.865284e-05 -2.879125e-05 1.020873e-04
2.468308e-01 1.282993e-05 -4.087661e-06 -4.447853e-05 -8.853950e-06 5.436387e-05
2.486244e-01 1.377111e-05 7.750141e-06 -3.766987e-05 2.306450e-05 6.251571e-05
2.504185e-01 2.034332e-05 1.286174e-05 -4.609790e-06 3.315333e-05 1.205907e-04
2.522154e-01 2.468785e-05 5.242063e-06 2.353732e-05 1.183281e-05 1.701518e-04
2.540114e-01 2.261966e-05 -5.927617e-06 2.121301e-05 -1.790137e-05 1.603712e-04
2.558058e-01 1.521228e-05 -1.013428e-05 -6.047234e-06 -3.024866e-05 1.025396e-04
2.576012e-01 1.008064e-05 -5.069128e-06 -3.112676e-05 -1.392277e-05 5.243707e-05
2.593962e-01 1.127118e-05 3.076493e-06 -3.163119e-05 1.114207e-05 4.708826e-05
2.611937e-01 1.558116e-05 7.575821e-06 -1.171430e-05 1.858996e-05 8.149193e-05
2.629942e-01 1.667659e-05 1.268891e-06 3.141526e-06 4.731499e-06 1.087666e-04
2.647885e-01 1.471998e-05 -6.872169e-06 -5.835072e-06 -1.285759e-05 9.498703e-05
2.665811e-01 1.129188e-05 -6.485665e-06 -2.683838e-05 -1.531352e-05 5.867938e-05
2.683801e-01 9.526934e-06 1.921181e-06 -3.505387e-05 2.385341e-06 4.020746e-05
2.701729e-01 1.204435e-05 9.870327e-06 -1.866189e-05 2.210814e-05 6.471631e-05
2.719632e-01 1.659803e-05 9.014589e-06 9.698554e-06 2.322865e-05 1.122094e-04
2.737587e-01 1.899322e-05 1.853613e-07 2.144998e-05 3.097832e-06 1.347291e-04
2.755578e-01 1.595715e-05 -7.904881e-06 6.912570e-06 -1.849223e-05 1.100184e-04
2.773550e-01 1.067042e-05 -7.124633e-06 -1.961565e-05 -1.894662e-05 6.055455e-05
2.791459e-01 7.595834e-06 1.935973e-06 -2.986972e-05 1.838152e-06 3.634804e-05
2.809385e-01 1.057514e-05 9.918163e-06 -1.277098e-05 2.390492e-05 6.288815e-05
2.827312e-01 1.740110e-05 9.503991e-06 1.799990e-05 2.432196e-05 1.164385e-04
2.845296e-01 2.055670e-05 7.531024e-07 3.377980e-05 3.169768e-06 1.437897e-04
2.863269e-01 1.795633e-05 -9.687057e-06 1.901551e-05 -2.033614e-05 1.204921e-04
2.881173e-01 1.209267e-05 -1.017147e-05 -1.205377e-05 -2.297635e-05 6.419596e-05
2.899148e-01 7.725582e-06 -1.135799e-06 -3.051653e-05 -4.497556e-06 2.845613e-05
2.917136e-01 8.401606e-06 8.649842e-06 -1.913881e-05 1.949422e-05 4.546312e-05
2.935083e-01 1.299904e-05 1.031151e-05 1.019980e-05 2.439584e-05 9.383839e-05
2.953064e-01 1.673808e-05 1.946032e-06 2.822277e-05 7.481158e-06 1.286646e-04
2.971025e-01 1.574732e-05 -7.182593e-06 2.009546e-05 -1.572760e-05 1.153587e-04
2.988941e-01 9.700269e-06 -9.215581e-06 -6.709168e-06 -2.234039e-05 6.653791e-05
3.006873e-01 5.407265e-06 -3.161194e-06 -2.558321e-05 -7.209842e-06 2.737284e-05
3.024817e-01 6.316431e-06 6.669998e-06 -2.040222e-05 1.400147e-05 3.329282e-05
3.042771e-01 1.053316e-05 9.687775e-06 3.173169e-06 2.292288e-05 7.704910e-05
3.060756e-01 1.459716e-05 3.667916e-06 2.358688e-05 1.147826e-05 1.145918e-04
3.078722e-01 1.424652e-05 -5.147005e-06 2.110306e-05 -9.510419e-06 1.094768e-04
3.096648e-01 9.677208e-06 -7.965381e-06 3.369908e-07 -2.126611e-05 7.162166e-05
3.114599e-01 5.292469e-06 -4.560692e-06 -2.042477e-05 -1.214450e-05 3.246506e-05
3.132555e-01 5.423737e-06 2.347160e-06 -2.308072e-05 5.111482e-06 2.486469e-05
3.150527e-01 8.351515e-06 6.782964e-06 -8.503892e-06 1.519547e-05 4.988294e-05
3.168493e-01 1.061400e-05 4.341799e-06 7.526539e-06 9.000500e-06 7.666154e-05
3.186391e-01 9.820640e-06 -1.818395e-06 9.828817e-06 -4.664971e-06 7.767495e-05
3.204305e-01 7.145179e-06 -5.071027e-06 -2.677418e-06 -1.224764e-05 5.450284e-05
3.222280e-01 4.761397e-06 -2.492544e-06 -1.662622e-05 -7.672471e-06 3.052723e-05
3.240267e-01 4.156836e-06 2.062289e-06 -1.671854e-05 2.915102e-06 2.527181e-05
3.258197e-01 5.262312e-06 3.677447e-06 -7.806722e-06 7.957875e-06 3.984985e-05
3.276150e-01 6.937042e-06 3.331066e-07 5.977194e-07 2.999673e-06 5.377024e-05
3.294148e-01 6.712517e-06 -2.985573e-06 -2.382896e-06 -6.732830e-06 4.851937e-05
3.312085e-01 4.367423e-06 -2.864449e-06 -1.271503e-05 -8.685709e-06 3.115832e-05
3.330031e-01 3.123835e-06 4.605063e-07 -1.781929e-05 1.055198e-06 2.153569e-05
3.347987e-01 4.723892e-06 5.164251e-06 -1.034951e-05 1.420570e-05 3.469300e-05
3.365969e-01 8.410729e-06 6.102122e-06 5.877727e-06 1.613167e-05 6.558294e-05
3.383923e-01 1.070092e-05 2.334764e-06 1.785068e-05 5.564546e-06 8.701522e-05
3.401828e-01 9.428524e-06 -2.820435e-06 1.548557e-05 -8.356808e-06 8.153221e-05
3.419763e-01 5.682811e-06 -5.808788e-06 2.658975e-07 -1.486424e-05 5.238899e-05
3.437730e-01 3.294805e-06 -3.816842e-06 -1.433629e-05 -9.392709e-06 2.364641e-05
3.455681e-01 3.198930e-06 1.545649e-06 -1.764384e-05 2.283263e-06 1.632505e-05
3.473617e-01 4.695847e-06 4.336791e-06 -9.857394e-06 8.995043e-06 3.148031e-05
3.491590e-01 6.266508e-06 2.654609e-06 1.003739e-06 7.215697e-06 4.799057e-05
3.509566e-01 5.818472e-06 -5.519885e-07 3.130880e-06 -1.574622e-06 4.916324e-05
3.527534e-01 3.831452e-06 -2.791708e-06 -4.030544e-06 -7.470317e-06 3.643526e-05
3.545449e-01 2.555174e-06 -1.818794e-06 -1.173036e-05 -5.262927e-06 2.087943e-05
3.563372e-01 2.379136e-06 1.244115e-06 -1.316026e-05 2.803892e-07 1.741993e-05
3.581341e-01 2.772181e-06 2.139128e-06 -8.237510e-06 3.294419e-06 2.485743e-05
3.599303e-01 3.149768e-06 3.623815e-07 -4.243470e-06 9.438484e-07 3.065469e-05
3.617254e-01 2.909194e-06 -1.286248e-06 -6.293736e-06 -2.700176e-06 2.769673e-05
3.635200e-01 1.942926e-06 -1.010185e-06 -1.123414e-05 -2.048708e-06 1.844326e-05
3.653165e-01 2.287147e-06 1.732495e-06 -1.182983e-05 4.001005e-06 1.627086e-05
3.671116e-01 3.861186e-06 4.846700e-06 -3.541616e-06 9.700210e-06 3.096950e-05
3.689088e-01 6.153485e-06 4.526981e-06 9.443206e-06 1.020069e-05 5.466656e-05
3.707076e-01 7.507308e-06 8.606711e-07 1.707138e-05 2.910489e-06 6.829393e-05
3.725001e-01 6.577869e-06 -3.622614e-06 1.247656e-05 -5.837782e-06 6.180684e-05
3.742913e-01 3.804421e-06 -4.953369e-06 5.572475e-07 -1.080945e-05 3.801455e-05
3.760877e-01 1.250092e-06 -1.552496e-06 -9.710312e-06 -8.151036e-06 1.842784e-05
3.778836e-01 2.207237e-07 1.346256e-06 -1.160310e-05 -3.122714e-09 1.477321e-05
3.796766e-01 1.664931e-06 2.131751e-06 -6.764847e-06 5.074604e-06 2.305468e-05
3.814707e-01 2.950669e-06 1.217008e-06 -1.438302e-06 2.340065e-06 2.968908e-05
3.832699e-01 2.518007e-06 -4.922036e-07 -1.478177e-06 -2.729564e-06 2.765754e-05
3.850666e-01 7.106576e-07 -1.027521e-06 -6.510215e-06 -2.938216e-06 1.850017e-05
3.868579e-01 9.044349e-07 2.662101e-07 -9.451273e-06 2.839773e-06 1.536536e-05
3.886538e-01 2.719555e-06 3.236203e-06 -4.538959e-06 8.522510e-06 2.432558e-05
3.904491e-01 4.610785e-06 4.053125e-06 5.684200e-06 8.499745e-06 4.255524e-05
3.922449e-01 5.371787e-06 2.021936e-06 1.344058e-05 1.810590e-06 5.473618e-05
3.940400e-01 4.026834e-06 -1.418098e-06 1.249231e-05 -5.706171e-06 5.068704e-05
3.958317e-01 1.952218e-06 -3.588354e-06 2.796466e-06 -8.109805e-06 3.237384e-05
3.976289e-01 1.085710e-06 -1.933434e-06 -5.798027e-06 -3.967512e-06 1.637589e-05
3.994255e-01 1.503506e-06 1.578755e-06 -6.788734e-06 3.055569e-06 1.473488e-05
4.012204e-01 2.561594e-06 2.957784e-06 -8.649225e-08 6.877801e-06 2.818710e-05
4.030168e-01 3.838970e-06 7.693157e-07 5.763425e-06 4.866569e-06 4.095893e-05
4.048122e-01 4.109870e-06 -1.925273e-06 5.522139e-06 -2.811436e-06 4.078698e-05
4.066062e-01 3.028298e-06 -2.547803e-06 -1.220724e-06 -8.750929e-06 2.774197e-05
4.084001e-01 1.342672e-06 -9.584450e-07 -8.954699e-06 -6.867497e-06 1.335239e-05
4.101968e-01 7.227370e-07 1.184283e-06 -9.297163e-06 1.034091e-06 9.605230e-06
4.119946e-01 1.479600e-06 2.865375e-06 -2.989571e-06 7.198135e-06 1.752692e-05
4.137897e-01 2.284275e-06 2.376764e-06 4.129010e-06 6.305230e-06 3.071240e-05
4.155829e-01 2.881234e-06 -4.143292e-08 6.700563e-06 5.682060e-07 3.656268e-05
4.173778e-01 2.339181e-06 -1.489305e-06 2.588202e-06 -4.779972e-06 3.147575e-05
4.191752e-01 1.071604e-06 -1.861673e-06 -3.549901e-06 -5.451580e-06 2.007883e-05
4.209702e-01 3.323103e-07 -5.806240e-07 -7.329433e-06 -2.207391e-06 1.125208e-05
4.227638e-01 -4.310574e-07 1.026939e-06 -7.689170e-06 3.846281e-07 1.024407e-05
4.245604e-01 -2.791778e-07 4.030236e-07 -5.747951e-06 1.614651e-06 1.330568e-05
4.263543e-01 2.264677e-07 -1.171798e-07 -5.621578e-06 1.243891e-06 1.416636e-05
4.281451e-01 3.026609e-07 -4.554782e-07 -7.480170e-06 -3.868907e-07 1.279868e-05
4.299400e-01 3.574828e-07 2.597248e-07 -8.614812e-06 -1.904267e-07 1.157376e-05
4.317365e-01 1.937773e-07 1.332276e-06 -7.001584e-06 7.670978e-07 1.251314e-05
4.335323e-01 -1.366747e-07 1.243648e-06 -4.802592e-06 5.890732e-07 1.601022e-05
4.353294e-01 -6.191751e-08 7.552204e-08 -3.295768e-06 -4.412823e-07 1.708171e-05
4.371263e-01 -2.317894e-07 -9.074733e-07 -4.931826e-06 -1.573985e-06 1.417636e-05
4.389235e-01 -6.571872e-07 -4.532877e-07 -8.426871e-06 -7.682473e-07 9.370138e-06
4.407180e-01 -6.909757e-07 7.663911e-07 -9.168057e-06 1.625614e-06 8.391197e-06
4.425103e-01 -1.844855e-07 2.216204e-06 -5.639185e-06 3.803377e-06 1.383650e-05
4.443072e-01 7.832185e-07 2.463536e-06 3.677671e-07 3.318227e-06 2.298495e-05
4.461036e-01 9.446432e-07 1.145509e-06 4.397858e-06 6.673573e-07 2.902390e-05
4.478956e-01 4.899339e-07 -1.027347e-06 3.658965e-06 -2.601600e-06 2.580388e-05
4.496902e-01 -2.653245e-07 -2.021343e-06 -1.639221e-06 -3.977549e-06 1.646682e-05
4.514874e-01 -7.723217e-07 -7.377405e-07 -7.145151e-06 -3.110676e-06 8.578531e-06
4.532823e-01 -1.009010e-06 5.588010e-07 -8.267776e-06 4.443040e-07 6.281693e-06
4.550750e-01 -4.608757e-07 1.375275e-06 -5.328560e-06 2.190496e-06 9.794953e-06
4.568708e-01 1.619316e-07 1.638897e-06 -1.586679e-06 1.222709e-06 1.512345e-05
4.586693e-01 2.989441e-07 8.646590e-08 -3.471990e-07 -4.747063e-07 1.691993e-05
4.604678e-01 3.605424e-07 2.005140e-07 -2.929263e-06 -2.206729e-07 1.289203e-05
4.861870e-01 2.900950e-07 1.613350e-07 -2.356905e-06 -1.775550e-07 1.037302e-05
5.133427e-01 2.334124e-07 1.298113e-07 -1.896382e-06 -1.428620e-07 8.346204e-06
5.420151e-01 1.878053e-07 1.044471e-07 -1.525843e-06 -1.149477e-07 6.715414e-06
5.722891e-01 1.511094e-07 8.403884e-08 -1.227704e-06 -9.248776e-08 5.403269e-06
6.042540e-01 1.215837e-07 6.761824e-08 -9.878190e-07 -7.441630e-08 4.347508e-06
6.380042e-01 9.782711e-08 5.440611e-08 -7.948061e-07 -5.987587e-08 3.498035e-06
6.736396e-01 7.871238e-08 4.377553e-08 -6.395065e-07 -4.817655e-08 2.814544e-06
7.112653e-01 6.333253e-08 3.522210e-08 -5.145514e-07 -3.876319e-08 2.264602e-06
7.509927e-01 5.095780e-08 2.833995e-08 -4.140117e-07 -3.118913e-08 1.822114e-06
7.929389e-01 4.100100e-08 2.280252e-08 -3.331167e-07 -2.509499e-08 1.466086e-06
8.372281e-01 3.298969e-08 1.834707e-08 -2.680280e-07 -2.019161e-08 1.179623e-06
8.839910e-01 2.654374e-08 1.476218e-08 -2.156572e-07 -1.624631e-08 9.491330e-07
9.333658e-01 2.135728e-08 1.187775e-08 -1.735193e-07 -1.307189e-08 7.636790e-07
9.854984e-01 1.718421e-08 9.556924e-09 -1.396149e-07 -1.051774e-08 6.144615e-07
1.040543e+00 1.382654e-08 7.689568e-09 -1.123351e-07 -8.462645e-09 4.944000e-07
1.098662e+00 1.112493e-08 6.187080e-09 -9.038560e-08 -6.809104e-09 3.977977e-07
1.160027e+00 8.951197e-09 4.978168e-09 -7.272489e-08 -5.478652e-09 3.200708e-07
1.224820e+00 7.202196e-09 4.005469e-09 -5.851496e-08 -4.408162e-09 2.575312e-07
1.293231e+00 5.794937e-09 3.222828e-09 -4.708154e-08 -3.546838e-09 2.072114e-07
1.365464e+00 4.662647e-09 2.593110e-09 -3.788214e-08 -2.853811e-09 1.667238e-07
1.441731e+00 3.751598e-09 2.086435e-09 -3.048023e-08 -2.296196e-09 1.341471e-07
1.522258e+00 3.018562e-09 1.678760e-09 -2.452461e-08 -1.847536e-09 1.079357e-07
1.607283e+00 2.428756e-09 1.350742e-09 -1.973267e-08 -1.486540e-09 8.684583e-08
1.697057e+00 1.954194e-09 1.086816e-09 -1.587705e-08 -1.196081e-09 6.987676e-08
1.791845e+00 1.572359e-09 8.744601e-10 -1.277478e-08 -9.623748e-10 5.622333e-08
1.891928e+00 1.265131e-09 7.035967e-10 -1.027868e-08 -7.743335e-10 4.523769e-08
1.997600e+00 1.017933e-09 5.661189e-10 -8.270298e-09 -6.230341e-10 3.639856e-08
2.109175e+00 8.190360e-10 4.555032e-10 -6.654340e-09 -5.012976e-10 2.928654e-08
2.226982e+00 6.590021e-10 3.665011e-10 -5.354128e-09 -4.033476e-10 2.356415e-08
2.351369e+00 5.302377e-10 2.948893e-10 -4.307969e-09 -3.245363e-10 1.895988e-08
2.482703e+00 4.266330e-10 2.372700e-10 -3.466222e-09 -2.611242e-10 1.525525e-08
2.621373e+00 3.432719e-10 1.909091e-10 -2.788947e-09 -2.101023e-10 1.227448e-08
2.767788e+00 2.761990e-10 1.536068e-10 -2.244006e-09 -1.690498e-10 9.876136e-09
2.922381e+00 2.222316e-10 1.235931e-10 -1.805543e-09 -1.360187e-10 7.946408e-09
3.085609e+00 1.788091e-10 9.944389e-11 -1.452752e-09 -1.094416e-10 6.393735e-09
3.257954e+00 1.438711e-10 8.001325e-11 -1.168895e-09 -8.805745e-11 5.144444e-09
3.439925e+00 1.157597e-10 6.437922e-11 -9.405010e-10 -7.085164e-11 4.139256e-09
3.632061e+00 9.314104e-11 5.179997e-11 -7.567337e-10 -5.700773e-11 3.330474e-09
3.834927e+00 7.494194e-11 4.167862e-11 -6.088732e-10 -4.586882e-11 2.679723e-09
4.049125e+00 6.029881e-11 3.353491e-11 -4.899036e-10 -3.690637e-11 2.156124e-09
4.275287e+00 4.851684e-11 2.698242e-11 -3.941799e-10 -2.969513e-11 1.734832e-09
4.514080e+00 3.903699e-11 2.171025e-11 -3.171599e-10 -2.389291e-11 1.395858e-09
4.766212e+00 3.140944e-11 1.746822e-11 -2.551891e-10 -1.922440e-11 1.123117e-09
5.032426e+00 2.527225e-11 1.405505e-11 -2.053269e-10 -1.546809e-11 9.036681e-10
5.313509e+00 2.033423e-11 1.130879e-11 -1.652075e-10 -1.244573e-11 7.270977e-10
5.610292e+00 1.636106e-11 9.099133e-12 -1.329271e-10 -1.001392e-11 5.850279e-10
5.923652e+00 1.316423e-11 7.321226e-12 -1.069541e-10 -8.057272e-12 4.707175e-10
6.254514e+00 1.059203e-11 5.890710e-12 -8.605600e-11 -6.482937e-12 3.787426e-10
6.603856e+00 8.522421e-12 4.739706e-12 -6.924126e-11 -5.216217e-12 3.047390e-10
6.972711e+00 6.857200e-12 3.813601e-12 -5.571200e-11 -4.197005e-12 2.451951e-10
7.362168e+00 5.517351e-12 3.068450e-12 -4.482627e-11 -3.376939e-12 1.972857e-10
7.773377e+00 4.439299e-12 2.468896e-12 -3.606753e-11 -2.717109e-12 1.587375e-10
8.207555e+00 3.571891e-12 1.986491e-12 -2.902019e-11 -2.186205e-12 1.277213e-10
8.665983e+00 2.873969e-12 1.598345e-12 -2.334984e-11 -1.759036e-12 1.027654e-10
9.150017e+00 2.312415e-12 1.286039e-12 -1.878745e-11 -1.415333e-12 8.268578e-11
9.661086e+00 1.860586e-12 1.034756e-12 -1.511651e-11 -1.138786e-12 6.652956e-11
1.020070e+01 1.497040e-12 8.325722e-13 -1.216285e-11 -9.162756e-13 5.353015e-11
1.077045e+01 1.204529e-12 6.698934e-13 -9.786316e-12 -7.372417e-13 4.307073e-11
1.137203e+01 9.691725e-13 5.390009e-13 -7.874138e-12 -5.931899e-13 3.465501e-11
1.200721e+01 7.798030e-13 4.336839e-13 -6.335587e-12 -4.772847e-13 2.788367e-11
1.267787e+01 6.274349e-13 3.489451e-13 -5.097657e-12 -3.840266e-13 2.243539e-11
1.338598e+01 5.048385e-13 2.807637e-13 -4.101611e-12 -3.089905e-13 1.805167e-11
1.413365e+01 4.061966e-13 2.259044e-13 -3.300185e-12 -2.486159e-13 1.452450e-11
1.492308e+01 3.268287e-13 1.817643e-13 -2.655352e-12 -2.000381e-13 1.168652e-11
1.575660e+01 2.629686e-13 1.462488e-13 -2.136515e-12 -1.609521e-13 9.403054e-12
1.663667e+01 2.115864e-13 1.176728e-13 -1.719055e-12 -1.295032e-13 7.565763e-12
1.756590e+01 1.702439e-13 9.468038e-14 -1.383163e-12 -1.041992e-13 6.087466e-12
1.854704e+01 1.369794e-13 7.618049e-14 -1.112903e-12 -8.383937e-14 4.898018e-12
1.958297e+01 1.102146e-13 6.129536e-14 -8.954495e-13 -6.745774e-14 3.940979e-12
2.067677e+01 8.867945e-14 4.931868e-14 -7.204850e-13 -5.427697e-14 3.170940e-12
2.183166e+01 7.135210e-14 3.968215e-14 -5.797073e-13 -4.367163e-14 2.551360e-12
2.305105e+01 5.741040e-14 3.192854e-14 -4.664365e-13 -3.513850e-14 2.052842e-12
2.433855e+01 4.619281e-14 2.568992e-14 -3.752981e-13 -2.827268e-14 1.651731e-12
2.569797e+01 3.716706e-14 2.067029e-14 -3.019675e-13 -2.274840e-14 1.328995e-12
2.713331e+01 2.990488e-14 1.663146e-14 -2.429651e-13 -1.830352e-14 1.069318e-12
2.864883e+01 2.406167e-14 1.338179e-14 -1.954915e-13 -1.472714e-14 8.603810e-13
3.024899e+01 1.936019e-14 1.076708e-14 -1.572938e-13 -1.184956e-14 6.922686e-13
3.193854e+01 1.557735e-14 8.663270e-15 -1.265597e-13 -9.534240e-15 5.570042e-13
3.372244e+01 1.253364e-14 6.970528e-15 -1.018308e-13 -7.671316e-15 4.481694e-13
3.560599e+01 1.008466e-14 5.608536e-15 -8.193379e-14 -6.172395e-15 3.606003e-13
3.759474e+01 8.114184e-15 4.512667e-15 -6.592450e-14 -4.966352e-15 2.901415e-13
3.969458e+01 6.528730e-15 3.630924e-15 -5.304331e-14 -3.995962e-15 2.334499e-13
4.191170e+01 5.253062e-15 2.921467e-15 -4.267902e-14 -3.215179e-15 1.878354e-13
4.425265e+01 4.226650e-15 2.350632e-15 -3.433984e-14 -2.586955e-15 1.511337e-13
4.672436e+01 3.400792e-15 1.891335e-15 -2.763007e-14 -2.081482e-15 1.216032e-13
4.933412e+01 2.736301e-15 1.521782e-15 -2.223135e-14 -1.674775e-15 9.784281e-14
5.208965e+01 2.201647e-15 1.224436e-15 -1.788750e-14 -1.347536e-15 7.872501e-14
5.499909e+01 1.771461e-15 9.851899e-16 -1.439241e-14 -1.084237e-15 6.334269e-14
5.807103e+01 1.425330e-15 7.926907e-16 -1.158023e-14 -8.723846e-16 5.096597e-14
6.131455e+01 1.146830e-15 6.378045e-16 -9.317537e-15 -7.019267e-16 4.100758e-14
6.473924e+01 9.227477e-16 5.131820e-16 -7.496955e-15 -5.647752e-16 3.299499e-14
6.835522e+01 7.424492e-16 4.129098e-16 -6.032103e-15 -4.544221e-16 2.654800e-14
7.217316e+01 5.973799e-16 3.322301e-16 -4.853472e-15 -3.656312e-16 2.136070e-14
7.620435e+01 4.806560e-16 2.673147e-16 -3.905138e-15 -2.941894e-16 1.718697e-14
8.046070e+01 3.867392e-16 2.150833e-16 -3.142101e-15 -2.367069e-16 1.382876e-14
8.495479e+01 3.111731e-16 1.730575e-16 -2.528157e-15 -1.904560e-16 1.112672e-14
8.969989e+01 2.503720e-16 1.392433e-16 -2.034172e-15 -1.532422e-16 8.952633e-15
9.471003e+01 2.014511e-16 1.120361e-16 -1.636709e-15 -1.232998e-16 7.203352e-15
1.000000e+02 1.620890e-16 9.014504e-17 -1.316908e-15 -9.920786e-17 5.795867e-15
