# k [h/Mpc], q0, q1/i, q2, q3/i, q4
5.385587e-05 1.000000e+00 1.107800e-02 3.914177e-04 -2.329478e-02 1.102675e+00
1.034961e-04 9.990502e-01 2.126822e-02 6.438863e-04 1.574826e-03 -1.091083e-01
1.650345e-04 9.969506e-01 3.383673e-02 1.360747e-03 8.833902e-03 -1.318471e-01
2.219461e-04 9.942105e-01 4.534889e-02 2.881863e-03 -2.610405e-03 4.952972e-02
2.831569e-04 9.903354e-01 5.759718e-02 4.429104e-03 3.790323e-03 -2.741964e-02
3.481074e-04 9.852335e-01 7.038674e-02 6.585339e-03 6.363999e-03 -3.851823e-02
4.078467e-04 9.798252e-01 8.156998e-02 -2.909401e-02 -5.126775e-03 2.915592e-02
4.685721e-04 9.730314e-01 9.354817e-02 3.646157e-02 5.206857e-03 -6.967375e-03
5.344152e-04 9.650431e-01 1.054953e-01 2.195460e-02 6.315050e-03 -1.289164e-02
5.979215e-04 9.564511e-01 1.166302e-01 1.454948e-02 2.849135e-03 1.950933e-03
6.594309e-04 9.471873e-01 1.271793e-01 2.427571e-02 2.513182e-03 1.083381e-02
7.211547e-04 9.371191e-01 1.373974e-01 2.818891e-02 1.007781e-02 -1.564758e-02
7.842715e-04 9.261157e-01 1.472111e-01 2.740369e-02 8.343213e-03 -4.837225e-03
8.480725e-04 9.141035e-01 1.567391e-01 3.677967e-02 8.838263e-03 2.163980e-03
9.105595e-04 9.015072e-01 1.656369e-01 5.117069e-02 1.254914e-02 1.397306e-03
9.726731e-04 8.885444e-01 1.737878e-01 5.024845e-02 1.475070e-02 -1.997844e-03
1.035373e-03 8.746616e-01 1.816180e-01 5.798127e-02 2.057506e-02 -9.221472e-03
1.098784e-03 8.601337e-01 1.887098e-01 6.272536e-02 1.904313e-02 1.297251e-03
1.161586e-03 8.451224e-01 1.953413e-01 6.790677e-02 2.450027e-02 -5.826687e-03
1.224174e-03 8.296207e-01 2.012015e-01 7.647404e-02 2.584817e-02 1.079540e-03
1.288412e-03 8.131826e-01 2.068072e-01 8.284491e-02 3.379044e-02 -1.032027e-02
1.351080e-03 7.968353e-01 2.112234e-01 9.131223e-02 3.129308e-02 6.791704e-03
1.412291e-03 7.802832e-01 2.154477e-01 9.881062e-02 4.173112e-02 -7.190273e-03
1.475368e-03 7.631416e-01 2.188627e-01 1.034502e-01 4.398952e-02 -6.982181e-03
1.538515e-03 7.454160e-01 2.219639e-01 1.112576e-01 5.373306e-02 -1.738769e-02
1.601338e-03 7.279322e-01 2.235756e-01 1.200640e-01 4.820164e-02 7.523739e-03
1.665074e-03 7.095598e-01 2.253254e-01 1.295572e-01 5.710045e-02 -2.184027e-04
1.728027e-03 6.913195e-01 2.268405e-01 1.322382e-01 6.896728e-02 -1.874014e-02
1.789887e-03 6.733264e-01 2.267425e-01 1.457060e-01 6.964945e-02 -2.757566e-03
1.852570e-03 6.550733e-01 2.269490e-01 1.481433e-01 7.842990e-02 -1.652356e-02
1.915088e-03 6.369466e-01 2.257611e-01 1.583333e-01 7.906380e-02 -2.765161e-03
1.978019e-03 6.182635e-01 2.251132e-01 1.632637e-01 9.201907e-02 -2.010640e-02
2.041684e-03 5.998080e-01 2.228354e-01 1.737231e-01 9.400060e-02 -8.323290e-03
2.104726e-03 5.815746e-01 2.207587e-01 1.778056e-01 1.003770e-01 -1.440055e-02
2.167060e-03 5.634274e-01 2.181282e-01 1.855061e-01 1.083141e-01 -1.708074e-02
2.229921e-03 5.454980e-01 2.149179e-01 1.918145e-01 1.133491e-01 -1.663947e-02
2.292794e-03 5.275624e-01 2.114926e-01 1.977844e-01 1.210544e-01 -2.094899e-02
2.355230e-03 5.101571e-01 2.073410e-01 2.051123e-01 1.252621e-01 -1.728938e-02
2.418331e-03 4.927252e-01 2.029766e-01 2.112627e-01 1.314299e-01 -1.793493e-02
2.481215e-03 4.754515e-01 1.985525e-01 2.162041e-01 1.391109e-01 -2.343836e-02
2.543891e-03 4.588591e-01 1.933898e-01 2.224832e-01 1.426343e-01 -1.899476e-02
2.607003e-03 4.419684e-01 1.884867e-01 2.269784e-01 1.512666e-01 -2.611408e-02
2.669740e-03 4.257172e-01 1.831766e-01 2.315371e-01 1.569173e-01 -2.754266e-02
2.732628e-03 4.101938e-01 1.771350e-01 2.372835e-01 1.598964e-01 -2.310331e-02
2.796013e-03 3.943303e-01 1.715099e-01 2.412005e-01 1.669292e-01 -2.744553e-02
2.858795e-03 3.791826e-01 1.656786e-01 2.447025e-01 1.711858e-01 -2.745626e-02
2.920959e-03 3.648140e-01 1.594692e-01 2.487188e-01 1.754428e-01 -2.798182e-02
2.983535e-03 3.503396e-01 1.535457e-01 2.516765e-01 1.806687e-01 -2.942048e-02
3.046449e-03 3.362581e-01 1.473883e-01 2.544942e-01 1.858782e-01 -3.235210e-02
3.109435e-03 3.226111e-01 1.413636e-01 2.561022e-01 1.889457e-01 -3.306511e-02
3.172429e-03 3.100088e-01 1.345496e-01 2.603424e-01 1.905280e-01 -2.708230e-02
3.235378e-03 2.970728e-01 1.284583e-01 2.619610e-01 1.954094e-01 -3.136750e-02
3.298350e-03 2.846782e-01 1.223943e-01 2.630634e-01 1.977908e-01 -3.084679e-02
3.361502e-03 2.725217e-01 1.163691e-01 2.637601e-01 2.017335e-01 -3.453190e-02
3.424034e-03 2.612431e-01 1.103048e-01 2.647875e-01 2.031592e-01 -3.249562e-02
3.486610e-03 2.504560e-01 1.042591e-01 2.656565e-01 2.045488e-01 -3.104491e-02
3.549533e-03 2.394815e-01 9.858056e-02 2.652596e-01 2.070623e-01 -3.370877e-02
3.612035e-03 2.299604e-01 9.244424e-02 2.672752e-01 2.061075e-01 -2.643485e-02
3.674842e-03 2.194483e-01 8.741684e-02 2.641277e-01 2.088752e-01 -3.337069e-02
3.737743e-03 2.103956e-01 8.170763e-02 2.647219e-01 2.082453e-01 -2.900392e-02
3.800817e-03 2.008094e-01 7.675392e-02 2.621929e-01 2.094163e-01 -3.144716e-02
3.863693e-03 1.927216e-01 7.127658e-02 2.625365e-01 2.080038e-01 -2.678138e-02
3.926624e-03 1.840650e-01 6.655484e-02 2.601061e-01 2.078218e-01 -2.687816e-02
3.989691e-03 1.762584e-01 6.173215e-02 2.584418e-01 2.068303e-01 -2.568633e-02
4.052279e-03 1.685730e-01 5.726649e-02 2.561004e-01 2.054636e-01 -2.401605e-02
4.115276e-03 1.611321e-01 5.292849e-02 2.533935e-01 2.043862e-01 -2.390359e-02
4.178091e-03 1.544016e-01 4.872955e-02 2.510855e-01 2.020365e-01 -2.096979e-02
4.240529e-03 1.476060e-01 4.486003e-02 2.480059e-01 2.001194e-01 -1.930688e-02
4.303566e-03 1.413490e-01 4.100053e-02 2.451188e-01 1.975823e-01 -1.761941e-02
4.366473e-03 1.352568e-01 3.747440e-02 2.418767e-01 1.948892e-01 -1.465941e-02
4.429136e-03 1.294598e-01 3.411760e-02 2.380252e-01 1.923726e-01 -1.437764e-02
4.491804e-03 1.235447e-01 3.105846e-02 2.336043e-01 1.891020e-01 -1.264852e-02
4.554524e-03 1.187603e-01 2.782826e-02 2.312343e-01 1.858493e-01 -8.906454e-03
4.617696e-03 1.135094e-01 2.516410e-02 2.262772e-01 1.822513e-01 -7.236120e-03
4.680743e-03 1.086683e-01 2.242983e-02 2.225518e-01 1.785290e-01 -4.413615e-03
4.743600e-03 1.040252e-01 1.993909e-02 2.180999e-01 1.745811e-01 -2.548997e-03
4.806460e-03 9.980867e-02 1.761531e-02 2.143049e-01 1.709734e-01 8.778672e-04
4.869182e-03 9.562535e-02 1.542963e-02 2.097027e-01 1.667721e-01 2.470078e-03
4.931803e-03 9.133092e-02 1.348004e-02 2.046298e-01 1.625785e-01 4.644899e-03
4.994544e-03 8.764722e-02 1.160795e-02 2.002845e-01 1.584617e-01 7.233212e-03
5.057296e-03 8.409252e-02 9.798190e-03 1.961172e-01 1.541805e-01 1.022672e-02
5.120127e-03 8.063691e-02 8.278147e-03 1.911553e-01 1.498411e-01 1.229854e-02
5.183244e-03 7.714830e-02 6.727343e-03 1.863121e-01 1.452523e-01 1.465966e-02
5.246213e-03 7.397675e-02 5.365079e-03 1.816072e-01 1.409226e-01 1.706523e-02
5.308940e-03 7.082308e-02 4.098730e-03 1.765507e-01 1.363656e-01 1.898883e-02
5.371705e-03 6.808361e-02 2.912694e-03 1.722658e-01 1.320810e-01 2.163324e-02
5.434764e-03 6.530497e-02 1.798190e-03 1.677515e-01 1.276740e-01 2.444544e-02
5.497589e-03 6.244006e-02 8.932775e-04 1.621513e-01 1.231130e-01 2.523114e-02
5.560094e-03 6.014446e-02 -8.952335e-05 1.583985e-01 1.189085e-01 2.862998e-02
5.623090e-03 5.748016e-02 -8.497406e-04 1.529811e-01 1.146434e-01 2.952926e-02
5.686167e-03 5.519464e-02 -1.687823e-03 1.485787e-01 1.101810e-01 3.177437e-02
5.748863e-03 5.289724e-02 -2.355178e-03 1.438316e-01 1.060138e-01 3.362406e-02
5.811791e-03 5.093171e-02 -3.002906e-03 1.397118e-01 1.020439e-01 3.532056e-02
5.874636e-03 4.875710e-02 -3.635549e-03 1.350468e-01 9.779867e-02 3.721877e-02
5.937271e-03 4.676681e-02 -4.107975e-03 1.303920e-01 9.401465e-02 3.793386e-02
6.000058e-03 4.493208e-02 -4.621384e-03 1.262163e-01 9.007314e-02 3.968240e-02
6.062729e-03 4.306988e-02 -5.046315e-03 1.217324e-01 8.630269e-02 4.061505e-02
6.125517e-03 4.134440e-02 -5.485499e-03 1.175045e-01 8.251902e-02 4.174215e-02
6.188708e-03 3.971805e-02 -5.869047e-03 1.135551e-01 7.896801e-02 4.324651e-02
6.251555e-03 3.817134e-02 -6.179206e-03 1.094415e-01 7.557000e-02 4.356804e-02
6.314077e-03 3.663790e-02 -6.530903e-03 1.055017e-01 7.204546e-02 4.472293e-02
6.377058e-03 3.512327e-02 -6.773598e-03 1.013538e-01 6.874504e-02 4.508475e-02
6.440009e-03 3.377666e-02 -7.032300e-03 9.763999e-02 6.560060e-02 4.553604e-02
6.502812e-03 3.249922e-02 -7.292873e-03 9.411469e-02 6.251370e-02 4.641472e-02
6.565726e-03 3.110791e-02 -7.421668e-03 8.999784e-02 5.947444e-02 4.600257e-02
6.628521e-03 2.999318e-02 -7.664278e-03 8.683415e-02 5.663418e-02 4.683638e-02
6.691272e-03 2.882013e-02 -7.795156e-03 8.322748e-02 5.386333e-02 4.653982e-02
6.754176e-03 2.773951e-02 -7.952513e-03 7.997488e-02 5.119684e-02 4.680442e-02
6.816888e-03 2.666918e-02 -8.065985e-03 7.664299e-02 4.858021e-02 4.667879e-02
6.879625e-03 2.559333e-02 -8.123033e-03 7.318435e-02 4.602431e-02 4.617248e-02
6.942449e-03 2.472079e-02 -8.258938e-03 7.035251e-02 4.366236e-02 4.623768e-02
7.005248e-03 2.376940e-02 -8.270255e-03 6.723874e-02 4.144178e-02 4.561171e-02
7.068136e-03 2.289035e-02 -8.332796e-03 6.426895e-02 3.912666e-02 4.528224e-02
7.131053e-03 2.206548e-02 -8.367432e-03 6.145929e-02 3.699204e-02 4.485742e-02
7.194010e-03 2.125077e-02 -8.352033e-03 5.862355e-02 3.497484e-02 4.409812e-02
7.256902e-03 2.053837e-02 -8.387343e-03 5.609296e-02 3.298074e-02 4.374285e-02
7.319748e-03 1.974252e-02 -8.308376e-03 5.324745e-02 3.105866e-02 4.271004e-02
7.382611e-03 1.911802e-02 -8.317826e-03 5.096496e-02 2.929476e-02 4.227197e-02
7.445306e-03 1.840943e-02 -8.229326e-03 4.837801e-02 2.751652e-02 4.128652e-02
7.507906e-03 1.781775e-02 -8.176094e-03 4.612714e-02 2.590997e-02 4.050530e-02
7.570818e-03 1.716325e-02 -8.071422e-03 4.368361e-02 2.415548e-02 3.960945e-02
7.633721e-03 1.661125e-02 -7.977932e-03 4.159243e-02 2.277304e-02 3.867197e-02
7.696586e-03 1.609979e-02 -7.910467e-03 3.952215e-02 2.120201e-02 3.798013e-02
7.759492e-03 1.554153e-02 -7.753015e-03 3.739891e-02 1.986614e-02 3.682552e-02
7.822382e-03 1.505754e-02 -7.641111e-03 3.549493e-02 1.847168e-02 3.603726e-02
7.885469e-03 1.454712e-02 -7.478504e-03 3.346967e-02 1.715889e-02 3.490256e-02
7.948044e-03 1.410344e-02 -7.337245e-03 3.171924e-02 1.596638e-02 3.400591e-02
8.010528e-03 1.364003e-02 -7.160497e-03 2.986896e-02 1.466952e-02 3.301596e-02
8.073516e-03 1.321163e-02 -6.986584e-03 2.820098e-02 1.367906e-02 3.190123e-02
8.136423e-03 1.280935e-02 -6.820821e-03 2.656824e-02 1.247987e-02 3.108435e-02
8.199228e-03 1.243335e-02 -6.646264e-03 2.505508e-02 1.153062e-02 3.009516e-02
8.262023e-03 1.202475e-02 -6.433340e-03 2.345318e-02 1.051635e-02 2.902026e-02
8.324981e-03 1.167195e-02 -6.254374e-03 2.206966e-02 9.548405e-03 2.815358e-02
8.388025e-03 1.129147e-02 -6.032046e-03 2.060496e-02 8.718460e-03 2.703502e-02
8.450798e-03 1.097089e-02 -5.848225e-03 1.934109e-02 7.803891e-03 2.626397e-02
8.513424e-03 1.060430e-02 -5.619115e-03 1.800142e-02 7.049497e-03 2.516387e-02
8.576219e-03 1.029996e-02 -5.426312e-03 1.682222e-02 6.238682e-03 2.436234e-02
8.639099e-03 9.980509e-03 -5.215721e-03 1.564672e-02 5.561916e-03 2.339950e-02
8.701941e-03 9.663476e-03 -4.995581e-03 1.451711e-02 4.870716e-03 2.250677e-02
8.764716e-03 9.363538e-03 -4.789483e-03 1.346377e-02 4.185029e-03 2.168018e-02
8.827545e-03 9.062068e-03 -4.574976e-03 1.242309e-02 3.627327e-03 2.073940e-02
8.890404e-03 8.800083e-03 -4.382574e-03 1.149377e-02 3.034503e-03 2.001215e-02
8.953189e-03 8.503870e-03 -4.167345e-03 1.054985e-02 2.520063e-03 1.913026e-02
9.016039e-03 8.230473e-03 -3.966922e-03 9.681795e-03 2.034749e-03 1.833044e-02
9.078883e-03 7.977346e-03 -3.775753e-03 8.859287e-03 1.523799e-03 1.762619e-02
9.141797e-03 7.709179e-03 -3.580884e-03 8.068055e-03 1.167038e-03 1.678095e-02
9.204714e-03 7.458856e-03 -3.390772e-03 7.318708e-03 7.039708e-04 1.613156e-02
9.267500e-03 7.210034e-03 -3.203971e-03 6.615609e-03 3.974787e-04 1.535760e-02
9.330389e-03 6.978351e-03 -3.033813e-03 5.954741e-03 4.473899e-05 1.470232e-02
9.393353e-03 6.722497e-03 -2.852689e-03 5.310288e-03 -2.941229e-04 1.401807e-02
9.456033e-03 6.504664e-03 -2.689665e-03 4.721191e-03 -5.031625e-04 1.332348e-02
9.518699e-03 6.270392e-03 -2.526469e-03 4.182278e-03 -8.158648e-04 1.275777e-02
9.581480e-03 6.053448e-03 -2.372625e-03 3.645811e-03 -9.830327e-04 1.206797e-02
9.644431e-03 5.837607e-03 -2.225266e-03 3.156518e-03 -1.214393e-03 1.151658e-02
9.707436e-03 5.634216e-03 -2.082879e-03 2.692651e-03 -1.372773e-03 1.093350e-02
9.770160e-03 5.430050e-03 -1.948135e-03 2.271663e-03 -1.509267e-03 1.036246e-02
9.832865e-03 5.231069e-03 -1.815690e-03 1.871901e-03 -1.663427e-03 9.856427e-03
9.895597e-03 5.045381e-03 -1.698455e-03 1.487632e-03 -1.736973e-03 9.292078e-03
9.958595e-03 4.843467e-03 -1.575512e-03 1.154409e-03 -1.854230e-03 8.811605e-03
1.002149e-02 4.670321e-03 -1.464735e-03 8.260426e-04 -1.892477e-03 8.288977e-03
1.008410e-02 4.490953e-03 -1.358115e-03 5.310435e-04 -1.949487e-03 7.826723e-03
1.014702e-02 4.322591e-03 -1.267049e-03 2.567682e-04 -2.014101e-03 7.412822e-03
1.020999e-02 4.163011e-03 -1.165318e-03 -5.407806e-06 -1.992737e-03 6.924258e-03
1.027280e-02 3.999844e-03 -1.075922e-03 -2.237729e-04 -2.022227e-03 6.535234e-03
1.033567e-02 3.848770e-03 -9.930684e-04 -4.460754e-04 -1.990150e-03 6.098676e-03
1.039854e-02 3.692362e-03 -9.167929e-04 -6.317700e-04 -1.986905e-03 5.725626e-03
1.046130e-02 3.557431e-03 -8.418769e-04 -8.125710e-04 -1.959606e-03 5.359795e-03
1.052408e-02 3.416643e-03 -7.683245e-04 -9.713091e-04 -1.903943e-03 4.973069e-03
1.058689e-02 3.279970e-03 -7.087899e-04 -1.103926e-03 -1.872331e-03 4.661616e-03
1.064973e-02 3.161343e-03 -6.424193e-04 -1.248086e-03 -1.791803e-03 4.303012e-03
1.071266e-02 3.039149e-03 -5.866375e-04 -1.353189e-03 -1.751363e-03 4.026389e-03
1.077552e-02 2.919732e-03 -5.276552e-04 -1.454082e-03 -1.660559e-03 3.699262e-03
1.083829e-02 2.811056e-03 -4.800267e-04 -1.544950e-03 -1.593879e-03 3.431796e-03
1.090115e-02 2.703836e-03 -4.296784e-04 -1.618505e-03 -1.516531e-03 3.172591e-03
1.096400e-02 2.604776e-03 -3.834223e-04 -1.693151e-03 -1.425777e-03 2.898522e-03
1.102688e-02 2.505919e-03 -3.408993e-04 -1.739462e-03 -1.345091e-03 2.678747e-03
1.108967e-02 2.413879e-03 -3.008230e-04 -1.790360e-03 -1.247521e-03 2.440072e-03
1.115232e-02 2.325711e-03 -2.621142e-04 -1.822491e-03 -1.155655e-03 2.232059e-03
1.121507e-02 2.242245e-03 -2.249418e-04 -1.852064e-03 -1.070912e-03 2.044575e-03
1.127797e-02 2.168319e-03 -1.888658e-04 -1.880899e-03 -9.734128e-04 1.855684e-03
1.134099e-02 2.087437e-03 -1.597116e-04 -1.885514e-03 -8.888696e-04 1.699760e-03
1.140372e-02 2.020443e-03 -1.244851e-04 -1.898554e-03 -7.784709e-04 1.520675e-03
1.146650e-02 1.951662e-03 -9.520360e-05 -1.896439e-03 -6.982694e-04 1.389669e-03
1.152952e-02 1.889761e-03 -6.867496e-05 -1.893996e-03 -6.075343e-04 1.266273e-03
1.159236e-02 1.829417e-03 -4.136496e-05 -1.883062e-03 -5.117545e-04 1.138995e-03
1.165521e-02 1.770698e-03 -1.356633e-05 -1.864438e-03 -4.288187e-04 1.039156e-03
1.171802e-02 1.721302e-03 9.086844e-06 -1.852058e-03 -3.363827e-04 9.326133e-04
1.178091e-02 1.668235e-03 3.323796e-05 -1.824522e-03 -2.606692e-04 8.617874e-04
1.184377e-02 1.625047e-03 5.665619e-05 -1.801625e-03 -1.744875e-04 7.869159e-04
1.190645e-02 1.574771e-03 7.684602e-05 -1.764030e-03 -9.123310e-05 7.156731e-04
1.196918e-02 1.535062e-03 9.656641e-05 -1.731185e-03 -1.929488e-05 6.727008e-04
1.203205e-02 1.498194e-03 1.157713e-04 -1.698849e-03 5.666146e-05 6.255950e-04
1.209494e-02 1.458751e-03 1.367443e-04 -1.654130e-03 1.251474e-04 5.962670e-04
1.215771e-02 1.426290e-03 1.532861e-04 -1.616770e-03 2.005770e-04 5.623855e-04
1.222054e-02 1.392798e-03 1.684438e-04 -1.568669e-03 2.615131e-04 5.585769e-04
1.228344e-02 1.363550e-03 1.865523e-04 -1.526032e-03 3.214256e-04 5.480840e-04
1.234640e-02 1.333924e-03 2.000544e-04 -1.476235e-03 3.866187e-04 5.433369e-04
1.240915e-02 1.306623e-03 2.155311e-04 -1.424420e-03 4.373408e-04 5.556959e-04
1.247184e-02 1.284241e-03 2.277555e-04 -1.380258e-03 4.993347e-04 5.604941e-04
1.253470e-02 1.259667e-03 2.406088e-04 -1.322942e-03 5.445669e-04 5.879956e-04
1.259754e-02 1.238468e-03 2.533787e-04 -1.272908e-03 5.953816e-04 6.092785e-04
1.266036e-02 1.218531e-03 2.626261e-04 -1.219539e-03 6.411150e-04 6.410174e-04
1.272320e-02 1.197184e-03 2.711588e-04 -1.160037e-03 6.843653e-04 6.751135e-04
1.278608e-02 1.182323e-03 2.821372e-04 -1.110274e-03 7.238381e-04 7.155588e-04
1.284892e-02 1.164178e-03 2.920199e-04 -1.051308e-03 7.609945e-04 7.618486e-04
1.291183e-02 1.149746e-03 2.981860e-04 -9.984347e-04 7.968789e-04 8.068775e-04
1.297477e-02 1.135280e-03 3.036672e-04 -9.396305e-04 8.304515e-04 8.591241e-04
1.303751e-02 1.121151e-03 3.114121e-04 -8.840513e-04 8.604796e-04 9.126014e-04
1.310022e-02 1.110338e-03 3.167096e-04 -8.305177e-04 8.877324e-04 9.693015e-04
1.316309e-02 1.096203e-03 3.194419e-04 -7.674902e-04 9.113380e-04 1.030287e-03
1.322594e-02 1.088331e-03 3.245297e-04 -7.199709e-04 9.380267e-04 1.086670e-03
1.328870e-02 1.076226e-03 3.280076e-04 -6.582521e-04 9.570266e-04 1.152554e-03
1.335152e-02 1.067721e-03 3.307699e-04 -6.055740e-04 9.775750e-04 1.215752e-03
1.341448e-02 1.058517e-03 3.311694e-04 -5.497578e-04 9.906259e-04 1.281370e-03
1.347734e-02 1.049395e-03 3.321663e-04 -4.923599e-04 1.007697e-03 1.346433e-03
1.354004e-02 1.043832e-03 3.338129e-04 -4.444271e-04 1.023305e-03 1.409894e-03
1.360289e-02 1.034743e-03 3.334967e-04 -3.862831e-04 1.031555e-03 1.477215e-03
1.366571e-02 1.028968e-03 3.324153e-04 -3.363056e-04 1.040208e-03 1.542645e-03
1.372857e-02 1.022008e-03 3.314318e-04 -2.839619e-04 1.047706e-03 1.607854e-03
1.379141e-02 1.016157e-03 3.301609e-04 -2.310358e-04 1.055593e-03 1.676372e-03
1.385412e-02 1.010828e-03 3.278154e-04 -1.865913e-04 1.056587e-03 1.737157e-03
1.391702e-02 1.004115e-03 3.248320e-04 -1.302891e-04 1.059251e-03 1.804017e-03
1.397990e-02 1.000686e-03 3.224680e-04 -8.735227e-05 1.061011e-03 1.865335e-03
1.404272e-02 9.942049e-04 3.192488e-04 -3.898813e-05 1.060104e-03 1.927094e-03
1.410560e-02 9.901817e-04 3.157487e-04 8.121212e-06 1.057308e-03 1.989032e-03
1.416843e-02 9.853210e-04 3.109392e-04 5.212218e-05 1.052707e-03 2.046116e-03
1.423121e-02 9.801234e-04 3.063612e-04 9.913856e-05 1.047517e-03 2.107901e-03
1.429401e-02 9.762755e-04 3.026163e-04 1.336946e-04 1.039642e-03 2.158193e-03
1.435689e-02 9.716198e-04 2.972080e-04 1.835529e-04 1.033308e-03 2.217729e-03
1.441980e-02 9.664399e-04 2.923023e-04 2.179729e-04 1.023089e-03 2.264925e-03
1.448261e-02 9.632638e-04 2.871361e-04 2.608108e-04 1.014485e-03 2.321895e-03
1.454538e-02 9.576444e-04 2.820054e-04 3.002196e-04 1.002139e-03 2.369761e-03
1.460822e-02 9.538351e-04 2.760100e-04 3.304033e-04 9.877616e-04 2.412416e-03
1.467115e-02 9.484154e-04 2.695441e-04 3.710994e-04 9.750165e-04 2.461346e-03
1.473401e-02 9.443285e-04 2.644212e-04 4.009439e-04 9.601618e-04 2.502365e-03
1.479676e-02 9.399266e-04 2.586550e-04 4.378404e-04 9.467597e-04 2.547075e-03
1.485961e-02 9.339201e-04 2.519375e-04 4.663460e-04 9.270988e-04 2.580811e-03
1.492239e-02 9.293911e-04 2.456943e-04 4.974915e-04 9.112955e-04 2.620436e-03
1.498506e-02 9.230627e-04 2.393786e-04 5.284751e-04 8.938290e-04 2.653829e-03
1.504789e-02 9.186674e-04 2.332734e-04 5.477279e-04 8.715953e-04 2.682691e-03
1.511078e-02 9.119366e-04 2.268937e-04 5.813023e-04 8.541340e-04 2.714726e-03
1.517364e-02 9.074320e-04 2.204682e-04 6.051996e-04 8.354555e-04 2.746538e-03
1.523654e-02 9.000672e-04 2.132981e-04 6.261720e-04 8.137433e-04 2.766391e-03
1.529942e-02 8.940483e-04 2.075682e-04 6.523444e-04 7.945678e-04 2.793086e-03
1.536235e-02 8.877815e-04 2.004913e-04 6.684134e-04 7.690507e-04 2.812427e-03
1.542517e-02 8.802259e-04 1.938080e-04 6.923386e-04 7.503822e-04 2.831973e-03
1.548789e-02 8.742418e-04 1.874475e-04 7.069654e-04 7.271878e-04 2.848953e-03
1.555076e-02 8.660952e-04 1.810699e-04 7.272168e-04 7.061296e-04 2.862160e-03
1.561359e-02 8.588700e-04 1.740133e-04 7.433640e-04 6.834357e-04 2.875769e-03
1.567632e-02 8.509853e-04 1.678461e-04 7.541010e-04 6.577214e-04 2.884339e-03
1.573917e-02 8.425830e-04 1.607343e-04 7.736075e-04 6.397244e-04 2.892093e-03
1.580208e-02 8.344761e-04 1.542196e-04 7.778010e-04 6.114895e-04 2.895781e-03
1.586491e-02 8.261126e-04 1.475222e-04 7.952481e-04 5.922080e-04 2.902164e-03
1.592764e-02 8.177119e-04 1.410204e-04 8.038752e-04 5.689638e-04 2.904723e-03
1.599049e-02 8.080290e-04 1.342622e-04 8.107034e-04 5.461839e-04 2.899143e-03
1.605344e-02 7.995058e-04 1.276145e-04 8.232439e-04 5.255238e-04 2.902162e-03
1.624590e-02 7.690574e-04 8.138003e-05 8.280337e-04 5.167349e-04 2.868647e-03
1.642530e-02 7.409887e-04 6.364795e-05 8.423802e-04 4.559754e-04 2.838912e-03
1.660477e-02 7.143277e-04 4.701267e-05 8.407616e-04 3.919594e-04 2.805822e-03
1.678430e-02 6.798062e-04 2.941794e-05 8.352003e-04 3.370125e-04 2.724329e-03
1.696359e-02 6.504226e-04 1.381539e-05 8.071699e-04 2.803286e-04 2.651099e-03
1.714294e-02 6.192154e-04 -2.388774e-06 7.972819e-04 2.305054e-04 2.575875e-03
1.732202e-02 5.876023e-04 -1.642542e-05 7.634603e-04 1.824936e-04 2.475481e-03
1.750141e-02 5.565415e-04 -2.925649e-05 7.245644e-04 1.402357e-04 2.370792e-03
1.768181e-02 5.257942e-04 -4.363898e-05 7.001582e-04 1.004967e-04 2.268441e-03
1.786131e-02 4.990642e-04 -5.230942e-05 6.473810e-04 6.530444e-05 2.163037e-03
1.804025e-02 4.685300e-04 -6.279763e-05 6.076230e-04 3.099324e-05 2.042444e-03
1.822032e-02 4.397487e-04 -6.955098e-05 5.570286e-04 5.757941e-06 1.918563e-03
1.839987e-02 4.144515e-04 -7.637894e-05 5.067188e-04 -2.084018e-05 1.805338e-03
1.857923e-02 3.889356e-04 -8.198266e-05 4.613676e-04 -4.405801e-05 1.691681e-03
1.875889e-02 3.642682e-04 -8.395830e-05 4.041719e-04 -6.060535e-05 1.570752e-03
1.893827e-02 3.410048e-04 -8.702523e-05 3.609326e-04 -7.616894e-05 1.460832e-03
1.911768e-02 3.197295e-04 -8.632454e-05 3.044343e-04 -8.619416e-05 1.349621e-03
1.929737e-02 2.990110e-04 -8.662637e-05 2.589264e-04 -9.542472e-05 1.245301e-03
1.947670e-02 2.790557e-04 -8.514381e-05 2.122003e-04 -1.008630e-04 1.143089e-03
1.965601e-02 2.607871e-04 -8.223446e-05 1.641774e-04 -1.022741e-04 1.042744e-03
1.983541e-02 2.438482e-04 -7.963080e-05 1.240447e-04 -1.014870e-04 9.536495e-04
2.001489e-02 2.290604e-04 -7.597738e-05 8.211660e-05 -9.890920e-05 8.707392e-04
2.019468e-02 2.138832e-04 -7.170014e-05 4.562676e-05 -9.243605e-05 7.876625e-04
2.037444e-02 2.007831e-04 -6.744914e-05 1.120006e-05 -8.542143e-05 7.135805e-04
2.055417e-02 1.894845e-04 -6.234683e-05 -2.079035e-05 -7.540209e-05 6.471168e-04
2.073390e-02 1.784209e-04 -5.760276e-05 -4.636628e-05 -6.371603e-05 5.849566e-04
2.091338e-02 1.695601e-04 -5.221769e-05 -7.394153e-05 -5.222118e-05 5.296031e-04
2.109302e-02 1.612583e-04 -4.708591e-05 -9.338297e-05 -3.933442e-05 4.812124e-04
2.127237e-02 1.546179e-04 -4.167749e-05 -1.118169e-04 -2.602586e-05 4.388090e-04
2.145116e-02 1.488684e-04 -3.602263e-05 -1.278215e-04 -1.237102e-05 4.030411e-04
2.163077e-02 1.434082e-04 -3.062761e-05 -1.377243e-04 1.107926e-06 3.704849e-04
2.181049e-02 1.401258e-04 -2.503487e-05 -1.488496e-04 1.300324e-05 3.477931e-04
2.198999e-02 1.364362e-04 -1.958749e-05 -1.532150e-04 2.659374e-05 3.268986e-04
2.216980e-02 1.343977e-04 -1.396905e-05 -1.575303e-04 3.722870e-05 3.144409e-04
2.234970e-02 1.324257e-04 -8.763873e-06 -1.580377e-04 4.837908e-05 3.046118e-04
2.252980e-02 1.309529e-04 -3.517067e-06 -1.565335e-04 5.775537e-05 2.998517e-04
2.270853e-02 1.299373e-04 1.448588e-06 -1.524810e-04 6.631463e-05 2.989042e-04
2.288717e-02 1.286888e-04 6.147542e-06 -1.461282e-04 7.415492e-05 3.005036e-04
2.306686e-02 1.290493e-04 1.059210e-05 -1.401671e-04 8.001058e-05 3.090809e-04
2.324649e-02 1.278620e-04 1.452420e-05 -1.296508e-04 8.595229e-05 3.155512e-04
2.342617e-02 1.281973e-04 1.808420e-05 -1.199148e-04 9.056398e-05 3.287260e-04
2.360560e-02 1.271346e-04 2.103451e-05 -1.079947e-04 9.367554e-05 3.390174e-04
2.378549e-02 1.271208e-04 2.356265e-05 -9.551318e-05 9.683509e-05 3.545110e-04
2.396571e-02 1.268769e-04 2.559552e-05 -8.305486e-05 9.832632e-05 3.697363e-04
2.414482e-02 1.260269e-04 2.679569e-05 -6.894438e-05 9.965085e-05 3.840989e-04
2.432376e-02 1.256506e-04 2.778633e-05 -5.618529e-05 9.974154e-05 3.997194e-04
2.450343e-02 1.250213e-04 2.794872e-05 -4.181434e-05 9.942077e-05 4.151761e-04
2.468304e-02 1.245167e-04 2.767771e-05 -2.950506e-05 9.840778e-05 4.299964e-04
2.486245e-02 1.235591e-04 2.694377e-05 -1.629545e-05 9.655240e-05 4.430840e-04
2.504187e-02 1.225779e-04 2.562686e-05 -3.502506e-06 9.413578e-05 4.549963e-04
2.522156e-02 1.219069e-04 2.434955e-05 6.795844e-06 9.106348e-05 4.665975e-04
2.540110e-02 1.209346e-04 2.232772e-05 1.834288e-05 8.733321e-05 4.766854e-04
2.558029e-02 1.198745e-04 2.039086e-05 2.730382e-05 8.322196e-05 4.839569e-04
2.575992e-02 1.186172e-04 1.815004e-05 3.614177e-05 7.840177e-05 4.896290e-04
2.593954e-02 1.177705e-04 1.579720e-05 4.401124e-05 7.275141e-05 4.958967e-04
2.611933e-02 1.162159e-04 1.349414e-05 4.888848e-05 6.685260e-05 4.969702e-04
2.629913e-02 1.148046e-04 1.110305e-05 5.534649e-05 6.090606e-05 4.983235e-04
2.647853e-02 1.131123e-04 8.793575e-06 5.825476e-05 5.416744e-05 4.965008e-04
2.665812e-02 1.115430e-04 6.535546e-06 6.164653e-05 4.741679e-05 4.943178e-04
2.683805e-02 1.094998e-04 4.326477e-06 6.365983e-05 4.033877e-05 4.896057e-04
2.701719e-02 1.075159e-04 2.316596e-06 6.301193e-05 3.341659e-05 4.828940e-04
2.719620e-02 1.050507e-04 3.975904e-07 6.452067e-05 2.664091e-05 4.749989e-04
2.737553e-02 1.027912e-04 -1.513255e-06 6.141620e-05 1.942280e-05 4.656742e-04
2.755538e-02 1.000937e-04 -3.105589e-06 6.029323e-05 1.292123e-05 4.546215e-04
2.773538e-02 9.725068e-05 -4.698073e-06 5.701130e-05 6.622142e-06 4.419292e-04
2.791455e-02 9.443209e-05 -6.123906e-06 5.339443e-05 7.866835e-07 4.288527e-04
2.809381e-02 9.106189e-05 -7.357126e-06 4.979148e-05 -4.746553e-06 4.130196e-04
2.827308e-02 8.834292e-05 -8.505919e-06 4.374671e-05 -1.006493e-05 3.990897e-04
2.845277e-02 8.471813e-05 -9.456785e-06 3.978682e-05 -1.425475e-05 3.814273e-04
2.863250e-02 8.158389e-05 -1.036414e-05 3.355605e-05 -1.847257e-05 3.649409e-04
2.881166e-02 7.813920e-05 -1.101314e-05 2.772582e-05 -2.196463e-05 3.468181e-04
2.899137e-02 7.468950e-05 -1.157855e-05 2.257020e-05 -2.462184e-05 3.292697e-04
2.917126e-02 7.139975e-05 -1.193333e-05 1.543829e-05 -2.696978e-05 3.109146e-04
2.935071e-02 6.806497e-05 -1.224124e-05 9.848417e-06 -2.899326e-05 2.930662e-04
2.953030e-02 6.477173e-05 -1.229728e-05 3.437722e-06 -2.987766e-05 2.748444e-04
2.970997e-02 6.151303e-05 -1.230298e-05 -2.588475e-06 -3.070076e-05 2.570581e-04
2.988940e-02 5.844812e-05 -1.215611e-05 -8.286183e-06 -3.092436e-05 2.398923e-04
3.006874e-02 5.548008e-05 -1.184534e-05 -1.411400e-05 -3.063292e-05 2.229792e-04
3.024815e-02 5.254005e-05 -1.149122e-05 -1.912075e-05 -3.013937e-05 2.069499e-04
3.042767e-02 5.002017e-05 -1.090591e-05 -2.502192e-05 -2.889786e-05 1.915976e-04
3.060744e-02 4.748030e-05 -1.038067e-05 -2.927412e-05 -2.768237e-05 1.774984e-04
3.078708e-02 4.500860e-05 -9.580900e-06 -3.366349e-05 -2.581095e-05 1.632176e-04
3.096646e-02 4.288148e-05 -8.795001e-06 -3.754533e-05 -2.393392e-05 1.508806e-04
3.114600e-02 4.086299e-05 -7.910285e-06 -4.079076e-05 -2.179308e-05 1.394672e-04
3.132546e-02 3.915712e-05 -6.947531e-06 -4.405174e-05 -1.942975e-05 1.289014e-04
3.150520e-02 3.745797e-05 -5.912418e-06 -4.623911e-05 -1.698930e-05 1.196194e-04
3.168484e-02 3.602858e-05 -4.828915e-06 -4.820630e-05 -1.437307e-05 1.112323e-04
3.186375e-02 3.478021e-05 -3.718584e-06 -4.963982e-05 -1.186769e-05 1.043134e-04
3.204302e-02 3.361411e-05 -2.597722e-06 -5.041275e-05 -9.147937e-06 9.807268e-05
3.222277e-02 3.264294e-05 -1.436951e-06 -5.074975e-05 -6.523777e-06 9.311479e-05
3.240259e-02 3.175222e-05 -3.124632e-07 -5.039695e-05 -3.936200e-06 8.922559e-05
3.258186e-02 3.113246e-05 8.275424e-07 -4.996820e-05 -1.491356e-06 8.636211e-05
3.276123e-02 3.052116e-05 1.891968e-06 -4.873781e-05 1.075444e-06 8.441377e-05
3.294133e-02 3.004512e-05 2.923859e-06 -4.720515e-05 3.349909e-06 8.335664e-05
3.312088e-02 2.965849e-05 3.881886e-06 -4.516351e-05 5.554922e-06 8.313819e-05
3.330035e-02 2.930232e-05 4.758888e-06 -4.264889e-05 7.706972e-06 8.357839e-05
3.347992e-02 2.919889e-05 5.545460e-06 -4.020950e-05 9.586304e-06 8.501326e-05
3.365971e-02 2.890746e-05 6.234443e-06 -3.688711e-05 1.148958e-05 8.646469e-05
3.383927e-02 2.892333e-05 6.841901e-06 -3.392669e-05 1.292822e-05 8.911897e-05
3.401835e-02 2.879941e-05 7.323028e-06 -3.023179e-05 1.443058e-05 9.161486e-05
3.419757e-02 2.884296e-05 7.707951e-06 -2.674808e-05 1.567100e-05 9.488140e-05
3.437723e-02 2.886626e-05 7.967968e-06 -2.305242e-05 1.669250e-05 9.820221e-05
3.455683e-02 2.891272e-05 8.159458e-06 -1.916633e-05 1.758499e-05 1.018121e-04
3.473619e-02 2.904093e-05 8.219698e-06 -1.553630e-05 1.813441e-05 1.056330e-04
3.491584e-02 2.906343e-05 8.204488e-06 -1.166237e-05 1.857744e-05 1.092082e-04
3.509556e-02 2.921673e-05 8.084188e-06 -8.126896e-06 1.882550e-05 1.131507e-04
3.527533e-02 2.926983e-05 7.878545e-06 -4.556094e-06 1.879760e-05 1.166818e-04
3.545456e-02 2.936422e-05 7.610808e-06 -9.745494e-07 1.874690e-05 1.203020e-04
3.563370e-02 2.937889e-05 7.227738e-06 1.928993e-06 1.824372e-05 1.232900e-04
3.581332e-02 2.947838e-05 6.835131e-06 5.157957e-06 1.781455e-05 1.267931e-04
3.599287e-02 2.944619e-05 6.356284e-06 7.705860e-06 1.708711e-05 1.292900e-04
3.617240e-02 2.941279e-05 5.800663e-06 1.020009e-05 1.620168e-05 1.316449e-04
3.635196e-02 2.928975e-05 5.239144e-06 1.254550e-05 1.529471e-05 1.334700e-04
3.653161e-02 2.923928e-05 4.621698e-06 1.426193e-05 1.415665e-05 1.352934e-04
3.671117e-02 2.910822e-05 3.981758e-06 1.599749e-05 1.303403e-05 1.366193e-04
3.689084e-02 2.882043e-05 3.310003e-06 1.712809e-05 1.168513e-05 1.368602e-04
3.707056e-02 2.860162e-05 2.636491e-06 1.818101e-05 1.039665e-05 1.372872e-04
3.724984e-02 2.825860e-05 1.957725e-06 1.882532e-05 8.997139e-06 1.367898e-04
3.742914e-02 2.801888e-05 1.279647e-06 1.908317e-05 7.572016e-06 1.364846e-04
3.760871e-02 2.750142e-05 6.253151e-07 1.930965e-05 6.177904e-06 1.347935e-04
3.778826e-02 2.710632e-05 -4.487058e-08 1.886153e-05 4.723617e-06 1.331350e-04
3.796764e-02 2.662404e-05 -6.487368e-07 1.853965e-05 3.367097e-06 1.311625e-04
3.814709e-02 2.613608e-05 -1.241573e-06 1.771657e-05 1.926701e-06 1.286819e-04
3.832696e-02 2.552798e-05 -1.772986e-06 1.662835e-05 6.327069e-07 1.254182e-04
3.850665e-02 2.491452e-05 -2.272956e-06 1.556620e-05 -6.246140e-07 1.221863e-04
3.868582e-02 2.432290e-05 -2.733852e-06 1.406887e-05 -1.854131e-06 1.185904e-04
3.886530e-02 2.366650e-05 -3.110740e-06 1.256019e-05 -2.961322e-06 1.147399e-04
3.904481e-02 2.299447e-05 -3.464196e-06 1.077285e-05 -3.982072e-06 1.104787e-04
3.922441e-02 2.226866e-05 -3.738910e-06 8.988490e-06 -4.915292e-06 1.060764e-04
3.940396e-02 2.157750e-05 -3.973000e-06 7.132126e-06 -5.759309e-06 1.016911e-04
3.958316e-02 2.084000e-05 -4.128553e-06 5.007105e-06 -6.474159e-06 9.687001e-05
3.976287e-02 2.010326e-05 -4.244385e-06 3.064739e-06 -7.079349e-06 9.217971e-05
3.994250e-02 1.941590e-05 -4.307168e-06 9.407364e-07 -7.534422e-06 8.755932e-05
4.012200e-02 1.865276e-05 -4.301111e-06 -1.109669e-06 -7.900172e-06 8.265429e-05
4.030171e-02 1.793820e-05 -4.255787e-06 -3.085542e-06 -8.130065e-06 7.796871e-05
4.048123e-02 1.727208e-05 -4.173239e-06 -5.071868e-06 -8.264391e-06 7.349998e-05
4.066058e-02 1.657887e-05 -4.029433e-06 -6.964008e-06 -8.260228e-06 6.899476e-05
4.084001e-02 1.590724e-05 -3.849338e-06 -8.778718e-06 -8.079746e-06 6.455485e-05
4.101966e-02 1.530088e-05 -3.635115e-06 -1.044302e-05 -7.901072e-06 6.054840e-05
4.119937e-02 1.470939e-05 -3.376912e-06 -1.207211e-05 -7.544933e-06 5.658805e-05
4.137874e-02 1.418027e-05 -3.114149e-06 -1.349710e-05 -7.138193e-06 5.308209e-05
4.155813e-02 1.363338e-05 -2.799765e-06 -1.474227e-05 -6.601945e-06 4.959403e-05
4.173777e-02 1.317687e-05 -2.468650e-06 -1.592958e-05 -5.967743e-06 4.650945e-05
4.191752e-02 1.274825e-05 -2.126004e-06 -1.687566e-05 -5.362114e-06 4.378068e-05
4.209699e-02 1.237370e-05 -1.766074e-06 -1.771188e-05 -4.611980e-06 4.130805e-05
4.227635e-02 1.203677e-05 -1.398194e-06 -1.831899e-05 -3.835485e-06 3.921269e-05
4.245594e-02 1.172391e-05 -1.019117e-06 -1.875708e-05 -3.024114e-06 3.731140e-05
4.263530e-02 1.150096e-05 -6.494730e-07 -1.906233e-05 -2.201986e-06 3.593263e-05
4.281442e-02 1.127524e-05 -2.772938e-07 -1.913482e-05 -1.356649e-06 3.472506e-05
4.299392e-02 1.112904e-05 9.282483e-08 -1.913270e-05 -5.019082e-07 3.391312e-05
4.317364e-02 1.099178e-05 4.471762e-07 -1.884053e-05 3.550060e-07 3.337328e-05
4.335324e-02 1.092431e-05 7.991850e-07 -1.851639e-05 1.166849e-06 3.319448e-05
4.353285e-02 1.087491e-05 1.121944e-06 -1.799633e-05 1.960403e-06 3.325453e-05
4.371256e-02 1.084689e-05 1.433794e-06 -1.730583e-05 2.735551e-06 3.355215e-05
4.389237e-02 1.086399e-05 1.718923e-06 -1.653466e-05 3.460333e-06 3.412303e-05
4.407181e-02 1.089373e-05 1.982658e-06 -1.560947e-05 4.138261e-06 3.491083e-05
4.425100e-02 1.095118e-05 2.218007e-06 -1.462709e-05 4.732478e-06 3.590327e-05
4.443069e-02 1.102210e-05 2.425090e-06 -1.351798e-05 5.301703e-06 3.705876e-05
4.461032e-02 1.110471e-05 2.598255e-06 -1.235052e-05 5.788931e-06 3.836187e-05
4.478953e-02 1.121164e-05 2.740270e-06 -1.114807e-05 6.209907e-06 3.978710e-05
4.496901e-02 1.130547e-05 2.849299e-06 -9.854438e-06 6.566356e-06 4.131544e-05
4.514874e-02 1.142336e-05 2.920529e-06 -8.597809e-06 6.826181e-06 4.291337e-05
4.532821e-02 1.152954e-05 2.962812e-06 -7.265968e-06 7.036301e-06 4.453453e-05
4.550745e-02 1.164240e-05 2.963588e-06 -5.985438e-06 7.164542e-06 4.618310e-05
4.568707e-02 1.174676e-05 2.936733e-06 -4.703683e-06 7.208728e-06 4.780596e-05
4.586694e-02 1.184862e-05 2.879016e-06 -3.415547e-06 7.198154e-06 4.943383e-05
4.617836e-02 1.203254e-05 2.484361e-06 -1.444619e-06 7.662305e-06 5.214032e-05
4.680927e-02 1.215788e-05 1.920883e-06 2.109943e-06 6.639115e-06 5.608649e-05
4.743756e-02 1.218046e-05 1.163397e-06 4.401544e-06 4.982738e-06 5.855891e-05
4.806661e-02 1.190238e-05 3.738237e-07 5.797361e-06 3.021841e-06 5.895823e-05
4.869280e-02 1.137155e-05 -4.054566e-07 5.320479e-06 9.850461e-07 5.674036e-05
4.931779e-02 1.055211e-05 -1.074830e-06 4.007247e-06 -8.258038e-07 5.235212e-05
4.994581e-02 9.687379e-06 -1.577927e-06 1.883771e-06 -2.221475e-06 4.697353e-05
5.057480e-02 8.739660e-06 -1.813566e-06 -8.575920e-07 -3.048063e-06 4.044361e-05
5.120302e-02 7.827713e-06 -1.825123e-06 -3.530306e-06 -3.331843e-06 3.395904e-05
5.183209e-02 6.999261e-06 -1.570293e-06 -6.168350e-06 -3.065064e-06 2.783666e-05
5.246116e-02 6.304661e-06 -1.154143e-06 -8.065883e-06 -2.375943e-06 2.289213e-05
5.308896e-02 5.797211e-06 -6.398956e-07 -9.195457e-06 -1.377995e-06 1.939254e-05
5.371721e-02 5.435563e-06 -1.250170e-07 -9.454021e-06 -2.335538e-07 1.735311e-05
5.434780e-02 5.258577e-06 3.689067e-07 -8.899920e-06 8.653406e-07 1.679033e-05
5.497604e-02 5.227689e-06 7.317971e-07 -7.786445e-06 1.771057e-06 1.749848e-05
5.560013e-02 5.273037e-06 9.749368e-07 -6.128907e-06 2.390853e-06 1.901641e-05
5.622954e-02 5.363159e-06 1.044589e-06 -4.284133e-06 2.651272e-06 2.098496e-05
5.686173e-02 5.472509e-06 9.568722e-07 -2.627636e-06 2.557030e-06 2.293155e-05
5.748940e-02 5.513697e-06 7.559035e-07 -1.147473e-06 2.163980e-06 2.448783e-05
5.811669e-02 5.525148e-06 4.611959e-07 -2.246819e-07 1.530445e-06 2.539572e-05
5.874554e-02 5.363016e-06 1.367814e-07 3.345749e-07 7.879064e-07 2.519103e-05
5.937282e-02 5.167370e-06 -1.785843e-07 2.598215e-07 1.678269e-08 2.431102e-05
6.000021e-02 4.863195e-06 -4.201730e-07 -2.289708e-07 -6.707589e-07 2.255777e-05
6.062750e-02 4.496625e-06 -5.956382e-07 -1.035092e-06 -1.182635e-06 2.023129e-05
6.125597e-02 4.094071e-06 -6.559564e-07 -2.031393e-06 -1.451217e-06 1.758090e-05
6.188682e-02 3.708719e-06 -6.350727e-07 -2.958582e-06 -1.501067e-06 1.500324e-05
6.251462e-02 3.383406e-06 -5.137393e-07 -3.875812e-06 -1.294759e-06 1.267170e-05
6.314049e-02 3.092562e-06 -3.286203e-07 -4.421148e-06 -9.061985e-07 1.078960e-05
6.377015e-02 2.892689e-06 -1.007941e-07 -4.646418e-06 -4.099123e-07 9.560968e-06
6.439971e-02 2.786339e-06 1.214654e-07 -4.544053e-06 1.095838e-07 9.062583e-06
6.502803e-02 2.738851e-06 3.234843e-07 -4.066663e-06 6.100366e-07 9.176366e-06
6.565852e-02 2.753539e-06 4.684333e-07 -3.368136e-06 9.777028e-07 9.786788e-06
6.628652e-02 2.801862e-06 5.402907e-07 -2.463691e-06 1.234281e-06 1.074058e-05
6.691319e-02 2.860109e-06 5.394500e-07 -1.567941e-06 1.278750e-06 1.177320e-05
6.754195e-02 2.912934e-06 4.683701e-07 -7.144858e-07 1.179560e-06 1.277139e-05
6.816923e-02 2.926374e-06 3.402280e-07 -6.748368e-08 9.245467e-07 1.343494e-05
6.879707e-02 2.888782e-06 1.771665e-07 3.277381e-07 5.696605e-07 1.366761e-05
6.942589e-02 2.815035e-06 -1.437421e-09 4.845537e-07 1.893329e-07 1.354127e-05
7.005350e-02 2.692789e-06 -1.675602e-07 3.299136e-07 -1.970265e-07 1.292688e-05
7.068149e-02 2.515055e-06 -3.037466e-07 -4.063081e-08 -4.954502e-07 1.182339e-05
7.131092e-02 2.335009e-06 -3.883808e-07 -5.944857e-07 -7.094268e-07 1.054258e-05
7.194060e-02 2.147151e-06 -4.191652e-07 -1.209771e-06 -7.993754e-07 9.137151e-06
7.256947e-02 1.968153e-06 -3.895665e-07 -1.814602e-06 -7.761812e-07 7.759629e-06
7.319738e-02 1.816279e-06 -3.079367e-07 -2.331841e-06 -6.411505e-07 6.557510e-06
7.382604e-02 1.699105e-06 -1.889262e-07 -2.662404e-06 -4.265625e-07 5.661530e-06
7.445392e-02 1.619020e-06 -5.444845e-08 -2.794355e-06 -1.640589e-07 5.109398e-06
7.507965e-02 1.581720e-06 8.059639e-08 -2.723692e-06 1.140416e-07 4.942019e-06
7.570782e-02 1.567855e-06 1.941425e-07 -2.436052e-06 3.638203e-07 5.084524e-06
7.633697e-02 1.585821e-06 2.726089e-07 -2.029108e-06 5.496886e-07 5.511784e-06
7.696614e-02 1.612865e-06 3.080489e-07 -1.521985e-06 6.661707e-07 6.087683e-06
7.759521e-02 1.641060e-06 2.929416e-07 -1.015203e-06 6.848467e-07 6.674991e-06
7.822404e-02 1.670483e-06 2.346834e-07 -5.769196e-07 6.128732e-07 7.222075e-06
7.885455e-02 1.681633e-06 1.479419e-07 -2.522740e-07 4.608195e-07 7.567078e-06
7.948034e-02 1.674731e-06 4.801638e-08 -9.085807e-08 2.555124e-07 7.684851e-06
8.010544e-02 1.638624e-06 -4.941052e-08 -8.275235e-08 2.439804e-08 7.531375e-06
8.168049e-02 1.435897e-06 -2.060740e-07 -6.685449e-07 -4.031288e-07 6.126849e-06
8.345709e-02 1.143608e-06 -1.783315e-07 -1.531690e-06 -3.811067e-07 4.027762e-06
8.524436e-02 1.006511e-06 2.534368e-08 -1.789457e-06 8.595972e-08 3.067337e-06
8.704550e-02 1.066709e-06 1.987525e-07 -1.146775e-06 5.070131e-07 3.811621e-06
8.884478e-02 1.166175e-06 1.694121e-07 -2.035295e-07 4.663019e-07 5.089820e-06
9.064103e-02 1.184359e-06 -9.987340e-09 1.652474e-07 6.020965e-08 5.515338e-06
9.243897e-02 1.026433e-06 -1.518935e-07 -2.201077e-07 -3.137782e-07 4.434200e-06
9.423607e-02 8.148914e-07 -1.263696e-07 -9.002867e-07 -3.232653e-07 2.847054e-06
9.603871e-02 6.928142e-07 1.586966e-08 -1.116728e-06 -3.832037e-09 2.070129e-06
9.782410e-02 7.082467e-07 1.190578e-07 -7.296736e-07 2.865587e-07 2.443552e-06
9.961474e-02 7.873913e-07 9.954361e-08 -1.582974e-07 2.888770e-07 3.266311e-06
1.014127e-01 7.913986e-07 -1.104216e-08 6.708447e-08 2.274510e-08 3.472916e-06
1.031985e-01 6.951007e-07 -9.586976e-08 -2.036981e-07 -2.002107e-07 2.828260e-06
1.049957e-01 5.660012e-07 -8.483610e-08 -6.350713e-07 -1.839248e-07 1.855621e-06
1.067952e-01 5.072127e-07 8.774933e-09 -7.803058e-07 1.352494e-08 1.417144e-06
1.085930e-01 5.167467e-07 8.333389e-08 -5.092649e-07 1.793260e-07 1.682531e-06
1.103885e-01 5.616202e-07 6.406677e-08 -1.302584e-07 1.718056e-07 2.218116e-06
1.121821e-01 5.622357e-07 -1.567874e-08 -2.043083e-08 1.040410e-08 2.318117e-06
1.139837e-01 5.094874e-07 -7.201615e-08 -2.300502e-07 -1.163819e-07 1.881743e-06
1.157853e-01 3.805338e-07 -4.758561e-09 -2.369837e-07 4.192424e-09 1.486667e-06
1.239691e-01 2.895696e-07 -3.621057e-09 -1.803342e-07 3.190251e-09 1.131289e-06
1.327314e-01 2.203498e-07 -2.755466e-09 -1.372265e-07 2.427642e-09 8.608614e-07
1.421129e-01 1.676766e-07 -2.096789e-09 -1.044234e-07 1.847329e-09 6.550779e-07
1.521576e-01 1.275946e-07 -1.595565e-09 -7.946161e-08 1.405737e-09 4.984857e-07
1.629123e-01 9.709389e-08 -1.214155e-09 -6.046682e-08 1.069704e-09 3.793259e-07
1.744270e-01 7.388421e-08 -9.239193e-10 -4.601261e-08 8.139984e-10 2.886504e-07
1.867557e-01 5.622266e-08 -7.030622e-10 -3.501359e-08 6.194172e-10 2.196504e-07
1.999558e-01 4.278299e-08 -5.349996e-10 -2.664381e-08 4.713495e-10 1.671443e-07
2.140888e-01 3.255599e-08 -4.071114e-10 -2.027478e-08 3.586764e-10 1.271895e-07
2.292208e-01 2.477368e-08 -3.097940e-10 -1.542822e-08 2.729370e-10 9.678568e-08
2.454224e-01 1.885169e-08 -2.357397e-10 -1.174020e-08 2.076932e-10 7.364968e-08
2.627691e-01 1.434531e-08 -1.793876e-10 -8.933780e-09 1.580454e-10 5.604419e-08
2.813418e-01 1.091616e-08 -1.365061e-10 -6.798216e-09 1.202657e-10 4.264718e-08
3.012273e-01 8.306719e-09 -1.038752e-10 -5.173146e-09 9.151693e-11 3.245264e-08
3.225183e-01 6.321050e-09 -7.904450e-11 -3.936538e-09 6.964038e-11 2.469504e-08
3.453142e-01 4.810043e-09 -6.014941e-11 -2.995534e-09 5.299329e-11 1.879185e-08
3.697214e-01 3.660233e-09 -4.577107e-11 -2.279470e-09 4.032558e-11 1.429978e-08
3.958536e-01 2.785277e-09 -3.482979e-11 -1.734577e-09 3.068601e-11 1.088151e-08
4.238329e-01 2.119474e-09 -2.650395e-11 -1.319938e-09 2.335071e-11 8.280351e-09
4.537898e-01 1.612828e-09 -2.016835e-11 -1.004415e-09 1.776887e-11 6.300985e-09
4.858641e-01 1.227291e-09 -1.534723e-11 -7.643158e-10 1.352133e-11 4.794775e-09
5.202054e-01 9.339151e-10 -1.167857e-11 -5.816110e-10 1.028915e-11 3.648614e-09
5.569740e-01 7.106686e-10 -8.886884e-12 -4.425806e-10 7.829590e-12 2.776436e-09
5.963415e-01 5.407878e-10 -6.762531e-12 -3.367845e-10 5.957976e-12 2.112747e-09
6.384914e-01 4.115159e-10 -5.145990e-12 -2.562783e-10 4.533760e-12 1.607708e-09
6.836206e-01 3.131456e-10 -3.915874e-12 -1.950166e-10 3.449993e-12 1.223395e-09
7.319396e-01 2.382901e-10 -2.979809e-12 -1.483991e-10 2.625294e-12 9.309505e-10
7.836737e-01 1.813284e-10 -2.267505e-12 -1.129252e-10 1.997734e-12 7.084127e-10
8.390645e-01 1.379830e-10 -1.725472e-12 -8.593117e-11 1.520189e-12 5.390711e-10
8.983704e-01 1.049990e-10 -1.313009e-12 -6.538987e-11 1.156797e-12 4.102096e-10
9.618680e-01 7.989967e-11 -9.991424e-13 -4.975884e-11 8.802720e-13 3.121516e-10
1.029854e+00 6.080016e-11 -7.603037e-13 -3.786430e-11 6.698486e-13 2.375337e-10
1.102645e+00 4.626627e-11 -5.785579e-13 -2.881308e-11 5.097255e-13 1.807528e-10
1.180581e+00 3.520661e-11 -4.402573e-13 -2.192550e-11 3.878789e-13 1.375450e-10
1.264025e+00 2.679069e-11 -3.350166e-13 -1.668434e-11 2.951589e-13 1.046657e-10
1.353368e+00 2.038655e-11 -2.549330e-13 -1.269606e-11 2.246030e-13 7.964604e-11
1.449025e+00 1.551327e-11 -1.939929e-13 -9.661145e-12 1.709131e-13 6.060716e-11
1.551443e+00 1.180492e-11 -1.476201e-13 -7.351710e-12 1.300574e-13 4.611940e-11
1.661101e+00 8.983030e-12 -1.123325e-13 -5.594330e-12 9.896800e-14 3.509485e-11
1.778509e+00 6.835694e-12 -8.548009e-14 -4.257041e-12 7.531032e-14 2.670565e-11
1.904216e+00 5.201665e-12 -6.504662e-14 -3.239422e-12 5.730787e-14 2.032183e-11
2.038807e+00 3.958240e-12 -4.949764e-14 -2.465059e-12 4.360879e-14 1.546403e-11
2.182912e+00 3.012047e-12 -3.766554e-14 -1.875802e-12 3.318438e-14 1.176745e-11
2.337203e+00 2.292037e-12 -2.866183e-14 -1.427403e-12 2.525186e-14 8.954515e-12
2.502398e+00 1.744140e-12 -2.181040e-14 -1.086192e-12 1.921557e-14 6.813995e-12
2.679270e+00 1.327214e-12 -1.659676e-14 -8.265445e-13 1.462221e-14 5.185153e-12
2.868643e+00 1.009952e-12 -1.262941e-14 -6.289642e-13 1.112686e-14 3.945675e-12
3.071402e+00 7.685294e-13 -9.610431e-15 -4.786143e-13 8.467055e-15 3.002486e-12
3.288491e+00 5.848173e-13 -7.313118e-15 -3.642046e-13 6.443059e-15 2.284761e-12
3.520925e+00 4.450204e-13 -5.564964e-15 -2.771438e-13 4.902887e-15 1.738603e-12
3.769787e+00 3.386411e-13 -4.234694e-15 -2.108943e-13 3.730883e-15 1.323001e-12
4.036239e+00 2.576911e-13 -3.222417e-15 -1.604814e-13 2.839039e-15 1.006746e-12
4.321524e+00 1.960917e-13 -2.452119e-15 -1.221193e-13 2.160385e-15 7.660898e-13
4.626973e+00 1.492172e-13 -1.865955e-15 -9.292747e-14 1.643958e-15 5.829609e-13
4.954012e+00 1.135478e-13 -1.419911e-15 -7.071374e-14 1.250980e-15 4.436078e-13
5.304166e+00 8.640490e-14 -1.080490e-15 -5.381007e-14 9.519415e-16 3.375662e-13
5.679070e+00 6.575035e-14 -8.222057e-16 -4.094711e-14 7.243859e-16 2.568731e-13
6.080472e+00 5.003315e-14 -6.256626e-16 -3.115897e-14 5.512261e-16 1.954692e-13
6.510245e+00 3.807304e-14 -4.761019e-16 -2.371061e-14 4.194590e-16 1.487435e-13
6.970395e+00 2.897192e-14 -3.622928e-16 -1.804274e-14 3.191899e-16 1.131873e-13
7.463069e+00 2.204637e-14 -2.756890e-16 -1.372974e-14 2.428896e-16 8.613062e-14
7.990566e+00 1.677632e-14 -2.097873e-16 -1.044773e-14 1.848284e-16 6.554164e-14
8.555347e+00 1.276605e-14 -1.596390e-16 -7.950267e-15 1.406463e-16 4.987433e-14
9.160046e+00 9.714406e-15 -1.214783e-16 -6.049806e-15 1.070257e-16 3.795218e-14
9.807487e+00 7.392238e-15 -9.243966e-17 -4.603638e-15 8.144190e-17 2.887995e-14
1.050069e+01 5.625171e-15 -7.034255e-17 -3.503168e-15 6.197373e-17 2.197638e-14
1.124289e+01 4.280509e-15 -5.352761e-17 -2.665758e-15 4.715930e-17 1.672307e-14
1.203755e+01 3.257281e-15 -4.073217e-17 -2.028525e-15 3.588617e-17 1.272553e-14
1.288837e+01 2.478648e-15 -3.099540e-17 -1.543619e-15 2.730781e-17 9.683569e-15
1.379933e+01 1.886143e-15 -2.358615e-17 -1.174627e-15 2.078005e-17 7.368773e-15
1.477468e+01 1.435273e-15 -1.794803e-17 -8.938396e-16 1.581271e-17 5.607314e-15
1.581897e+01 1.092180e-15 -1.365767e-17 -6.801729e-16 1.203278e-17 4.266921e-15
1.693707e+01 8.311011e-16 -1.039289e-17 -5.175819e-16 9.156421e-18 3.246941e-15
1.813420e+01 6.324316e-16 -7.908534e-18 -3.938572e-16 6.967637e-18 2.470780e-15
1.941594e+01 4.812528e-16 -6.018049e-18 -2.997081e-16 5.302067e-18 1.880156e-15
2.078828e+01 3.662124e-16 -4.579472e-18 -2.280648e-16 4.034642e-18 1.430717e-15
2.225761e+01 2.786716e-16 -3.484778e-18 -1.735474e-16 3.070186e-18 1.088713e-15
2.383080e+01 2.120570e-16 -2.651764e-18 -1.320620e-16 2.336277e-18 8.284629e-16
2.551518e+01 1.613661e-16 -2.017877e-18 -1.004934e-16 1.777805e-18 6.304241e-16
2.731862e+01 1.227925e-16 -1.535516e-18 -7.647107e-17 1.352832e-18 4.797252e-16
2.924952e+01 9.343976e-17 -1.168461e-18 -5.819115e-17 1.029446e-18 3.650499e-16
3.131691e+01 7.110358e-17 -8.891475e-19 -4.428092e-17 7.833636e-19 2.777870e-16
3.353042e+01 5.410672e-17 -6.766025e-19 -3.369585e-17 5.961055e-19 2.113838e-16
3.590038e+01 4.117285e-17 -5.148649e-19 -2.564107e-17 4.536102e-19 1.608539e-16
3.843785e+01 3.133074e-17 -3.917897e-19 -1.951173e-17 3.451776e-19 1.224028e-16
4.115467e+01 2.384132e-17 -2.981349e-19 -1.484758e-17 2.626651e-19 9.314315e-17
4.406352e+01 1.814221e-17 -2.268676e-19 -1.129836e-17 1.998766e-19 7.087787e-17
4.717797e+01 1.380543e-17 -1.726363e-19 -8.597557e-18 1.520974e-19 5.393496e-17
5.051255e+01 1.050533e-17 -1.313687e-19 -6.542365e-18 1.157395e-19 4.104215e-17
5.408283e+01 7.994095e-18 -9.996586e-20 -4.978454e-18 8.807269e-20 3.123129e-17
5.790545e+01 6.083157e-18 -7.606965e-20 -3.788386e-18 6.701947e-20 2.376564e-17
6.199826e+01 4.629017e-18 -5.788569e-20 -2.882797e-18 5.099889e-20 1.808462e-17
6.638036e+01 3.522480e-18 -4.404848e-20 -2.193682e-18 3.880793e-20 1.376160e-17
7.107219e+01 2.680453e-18 -3.351897e-20 -1.669296e-18 2.953114e-20 1.047198e-17
7.609563e+01 2.039708e-18 -2.550647e-20 -1.270262e-18 2.247191e-20 7.968719e-18
8.147414e+01 1.552129e-18 -1.940931e-20 -9.666137e-19 1.710014e-20 6.063848e-18
8.723281e+01 1.181102e-18 -1.476964e-20 -7.355508e-19 1.301246e-20 4.614323e-18
9.339851e+01 8.987672e-19 -1.123905e-20 -5.597220e-19 9.901913e-21 3.511298e-18
1.000000e+02 6.839226e-19 -8.552426e-21 -4.259240e-19 7.534924e-21 2.671945e-18
