# k [h/Mpc], q0, q1/i, q2, q3/i, q4
5.385587e-05 1.000000e+00 1.204298e-02 3.936182e-04 -2.278009e-02 1.103656e+00
1.034961e-04 9.990398e-01 2.312108e-02 6.163548e-04 1.541441e-03 -1.091936e-01
1.650345e-04 9.969181e-01 3.678578e-02 1.276770e-03 8.642289e-03 -1.319546e-01
2.219461e-04 9.941490e-01 4.930662e-02 2.756946e-03 -2.541381e-03 4.956542e-02
2.831569e-04 9.902329e-01 6.262982e-02 4.212503e-03 3.727861e-03 -2.744430e-02
3.481074e-04 9.850776e-01 7.654727e-02 6.255205e-03 6.261444e-03 -3.855512e-02
4.078467e-04 9.796121e-01 8.863360e-02 -2.951736e-02 -5.195050e-03 2.919183e-02
4.685721e-04 9.727490e-01 1.018353e-01 3.589646e-02 5.348430e-03 -6.997349e-03
5.344152e-04 9.646783e-01 1.148210e-01 2.121448e-02 6.379517e-03 -1.292016e-02
5.979215e-04 9.559990e-01 1.269396e-01 1.364748e-02 2.943118e-03 1.932804e-03
6.594309e-04 9.466420e-01 1.384854e-01 2.319773e-02 2.739408e-03 1.077653e-02
7.211547e-04 9.364741e-01 1.496522e-01 2.687433e-02 1.020628e-02 -1.566103e-02
7.842715e-04 9.253630e-01 1.603779e-01 2.588307e-02 8.540287e-03 -4.922692e-03
8.480725e-04 9.132355e-01 1.708513e-01 3.503011e-02 9.185010e-03 2.088296e-03
9.105595e-04 9.005207e-01 1.806808e-01 4.916461e-02 1.306348e-02 1.259001e-03
9.726731e-04 8.874379e-01 1.896271e-01 4.798402e-02 1.527089e-02 -2.164148e-03
1.035373e-03 8.734289e-01 1.982798e-01 5.541866e-02 2.115660e-02 -9.374585e-03
1.098784e-03 8.587729e-01 2.061444e-01 5.991489e-02 1.981071e-02 1.011462e-03
1.161586e-03 8.436313e-01 2.135041e-01 6.478549e-02 2.531360e-02 -6.103530e-03
1.224174e-03 8.280002e-01 2.200796e-01 7.307581e-02 2.688813e-02 7.113498e-04
1.288412e-03 8.114270e-01 2.263565e-01 7.909260e-02 3.485941e-02 -1.073430e-02
1.351080e-03 7.949525e-01 2.314126e-01 8.731974e-02 3.272478e-02 6.246644e-03
1.412291e-03 7.782732e-01 2.362109e-01 9.444260e-02 4.319130e-02 -7.808245e-03
1.475368e-03 7.610053e-01 2.401507e-01 9.878784e-02 4.559172e-02 -7.662704e-03
1.538515e-03 7.431531e-01 2.437621e-01 1.062100e-01 5.540364e-02 -1.822189e-02
1.601338e-03 7.255559e-01 2.458676e-01 1.148332e-01 5.041810e-02 6.542954e-03
1.665074e-03 7.070650e-01 2.480739e-01 1.239578e-01 5.948138e-02 -1.317309e-03
1.728027e-03 6.887092e-01 2.499184e-01 1.262255e-01 7.123293e-02 -1.994188e-02
1.789887e-03 6.706177e-01 2.502490e-01 1.394535e-01 7.248892e-02 -4.175570e-03
1.852570e-03 6.522622e-01 2.507070e-01 1.415289e-01 8.121521e-02 -1.809832e-02
1.915088e-03 6.340493e-01 2.498454e-01 1.514972e-01 8.237094e-02 -4.518386e-03
1.978019e-03 6.152736e-01 2.493987e-01 1.560074e-01 9.526509e-02 -2.205329e-02
2.041684e-03 5.967451e-01 2.473886e-01 1.662389e-01 9.778074e-02 -1.050827e-02
2.104726e-03 5.784394e-01 2.454482e-01 1.700254e-01 1.042670e-01 -1.675782e-02
2.167060e-03 5.602294e-01 2.429697e-01 1.774151e-01 1.124553e-01 -1.970652e-02
2.229921e-03 5.422469e-01 2.398709e-01 1.834715e-01 1.177734e-01 -1.946656e-02
2.292794e-03 5.242633e-01 2.365161e-01 1.891479e-01 1.256724e-01 -2.406386e-02
2.355230e-03 5.068240e-01 2.324437e-01 1.962643e-01 1.302669e-01 -2.062417e-02
2.418331e-03 4.893638e-01 2.281112e-01 2.021722e-01 1.367213e-01 -2.158510e-02
2.481215e-03 4.720666e-01 2.236675e-01 2.068465e-01 1.445637e-01 -2.737708e-02
2.543891e-03 4.554658e-01 2.185081e-01 2.129599e-01 1.484953e-01 -2.317488e-02
2.607003e-03 4.385664e-01 2.135302e-01 2.171833e-01 1.572501e-01 -3.061998e-02
2.669740e-03 4.223177e-01 2.081414e-01 2.215435e-01 1.631471e-01 -3.229172e-02
2.732628e-03 4.068130e-01 2.020532e-01 2.271705e-01 1.665461e-01 -2.823214e-02
2.796013e-03 3.909658e-01 1.962992e-01 2.308749e-01 1.737559e-01 -3.287801e-02
2.858795e-03 3.758433e-01 1.903313e-01 2.342365e-01 1.782779e-01 -3.309627e-02
2.920959e-03 3.615117e-01 1.840023e-01 2.381296e-01 1.828059e-01 -3.405148e-02
2.983535e-03 3.470746e-01 1.779049e-01 2.409378e-01 1.882536e-01 -3.575643e-02
3.046449e-03 3.330384e-01 1.715650e-01 2.436160e-01 1.936431e-01 -3.905740e-02
3.109435e-03 3.194400e-01 1.653268e-01 2.451381e-01 1.969097e-01 -3.994840e-02
3.172429e-03 3.069057e-01 1.583973e-01 2.493575e-01 1.989616e-01 -3.441419e-02
3.235378e-03 2.940298e-01 1.520788e-01 2.508601e-01 2.039558e-01 -3.902663e-02
3.298350e-03 2.817000e-01 1.457822e-01 2.519140e-01 2.065620e-01 -3.874001e-02
3.361502e-03 2.696120e-01 1.395007e-01 2.525259e-01 2.105954e-01 -4.275222e-02
3.424034e-03 2.584084e-01 1.332157e-01 2.535429e-01 2.122859e-01 -4.100416e-02
3.486610e-03 2.477006e-01 1.269529e-01 2.544089e-01 2.139212e-01 -3.988607e-02
3.549533e-03 2.368032e-01 1.209879e-01 2.539733e-01 2.165113e-01 -4.280425e-02
3.612035e-03 2.273727e-01 1.147070e-01 2.560662e-01 2.160317e-01 -3.586583e-02
3.674842e-03 2.169336e-01 1.092971e-01 2.528655e-01 2.186317e-01 -4.299696e-02
3.737743e-03 2.079714e-01 1.033934e-01 2.535279e-01 2.183362e-01 -3.893735e-02
3.800817e-03 1.984647e-01 9.809311e-02 2.509981e-01 2.194947e-01 -4.158828e-02
3.863693e-03 1.904711e-01 9.244220e-02 2.514394e-01 2.184232e-01 -3.723862e-02
3.926624e-03 1.818970e-01 8.740063e-02 2.490527e-01 2.183069e-01 -3.753113e-02
3.989691e-03 1.741782e-01 8.232463e-02 2.474654e-01 2.174576e-01 -3.658148e-02
4.052279e-03 1.665766e-01 7.757172e-02 2.452076e-01 2.162161e-01 -3.510903e-02
4.115276e-03 1.592202e-01 7.293468e-02 2.425773e-01 2.151913e-01 -3.519779e-02
4.178091e-03 1.525737e-01 6.848688e-02 2.403858e-01 2.130128e-01 -3.245937e-02
4.240529e-03 1.458579e-01 6.431699e-02 2.374047e-01 2.111817e-01 -3.096546e-02
4.303566e-03 1.396831e-01 6.019220e-02 2.346420e-01 2.087423e-01 -2.945011e-02
4.366473e-03 1.336678e-01 5.638475e-02 2.315207e-01 2.061748e-01 -2.665349e-02
4.429136e-03 1.279463e-01 5.272955e-02 2.277880e-01 2.036495e-01 -2.649816e-02
4.491804e-03 1.221027e-01 4.932497e-02 2.235076e-01 2.003906e-01 -2.484012e-02
4.554524e-03 1.173941e-01 4.590444e-02 2.212820e-01 1.973349e-01 -2.128805e-02
4.617696e-03 1.122086e-01 4.290188e-02 2.164713e-01 1.937164e-01 -1.969014e-02
4.680743e-03 1.074361e-01 3.989396e-02 2.129035e-01 1.900817e-01 -1.696075e-02
4.743600e-03 1.028576e-01 3.710320e-02 2.086170e-01 1.861412e-01 -1.515305e-02
4.806460e-03 9.870150e-02 3.452891e-02 2.049652e-01 1.826385e-01 -1.184566e-02
4.869182e-03 9.457806e-02 3.204921e-02 2.005374e-01 1.784198e-01 -1.027751e-02
4.931803e-03 9.033925e-02 2.976090e-02 1.956350e-01 1.741990e-01 -8.117675e-03
4.994544e-03 8.670877e-02 2.762239e-02 1.914543e-01 1.701136e-01 -5.573456e-03
5.057296e-03 8.320705e-02 2.555387e-02 1.874608e-01 1.658898e-01 -2.626828e-03
5.120127e-03 7.979770e-02 2.373791e-02 1.826696e-01 1.615186e-01 -5.452670e-04
5.183244e-03 7.635853e-02 2.188088e-02 1.780179e-01 1.569126e-01 1.827515e-03
5.246213e-03 7.323082e-02 2.023527e-02 1.734867e-01 1.525733e-01 4.239989e-03
5.308940e-03 7.012032e-02 1.865792e-02 1.686197e-01 1.479574e-01 6.209167e-03
5.371705e-03 6.742053e-02 1.722531e-02 1.645067e-01 1.436942e-01 8.860066e-03
5.434764e-03 6.468122e-02 1.584022e-02 1.601736e-01 1.392991e-01 1.168618e-02
5.497589e-03 6.185188e-02 1.459033e-02 1.547675e-01 1.345776e-01 1.259189e-02
5.560094e-03 5.959151e-02 1.339823e-02 1.511856e-01 1.304568e-01 1.598107e-02
5.623090e-03 5.695945e-02 1.229827e-02 1.459512e-01 1.260370e-01 1.699533e-02
5.686167e-03 5.470798e-02 1.120041e-02 1.417433e-01 1.215523e-01 1.930488e-02
5.748863e-03 5.244002e-02 1.024198e-02 1.371754e-01 1.173134e-01 2.124122e-02
5.811791e-03 5.050206e-02 9.360664e-03 1.332243e-01 1.133069e-01 2.300827e-02
5.874636e-03 4.835784e-02 8.434667e-03 1.287533e-01 1.089895e-01 2.500535e-02
5.937271e-03 4.639183e-02 7.675451e-03 1.242665e-01 1.050673e-01 2.584636e-02
6.000058e-03 4.458291e-02 6.910398e-03 1.202696e-01 1.010736e-01 2.769363e-02
6.062729e-03 4.274480e-02 6.202551e-03 1.159609e-01 9.717829e-02 2.876060e-02
6.125517e-03 4.104419e-02 5.501066e-03 1.119135e-01 9.329360e-02 3.000547e-02
6.188708e-03 3.944019e-02 4.873869e-03 1.081298e-01 8.968262e-02 3.162525e-02
6.251555e-03 3.791384e-02 4.308288e-03 1.041792e-01 8.613898e-02 3.209017e-02
6.314077e-03 3.640344e-02 3.704997e-03 1.004157e-01 8.252277e-02 3.337387e-02
6.377058e-03 3.490834e-02 3.190796e-03 9.643351e-02 7.906471e-02 3.390294e-02
6.440009e-03 3.358105e-02 2.697117e-03 9.287840e-02 7.579696e-02 3.449871e-02
6.502812e-03 3.232317e-02 2.214304e-03 8.951108e-02 7.262340e-02 3.551296e-02
6.565726e-03 3.094864e-02 1.801766e-03 8.555628e-02 6.936260e-02 3.529873e-02
6.628521e-03 2.985264e-02 1.362708e-03 8.254201e-02 6.645398e-02 3.626742e-02
6.691272e-03 2.869567e-02 9.899637e-04 7.908630e-02 6.349898e-02 3.614512e-02
6.754176e-03 2.763159e-02 6.190065e-04 7.597958e-02 6.071152e-02 3.657470e-02
6.816888e-03 2.657687e-02 2.791225e-04 7.279492e-02 5.793363e-02 3.662217e-02
6.879625e-03 2.551525e-02 -2.227755e-05 6.948398e-02 5.517524e-02 3.631997e-02
6.942449e-03 2.465821e-02 -3.397688e-04 6.678807e-02 5.270046e-02 3.654570e-02
7.005248e-03 2.371818e-02 -5.718808e-04 6.380251e-02 5.028968e-02 3.611782e-02
7.068136e-03 2.285322e-02 -8.408499e-04 6.097286e-02 4.780827e-02 3.596969e-02
7.131053e-03 2.204067e-02 -1.071085e-03 5.829205e-02 4.551238e-02 3.572823e-02
7.194010e-03 2.123638e-02 -1.259911e-03 5.557972e-02 4.330225e-02 3.516935e-02
7.256902e-03 2.053599e-02 -1.467689e-03 5.317376e-02 4.116995e-02 3.500602e-02
7.319748e-03 1.974865e-02 -1.606127e-03 5.045031e-02 3.901733e-02 3.417811e-02
7.382611e-03 1.913429e-02 -1.770940e-03 4.827896e-02 3.712100e-02 3.391717e-02
7.445306e-03 1.843335e-02 -1.881143e-03 4.580837e-02 3.513252e-02 3.315064e-02
7.507906e-03 1.784927e-02 -1.989763e-03 4.366191e-02 3.335952e-02 3.256702e-02
7.570818e-03 1.720195e-02 -2.076688e-03 4.133714e-02 3.140239e-02 3.188973e-02
7.633721e-03 1.665508e-02 -2.140332e-03 3.933545e-02 2.984233e-02 3.112892e-02
7.696586e-03 1.615099e-02 -2.223764e-03 3.737366e-02 2.811589e-02 3.064243e-02
7.759492e-03 1.559567e-02 -2.238987e-03 3.534059e-02 2.656971e-02 2.969207e-02
7.822382e-03 1.511627e-02 -2.272825e-03 3.353256e-02 2.501727e-02 2.910484e-02
7.885469e-03 1.460881e-02 -2.277815e-03 3.160071e-02 2.349573e-02 2.818257e-02
7.948044e-03 1.416749e-02 -2.276013e-03 2.993238e-02 2.213724e-02 2.747132e-02
8.010528e-03 1.370608e-02 -2.254833e-03 2.817650e-02 2.065352e-02 2.670582e-02
8.073516e-03 1.327798e-02 -2.223290e-03 2.657785e-02 1.947409e-02 2.577246e-02
8.136423e-03 1.287721e-02 -2.192962e-03 2.503284e-02 1.811755e-02 2.516271e-02
8.199228e-03 1.250092e-02 -2.147097e-03 2.358729e-02 1.699795e-02 2.435308e-02
8.262023e-03 1.209132e-02 -2.081382e-03 2.206152e-02 1.578972e-02 2.348307e-02
8.324981e-03 1.173791e-02 -2.022868e-03 2.074949e-02 1.467293e-02 2.281151e-02
8.388025e-03 1.135495e-02 -1.941720e-03 1.934742e-02 1.364649e-02 2.188049e-02
8.450798e-03 1.103298e-02 -1.870462e-03 1.815164e-02 1.259293e-02 2.129050e-02
8.513424e-03 1.066315e-02 -1.778340e-03 1.687108e-02 1.164837e-02 2.038292e-02
8.576219e-03 1.035654e-02 -1.696223e-03 1.575422e-02 1.069673e-02 1.976335e-02
8.639099e-03 1.003373e-02 -1.606090e-03 1.463177e-02 9.852500e-03 1.897237e-02
8.701941e-03 9.712773e-03 -1.505029e-03 1.355665e-02 9.002047e-03 1.825756e-02
8.764716e-03 9.409399e-03 -1.410426e-03 1.255868e-02 8.170925e-03 1.760638e-02
8.827545e-03 9.103763e-03 -1.312775e-03 1.156474e-02 7.449717e-03 1.683635e-02
8.890404e-03 8.837988e-03 -1.219386e-03 1.068306e-02 6.726830e-03 1.626588e-02
8.953189e-03 8.537205e-03 -1.118197e-03 9.783599e-03 6.056017e-03 1.554901e-02
9.016039e-03 8.259426e-03 -1.022472e-03 8.957269e-03 5.428778e-03 1.490331e-02
9.078883e-03 8.002254e-03 -9.284374e-04 8.179356e-03 4.792593e-03 1.435630e-02
9.141797e-03 7.729488e-03 -8.384792e-04 7.421542e-03 4.285801e-03 1.365372e-02
9.204714e-03 7.474894e-03 -7.443793e-04 6.714059e-03 3.702081e-03 1.315376e-02
9.267500e-03 7.221236e-03 -6.555899e-04 6.040395e-03 3.257205e-03 1.251431e-02
9.330389e-03 6.985701e-03 -5.754428e-04 5.414341e-03 2.785969e-03 1.199622e-02
9.393353e-03 6.725829e-03 -4.920737e-04 4.805840e-03 2.321976e-03 1.145472e-02
9.456033e-03 6.503617e-03 -4.174862e-04 4.239586e-03 1.985510e-03 1.087796e-02
9.518699e-03 6.265508e-03 -3.406054e-04 3.733571e-03 1.568666e-03 1.043902e-02
9.581480e-03 6.044817e-03 -2.751807e-04 3.219861e-03 1.275347e-03 9.868799e-03
9.644431e-03 5.825605e-03 -2.105005e-04 2.758242e-03 9.402054e-04 9.433858e-03
9.707436e-03 5.618660e-03 -1.494466e-04 2.316094e-03 6.714652e-04 8.960209e-03
9.770160e-03 5.411245e-03 -9.409620e-05 1.915725e-03 4.287314e-04 8.494408e-03
9.832865e-03 5.209120e-03 -3.878802e-05 1.538066e-03 1.770115e-04 8.091519e-03
9.895597e-03 5.021048e-03 2.348370e-06 1.171513e-03 -3.116964e-06 7.626349e-03
9.958595e-03 4.816361e-03 5.020296e-05 8.585349e-04 -2.117529e-04 7.243535e-03
1.002149e-02 4.640690e-03 8.936672e-05 5.443523e-04 -3.512976e-04 6.811183e-03
1.008410e-02 4.459087e-03 1.257551e-04 2.651276e-04 -4.989489e-04 6.435659e-03
1.014702e-02 4.289547e-03 1.519600e-04 9.154095e-06 -6.437287e-04 6.107291e-03
1.020999e-02 4.127426e-03 1.856354e-04 -2.441210e-04 -7.213347e-04 5.697463e-03
1.027280e-02 3.962473e-03 2.131402e-04 -4.493891e-04 -8.271824e-04 5.382939e-03
1.033567e-02 3.810243e-03 2.325449e-04 -6.607265e-04 -8.844720e-04 5.022797e-03
1.039854e-02 3.652942e-03 2.487939e-04 -8.341592e-04 -9.557138e-04 4.719441e-03
1.046130e-02 3.516728e-03 2.674770e-04 -1.005831e-03 -1.005035e-03 4.419105e-03
1.052408e-02 3.374867e-03 2.830004e-04 -1.156422e-03 -1.029081e-03 4.099626e-03
1.058689e-02 3.237889e-03 2.898212e-04 -1.279546e-03 -1.063286e-03 3.844478e-03
1.064973e-02 3.118321e-03 3.026807e-04 -1.417850e-03 -1.061110e-03 3.548227e-03
1.071266e-02 2.995491e-03 3.106063e-04 -1.516137e-03 -1.080514e-03 3.320927e-03
1.077552e-02 2.875457e-03 3.183657e-04 -1.612156e-03 -1.062192e-03 3.049496e-03
1.083829e-02 2.766798e-03 3.204252e-04 -1.696573e-03 -1.056668e-03 2.830148e-03
1.090115e-02 2.659014e-03 3.259280e-04 -1.766243e-03 -1.039219e-03 2.616689e-03
1.096400e-02 2.560024e-03 3.280317e-04 -1.835613e-03 -1.011159e-03 2.392325e-03
1.102688e-02 2.460795e-03 3.294599e-04 -1.879515e-03 -9.852120e-04 2.208915e-03
1.108967e-02 2.369012e-03 3.286748e-04 -1.926283e-03 -9.448686e-04 2.014484e-03
1.115232e-02 2.280636e-03 3.291584e-04 -1.956561e-03 -9.056781e-04 1.842374e-03
1.121507e-02 2.197092e-03 3.295581e-04 -1.983621e-03 -8.703886e-04 1.689629e-03
1.127797e-02 2.123130e-03 3.302248e-04 -2.010475e-03 -8.246713e-04 1.536329e-03
1.134099e-02 2.042513e-03 3.257913e-04 -2.013268e-03 -7.829947e-04 1.408486e-03
1.140372e-02 1.975312e-03 3.274866e-04 -2.025870e-03 -7.230785e-04 1.264239e-03
1.146650e-02 1.906528e-03 3.260835e-04 -2.022610e-03 -6.834400e-04 1.158160e-03
1.152952e-02 1.844751e-03 3.233092e-04 -2.019653e-03 -6.333857e-04 1.059907e-03
1.159236e-02 1.784449e-03 3.218574e-04 -2.008473e-03 -5.780009e-04 9.587820e-04
1.165521e-02 1.725470e-03 3.220006e-04 -1.990236e-03 -5.320435e-04 8.800591e-04
1.171802e-02 1.676422e-03 3.193235e-04 -1.977046e-03 -4.764549e-04 7.980215e-04
1.178091e-02 1.623176e-03 3.185708e-04 -1.950035e-03 -4.326324e-04 7.443085e-04
1.184377e-02 1.579744e-03 3.186555e-04 -1.928342e-03 -3.801054e-04 6.885577e-04
1.190645e-02 1.529742e-03 3.154110e-04 -1.890717e-03 -3.269327e-04 6.352465e-04
1.196918e-02 1.489856e-03 3.145651e-04 -1.858988e-03 -2.826118e-04 6.059165e-04
1.203205e-02 1.452973e-03 3.138767e-04 -1.827221e-03 -2.339020e-04 5.747635e-04
1.209494e-02 1.413103e-03 3.147146e-04 -1.784211e-03 -1.907880e-04 5.571324e-04
1.215771e-02 1.380762e-03 3.131596e-04 -1.747476e-03 -1.399523e-04 5.377259e-04
1.222054e-02 1.347034e-03 3.113447e-04 -1.701267e-03 -9.946685e-05 5.414591e-04
1.228344e-02 1.317511e-03 3.128758e-04 -1.659519e-03 -6.038748e-05 5.418608e-04
1.234640e-02 1.287957e-03 3.105852e-04 -1.610900e-03 -1.462493e-05 5.461447e-04
1.240915e-02 1.260161e-03 3.114480e-04 -1.561033e-03 1.953262e-05 5.646311e-04
1.247184e-02 1.237909e-03 3.100170e-04 -1.517626e-03 6.453424e-05 5.788705e-04
1.253470e-02 1.212890e-03 3.097751e-04 -1.462512e-03 9.566028e-05 6.092920e-04
1.259754e-02 1.191513e-03 3.099921e-04 -1.413659e-03 1.326872e-04 6.371954e-04
1.266036e-02 1.171482e-03 3.081193e-04 -1.361814e-03 1.669666e-04 6.723841e-04
1.272320e-02 1.150098e-03 3.058879e-04 -1.303741e-03 2.000323e-04 7.087428e-04
1.278608e-02 1.134871e-03 3.068578e-04 -1.255520e-03 2.293692e-04 7.527788e-04
1.284892e-02 1.116450e-03 3.065071e-04 -1.198169e-03 2.578432e-04 8.003263e-04
1.291183e-02 1.101991e-03 3.045942e-04 -1.146512e-03 2.871527e-04 8.470690e-04
1.297477e-02 1.087378e-03 3.021582e-04 -1.089577e-03 3.146057e-04 8.987585e-04
1.303751e-02 1.073142e-03 3.017841e-04 -1.034936e-03 3.393881e-04 9.526955e-04
1.310022e-02 1.062090e-03 3.005533e-04 -9.830281e-04 3.626500e-04 1.009072e-03
1.316309e-02 1.047987e-03 2.971764e-04 -9.213333e-04 3.839029e-04 1.066649e-03
1.322594e-02 1.039978e-03 2.963987e-04 -8.750007e-04 4.078315e-04 1.123728e-03
1.328870e-02 1.027729e-03 2.942654e-04 -8.147395e-04 4.256614e-04 1.186031e-03
1.335152e-02 1.019241e-03 2.923096e-04 -7.630004e-04 4.456262e-04 1.247236e-03
1.341448e-02 1.009953e-03 2.891044e-04 -7.085246e-04 4.601070e-04 1.308843e-03
1.347734e-02 1.000922e-03 2.860634e-04 -6.521591e-04 4.779564e-04 1.370187e-03
1.354004e-02 9.953748e-04 2.842721e-04 -6.050470e-04 4.948599e-04 1.431483e-03
1.360289e-02 9.862642e-04 2.812031e-04 -5.479620e-04 5.062888e-04 1.493624e-03
1.366571e-02 9.805018e-04 2.780603e-04 -4.989625e-04 5.183990e-04 1.555000e-03
1.372857e-02 9.736689e-04 2.749322e-04 -4.472733e-04 5.297999e-04 1.615607e-03
1.379141e-02 9.679284e-04 2.717712e-04 -3.951731e-04 5.415822e-04 1.679065e-03
1.385412e-02 9.627156e-04 2.687311e-04 -3.510361e-04 5.485546e-04 1.735590e-03
1.391702e-02 9.560622e-04 2.648009e-04 -2.957516e-04 5.565233e-04 1.796102e-03
1.397990e-02 9.527472e-04 2.618135e-04 -2.532813e-04 5.639971e-04 1.853370e-03
1.404272e-02 9.465820e-04 2.583355e-04 -2.048667e-04 5.700222e-04 1.909367e-03
1.410560e-02 9.425758e-04 2.549960e-04 -1.584793e-04 5.738298e-04 1.965741e-03
1.416843e-02 9.378905e-04 2.510647e-04 -1.147618e-04 5.770235e-04 2.017434e-03
1.423121e-02 9.329262e-04 2.470406e-04 -6.798224e-05 5.795400e-04 2.072843e-03
1.429401e-02 9.293391e-04 2.443598e-04 -3.293192e-05 5.802223e-04 2.119003e-03
1.435689e-02 9.247542e-04 2.401880e-04 1.618285e-05 5.816273e-04 2.171750e-03
1.441980e-02 9.199305e-04 2.368145e-04 5.126991e-05 5.810155e-04 2.214310e-03
1.448261e-02 9.168652e-04 2.332349e-04 9.373791e-05 5.805795e-04 2.265222e-03
1.454538e-02 9.114821e-04 2.299446e-04 1.335211e-04 5.778165e-04 2.307424e-03
1.460822e-02 9.079138e-04 2.264138e-04 1.642359e-04 5.733722e-04 2.345565e-03
1.467115e-02 9.027291e-04 2.222896e-04 2.050229e-04 5.703402e-04 2.388133e-03
1.473401e-02 8.988851e-04 2.193710e-04 2.355199e-04 5.654705e-04 2.424729e-03
1.479676e-02 8.946722e-04 2.161919e-04 2.726593e-04 5.616560e-04 2.463870e-03
1.485961e-02 8.889115e-04 2.124116e-04 3.019848e-04 5.530488e-04 2.492883e-03
1.492239e-02 8.846228e-04 2.089940e-04 3.336396e-04 5.474053e-04 2.527441e-03
1.498506e-02 8.785385e-04 2.056476e-04 3.653304e-04 5.406790e-04 2.555814e-03
1.504789e-02 8.743558e-04 2.027088e-04 3.857208e-04 5.294826e-04 2.581124e-03
1.511078e-02 8.678359e-04 1.993598e-04 4.198872e-04 5.225579e-04 2.607977e-03
1.517364e-02 8.635592e-04 1.960619e-04 4.445186e-04 5.144805e-04 2.635469e-03
1.523654e-02 8.564851e-04 1.924392e-04 4.666873e-04 5.042655e-04 2.651458e-03
1.529942e-02 8.506435e-04 1.898559e-04 4.937041e-04 4.957066e-04 2.673843e-03
1.536235e-02 8.445827e-04 1.862365e-04 5.110543e-04 4.816497e-04 2.689866e-03
1.542517e-02 8.372974e-04 1.829525e-04 5.359253e-04 4.739071e-04 2.705346e-03
1.548789e-02 8.315272e-04 1.799703e-04 5.518193e-04 4.617173e-04 2.719193e-03
1.555076e-02 8.236116e-04 1.768141e-04 5.732058e-04 4.517641e-04 2.729090e-03
1.561359e-02 8.166101e-04 1.733381e-04 5.905524e-04 4.400557e-04 2.739449e-03
1.567632e-02 8.089573e-04 1.703824e-04 6.028953e-04 4.257337e-04 2.745488e-03
1.573917e-02 8.007951e-04 1.667737e-04 6.233101e-04 4.182655e-04 2.750104e-03
1.580208e-02 7.929612e-04 1.635301e-04 6.294205e-04 4.015026e-04 2.751781e-03
1.586491e-02 7.847959e-04 1.601056e-04 6.478402e-04 3.926826e-04 2.755339e-03
1.592764e-02 7.766533e-04 1.568242e-04 6.579665e-04 3.802455e-04 2.755660e-03
1.599049e-02 7.672772e-04 1.532296e-04 6.664169e-04 3.682479e-04 2.748481e-03
1.605344e-02 7.589539e-04 1.497740e-04 6.800901e-04 3.579327e-04 2.748971e-03
1.624590e-02 7.294888e-04 1.134014e-04 6.934844e-04 3.797352e-04 2.704454e-03
1.642530e-02 7.022327e-04 1.036318e-04 7.116746e-04 3.470307e-04 2.671203e-03
1.660477e-02 6.764840e-04 9.403718e-05 7.145253e-04 3.103746e-04 2.635740e-03
1.678430e-02 6.431252e-04 8.290698e-05 7.136284e-04 2.804403e-04 2.554434e-03
1.696359e-02 6.150466e-04 7.274931e-05 6.909156e-04 2.470832e-04 2.482138e-03
1.714294e-02 5.850514e-04 6.148943e-05 6.852277e-04 2.193428e-04 2.406994e-03
1.732202e-02 5.548666e-04 5.131307e-05 6.567038e-04 1.905120e-04 2.309331e-03
1.750141e-02 5.253719e-04 4.156837e-05 6.230392e-04 1.652394e-04 2.207749e-03
1.768181e-02 4.960630e-04 3.003406e-05 6.029447e-04 1.415884e-04 2.107925e-03
1.786131e-02 4.708734e-04 2.303045e-05 5.553986e-04 1.190416e-04 2.006439e-03
1.804025e-02 4.419476e-04 1.360273e-05 5.207212e-04 9.604666e-05 1.890589e-03
1.822032e-02 4.148729e-04 6.998451e-06 4.751773e-04 7.922864e-05 1.772143e-03
1.839987e-02 3.910713e-04 2.628445e-07 4.297233e-04 5.959404e-05 1.664141e-03
1.857923e-02 3.670593e-04 -5.798721e-06 3.890190e-04 4.222363e-05 1.555960e-03
1.875889e-02 3.439273e-04 -9.458074e-06 3.367387e-04 2.822808e-05 1.441762e-03
1.893827e-02 3.220399e-04 -1.379994e-05 2.976314e-04 1.529170e-05 1.337577e-03
1.911768e-02 3.020770e-04 -1.563066e-05 2.455314e-04 4.723703e-06 1.233256e-03
1.929737e-02 2.826141e-04 -1.824089e-05 2.039329e-04 -5.100766e-06 1.135272e-03
1.947670e-02 2.639312e-04 -1.976293e-05 1.610812e-04 -1.257326e-05 1.039923e-03
1.965601e-02 2.467615e-04 -2.035509e-05 1.167800e-04 -1.815448e-05 9.468835e-04
1.983541e-02 2.309145e-04 -2.105927e-05 7.964314e-05 -2.115504e-05 8.638646e-04
2.001489e-02 2.170613e-04 -2.116397e-05 4.070556e-05 -2.376174e-05 7.874192e-04
2.019468e-02 2.028981e-04 -2.089972e-05 6.928163e-06 -2.334195e-05 7.108283e-04
2.037444e-02 1.906859e-04 -2.063983e-05 -2.495661e-05 -2.280162e-05 6.430137e-04
2.055417e-02 1.801654e-04 -1.970089e-05 -5.492255e-05 -1.995069e-05 5.821175e-04
2.073390e-02 1.699053e-04 -1.893869e-05 -7.882711e-05 -1.548314e-05 5.251234e-04
2.091338e-02 1.617547e-04 -1.783979e-05 -1.043718e-04 -1.197706e-05 4.755443e-04
2.109302e-02 1.540739e-04 -1.654177e-05 -1.226150e-04 -6.724132e-06 4.314093e-04
2.127237e-02 1.479858e-04 -1.503069e-05 -1.397851e-04 -1.355577e-06 3.934370e-04
2.145116e-02 1.427647e-04 -1.319194e-05 -1.546853e-04 4.279519e-06 3.616531e-04
2.163077e-02 1.377269e-04 -1.131985e-05 -1.637094e-04 1.010210e-05 3.326873e-04
2.181049e-02 1.347986e-04 -9.115821e-06 -1.739030e-04 1.462886e-05 3.132310e-04
2.198999e-02 1.314152e-04 -6.842820e-06 -1.777309e-04 2.084264e-05 2.950968e-04
2.216980e-02 1.295584e-04 -4.201682e-06 -1.814524e-04 2.481143e-05 2.848673e-04
2.234970e-02 1.277590e-04 -1.654765e-06 -1.815247e-04 2.962482e-05 2.771385e-04
2.252980e-02 1.263774e-04 1.107781e-06 -1.795628e-04 3.328055e-05 2.740912e-04
2.270853e-02 1.253850e-04 3.867565e-06 -1.752044e-04 3.670565e-05 2.744644e-04
2.288717e-02 1.241551e-04 6.604510e-06 -1.685111e-04 3.995350e-05 2.772234e-04
2.306686e-02 1.244379e-04 9.326910e-06 -1.624108e-04 4.191454e-05 2.863420e-04
2.324649e-02 1.231818e-04 1.180529e-05 -1.517260e-04 4.455896e-05 2.934248e-04
2.342617e-02 1.233850e-04 1.410785e-05 -1.419884e-04 4.637300e-05 3.066742e-04
2.360560e-02 1.222295e-04 1.611431e-05 -1.298242e-04 4.773854e-05 3.172544e-04
2.378549e-02 1.220543e-04 1.783032e-05 -1.174558e-04 4.921718e-05 3.324163e-04
2.396571e-02 1.216695e-04 1.932558e-05 -1.049630e-04 5.002301e-05 3.474063e-04
2.414482e-02 1.206898e-04 2.017298e-05 -9.088386e-05 5.105081e-05 3.613477e-04
2.432376e-02 1.201795e-04 2.100730e-05 -7.806996e-05 5.146448e-05 3.765397e-04
2.450343e-02 1.193932e-04 2.119185e-05 -6.380386e-05 5.180306e-05 3.912903e-04
2.468304e-02 1.188004e-04 2.112191e-05 -5.144940e-05 5.198937e-05 4.055296e-04
2.486245e-02 1.177377e-04 2.073915e-05 -3.821543e-05 5.176853e-05 4.179385e-04
2.504187e-02 1.166745e-04 1.988703e-05 -2.539226e-05 5.131147e-05 4.291393e-04
2.522156e-02 1.159464e-04 1.924528e-05 -1.488885e-05 5.054349e-05 4.401300e-04
2.540110e-02 1.149123e-04 1.792632e-05 -3.291672e-06 4.931311e-05 4.493947e-04
2.558029e-02 1.138396e-04 1.680547e-05 5.949541e-06 4.801374e-05 4.561396e-04
2.575992e-02 1.125766e-04 1.545010e-05 1.504444e-05 4.615940e-05 4.612109e-04
2.593954e-02 1.116990e-04 1.405374e-05 2.318855e-05 4.357646e-05 4.667747e-04
2.611933e-02 1.102113e-04 1.276821e-05 2.857856e-05 4.099856e-05 4.675355e-04
2.629913e-02 1.088152e-04 1.138793e-05 3.537861e-05 3.825789e-05 4.683869e-04
2.647853e-02 1.072003e-04 1.012893e-05 3.887077e-05 3.484510e-05 4.663266e-04
2.665812e-02 1.056721e-04 8.924106e-06 4.275892e-05 3.134695e-05 4.638682e-04
2.683805e-02 1.037148e-04 7.751408e-06 4.537155e-05 2.755193e-05 4.590098e-04
2.701719e-02 1.018360e-04 6.732128e-06 4.541783e-05 2.372144e-05 4.523892e-04
2.719620e-02 9.946036e-05 5.768279e-06 4.749297e-05 1.999907e-05 4.444962e-04
2.737553e-02 9.733524e-05 4.768684e-06 4.520472e-05 1.565869e-05 4.354676e-04
2.755538e-02 9.474613e-05 4.023599e-06 4.474803e-05 1.191384e-05 4.247140e-04
2.773538e-02 9.205536e-05 3.205010e-06 4.222556e-05 8.150796e-06 4.124919e-04
2.791455e-02 8.938103e-05 2.478144e-06 3.933555e-05 4.626352e-06 3.999338e-04
2.809381e-02 8.616582e-05 1.837397e-06 3.648396e-05 1.232229e-06 3.848068e-04
2.827308e-02 8.361510e-05 1.227699e-06 3.125238e-05 -2.204392e-06 3.715959e-04
2.845277e-02 8.015762e-05 6.897656e-07 2.796311e-05 -4.731300e-06 3.547749e-04
2.863250e-02 7.720617e-05 1.286369e-07 2.250662e-05 -7.555602e-06 3.392064e-04
2.881166e-02 7.394053e-05 -3.038222e-07 1.740998e-05 -9.898767e-06 3.221259e-04
2.899137e-02 7.067520e-05 -6.925439e-07 1.287141e-05 -1.157636e-05 3.055265e-04
2.917126e-02 6.758151e-05 -1.026750e-06 6.478558e-06 -1.333120e-05 2.883439e-04
2.935071e-02 6.441921e-05 -1.358331e-06 1.509589e-06 -1.483354e-05 2.715879e-04
2.953030e-02 6.131519e-05 -1.553926e-06 -4.301717e-06 -1.560658e-05 2.544904e-04
2.970997e-02 5.824842e-05 -1.777250e-06 -9.734317e-06 -1.639596e-05 2.379192e-04
2.988940e-02 5.535166e-05 -1.911952e-06 -1.491020e-05 -1.683184e-05 2.218853e-04
3.006874e-02 5.256031e-05 -1.977885e-06 -2.021952e-05 -1.699392e-05 2.061431e-04
3.024815e-02 4.978223e-05 -2.042570e-06 -2.475883e-05 -1.702360e-05 1.912004e-04
3.042767e-02 4.742420e-05 -1.976031e-06 -3.019728e-05 -1.666570e-05 1.770152e-04
3.060744e-02 4.503026e-05 -1.959575e-06 -3.407590e-05 -1.622269e-05 1.639216e-04
3.078708e-02 4.270275e-05 -1.787174e-06 -3.807327e-05 -1.548792e-05 1.507083e-04
3.096646e-02 4.070414e-05 -1.615220e-06 -4.163202e-05 -1.471983e-05 1.393111e-04
3.114600e-02 3.880318e-05 -1.380863e-06 -4.460332e-05 -1.376678e-05 1.287544e-04
3.132546e-02 3.720617e-05 -1.096906e-06 -4.756983e-05 -1.274731e-05 1.191148e-04
3.150520e-02 3.560443e-05 -7.501694e-07 -4.955214e-05 -1.160750e-05 1.105416e-04
3.168484e-02 3.425880e-05 -3.633418e-07 -5.131547e-05 -1.040777e-05 1.028999e-04
3.186375e-02 3.308421e-05 6.333919e-08 -5.259012e-05 -9.250821e-06 9.659035e-05
3.204302e-02 3.198797e-05 5.022457e-07 -5.323010e-05 -7.910010e-06 9.095429e-05
3.222277e-02 3.107198e-05 9.967999e-07 -5.347807e-05 -6.656778e-06 8.649399e-05
3.240259e-02 3.022405e-05 1.479596e-06 -5.307632e-05 -5.367407e-06 8.298522e-05
3.258186e-02 2.963699e-05 2.010214e-06 -5.259020e-05 -4.188809e-06 8.052903e-05
3.276123e-02 2.905841e-05 2.490449e-06 -5.137528e-05 -2.834995e-06 7.886942e-05
3.294133e-02 2.860144e-05 2.979941e-06 -4.985417e-05 -1.676811e-06 7.805142e-05
3.312088e-02 2.822431e-05 3.440513e-06 -4.786719e-05 -5.093140e-07 7.799191e-05
3.330035e-02 2.787846e-05 3.854958e-06 -4.543212e-05 6.957802e-07 7.854783e-05
3.347992e-02 2.777434e-05 4.244403e-06 -4.308378e-05 1.723156e-06 8.005208e-05
3.365971e-02 2.748559e-05 4.567720e-06 -3.987021e-05 2.884541e-06 8.154037e-05
3.383927e-02 2.749068e-05 4.872270e-06 -3.702888e-05 3.715340e-06 8.414671e-05
3.401835e-02 2.735594e-05 5.095068e-06 -3.347412e-05 4.700785e-06 8.658322e-05
3.419757e-02 2.738905e-05 5.274887e-06 -3.013255e-05 5.540813e-06 8.974792e-05
3.437723e-02 2.740048e-05 5.387640e-06 -2.658210e-05 6.285853e-06 9.294820e-05
3.455683e-02 2.743034e-05 5.466493e-06 -2.285267e-05 7.005244e-06 9.639060e-05
3.473619e-02 2.754321e-05 5.481413e-06 -1.937000e-05 7.512030e-06 1.000239e-04
3.491584e-02 2.755345e-05 5.453154e-06 -1.563969e-05 8.028599e-06 1.034067e-04
3.509556e-02 2.769410e-05 5.372407e-06 -1.223850e-05 8.424527e-06 1.071344e-04
3.527533e-02 2.773701e-05 5.250082e-06 -8.796748e-06 8.681442e-06 1.104456e-04
3.545456e-02 2.782034e-05 5.090720e-06 -5.360973e-06 8.957268e-06 1.138206e-04
3.563370e-02 2.783591e-05 4.884908e-06 -2.536111e-06 8.947109e-06 1.166043e-04
3.581332e-02 2.792777e-05 4.662055e-06 5.675212e-07 8.992582e-06 1.198391e-04
3.599287e-02 2.790359e-05 4.412560e-06 3.056560e-06 8.872515e-06 1.221407e-04
3.617240e-02 2.787372e-05 4.105872e-06 5.475884e-06 8.638469e-06 1.242791e-04
3.635196e-02 2.776213e-05 3.809266e-06 7.759290e-06 8.418098e-06 1.259095e-04
3.653161e-02 2.772380e-05 3.481666e-06 9.452807e-06 8.003888e-06 1.275490e-04
3.671117e-02 2.760758e-05 3.142962e-06 1.115443e-05 7.628333e-06 1.287000e-04
3.689084e-02 2.734589e-05 2.785573e-06 1.230258e-05 7.070580e-06 1.288389e-04
3.707056e-02 2.714889e-05 2.429627e-06 1.336181e-05 6.555738e-06 1.291433e-04
3.724984e-02 2.683405e-05 2.071231e-06 1.404515e-05 5.942219e-06 1.285811e-04
3.742914e-02 2.661956e-05 1.713665e-06 1.435617e-05 5.279437e-06 1.282124e-04
3.760871e-02 2.613859e-05 1.367524e-06 1.464616e-05 4.652073e-06 1.265261e-04
3.778826e-02 2.577544e-05 1.004824e-06 1.429534e-05 3.916300e-06 1.248897e-04
3.796764e-02 2.532795e-05 6.891816e-07 1.405959e-05 3.267934e-06 1.229501e-04
3.814709e-02 2.487511e-05 3.732133e-07 1.335906e-05 2.488305e-06 1.205514e-04
3.832696e-02 2.430708e-05 9.084246e-08 1.240800e-05 1.809480e-06 1.174210e-04
3.850665e-02 2.373299e-05 -1.771696e-07 1.147352e-05 1.132428e-06 1.143144e-04
3.868582e-02 2.317846e-05 -4.242539e-07 1.013300e-05 4.173221e-07 1.108857e-04
3.886530e-02 2.256192e-05 -6.220691e-07 8.780339e-06 -2.178426e-07 1.072182e-04
3.904481e-02 2.192968e-05 -8.168986e-07 7.165657e-06 -8.441455e-07 1.031827e-04
3.922441e-02 2.124582e-05 -9.682288e-07 5.547403e-06 -1.422833e-06 9.901261e-05
3.940396e-02 2.059054e-05 -1.095889e-06 3.859058e-06 -1.972407e-06 9.485824e-05
3.958316e-02 1.989642e-05 -1.190764e-06 1.926475e-06 -2.484072e-06 9.032998e-05
3.976287e-02 1.919703e-05 -1.264189e-06 1.541400e-07 -2.916582e-06 8.591114e-05
3.994250e-02 1.854697e-05 -1.309402e-06 -1.795870e-06 -3.281669e-06 8.156844e-05
4.012200e-02 1.782254e-05 -1.329342e-06 -3.667541e-06 -3.616306e-06 7.697466e-05
4.030171e-02 1.714387e-05 -1.325110e-06 -5.476940e-06 -3.867658e-06 7.258290e-05
4.048123e-02 1.651246e-05 -1.307172e-06 -7.300796e-06 -4.078123e-06 6.841124e-05
4.066058e-02 1.585349e-05 -1.261624e-06 -9.035777e-06 -4.206554e-06 6.420436e-05
4.084001e-02 1.521600e-05 -1.199801e-06 -1.069951e-05 -4.232241e-06 6.007110e-05
4.101966e-02 1.463814e-05 -1.120059e-06 -1.222575e-05 -4.265825e-06 5.634108e-05
4.119937e-02 1.407647e-05 -1.020729e-06 -1.371829e-05 -4.200963e-06 5.267008e-05
4.137874e-02 1.357399e-05 -9.211735e-07 -1.502891e-05 -4.091604e-06 4.941832e-05
4.155813e-02 1.305356e-05 -7.971722e-07 -1.616280e-05 -3.906656e-06 4.618907e-05
4.173777e-02 1.262082e-05 -6.632208e-07 -1.725182e-05 -3.663035e-06 4.335133e-05
4.191752e-02 1.221234e-05 -5.213596e-07 -1.810768e-05 -3.435206e-06 4.083353e-05
4.209699e-02 1.185683e-05 -3.733261e-07 -1.886801e-05 -3.111017e-06 3.857190e-05
4.227635e-02 1.153673e-05 -2.187432e-07 -1.941909e-05 -2.759916e-06 3.664893e-05
4.245594e-02 1.124022e-05 -5.784040e-08 -1.979845e-05 -2.388145e-06 3.492695e-05
4.263530e-02 1.102753e-05 1.020072e-07 -2.006900e-05 -1.997868e-06 3.367879e-05
4.281442e-02 1.081387e-05 2.636183e-07 -2.011087e-05 -1.585854e-06 3.259647e-05
4.299392e-02 1.067644e-05 4.281710e-07 -2.008684e-05 -1.161507e-06 3.190078e-05
4.317364e-02 1.054549e-05 5.852839e-07 -1.979801e-05 -7.174581e-07 3.143056e-05
4.335324e-02 1.048226e-05 7.497486e-07 -1.947237e-05 -3.019447e-07 3.131760e-05
4.353285e-02 1.043574e-05 8.971883e-07 -1.896414e-05 1.171083e-07 3.142074e-05
4.371256e-02 1.040997e-05 1.044580e-06 -1.829944e-05 5.411409e-07 3.174456e-05
4.389237e-02 1.042700e-05 1.180799e-06 -1.755724e-05 9.423131e-07 3.232778e-05
4.407181e-02 1.045581e-05 1.310534e-06 -1.667235e-05 1.326951e-06 3.310436e-05
4.425100e-02 1.051080e-05 1.427578e-06 -1.573394e-05 1.667154e-06 3.407202e-05
4.443069e-02 1.057959e-05 1.532764e-06 -1.467666e-05 2.010894e-06 3.519328e-05
4.461032e-02 1.065870e-05 1.622455e-06 -1.356607e-05 2.312593e-06 3.644793e-05
4.478953e-02 1.076088e-05 1.698921e-06 -1.242216e-05 2.584149e-06 3.781533e-05
4.496901e-02 1.085090e-05 1.757417e-06 -1.119317e-05 2.827247e-06 3.926975e-05
4.514874e-02 1.096408e-05 1.798102e-06 -9.997712e-06 3.016866e-06 4.079308e-05
4.532821e-02 1.106456e-05 1.826706e-06 -8.732659e-06 3.191077e-06 4.232746e-05
4.550745e-02 1.117325e-05 1.830099e-06 -7.515410e-06 3.319929e-06 4.388898e-05
4.568707e-02 1.127242e-05 1.822816e-06 -6.293196e-06 3.403565e-06 4.541658e-05
4.586694e-02 1.136846e-05 1.797388e-06 -5.068130e-06 3.461154e-06 4.694382e-05
4.617836e-02 1.154233e-05 1.502715e-06 -3.178996e-06 4.122651e-06 4.945547e-05
4.680927e-02 1.165900e-05 1.239772e-06 2.516263e-07 3.775135e-06 5.310241e-05
4.743756e-02 1.167567e-05 8.756716e-07 2.491545e-06 3.014575e-06 5.534297e-05
4.806661e-02 1.139845e-05 5.086040e-07 3.909692e-06 2.062788e-06 5.560031e-05
4.869280e-02 1.088820e-05 1.300248e-07 3.558159e-06 1.007758e-06 5.342969e-05
4.931779e-02 1.010132e-05 -2.212169e-07 2.426313e-06 2.436673e-08 4.921932e-05
4.994581e-02 9.272363e-06 -5.083224e-07 5.133895e-07 -7.736929e-07 4.408595e-05
5.057480e-02 8.372899e-06 -6.629232e-07 -1.993942e-06 -1.304743e-06 3.790616e-05
5.120302e-02 7.504612e-06 -7.056929e-07 -4.442706e-06 -1.568070e-06 3.177338e-05
5.183209e-02 6.721374e-06 -6.051802e-07 -6.864305e-06 -1.588396e-06 2.602695e-05
5.246116e-02 6.058898e-06 -4.120981e-07 -8.596496e-06 -1.365092e-06 2.138770e-05
5.308896e-02 5.570834e-06 -1.645545e-07 -9.619674e-06 -9.531173e-07 1.812743e-05
5.371721e-02 5.220545e-06 7.980256e-08 -9.827520e-06 -4.196074e-07 1.624907e-05
5.434780e-02 5.039615e-06 3.241034e-07 -9.267482e-06 1.201369e-07 1.575335e-05
5.497604e-02 4.999924e-06 4.974719e-07 -8.182826e-06 6.066015e-07 1.645574e-05
5.560013e-02 5.029788e-06 6.179902e-07 -6.589861e-06 9.764220e-07 1.789059e-05
5.622954e-02 5.106266e-06 6.479701e-07 -4.822702e-06 1.177774e-06 1.973026e-05
5.686173e-02 5.203380e-06 6.003989e-07 -3.227831e-06 1.209293e-06 2.154431e-05
5.748940e-02 5.239096e-06 4.997829e-07 -1.801705e-06 1.079307e-06 2.297020e-05
5.811669e-02 5.248629e-06 3.524221e-07 -9.070768e-07 8.024643e-07 2.378645e-05
5.874554e-02 5.094276e-06 1.904625e-07 -3.486270e-07 4.629622e-07 2.355360e-05
5.937282e-02 4.908562e-06 3.212027e-08 -3.898168e-07 6.980024e-08 2.269473e-05
6.000021e-02 4.621173e-06 -8.602612e-08 -8.241864e-07 -2.989973e-07 2.102017e-05
6.062750e-02 4.274197e-06 -1.798995e-07 -1.557377e-06 -5.924171e-07 1.882044e-05
6.125597e-02 3.893693e-06 -2.135935e-07 -2.472783e-06 -7.709452e-07 1.632655e-05
6.188682e-02 3.529081e-06 -2.144352e-07 -3.328305e-06 -8.385614e-07 1.390565e-05
6.251462e-02 3.221590e-06 -1.664363e-07 -4.171565e-06 -7.720112e-07 1.173181e-05
6.314049e-02 2.947718e-06 -8.588885e-08 -4.671783e-06 -6.012570e-07 9.987360e-06
6.377015e-02 2.758945e-06 2.109525e-08 -4.869556e-06 -3.639885e-07 8.854335e-06
6.439971e-02 2.659489e-06 1.254250e-07 -4.761807e-06 -1.067490e-07 8.411774e-06
6.502803e-02 2.615028e-06 2.236597e-07 -4.302277e-06 1.586327e-07 8.542306e-06
6.565852e-02 2.628989e-06 2.964783e-07 -3.630510e-06 3.617525e-07 9.138960e-06
6.628652e-02 2.674663e-06 3.307247e-07 -2.766712e-06 5.275090e-07 1.005052e-05
6.691319e-02 2.728943e-06 3.324171e-07 -1.905456e-06 5.804390e-07 1.103009e-05
6.754195e-02 2.779197e-06 2.981925e-07 -1.086087e-06 5.644723e-07 1.197083e-05
6.816923e-02 2.791668e-06 2.357785e-07 -4.575474e-07 4.653039e-07 1.259262e-05
6.879707e-02 2.755954e-06 1.552157e-07 -6.280654e-08 3.050571e-07 1.280941e-05
6.942589e-02 2.686178e-06 6.382793e-08 1.028534e-07 1.347548e-07 1.268589e-05
7.005350e-02 2.571199e-06 -2.263540e-08 -2.415552e-08 -5.536489e-08 1.210556e-05
7.068149e-02 2.404173e-06 -9.864014e-08 -3.555001e-07 -2.010328e-07 1.106848e-05
7.131092e-02 2.235284e-06 -1.481870e-07 -8.635694e-07 -3.173169e-07 9.868197e-06
7.194060e-02 2.059174e-06 -1.711523e-07 -1.431242e-06 -3.753298e-07 8.550898e-06
7.256947e-02 1.891649e-06 -1.632285e-07 -1.991971e-06 -3.861014e-07 7.262626e-06
7.319738e-02 1.749289e-06 -1.269623e-07 -2.469414e-06 -3.450436e-07 6.142383e-06
7.382604e-02 1.638956e-06 -6.810582e-08 -2.774922e-06 -2.631817e-07 5.306081e-06
7.445392e-02 1.563020e-06 -2.380955e-10 -2.891224e-06 -1.524325e-07 4.794675e-06
7.507965e-02 1.526611e-06 7.003069e-08 -2.817655e-06 -2.565397e-08 4.645887e-06
7.570782e-02 1.511456e-06 1.303960e-07 -2.539491e-06 9.759567e-08 4.785513e-06
7.633697e-02 1.526252e-06 1.727274e-07 -2.150358e-06 1.973170e-07 5.193657e-06
7.696614e-02 1.549452e-06 1.913619e-07 -1.666740e-06 2.746623e-07 5.740348e-06
7.759521e-02 1.574350e-06 1.816606e-07 -1.183703e-06 3.088431e-07 6.296218e-06
7.822404e-02 1.601246e-06 1.473908e-07 -7.652742e-07 2.975125e-07 6.809089e-06
7.885455e-02 1.611920e-06 9.917971e-08 -4.519094e-07 2.427900e-07 7.129071e-06
7.948034e-02 1.606293e-06 4.649399e-08 -2.919456e-07 1.527616e-07 7.233092e-06
8.010544e-02 1.573288e-06 -2.065113e-09 -2.739498e-07 3.966090e-08 7.081382e-06
8.168049e-02 1.384061e-06 -7.719680e-08 -8.029057e-07 -1.934833e-07 5.759334e-06
8.345709e-02 1.107833e-06 -7.065979e-08 -1.591604e-06 -2.091472e-07 3.805111e-06
8.524436e-02 9.761562e-07 2.266963e-08 -1.816094e-06 1.074276e-08 2.915493e-06
8.704550e-02 1.030783e-06 1.104149e-07 -1.199789e-06 2.335629e-07 3.625083e-06
8.884478e-02 1.121922e-06 9.755335e-08 -3.075473e-07 2.390257e-07 4.818689e-06
9.064103e-02 1.139422e-06 7.588835e-09 4.104975e-08 5.010940e-08 5.201242e-06
9.243897e-02 9.905042e-07 -6.053935e-08 -3.158102e-07 -1.500643e-07 4.167537e-06
9.423607e-02 7.898796e-07 -4.756745e-08 -9.491078e-07 -1.833631e-07 2.678282e-06
9.603871e-02 6.729839e-07 2.020550e-08 -1.146067e-06 -3.177746e-08 1.954943e-06
9.782410e-02 6.857965e-07 6.649821e-08 -7.770660e-07 1.289575e-07 2.309505e-06
9.961474e-02 7.598235e-07 5.494964e-08 -2.340929e-07 1.509554e-07 3.080380e-06
1.014127e-01 7.635248e-07 3.027370e-09 -1.485680e-08 2.125233e-08 3.265622e-06
1.031985e-01 6.728738e-07 -3.737247e-08 -2.656807e-07 -9.565561e-08 2.658702e-06
1.049957e-01 5.512960e-07 -3.651552e-08 -6.653278e-07 -9.673462e-08 1.748513e-06
1.067952e-01 4.953611e-07 9.988471e-09 -7.988091e-07 -8.028351e-09 1.336088e-06
1.085930e-01 5.021951e-07 4.903673e-08 -5.390841e-07 7.417655e-08 1.588175e-06
1.103885e-01 5.432322e-07 3.640427e-08 -1.800778e-07 8.618512e-08 2.089526e-06
1.121821e-01 5.445509e-07 -5.546474e-09 -7.555282e-08 1.734982e-08 2.178566e-06
1.139837e-01 4.962400e-07 -3.432127e-08 -2.738277e-07 -4.664769e-08 1.765419e-06
1.157853e-01 3.678416e-07 2.332766e-09 -2.667935e-07 8.117236e-10 1.401761e-06
1.239691e-01 2.799114e-07 1.775133e-09 -2.030182e-07 6.176862e-10 1.066679e-06
1.327314e-01 2.130003e-07 1.350799e-09 -1.544880e-07 4.700322e-10 8.116963e-07
1.421129e-01 1.620840e-07 1.027899e-09 -1.175586e-07 3.576740e-10 6.176654e-07
1.521576e-01 1.233388e-07 7.821862e-10 -8.945698e-08 2.721743e-10 4.700164e-07
1.629123e-01 9.385545e-08 5.952095e-10 -6.807286e-08 2.071128e-10 3.576620e-07
1.744270e-01 7.141990e-08 4.529285e-10 -5.180047e-08 1.576038e-10 2.721651e-07
1.867557e-01 5.434743e-08 3.446588e-10 -3.941790e-08 1.199296e-10 2.071058e-07
1.999558e-01 4.135602e-08 2.622703e-10 -2.999530e-08 9.126117e-11 1.575985e-07
2.140888e-01 3.147012e-08 1.995762e-10 -2.282511e-08 6.944577e-11 1.199255e-07
2.292208e-01 2.394739e-08 1.518688e-10 -1.736891e-08 5.284520e-11 9.125810e-08
2.454224e-01 1.822292e-08 1.155655e-10 -1.321698e-08 4.021289e-11 6.944343e-08
2.627691e-01 1.386684e-08 8.794032e-11 -1.005755e-08 3.060025e-11 5.284342e-08
2.813418e-01 1.055206e-08 6.691874e-11 -7.653355e-09 2.328545e-11 4.021153e-08
3.012273e-01 8.029659e-09 5.092224e-11 -5.823869e-09 1.771921e-11 3.059922e-08
3.225183e-01 6.110220e-09 3.874960e-11 -4.431710e-09 1.348355e-11 2.328467e-08
3.453142e-01 4.649611e-09 2.948675e-11 -3.372338e-09 1.026039e-11 1.771862e-08
3.697214e-01 3.538151e-09 2.243813e-11 -2.566202e-09 7.807710e-12 1.348309e-08
3.958536e-01 2.692378e-09 1.707444e-11 -1.952767e-09 5.941326e-12 1.026005e-08
4.238329e-01 2.048782e-09 1.299290e-11 -1.485971e-09 4.521090e-12 7.807447e-09
4.537898e-01 1.559034e-09 9.887031e-12 -1.130759e-09 3.440352e-12 5.941126e-09
4.858641e-01 1.186357e-09 7.523599e-12 -8.604581e-10 2.617958e-12 4.520938e-09
5.202054e-01 9.027656e-10 5.725130e-12 -6.547710e-10 1.992151e-12 3.440236e-09
5.569740e-01 6.869652e-10 4.356574e-12 -4.982522e-10 1.515940e-12 2.617869e-09
5.963415e-01 5.227505e-10 3.315163e-12 -3.791481e-10 1.153564e-12 1.992084e-09
6.384914e-01 3.977903e-10 2.522694e-12 -2.885152e-10 8.778120e-13 1.515889e-09
6.836206e-01 3.027011e-10 1.919660e-12 -2.195475e-10 6.679766e-13 1.153525e-09
7.319396e-01 2.303423e-10 1.460777e-12 -1.670660e-10 5.083010e-13 8.777825e-10
7.836737e-01 1.752804e-10 1.111588e-12 -1.271299e-10 3.867949e-13 6.679542e-10
8.390645e-01 1.333807e-10 8.458698e-13 -9.674034e-11 2.943340e-13 5.082839e-10
8.983704e-01 1.014969e-10 6.436700e-13 -7.361517e-11 2.239753e-13 3.867819e-10
9.618680e-01 7.723473e-11 4.898047e-13 -5.601793e-11 1.704355e-13 2.943241e-10
1.029854e+00 5.877225e-11 3.727200e-13 -4.262720e-11 1.296939e-13 2.239678e-10
1.102645e+00 4.472312e-11 2.836237e-13 -3.243744e-11 9.869142e-14 1.704297e-10
1.180581e+00 3.403234e-11 2.158252e-13 -2.468347e-11 7.509986e-14 1.296896e-10
1.264025e+00 2.589712e-11 1.642336e-13 -1.878305e-11 5.714772e-14 9.868810e-11
1.353368e+00 1.970658e-11 1.249746e-13 -1.429308e-11 4.348692e-14 7.509734e-11
1.449025e+00 1.499585e-11 9.510019e-14 -1.087641e-11 3.309164e-14 5.714579e-11
1.551443e+00 1.141119e-11 7.236709e-14 -8.276471e-12 2.518130e-14 4.348545e-11
1.661101e+00 8.683413e-12 5.506820e-14 -6.298033e-12 1.916187e-14 3.309053e-11
1.778509e+00 6.607698e-12 4.190449e-14 -4.792528e-12 1.458134e-14 2.518045e-11
1.904216e+00 5.028170e-12 3.188749e-14 -3.646905e-12 1.109577e-14 1.916122e-11
2.038807e+00 3.826218e-12 2.426499e-14 -2.775135e-12 8.443393e-15 1.458085e-11
2.182912e+00 2.911585e-12 1.846459e-14 -2.111757e-12 6.425054e-15 1.109539e-11
2.337203e+00 2.215589e-12 1.405075e-14 -1.606955e-12 4.889185e-15 8.443109e-12
2.502398e+00 1.685966e-12 1.069201e-14 -1.222822e-12 3.720456e-15 6.424837e-12
2.679270e+00 1.282947e-12 8.136151e-15 -9.305144e-13 2.831105e-15 4.889021e-12
2.868643e+00 9.762664e-13 6.191255e-15 -7.080808e-13 2.154347e-15 3.720331e-12
3.071402e+00 7.428961e-13 4.711275e-15 -5.388186e-13 1.639364e-15 2.831010e-12
3.288491e+00 5.653115e-13 3.585075e-15 -4.100174e-13 1.247484e-15 2.154275e-12
3.520925e+00 4.301774e-13 2.728085e-15 -3.120053e-13 9.492812e-16 1.639309e-12
3.769787e+00 3.273462e-13 2.075954e-15 -2.374224e-13 7.223616e-16 1.247443e-12
4.036239e+00 2.490962e-13 1.579710e-15 -1.806681e-13 5.496856e-16 9.492493e-13
4.321524e+00 1.895513e-13 1.202090e-15 -1.374805e-13 4.182867e-16 7.223373e-13
4.626973e+00 1.442403e-13 9.147383e-16 -1.046167e-13 3.182979e-16 5.496671e-13
4.954012e+00 1.097605e-13 6.960759e-16 -7.960873e-14 2.422108e-16 4.182727e-13
5.304166e+00 8.352298e-14 5.296834e-16 -6.057877e-14 1.843119e-16 3.182872e-13
5.679070e+00 6.355734e-14 4.030659e-16 -4.609780e-14 1.402533e-16 2.422027e-13
6.080472e+00 4.836436e-14 3.067156e-16 -3.507841e-14 1.067266e-16 1.843057e-13
6.510245e+00 3.680316e-14 2.333971e-16 -2.669314e-14 8.121430e-17 1.402486e-13
6.970395e+00 2.800560e-14 1.776050e-16 -2.031231e-14 6.180054e-17 1.067230e-13
7.463069e+00 2.131104e-14 1.351497e-16 -1.545678e-14 4.702751e-17 8.121157e-14
7.990566e+00 1.621677e-14 1.028430e-16 -1.176194e-14 3.578588e-17 6.179846e-14
8.555347e+00 1.234025e-14 7.825903e-17 -8.950320e-15 2.723149e-17 4.702593e-14
9.160046e+00 9.390395e-15 5.955171e-17 -6.810803e-15 2.072198e-17 3.578468e-14
9.807487e+00 7.145680e-15 4.531625e-17 -5.182723e-15 1.576852e-17 2.723058e-14
1.050069e+01 5.437551e-15 3.448369e-17 -3.943826e-15 1.199915e-17 2.072128e-14
1.124289e+01 4.137739e-15 2.624058e-17 -3.001080e-15 9.130832e-18 1.576799e-14
1.203755e+01 3.148638e-15 1.996793e-17 -2.283690e-15 6.948165e-18 1.199875e-14
1.288837e+01 2.395976e-15 1.519473e-17 -1.737789e-15 5.287250e-18 9.130525e-15
1.379933e+01 1.823233e-15 1.156252e-17 -1.322381e-15 4.023366e-18 6.947931e-15
1.477468e+01 1.387401e-15 8.798575e-18 -1.006274e-15 3.061606e-18 5.287072e-15
1.581897e+01 1.055752e-15 6.695331e-18 -7.657309e-16 2.329749e-18 4.023231e-15
1.693707e+01 8.033808e-16 5.094855e-18 -5.826878e-16 1.772837e-18 3.061503e-15
1.813420e+01 6.113377e-16 3.876962e-18 -4.434000e-16 1.349051e-18 2.329670e-15
1.941594e+01 4.652013e-16 2.950199e-18 -3.374080e-16 1.026569e-18 1.772777e-15
2.078828e+01 3.539979e-16 2.244972e-18 -2.567528e-16 7.811744e-19 1.349006e-15
2.225761e+01 2.693769e-16 1.708326e-18 -1.953776e-16 5.944396e-19 1.026535e-15
2.383080e+01 2.049841e-16 1.299961e-18 -1.486738e-16 4.523426e-19 7.811481e-16
2.551518e+01 1.559839e-16 9.892139e-19 -1.131343e-16 3.442129e-19 5.944196e-16
2.731862e+01 1.186970e-16 7.527486e-19 -8.609027e-17 2.619310e-19 4.523273e-16
2.924952e+01 9.032320e-17 5.728088e-19 -6.551093e-17 1.993181e-19 3.442014e-16
3.131691e+01 6.873201e-17 4.358825e-19 -4.985096e-17 1.516723e-19 2.619222e-16
3.353042e+01 5.230206e-17 3.316875e-19 -3.793440e-17 1.154160e-19 1.993114e-16
3.590038e+01 3.979958e-17 2.523997e-19 -2.886642e-17 8.782656e-20 1.516672e-16
3.843785e+01 3.028575e-17 1.920652e-19 -2.196609e-17 6.683217e-20 1.154121e-16
4.115467e+01 2.304613e-17 1.461532e-19 -1.671523e-17 5.085637e-20 8.782360e-17
4.406352e+01 1.753710e-17 1.112162e-19 -1.271956e-17 3.869947e-20 6.682993e-17
4.717797e+01 1.334497e-17 8.463068e-20 -9.679032e-18 2.944861e-20 5.085466e-17
5.051255e+01 1.015494e-17 6.440025e-20 -7.365321e-18 2.240911e-20 3.869817e-17
5.408283e+01 7.727463e-18 4.900578e-20 -5.604687e-18 1.705235e-20 2.944762e-17
5.790545e+01 5.880262e-18 3.729126e-20 -4.264922e-18 1.297609e-20 2.240835e-17
6.199826e+01 4.474622e-18 2.837702e-20 -3.245420e-18 9.874241e-21 1.705178e-17
6.638036e+01 3.404992e-18 2.159367e-20 -2.469623e-18 7.513866e-21 1.297566e-17
7.107219e+01 2.591050e-18 1.643184e-20 -1.879275e-18 5.717724e-21 9.873909e-18
7.609563e+01 1.971676e-18 1.250391e-20 -1.430046e-18 4.350938e-21 7.513614e-18
8.147414e+01 1.500360e-18 9.514932e-21 -1.088203e-18 3.310874e-21 5.717532e-18
8.723281e+01 1.141708e-18 7.240448e-21 -8.280747e-19 2.519431e-21 4.350792e-18
9.339851e+01 8.687900e-19 5.509665e-21 -6.301287e-19 1.917177e-21 3.310763e-18
1.000000e+02 6.611112e-19 4.192614e-21 -4.795004e-19 1.458888e-21 2.519346e-18
