# k [h/Mpc], q0, q1/i, q2, q3/i, q4
1.000000e-06 9.319268e+08 1.753897e+07 -1.035881e+05 2.219318e+06 -6.185600e+08
1.489784e-06 9.319268e+08 1.753897e+07 -1.035881e+05 2.219318e+06 -6.185600e+08
2.219456e-06 9.319268e+08 1.753897e+07 -1.035881e+05 2.219318e+06 -6.185600e+08
3.306511e-06 9.319268e+08 1.753897e+07 -1.035881e+05 2.219318e+06 -6.185600e+08
4.925987e-06 9.319268e+08 1.753897e+07 -1.035881e+05 2.219318e+06 -6.185600e+08
7.338656e-06 9.319268e+08 1.753897e+07 -1.035881e+05 2.219318e+06 -6.185600e+08
1.093301e-05 9.319268e+08 1.753897e+07 -1.035881e+05 2.219318e+06 -6.185600e+08
1.628783e-05 9.319268e+08 1.753897e+07 -1.035881e+05 2.219318e+06 -6.185600e+08
2.426534e-05 9.319268e+08 1.753897e+07 -1.035881e+05 2.219318e+06 -6.185600e+08
3.615012e-05 9.319268e+08 1.753897e+07 -1.035881e+05 2.219318e+06 -6.185600e+08
5.385587e-05 9.319268e+08 1.753897e+07 -1.035881e+05 2.219318e+06 -6.185600e+08
1.034961e-04 9.311294e+08 3.367789e+07 -1.154072e+05 -1.365685e+05 6.104644e+07
1.650345e-04 9.293682e+08 5.360156e+07 -1.972497e+05 -8.019746e+05 7.333945e+07
2.219461e-04 9.270672e+08 7.189616e+07 -5.080680e+05 3.510355e+05 -2.768681e+07
2.831569e-04 9.238125e+08 9.139641e+07 -7.327624e+05 -1.546274e+05 1.506040e+07
3.481074e-04 9.195239e+08 1.118278e+08 -1.065402e+06 -2.302090e+05 2.098583e+07
4.078467e-04 9.150216e+08 1.289919e+08 -4.000804e+06 1.431991e+06 -1.634420e+07
4.685721e-04 9.092226e+08 1.496129e+08 -5.402977e+05 2.520317e+05 3.593826e+06
5.344152e-04 9.025055e+08 1.686575e+08 -2.185202e+06 8.600148e+05 6.587082e+06
5.979215e-04 8.952747e+08 1.865732e+08 -3.529827e+06 1.622810e+06 -1.395082e+06
6.594309e-04 8.874307e+08 2.041334e+08 -3.904091e+06 2.354072e+06 -6.987664e+06
7.211547e-04 8.789075e+08 2.210719e+08 -4.331840e+06 2.469036e+06 8.571731e+06
7.842715e-04 8.695988e+08 2.373711e+08 -5.416807e+06 3.590780e+06 9.106308e+05
8.480725e-04 8.593761e+08 2.537515e+08 -5.947274e+06 4.666366e+06 -2.242985e+06
9.105595e-04 8.486001e+08 2.695138e+08 -6.138724e+06 5.415815e+06 -2.480707e+06
9.726731e-04 8.375689e+08 2.835331e+08 -7.111715e+06 6.688017e+06 -1.331226e+06
1.035373e-03 8.256808e+08 2.975597e+08 -7.512704e+06 7.926873e+06 3.041230e+06
1.098784e-03 8.132284e+08 3.105198e+08 -8.407653e+06 9.556465e+06 -4.811206e+06
1.161586e-03 8.003335e+08 3.227914e+08 -8.863724e+06 1.112103e+07 -6.296645e+05
1.224174e-03 7.869478e+08 3.342606e+08 -9.427916e+06 1.319196e+07 -5.423629e+06
1.288412e-03 7.727408e+08 3.452579e+08 -9.597619e+06 1.478545e+07 -1.896034e+05
1.351080e-03 7.585348e+08 3.548177e+08 -1.034463e+07 1.768813e+07 -1.047242e+07
1.412291e-03 7.441271e+08 3.638326e+08 -1.020498e+07 1.959184e+07 -4.721430e+06
1.475368e-03 7.291920e+08 3.716770e+08 -1.041523e+07 2.172995e+07 -5.106620e+06
1.538515e-03 7.136653e+08 3.792132e+08 -1.010703e+07 2.391952e+07 -2.966672e+06
1.601338e-03 6.982491e+08 3.849836e+08 -1.083072e+07 2.836430e+07 -1.610378e+07
1.665074e-03 6.819985e+08 3.908165e+08 -1.028407e+07 3.102103e+07 -1.349497e+07
1.728027e-03 6.659423e+08 3.955506e+08 -9.416589e+06 3.317342e+07 -7.136219e+06
1.789887e-03 6.497948e+08 3.991918e+08 -9.350067e+06 3.771236e+07 -1.639674e+07
1.852570e-03 6.336019e+08 4.020129e+08 -8.284045e+06 3.977637e+07 -1.291847e+07
1.915088e-03 6.172578e+08 4.037660e+08 -7.996745e+06 4.491305e+07 -2.061203e+07
1.978019e-03 6.005083e+08 4.054118e+08 -6.353379e+06 4.730239e+07 -1.624922e+07
2.041684e-03 5.837021e+08 4.055747e+08 -5.690287e+06 5.272673e+07 -2.389164e+07
2.104726e-03 5.672080e+08 4.051105e+08 -4.121283e+06 5.595086e+07 -2.334162e+07
2.167060e-03 5.506171e+08 4.041183e+08 -2.595645e+06 6.023783e+07 -2.630280e+07
2.229921e-03 5.341716e+08 4.021446e+08 -9.258298e+05 6.461294e+07 -2.833054e+07
2.292794e-03 5.176639e+08 3.996468e+08 1.032314e+06 6.868442e+07 -3.096574e+07
2.355230e-03 5.014886e+08 3.962699e+08 2.829076e+06 7.396591e+07 -3.479421e+07
2.418331e-03 4.852525e+08 3.922929e+08 4.999109e+06 7.857715e+07 -3.839910e+07
2.481215e-03 4.691357e+08 3.878924e+08 7.543995e+06 8.267088e+07 -4.053263e+07
2.543891e-03 4.534821e+08 3.826147e+08 9.808950e+06 8.836203e+07 -4.433278e+07
2.607003e-03 4.375769e+08 3.771675e+08 1.272792e+07 9.243397e+07 -4.673917e+07
2.669740e-03 4.221637e+08 3.710930e+08 1.558733e+07 9.742513e+07 -4.887990e+07
2.732628e-03 4.072563e+08 3.641059e+08 1.820886e+07 1.028694e+08 -5.540629e+07
2.796013e-03 3.920726e+08 3.571556e+08 2.150730e+07 1.074471e+08 -5.758136e+07
2.858795e-03 3.774940e+08 3.497829e+08 2.461772e+07 1.130446e+08 -6.000479e+07
2.920959e-03 3.635200e+08 3.418044e+08 2.784318e+07 1.173248e+08 -6.593882e+07
2.983535e-03 3.494573e+08 3.338674e+08 3.128633e+07 1.224897e+08 -6.808510e+07
3.046449e-03 3.356916e+08 3.254152e+08 3.483233e+07 1.268484e+08 -7.257312e+07
3.109435e-03 3.223330e+08 3.169137e+08 3.848584e+07 1.319239e+08 -7.382840e+07
3.172429e-03 3.097058e+08 3.075803e+08 4.155983e+07 1.378586e+08 -8.189895e+07
3.235378e-03 2.968822e+08 2.985940e+08 4.558704e+07 1.415364e+08 -8.439720e+07
3.298350e-03 2.845583e+08 2.895127e+08 4.915214e+07 1.467921e+08 -8.742330e+07
3.361502e-03 2.724274e+08 2.801858e+08 5.314061e+07 1.503625e+08 -9.066311e+07
3.424034e-03 2.610541e+08 2.708479e+08 5.666972e+07 1.553166e+08 -9.462778e+07
3.486610e-03 2.501089e+08 2.613724e+08 6.022893e+07 1.597965e+08 -9.931526e+07
3.549533e-03 2.390436e+08 2.520130e+08 6.413633e+07 1.633134e+08 -1.017277e+08
3.612035e-03 2.291072e+08 2.425038e+08 6.720240e+07 1.691069e+08 -1.075515e+08
3.674842e-03 2.186521e+08 2.333325e+08 7.135704e+07 1.709560e+08 -1.083946e+08
3.737743e-03 2.092134e+08 2.239369e+08 7.456910e+07 1.756084e+08 -1.132143e+08
3.800817e-03 1.995268e+08 2.148435e+08 7.831138e+07 1.782666e+08 -1.146526e+08
3.863693e-03 1.909813e+08 2.055880e+08 8.129044e+07 1.825274e+08 -1.201813e+08
3.926624e-03 1.821307e+08 1.967617e+08 8.462865e+07 1.853957e+08 -1.220187e+08
3.989691e-03 1.740019e+08 1.878944e+08 8.780038e+07 1.881621e+08 -1.252548e+08
4.052279e-03 1.660500e+08 1.794063e+08 9.070814e+07 1.909821e+08 -1.277446e+08
4.115276e-03 1.583609e+08 1.708973e+08 9.372292e+07 1.930268e+08 -1.300458e+08
4.178091e-03 1.513094e+08 1.627723e+08 9.627691e+07 1.956069e+08 -1.328966e+08
4.240529e-03 1.442680e+08 1.548961e+08 9.883867e+07 1.975521e+08 -1.345229e+08
4.303566e-03 1.377297e+08 1.470615e+08 1.012089e+08 1.992820e+08 -1.370504e+08
4.366473e-03 1.313821e+08 1.396813e+08 1.033038e+08 2.010753e+08 -1.387997e+08
4.429136e-03 1.254251e+08 1.323169e+08 1.055515e+08 2.018129e+08 -1.402451e+08
4.491804e-03 1.193688e+08 1.254091e+08 1.074677e+08 2.025643e+08 -1.402696e+08
4.554524e-03 1.142234e+08 1.186576e+08 1.089665e+08 2.039362e+08 -1.430079e+08
4.617696e-03 1.089573e+08 1.122247e+08 1.103859e+08 2.041976e+08 -1.436543e+08
4.680743e-03 1.038902e+08 1.060023e+08 1.116697e+08 2.045604e+08 -1.441883e+08
4.743600e-03 9.915477e+07 1.000070e+08 1.127878e+08 2.044066e+08 -1.445601e+08
4.806460e-03 9.477316e+07 9.445250e+07 1.135137e+08 2.045134e+08 -1.455062e+08
4.869182e-03 9.054596e+07 8.896422e+07 1.142881e+08 2.038504e+08 -1.454171e+08
4.931803e-03 8.623690e+07 8.378964e+07 1.148627e+08 2.028249e+08 -1.443280e+08
4.994544e-03 8.250370e+07 7.894577e+07 1.151034e+08 2.019989e+08 -1.443232e+08
5.057296e-03 7.885463e+07 7.431352e+07 1.151282e+08 2.009764e+08 -1.440500e+08
5.120127e-03 7.546687e+07 7.001878e+07 1.149588e+08 1.995440e+08 -1.433499e+08
5.183244e-03 7.198279e+07 6.571248e+07 1.147744e+08 1.977168e+08 -1.418166e+08
5.246213e-03 6.884173e+07 6.181251e+07 1.142840e+08 1.958988e+08 -1.406696e+08
5.308940e-03 6.577360e+07 5.802207e+07 1.137503e+08 1.936572e+08 -1.387854e+08
5.371705e-03 6.304220e+07 5.465202e+07 1.128167e+08 1.916539e+08 -1.377190e+08
5.434764e-03 6.026961e+07 5.140565e+07 1.117063e+08 1.892503e+08 -1.361279e+08
5.497589e-03 5.765023e+07 4.816635e+07 1.108770e+08 1.862962e+08 -1.331716e+08
5.560094e-03 5.527601e+07 4.551876e+07 1.092096e+08 1.838729e+08 -1.320808e+08
5.623090e-03 5.283987e+07 4.263308e+07 1.081048e+08 1.806556e+08 -1.289679e+08
5.686167e-03 5.059334e+07 4.008768e+07 1.064767e+08 1.775440e+08 -1.264926e+08
5.748863e-03 4.841498e+07 3.775643e+07 1.047273e+08 1.742365e+08 -1.239012e+08
5.811791e-03 4.653219e+07 3.565611e+07 1.028601e+08 1.711440e+08 -1.215642e+08
5.874636e-03 4.442112e+07 3.350469e+07 1.009133e+08 1.673625e+08 -1.183909e+08
5.937271e-03 4.263946e+07 3.151322e+07 9.915358e+07 1.638822e+08 -1.152107e+08
6.000058e-03 4.085094e+07 2.980787e+07 9.687091e+07 1.601563e+08 -1.123079e+08
6.062729e-03 3.912895e+07 2.807459e+07 9.483008e+07 1.563646e+08 -1.089462e+08
6.125517e-03 3.750641e+07 2.642395e+07 9.265528e+07 1.524592e+08 -1.054689e+08
6.188708e-03 3.587564e+07 2.510251e+07 9.005281e+07 1.484271e+08 -1.025220e+08
6.251555e-03 3.450317e+07 2.369184e+07 8.789651e+07 1.447143e+08 -9.904368e+07
6.314077e-03 3.297646e+07 2.239911e+07 8.540967e+07 1.404580e+08 -9.549158e+07
6.377058e-03 3.159747e+07 2.114209e+07 8.307973e+07 1.363924e+08 -9.184951e+07
6.440009e-03 3.030865e+07 2.002653e+07 8.065788e+07 1.323979e+08 -8.837208e+07
6.502812e-03 2.900169e+07 1.907483e+07 7.790770e+07 1.281983e+08 -8.512965e+07
6.565726e-03 2.781279e+07 1.792312e+07 7.580342e+07 1.241731e+08 -8.109105e+07
6.628521e-03 2.659430e+07 1.711776e+07 7.298534e+07 1.199534e+08 -7.796765e+07
6.691272e-03 2.553855e+07 1.618189e+07 7.069997e+07 1.160492e+08 -7.427664e+07
6.754176e-03 2.441371e+07 1.541178e+07 6.803111e+07 1.118699e+08 -7.096452e+07
6.816888e-03 2.337314e+07 1.458579e+07 6.563714e+07 1.077919e+08 -6.734611e+07
6.879625e-03 2.238715e+07 1.377235e+07 6.340175e+07 1.038466e+08 -6.371322e+07
6.942449e-03 2.141100e+07 1.314776e+07 6.075734e+07 9.982293e+07 -6.057064e+07
7.005248e-03 2.052369e+07 1.251025e+07 5.842140e+07 9.615172e+07 -5.745580e+07
7.068136e-03 1.962086e+07 1.179474e+07 5.614903e+07 9.210732e+07 -5.385823e+07
7.131053e-03 1.876239e+07 1.119501e+07 5.380020e+07 8.828828e+07 -5.069546e+07
7.194010e-03 1.797482e+07 1.062175e+07 5.159951e+07 8.472224e+07 -4.765607e+07
7.256902e-03 1.714404e+07 1.009156e+07 4.919950e+07 8.089843e+07 -4.468434e+07
7.319748e-03 1.644866e+07 9.486784e+06 4.732975e+07 7.747341e+07 -4.148764e+07
7.382611e-03 1.569273e+07 9.028020e+06 4.499974e+07 7.386051e+07 -3.877280e+07
7.445306e-03 1.502108e+07 8.521184e+06 4.307638e+07 7.058410e+07 -3.600979e+07
7.507906e-03 1.437136e+07 8.083182e+06 4.099502e+07 6.733428e+07 -3.347628e+07
7.570818e-03 1.372340e+07 7.563719e+06 3.921400e+07 6.395963e+07 -3.057165e+07
7.633721e-03 1.315079e+07 7.187204e+06 3.727807e+07 6.102460e+07 -2.836605e+07
7.696586e-03 1.253175e+07 6.749587e+06 3.539220e+07 5.778267e+07 -2.586066e+07
7.759492e-03 1.202001e+07 6.363283e+06 3.370267e+07 5.501192e+07 -2.366458e+07
7.822382e-03 1.146296e+07 5.977634e+06 3.193412e+07 5.204744e+07 -2.146085e+07
7.885469e-03 1.098311e+07 5.608147e+06 3.040603e+07 4.940832e+07 -1.940201e+07
7.948044e-03 1.049851e+07 5.266781e+06 2.878454e+07 4.671428e+07 -1.744227e+07
8.010528e-03 1.004337e+07 4.904146e+06 2.737049e+07 4.411297e+07 -1.539973e+07
8.073516e-03 9.629253e+06 4.633889e+06 2.588303e+07 4.185231e+07 -1.393124e+07
8.136423e-03 9.182948e+06 4.300281e+06 2.446057e+07 3.931895e+07 -1.210953e+07
8.199228e-03 8.798350e+06 4.034005e+06 2.308330e+07 3.709482e+07 -1.062923e+07
8.262023e-03 8.443252e+06 3.757594e+06 2.191227e+07 3.495317e+07 -9.061446e+06
8.324981e-03 8.061582e+06 3.502751e+06 2.059350e+07 3.285657e+07 -7.802619e+06
8.388025e-03 7.743493e+06 3.275781e+06 1.947924e+07 3.095559e+07 -6.578596e+06
8.450798e-03 7.400030e+06 3.027010e+06 1.832980e+07 2.890198e+07 -5.224767e+06
8.513424e-03 7.118302e+06 2.843795e+06 1.730610e+07 2.722787e+07 -4.237462e+06
8.576219e-03 6.808228e+06 2.628261e+06 1.624143e+07 2.543471e+07 -3.201291e+06
8.639099e-03 6.535435e+06 2.461334e+06 1.526446e+07 2.385057e+07 -2.377308e+06
8.701941e-03 6.280119e+06 2.287613e+06 1.436597e+07 2.223729e+07 -1.382073e+06
8.764716e-03 6.023951e+06 2.128857e+06 1.347944e+07 2.071935e+07 -5.549811e+05
8.827545e-03 5.791052e+06 1.997109e+06 1.262993e+07 1.941261e+07 -2.465016e+04
8.890404e-03 5.553901e+06 1.853978e+06 1.179445e+07 1.797714e+07 7.175291e+05
8.953189e-03 5.349817e+06 1.747856e+06 1.105730e+07 1.673945e+07 1.311540e+06
9.016039e-03 5.139532e+06 1.640539e+06 1.032297e+07 1.554142e+07 1.793439e+06
9.078883e-03 4.937950e+06 1.534343e+06 9.604917e+06 1.439006e+07 2.251254e+06
9.141797e-03 4.756219e+06 1.461812e+06 8.950138e+06 1.335216e+07 2.588123e+06
9.204714e-03 4.578073e+06 1.376448e+06 8.331258e+06 1.225440e+07 3.135794e+06
9.267500e-03 4.407709e+06 1.314134e+06 7.719899e+06 1.133775e+07 3.335141e+06
9.330389e-03 4.241376e+06 1.251947e+06 7.133796e+06 1.042367e+07 3.588577e+06
9.393353e-03 4.088173e+06 1.199694e+06 6.624626e+06 9.566086e+06 3.894126e+06
9.456033e-03 3.938571e+06 1.165375e+06 6.069344e+06 8.782023e+06 3.969369e+06
9.518699e-03 3.794604e+06 1.114121e+06 5.629933e+06 7.980414e+06 4.307764e+06
9.581480e-03 3.656749e+06 1.089540e+06 5.132182e+06 7.324464e+06 4.253193e+06
9.644431e-03 3.525492e+06 1.062865e+06 4.701678e+06 6.626777e+06 4.443722e+06
9.707436e-03 3.399034e+06 1.041630e+06 4.277092e+06 5.991194e+06 4.520930e+06
9.770160e-03 3.276983e+06 1.022364e+06 3.875805e+06 5.396633e+06 4.569908e+06
9.832865e-03 3.161662e+06 1.006459e+06 3.531026e+06 4.839767e+06 4.685142e+06
9.895597e-03 3.046719e+06 1.000506e+06 3.134759e+06 4.344857e+06 4.552511e+06
9.958595e-03 2.939457e+06 9.870250e+05 2.844881e+06 3.850733e+06 4.681639e+06
1.002149e-02 2.832923e+06 9.801896e+05 2.506516e+06 3.399806e+06 4.594987e+06
1.008410e-02 2.733430e+06 9.768809e+05 2.221724e+06 2.987339e+06 4.585686e+06
1.014702e-02 2.635200e+06 9.734294e+05 1.939919e+06 2.581585e+06 4.578831e+06
1.020999e-02 2.542340e+06 9.700987e+05 1.670301e+06 2.224765e+06 4.477541e+06
1.027280e-02 2.452533e+06 9.649662e+05 1.439441e+06 1.884222e+06 4.470666e+06
1.033567e-02 2.365055e+06 9.649096e+05 1.203731e+06 1.558050e+06 4.413668e+06
1.039854e-02 2.279911e+06 9.626838e+05 1.005273e+06 1.290348e+06 4.333512e+06
1.046130e-02 2.200105e+06 9.593142e+05 7.985481e+05 1.012191e+06 4.259881e+06
1.052408e-02 2.122999e+06 9.561879e+05 6.243695e+05 7.773746e+05 4.178460e+06
1.058689e-02 2.045554e+06 9.514136e+05 4.668820e+05 5.482562e+05 4.138012e+06
1.064973e-02 1.976044e+06 9.480795e+05 3.034622e+05 3.432762e+05 4.028630e+06
1.071266e-02 1.907338e+06 9.414865e+05 1.606965e+05 1.492450e+05 3.969732e+06
1.077552e-02 1.840762e+06 9.350895e+05 4.684057e+04 -7.285272e+03 3.888057e+06
1.083829e-02 1.776253e+06 9.263020e+05 -6.921992e+04 -1.677322e+05 3.814652e+06
1.090115e-02 1.716725e+06 9.179131e+05 -1.707980e+05 -3.060554e+05 3.758494e+06
1.096400e-02 1.658579e+06 9.094575e+05 -2.636460e+05 -4.224044e+05 3.644133e+06
1.102688e-02 1.602802e+06 8.958585e+05 -3.364180e+05 -5.296827e+05 3.586187e+06
1.108967e-02 1.548868e+06 8.846534e+05 -4.017142e+05 -6.202398e+05 3.511334e+06
1.115232e-02 1.498729e+06 8.709943e+05 -4.583730e+05 -7.005642e+05 3.436720e+06
1.121507e-02 1.451744e+06 8.575414e+05 -5.034948e+05 -7.623135e+05 3.373565e+06
1.127797e-02 1.406587e+06 8.410877e+05 -5.431724e+05 -8.289256e+05 3.296029e+06
1.134099e-02 1.362183e+06 8.251527e+05 -5.682905e+05 -8.654606e+05 3.241649e+06
1.140372e-02 1.321938e+06 8.091520e+05 -5.872003e+05 -9.051706e+05 3.175616e+06
1.146650e-02 1.284089e+06 7.917165e+05 -5.998636e+05 -9.265081e+05 3.112276e+06
1.152952e-02 1.247964e+06 7.725714e+05 -6.037102e+05 -9.470042e+05 3.056646e+06
1.159236e-02 1.212835e+06 7.544979e+05 -5.983031e+05 -9.517447e+05 3.003355e+06
1.165521e-02 1.181773e+06 7.354528e+05 -5.864456e+05 -9.479140e+05 2.952567e+06
1.171802e-02 1.152013e+06 7.173345e+05 -5.757680e+05 -9.508037e+05 2.890024e+06
1.178091e-02 1.123367e+06 6.952760e+05 -5.451938e+05 -9.248499e+05 2.852789e+06
1.184377e-02 1.099318e+06 6.777382e+05 -5.217244e+05 -9.124791e+05 2.806083e+06
1.190645e-02 1.071989e+06 6.578664e+05 -4.871317e+05 -8.784152e+05 2.758830e+06
1.196918e-02 1.051356e+06 6.378394e+05 -4.491907e+05 -8.494195e+05 2.721300e+06
1.203205e-02 1.030826e+06 6.175097e+05 -4.056697e+05 -8.163347e+05 2.678959e+06
1.209494e-02 1.011766e+06 5.996009e+05 -3.629865e+05 -7.705347e+05 2.650963e+06
1.215771e-02 9.939523e+05 5.819834e+05 -3.170814e+05 -7.329813e+05 2.610802e+06
1.222054e-02 9.780303e+05 5.614049e+05 -2.600382e+05 -6.809432e+05 2.591557e+06
1.228344e-02 9.646922e+05 5.437503e+05 -2.071968e+05 -6.311103e+05 2.559288e+06
1.234640e-02 9.495507e+05 5.253735e+05 -1.500194e+05 -5.773609e+05 2.530237e+06
1.240915e-02 9.389327e+05 5.092859e+05 -9.340058e+04 -5.214034e+05 2.514318e+06
1.247184e-02 9.271151e+05 4.920568e+05 -2.810472e+04 -4.673033e+05 2.492479e+06
1.253470e-02 9.182152e+05 4.753151e+05 2.910953e+04 -4.063245e+05 2.474904e+06
1.259754e-02 9.093795e+05 4.601859e+05 9.237746e+04 -3.486670e+05 2.458361e+06
1.266036e-02 9.013970e+05 4.450708e+05 1.584665e+05 -2.881311e+05 2.448351e+06
1.272320e-02 8.928476e+05 4.292975e+05 2.249739e+05 -2.247095e+05 2.438146e+06
1.278608e-02 8.893539e+05 4.164079e+05 2.861434e+05 -1.679751e+05 2.429156e+06
1.284892e-02 8.837653e+05 4.041051e+05 3.488492e+05 -1.049166e+05 2.423977e+06
1.291183e-02 8.791447e+05 3.900708e+05 4.174339e+05 -4.643938e+04 2.425032e+06
1.297477e-02 8.741220e+05 3.782519e+05 4.816939e+05 1.420259e+04 2.421113e+06
1.303751e-02 8.709307e+05 3.661876e+05 5.458082e+05 7.354783e+04 2.425153e+06
1.310022e-02 8.695673e+05 3.563445e+05 6.061574e+05 1.301215e+05 2.423054e+06
1.316309e-02 8.661615e+05 3.443249e+05 6.747890e+05 1.905138e+05 2.436434e+06
1.322594e-02 8.644712e+05 3.364504e+05 7.335095e+05 2.431011e+05 2.439870e+06
1.328870e-02 8.630166e+05 3.258502e+05 7.942960e+05 2.983358e+05 2.452598e+06
1.335152e-02 8.618931e+05 3.177371e+05 8.521040e+05 3.503966e+05 2.461580e+06
1.341448e-02 8.620806e+05 3.104567e+05 9.147302e+05 4.044365e+05 2.479930e+06
1.347734e-02 8.595364e+05 3.011448e+05 9.718996e+05 4.515720e+05 2.495182e+06
1.354004e-02 8.586156e+05 2.946419e+05 1.024705e+06 4.981069e+05 2.504582e+06
1.360289e-02 8.598464e+05 2.876318e+05 1.082226e+06 5.477875e+05 2.526624e+06
1.366571e-02 8.594342e+05 2.827421e+05 1.134066e+06 5.922234e+05 2.545094e+06
1.372857e-02 8.586756e+05 2.753203e+05 1.187808e+06 6.334361e+05 2.567961e+06
1.379141e-02 8.581282e+05 2.704928e+05 1.232936e+06 6.715853e+05 2.587251e+06
1.385412e-02 8.589501e+05 2.658400e+05 1.286232e+06 7.129488e+05 2.614439e+06
1.391702e-02 8.588226e+05 2.619269e+05 1.330198e+06 7.504973e+05 2.635904e+06
1.397990e-02 8.584458e+05 2.571451e+05 1.374291e+06 7.843404e+05 2.656911e+06
1.404272e-02 8.573350e+05 2.527908e+05 1.417589e+06 8.159686e+05 2.683985e+06
1.410560e-02 8.573452e+05 2.504814e+05 1.459546e+06 8.490402e+05 2.708542e+06
1.416843e-02 8.573976e+05 2.476115e+05 1.498137e+06 8.789811e+05 2.733446e+06
1.423121e-02 8.562099e+05 2.451461e+05 1.533415e+06 9.057932e+05 2.757569e+06
1.429401e-02 8.554099e+05 2.413302e+05 1.573327e+06 9.305002e+05 2.788032e+06
1.435689e-02 8.542738e+05 2.410079e+05 1.603233e+06 9.549023e+05 2.810204e+06
1.441980e-02 8.537864e+05 2.387075e+05 1.636642e+06 9.796051e+05 2.835269e+06
1.448261e-02 8.515006e+05 2.375147e+05 1.661454e+06 9.983560e+05 2.854410e+06
1.454538e-02 8.497140e+05 2.361519e+05 1.692662e+06 1.016774e+06 2.885885e+06
1.460822e-02 8.477627e+05 2.347374e+05 1.719345e+06 1.033734e+06 2.909075e+06
1.467115e-02 8.456687e+05 2.349927e+05 1.740403e+06 1.050784e+06 2.928673e+06
1.473401e-02 8.433756e+05 2.341038e+05 1.761669e+06 1.066524e+06 2.947969e+06
1.479676e-02 8.392587e+05 2.336327e+05 1.779224e+06 1.075010e+06 2.968604e+06
1.485961e-02 8.371632e+05 2.338588e+05 1.801955e+06 1.089589e+06 2.994428e+06
1.492239e-02 8.331032e+05 2.334405e+05 1.812371e+06 1.097824e+06 3.005808e+06
1.498506e-02 8.297449e+05 2.342905e+05 1.827812e+06 1.106974e+06 3.028672e+06
1.504789e-02 8.253669e+05 2.345977e+05 1.841177e+06 1.117994e+06 3.037430e+06
1.511078e-02 8.201641e+05 2.334608e+05 1.851061e+06 1.117347e+06 3.061142e+06
1.517364e-02 8.155406e+05 2.347801e+05 1.854214e+06 1.124564e+06 3.064688e+06
1.523654e-02 8.108695e+05 2.358391e+05 1.861616e+06 1.129918e+06 3.077178e+06
1.529942e-02 8.046766e+05 2.352663e+05 1.865951e+06 1.128105e+06 3.090982e+06
1.536235e-02 7.989905e+05 2.356725e+05 1.869632e+06 1.131538e+06 3.097500e+06
1.542517e-02 7.926269e+05 2.360028e+05 1.868153e+06 1.128621e+06 3.105998e+06
1.548789e-02 7.860861e+05 2.366250e+05 1.865593e+06 1.130348e+06 3.103920e+06
1.555076e-02 7.790700e+05 2.368422e+05 1.863601e+06 1.127309e+06 3.110792e+06
1.561359e-02 7.714473e+05 2.358715e+05 1.857748e+06 1.120788e+06 3.110882e+06
1.567632e-02 7.643243e+05 2.368945e+05 1.853600e+06 1.120894e+06 3.111796e+06
1.573917e-02 7.561081e+05 2.359454e+05 1.842825e+06 1.111571e+06 3.107627e+06
1.580208e-02 7.478472e+05 2.360870e+05 1.835442e+06 1.109450e+06 3.100544e+06
1.586491e-02 7.396864e+05 2.350849e+05 1.822666e+06 1.098132e+06 3.098997e+06
1.592764e-02 7.309382e+05 2.342714e+05 1.810407e+06 1.090492e+06 3.090223e+06
1.599049e-02 7.217134e+05 2.335502e+05 1.796822e+06 1.083841e+06 3.076951e+06
1.605344e-02 7.128480e+05 2.319611e+05 1.779560e+06 1.069603e+06 3.069859e+06
1.624590e-02 6.835000e+05 1.960382e+05 1.748932e+06 1.065115e+06 3.093744e+06
1.642530e-02 6.543945e+05 1.920166e+05 1.680968e+06 1.026928e+06 3.027749e+06
1.660477e-02 6.226284e+05 1.833158e+05 1.608554e+06 9.782856e+05 2.949223e+06
1.678430e-02 5.944327e+05 1.730263e+05 1.544532e+06 9.339661e+05 2.873163e+06
1.696359e-02 5.612546e+05 1.633386e+05 1.461941e+06 8.902580e+05 2.759755e+06
1.714294e-02 5.307046e+05 1.498044e+05 1.380053e+06 8.326623e+05 2.659556e+06
1.732202e-02 4.996185e+05 1.387282e+05 1.295762e+06 7.856530e+05 2.538000e+06
1.750141e-02 4.709282e+05 1.248821e+05 1.213691e+06 7.330323e+05 2.420226e+06
1.768181e-02 4.415209e+05 1.122584e+05 1.124245e+06 6.789142e+05 2.287778e+06
1.786131e-02 4.117514e+05 1.006802e+05 1.030905e+06 6.262669e+05 2.144985e+06
1.804025e-02 3.862499e+05 8.967311e+04 9.506973e+05 5.784324e+05 2.015756e+06
1.822032e-02 3.599495e+05 7.957686e+04 8.657740e+05 5.303889e+05 1.874132e+06
1.839987e-02 3.344929e+05 7.035081e+04 7.782444e+05 4.795131e+05 1.732042e+06
1.857923e-02 3.107367e+05 6.332957e+04 6.953107e+05 4.332904e+05 1.594755e+06
1.875889e-02 2.873206e+05 5.649945e+04 6.151675e+05 3.885773e+05 1.454354e+06
1.893827e-02 2.665970e+05 5.206760e+04 5.374441e+05 3.460660e+05 1.325881e+06
1.911768e-02 2.455590e+05 4.688844e+04 4.609213e+05 3.012352e+05 1.196619e+06
1.929737e-02 2.262084e+05 4.314413e+04 3.901115e+05 2.609744e+05 1.076313e+06
1.947670e-02 2.082613e+05 4.119709e+04 3.231238e+05 2.244685e+05 9.619523e+05
1.965601e-02 1.904498e+05 3.818088e+04 2.607383e+05 1.876084e+05 8.527899e+05
1.983541e-02 1.746596e+05 3.599703e+04 2.009223e+05 1.520943e+05 7.561406e+05
2.001489e-02 1.599835e+05 3.341235e+04 1.472072e+05 1.183527e+05 6.645489e+05
2.019468e-02 1.463248e+05 3.208987e+04 1.007212e+05 9.135645e+04 5.824194e+05
2.037444e-02 1.339064e+05 3.006833e+04 5.853451e+04 6.433923e+04 5.084134e+05
2.055417e-02 1.228868e+05 2.812950e+04 2.187409e+04 3.994179e+04 4.441441e+05
2.073390e-02 1.131535e+05 2.659643e+04 -9.309259e+03 1.998975e+04 3.878133e+05
2.091338e-02 1.041780e+05 2.477086e+04 -3.356765e+04 1.883124e+03 3.377293e+05
2.109302e-02 9.682865e+04 2.342200e+04 -5.398213e+04 -1.202923e+04 2.968393e+05
2.127237e-02 9.032461e+04 2.224356e+04 -6.836397e+04 -2.365680e+04 2.623220e+05
2.145116e-02 8.529459e+04 2.125181e+04 -7.863989e+04 -3.133586e+04 2.356666e+05
2.163077e-02 8.064247e+04 2.030889e+04 -8.347204e+04 -3.700813e+04 2.142143e+05
2.181049e-02 7.716302e+04 1.979552e+04 -8.464639e+04 -3.980073e+04 1.984459e+05
2.198999e-02 7.472572e+04 1.931444e+04 -8.303231e+04 -4.059656e+04 1.895473e+05
2.216980e-02 7.284611e+04 1.921240e+04 -7.715182e+04 -3.900624e+04 1.846686e+05
2.234970e-02 7.163716e+04 1.893909e+04 -6.865891e+04 -3.595735e+04 1.849636e+05
2.252980e-02 7.101562e+04 1.888190e+04 -5.746311e+04 -3.141588e+04 1.892029e+05
2.270853e-02 7.098189e+04 1.875556e+04 -4.416717e+04 -2.572350e+04 1.975933e+05
2.288717e-02 7.131176e+04 1.874498e+04 -2.914539e+04 -1.922662e+04 2.092755e+05
2.306686e-02 7.197177e+04 1.868051e+04 -1.249700e+04 -1.134754e+04 2.233609e+05
2.324649e-02 7.318567e+04 1.842285e+04 5.350095e+03 -4.152122e+03 2.412605e+05
2.342617e-02 7.466178e+04 1.828812e+04 2.361638e+04 4.101054e+03 2.607350e+05
2.360560e-02 7.618534e+04 1.797033e+04 4.349599e+04 1.230796e+04 2.822962e+05
2.378549e-02 7.791641e+04 1.778173e+04 6.235868e+04 2.054909e+04 3.040384e+05
2.396571e-02 7.986996e+04 1.716039e+04 8.277796e+04 2.882418e+04 3.280707e+05
2.414482e-02 8.176823e+04 1.706846e+04 1.017092e+05 3.696288e+04 3.511069e+05
2.432376e-02 8.358998e+04 1.647009e+04 1.209594e+05 4.473086e+04 3.744135e+05
2.450343e-02 8.558348e+04 1.602942e+04 1.388542e+05 5.140813e+04 3.981051e+05
2.468304e-02 8.732706e+04 1.570730e+04 1.562419e+05 5.880486e+04 4.199866e+05
2.486245e-02 8.889366e+04 1.538816e+04 1.724598e+05 6.506228e+04 4.410727e+05
2.504187e-02 9.045410e+04 1.495777e+04 1.874960e+05 7.085754e+04 4.610442e+05
2.522156e-02 9.169651e+04 1.474137e+04 2.012308e+05 7.630112e+04 4.790988e+05
2.540110e-02 9.275172e+04 1.439140e+04 2.126005e+05 8.040705e+04 4.950026e+05
2.558029e-02 9.349034e+04 1.418646e+04 2.234715e+05 8.479860e+04 5.090686e+05
2.575992e-02 9.390526e+04 1.392081e+04 2.322443e+05 8.803926e+04 5.205062e+05
2.593954e-02 9.408434e+04 1.372258e+04 2.385046e+05 9.004368e+04 5.293842e+05
2.611933e-02 9.398179e+04 1.376120e+04 2.442062e+05 9.273655e+04 5.363901e+05
2.629913e-02 9.366815e+04 1.345832e+04 2.479474e+05 9.378061e+04 5.412009e+05
2.647853e-02 9.261902e+04 1.328838e+04 2.491319e+05 9.400150e+04 5.415562e+05
2.665812e-02 9.173232e+04 1.340748e+04 2.492338e+05 9.446728e+04 5.411400e+05
2.683805e-02 9.028989e+04 1.320714e+04 2.476460e+05 9.361792e+04 5.374113e+05
2.701719e-02 8.859269e+04 1.309409e+04 2.443201e+05 9.249149e+04 5.314317e+05
2.719620e-02 8.673348e+04 1.291835e+04 2.400003e+05 9.059967e+04 5.238728e+05
2.737553e-02 8.425951e+04 1.289796e+04 2.332281e+05 8.852852e+04 5.119245e+05
2.755538e-02 8.195383e+04 1.278190e+04 2.262255e+05 8.595611e+04 5.001230e+05
2.773538e-02 7.921784e+04 1.248717e+04 2.175077e+05 8.264946e+04 4.854759e+05
2.791455e-02 7.628126e+04 1.209888e+04 2.077569e+05 7.882293e+04 4.691497e+05
2.809381e-02 7.333383e+04 1.186958e+04 1.976191e+05 7.523041e+04 4.519389e+05
2.827308e-02 7.004485e+04 1.142816e+04 1.857918e+05 7.082805e+04 4.321377e+05
2.845277e-02 6.685511e+04 1.093396e+04 1.743634e+05 6.646403e+04 4.126755e+05
2.863250e-02 6.344323e+04 1.032858e+04 1.619360e+05 6.162017e+04 3.914451e+05
2.881166e-02 6.014044e+04 9.750918e+03 1.495151e+05 5.690646e+04 3.700537e+05
2.899137e-02 5.680417e+04 9.089431e+03 1.366709e+05 5.194272e+04 3.481163e+05
2.917126e-02 5.343353e+04 8.293326e+03 1.240195e+05 4.681685e+04 3.258430e+05
2.935071e-02 5.020967e+04 7.683002e+03 1.112349e+05 4.204042e+04 3.036089e+05
2.953030e-02 4.707804e+04 6.953042e+03 9.917622e+04 3.726548e+04 2.819853e+05
2.970997e-02 4.399430e+04 6.273652e+03 8.720198e+04 3.262125e+04 2.602183e+05
2.988940e-02 4.105495e+04 5.704227e+03 7.540437e+04 2.816932e+04 2.389397e+05
3.006874e-02 3.827063e+04 5.154937e+03 6.444277e+04 2.404221e+04 2.186931e+05
3.024815e-02 3.567058e+04 4.660566e+03 5.413017e+04 2.010454e+04 1.992681e+05
3.042767e-02 3.316784e+04 4.181192e+03 4.414105e+04 1.633860e+04 1.806052e+05
3.060744e-02 3.085657e+04 3.877453e+03 3.477810e+04 1.296914e+04 1.628301e+05
3.078708e-02 2.875961e+04 3.614367e+03 2.653360e+04 9.982572e+03 1.467701e+05
3.096646e-02 2.679162e+04 3.398619e+03 1.878350e+04 7.273707e+03 1.314899e+05
3.114600e-02 2.501388e+04 3.215739e+03 1.184381e+04 4.691500e+03 1.177157e+05
3.132546e-02 2.342064e+04 3.100986e+03 5.687773e+03 2.552861e+03 1.053428e+05
3.150520e-02 2.198000e+04 2.986187e+03 4.920706e+02 6.407976e+02 9.424749e+04
3.168484e-02 2.075483e+04 2.900546e+03 -3.969297e+03 -9.949257e+02 8.475958e+04
3.186375e-02 1.971103e+04 2.834899e+03 -7.462087e+03 -2.342730e+03 7.681786e+04
3.204302e-02 1.880569e+04 2.789106e+03 -1.027576e+04 -3.399955e+03 7.003312e+04
3.222277e-02 1.812683e+04 2.716308e+03 -1.207876e+04 -4.233389e+03 6.498747e+04
3.240259e-02 1.756949e+04 2.662960e+03 -1.316948e+04 -4.813452e+03 6.114994e+04
3.258186e-02 1.722367e+04 2.637366e+03 -1.341355e+04 -5.069795e+03 5.874445e+04
3.276123e-02 1.699139e+04 2.557191e+03 -1.294982e+04 -5.178472e+03 5.758710e+04
3.294133e-02 1.693220e+04 2.558017e+03 -1.177134e+04 -5.000753e+03 5.764597e+04
3.312088e-02 1.697835e+04 2.537076e+03 -9.904597e+03 -4.558603e+03 5.877366e+04
3.330035e-02 1.715544e+04 2.507415e+03 -7.436691e+03 -3.988991e+03 6.098719e+04
3.347992e-02 1.743320e+04 2.531440e+03 -4.477788e+03 -3.191019e+03 6.394118e+04
3.365971e-02 1.782551e+04 2.546132e+03 -1.066442e+03 -2.216536e+03 6.796851e+04
3.383927e-02 1.827750e+04 2.591653e+03 2.697811e+03 -1.121946e+03 7.250255e+04
3.401835e-02 1.877976e+04 2.635401e+03 6.897017e+03 1.349769e+02 7.766868e+04
3.419757e-02 1.933602e+04 2.681754e+03 1.120601e+04 1.428737e+03 8.330121e+04
3.437723e-02 1.992748e+04 2.770111e+03 1.576094e+04 2.855313e+03 8.928201e+04
3.455683e-02 2.056946e+04 2.818750e+03 2.029275e+04 4.279334e+03 9.567902e+04
3.473619e-02 2.118100e+04 2.874927e+03 2.499749e+04 5.686823e+03 1.020586e+05
3.491584e-02 2.181628e+04 2.916619e+03 2.963264e+04 7.148972e+03 1.086468e+05
3.509556e-02 2.243407e+04 2.952371e+03 3.418244e+04 8.506038e+03 1.151740e+05
3.527533e-02 2.302354e+04 3.009649e+03 3.863285e+04 9.934246e+03 1.215147e+05
3.545456e-02 2.358489e+04 3.006789e+03 4.276389e+04 1.115215e+04 1.276521e+05
3.563370e-02 2.411008e+04 3.016439e+03 4.694320e+04 1.239465e+04 1.336313e+05
3.581332e-02 2.455346e+04 2.996983e+03 5.047300e+04 1.342862e+04 1.389147e+05
3.599287e-02 2.498925e+04 3.016090e+03 5.397570e+04 1.453332e+04 1.440853e+05
3.617240e-02 2.533282e+04 2.971851e+03 5.712377e+04 1.540981e+04 1.486399e+05
3.635196e-02 2.564654e+04 2.938022e+03 5.990631e+04 1.615194e+04 1.527952e+05
3.653161e-02 2.583256e+04 2.934465e+03 6.214830e+04 1.689665e+04 1.559831e+05
3.671117e-02 2.597680e+04 2.883079e+03 6.394710e+04 1.735987e+04 1.587052e+05
3.689084e-02 2.605896e+04 2.870828e+03 6.563344e+04 1.786796e+04 1.609984e+05
3.707056e-02 2.603312e+04 2.819506e+03 6.665671e+04 1.811259e+04 1.623850e+05
3.724984e-02 2.592637e+04 2.792040e+03 6.732357e+04 1.829615e+04 1.630889e+05
3.742914e-02 2.573327e+04 2.746556e+03 6.736115e+04 1.833096e+04 1.629617e+05
3.760871e-02 2.548612e+04 2.701665e+03 6.736384e+04 1.826481e+04 1.624890e+05
3.778826e-02 2.514334e+04 2.688395e+03 6.668514e+04 1.812717e+04 1.610952e+05
3.796764e-02 2.472388e+04 2.623025e+03 6.556638e+04 1.781471e+04 1.590287e+05
3.814709e-02 2.423974e+04 2.583040e+03 6.411506e+04 1.740592e+04 1.563393e+05
3.832696e-02 2.369209e+04 2.539946e+03 6.252133e+04 1.696360e+04 1.532557e+05
3.850665e-02 2.307427e+04 2.480486e+03 6.038898e+04 1.638483e+04 1.494405e+05
3.868582e-02 2.238536e+04 2.438227e+03 5.796586e+04 1.575870e+04 1.449513e+05
3.886530e-02 2.166552e+04 2.368693e+03 5.528357e+04 1.502504e+04 1.402209e+05
3.904481e-02 2.090959e+04 2.309880e+03 5.242431e+04 1.424770e+04 1.350341e+05
3.922441e-02 2.009767e+04 2.237088e+03 4.934229e+04 1.344543e+04 1.294629e+05
3.940396e-02 1.926079e+04 2.188081e+03 4.598672e+04 1.260423e+04 1.234637e+05
3.958316e-02 1.841801e+04 2.095644e+03 4.268220e+04 1.168801e+04 1.174758e+05
3.976287e-02 1.754213e+04 2.029572e+03 3.915433e+04 1.079972e+04 1.111014e+05
3.994250e-02 1.667467e+04 1.922920e+03 3.553741e+04 9.803729e+03 1.046200e+05
4.012200e-02 1.579323e+04 1.846948e+03 3.199410e+04 8.918072e+03 9.813596e+04
4.030171e-02 1.492939e+04 1.744961e+03 2.846041e+04 7.980162e+03 9.162921e+04
4.048123e-02 1.408102e+04 1.635680e+03 2.486729e+04 7.004056e+03 8.515372e+04
4.066058e-02 1.324623e+04 1.535163e+03 2.141772e+04 6.118515e+03 7.876683e+04
4.084001e-02 1.245537e+04 1.413895e+03 1.816388e+04 5.190986e+03 7.267891e+04
4.101966e-02 1.168904e+04 1.307652e+03 1.489669e+04 4.346557e+03 6.662445e+04
4.119937e-02 1.097392e+04 1.197110e+03 1.191303e+04 3.538281e+03 6.098040e+04
4.137874e-02 1.029086e+04 1.091887e+03 9.015409e+03 2.743011e+03 5.550359e+04
4.155813e-02 9.659356e+03 9.857470e+02 6.434422e+03 2.024588e+03 5.044461e+04
4.173777e-02 9.083532e+03 8.929206e+02 4.060884e+03 1.357122e+03 4.575085e+04
4.191752e-02 8.562014e+03 8.095262e+02 1.835143e+03 7.610793e+02 4.140079e+04
4.209699e-02 8.094546e+03 7.489038e+02 -5.622233e+01 2.652111e+02 3.750205e+04
4.227635e-02 7.676550e+03 6.759965e+02 -1.719499e+03 -2.494319e+02 3.400364e+04
4.245594e-02 7.314626e+03 6.465272e+02 -3.089407e+03 -6.016000e+02 3.094963e+04
4.263530e-02 7.028070e+03 6.094584e+02 -4.271149e+03 -9.252807e+02 2.839822e+04
4.281442e-02 6.770586e+03 5.846368e+02 -5.141010e+03 -1.189166e+03 2.621218e+04
4.299392e-02 6.563171e+03 5.861079e+02 -5.746755e+03 -1.350298e+03 2.448059e+04
4.317364e-02 6.421030e+03 5.838240e+02 -6.131484e+03 -1.483575e+03 2.322918e+04
4.335324e-02 6.322068e+03 5.976653e+02 -6.310843e+03 -1.535884e+03 2.236133e+04
4.353285e-02 6.279779e+03 6.063647e+02 -6.238626e+03 -1.550279e+03 2.197469e+04
4.371256e-02 6.264467e+03 6.273363e+02 -5.920745e+03 -1.505368e+03 2.192535e+04
4.389237e-02 6.281722e+03 6.506399e+02 -5.402596e+03 -1.397928e+03 2.222200e+04
4.407181e-02 6.357251e+03 6.696587e+02 -4.708385e+03 -1.266010e+03 2.294070e+04
4.425100e-02 6.454014e+03 6.934450e+02 -3.876369e+03 -1.091922e+03 2.391176e+04
4.443069e-02 6.578312e+03 7.121095e+02 -2.816764e+03 -8.741198e+02 2.520924e+04
4.461032e-02 6.728898e+03 7.331306e+02 -1.656409e+03 -6.275710e+02 2.672225e+04
4.478953e-02 6.898336e+03 7.516073e+02 -3.648109e+02 -3.563231e+02 2.847023e+04
4.496901e-02 7.109488e+03 7.789315e+02 9.870318e+02 -4.107477e+01 3.044866e+04
4.514874e-02 7.298258e+03 7.886246e+02 2.473956e+03 2.623850e+02 3.248397e+04
4.532821e-02 7.531279e+03 8.108039e+02 3.955191e+03 6.049580e+02 3.472439e+04
4.550745e-02 7.750428e+03 8.272781e+02 5.510640e+03 9.437656e+02 3.698270e+04
4.568707e-02 7.971754e+03 8.496037e+02 7.062832e+03 1.299942e+03 3.926457e+04
4.586694e-02 8.209603e+03 8.675310e+02 8.571993e+03 1.647801e+03 4.160665e+04
4.617836e-02 8.558289e+03 7.170457e+02 1.113882e+04 2.812459e+03 4.550045e+04
4.680927e-02 9.216431e+03 7.678933e+02 1.583165e+04 3.791646e+03 5.266996e+04
4.743756e-02 9.519632e+03 7.949411e+02 1.907363e+04 4.529245e+03 5.729257e+04
4.806661e-02 9.580240e+03 7.597923e+02 2.053012e+04 4.712101e+03 5.942184e+04
4.869280e-02 9.242380e+03 7.091040e+02 2.037473e+04 4.597440e+03 5.839906e+04
4.931779e-02 8.660077e+03 6.465548e+02 1.871121e+04 4.159640e+03 5.493332e+04
4.994581e-02 7.789484e+03 5.911216e+02 1.563624e+04 3.459445e+03 4.892134e+04
5.057480e-02 6.792152e+03 5.292810e+02 1.166232e+04 2.595788e+03 4.140762e+04
5.120302e-02 5.766085e+03 4.979541e+02 7.423712e+03 1.766570e+03 3.341224e+04
5.183209e-02 4.738163e+03 4.160387e+02 3.538671e+03 9.384667e+02 2.558253e+04
5.246116e-02 3.902264e+03 3.518595e+02 2.341620e+02 2.832117e+02 1.896587e+04
5.308896e-02 3.286979e+03 2.772843e+02 -2.051011e+03 -1.744359e+02 1.409484e+04
5.371721e-02 2.947683e+03 1.989487e+02 -3.180277e+03 -4.357295e+02 1.132554e+04
5.434780e-02 2.842426e+03 1.543879e+02 -3.063548e+03 -4.533434e+02 1.058868e+04
5.497604e-02 2.959692e+03 1.522959e+02 -1.932758e+03 -2.421482e+02 1.171806e+04
5.560013e-02 3.248860e+03 1.831062e+02 -1.571162e+02 8.384771e+01 1.429566e+04
5.622954e-02 3.593466e+03 2.264003e+02 2.127654e+03 5.110549e+02 1.766027e+04
5.686173e-02 3.946190e+03 2.598755e+02 4.420945e+03 9.249124e+02 2.123293e+04
5.748940e-02 4.246038e+03 2.893643e+02 6.434777e+03 1.307451e+03 2.442666e+04
5.811669e-02 4.415488e+03 2.915727e+02 7.854123e+03 1.566138e+03 2.658475e+04
5.874554e-02 4.468659e+03 2.937818e+02 8.667260e+03 1.716303e+03 2.770440e+04
5.937282e-02 4.353151e+03 2.807588e+02 8.599185e+03 1.698804e+03 2.735555e+04
6.000021e-02 4.106187e+03 2.508837e+02 7.880022e+03 1.545907e+03 2.581127e+04
6.062750e-02 3.751397e+03 2.179661e+02 6.533962e+03 1.281969e+03 2.321490e+04
6.125597e-02 3.322163e+03 1.890594e+02 4.814389e+03 9.469020e+02 1.988950e+04
6.188682e-02 2.877516e+03 1.586584e+02 2.933450e+03 5.952827e+02 1.628033e+04
6.251462e-02 2.453838e+03 1.403064e+02 1.145551e+03 2.657525e+02 1.279358e+04
6.314049e-02 2.095099e+03 1.364201e+02 -2.762289e+02 1.268581e+01 9.868341e+03
6.377015e-02 1.810951e+03 1.357961e+02 -1.270225e+03 -1.637167e+02 7.627396e+03
6.439971e-02 1.651922e+03 1.335763e+02 -1.718011e+03 -2.524160e+02 6.428755e+03
6.502803e-02 1.597370e+03 1.286354e+02 -1.609203e+03 -2.514103e+02 6.183805e+03
6.565852e-02 1.641559e+03 1.253159e+02 -9.858636e+02 -1.641130e+02 6.834139e+03
6.628652e-02 1.775516e+03 1.246094e+02 -2.972029e+01 -1.594532e+01 8.209716e+03
6.691319e-02 1.942670e+03 1.247220e+02 1.151166e+03 1.764481e+02 9.933055e+03
6.754195e-02 2.117071e+03 1.253261e+02 2.349136e+03 3.608860e+02 1.174448e+04
6.816923e-02 2.268715e+03 1.347572e+02 3.376687e+03 5.492081e+02 1.334544e+04
6.879707e-02 2.370716e+03 1.281393e+02 4.156373e+03 6.606353e+02 1.452653e+04
6.942589e-02 2.396431e+03 1.272906e+02 4.500541e+03 7.334043e+02 1.500724e+04
7.005350e-02 2.341383e+03 1.219859e+02 4.461241e+03 7.446025e+02 1.479675e+04
7.068149e-02 2.219087e+03 1.126231e+02 4.056139e+03 6.865724e+02 1.396394e+04
7.131092e-02 2.031544e+03 9.723997e+01 3.297280e+03 5.824199e+02 1.251149e+04
7.194060e-02 1.801264e+03 8.780215e+01 2.322570e+03 4.532948e+02 1.066804e+04
7.256947e-02 1.563665e+03 7.444504e+01 1.279702e+03 3.056350e+02 8.694249e+03
7.319738e-02 1.332764e+03 5.733394e+01 2.983792e+02 1.497904e+02 6.786882e+03
7.382604e-02 1.144533e+03 5.118204e+01 -5.329455e+02 2.975368e+01 5.172769e+03
7.445392e-02 1.000113e+03 4.638318e+01 -1.085354e+03 -5.996378e+01 3.986525e+03
7.507965e-02 9.290392e+02 4.232427e+01 -1.344130e+03 -1.087976e+02 3.376620e+03
7.570782e-02 9.110155e+02 4.351076e+01 -1.260910e+03 -1.114156e+02 3.296378e+03
7.633697e-02 9.557828e+02 4.870766e+01 -9.117357e+02 -7.819850e+01 3.750488e+03
7.696614e-02 1.043951e+03 5.655015e+01 -3.470292e+02 -3.412221e+00 4.607655e+03
7.759521e-02 1.155888e+03 5.790744e+01 3.539494e+02 7.745685e+01 5.702831e+03
7.822404e-02 1.269140e+03 6.300545e+01 1.066852e+03 1.737404e+02 6.834041e+03
7.885455e-02 1.369838e+03 6.769970e+01 1.717109e+03 2.631369e+02 7.857415e+03
7.948034e-02 1.444314e+03 6.951581e+01 2.195292e+03 3.228347e+02 8.626545e+03
8.010544e-02 1.465681e+03 7.268168e+01 2.460591e+03 3.590893e+02 8.989763e+03
8.073519e-02 1.445030e+03 7.295351e+01 2.474567e+03 3.588561e+02 8.945289e+03
8.136420e-02 1.374372e+03 7.077681e+01 2.268406e+03 3.311297e+02 8.494719e+03
8.199246e-02 1.265928e+03 6.579265e+01 1.846578e+03 2.682522e+02 7.677986e+03
8.262013e-02 1.131957e+03 6.097615e+01 1.310143e+03 2.032015e+02 6.637750e+03
8.325004e-02 9.839194e+02 5.422059e+01 7.000919e+02 1.255504e+02 5.450344e+03
8.388076e-02 8.431673e+02 4.678196e+01 1.224548e+02 5.175081e+01 4.311054e+03
8.450772e-02 7.223924e+02 3.791831e+01 -3.677608e+02 -1.393961e+01 3.326713e+03
8.513407e-02 6.348337e+02 3.361152e+01 -6.995264e+02 -5.434632e+01 2.611223e+03
8.576290e-02 5.877244e+02 2.809862e+01 -8.512416e+02 -7.627010e+01 2.231430e+03
8.639170e-02 5.799662e+02 2.491476e+01 -8.003509e+02 -7.334693e+01 2.197153e+03
8.701933e-02 6.095813e+02 2.581158e+01 -5.745627e+02 -4.608964e+01 2.489105e+03
8.764729e-02 6.717819e+02 2.727798e+01 -2.130829e+02 -4.891426e+00 3.052677e+03
8.827546e-02 7.447300e+02 3.104162e+01 2.465035e+02 5.055456e+01 3.758503e+03
8.890360e-02 8.296324e+02 3.368519e+01 7.092187e+02 1.001254e+02 4.537897e+03
8.953185e-02 8.991642e+02 3.888346e+01 1.149138e+03 1.573439e+02 5.234966e+03
9.016049e-02 9.534159e+02 4.093294e+01 1.484848e+03 1.956815e+02 5.786303e+03
9.078921e-02 9.787117e+02 4.175027e+01 1.677253e+03 2.169541e+02 6.088534e+03
9.141859e-02 9.700221e+02 4.336799e+01 1.728521e+03 2.269988e+02 6.117783e+03
9.204760e-02 9.345121e+02 4.149802e+01 1.613580e+03 2.140442e+02 5.881583e+03
9.267535e-02 8.679047e+02 3.844048e+01 1.365889e+03 1.817529e+02 5.386888e+03
9.330406e-02 7.853356e+02 3.423688e+01 1.014872e+03 1.393656e+02 4.722773e+03
9.393390e-02 6.893441e+02 2.983237e+01 6.194254e+02 9.130476e+01 3.946980e+03
9.456102e-02 5.994876e+02 2.490029e+01 2.190429e+02 4.129421e+01 3.189850e+03
9.518740e-02 5.160438e+02 2.194454e+01 -1.267081e+02 1.541496e+00 2.496730e+03
9.581568e-02 4.542939e+02 1.939196e+01 -3.871427e+02 -2.724163e+01 1.974070e+03
9.644552e-02 4.139304e+02 1.682827e+01 -5.321793e+02 -4.517281e+01 1.641208e+03
9.707482e-02 4.011803e+02 1.533529e+01 -5.487684e+02 -4.536381e+01 1.543445e+03
9.770146e-02 4.140306e+02 1.612026e+01 -4.488273e+02 -3.301082e+01 1.660908e+03
9.832882e-02 4.459153e+02 1.785745e+01 -2.469844e+02 -1.260470e+01 1.958159e+03
9.895640e-02 4.887396e+02 2.113380e+01 2.206770e+01 1.564146e+01 2.370488e+03
9.958504e-02 5.384071e+02 2.473619e+01 3.118909e+02 4.400661e+01 2.848611e+03
1.002139e-01 5.830167e+02 2.708021e+01 5.913059e+02 7.422306e+01 3.302210e+03
1.008411e-01 6.181709e+02 2.661641e+01 8.145131e+02 9.578123e+01 3.670352e+03
1.014708e-01 6.359344e+02 2.489819e+01 9.585075e+02 1.112484e+02 3.887199e+03
1.021003e-01 6.351263e+02 2.435100e+01 1.004607e+03 1.165126e+02 3.933610e+03
1.027279e-01 6.184631e+02 2.384768e+01 9.501660e+02 1.094380e+02 3.813766e+03
1.033572e-01 5.771121e+02 2.417109e+01 8.055999e+02 9.167846e+01 3.506871e+03
1.039858e-01 5.228265e+02 2.573184e+01 5.918942e+02 6.959080e+01 3.081845e+03
1.046130e-01 4.627574e+02 2.546409e+01 3.330969e+02 4.029493e+01 2.595720e+03
1.052407e-01 3.985653e+02 2.313296e+01 7.116215e+01 1.166887e+01 2.084230e+03
1.058684e-01 3.409029e+02 2.038150e+01 -1.629262e+02 -1.004408e+01 1.619520e+03
1.064969e-01 2.957312e+02 1.624905e+01 -3.460189e+02 -2.663697e+01 1.246287e+03
1.071273e-01 2.672558e+02 1.248643e+01 -4.534343e+02 -3.712904e+01 1.006433e+03
1.077558e-01 2.557489e+02 1.038105e+01 -4.756851e+02 -3.819556e+01 9.144211e+02
1.083828e-01 2.616565e+02 9.743839e+00 -4.138296e+02 -3.401219e+01 9.716166e+02
1.090114e-01 2.831990e+02 1.047643e+01 -2.857991e+02 -2.205143e+01 1.164401e+03
1.096397e-01 3.131178e+02 1.298622e+01 -1.068631e+02 -6.812277e+00 1.447092e+03
1.102684e-01 3.477829e+02 1.547684e+01 9.971261e+01 1.372790e+01 1.778329e+03
1.108970e-01 3.802772e+02 1.780061e+01 2.995746e+02 3.243563e+01 2.104058e+03
1.115233e-01 4.069930e+02 1.977617e+01 4.707467e+02 5.038473e+01 2.380357e+03
1.121508e-01 4.235174e+02 2.007268e+01 5.866908e+02 6.007131e+01 2.569166e+03
1.127798e-01 4.259512e+02 2.000972e+01 6.444437e+02 6.715609e+01 2.643173e+03
1.134097e-01 4.167615e+02 1.813735e+01 6.275494e+02 6.594655e+01 2.598684e+03
1.140373e-01 3.949891e+02 1.527572e+01 5.496540e+02 5.799894e+01 2.438124e+03
1.146647e-01 3.624811e+02 1.333598e+01 4.195393e+02 4.738871e+01 2.179878e+03
1.152948e-01 3.259145e+02 1.125219e+01 2.557392e+02 3.205784e+01 1.866022e+03
1.159235e-01 2.867343e+02 8.918968e+00 8.213908e+01 1.362493e+01 1.529382e+03
1.165517e-01 2.504694e+02 8.642257e+00 -7.899204e+01 -1.386820e+00 1.213272e+03
1.171799e-01 2.217694e+02 8.140277e+00 -2.084442e+02 -1.468159e+01 9.585117e+02
1.178092e-01 2.004031e+02 8.052597e+00 -2.870464e+02 -2.480049e+01 7.817152e+02
1.184382e-01 1.916392e+02 9.020418e+00 -3.105058e+02 -2.781112e+01 7.095560e+02
1.190649e-01 1.935219e+02 1.034931e+01 -2.755840e+02 -2.599376e+01 7.389588e+02
1.196918e-01 2.043710e+02 1.159842e+01 -1.893288e+02 -1.969426e+01 8.572661e+02
1.203206e-01 2.230368e+02 1.310061e+01 -6.721900e+01 -9.350870e+00 1.046732e+03
1.209492e-01 2.450452e+02 1.366622e+01 7.715565e+01 2.981426e+00 1.272521e+03
1.215770e-01 2.675250e+02 1.332693e+01 2.206601e+02 1.381461e+01 1.502354e+03
1.222060e-01 2.879421e+02 1.272257e+01 3.487693e+02 2.559345e+01 1.708506e+03
1.228351e-01 3.006665e+02 1.154947e+01 4.414811e+02 3.310771e+01 1.848282e+03
1.234639e-01 3.066026e+02 1.116046e+01 4.931583e+02 3.769149e+01 1.920108e+03
1.240910e-01 3.027181e+02 1.118176e+01 4.926632e+02 3.906600e+01 1.901617e+03
1.247182e-01 2.897453e+02 1.053306e+01 4.475326e+02 3.306607e+01 1.802459e+03
1.253470e-01 2.685153e+02 1.057037e+01 3.586799e+02 2.710375e+01 1.627659e+03
1.259754e-01 2.417172e+02 1.059845e+01 2.449522e+02 1.761974e+01 1.407257e+03
1.266036e-01 2.119832e+02 1.012578e+01 1.179372e+02 8.555969e+00 1.159033e+03
1.272319e-01 1.835651e+02 1.000480e+01 -6.625940e+00 -1.030157e+00 9.200815e+02
1.278607e-01 1.575207e+02 9.563822e+00 -1.115770e+02 -9.106097e+00 7.069382e+02
1.284890e-01 1.384090e+02 9.040539e+00 -1.903285e+02 -1.417915e+01 5.500988e+02
1.291182e-01 1.263034e+02 8.073445e+00 -2.300518e+02 -1.711835e+01 4.582048e+02
1.297470e-01 1.225916e+02 6.907009e+00 -2.325202e+02 -1.602515e+01 4.367707e+02
1.303744e-01 1.269104e+02 5.365032e+00 -1.992324e+02 -1.229036e+01 4.827096e+02
1.310022e-01 1.369069e+02 4.257606e+00 -1.366611e+02 -7.330257e+00 5.772622e+02
1.316312e-01 1.511134e+02 3.830750e+00 -5.635278e+01 1.062679e-01 7.068442e+02
1.322597e-01 1.667008e+02 4.279470e+00 2.934216e+01 8.031562e+00 8.468490e+02
1.328871e-01 1.808025e+02 4.818708e+00 1.055999e+02 1.290995e+01 9.755445e+02
1.335151e-01 1.906439e+02 5.835186e+00 1.660516e+02 1.699260e+01 1.071143e+03
1.341448e-01 1.949459e+02 7.429842e+00 2.001438e+02 1.907609e+01 1.122278e+03
1.347734e-01 1.930331e+02 8.600148e+00 2.051594e+02 1.760951e+01 1.121053e+03
1.354003e-01 1.840975e+02 9.781978e+00 1.804027e+02 1.359167e+01 1.063104e+03
1.360284e-01 1.703654e+02 1.061754e+01 1.314635e+02 9.196051e+00 9.649603e+02
1.366568e-01 1.529579e+02 1.018996e+01 6.635203e+01 1.687255e+00 8.355476e+02
1.372858e-01 1.340118e+02 9.126717e+00 -6.918604e+00 -4.085942e+00 6.909371e+02
1.379142e-01 1.167607e+02 7.563552e+00 -7.602832e+01 -9.564920e+00 5.534727e+02
1.385416e-01 1.023241e+02 6.224955e+00 -1.307520e+02 -1.262769e+01 4.387087e+02
1.391708e-01 9.311251e+01 4.868926e+00 -1.653877e+02 -1.445911e+01 3.619632e+02
1.397994e-01 8.950956e+01 4.224197e+00 -1.737633e+02 -1.369208e+01 3.320806e+02
1.404273e-01 9.130618e+01 4.035956e+00 -1.545202e+02 -1.183564e+01 3.524895e+02
1.410561e-01 9.893529e+01 3.630697e+00 -1.118957e+02 -6.871171e+00 4.198330e+02
1.416844e-01 1.101618e+02 3.537268e+00 -4.892234e+01 -1.618042e+00 5.221090e+02
1.423121e-01 1.238472e+02 3.473261e+00 2.476705e+01 4.544716e+00 6.449424e+02
1.429401e-01 1.378906e+02 3.752485e+00 1.011486e+02 1.077156e+01 7.716831e+02
1.435692e-01 1.503648e+02 4.836270e+00 1.697753e+02 1.454061e+01 8.860767e+02
1.441983e-01 1.591525e+02 5.952436e+00 2.209443e+02 1.728363e+01 9.728381e+02
1.448262e-01 1.629753e+02 7.122364e+00 2.522648e+02 1.811943e+01 1.021374e+03
1.454539e-01 1.613622e+02 7.653841e+00 2.557590e+02 1.796870e+01 1.025133e+03
1.460823e-01 1.549994e+02 7.325161e+00 2.360431e+02 1.577617e+01 9.843634e+02
1.467115e-01 1.436845e+02 6.379122e+00 1.940683e+02 1.337362e+01 9.020122e+02
1.473399e-01 1.303743e+02 5.099795e+00 1.346345e+02 9.889958e+00 7.908813e+02
1.479676e-01 1.153545e+02 3.806475e+00 6.882329e+01 6.453382e+00 6.636229e+02
1.485964e-01 1.012560e+02 2.490823e+00 1.263834e+00 2.580805e+00 5.379532e+02
1.492243e-01 8.903745e+01 1.499926e+00 -5.684499e+01 -2.502331e-01 4.253792e+02
1.498507e-01 8.063356e+01 5.819953e-01 -9.992438e+01 -3.403585e+00 3.418752e+02
1.504788e-01 7.585941e+01 7.886726e-01 -1.223371e+02 -5.305253e+00 2.921798e+02
1.511078e-01 7.577899e+01 1.531384e+00 -1.225244e+02 -6.569936e+00 2.832658e+02
1.517364e-01 7.919248e+01 3.139409e+00 -1.011668e+02 -6.888001e+00 3.122502e+02
1.523652e-01 8.548720e+01 4.675394e+00 -6.125856e+01 -6.413233e+00 3.740508e+02
1.529942e-01 9.349314e+01 6.383411e+00 -9.007494e+00 -4.625892e+00 4.582984e+02
1.536237e-01 1.022378e+02 7.133905e+00 4.755112e+01 -1.983478e+00 5.530244e+02
1.542519e-01 1.103858e+02 6.986160e+00 1.027660e+02 1.134763e+00 6.437049e+02
1.548791e-01 1.167331e+02 6.426203e+00 1.473681e+02 4.634215e+00 7.158263e+02
1.555078e-01 1.208532e+02 5.654905e+00 1.794138e+02 7.483731e+00 7.633926e+02
1.561363e-01 1.216898e+02 4.798334e+00 1.923967e+02 8.768043e+00 7.788885e+02
1.567636e-01 1.191103e+02 4.737584e+00 1.862357e+02 8.775020e+00 7.602208e+02
1.573916e-01 1.129325e+02 4.935586e+00 1.627231e+02 7.692197e+00 7.106005e+02
1.580207e-01 1.038246e+02 5.044465e+00 1.246389e+02 5.489860e+00 6.377143e+02
1.586492e-01 9.310753e+01 4.995540e+00 7.821439e+01 2.961222e+00 5.497978e+02
1.592766e-01 8.176978e+01 4.205174e+00 2.898035e+01 3.595896e-01 4.565988e+02
1.599049e-01 7.159031e+01 3.556057e+00 -1.616843e+01 -1.397045e+00 3.699763e+02
1.605344e-01 6.314233e+01 2.695261e+00 -5.194876e+01 -3.049531e+00 2.977158e+02
1.624649e-01 5.699653e+01 1.242719e+00 -7.188997e+01 -1.497428e+00 2.455786e+02
1.642557e-01 7.106743e+01 1.208224e+00 5.869209e+00 2.804634e+00 3.752018e+02
1.660459e-01 8.606110e+01 1.917398e+00 9.085706e+01 9.119604e+00 5.164670e+02
1.678421e-01 8.586352e+01 1.912838e+00 1.000567e+02 8.171838e+00 5.276772e+02
1.696353e-01 6.921700e+01 1.919667e+00 3.129010e+01 3.523554e+00 3.917909e+02
1.714286e-01 5.228117e+01 1.240835e+00 -4.398427e+01 -1.435601e+00 2.490441e+02
1.732198e-01 4.746461e+01 1.152620e-02 -6.001881e+01 -1.312687e+00 2.046976e+02
1.750152e-01 5.451071e+01 9.053700e-01 -2.149200e+01 1.741709e+00 2.647453e+02
1.768177e-01 6.043527e+01 1.709933e+00 1.624479e+01 2.091161e+00 3.264609e+02
1.786121e-01 5.524544e+01 1.945141e+00 5.866933e+00 1.828356e+00 2.967462e+02
1.804030e-01 4.394934e+01 1.597892e+00 -4.102717e+01 -3.200078e+00 2.031844e+02
1.822028e-01 3.505687e+01 2.296501e+00 -6.838676e+01 -6.371388e+00 1.371581e+02
1.839998e-01 3.666562e+01 1.936879e+00 -4.636075e+01 -2.236107e+00 1.666432e+02
1.857937e-01 4.601736e+01 6.085047e-01 8.438484e+00 2.379047e+00 2.534855e+02
1.875926e-01 5.152456e+01 7.535735e-01 4.247344e+01 4.084200e+00 3.072571e+02
1.893867e-01 4.669888e+01 4.130369e-01 2.028004e+01 2.944655e+00 2.666170e+02
1.911794e-01 3.590597e+01 3.459634e-02 -2.981372e+01 1.941300e+00 1.714115e+02
1.929763e-01 3.225715e+01 -1.126663e-01 -5.283911e+01 -7.422553e-01 1.262397e+02
1.947689e-01 3.836831e+01 9.942930e-01 -1.604193e+01 -2.723651e-01 1.855688e+02
1.965614e-01 5.083485e+01 2.310094e+00 5.439909e+01 3.476944e+00 3.055003e+02
1.983545e-01 5.749592e+01 1.664842e+00 9.793660e+01 4.792201e+00 3.789248e+02
2.001492e-01 5.199937e+01 1.437594e+00 8.086764e+01 2.949425e+00 3.383195e+02
2.019476e-01 3.855052e+01 6.618375e-01 1.790771e+01 3.281187e-01 2.203110e+02
2.037448e-01 2.747717e+01 4.267438e-01 -3.287272e+01 7.176640e-01 1.225372e+02
2.055436e-01 2.692971e+01 4.096383e-01 -3.240169e+01 5.082437e-01 1.177834e+02
2.073409e-01 3.453407e+01 1.409489e+00 1.267334e+01 4.944789e-01 1.921666e+02
2.091331e-01 4.016950e+01 1.640697e+00 5.304904e+01 2.207482e+00 2.627308e+02
2.109295e-01 3.867368e+01 6.510886e-01 5.130195e+01 3.847458e+00 2.541731e+02
2.127243e-01 3.006681e+01 2.929983e-01 1.051320e+01 2.472804e+00 1.769669e+02
2.145132e-01 2.155632e+01 2.447578e-01 -3.204044e+01 1.391522e-01 9.787528e+01
2.163084e-01 1.875077e+01 4.832710e-01 -4.377692e+01 -6.227834e-01 7.341476e+01
2.181043e-01 2.106613e+01 1.125648e+00 -2.652463e+01 -6.153560e-01 1.014332e+02
2.198991e-01 2.345616e+01 1.028108e+00 -7.300066e+00 -6.825559e-01 1.299670e+02
2.216975e-01 2.144389e+01 6.287603e-01 -1.062979e+01 -9.013897e-01 1.178381e+02
2.234966e-01 1.714987e+01 -2.756411e-02 -2.999532e+01 -4.086028e-01 8.019876e+01
2.252970e-01 1.599134e+01 -3.604810e-01 -3.795634e+01 4.847112e-01 6.105941e+01
2.270852e-01 2.020638e+01 1.143304e+00 -1.557820e+01 -1.430662e-01 9.676372e+01
2.288723e-01 2.665898e+01 1.411019e+00 2.624211e+01 6.922433e-01 1.693661e+02
2.306695e-01 3.156837e+01 3.570947e-01 5.486147e+01 3.916446e+00 2.186820e+02
2.324665e-01 3.035578e+01 3.586755e-01 4.828386e+01 3.898083e+00 2.053805e+02
2.342627e-01 2.290279e+01 6.345891e-01 1.262753e+01 1.294766e+00 1.416440e+02
2.360563e-01 1.535527e+01 1.682871e-01 -2.046696e+01 3.867551e-01 7.942474e+01
2.378553e-01 1.383994e+01 -2.601157e-01 -2.997146e+01 3.114993e-01 6.116223e+01
2.396569e-01 1.692273e+01 1.884730e-01 -1.557323e+01 4.198005e-01 8.539598e+01
2.414498e-01 1.980202e+01 9.282203e-01 1.372310e+00 -5.175461e-01 1.118033e+02
2.432397e-01 1.835570e+01 6.811539e-01 2.146987e+00 -1.000131e+00 1.095948e+02
2.450345e-01 1.453202e+01 9.650794e-01 -1.265492e+01 -9.738669e-01 7.740828e+01
2.468308e-01 1.079044e+01 6.453290e-01 -2.532801e+01 2.826892e-02 5.364980e+01
2.486244e-01 1.117107e+01 -2.102153e-01 -2.131859e+01 1.359367e+00 5.873844e+01
2.504185e-01 1.478754e+01 6.187460e-01 -3.635647e+00 1.021920e+00 8.902420e+01
2.522154e-01 1.678521e+01 8.529361e-01 1.215265e+01 -4.425609e-01 1.153816e+02
2.540114e-01 1.574106e+01 9.350084e-01 1.193623e+01 -9.519855e-01 1.100346e+02
2.558058e-01 1.179666e+01 9.536910e-01 -2.065370e+00 -1.888412e+00 7.912945e+01
2.576012e-01 9.013165e+00 -2.276850e-01 -1.578331e+01 -9.053928e-01 5.180041e+01
2.593962e-01 9.497777e+00 -8.217394e-01 -1.718634e+01 3.941266e-01 4.565192e+01
2.611937e-01 1.149324e+01 9.835499e-01 -7.339750e+00 5.628080e-01 6.208395e+01
2.629942e-01 1.168161e+01 6.621992e-01 2.612887e-02 1.238653e+00 7.693149e+01
2.647885e-01 1.102527e+01 -3.089847e-01 -3.252655e+00 1.246206e+00 7.130285e+01
2.665811e-01 9.626089e+00 1.298140e-01 -1.173976e+01 -2.510137e-01 5.592634e+01
2.683801e-01 8.931903e+00 3.521158e-01 -1.380898e+01 -5.831761e-01 5.039973e+01
2.701729e-01 1.029274e+01 6.524841e-01 -5.208745e+00 1.907421e-01 6.443078e+01
2.719632e-01 1.238847e+01 2.906589e-01 8.211943e+00 9.642668e-01 8.708676e+01
2.737587e-01 1.317574e+01 8.311331e-02 1.200886e+01 9.378923e-01 9.324397e+01
2.755578e-01 1.110924e+01 2.034783e-01 2.797470e+00 -2.141298e-01 7.489761e+01
2.773550e-01 8.208406e+00 4.490019e-01 -1.206489e+01 -6.430272e-01 4.690946e+01
2.791459e-01 6.718669e+00 4.340460e-01 -1.733781e+01 -3.893478e-01 3.518114e+01
2.809385e-01 8.512756e+00 3.533206e-02 -7.628453e+00 3.829266e-01 5.158302e+01
2.827312e-01 1.237707e+01 -4.054070e-02 9.753249e+00 6.207142e-01 8.191774e+01
2.845296e-01 1.412537e+01 3.076711e-01 1.869933e+01 1.053905e+00 9.648657e+01
2.863269e-01 1.267179e+01 -1.402802e-01 1.083303e+01 5.125374e-01 8.333410e+01
2.881173e-01 9.487725e+00 2.620185e-01 -5.306624e+00 2.134257e-01 5.207728e+01
2.899148e-01 6.921966e+00 9.015350e-01 -1.508105e+01 -5.507619e-01 3.302142e+01
2.917136e-01 7.071269e+00 7.125671e-01 -9.391813e+00 1.789077e-01 4.281899e+01
2.935083e-01 9.506140e+00 3.921369e-01 6.182837e+00 5.083807e-01 6.896186e+01
2.953064e-01 1.159579e+01 -1.851403e-01 1.593500e+01 1.033985e+00 8.696943e+01
2.971025e-01 1.119160e+01 2.712315e-01 1.238735e+01 1.679136e-01 7.894018e+01
2.988941e-01 7.652922e+00 7.758657e-01 -1.448780e+00 -2.800122e-01 5.282569e+01
3.006873e-01 5.193953e+00 7.096966e-02 -1.149621e+01 7.449469e-02 3.254227e+01
3.024817e-01 5.781324e+00 3.136811e-01 -8.896085e+00 -1.191529e-01 3.565079e+01
3.042771e-01 7.980249e+00 3.758801e-01 3.451674e+00 3.968171e-01 5.912152e+01
3.060756e-01 1.012320e+01 1.012328e-01 1.431360e+01 1.434080e+00 7.870845e+01
3.078722e-01 1.008511e+01 -2.159080e-02 1.270985e+01 1.165434e+00 7.492556e+01
3.096648e-01 7.513629e+00 7.241861e-01 1.714863e+00 -6.469808e-01 5.477196e+01
3.114599e-01 4.952550e+00 -4.142552e-02 -9.491346e+00 -4.985721e-01 3.362849e+01
3.132555e-01 5.033415e+00 -2.251632e-01 -1.123953e+01 -4.097442e-01 2.777803e+01
3.150527e-01 6.388690e+00 5.656090e-01 -4.259805e+00 -3.711632e-01 3.953264e+01
3.168493e-01 7.126134e+00 8.150969e-01 3.297092e+00 8.974330e-03 5.204299e+01
3.186391e-01 6.296110e+00 4.465827e-01 3.432493e+00 2.372177e-01 5.074610e+01
3.204305e-01 4.621068e+00 5.727185e-02 -4.105521e+00 2.334057e-02 3.641358e+01
3.222280e-01 3.290838e+00 1.422698e-01 -1.221740e+01 -1.560704e-01 2.248575e+01
3.240267e-01 2.931953e+00 4.739699e-01 -1.277742e+01 -5.807026e-01 1.876449e+01
3.258197e-01 3.395236e+00 5.298207e-01 -8.035374e+00 -3.666285e-01 2.755842e+01
3.276150e-01 4.473496e+00 -1.747885e-01 -2.181952e+00 4.984762e-01 3.641935e+01
3.294148e-01 4.751770e+00 1.330465e-01 -1.867932e+00 1.101891e-01 3.592315e+01
3.312085e-01 3.870202e+00 4.923316e-01 -5.414695e+00 -2.189789e-01 3.054109e+01
3.330031e-01 3.557143e+00 1.059764e-01 -6.681535e+00 4.227874e-01 2.879421e+01
3.347987e-01 4.534172e+00 1.023343e-02 -2.208888e+00 1.281420e+00 3.729204e+01
3.365969e-01 6.405838e+00 8.820043e-02 6.425952e+00 6.261070e-01 5.344157e+01
3.383923e-01 7.377292e+00 4.233009e-01 1.210015e+01 1.636126e-01 6.300751e+01
3.401828e-01 6.460220e+00 6.368249e-01 9.991948e+00 -4.827031e-02 5.818729e+01
3.419763e-01 4.367274e+00 2.247001e-01 8.638700e-01 -2.487372e-01 4.112949e+01
3.437730e-01 3.087727e+00 -2.633147e-01 -7.424467e+00 -3.804360e-01 2.442941e+01
3.455681e-01 3.051260e+00 8.162089e-02 -9.517887e+00 -3.577237e-01 1.886158e+01
3.473617e-01 3.761234e+00 3.554879e-01 -6.215289e+00 -3.082494e-01 2.545636e+01
3.491590e-01 4.307873e+00 4.573711e-01 -1.184541e+00 1.542077e-01 3.247226e+01
3.509566e-01 3.731635e+00 6.831481e-01 -8.598222e-01 -1.350320e-01 3.122873e+01
3.527534e-01 2.327206e+00 2.531942e-01 -5.152088e+00 -5.832297e-01 2.274494e+01
3.545449e-01 1.609782e+00 -7.857857e-02 -9.364571e+00 -4.938535e-01 1.311410e+01
3.563372e-01 1.503357e+00 3.870155e-01 -1.030775e+01 -5.461972e-01 1.063956e+01
3.581341e-01 1.714738e+00 4.466979e-01 -7.850816e+00 -3.301974e-01 1.472565e+01
3.599303e-01 1.937159e+00 1.408319e-01 -5.490068e+00 -7.825000e-02 1.805530e+01
3.617254e-01 1.917486e+00 2.151313e-01 -6.144427e+00 3.591664e-01 1.761350e+01
3.635200e-01 1.587042e+00 -1.035724e-01 -8.234032e+00 6.010833e-01 1.401094e+01
3.653165e-01 2.147265e+00 -1.882014e-02 -8.055553e+00 2.521567e-01 1.432209e+01
3.671116e-01 3.080538e+00 4.155742e-01 -2.842770e+00 -5.972129e-01 2.378120e+01
3.689088e-01 4.243210e+00 3.945623e-01 5.088486e+00 2.392576e-03 3.747068e+01
3.707076e-01 5.035020e+00 3.887919e-01 9.899697e+00 6.192941e-01 4.540861e+01
3.725001e-01 4.530447e+00 2.498203e-01 7.831049e+00 1.118479e+00 4.244997e+01
3.742913e-01 2.879420e+00 1.775539e-01 1.610339e+00 1.911973e-01 2.990299e+01
3.760877e-01 1.459110e+00 7.138901e-01 -4.410344e+00 -7.105643e-01 1.909700e+01
3.778836e-01 8.347910e-01 2.101923e-01 -6.310474e+00 -7.914436e-01 1.577607e+01
3.796766e-01 1.472736e+00 -1.543418e-01 -4.387543e+00 -2.097998e-01 1.816816e+01
3.814707e-01 1.893589e+00 3.384813e-01 -2.175067e+00 -2.088843e-01 2.005217e+01
3.832699e-01 1.437047e+00 5.642118e-01 -2.632511e+00 -2.724112e-01 1.840074e+01
3.850666e-01 3.932170e-01 2.499842e-01 -5.238634e+00 3.569864e-01 1.383656e+01
3.868579e-01 8.069915e-01 -3.845128e-01 -6.527474e+00 8.419620e-01 1.290618e+01
3.886538e-01 2.007786e+00 1.571088e-02 -3.393501e+00 3.231394e-01 1.855675e+01
3.904491e-01 3.038471e+00 3.909475e-01 2.564695e+00 -3.597994e-01 2.891407e+01
3.922449e-01 3.311407e+00 8.012713e-01 6.839934e+00 -7.810055e-01 3.530302e+01
3.940400e-01 2.423267e+00 6.393946e-01 6.050869e+00 -2.954385e-01 3.215400e+01
3.958317e-01 1.224365e+00 -8.591472e-02 1.647939e-01 2.645298e-01 2.081744e+01
3.976289e-01 7.063861e-01 -2.300650e-01 -4.964660e+00 1.544334e-01 1.122248e+01
3.994255e-01 9.485486e-01 1.604432e-01 -5.689983e+00 6.112773e-02 1.003588e+01
4.012204e-01 1.505080e+00 4.170209e-01 -1.731561e+00 2.227803e-01 1.803125e+01
4.030168e-01 2.324824e+00 4.710605e-02 2.128065e+00 1.267410e+00 2.658326e+01
4.048122e-01 2.673961e+00 -5.855801e-02 2.906780e+00 9.065745e-01 2.827483e+01
4.066062e-01 2.371705e+00 2.354818e-01 2.520006e-01 -4.787542e-01 2.300701e+01
4.084001e-01 1.573823e+00 4.953059e-01 -3.173483e+00 -1.542091e+00 1.620864e+01
4.101968e-01 1.207597e+00 3.946142e-01 -2.940865e+00 -8.238487e-01 1.429456e+01
4.119946e-01 1.439792e+00 4.481573e-01 3.100787e-01 1.918006e-01 1.800642e+01
4.137897e-01 1.643174e+00 4.543816e-01 3.701905e+00 5.848708e-01 2.432208e+01
4.155829e-01 1.931069e+00 -3.054294e-02 4.802327e+00 4.796867e-01 2.657080e+01
4.173778e-01 1.682672e+00 2.730533e-01 2.284865e+00 1.261859e-01 2.312825e+01
4.191752e-01 9.446207e-01 1.628482e-01 -1.623163e+00 -1.391077e-01 1.633430e+01
4.209702e-01 5.045080e-01 2.883360e-01 -4.151198e+00 -6.478235e-02 1.059090e+01
4.227638e-01 -1.634746e-01 6.599825e-01 -4.902345e+00 -3.839800e-01 9.203881e+00
4.245604e-01 -2.272927e-01 3.470917e-02 -4.213965e+00 2.534246e-01 1.051776e+01
4.263543e-01 1.478446e-01 -8.709225e-02 -4.373459e+00 9.379159e-01 1.056958e+01
4.281451e-01 2.650908e-01 5.909573e-02 -5.405465e+00 3.067518e-01 9.811239e+00
4.299400e-01 2.474194e-01 2.925137e-01 -5.769722e+00 -2.541024e-01 9.699711e+00
4.317365e-01 6.582290e-02 5.937991e-01 -4.804547e+00 -5.285721e-01 1.021474e+01
4.335323e-01 -2.130340e-01 4.784449e-01 -3.679812e+00 -6.741353e-01 1.177932e+01
4.353294e-01 -3.117303e-01 2.492139e-01 -2.823897e+00 -1.467348e-01 1.215093e+01
4.371263e-01 -3.594566e-01 -5.003180e-03 -3.632720e+00 3.460307e-01 1.037346e+01
4.389235e-01 -4.440631e-01 9.319354e-02 -5.543128e+00 6.024856e-01 8.049032e+00
4.407180e-01 -2.002788e-01 1.916314e-01 -5.950220e+00 3.620102e-01 8.112377e+00
4.425103e-01 7.479376e-02 3.323888e-01 -3.637360e+00 -6.122504e-01 1.145225e+01
4.443072e-01 4.641561e-01 5.779140e-01 2.651673e-01 -1.067433e+00 1.656526e+01
4.461036e-01 3.199634e-01 5.467389e-01 2.639717e+00 -4.336918e-01 1.979974e+01
4.478956e-01 -4.792623e-02 1.786472e-01 1.867633e+00 3.215277e-01 1.754669e+01
4.496902e-01 -4.136281e-01 -1.303564e-01 -1.451965e+00 5.800867e-01 1.185261e+01
4.514874e-01 -5.835422e-01 1.796599e-01 -4.899665e+00 -1.408258e-02 6.945226e+00
4.532823e-01 -6.574209e-01 1.161209e-01 -5.901352e+00 -6.594699e-02 5.231177e+00
4.550750e-01 -2.740899e-01 1.474192e-01 -4.165981e+00 -5.416319e-01 7.105901e+00
4.568708e-01 9.079263e-02 5.157045e-01 -1.824516e+00 -5.815189e-01 1.044932e+01
4.586693e-01 1.832972e-01 1.771782e-01 -5.477248e-01 -1.131755e-01 1.195179e+01
4.604678e-01 2.887946e-01 2.031818e-01 -1.776864e+00 -8.649484e-02 1.030444e+01
4.861870e-01 2.323661e-01 1.634815e-01 -1.429677e+00 -6.959435e-02 8.291021e+00
5.133427e-01 1.869634e-01 1.315384e-01 -1.150328e+00 -5.599610e-02 6.671013e+00
5.420151e-01 1.504321e-01 1.058367e-01 -9.255621e-01 -4.505486e-02 5.367544e+00
5.722891e-01 1.210387e-01 8.515696e-02 -7.447138e-01 -3.625145e-02 4.318764e+00
6.042540e-01 9.738859e-02 6.851788e-02 -5.992019e-01 -2.916817e-02 3.474907e+00
6.380042e-01 7.835954e-02 5.512997e-02 -4.821221e-01 -2.346892e-02 2.795935e+00
6.736396e-01 6.304864e-02 4.435796e-02 -3.879188e-01 -1.888325e-02 2.249629e+00
7.112653e-01 5.072938e-02 3.569072e-02 -3.121222e-01 -1.519360e-02 1.810067e+00
7.509927e-01 4.081721e-02 2.871701e-02 -2.511357e-01 -1.222488e-02 1.456393e+00
7.929389e-01 3.284181e-02 2.310591e-02 -2.020655e-01 -9.836221e-03 1.171824e+00
8.372281e-01 2.642475e-02 1.859117e-02 -1.625833e-01 -7.914292e-03 9.428576e-01
8.839910e-01 2.126154e-02 1.495859e-02 -1.308157e-01 -6.367895e-03 7.586298e-01
9.333658e-01 1.710719e-02 1.203578e-02 -1.052552e-01 -5.123653e-03 6.103989e-01
9.854984e-01 1.376456e-02 9.684077e-03 -8.468909e-02 -4.122527e-03 4.911312e-01
1.040543e+00 1.107506e-02 7.791876e-03 -6.814144e-02 -3.317014e-03 3.951676e-01
1.098662e+00 8.911073e-03 6.269398e-03 -5.482708e-02 -2.668893e-03 3.179546e-01
1.160027e+00 7.169912e-03 5.044401e-03 -4.411425e-02 -2.147410e-03 2.558285e-01
1.224820e+00 5.768961e-03 4.058761e-03 -3.549463e-02 -1.727821e-03 2.058414e-01
1.293231e+00 4.641746e-03 3.265707e-03 -2.855923e-02 -1.390217e-03 1.656214e-01
1.365464e+00 3.734782e-03 2.627611e-03 -2.297896e-02 -1.118578e-03 1.332602e-01
1.441731e+00 3.005032e-03 2.114194e-03 -1.848903e-02 -9.000159e-04 1.072221e-01
1.522258e+00 2.417869e-03 1.701095e-03 -1.487640e-02 -7.241591e-04 8.627163e-02
1.607283e+00 1.945435e-03 1.368713e-03 -1.196966e-02 -5.826635e-04 6.941476e-02
1.697057e+00 1.565310e-03 1.101276e-03 -9.630871e-03 -4.688151e-04 5.585160e-02
1.791845e+00 1.259460e-03 8.860947e-04 -7.749066e-03 -3.772119e-04 4.493859e-02
1.891928e+00 1.013370e-03 7.129580e-04 -6.234953e-03 -3.035074e-04 3.615790e-02
1.997600e+00 8.153647e-04 5.736510e-04 -5.016687e-03 -2.442041e-04 2.909290e-02
2.109175e+00 6.560481e-04 4.615636e-04 -4.036461e-03 -1.964884e-04 2.340835e-02
2.226982e+00 5.278609e-04 3.713773e-04 -3.247765e-03 -1.580959e-04 1.883452e-02
2.351369e+00 4.247206e-04 2.988128e-04 -2.613175e-03 -1.272051e-04 1.515439e-02
2.482703e+00 3.417332e-04 2.404269e-04 -2.102579e-03 -1.023501e-04 1.219333e-02
2.621373e+00 2.749609e-04 1.934491e-04 -1.691749e-03 -8.235161e-05 9.810837e-03
2.767788e+00 2.212355e-04 1.556505e-04 -1.361193e-03 -6.626068e-05 7.893868e-03
2.922381e+00 1.780076e-04 1.252375e-04 -1.095226e-03 -5.331381e-05 6.351462e-03
3.085609e+00 1.432262e-04 1.007670e-04 -8.812263e-04 -4.289666e-05 5.110431e-03
3.257954e+00 1.152408e-04 8.107781e-05 -7.090409e-04 -3.451495e-05 4.111888e-03
3.439925e+00 9.272353e-05 6.523577e-05 -5.704992e-04 -2.777097e-05 3.308454e-03
3.632061e+00 7.460600e-05 5.248916e-05 -4.590277e-04 -2.234472e-05 2.662005e-03
3.834927e+00 6.002851e-05 4.223315e-05 -3.693369e-04 -1.797872e-05 2.141868e-03
4.049125e+00 4.829936e-05 3.398109e-05 -2.971711e-04 -1.446580e-05 1.723362e-03
4.275287e+00 3.886201e-05 2.734142e-05 -2.391059e-04 -1.163929e-05 1.386629e-03
4.514080e+00 3.126864e-05 2.199910e-05 -1.923863e-04 -9.365051e-06 1.115692e-03
4.766212e+00 2.515897e-05 1.770063e-05 -1.547954e-04 -7.535186e-06 8.976933e-04
5.032426e+00 2.024308e-05 1.424205e-05 -1.245494e-04 -6.062863e-06 7.222903e-04
5.313509e+00 1.628773e-05 1.145925e-05 -1.002133e-04 -4.878222e-06 5.811598e-04
5.610292e+00 1.310522e-05 9.220195e-06 -8.063236e-05 -3.925052e-06 4.676053e-04
5.923652e+00 1.054455e-05 7.418633e-06 -6.487736e-05 -3.158124e-06 3.762385e-04
6.254514e+00 8.484219e-06 5.969084e-06 -5.220078e-05 -2.541049e-06 3.027241e-04
6.603856e+00 6.826462e-06 4.802767e-06 -4.200111e-05 -2.044546e-06 2.435739e-04
6.972711e+00 5.492619e-06 3.864340e-06 -3.379439e-05 -1.645056e-06 1.959813e-04
7.362168e+00 4.419400e-06 3.109275e-06 -2.719120e-05 -1.323623e-06 1.576879e-04
7.773377e+00 3.555880e-06 2.501744e-06 -2.187823e-05 -1.064997e-06 1.268768e-04
8.207555e+00 2.861086e-06 2.012921e-06 -1.760338e-05 -8.569038e-07 1.020860e-04
8.665983e+00 2.302050e-06 1.619610e-06 -1.416380e-05 -6.894708e-07 8.213909e-05
9.150017e+00 1.852245e-06 1.303150e-06 -1.139629e-05 -5.547530e-07 6.608968e-05
9.661086e+00 1.490330e-06 1.048524e-06 -9.169538e-06 -4.463582e-07 5.317622e-05
1.020070e+01 1.199130e-06 8.436494e-07 -7.377874e-06 -3.591429e-07 4.278596e-05
1.077045e+01 9.648281e-07 6.788062e-07 -5.936289e-06 -2.889689e-07 3.442588e-05
1.137203e+01 7.763075e-07 5.461722e-07 -4.776380e-06 -2.325064e-07 2.769931e-05
1.200721e+01 6.246224e-07 4.394540e-07 -3.843109e-06 -1.870763e-07 2.228706e-05
1.267787e+01 5.025756e-07 3.535878e-07 -3.092192e-06 -1.505229e-07 1.793232e-05
1.338598e+01 4.043758e-07 2.844992e-07 -2.488000e-06 -1.211118e-07 1.442847e-05
1.413365e+01 3.253636e-07 2.289100e-07 -2.001862e-06 -9.744737e-08 1.160925e-05
1.492308e+01 2.617899e-07 1.841826e-07 -1.610712e-06 -7.840684e-08 9.340883e-06
1.575660e+01 2.106379e-07 1.481946e-07 -1.295990e-06 -6.308669e-08 7.515740e-06
1.663667e+01 1.694808e-07 1.192384e-07 -1.042763e-06 -5.075999e-08 6.047217e-06
1.756590e+01 1.363654e-07 9.594008e-08 -8.390143e-07 -4.084185e-08 4.865633e-06
1.854704e+01 1.097206e-07 7.719406e-08 -6.750767e-07 -3.286164e-08 3.914923e-06
1.958297e+01 8.828194e-08 6.211088e-08 -5.431715e-07 -2.644070e-08 3.149974e-06
2.067677e+01 7.103226e-08 4.997485e-08 -4.370396e-07 -2.127437e-08 2.534491e-06
2.183166e+01 5.715306e-08 4.021012e-08 -3.516451e-07 -1.711751e-08 2.039269e-06
2.305105e+01 4.598575e-08 3.235334e-08 -2.829361e-07 -1.377287e-08 1.640810e-06
2.433855e+01 3.700046e-08 2.603172e-08 -2.276524e-07 -1.108175e-08 1.320208e-06
2.569797e+01 2.977083e-08 2.094531e-08 -1.831707e-07 -8.916451e-09 1.062248e-06
2.713331e+01 2.395382e-08 1.685274e-08 -1.473804e-07 -7.174239e-09 8.546924e-07
2.864883e+01 1.927341e-08 1.355983e-08 -1.185833e-07 -5.772443e-09 6.876915e-07
3.024899e+01 1.550752e-08 1.091034e-08 -9.541297e-08 -4.644548e-09 5.533214e-07
3.193854e+01 1.247746e-08 8.778534e-09 -7.676995e-08 -3.737036e-09 4.452063e-07
3.372244e+01 1.003945e-08 7.063270e-09 -6.176964e-08 -3.006845e-09 3.582161e-07
3.560599e+01 8.077812e-09 5.683156e-09 -4.970028e-08 -2.419329e-09 2.882232e-07
3.759474e+01 6.499464e-09 4.572707e-09 -3.998919e-08 -1.946609e-09 2.319064e-07
3.969458e+01 5.229514e-09 3.679232e-09 -3.217559e-08 -1.566255e-09 1.865935e-07
4.191170e+01 4.207704e-09 2.960336e-09 -2.588870e-08 -1.260220e-09 1.501344e-07
4.425265e+01 3.385548e-09 2.381907e-09 -2.083023e-08 -1.013982e-09 1.207992e-07
4.672436e+01 2.724036e-09 1.916499e-09 -1.676015e-08 -8.158568e-10 9.719590e-08
4.933412e+01 2.191778e-09 1.542029e-09 -1.348533e-08 -6.564441e-10 7.820450e-08
5.208965e+01 1.763520e-09 1.240727e-09 -1.085039e-08 -5.281795e-10 6.292389e-08
5.499909e+01 1.418941e-09 9.982977e-10 -8.730303e-09 -4.249769e-10 5.062900e-08
5.807103e+01 1.141690e-09 8.032373e-10 -7.024463e-09 -3.419394e-10 4.073645e-08
6.131455e+01 9.186114e-10 6.462904e-10 -5.651932e-09 -2.751268e-10 3.277683e-08
6.473924e+01 7.391212e-10 5.200098e-10 -4.547584e-09 -2.213690e-10 2.637247e-08
6.835522e+01 5.947021e-10 4.184035e-10 -3.659018e-09 -1.781150e-10 2.121947e-08
7.217316e+01 4.785015e-10 3.366504e-10 -2.944072e-09 -1.433126e-10 1.707334e-08
7.620435e+01 3.850056e-10 2.708713e-10 -2.368821e-09 -1.153103e-10 1.373733e-08
8.046070e+01 3.097782e-10 2.179449e-10 -1.905970e-09 -9.277950e-11 1.105315e-08
8.495479e+01 2.492497e-10 1.753600e-10 -1.533557e-09 -7.465103e-11 8.893441e-09
8.969989e+01 2.005481e-10 1.410959e-10 -1.233910e-09 -6.006474e-11 7.155725e-09
9.471003e+01 1.613624e-10 1.135267e-10 -9.928129e-10 -4.832851e-11 5.757546e-09
1.000000e+02 1.298333e-10 9.134441e-11 -7.988242e-10 -3.888546e-11 4.632562e-09
