# k [h/Mpc], q0, q1/i, q2, q3/i, q4
1.000000e-06 4.528615e+02 2.158371e+00 4.633373e-02 -6.932611e+00 4.691707e+02
1.489784e-06 4.528615e+02 2.158371e+00 4.633373e-02 -6.932611e+00 4.691707e+02
2.219456e-06 4.528615e+02 2.158371e+00 4.633373e-02 -6.932611e+00 4.691707e+02
3.306511e-06 4.528615e+02 2.158371e+00 4.633373e-02 -6.932611e+00 4.691707e+02
4.925987e-06 4.528615e+02 2.158371e+00 4.633373e-02 -6.932611e+00 4.691707e+02
7.338656e-06 4.528615e+02 2.158371e+00 4.633373e-02 -6.932611e+00 4.691707e+02
1.093301e-05 4.528615e+02 2.158371e+00 4.633373e-02 -6.932611e+00 4.691707e+02
1.628783e-05 4.528615e+02 2.158371e+00 4.633373e-02 -6.932611e+00 4.691707e+02
2.426534e-05 4.528615e+02 2.158371e+00 4.633373e-02 -6.932611e+00 4.691707e+02
3.615012e-05 4.528615e+02 2.158371e+00 4.633373e-02 -6.932611e+00 4.691707e+02
5.385587e-05 4.528615e+02 2.158371e+00 4.633373e-02 -6.932611e+00 4.691707e+02
1.034961e-04 4.526766e+02 4.145937e+00 8.598013e-02 4.628454e-01 -4.663553e+01
1.650345e-04 4.522675e+02 6.603886e+00 1.898208e-01 2.617869e+00 -5.631785e+01
2.219461e-04 4.517327e+02 8.866300e+00 3.862187e-01 -8.205428e-01 2.117285e+01
2.831569e-04 4.509748e+02 1.128736e+01 6.018595e-01 1.050187e+00 -1.169556e+01
3.481074e-04 4.499742e+02 1.383674e+01 8.988784e-01 1.756749e+00 -1.641490e+01
4.078467e-04 4.489149e+02 1.619035e+01 -1.581917e+01 -1.553048e+00 1.244690e+01
4.685721e-04 4.475640e+02 1.847062e+01 1.238006e+01 1.030217e+00 -2.920556e+00
5.344152e-04 4.459794e+02 2.098467e+01 4.904109e+00 1.290932e+00 -5.495513e+00
5.979215e-04 4.442663e+02 2.336991e+01 3.351262e-01 1.163688e-01 9.353244e-01
6.594309e-04 4.424033e+02 2.562060e+01 3.311418e+00 -3.251961e-01 4.801796e+00
7.211547e-04 4.403690e+02 2.785611e+01 3.877378e+00 1.723340e+00 -6.675338e+00
7.842715e-04 4.381300e+02 3.009615e+01 1.915580e+00 8.598406e-01 -1.804304e+00
8.480725e-04 4.356612e+02 3.229044e+01 4.389124e+00 5.213915e-01 1.135647e+00
9.105595e-04 4.330460e+02 3.437298e+01 9.158814e+00 1.032449e+00 9.244363e-01
9.726731e-04 4.303399e+02 3.642657e+01 7.003729e+00 1.255586e+00 -4.158098e-01
1.035373e-03 4.274093e+02 3.842560e+01 8.774627e+00 2.480039e+00 -3.621493e+00
1.098784e-03 4.243070e+02 4.037415e+01 8.727543e+00 1.238069e+00 1.321014e+00
1.161586e-03 4.210718e+02 4.225842e+01 9.195972e+00 2.286247e+00 -1.789798e+00
1.224174e-03 4.176817e+02 4.403848e+01 1.087636e+01 1.790833e+00 1.391277e+00
1.288412e-03 4.140532e+02 4.582798e+01 1.188034e+01 3.521002e+00 -3.414516e+00
1.351080e-03 4.103770e+02 4.744495e+01 1.313213e+01 1.539282e+00 4.266704e+00
1.412291e-03 4.066255e+02 4.900848e+01 1.486971e+01 4.039304e+00 -1.612956e+00
1.475368e-03 4.026790e+02 5.053097e+01 1.463818e+01 3.737362e+00 -1.326326e+00
1.538515e-03 3.985449e+02 5.198992e+01 1.640646e+01 5.906323e+00 -5.439159e+00
1.601338e-03 3.943559e+02 5.325964e+01 1.732422e+01 2.435488e+00 5.614172e+00
1.665074e-03 3.899191e+02 5.453781e+01 1.971813e+01 4.133802e+00 2.480544e+00
1.728027e-03 3.854803e+02 5.581269e+01 1.943763e+01 7.286438e+00 -5.244515e+00
1.789887e-03 3.809338e+02 5.678156e+01 2.299499e+01 5.675913e+00 2.006905e+00
1.852570e-03 3.763237e+02 5.787017e+01 2.237841e+01 7.628835e+00 -3.473213e+00
1.915088e-03 3.715779e+02 5.870375e+01 2.443139e+01 6.024225e+00 2.805908e+00
1.978019e-03 3.666897e+02 5.963258e+01 2.551469e+01 9.533222e+00 -4.377078e+00
2.041684e-03 3.616567e+02 6.029515e+01 2.786966e+01 8.306548e+00 1.188757e+00
2.104726e-03 3.566560e+02 6.100736e+01 2.792396e+01 9.225343e+00 -1.112286e+00
2.167060e-03 3.515509e+02 6.157125e+01 2.995211e+01 1.061166e+01 -1.742515e+00
2.229921e-03 3.463873e+02 6.205115e+01 3.101443e+01 1.086538e+01 -1.315786e+00
2.292794e-03 3.411270e+02 6.247259e+01 3.240156e+01 1.227435e+01 -2.628831e+00
2.355230e-03 3.358549e+02 6.273535e+01 3.402993e+01 1.219914e+01 -6.877850e-01
2.418331e-03 3.304713e+02 6.294957e+01 3.545276e+01 1.287428e+01 -4.953500e-01
2.481215e-03 3.250441e+02 6.312860e+01 3.674270e+01 1.451567e+01 -2.424328e+00
2.543891e-03 3.196278e+02 6.313312e+01 3.808224e+01 1.420376e+01 -2.606143e-01
2.607003e-03 3.140672e+02 6.316148e+01 3.963892e+01 1.648580e+01 -2.929478e+00
2.669740e-03 3.085455e+02 6.307550e+01 4.089018e+01 1.755118e+01 -3.516015e+00
2.732628e-03 3.030257e+02 6.280028e+01 4.225023e+01 1.691549e+01 -7.405134e-01
2.796013e-03 2.973634e+02 6.257173e+01 4.375490e+01 1.877054e+01 -2.576617e+00
2.858795e-03 2.917839e+02 6.225759e+01 4.479963e+01 1.969245e+01 -2.720364e+00
2.920959e-03 2.862624e+02 6.179655e+01 4.608730e+01 1.995491e+01 -2.006815e+00
2.983535e-03 2.806477e+02 6.134880e+01 4.739252e+01 2.144824e+01 -2.975023e+00
3.046449e-03 2.749938e+02 6.080339e+01 4.882144e+01 2.290411e+01 -3.876560e+00
3.109435e-03 2.693975e+02 6.024824e+01 4.947203e+01 2.386840e+01 -4.769719e+00
3.172429e-03 2.638307e+02 5.939811e+01 5.097788e+01 2.306479e+01 -1.146678e+00
3.235378e-03 2.581848e+02 5.867610e+01 5.235003e+01 2.480838e+01 -3.138975e+00
3.298350e-03 2.526033e+02 5.790510e+01 5.322721e+01 2.585088e+01 -3.390280e+00
3.361502e-03 2.469725e+02 5.707655e+01 5.445357e+01 2.762087e+01 -5.170946e+00
3.424034e-03 2.414984e+02 5.614436e+01 5.535864e+01 2.807078e+01 -4.491279e+00
3.486610e-03 2.360568e+02 5.513283e+01 5.631603e+01 2.843073e+01 -3.748316e+00
3.549533e-03 2.305164e+02 5.417608e+01 5.741457e+01 3.030269e+01 -5.629610e+00
3.612035e-03 2.252069e+02 5.292899e+01 5.857090e+01 2.927592e+01 -2.158025e+00
3.674842e-03 2.197465e+02 5.204654e+01 5.894549e+01 3.209039e+01 -6.348341e+00
3.737743e-03 2.144488e+02 5.077569e+01 5.999560e+01 3.185577e+01 -4.461840e+00
3.800817e-03 2.090647e+02 4.973014e+01 6.057593e+01 3.388227e+01 -6.827792e+00
3.863693e-03 2.038995e+02 4.833238e+01 6.159199e+01 3.328456e+01 -4.424964e+00
3.926624e-03 1.986546e+02 4.717035e+01 6.217419e+01 3.474650e+01 -5.722442e+00
3.989691e-03 1.935408e+02 4.584440e+01 6.282375e+01 3.514676e+01 -5.555844e+00
4.052279e-03 1.884794e+02 4.457553e+01 6.335443e+01 3.597101e+01 -5.815569e+00
4.115276e-03 1.834106e+02 4.326679e+01 6.402090e+01 3.714020e+01 -6.710810e+00
4.178091e-03 1.785400e+02 4.188145e+01 6.437899e+01 3.714071e+01 -5.946554e+00
4.240529e-03 1.736553e+02 4.056631e+01 6.485948e+01 3.808151e+01 -6.494604e+00
4.303566e-03 1.688461e+02 3.915153e+01 6.532163e+01 3.854088e+01 -6.460090e+00
4.366473e-03 1.641236e+02 3.776968e+01 6.560099e+01 3.890932e+01 -6.185804e+00
4.429136e-03 1.594667e+02 3.639432e+01 6.586377e+01 3.970791e+01 -6.975062e+00
4.491804e-03 1.548267e+02 3.513919e+01 6.587244e+01 4.073001e+01 -8.111960e+00
4.554524e-03 1.503864e+02 3.353878e+01 6.654496e+01 4.040289e+01 -6.688500e+00
4.617696e-03 1.459564e+02 3.225298e+01 6.617075e+01 4.093609e+01 -7.157378e+00
4.680743e-03 1.415593e+02 3.082252e+01 6.647242e+01 4.132505e+01 -7.206733e+00
4.743600e-03 1.372752e+02 2.946600e+01 6.640557e+01 4.178090e+01 -7.655999e+00
4.806460e-03 1.331310e+02 2.799446e+01 6.655079e+01 4.165446e+01 -6.771762e+00
4.869182e-03 1.290234e+02 2.664377e+01 6.641267e+01 4.204531e+01 -7.298539e+00
4.931803e-03 1.249390e+02 2.539997e+01 6.613974e+01 4.266871e+01 -8.061635e+00
4.994544e-03 1.210448e+02 2.401099e+01 6.599168e+01 4.258480e+01 -7.703579e+00
5.057296e-03 1.171810e+02 2.261339e+01 6.600629e+01 4.261623e+01 -7.401660e+00
5.120127e-03 1.134800e+02 2.133839e+01 6.543621e+01 4.244850e+01 -7.240166e+00
5.183244e-03 1.096936e+02 2.007904e+01 6.517897e+01 4.280939e+01 -7.774869e+00
5.246213e-03 1.060932e+02 1.879393e+01 6.481637e+01 4.272497e+01 -7.609086e+00
5.308940e-03 1.025390e+02 1.761337e+01 6.428315e+01 4.286791e+01 -8.052523e+00
5.371705e-03 9.915312e+01 1.629907e+01 6.399632e+01 4.250198e+01 -7.429644e+00
5.434764e-03 9.577446e+01 1.506164e+01 6.362207e+01 4.229156e+01 -7.055214e+00
5.497589e-03 9.248260e+01 1.405700e+01 6.262417e+01 4.240626e+01 -8.035701e+00
5.560094e-03 8.936777e+01 1.275636e+01 6.241315e+01 4.172951e+01 -6.774961e+00
5.623090e-03 8.618643e+01 1.175141e+01 6.159192e+01 4.190194e+01 -7.535741e+00
5.686167e-03 8.314804e+01 1.064948e+01 6.096078e+01 4.149345e+01 -7.357089e+00
5.748863e-03 8.020737e+01 9.633028e+00 6.017365e+01 4.113281e+01 -7.093745e+00
5.811791e-03 7.740949e+01 8.517827e+00 5.957736e+01 4.055134e+01 -6.711978e+00
5.874636e-03 7.455433e+01 7.591710e+00 5.874670e+01 4.023748e+01 -6.605296e+00
5.937271e-03 7.183997e+01 6.648468e+00 5.794300e+01 4.001745e+01 -6.907051e+00
6.000058e-03 6.925360e+01 5.726920e+00 5.705001e+01 3.929092e+01 -6.382018e+00
6.062729e-03 6.667007e+01 4.865046e+00 5.618140e+01 3.895110e+01 -6.442130e+00
6.125517e-03 6.415981e+01 4.037297e+00 5.524903e+01 3.845243e+01 -6.469006e+00
6.188708e-03 6.178848e+01 3.172953e+00 5.439010e+01 3.763362e+01 -5.594620e+00
6.251555e-03 5.945742e+01 2.382427e+00 5.344341e+01 3.717261e+01 -5.880214e+00
6.314077e-03 5.718349e+01 1.665017e+00 5.243777e+01 3.646479e+01 -5.451018e+00
6.377058e-03 5.495533e+01 9.908751e-01 5.136830e+01 3.593535e+01 -5.456386e+00
6.440009e-03 5.283371e+01 2.791219e-01 5.043029e+01 3.527938e+01 -5.296469e+00
6.502812e-03 5.081758e+01 -3.901881e-01 4.941181e+01 3.435996e+01 -4.563240e+00
6.565726e-03 4.875569e+01 -9.016404e-01 4.818649e+01 3.393713e+01 -5.066606e+00
6.628521e-03 4.686953e+01 -1.573247e+00 4.731984e+01 3.299775e+01 -4.153765e+00
6.691272e-03 4.498796e+01 -2.076439e+00 4.615328e+01 3.236203e+01 -4.355483e+00
6.754176e-03 4.321150e+01 -2.617150e+00 4.511264e+01 3.147482e+01 -3.738995e+00
6.816888e-03 4.145107e+01 -3.068362e+00 4.396298e+01 3.070998e+01 -3.578113e+00
6.879625e-03 3.972375e+01 -3.459645e+00 4.276670e+01 3.007581e+01 -3.647171e+00
6.942449e-03 3.814727e+01 -3.933336e+00 4.173948e+01 2.909271e+01 -2.990230e+00
7.005248e-03 3.659186e+01 -4.319561e+00 4.062034e+01 2.838588e+01 -2.915372e+00
7.068136e-03 3.503253e+01 -4.643192e+00 3.943340e+01 2.753645e+01 -2.646396e+00
7.131053e-03 3.357248e+01 -4.975078e+00 3.830345e+01 2.667146e+01 -2.300273e+00
7.194010e-03 3.215900e+01 -5.268331e+00 3.715907e+01 2.591352e+01 -2.202972e+00
7.256902e-03 3.083345e+01 -5.575511e+00 3.608393e+01 2.495297e+01 -1.575977e+00
7.319748e-03 2.945217e+01 -5.748306e+00 3.482598e+01 2.427169e+01 -1.765305e+00
7.382611e-03 2.824474e+01 -6.021867e+00 3.378125e+01 2.328300e+01 -1.130633e+00
7.445306e-03 2.700457e+01 -6.185130e+00 3.261676e+01 2.257364e+01 -1.095980e+00
7.507906e-03 2.586912e+01 -6.385896e+00 3.154747e+01 2.170594e+01 -7.517933e-01
7.570818e-03 2.468432e+01 -6.476883e+00 3.034009e+01 2.092117e+01 -5.576657e-01
7.633721e-03 2.362831e+01 -6.632890e+00 2.927703e+01 2.009499e+01 -3.802757e-01
7.696586e-03 2.259424e+01 -6.750278e+00 2.820145e+01 1.921582e+01 8.937082e-02
7.759492e-03 2.157730e+01 -6.813377e+00 2.706854e+01 1.845390e+01 1.504264e-01
7.822382e-03 2.062826e+01 -6.900927e+00 2.603249e+01 1.761635e+01 5.525951e-01
7.885469e-03 1.967621e+01 -6.915758e+00 2.491393e+01 1.690615e+01 5.792688e-01
7.948044e-03 1.880167e+01 -6.961130e+00 2.388569e+01 1.607623e+01 9.100213e-01
8.010528e-03 1.792783e+01 -6.948750e+00 2.281887e+01 1.535720e+01 1.109256e+00
8.073516e-03 1.712389e+01 -6.960493e+00 2.181974e+01 1.464096e+01 1.173304e+00
8.136423e-03 1.633332e+01 -6.938989e+00 2.080299e+01 1.386877e+01 1.531139e+00
8.199228e-03 1.559243e+01 -6.927079e+00 1.983729e+01 1.312359e+01 1.735833e+00
8.262023e-03 1.483960e+01 -6.849158e+00 1.880953e+01 1.245749e+01 1.825277e+00
8.324981e-03 1.417433e+01 -6.823649e+00 1.791335e+01 1.178002e+01 2.053671e+00
8.388025e-03 1.349186e+01 -6.725506e+00 1.692218e+01 1.113637e+01 2.084966e+00
8.450798e-03 1.286403e+01 -6.664638e+00 1.602734e+01 1.043504e+01 2.404650e+00
8.513424e-03 1.223910e+01 -6.556926e+00 1.510281e+01 9.846963e+00 2.419559e+00
8.576219e-03 1.167559e+01 -6.475994e+00 1.425670e+01 9.237406e+00 2.608474e+00
8.639099e-03 1.111512e+01 -6.366469e+00 1.339439e+01 8.662938e+00 2.659590e+00
8.701941e-03 1.057150e+01 -6.243711e+00 1.253354e+01 8.062182e+00 2.831982e+00
8.764716e-03 1.006325e+01 -6.125134e+00 1.171959e+01 7.504835e+00 2.968721e+00
8.827545e-03 9.578590e+00 -5.994948e+00 1.093749e+01 7.039776e+00 2.918140e+00
8.890404e-03 9.124611e+00 -5.874154e+00 1.017082e+01 6.484220e+00 3.102642e+00
8.953189e-03 8.670716e+00 -5.725885e+00 9.402782e+00 5.995676e+00 3.159029e+00
9.016039e-03 8.248178e+00 -5.584772e+00 8.680071e+00 5.539421e+00 3.195029e+00
9.078883e-03 7.855987e+00 -5.446818e+00 7.989137e+00 5.112176e+00 3.233600e+00
9.141797e-03 7.465999e+00 -5.295016e+00 7.306643e+00 4.690957e+00 3.229938e+00
9.204714e-03 7.098438e+00 -5.138768e+00 6.619164e+00 4.235376e+00 3.383971e+00
9.267500e-03 6.753843e+00 -4.985889e+00 5.993476e+00 3.877062e+00 3.331733e+00
9.330389e-03 6.429611e+00 -4.838901e+00 5.393020e+00 3.525623e+00 3.331246e+00
9.393353e-03 6.107491e+00 -4.667720e+00 4.780661e+00 3.182022e+00 3.346352e+00
9.456033e-03 5.818213e+00 -4.519624e+00 4.226969e+00 2.855986e+00 3.316904e+00
9.518699e-03 5.529445e+00 -4.354408e+00 3.661855e+00 2.538033e+00 3.362772e+00
9.581480e-03 5.268939e+00 -4.199036e+00 3.162882e+00 2.299710e+00 3.227716e+00
9.644431e-03 5.014064e+00 -4.038365e+00 2.645217e+00 2.009682e+00 3.257053e+00
9.707436e-03 4.775139e+00 -3.881687e+00 2.161200e+00 1.753283e+00 3.233220e+00
9.770160e-03 4.551258e+00 -3.727728e+00 1.710084e+00 1.526494e+00 3.185314e+00
9.832865e-03 4.335390e+00 -3.564352e+00 1.252529e+00 1.303593e+00 3.168537e+00
9.895597e-03 4.139867e+00 -3.418505e+00 8.660956e-01 1.140656e+00 3.039788e+00
9.958595e-03 3.945824e+00 -3.254061e+00 4.459037e-01 9.491307e-01 3.021313e+00
1.002149e-02 3.769848e+00 -3.105785e+00 8.174852e-02 7.960910e-01 2.923065e+00
1.008410e-02 3.602837e+00 -2.953594e+00 -2.777825e-01 6.499300e-01 2.860678e+00
1.014702e-02 3.447452e+00 -2.809701e+00 -6.130280e-01 5.202494e-01 2.797751e+00
1.020999e-02 3.300918e+00 -2.661231e+00 -9.254264e-01 4.100358e-01 2.693104e+00
1.027280e-02 3.165502e+00 -2.516988e+00 -1.228807e+00 3.194938e-01 2.598569e+00
1.033567e-02 3.034210e+00 -2.376919e+00 -1.510762e+00 1.970952e-01 2.575881e+00
1.039854e-02 2.915981e+00 -2.234956e+00 -1.767265e+00 1.500669e-01 2.440009e+00
1.046130e-02 2.806983e+00 -2.102734e+00 -2.009369e+00 9.121033e-02 2.345595e+00
1.052408e-02 2.704032e+00 -1.966224e+00 -2.231361e+00 5.176932e-02 2.228334e+00
1.058689e-02 2.607917e+00 -1.834968e+00 -2.451073e+00 -8.923499e-03 2.184169e+00
1.064973e-02 2.519390e+00 -1.709334e+00 -2.634839e+00 -3.236118e-02 2.076728e+00
1.071266e-02 2.441761e+00 -1.587459e+00 -2.814070e+00 -3.090676e-02 1.951449e+00
1.077552e-02 2.365962e+00 -1.461544e+00 -2.977697e+00 -5.143495e-02 1.876626e+00
1.083829e-02 2.296859e+00 -1.344998e+00 -3.125570e+00 -6.192286e-02 1.809047e+00
1.090115e-02 2.235892e+00 -1.230852e+00 -3.263464e+00 -5.419988e-02 1.721933e+00
1.096400e-02 2.179926e+00 -1.117355e+00 -3.367296e+00 -9.861373e-03 1.572993e+00
1.102688e-02 2.129243e+00 -1.008178e+00 -3.480031e+00 1.824749e-03 1.511283e+00
1.108967e-02 2.081083e+00 -9.010872e-01 -3.568641e+00 2.567648e-02 1.432984e+00
1.115232e-02 2.040458e+00 -7.990530e-01 -3.643607e+00 7.079412e-02 1.331279e+00
1.121507e-02 2.007384e+00 -6.985980e-01 -3.719165e+00 1.189801e-01 1.244062e+00
1.127797e-02 1.970960e+00 -6.043141e-01 -3.766034e+00 1.577772e-01 1.181158e+00
1.134099e-02 1.946542e+00 -5.078921e-01 -3.818568e+00 2.195288e-01 1.091786e+00
1.140372e-02 1.915853e+00 -4.194009e-01 -3.843481e+00 2.584354e-01 1.041083e+00
1.146650e-02 1.900253e+00 -3.313701e-01 -3.870858e+00 3.406341e-01 9.398709e-01
1.152952e-02 1.880162e+00 -2.473999e-01 -3.884201e+00 3.944312e-01 8.954631e-01
1.159236e-02 1.863880e+00 -1.658002e-01 -3.885989e+00 4.569429e-01 8.368119e-01
1.165521e-02 1.854869e+00 -8.710434e-02 -3.889680e+00 5.267793e-01 7.843006e-01
1.171802e-02 1.841290e+00 -1.406573e-02 -3.857542e+00 6.120812e-01 6.991713e-01
1.178091e-02 1.838033e+00 6.120975e-02 -3.853369e+00 6.701881e-01 6.857449e-01
1.184377e-02 1.830362e+00 1.270651e-01 -3.817118e+00 7.459355e-01 6.389871e-01
1.190645e-02 1.829056e+00 1.969836e-01 -3.782540e+00 8.232114e-01 5.914429e-01
1.196918e-02 1.828240e+00 2.590754e-01 -3.739996e+00 8.997220e-01 5.605273e-01
1.203205e-02 1.825608e+00 3.184918e-01 -3.679718e+00 9.774392e-01 5.238266e-01
1.209494e-02 1.831509e+00 3.780932e-01 -3.638993e+00 1.049426e+00 5.156499e-01
1.215771e-02 1.831238e+00 4.307960e-01 -3.563682e+00 1.132341e+00 4.773224e-01
1.222054e-02 1.836396e+00 4.852767e-01 -3.508674e+00 1.191147e+00 4.980642e-01
1.228344e-02 1.843188e+00 5.335427e-01 -3.433538e+00 1.277383e+00 4.703003e-01
1.234640e-02 1.848969e+00 5.818844e-01 -3.355162e+00 1.350164e+00 4.635940e-01
1.240915e-02 1.858320e+00 6.268554e-01 -3.284175e+00 1.421253e+00 4.766871e-01
1.247184e-02 1.858575e+00 6.643516e-01 -3.188026e+00 1.476550e+00 4.934563e-01
1.253470e-02 1.873873e+00 7.086856e-01 -3.107647e+00 1.565212e+00 4.867222e-01
1.259754e-02 1.879299e+00 7.427371e-01 -3.013928e+00 1.626080e+00 5.078158e-01
1.266036e-02 1.886694e+00 7.760131e-01 -2.919824e+00 1.684647e+00 5.370172e-01
1.272320e-02 1.896341e+00 8.109711e-01 -2.826887e+00 1.744290e+00 5.654876e-01
1.278608e-02 1.905135e+00 8.377168e-01 -2.722088e+00 1.816804e+00 5.811129e-01
1.284892e-02 1.915660e+00 8.664846e-01 -2.627937e+00 1.872781e+00 6.248182e-01
1.291183e-02 1.921568e+00 8.900273e-01 -2.523202e+00 1.920291e+00 6.716781e-01
1.297477e-02 1.929218e+00 9.128874e-01 -2.415274e+00 1.974940e+00 7.087621e-01
1.303751e-02 1.939277e+00 9.347158e-01 -2.316323e+00 2.023064e+00 7.629138e-01
1.310022e-02 1.945815e+00 9.494911e-01 -2.201937e+00 2.082304e+00 7.944251e-01
1.316309e-02 1.954616e+00 9.703650e-01 -2.102075e+00 2.120292e+00 8.557079e-01
1.322594e-02 1.956941e+00 9.784949e-01 -1.987935e+00 2.155455e+00 9.226368e-01
1.328870e-02 1.968103e+00 9.953715e-01 -1.885536e+00 2.202665e+00 9.775729e-01
1.335152e-02 1.971935e+00 1.002924e+00 -1.776570e+00 2.236258e+00 1.044000e+00
1.341448e-02 1.976095e+00 1.010083e+00 -1.669504e+00 2.267650e+00 1.108018e+00
1.347734e-02 1.981110e+00 1.019438e+00 -1.561606e+00 2.297501e+00 1.177117e+00
1.354004e-02 1.982475e+00 1.019479e+00 -1.449696e+00 2.321117e+00 1.254414e+00
1.360289e-02 1.988443e+00 1.025530e+00 -1.342613e+00 2.359957e+00 1.303863e+00
1.366571e-02 1.987877e+00 1.022626e+00 -1.239898e+00 2.370027e+00 1.395007e+00
1.372857e-02 1.989914e+00 1.023982e+00 -1.131689e+00 2.393914e+00 1.459788e+00
1.379141e-02 1.991852e+00 1.022272e+00 -1.030609e+00 2.406494e+00 1.551056e+00
1.385412e-02 1.988024e+00 1.014609e+00 -9.279018e-01 2.414375e+00 1.626490e+00
1.391702e-02 1.990086e+00 1.012465e+00 -8.270596e-01 2.435059e+00 1.693463e+00
1.397990e-02 1.986921e+00 1.002657e+00 -7.226761e-01 2.438234e+00 1.783449e+00
1.404272e-02 1.983271e+00 9.941336e-01 -6.283728e-01 2.438016e+00 1.865969e+00
1.410560e-02 1.979612e+00 9.844794e-01 -5.271187e-01 2.444391e+00 1.942151e+00
1.416843e-02 1.975162e+00 9.729801e-01 -4.347922e-01 2.446375e+00 2.015826e+00
1.423121e-02 1.971414e+00 9.615149e-01 -3.443382e-01 2.443443e+00 2.099521e+00
1.429401e-02 1.960915e+00 9.443360e-01 -2.516492e-01 2.426690e+00 2.188190e+00
1.435689e-02 1.957281e+00 9.325671e-01 -1.626038e-01 2.427943e+00 2.261306e+00
1.441980e-02 1.947580e+00 9.136615e-01 -7.782147e-02 2.413710e+00 2.339538e+00
1.448261e-02 1.941527e+00 8.983661e-01 9.857224e-03 2.407188e+00 2.418086e+00
1.454538e-02 1.930072e+00 8.807132e-01 9.269146e-02 2.389443e+00 2.493969e+00
1.460822e-02 1.918528e+00 8.593230e-01 1.677114e-01 2.363389e+00 2.578835e+00
1.467115e-02 1.909101e+00 8.413141e-01 2.444838e-01 2.352267e+00 2.641231e+00
1.473401e-02 1.896842e+00 8.182478e-01 3.217821e-01 2.328829e+00 2.719761e+00
1.479676e-02 1.886082e+00 7.988090e-01 3.952465e-01 2.306355e+00 2.796738e+00
1.485961e-02 1.870293e+00 7.755869e-01 4.603150e-01 2.276008e+00 2.860876e+00
1.492239e-02 1.858451e+00 7.526060e-01 5.286917e-01 2.252027e+00 2.932530e+00
1.498506e-02 1.843322e+00 7.307905e-01 5.920307e-01 2.223910e+00 2.991625e+00
1.504789e-02 1.826820e+00 7.033044e-01 6.523612e-01 2.190215e+00 3.057744e+00
1.511078e-02 1.810701e+00 6.814420e-01 7.128412e-01 2.155847e+00 3.121326e+00
1.517364e-02 1.797207e+00 6.556065e-01 7.703108e-01 2.125878e+00 3.184649e+00
1.523654e-02 1.779822e+00 6.306187e-01 8.168933e-01 2.088781e+00 3.236619e+00
1.529942e-02 1.762823e+00 6.062492e-01 8.706214e-01 2.051886e+00 3.295936e+00
1.536235e-02 1.742824e+00 5.780177e-01 9.170401e-01 2.007996e+00 3.349569e+00
1.542517e-02 1.726297e+00 5.540582e-01 9.610653e-01 1.970652e+00 3.398271e+00
1.548789e-02 1.708508e+00 5.266629e-01 1.001193e+00 1.931572e+00 3.446252e+00
1.555076e-02 1.687940e+00 5.007888e-01 1.044232e+00 1.888975e+00 3.488711e+00
1.561359e-02 1.669416e+00 4.746388e-01 1.078219e+00 1.844369e+00 3.533589e+00
1.567632e-02 1.647282e+00 4.469014e-01 1.112142e+00 1.797129e+00 3.572311e+00
1.573917e-02 1.630084e+00 4.233096e-01 1.142431e+00 1.758901e+00 3.603199e+00
1.580208e-02 1.606713e+00 3.942477e-01 1.168770e+00 1.707563e+00 3.638622e+00
1.586491e-02 1.588191e+00 3.698809e-01 1.194816e+00 1.659909e+00 3.674521e+00
1.592764e-02 1.567406e+00 3.437091e-01 1.217027e+00 1.612078e+00 3.705502e+00
1.599049e-02 1.545167e+00 3.178912e-01 1.236702e+00 1.566771e+00 3.721441e+00
1.605344e-02 1.526803e+00 2.938365e-01 1.254481e+00 1.516489e+00 3.754337e+00
1.624590e-02 1.456675e+00 1.397534e-01 1.246260e+00 1.551332e+00 3.832823e+00
1.642530e-02 1.396877e+00 7.542281e-02 1.268588e+00 1.401787e+00 3.855856e+00
1.660477e-02 1.335169e+00 1.105636e-02 1.275078e+00 1.248557e+00 3.878822e+00
1.678430e-02 1.271669e+00 -4.131395e-02 1.246482e+00 1.095219e+00 3.833088e+00
1.696359e-02 1.207394e+00 -9.476363e-02 1.206233e+00 9.502114e-01 3.784026e+00
1.714294e-02 1.146723e+00 -1.417208e-01 1.169404e+00 8.024260e-01 3.736321e+00
1.732202e-02 1.084777e+00 -1.838263e-01 1.103078e+00 6.566821e-01 3.653237e+00
1.750141e-02 1.027990e+00 -2.161517e-01 1.023067e+00 5.273997e-01 3.555754e+00
1.768181e-02 9.702451e-01 -2.483267e-01 9.548013e-01 3.909872e-01 3.454685e+00
1.786131e-02 9.171525e-01 -2.738360e-01 8.580693e-01 2.723451e-01 3.345262e+00
1.804025e-02 8.634898e-01 -2.928108e-01 7.669115e-01 1.535302e-01 3.215891e+00
1.822032e-02 8.093926e-01 -3.042876e-01 6.663797e-01 5.511363e-02 3.060939e+00
1.839987e-02 7.630742e-01 -3.141371e-01 5.631294e-01 -4.253568e-02 2.924117e+00
1.857923e-02 7.165971e-01 -3.188987e-01 4.663869e-01 -1.295295e-01 2.774845e+00
1.875889e-02 6.697770e-01 -3.177878e-01 3.597733e-01 -2.004048e-01 2.611110e+00
1.893827e-02 6.293111e-01 -3.132395e-01 2.662862e-01 -2.683423e-01 2.456085e+00
1.911768e-02 5.905004e-01 -3.054103e-01 1.618504e-01 -3.211695e-01 2.296598e+00
1.929737e-02 5.533840e-01 -2.948282e-01 7.174807e-02 -3.666122e-01 2.138034e+00
1.947670e-02 5.174225e-01 -2.795904e-01 -1.629235e-02 -3.984371e-01 1.975352e+00
1.965601e-02 4.844379e-01 -2.627350e-01 -1.012655e-01 -4.206744e-01 1.815986e+00
1.983541e-02 4.553528e-01 -2.436016e-01 -1.775897e-01 -4.371599e-01 1.663938e+00
2.001489e-02 4.269356e-01 -2.254223e-01 -2.479843e-01 -4.439819e-01 1.522222e+00
2.019468e-02 4.008641e-01 -2.016492e-01 -3.120378e-01 -4.395918e-01 1.372990e+00
2.037444e-02 3.770323e-01 -1.794156e-01 -3.672034e-01 -4.294037e-01 1.238816e+00
2.055417e-02 3.553365e-01 -1.566658e-01 -4.164322e-01 -4.127202e-01 1.110377e+00
2.073390e-02 3.358376e-01 -1.331041e-01 -4.558747e-01 -3.916194e-01 9.898716e-01
2.091338e-02 3.176401e-01 -1.092283e-01 -4.893551e-01 -3.600373e-01 8.794701e-01
2.109302e-02 3.018400e-01 -8.630057e-02 -5.143760e-01 -3.293811e-01 7.755956e-01
2.127237e-02 2.868084e-01 -6.438010e-02 -5.309304e-01 -2.918496e-01 6.833844e-01
2.145116e-02 2.751307e-01 -4.192761e-02 -5.440574e-01 -2.542386e-01 6.026506e-01
2.163077e-02 2.628289e-01 -2.092923e-02 -5.448117e-01 -2.116666e-01 5.266247e-01
2.181049e-02 2.540037e-01 -1.399236e-03 -5.442122e-01 -1.681118e-01 4.663293e-01
2.198999e-02 2.456021e-01 1.827530e-02 -5.354591e-01 -1.264833e-01 4.127413e-01
2.216980e-02 2.386914e-01 3.462798e-02 -5.224007e-01 -8.323853e-02 3.721768e-01
2.234970e-02 2.320941e-01 5.133776e-02 -5.027415e-01 -3.997394e-02 3.358763e-01
2.252980e-02 2.274642e-01 6.587189e-02 -4.793001e-01 1.198980e-03 3.130302e-01
2.270853e-02 2.236578e-01 7.837554e-02 -4.524698e-01 4.077526e-02 2.974316e-01
2.288717e-02 2.194593e-01 9.015708e-02 -4.213266e-01 7.658735e-02 2.892451e-01
2.306686e-02 2.178756e-01 9.923440e-02 -3.891030e-01 1.129882e-01 2.912220e-01
2.324649e-02 2.151346e-01 1.079858e-01 -3.527631e-01 1.438017e-01 2.967166e-01
2.342617e-02 2.141185e-01 1.144877e-01 -3.161376e-01 1.735536e-01 3.106695e-01
2.360560e-02 2.126878e-01 1.191827e-01 -2.777149e-01 1.970331e-01 3.297662e-01
2.378549e-02 2.116807e-01 1.234695e-01 -2.374441e-01 2.204290e-01 3.522012e-01
2.396571e-02 2.115371e-01 1.245469e-01 -1.995322e-01 2.389886e-01 3.803617e-01
2.414482e-02 2.105525e-01 1.257623e-01 -1.590071e-01 2.531555e-01 4.098129e-01
2.432376e-02 2.102345e-01 1.240367e-01 -1.215687e-01 2.647048e-01 4.426434e-01
2.450343e-02 2.095539e-01 1.226377e-01 -8.321104e-02 2.727393e-01 4.766729e-01
2.468304e-02 2.093408e-01 1.192206e-01 -4.737630e-02 2.773968e-01 5.116013e-01
2.486245e-02 2.084297e-01 1.145841e-01 -1.326683e-02 2.787315e-01 5.465375e-01
2.504187e-02 2.071678e-01 1.093847e-01 2.046221e-02 2.759511e-01 5.801639e-01
2.522156e-02 2.066097e-01 1.027242e-01 4.924105e-02 2.722417e-01 6.144374e-01
2.540110e-02 2.051356e-01 9.606716e-02 7.902877e-02 2.651882e-01 6.458028e-01
2.558029e-02 2.035361e-01 8.818366e-02 1.031946e-01 2.548866e-01 6.749090e-01
2.575992e-02 2.014392e-01 7.977481e-02 1.262874e-01 2.439646e-01 7.002944e-01
2.593954e-02 1.994107e-01 7.141795e-02 1.479126e-01 2.295252e-01 7.261145e-01
2.611933e-02 1.970324e-01 6.220569e-02 1.626159e-01 2.143721e-01 7.451031e-01
2.629913e-02 1.939766e-01 5.294140e-02 1.790123e-01 1.972194e-01 7.625371e-01
2.647853e-02 1.909830e-01 4.360612e-02 1.889078e-01 1.800922e-01 7.748067e-01
2.665812e-02 1.874324e-01 3.453034e-02 1.986944e-01 1.613916e-01 7.842663e-01
2.683805e-02 1.837145e-01 2.539450e-02 2.051001e-01 1.419848e-01 7.902479e-01
2.701719e-02 1.799097e-01 1.639118e-02 2.060976e-01 1.223214e-01 7.910976e-01
2.719620e-02 1.752087e-01 7.599209e-03 2.095245e-01 1.024810e-01 7.890304e-01
2.737553e-02 1.709647e-01 -4.210757e-04 2.051688e-01 8.339549e-02 7.821352e-01
2.755538e-02 1.661394e-01 -8.369907e-03 2.024845e-01 6.366164e-02 7.734344e-01
2.773538e-02 1.611395e-01 -1.563824e-02 1.956810e-01 4.515540e-02 7.597369e-01
2.791455e-02 1.561273e-01 -2.237508e-02 1.873776e-01 2.740522e-02 7.436140e-01
2.809381e-02 1.504729e-01 -2.853802e-02 1.781884e-01 9.950739e-03 7.238697e-01
2.827308e-02 1.456204e-01 -3.393768e-02 1.648830e-01 -5.593343e-03 7.023245e-01
2.845277e-02 1.398342e-01 -3.889511e-02 1.537533e-01 -2.090951e-02 6.783297e-01
2.863250e-02 1.343429e-01 -4.301218e-02 1.382056e-01 -3.448182e-02 6.506474e-01
2.881166e-02 1.287712e-01 -4.634465e-02 1.231787e-01 -4.684904e-02 6.224210e-01
2.899137e-02 1.233087e-01 -4.941125e-02 1.091473e-01 -5.750742e-02 5.939255e-01
2.917126e-02 1.177725e-01 -5.118800e-02 9.068832e-02 -6.684200e-02 5.612441e-01
2.935071e-02 1.121760e-01 -5.286098e-02 7.548189e-02 -7.519815e-02 5.301966e-01
2.953030e-02 1.070916e-01 -5.346532e-02 5.779854e-02 -8.118745e-02 4.970916e-01
2.970997e-02 1.016841e-01 -5.350894e-02 4.159193e-02 -8.602139e-02 4.642838e-01
2.988940e-02 9.669046e-02 -5.322803e-02 2.537314e-02 -8.961939e-02 4.318580e-01
3.006874e-02 9.179888e-02 -5.204487e-02 9.108319e-03 -9.145974e-02 3.989301e-01
3.024815e-02 8.681885e-02 -5.047244e-02 -5.510566e-03 -9.219003e-02 3.670408e-01
3.042767e-02 8.274705e-02 -4.833202e-02 -2.132673e-02 -9.096211e-02 3.359054e-01
3.060744e-02 7.820871e-02 -4.602723e-02 -3.430929e-02 -8.933307e-02 3.062007e-01
3.078708e-02 7.423581e-02 -4.289532e-02 -4.749333e-02 -8.597045e-02 2.768890e-01
3.096646e-02 7.046675e-02 -3.969411e-02 -5.929256e-02 -8.176422e-02 2.497744e-01
3.114600e-02 6.686789e-02 -3.628787e-02 -6.944119e-02 -7.681946e-02 2.244119e-01
3.132546e-02 6.386900e-02 -3.250064e-02 -7.938907e-02 -7.047152e-02 2.005447e-01
3.150520e-02 6.071829e-02 -2.848083e-02 -8.732352e-02 -6.386118e-02 1.785560e-01
3.168484e-02 5.821212e-02 -2.437535e-02 -9.455657e-02 -5.653475e-02 1.586929e-01
3.186375e-02 5.577172e-02 -2.024037e-02 -1.001087e-01 -4.867013e-02 1.410597e-01
3.204302e-02 5.361620e-02 -1.607336e-02 -1.040897e-01 -4.034968e-02 1.252068e-01
3.222277e-02 5.200453e-02 -1.181098e-02 -1.076946e-01 -3.186714e-02 1.121960e-01
3.240259e-02 5.021810e-02 -7.728870e-03 -1.090555e-01 -2.337678e-02 1.006862e-01
3.258186e-02 4.917491e-02 -3.689177e-03 -1.101573e-01 -1.469533e-02 9.192676e-02
3.276123e-02 4.807788e-02 2.121038e-04 -1.093624e-01 -5.979679e-03 8.489189e-02
3.294133e-02 4.737250e-02 3.964130e-03 -1.078538e-01 2.442460e-03 8.021720e-02
3.312088e-02 4.680296e-02 7.436743e-03 -1.052621e-01 1.050721e-02 7.730832e-02
3.330035e-02 4.643462e-02 1.072988e-02 -1.014700e-01 1.823936e-02 7.652026e-02
3.347992e-02 4.648321e-02 1.376552e-02 -9.749050e-02 2.565232e-02 7.751240e-02
3.365971e-02 4.633385e-02 1.649698e-02 -9.165263e-02 3.254471e-02 7.964496e-02
3.383927e-02 4.674721e-02 1.894009e-02 -8.623032e-02 3.874949e-02 8.422351e-02
3.401835e-02 4.692582e-02 2.105859e-02 -7.940042e-02 4.441338e-02 8.915453e-02
3.419757e-02 4.744836e-02 2.290996e-02 -7.254380e-02 4.945863e-02 9.594485e-02
3.437723e-02 4.802496e-02 2.440783e-02 -6.523303e-02 5.372684e-02 1.035463e-01
3.455683e-02 4.857393e-02 2.562329e-02 -5.730034e-02 5.756839e-02 1.118896e-01
3.473619e-02 4.933939e-02 2.643010e-02 -4.974104e-02 6.025104e-02 1.212874e-01
3.491584e-02 4.998070e-02 2.701449e-02 -4.164796e-02 6.253043e-02 1.308622e-01
3.509556e-02 5.067862e-02 2.722346e-02 -3.354029e-02 6.399218e-02 1.408754e-01
3.527533e-02 5.130454e-02 2.712887e-02 -2.562743e-02 6.461846e-02 1.509981e-01
3.545456e-02 5.194880e-02 2.689100e-02 -1.768048e-02 6.509575e-02 1.611514e-01
3.563370e-02 5.253165e-02 2.613039e-02 -1.068546e-02 6.383769e-02 1.712011e-01
3.581332e-02 5.306236e-02 2.535296e-02 -2.932817e-03 6.316384e-02 1.811390e-01
3.599287e-02 5.345685e-02 2.412073e-02 3.630149e-03 6.107087e-02 1.903335e-01
3.617240e-02 5.378671e-02 2.281340e-02 9.922363e-03 5.866186e-02 1.990727e-01
3.635196e-02 5.387226e-02 2.131823e-02 1.612768e-02 5.592342e-02 2.067503e-01
3.653161e-02 5.409750e-02 1.953943e-02 2.133850e-02 5.251556e-02 2.145819e-01
3.671117e-02 5.406048e-02 1.775239e-02 2.640886e-02 4.895335e-02 2.210589e-01
3.689084e-02 5.384119e-02 1.568061e-02 3.036952e-02 4.474628e-02 2.262894e-01
3.707056e-02 5.357039e-02 1.362239e-02 3.397138e-02 4.042752e-02 2.309411e-01
3.724984e-02 5.309875e-02 1.146249e-02 3.705907e-02 3.590158e-02 2.341822e-01
3.742914e-02 5.268888e-02 9.217110e-03 3.915442e-02 3.115375e-02 2.371480e-01
3.760871e-02 5.182361e-02 6.991904e-03 4.103557e-02 2.626346e-02 2.377346e-01
3.778826e-02 5.117260e-02 4.778590e-03 4.171772e-02 2.147496e-02 2.383684e-01
3.796764e-02 5.021594e-02 2.532369e-03 4.243956e-02 1.654018e-02 2.376091e-01
3.814709e-02 4.927926e-02 3.753212e-04 4.204106e-02 1.167936e-02 2.358647e-01
3.832696e-02 4.806894e-02 -1.697218e-03 4.101279e-02 6.866754e-03 2.324220e-01
3.850665e-02 4.687203e-02 -3.708806e-03 3.988011e-02 2.225355e-03 2.286972e-01
3.868582e-02 4.572073e-02 -5.530009e-03 3.782380e-02 -2.105574e-03 2.242513e-01
3.886530e-02 4.430995e-02 -7.340946e-03 3.554964e-02 -6.412112e-03 2.184501e-01
3.904481e-02 4.293255e-02 -8.891308e-03 3.254711e-02 -1.028028e-02 2.119230e-01
3.922441e-02 4.149686e-02 -1.033070e-02 2.935607e-02 -1.400030e-02 2.048797e-01
3.940396e-02 4.012915e-02 -1.162703e-02 2.599788e-02 -1.739427e-02 1.977035e-01
3.958316e-02 3.856473e-02 -1.264186e-02 2.175121e-02 -2.031211e-02 1.888329e-01
3.976287e-02 3.707434e-02 -1.355087e-02 1.786990e-02 -2.301961e-02 1.803517e-01
3.994250e-02 3.564678e-02 -1.426640e-02 1.348610e-02 -2.531641e-02 1.715821e-01
4.012200e-02 3.415728e-02 -1.472722e-02 9.096959e-03 -2.718993e-02 1.622482e-01
4.030171e-02 3.267312e-02 -1.503650e-02 4.642847e-03 -2.869432e-02 1.527554e-01
4.048123e-02 3.127696e-02 -1.515465e-02 6.647531e-05 -2.982304e-02 1.433928e-01
4.066058e-02 2.989341e-02 -1.506138e-02 -4.360457e-03 -3.057322e-02 1.340827e-01
4.084001e-02 2.853487e-02 -1.477878e-02 -8.817571e-03 -3.080154e-02 1.244667e-01
4.101966e-02 2.723859e-02 -1.437058e-02 -1.291613e-02 -3.087784e-02 1.155398e-01
4.119937e-02 2.599279e-02 -1.374524e-02 -1.710769e-02 -3.032874e-02 1.063842e-01
4.137874e-02 2.485290e-02 -1.305844e-02 -2.085997e-02 -2.969202e-02 9.809386e-02
4.155813e-02 2.371881e-02 -1.213991e-02 -2.442353e-02 -2.857237e-02 8.978456e-02
4.173777e-02 2.269186e-02 -1.114352e-02 -2.776951e-02 -2.712998e-02 8.201827e-02
4.191752e-02 2.171360e-02 -1.003528e-02 -3.067677e-02 -2.544686e-02 7.474982e-02
4.209699e-02 2.085576e-02 -8.851976e-03 -3.336104e-02 -2.349998e-02 6.804690e-02
4.227635e-02 2.001276e-02 -7.609866e-03 -3.551441e-02 -2.140937e-02 6.197476e-02
4.245594e-02 1.927267e-02 -6.270923e-03 -3.733431e-02 -1.896181e-02 5.634221e-02
4.263530e-02 1.862137e-02 -4.946807e-03 -3.884790e-02 -1.646484e-02 5.145786e-02
4.281442e-02 1.803424e-02 -3.558319e-03 -3.979255e-02 -1.374746e-02 4.716581e-02
4.299392e-02 1.756947e-02 -2.199911e-03 -4.059171e-02 -1.101399e-02 4.367640e-02
4.317364e-02 1.708752e-02 -8.642732e-04 -4.069593e-02 -8.200212e-03 4.059202e-02
4.335324e-02 1.677687e-02 4.680237e-04 -4.068915e-02 -5.334633e-03 3.839372e-02
4.353285e-02 1.649860e-02 1.764287e-03 -4.016053e-02 -2.410024e-03 3.671870e-02
4.371256e-02 1.626841e-02 2.970539e-03 -3.926398e-02 3.828072e-04 3.569582e-02
4.389237e-02 1.612506e-02 4.097320e-03 -3.810160e-02 3.149486e-03 3.526197e-02
4.407181e-02 1.603854e-02 5.182117e-03 -3.654265e-02 5.838878e-03 3.540743e-02
4.425100e-02 1.605112e-02 6.146543e-03 -3.487548e-02 8.381915e-03 3.621486e-02
4.443069e-02 1.605693e-02 7.037409e-03 -3.271074e-02 1.081026e-02 3.735104e-02
4.461032e-02 1.613225e-02 7.793501e-03 -3.051856e-02 1.298747e-02 3.905781e-02
4.478953e-02 1.627883e-02 8.436481e-03 -2.806335e-02 1.505669e-02 4.117276e-02
4.496901e-02 1.642305e-02 9.006750e-03 -2.538048e-02 1.691853e-02 4.362850e-02
4.514874e-02 1.665923e-02 9.390229e-03 -2.276895e-02 1.847013e-02 4.651349e-02
4.532821e-02 1.685874e-02 9.728789e-03 -1.985200e-02 1.987824e-02 4.952851e-02
4.550745e-02 1.713022e-02 9.908117e-03 -1.706309e-02 2.095871e-02 5.286743e-02
4.568707e-02 1.739762e-02 9.981186e-03 -1.412688e-02 2.184333e-02 5.631952e-02
4.586694e-02 1.768395e-02 9.971543e-03 -1.122617e-02 2.250414e-02 5.995186e-02
4.617836e-02 1.824422e-02 9.069875e-03 -6.589972e-03 2.468883e-02 6.658363e-02
4.680927e-02 1.906282e-02 7.562108e-03 2.082145e-03 2.317186e-02 7.844361e-02
4.743756e-02 1.965857e-02 5.313809e-03 8.870239e-03 1.932812e-02 8.801370e-02
4.806661e-02 1.983669e-02 2.531054e-03 1.283892e-02 1.361570e-02 9.437899e-02
4.869280e-02 1.945120e-02 -2.747381e-04 1.334766e-02 6.962714e-03 9.545343e-02
4.931779e-02 1.826590e-02 -2.772162e-03 1.161404e-02 4.340044e-04 9.107799e-02
4.994581e-02 1.690574e-02 -4.724561e-03 7.839938e-03 -5.114594e-03 8.373616e-02
5.057480e-02 1.502296e-02 -5.913310e-03 2.329287e-03 -9.325066e-03 7.233746e-02
5.120302e-02 1.317635e-02 -6.258771e-03 -3.793952e-03 -1.162773e-02 5.973250e-02
5.183209e-02 1.125891e-02 -5.685606e-03 -9.541264e-03 -1.168681e-02 4.640075e-02
5.246116e-02 9.690916e-03 -4.479840e-03 -1.436930e-02 -1.013664e-02 3.484213e-02
5.308896e-02 8.509516e-03 -2.755318e-03 -1.765446e-02 -7.121351e-03 2.576744e-02
5.371721e-02 7.759995e-03 -8.186626e-04 -1.902617e-02 -3.158522e-03 1.999240e-02
5.434780e-02 7.469111e-03 1.112621e-03 -1.845567e-02 1.087879e-03 1.766793e-02
5.497604e-02 7.556426e-03 2.749883e-03 -1.608447e-02 5.058636e-03 1.875974e-02
5.560013e-02 7.962327e-03 3.969056e-03 -1.239848e-02 8.271219e-03 2.258300e-02
5.622954e-02 8.478168e-03 4.580098e-03 -7.768193e-03 1.032965e-02 2.816506e-02
5.686173e-02 9.066017e-03 4.620362e-03 -3.049485e-03 1.102487e-02 3.464393e-02
5.748940e-02 9.519229e-03 4.083221e-03 1.458026e-03 1.034885e-02 4.084753e-02
5.811669e-02 9.836400e-03 3.094064e-03 5.021778e-03 8.583146e-03 4.599077e-02
5.874554e-02 9.777759e-03 1.781144e-03 7.438042e-03 5.913086e-03 4.879419e-02
5.937282e-02 9.565998e-03 3.668678e-04 8.274660e-03 2.705008e-03 4.974133e-02
6.000021e-02 9.066182e-03 -9.684218e-04 7.884943e-03 -4.704371e-04 4.820527e-02
6.062750e-02 8.350358e-03 -2.074026e-03 6.194780e-03 -3.296730e-03 4.443954e-02
6.125597e-02 7.514049e-03 -2.836542e-03 3.547852e-03 -5.429093e-03 3.907294e-02
6.188682e-02 6.619128e-03 -3.201925e-03 5.441817e-04 -6.719197e-03 3.280322e-02
6.251462e-02 5.754708e-03 -3.102222e-03 -2.715312e-03 -6.949446e-03 2.615384e-02
6.314049e-02 4.958854e-03 -2.644799e-03 -5.473477e-03 -6.243746e-03 1.993556e-02
6.377015e-02 4.337806e-03 -1.912098e-03 -7.627603e-03 -4.786698e-03 1.483330e-02
6.439971e-02 3.911497e-03 -1.002553e-03 -8.951290e-03 -2.802229e-03 1.119739e-02
6.502803e-02 3.672496e-03 -6.556506e-05 -9.280420e-03 -6.234105e-04 9.269351e-03
6.565852e-02 3.621595e-03 7.832179e-04 -8.660075e-03 1.485718e-03 9.000537e-03
6.628652e-02 3.742360e-03 1.448928e-03 -7.358566e-03 3.242391e-03 1.023756e-02
6.691319e-02 3.962840e-03 1.856497e-03 -5.556634e-03 4.399088e-03 1.251581e-02
6.754195e-02 4.235195e-03 1.994387e-03 -3.475662e-03 4.952468e-03 1.541559e-02
6.816923e-02 4.482507e-03 1.850789e-03 -1.487206e-03 4.780699e-03 1.834281e-02
6.879707e-02 4.652501e-03 1.458111e-03 1.444845e-04 4.030390e-03 2.072971e-02
6.942589e-02 4.747275e-03 9.236445e-04 1.309848e-03 2.860162e-03 2.249729e-02
7.005350e-02 4.696088e-03 2.867323e-04 1.841738e-03 1.415647e-03 2.310697e-02
7.068149e-02 4.505882e-03 -3.328363e-04 1.741899e-03 -4.193392e-05 2.249373e-02
7.131092e-02 4.223999e-03 -8.554425e-04 1.034577e-03 -1.356596e-03 2.093418e-02
7.194060e-02 3.865319e-03 -1.220880e-03 -8.026351e-05 -2.344074e-03 1.857479e-02
7.256947e-02 3.464939e-03 -1.386787e-03 -1.432917e-03 -2.897543e-03 1.573230e-02
7.319738e-02 3.051784e-03 -1.327655e-03 -2.834727e-03 -2.951639e-03 1.268029e-02
7.382604e-02 2.696959e-03 -1.097500e-03 -4.033471e-03 -2.575769e-03 9.980239e-03
7.445392e-02 2.417758e-03 -7.088244e-04 -4.919767e-03 -1.802875e-03 7.806237e-03
7.507965e-02 2.230584e-03 -2.376558e-04 -5.338806e-03 -7.951138e-04 6.406315e-03
7.570782e-02 2.137604e-03 2.441217e-04 -5.232053e-03 3.261162e-04 5.832909e-03
7.633697e-02 2.165279e-03 6.827903e-04 -4.705392e-03 1.394044e-03 6.198791e-03
7.696614e-02 2.266439e-03 1.013321e-03 -3.752175e-03 2.272228e-03 7.259815e-03
7.759521e-02 2.427101e-03 1.192884e-03 -2.579985e-03 2.825926e-03 8.864883e-03
7.822404e-02 2.613241e-03 1.217931e-03 -1.278755e-03 3.038471e-03 1.074244e-02
7.885455e-02 2.783540e-03 1.074093e-03 -7.768856e-05 2.851377e-03 1.253835e-02
7.948034e-02 2.919033e-03 8.106294e-04 9.110246e-04 2.352885e-03 1.407457e-02
8.010544e-02 2.973657e-03 4.508931e-04 1.562592e-03 1.576553e-03 1.502570e-02
8.073519e-02 2.960514e-03 4.976224e-05 1.810462e-03 6.752763e-04 1.534750e-02
8.136420e-02 2.855316e-03 -3.400415e-04 1.703084e-03 -2.641211e-04 1.497216e-02
8.199246e-02 2.680778e-03 -6.680201e-04 1.186492e-03 -1.092655e-03 1.392545e-02
8.262013e-02 2.436883e-03 -8.960221e-04 4.056466e-04 -1.723783e-03 1.228277e-02
8.325004e-02 2.175828e-03 -1.006458e-03 -5.235028e-04 -2.093076e-03 1.040570e-02
8.388076e-02 1.909135e-03 -9.809390e-04 -1.508304e-03 -2.141077e-03 8.369994e-03
8.450772e-02 1.676356e-03 -8.386311e-04 -2.387205e-03 -1.910219e-03 6.520604e-03
8.513407e-02 1.494619e-03 -5.935111e-04 -3.065686e-03 -1.419191e-03 4.994447e-03
8.576290e-02 1.374709e-03 -2.876505e-04 -3.452792e-03 -7.610505e-04 3.954013e-03
8.639170e-02 1.332911e-03 4.509618e-05 -3.533682e-03 -1.766547e-05 3.511395e-03
8.701933e-02 1.346941e-03 3.596850e-04 -3.272827e-03 7.062286e-04 3.615598e-03
8.764729e-02 1.418799e-03 6.155613e-04 -2.742811e-03 1.322975e-03 4.242888e-03
8.827546e-02 1.526824e-03 7.866170e-04 -2.019019e-03 1.750405e-03 5.253387e-03
8.890360e-02 1.643674e-03 8.497613e-04 -1.176569e-03 1.967541e-03 6.465638e-03
8.953185e-02 1.754901e-03 8.046548e-04 -3.432617e-04 1.925031e-03 7.693624e-03
9.016049e-02 1.838660e-03 6.642132e-04 3.878359e-04 1.676105e-03 8.763791e-03
9.078921e-02 1.894720e-03 4.512301e-04 9.372963e-04 1.238358e-03 9.596855e-03
9.141859e-02 1.895943e-03 1.938784e-04 1.214483e-03 6.802570e-04 9.959375e-03
9.204760e-02 1.850004e-03 -7.301220e-05 1.247923e-03 8.434494e-05 9.904387e-03
9.267535e-02 1.761632e-03 -3.087729e-04 1.010391e-03 -4.756009e-04 9.416421e-03
9.330406e-02 1.632690e-03 -4.946631e-04 5.917633e-04 -9.349776e-04 8.547976e-03
9.393390e-02 1.483896e-03 -6.038910e-04 1.595625e-05 -1.240700e-03 7.431942e-03
9.456102e-02 1.323542e-03 -6.297582e-04 -6.160102e-04 -1.358038e-03 6.176379e-03
9.518740e-02 1.171080e-03 -5.776064e-04 -1.210097e-03 -1.295925e-03 4.951600e-03
9.581568e-02 1.044959e-03 -4.564377e-04 -1.728363e-03 -1.069207e-03 3.890890e-03
9.644552e-02 9.426527e-04 -2.883081e-04 -2.065920e-03 -7.173719e-04 3.060240e-03
9.707482e-02 8.831408e-04 -9.439153e-05 -2.226541e-03 -2.934468e-04 2.572853e-03
9.770146e-02 8.643776e-04 9.550549e-05 -2.189844e-03 1.351453e-04 2.433604e-03
9.832882e-02 8.765749e-04 2.566635e-04 -1.969551e-03 5.148985e-04 2.604604e-03
9.895640e-02 9.233143e-04 3.727674e-04 -1.629329e-03 8.043409e-04 3.058923e-03
9.958504e-02 9.777845e-04 4.304559e-04 -1.184693e-03 9.637817e-04 3.654728e-03
1.002139e-01 1.040237e-03 4.224353e-04 -7.394973e-04 9.829053e-04 4.314253e-03
1.008411e-01 1.090710e-03 3.608495e-04 -3.234416e-04 8.759983e-04 4.913850e-03
1.014708e-01 1.128294e-03 2.510524e-04 2.909122e-06 6.502334e-04 5.392753e-03
1.021003e-01 1.137859e-03 1.140465e-04 1.800319e-04 3.526023e-04 5.635218e-03
1.027279e-01 1.118473e-03 -3.098151e-05 2.327646e-04 2.385172e-05 5.636819e-03
1.033572e-01 1.072800e-03 -1.615907e-04 1.194632e-04 -2.874846e-04 5.379266e-03
1.039858e-01 1.004678e-03 -2.663972e-04 -8.583987e-05 -5.440847e-04 4.924544e-03
1.046130e-01 9.210194e-04 -3.271230e-04 -3.894596e-04 -7.084115e-04 4.306699e-03
1.052407e-01 8.312711e-04 -3.403590e-04 -7.266753e-04 -7.677210e-04 3.615293e-03
1.058684e-01 7.459313e-04 -3.070349e-04 -1.041747e-03 -7.178660e-04 2.934906e-03
1.064969e-01 6.757673e-04 -2.324785e-04 -1.310044e-03 -5.684024e-04 2.360566e-03
1.071273e-01 6.229405e-04 -1.303031e-04 -1.477759e-03 -3.517294e-04 1.929503e-03
1.077558e-01 5.947942e-04 -1.342803e-05 -1.534064e-03 -9.136938e-05 1.706770e-03
1.083828e-01 5.913255e-04 1.003253e-04 -1.472923e-03 1.692042e-04 1.693595e-03
1.090114e-01 6.083899e-04 1.956202e-04 -1.306498e-03 3.982169e-04 1.876215e-03
1.096397e-01 6.434209e-04 2.608588e-04 -1.061127e-03 5.658562e-04 2.217511e-03
1.102684e-01 6.847399e-04 2.880445e-04 -7.645463e-04 6.507640e-04 2.642470e-03
1.108970e-01 7.291686e-04 2.741728e-04 -4.731234e-04 6.443851e-04 3.095455e-03
1.115233e-01 7.662588e-04 2.259511e-04 -2.119493e-04 5.548446e-04 3.498285e-03
1.121508e-01 7.893221e-04 1.482144e-04 -6.767834e-06 3.956970e-04 3.800488e-03
1.127798e-01 7.936388e-04 5.369118e-05 9.642671e-05 1.866536e-04 3.936804e-03
1.134097e-01 7.786777e-04 -4.452254e-05 1.131699e-04 -3.751018e-05 3.916199e-03
1.140373e-01 7.461862e-04 -1.317798e-04 1.564119e-05 -2.498672e-04 3.719114e-03
1.146647e-01 6.954056e-04 -1.992252e-04 -1.392454e-04 -4.152893e-04 3.380363e-03
1.152948e-01 6.367955e-04 -2.365560e-04 -3.566561e-04 -5.223008e-04 2.946720e-03
1.159235e-01 5.756775e-04 -2.403682e-04 -5.966486e-04 -5.497451e-04 2.468534e-03
1.165517e-01 5.168604e-04 -2.118104e-04 -8.158424e-04 -5.011118e-04 2.003370e-03
1.171799e-01 4.716878e-04 -1.540162e-04 -9.983622e-04 -3.819222e-04 1.624462e-03
1.178092e-01 4.378763e-04 -7.741118e-05 -1.103515e-03 -2.105289e-04 1.347259e-03
1.184382e-01 4.249622e-04 8.634862e-06 -1.133352e-03 -1.262518e-05 1.230465e-03
1.190649e-01 4.284794e-04 9.249764e-05 -1.072039e-03 1.862528e-04 1.259749e-03
1.196918e-01 4.476633e-04 1.624802e-04 -9.346682e-04 3.595219e-04 1.432105e-03
1.203206e-01 4.795986e-04 2.110263e-04 -7.390497e-04 4.853087e-04 1.718866e-03
1.209492e-01 5.173004e-04 2.322956e-04 -5.078238e-04 5.505348e-04 2.070488e-03
1.215770e-01 5.563969e-04 2.236104e-04 -2.776922e-04 5.439918e-04 2.444340e-03
1.222060e-01 5.876130e-04 1.874627e-04 -6.614206e-05 4.689923e-04 2.775774e-03
1.228351e-01 6.098712e-04 1.295939e-04 9.552199e-05 3.411389e-04 3.030136e-03
1.234639e-01 6.175334e-04 5.812775e-05 1.897325e-04 1.768630e-04 3.170239e-03
1.240910e-01 6.083225e-04 -1.835781e-05 2.082723e-04 -6.622361e-06 3.170350e-03
1.247182e-01 5.848637e-04 -8.813819e-05 1.489670e-04 -1.796173e-04 3.034276e-03
1.253470e-01 5.491429e-04 -1.453540e-04 3.383386e-05 -3.254955e-04 2.789213e-03
1.259754e-01 5.046642e-04 -1.803173e-04 -1.323884e-04 -4.235941e-04 2.453403e-03
1.266036e-01 4.557519e-04 -1.908981e-04 -3.201155e-04 -4.640523e-04 2.066493e-03
1.272319e-01 4.092126e-04 -1.763783e-04 -5.026338e-04 -4.451255e-04 1.683855e-03
1.278607e-01 3.701855e-04 -1.394137e-04 -6.609657e-04 -3.727285e-04 1.349635e-03
1.284890e-01 3.403158e-04 -8.507910e-05 -7.702890e-04 -2.548543e-04 1.091665e-03
1.291182e-01 3.232780e-04 -2.072265e-05 -8.200530e-04 -1.113487e-04 9.420278e-04
1.297470e-01 3.182374e-04 4.507071e-05 -8.020741e-04 3.915307e-05 9.057198e-04
1.303744e-01 3.243415e-04 1.038454e-04 -7.240379e-04 1.775698e-04 9.830915e-04
1.310022e-01 3.401942e-04 1.488431e-04 -5.962201e-04 2.865258e-04 1.153996e-03
1.316312e-01 3.591500e-04 1.738555e-04 -4.314398e-04 3.531689e-04 1.381633e-03
1.322597e-01 3.809758e-04 1.767553e-04 -2.593672e-04 3.703409e-04 1.641171e-03
1.328871e-01 3.998880e-04 1.585783e-04 -9.120425e-05 3.397708e-04 1.888631e-03
1.335151e-01 4.140807e-04 1.211728e-04 4.209084e-05 2.660252e-04 2.091402e-03
1.341448e-01 4.182922e-04 7.108369e-05 1.325214e-04 1.597839e-04 2.210842e-03
1.347734e-01 4.151870e-04 1.466441e-05 1.707844e-04 3.688529e-05 2.250492e-03
1.354003e-01 4.033861e-04 -3.977513e-05 1.466618e-04 -8.620394e-05 2.194430e-03
1.360284e-01 3.822026e-04 -8.656827e-05 8.311523e-05 -1.938505e-04 2.051685e-03
1.366568e-01 3.557062e-04 -1.190755e-04 -3.103307e-05 -2.731433e-04 1.837239e-03
1.372858e-01 3.243308e-04 -1.345408e-04 -1.607376e-04 -3.145865e-04 1.578966e-03
1.379142e-01 2.939144e-04 -1.323840e-04 -2.979606e-04 -3.163200e-04 1.312414e-03
1.385416e-01 2.648485e-04 -1.132823e-04 -4.205269e-04 -2.782288e-04 1.059315e-03
1.391708e-01 2.405198e-04 -8.120642e-05 -5.148751e-04 -2.080944e-04 8.506622e-04
1.397994e-01 2.254112e-04 -4.050429e-05 -5.736683e-04 -1.168440e-04 7.116391e-04
1.404273e-01 2.172639e-04 2.164964e-06 -5.858947e-04 -1.714874e-05 6.441840e-04
1.410561e-01 2.179655e-04 4.213108e-05 -5.576828e-04 7.716635e-05 6.555122e-04
1.416844e-01 2.267019e-04 7.362748e-05 -4.940720e-04 1.546964e-04 7.369582e-04
1.423121e-01 2.404274e-04 9.384657e-05 -4.046369e-04 2.063309e-04 8.666419e-04
1.429401e-01 2.565831e-04 9.997194e-05 -3.045287e-04 2.248346e-04 1.023172e-03
1.435692e-01 2.724967e-04 9.253185e-05 -2.038418e-04 2.135777e-04 1.180889e-03
1.441983e-01 2.851972e-04 7.297354e-05 -1.212483e-04 1.719399e-04 1.315705e-03
1.448262e-01 2.928538e-04 4.475560e-05 -6.095461e-05 1.088180e-04 1.409471e-03
1.454539e-01 2.933679e-04 1.174984e-05 -3.339474e-05 3.306582e-05 1.443956e-03
1.460823e-01 2.867243e-04 -2.048866e-05 -4.139686e-05 -4.491388e-05 1.416648e-03
1.467115e-01 2.738094e-04 -4.861816e-05 -7.705699e-05 -1.145894e-04 1.336816e-03
1.473399e-01 2.559215e-04 -6.847069e-05 -1.379231e-04 -1.671847e-04 1.209722e-03
1.479676e-01 2.351722e-04 -7.775400e-05 -2.131525e-04 -1.958653e-04 1.054701e-03
1.485964e-01 2.135729e-04 -7.547444e-05 -2.910986e-04 -1.985080e-04 8.893859e-04
1.492243e-01 1.943650e-04 -6.325068e-05 -3.622085e-04 -1.759992e-04 7.387707e-04
1.498507e-01 1.790756e-04 -4.227152e-05 -4.147305e-04 -1.321952e-04 6.161096e-04
1.504788e-01 1.689903e-04 -1.632492e-05 -4.438257e-04 -7.306619e-05 5.364528e-04
1.511078e-01 1.648171e-04 1.133556e-05 -4.442662e-04 -9.171756e-06 5.042208e-04
1.517364e-01 1.663811e-04 3.663345e-05 -4.197510e-04 5.314236e-05 5.233989e-04
1.523652e-01 1.728821e-04 5.594898e-05 -3.721873e-04 1.037133e-04 5.839954e-04
1.529942e-01 1.819555e-04 6.731803e-05 -3.095234e-04 1.366767e-04 6.744779e-04
1.536237e-01 1.930383e-04 6.875993e-05 -2.411346e-04 1.488265e-04 7.794851e-04
1.542519e-01 2.022532e-04 6.120365e-05 -1.748219e-04 1.388781e-04 8.801059e-04
1.548791e-01 2.105540e-04 4.524932e-05 -1.237978e-04 1.100292e-04 9.643458e-04
1.555078e-01 2.133605e-04 2.446722e-05 -8.680309e-05 6.477680e-05 1.013055e-03
1.561363e-01 2.126762e-04 6.454327e-07 -7.700892e-05 1.258305e-05 1.024035e-03
1.567636e-01 2.072920e-04 -2.110196e-05 -8.799119e-05 -4.038385e-05 9.942987e-04
1.573916e-01 1.974162e-04 -3.974477e-05 -1.195194e-04 -8.788830e-05 9.263089e-04
1.580207e-01 1.853817e-04 -5.070090e-05 -1.677910e-04 -1.202726e-04 8.314219e-04
1.586492e-01 1.708978e-04 -5.416845e-05 -2.214444e-04 -1.359945e-04 7.197121e-04
1.592766e-01 1.573694e-04 -4.929179e-05 -2.758283e-04 -1.324504e-04 6.079856e-04
1.599049e-01 1.446553e-04 -3.693479e-05 -3.195683e-04 -1.096961e-04 5.087657e-04
1.605344e-01 1.356427e-04 -1.897050e-05 -3.490529e-04 -7.234802e-05 4.361776e-04
1.624649e-01 1.344035e-04 3.722418e-05 -3.066498e-04 7.564944e-05 4.435597e-04
1.642557e-01 1.574799e-04 5.371840e-05 -1.561118e-04 1.304051e-04 6.660051e-04
1.660459e-01 1.769910e-04 1.817120e-05 -4.055078e-05 5.668503e-05 8.547569e-04
1.678421e-01 1.677032e-04 -3.172470e-05 -6.095695e-05 -6.443972e-05 8.052645e-04
1.696353e-01 1.354970e-04 -4.648902e-05 -1.801781e-04 -1.115429e-04 5.637082e-04
1.714286e-01 1.084857e-04 -1.667496e-05 -2.736236e-04 -4.605290e-05 3.550110e-04
1.732198e-01 1.048615e-04 2.470821e-05 -2.514717e-04 5.392929e-05 3.553109e-04
1.750152e-01 1.192041e-04 3.383115e-05 -1.514227e-04 8.537343e-05 5.073691e-04
1.768177e-01 1.276928e-04 4.472159e-06 -8.618710e-05 2.371951e-05 6.087571e-04
1.786121e-01 1.154720e-04 -2.760209e-05 -1.258210e-04 -5.535717e-05 5.240315e-04
1.804030e-01 9.345632e-05 -2.261940e-05 -2.150203e-04 -5.386945e-05 3.471920e-04
1.822028e-01 8.424273e-05 1.974718e-05 -2.280163e-04 4.193341e-05 2.838671e-04
1.839998e-01 1.048329e-04 6.349349e-05 -1.097161e-04 1.485330e-04 4.612333e-04
1.857937e-01 1.405457e-04 6.373932e-05 7.872198e-05 1.573653e-04 7.781518e-04
1.875926e-01 1.593154e-04 1.519159e-05 1.910242e-04 5.019110e-05 9.654365e-04
1.893867e-01 1.470202e-04 -4.318794e-05 1.441863e-04 -8.374554e-05 8.780202e-04
1.911794e-01 1.103202e-04 -6.395782e-05 -2.086910e-05 -1.395691e-04 5.707462e-04
1.929763e-01 7.736569e-05 -3.389715e-05 -1.632674e-04 -8.286877e-05 2.891999e-04
1.947689e-01 6.966328e-05 1.708382e-05 -1.806502e-04 2.930955e-05 2.273151e-04
1.965614e-01 8.381853e-05 4.148081e-05 -8.153408e-05 8.975922e-05 3.702272e-04
1.983545e-01 1.003165e-04 2.410331e-05 2.179611e-05 5.797706e-05 5.402397e-04
2.001492e-01 9.848146e-05 -1.411147e-05 3.534316e-05 -2.739851e-05 5.542023e-04
2.019476e-01 7.818302e-05 -3.550148e-05 -4.249086e-05 -7.811951e-05 3.984316e-04
2.037448e-01 5.819208e-05 -2.233968e-05 -1.298727e-04 -5.332973e-05 2.263782e-04
2.055436e-01 5.351526e-05 9.018090e-06 -1.469269e-04 1.799183e-05 1.807599e-04
2.073409e-01 6.417631e-05 2.857246e-05 -8.625330e-05 6.446637e-05 2.765324e-04
2.091331e-01 7.507965e-05 1.891046e-05 -1.474670e-05 4.845668e-05 3.930000e-04
2.109295e-01 7.508969e-05 -5.584941e-06 2.524243e-06 -6.010344e-06 4.107793e-04
2.127243e-01 6.422414e-05 -1.986660e-05 -4.308383e-05 -4.291790e-05 3.230670e-04
2.145132e-01 5.328689e-05 -1.222825e-05 -9.522502e-05 -2.937762e-05 2.188705e-04
2.163084e-01 5.046899e-05 7.447031e-06 -1.003916e-04 1.458635e-05 1.936894e-04
2.181043e-01 5.570502e-05 1.704681e-05 -5.568604e-05 3.619871e-05 2.551191e-04
2.198991e-01 5.989140e-05 7.013475e-06 -1.283017e-05 1.424693e-05 3.185096e-04
2.216975e-01 5.618683e-05 -1.178091e-05 -1.698045e-05 -2.628835e-05 3.044219e-04
2.234966e-01 4.628479e-05 -1.958659e-05 -6.328294e-05 -4.133266e-05 2.178620e-04
2.252970e-01 3.865877e-05 -8.743644e-06 -1.046136e-04 -1.532316e-05 1.406122e-04
2.270852e-01 3.906609e-05 1.000645e-05 -9.888966e-05 2.640470e-05 1.411762e-04
2.288723e-01 4.677330e-05 1.826861e-05 -5.391214e-05 4.251272e-05 2.133490e-04
2.306695e-01 5.271868e-05 8.368235e-06 -1.258458e-05 2.056440e-05 2.805412e-04
2.324665e-01 5.115541e-05 -8.851164e-06 -1.343319e-05 -1.661453e-05 2.753247e-04
2.342627e-01 4.209607e-05 -1.670371e-05 -5.351041e-05 -3.495939e-05 1.994726e-04
2.360563e-01 3.388741e-05 -7.656510e-06 -8.920892e-05 -1.751186e-05 1.264993e-04
2.378553e-01 3.339285e-05 7.622951e-06 -8.893477e-05 1.446032e-05 1.215865e-04
2.396569e-01 3.843270e-05 1.443629e-05 -5.183548e-05 2.902112e-05 1.752667e-04
2.414498e-01 4.271703e-05 6.189804e-06 -1.910992e-05 1.196173e-05 2.248993e-04
2.432397e-01 4.077045e-05 -7.384290e-06 -2.065816e-05 -1.751519e-05 2.157328e-04
2.450345e-01 3.317852e-05 -1.201894e-05 -4.990020e-05 -3.011461e-05 1.560335e-04
2.468308e-01 2.660711e-05 -4.237783e-06 -7.438077e-05 -1.258715e-05 1.031211e-04
2.486244e-01 2.639535e-05 8.968750e-06 -6.673596e-05 1.684815e-05 1.038556e-04
2.504185e-01 3.179915e-05 1.361128e-05 -3.217457e-05 2.963596e-05 1.547512e-04
2.522154e-01 3.721624e-05 5.778433e-06 -4.543373e-06 1.391836e-05 2.019061e-04
2.540114e-01 3.668842e-05 -6.677990e-06 -7.685029e-06 -1.146076e-05 1.961370e-04
2.558058e-01 3.057702e-05 -1.160847e-05 -3.764855e-05 -2.285998e-05 1.419556e-04
2.576012e-01 2.396949e-05 -5.126882e-06 -6.270670e-05 -9.819027e-06 9.180198e-05
2.593962e-01 2.306410e-05 5.489534e-06 -6.155255e-05 1.201356e-05 9.170673e-05
2.611937e-01 2.718644e-05 1.022713e-05 -3.623386e-05 2.039563e-05 1.318057e-04
2.629942e-01 3.032456e-05 4.826046e-06 -1.228577e-05 6.260023e-06 1.656266e-04
2.647885e-01 2.809496e-05 -4.943503e-06 -1.249181e-05 -1.541569e-05 1.548604e-04
2.665811e-01 2.243701e-05 -9.545012e-06 -3.513991e-05 -2.308134e-05 1.081351e-04
2.683801e-01 1.823904e-05 -3.936106e-06 -5.554367e-05 -8.688180e-06 6.833949e-05
2.701729e-01 1.881961e-05 5.707437e-06 -5.245254e-05 1.245290e-05 6.923987e-05
2.719632e-01 2.273438e-05 1.003748e-05 -2.739381e-05 2.189084e-05 1.066341e-04
2.737587e-01 2.685183e-05 5.290291e-06 -4.927798e-06 1.131713e-05 1.430776e-04
2.755578e-01 2.612948e-05 -3.301835e-06 -4.672867e-06 -6.775244e-06 1.411600e-04
2.773550e-01 2.154824e-05 -7.052649e-06 -2.279387e-05 -1.541169e-05 1.065021e-04
2.791459e-01 1.648201e-05 -3.412501e-06 -3.968277e-05 -7.057785e-06 7.312681e-05
2.809385e-01 1.595800e-05 3.303713e-06 -3.982256e-05 8.082988e-06 7.161769e-05
2.827312e-01 1.935773e-05 5.927970e-06 -2.411791e-05 1.391320e-05 9.911429e-05
2.845296e-01 2.177517e-05 2.183614e-06 -1.008590e-05 4.487513e-06 1.228555e-04
2.863269e-01 2.013747e-05 -4.230907e-06 -1.260850e-05 -9.918243e-06 1.160406e-04
2.881173e-01 1.615238e-05 -6.252462e-06 -2.867850e-05 -1.409999e-05 8.486722e-05
2.899148e-01 1.282767e-05 -2.309291e-06 -4.173810e-05 -3.341630e-06 6.049445e-05
2.917136e-01 1.398616e-05 3.966729e-06 -3.834087e-05 1.146755e-05 6.538641e-05
2.935083e-01 1.783464e-05 6.466086e-06 -2.137840e-05 1.553851e-05 9.346408e-05
2.953064e-01 2.031781e-05 2.353283e-06 -9.096064e-06 5.575674e-06 1.162607e-04
2.971025e-01 1.944302e-05 -4.520049e-06 -1.244172e-05 -7.218968e-06 1.104830e-04
2.988941e-01 1.605241e-05 -6.623727e-06 -2.832589e-05 -1.224528e-05 8.060404e-05
3.006873e-01 1.276561e-05 -2.079072e-06 -4.234012e-05 -5.663896e-06 5.581687e-05
3.024817e-01 1.242788e-05 3.825767e-06 -3.923740e-05 5.731277e-06 5.664851e-05
3.042771e-01 1.461735e-05 5.958775e-06 -2.450989e-05 1.000931e-05 7.728053e-05
3.060756e-01 1.598334e-05 2.614839e-06 -1.216872e-05 1.532498e-06 9.319331e-05
3.078722e-01 1.389171e-05 -2.762220e-06 -1.360338e-05 -8.927427e-06 8.422280e-05
3.096648e-01 1.106671e-05 -5.145290e-06 -2.660809e-05 -9.846255e-06 5.868081e-05
3.114599e-01 1.026684e-05 -1.767552e-06 -3.760573e-05 1.427356e-07 4.094728e-05
3.132555e-01 1.224794e-05 3.895010e-06 -3.413271e-05 1.259271e-05 5.061941e-05
3.150527e-01 1.553156e-05 6.363753e-06 -1.917949e-05 1.653919e-05 7.942832e-05
3.168493e-01 1.700111e-05 3.527914e-06 -5.545792e-06 7.474497e-06 1.027804e-04
3.186391e-01 1.555176e-05 -9.959308e-07 -4.539416e-06 -6.176630e-06 9.946330e-05
3.204305e-01 1.219813e-05 -3.100217e-06 -1.365835e-05 -1.161734e-05 7.625409e-05
3.222280e-01 1.037326e-05 -8.562801e-07 -2.209387e-05 -5.106806e-06 5.559989e-05
3.240267e-01 1.054904e-05 3.415553e-06 -1.833101e-05 5.074744e-06 5.678449e-05
3.258197e-01 1.206299e-05 4.451540e-06 -6.374655e-06 8.987977e-06 7.554191e-05
3.276150e-01 1.301782e-05 5.933939e-07 2.525604e-06 3.378784e-06 9.069283e-05
3.294148e-01 1.227403e-05 -4.215117e-06 -2.300126e-06 -6.512385e-06 8.362262e-05
3.312085e-01 1.024132e-05 -5.445575e-06 -1.693808e-05 -1.019627e-05 6.025805e-05
3.330031e-01 8.647050e-06 -1.880667e-06 -2.740384e-05 -3.912163e-06 4.090526e-05
3.347987e-01 8.905919e-06 2.757798e-06 -2.640557e-05 6.006187e-06 4.190160e-05
3.365969e-01 1.113752e-05 4.447135e-06 -1.527581e-05 9.734593e-06 6.128258e-05
3.383923e-01 1.241019e-05 2.063678e-06 -5.794323e-06 3.618819e-06 7.595002e-05
3.401828e-01 1.116361e-05 -1.690298e-06 -6.402035e-06 -6.222751e-06 7.146831e-05
3.419763e-01 7.909063e-06 -3.307016e-06 -1.560814e-05 -9.167140e-06 5.221296e-05
3.437730e-01 5.574399e-06 -1.020652e-06 -2.327439e-05 -2.224877e-06 3.567308e-05
3.455681e-01 6.202895e-06 3.404811e-06 -2.007287e-05 7.869380e-06 4.009442e-05
3.473617e-01 8.594151e-06 5.251391e-06 -7.382700e-06 1.137154e-05 6.203987e-05
3.491590e-01 1.109334e-05 2.687850e-06 5.002943e-06 6.211546e-06 8.425127e-05
3.509566e-01 1.118045e-05 -1.720350e-06 6.858279e-06 -4.892415e-06 8.651940e-05
3.527534e-01 8.746420e-06 -4.251453e-06 -2.098090e-06 -1.104180e-05 6.929001e-05
3.545449e-01 5.647831e-06 -3.495218e-06 -1.307410e-05 -8.396947e-06 4.696810e-05
3.563372e-01 4.295963e-06 -5.846928e-07 -1.841602e-05 -8.505735e-07 3.527269e-05
3.581341e-01 4.987880e-06 1.682072e-06 -1.658876e-05 3.916621e-06 3.854882e-05
3.599303e-01 6.111089e-06 1.132117e-06 -1.294199e-05 2.476805e-06 4.438664e-05
3.617254e-01 6.213662e-06 -6.396954e-07 -1.376027e-05 -2.448259e-06 4.309851e-05
3.635200e-01 5.063225e-06 -1.271800e-06 -1.863481e-05 -5.221796e-06 3.236532e-05
3.653165e-01 3.911187e-06 6.638302e-07 -2.132253e-05 -1.804991e-06 2.430308e-05
3.671116e-01 4.127900e-06 3.114114e-06 -1.732126e-05 5.209632e-06 2.863067e-05
3.689088e-01 5.623450e-06 3.887567e-06 -7.634763e-06 8.961723e-06 4.295254e-05
3.707076e-01 7.103362e-06 2.564464e-06 8.969282e-07 6.602829e-06 5.794743e-05
3.725001e-01 7.276497e-06 -3.357542e-07 2.363082e-06 -1.628297e-07 6.143527e-05
3.742913e-01 5.764374e-06 -1.686811e-06 -2.029380e-06 -4.605609e-06 5.157109e-05
3.760877e-01 4.346193e-06 -8.688284e-07 -6.954503e-06 -4.463973e-06 3.955722e-05
3.778836e-01 3.855396e-06 6.578878e-07 -7.961466e-06 -3.110088e-07 3.516337e-05
3.796766e-01 4.453860e-06 1.041102e-06 -4.882278e-06 1.775110e-06 3.931868e-05
3.814707e-01 4.606418e-06 3.109658e-08 -2.749672e-06 -4.071593e-07 4.275277e-05
3.832699e-01 3.490751e-06 -1.663576e-06 -4.985780e-06 -4.089770e-06 3.882172e-05
3.850666e-01 1.923505e-06 -2.072058e-06 -1.045655e-05 -4.809589e-06 2.890284e-05
3.868579e-01 1.109439e-06 -4.503941e-07 -1.457027e-05 -1.109692e-06 2.126813e-05
3.886538e-01 2.028769e-06 1.897640e-06 -1.319223e-05 4.205723e-06 2.383310e-05
3.904491e-01 3.931964e-06 2.809888e-06 -6.909919e-06 5.879220e-06 3.507947e-05
3.922449e-01 5.396037e-06 1.434389e-06 -1.178854e-06 3.551125e-06 4.539896e-05
3.940400e-01 5.247193e-06 -9.001782e-07 -7.834517e-07 -1.847040e-06 4.597698e-05
3.958317e-01 4.094599e-06 -2.352124e-06 -6.099813e-06 -4.888811e-06 3.674230e-05
3.976289e-01 2.967831e-06 -1.784885e-06 -1.271551e-05 -3.631515e-06 2.523464e-05
3.994255e-01 2.235628e-06 1.512318e-07 -1.539884e-05 -1.105173e-06 2.055096e-05
4.012204e-01 1.998671e-06 1.441938e-06 -1.357331e-05 9.392283e-07 2.291337e-05
4.030168e-01 1.941345e-06 7.007442e-07 -1.095053e-05 1.223673e-06 2.589848e-05
4.048122e-01 2.188757e-06 -5.601741e-07 -1.088385e-05 2.210808e-08 2.574152e-05
4.066062e-01 2.241145e-06 -8.984046e-07 -1.338460e-05 -7.934621e-07 2.226906e-05
4.084001e-01 2.262211e-06 2.565539e-07 -1.453270e-05 2.026848e-07 2.039449e-05
4.101968e-01 2.439706e-06 1.576912e-06 -1.257331e-05 1.840234e-06 2.312463e-05
4.119946e-01 2.634753e-06 1.610945e-06 -8.832146e-06 2.177418e-06 2.877346e-05
4.137897e-01 2.773852e-06 7.302637e-08 -7.067427e-06 1.023882e-06 3.198085e-05
4.155829e-01 2.661002e-06 -1.278567e-06 -9.437307e-06 -9.456104e-07 2.921069e-05
4.173778e-01 1.948330e-06 -1.071141e-06 -1.328152e-05 -1.628219e-06 2.375807e-05
4.191752e-01 1.059231e-06 5.236398e-07 -1.479413e-05 -4.008034e-07 2.051066e-05
4.209702e-01 8.529284e-07 1.924626e-06 -1.187609e-05 9.116566e-07 2.233241e-05
4.227638e-01 1.169034e-06 1.699354e-06 -7.385974e-06 1.234106e-06 2.629369e-05
4.245604e-01 1.627665e-06 5.039031e-07 -5.079898e-06 -5.588565e-07 2.807883e-05
4.263543e-01 1.277057e-06 -7.683283e-07 -6.841439e-06 -1.959830e-06 2.523028e-05
4.281451e-01 4.968927e-07 -9.295869e-07 -1.062884e-05 -5.971551e-07 1.999642e-05
4.299400e-01 6.193085e-08 2.591372e-07 -1.176885e-05 1.315841e-06 1.735268e-05
4.317365e-01 6.792595e-07 1.945730e-06 -9.293042e-06 2.886743e-06 2.142269e-05
4.335323e-01 1.618611e-06 1.813457e-06 -4.579215e-06 2.083531e-06 2.866589e-05
4.353294e-01 2.470961e-06 5.262698e-07 -2.341186e-06 -3.623053e-07 3.110668e-05
4.371263e-01 2.340003e-06 -7.586260e-07 -3.813127e-06 -3.385606e-06 2.634108e-05
4.389235e-01 1.400273e-06 -6.230099e-07 -7.508210e-06 -3.416694e-06 1.829746e-05
4.407180e-01 9.556571e-07 6.794782e-07 -8.572675e-06 1.645087e-07 1.549170e-05
4.425103e-01 1.192058e-06 1.777052e-06 -5.694675e-06 4.148677e-06 2.005163e-05
4.443072e-01 2.196788e-06 1.912501e-06 -5.230567e-07 5.228245e-06 2.928388e-05
4.461036e-01 2.623497e-06 9.127248e-07 3.540894e-06 1.544030e-06 3.564688e-05
4.478956e-01 1.964347e-06 -7.247053e-07 2.673691e-06 -2.868989e-06 3.392761e-05
4.496902e-01 7.618562e-07 -1.554987e-06 -1.553756e-06 -4.407432e-06 2.579202e-05
4.514874e-01 -1.076449e-07 -1.022256e-06 -6.181473e-06 -2.928410e-06 1.664395e-05
4.532823e-01 -5.406492e-07 -4.849682e-08 -8.164212e-06 4.451193e-09 1.401614e-05
4.550750e-01 -8.304162e-08 5.582828e-07 -7.448875e-06 1.301658e-06 1.542294e-05
4.568708e-01 1.088016e-07 5.329706e-07 -5.979377e-06 2.665596e-08 1.782992e-05
4.586693e-01 -2.576003e-08 -1.738777e-07 -6.081609e-06 -1.814442e-06 1.686880e-05
4.604678e-01 1.052913e-06 2.368006e-07 -5.615882e-06 6.810046e-10 1.810679e-05
4.861870e-01 8.471814e-07 1.905314e-07 -4.518578e-06 5.479411e-10 1.456885e-05
5.133427e-01 6.816481e-07 1.533029e-07 -3.635680e-06 4.408772e-10 1.172220e-05
5.420151e-01 5.484588e-07 1.233486e-07 -2.925293e-06 3.547329e-10 9.431762e-06
5.722891e-01 4.412938e-07 9.924714e-08 -2.353712e-06 2.854206e-10 7.588862e-06
6.042540e-01 3.550681e-07 7.985494e-08 -1.893813e-06 2.296514e-10 6.106052e-06
6.380042e-01 2.856903e-07 6.425184e-08 -1.523775e-06 1.847791e-10 4.912972e-06
6.736396e-01 2.298684e-07 5.169748e-08 -1.226040e-06 1.486746e-10 3.953012e-06
7.112653e-01 1.849537e-07 4.159616e-08 -9.864804e-07 1.196246e-10 3.180621e-06
7.509927e-01 1.488151e-07 3.346856e-08 -7.937291e-07 9.625079e-11 2.559150e-06
7.929389e-01 1.197376e-07 2.692904e-08 -6.386400e-07 7.744406e-11 2.059110e-06
8.372281e-01 9.634174e-08 2.166729e-08 -5.138542e-07 6.231203e-11 1.656774e-06
8.839910e-01 7.751724e-08 1.743366e-08 -4.134507e-07 5.013670e-11 1.333052e-06
9.333658e-01 6.237091e-08 1.402724e-08 -3.326653e-07 4.034034e-11 1.072583e-06
9.854984e-01 5.018407e-08 1.128642e-08 -2.676648e-07 3.245812e-11 8.630078e-07
1.040543e+00 4.037846e-08 9.081130e-09 -2.153650e-07 2.611603e-11 6.943822e-07
1.098662e+00 3.248879e-08 7.306741e-09 -1.732842e-07 2.101314e-11 5.587047e-07
1.160027e+00 2.614071e-08 5.879055e-09 -1.394257e-07 1.690732e-11 4.495378e-07
1.224820e+00 2.103300e-08 4.730329e-09 -1.121829e-07 1.360375e-11 3.617012e-07
1.293231e+00 1.692330e-08 3.806055e-09 -9.026313e-08 1.094567e-11 2.910273e-07
1.365464e+00 1.361660e-08 3.062379e-09 -7.262634e-08 8.806964e-12 2.341626e-07
1.441731e+00 1.095601e-08 2.464011e-09 -5.843566e-08 7.086145e-12 1.884089e-07
1.522258e+00 8.815286e-09 1.982561e-09 -4.701774e-08 5.701562e-12 1.515951e-07
1.607283e+00 7.092840e-09 1.595182e-09 -3.783081e-08 4.587516e-12 1.219745e-07
1.697057e+00 5.706949e-09 1.283495e-09 -3.043893e-08 3.691148e-12 9.814153e-08
1.791845e+00 4.591851e-09 1.032709e-09 -2.449138e-08 2.969923e-12 7.896536e-08
1.891928e+00 3.694636e-09 8.309249e-10 -1.970593e-08 2.389621e-12 6.353608e-08
1.997600e+00 2.972730e-09 6.685680e-10 -1.585553e-08 1.922706e-12 5.112158e-08
2.109175e+00 2.391879e-09 5.379345e-10 -1.275747e-08 1.547023e-12 4.113278e-08
2.226982e+00 1.924523e-09 4.328259e-10 -1.026475e-08 1.244745e-12 3.309572e-08
2.351369e+00 1.548484e-09 3.482547e-10 -8.259091e-09 1.001531e-12 2.662905e-08
2.482703e+00 1.245921e-09 2.802082e-10 -6.645323e-09 8.058387e-13 2.142592e-08
2.621373e+00 1.002477e-09 2.254575e-10 -5.346873e-09 6.483834e-13 1.723945e-08
2.767788e+00 8.066001e-10 1.814047e-10 -4.302132e-09 5.216939e-13 1.387098e-08
2.922381e+00 6.489961e-10 1.459595e-10 -3.461525e-09 4.197585e-13 1.116069e-08
3.085609e+00 5.221868e-10 1.174400e-10 -2.785167e-09 3.377407e-13 8.979967e-09
3.257954e+00 4.201552e-10 9.449305e-11 -2.240965e-09 2.717485e-13 7.225344e-09
3.439925e+00 3.380598e-10 7.602977e-11 -1.803096e-09 2.186507e-13 5.813562e-09
3.632061e+00 2.720053e-10 6.117408e-11 -1.450784e-09 1.759279e-13 4.677633e-09
3.834927e+00 2.188573e-10 4.922110e-11 -1.167311e-09 1.415528e-13 3.763656e-09
4.049125e+00 1.760942e-10 3.960364e-11 -9.392265e-10 1.138944e-13 3.028264e-09
4.275287e+00 1.416866e-10 3.186537e-11 -7.557082e-10 9.164023e-14 2.436563e-09
4.514080e+00 1.140020e-10 2.563910e-11 -6.080481e-10 7.373437e-14 1.960475e-09
4.766212e+00 9.172683e-11 2.062940e-11 -4.892398e-10 5.932719e-14 1.577412e-09
5.032426e+00 7.380405e-11 1.659856e-11 -3.936458e-10 4.773508e-14 1.269197e-09
5.313509e+00 5.938325e-11 1.335532e-11 -3.167301e-10 3.840798e-14 1.021205e-09
5.610292e+00 4.778018e-11 1.074578e-11 -2.548433e-10 3.090333e-14 8.216685e-10
5.923652e+00 3.844427e-11 8.646130e-12 -2.050487e-10 2.486503e-14 6.611202e-10
6.254514e+00 3.093253e-11 6.956737e-12 -1.649836e-10 2.000658e-14 5.319419e-10
6.603856e+00 2.488853e-11 5.597439e-12 -1.327470e-10 1.609743e-14 4.280042e-10
6.972711e+00 2.002548e-11 4.503739e-12 -1.068091e-10 1.295211e-14 3.443752e-10
7.362168e+00 1.611264e-11 3.623740e-12 -8.593939e-11 1.042136e-14 2.770867e-10
7.773377e+00 1.296435e-11 2.915686e-12 -6.914743e-11 8.385097e-15 2.229459e-10
8.207555e+00 1.043120e-11 2.345982e-12 -5.563651e-11 6.746708e-15 1.793838e-10
8.665983e+00 8.393020e-12 1.887593e-12 -4.476552e-11 5.428448e-15 1.443335e-10
9.150017e+00 6.753083e-12 1.518771e-12 -3.601865e-11 4.367768e-15 1.161317e-10
9.661086e+00 5.433578e-12 1.222014e-12 -2.898086e-11 3.514336e-15 9.344040e-11
1.020070e+01 4.371895e-12 9.832407e-13 -2.331820e-11 2.827660e-15 7.518280e-11
1.077045e+01 3.517657e-12 7.911223e-13 -1.876199e-11 2.275155e-15 6.049261e-11
1.137203e+01 2.830332e-12 6.365426e-13 -1.509603e-11 1.830605e-15 4.867278e-11
1.200721e+01 2.277305e-12 5.121666e-13 -1.214637e-11 1.472918e-15 3.916246e-11
1.267787e+01 1.832335e-12 4.120928e-13 -9.773055e-12 1.185120e-15 3.151039e-11
1.338598e+01 1.474310e-12 3.315728e-13 -7.863468e-12 9.535559e-16 2.535348e-11
1.413365e+01 1.186240e-12 2.667858e-13 -6.327002e-12 7.672378e-16 2.039959e-11
1.492308e+01 9.544570e-13 2.146577e-13 -5.090750e-12 6.173249e-16 1.641365e-11
1.575660e+01 7.679628e-13 1.727151e-13 -4.096053e-12 4.967039e-16 1.320654e-11
1.663667e+01 6.179082e-13 1.389678e-13 -3.295713e-12 3.996515e-16 1.062607e-11
1.756590e+01 4.971733e-13 1.118144e-13 -2.651754e-12 3.215624e-16 8.549813e-12
1.854704e+01 4.000291e-13 8.996669e-14 -2.133620e-12 2.587313e-16 6.879239e-12
1.958297e+01 3.218662e-13 7.238783e-14 -1.716725e-12 2.081770e-16 5.535084e-12
2.067677e+01 2.589758e-13 5.824375e-14 -1.381289e-12 1.675007e-16 4.453567e-12
2.183166e+01 2.083738e-13 4.686333e-14 -1.111395e-12 1.347722e-16 3.583372e-12
2.305105e+01 1.676590e-13 3.770657e-14 -8.942362e-13 1.084387e-16 2.883206e-12
2.433855e+01 1.348996e-13 3.033897e-14 -7.195087e-13 8.725053e-17 2.319848e-12
2.569797e+01 1.085412e-13 2.441094e-14 -5.789217e-13 7.020239e-17 1.866566e-12
2.713331e+01 8.733297e-14 1.964122e-14 -4.658045e-13 5.648533e-17 1.501852e-12
2.864883e+01 7.026872e-14 1.580346e-14 -3.747895e-13 4.544849e-17 1.208400e-12
3.024899e+01 5.653871e-14 1.271558e-14 -3.015583e-13 3.656818e-17 9.722875e-13
3.193854e+01 4.549144e-14 1.023104e-14 -2.426359e-13 2.942301e-17 7.823093e-13
3.372244e+01 3.660273e-14 8.231967e-15 -1.952266e-13 2.367396e-17 6.294516e-13
3.560599e+01 2.945081e-14 6.623499e-15 -1.570807e-13 1.904823e-17 5.064611e-13
3.759474e+01 2.369633e-14 5.329313e-15 -1.263882e-13 1.532634e-17 4.075022e-13
3.969458e+01 1.906623e-14 4.288003e-15 -1.016928e-13 1.233168e-17 3.278791e-13
4.191170e+01 1.534083e-14 3.450157e-15 -8.182276e-14 9.922158e-18 2.638138e-13
4.425265e+01 1.234334e-14 2.776021e-15 -6.583517e-14 7.983438e-18 2.122664e-13
4.672436e+01 9.931534e-15 2.233606e-15 -5.297144e-14 6.423530e-18 1.707911e-13
4.933412e+01 7.990982e-15 1.797175e-15 -4.262119e-14 5.168417e-18 1.374197e-13
5.208965e+01 6.429600e-15 1.446019e-15 -3.429331e-14 4.158545e-18 1.105688e-13
5.499909e+01 5.173301e-15 1.163477e-15 -2.759263e-14 3.345994e-18 8.896447e-14
5.807103e+01 4.162474e-15 9.361420e-16 -2.220123e-14 2.692210e-18 7.158143e-14
6.131455e+01 3.349156e-15 7.532264e-16 -1.786326e-14 2.166171e-18 5.759492e-14
6.473924e+01 2.694754e-15 6.060512e-16 -1.437291e-14 1.742917e-18 4.634128e-14
6.835522e+01 2.168218e-15 4.876331e-16 -1.156454e-14 1.402363e-18 3.728652e-14
7.217316e+01 1.744564e-15 3.923530e-16 -9.304911e-15 1.128351e-18 3.000099e-14
7.620435e+01 1.403688e-15 3.156900e-16 -7.486796e-15 9.078792e-19 2.413901e-14
8.046070e+01 1.129417e-15 2.540064e-16 -6.023929e-15 7.304859e-19 1.942242e-14
8.495479e+01 9.087370e-16 2.043753e-16 -4.846895e-15 5.877541e-19 1.562741e-14
8.969989e+01 7.311762e-16 1.644418e-16 -3.899846e-15 4.729111e-19 1.257393e-14
9.471003e+01 5.883095e-16 1.323110e-16 -3.137843e-15 3.805076e-19 1.011707e-14
1.000000e+02 4.733579e-16 1.064584e-16 -2.524731e-15 3.061590e-19 8.140264e-15
