# k [h/Mpc], q0, q1/i, q2, q3/i, q4
5.385587e-05 1.000000e+00 1.300236e-02 3.955904e-04 -2.226807e-02 1.104610e+00
1.034961e-04 9.990294e-01 2.496328e-02 5.880800e-04 1.508494e-03 -1.092761e-01
1.650345e-04 9.968845e-01 3.971769e-02 1.190553e-03 8.451486e-03 -1.320585e-01
2.219461e-04 9.940853e-01 5.324134e-02 2.627942e-03 -2.472853e-03 4.959987e-02
2.831569e-04 9.901270e-01 6.763298e-02 3.989536e-03 3.665408e-03 -2.746809e-02
3.481074e-04 9.849166e-01 8.267148e-02 5.915352e-03 6.158881e-03 -3.859069e-02
4.078467e-04 9.793926e-01 9.565518e-02 -2.995364e-02 -5.263780e-03 2.922703e-02
4.685721e-04 9.724572e-01 1.100726e-01 3.531318e-02 5.487856e-03 -7.027236e-03
5.344152e-04 9.643020e-01 1.240900e-01 2.045116e-02 6.441566e-03 -1.294824e-02
5.979215e-04 9.555322e-01 1.371855e-01 1.271675e-02 3.033785e-03 1.914544e-03
6.594309e-04 9.460797e-01 1.497208e-01 2.208483e-02 2.960577e-03 1.071838e-02
7.211547e-04 9.358084e-01 1.618291e-01 2.551862e-02 1.032922e-02 -1.567399e-02
7.842715e-04 9.245864e-01 1.734598e-01 2.431436e-02 8.729954e-03 -5.008190e-03
8.480725e-04 9.123399e-01 1.848709e-01 3.322420e-02 9.522016e-03 2.011685e-03
9.105595e-04 8.995030e-01 1.956241e-01 4.709350e-02 1.356519e-02 1.119273e-03
9.726731e-04 8.862955e-01 2.053587e-01 4.564675e-02 1.577641e-02 -2.331793e-03
1.035373e-03 8.721562e-01 2.148256e-01 5.277444e-02 2.172089e-02 -9.528931e-03
1.098784e-03 8.573675e-01 2.234554e-01 5.701297e-02 2.055714e-02 7.230822e-04
1.161586e-03 8.420915e-01 2.315349e-01 6.156355e-02 2.610284e-02 -6.382831e-03
1.224174e-03 8.263258e-01 2.388177e-01 6.956646e-02 2.789951e-02 3.392066e-04
1.288412e-03 8.096131e-01 2.457574e-01 7.521942e-02 3.589590e-02 -1.115165e-02
1.351080e-03 7.930061e-01 2.514455e-01 8.319429e-02 3.411835e-02 5.694898e-03
1.412291e-03 7.761944e-01 2.568091e-01 8.993213e-02 4.460869e-02 -8.431865e-03
1.475368e-03 7.587955e-01 2.612657e-01 9.397237e-02 4.714634e-02 -8.349825e-03
1.538515e-03 7.408119e-01 2.653785e-01 1.009992e-01 5.702079e-02 -1.906178e-02
1.601338e-03 7.230956e-01 2.679702e-01 1.094250e-01 5.257376e-02 5.550067e-03
1.665074e-03 7.044813e-01 2.706240e-01 1.181698e-01 6.179480e-02 -2.428777e-03
1.728027e-03 6.860049e-01 2.727896e-01 1.200158e-01 7.342530e-02 -2.115303e-02
1.789887e-03 6.678097e-01 2.735402e-01 1.329890e-01 7.524613e-02 -5.609179e-03
1.852570e-03 6.493475e-01 2.742416e-01 1.346939e-01 8.391164e-02 -1.968633e-02
1.915088e-03 6.310429e-01 2.736986e-01 1.444257e-01 8.558027e-02 -6.291028e-03
1.978019e-03 6.121700e-01 2.734445e-01 1.485076e-01 9.840545e-02 -2.401645e-02
2.041684e-03 5.935630e-01 2.716942e-01 1.584967e-01 1.014450e-01 -1.271582e-02
2.104726e-03 5.751807e-01 2.698827e-01 1.619767e-01 1.080332e-01 -1.913784e-02
2.167060e-03 5.569030e-01 2.675485e-01 1.690444e-01 1.164626e-01 -2.235647e-02
2.229921e-03 5.388623e-01 2.645538e-01 1.748372e-01 1.220543e-01 -2.232079e-02
2.292794e-03 5.208268e-01 2.612622e-01 1.802099e-01 1.301367e-01 -2.720651e-02
2.355230e-03 5.033489e-01 2.572625e-01 1.871018e-01 1.351076e-01 -2.399130e-02
2.418331e-03 4.858561e-01 2.529552e-01 1.927564e-01 1.418375e-01 -2.527042e-02
2.481215e-03 4.685310e-01 2.484854e-01 1.971534e-01 1.498304e-01 -3.135104e-02
2.543891e-03 4.519177e-01 2.433233e-01 2.030889e-01 1.541591e-01 -2.739613e-02
2.607003e-03 4.350057e-01 2.382647e-01 2.070317e-01 1.630250e-01 -3.516606e-02
2.669740e-03 4.187561e-01 2.327917e-01 2.111835e-01 1.691573e-01 -3.708365e-02
2.732628e-03 4.032657e-01 2.266517e-01 2.166788e-01 1.729637e-01 -3.340933e-02
2.796013e-03 3.874312e-01 2.207640e-01 2.201615e-01 1.803386e-01 -3.835983e-02
2.858795e-03 3.723308e-01 2.146552e-01 2.233725e-01 1.851154e-01 -3.878931e-02
2.920959e-03 3.580330e-01 2.082026e-01 2.271323e-01 1.899015e-01 -4.017620e-02
2.983535e-03 3.436296e-01 2.019274e-01 2.297821e-01 1.955595e-01 -4.215054e-02
3.046449e-03 3.296362e-01 1.954016e-01 2.323127e-01 2.011163e-01 -4.582131e-02
3.109435e-03 3.160836e-01 1.889470e-01 2.337405e-01 2.045719e-01 -4.689359e-02
3.172429e-03 3.036135e-01 1.818997e-01 2.379255e-01 2.070796e-01 -4.181557e-02
3.235378e-03 2.907951e-01 1.753511e-01 2.393050e-01 2.121746e-01 -4.675495e-02
3.298350e-03 2.785277e-01 1.688202e-01 2.403023e-01 2.149949e-01 -4.670648e-02
3.361502e-03 2.665064e-01 1.622804e-01 2.408236e-01 2.191069e-01 -5.104487e-02
3.424034e-03 2.553752e-01 1.557737e-01 2.418210e-01 2.210507e-01 -4.958999e-02
3.486610e-03 2.447444e-01 1.492930e-01 2.426747e-01 2.229201e-01 -4.880858e-02
3.549533e-03 2.339221e-01 1.430408e-01 2.421951e-01 2.255758e-01 -5.198078e-02
3.612035e-03 2.245791e-01 1.366153e-01 2.443514e-01 2.255593e-01 -4.538911e-02
3.674842e-03 2.142123e-01 1.308225e-01 2.410980e-01 2.279827e-01 -5.270913e-02
3.737743e-03 2.053385e-01 1.247250e-01 2.418175e-01 2.280103e-01 -4.896439e-02
3.800817e-03 1.959106e-01 1.190784e-01 2.392843e-01 2.291468e-01 -5.182168e-02
3.863693e-03 1.880087e-01 1.132550e-01 2.398113e-01 2.284050e-01 -4.779606e-02
3.926624e-03 1.795161e-01 1.078948e-01 2.374643e-01 2.283456e-01 -4.828569e-02
3.989691e-03 1.718837e-01 1.025669e-01 2.359471e-01 2.276287e-01 -4.758146e-02
4.052279e-03 1.643650e-01 9.752844e-02 2.337675e-01 2.265037e-01 -4.631034e-02
4.115276e-03 1.570921e-01 9.259411e-02 2.312093e-01 2.255233e-01 -4.660122e-02
4.178091e-03 1.505282e-01 8.789967e-02 2.291270e-01 2.235072e-01 -4.406367e-02
4.240529e-03 1.438918e-01 8.343167e-02 2.262399e-01 2.217543e-01 -4.274187e-02
4.303566e-03 1.377982e-01 7.904417e-02 2.235960e-01 2.194048e-01 -4.140192e-02
4.366473e-03 1.318592e-01 7.495802e-02 2.205904e-01 2.169549e-01 -3.877371e-02
4.429136e-03 1.262131e-01 7.100708e-02 2.169733e-01 2.144150e-01 -3.874535e-02
4.491804e-03 1.204413e-01 6.726040e-02 2.128316e-01 2.111630e-01 -3.716055e-02
4.554524e-03 1.158070e-01 6.365229e-02 2.107418e-01 2.082962e-01 -3.380598e-02
4.617696e-03 1.106875e-01 6.031479e-02 2.060759e-01 2.046528e-01 -3.228225e-02
4.680743e-03 1.059834e-01 5.703666e-02 2.026613e-01 2.011000e-01 -2.965095e-02
4.743600e-03 1.014699e-01 5.394967e-02 1.985373e-01 1.971631e-01 -2.790305e-02
4.806460e-03 9.737393e-02 5.112783e-02 1.950241e-01 1.937590e-01 -2.472140e-02
4.869182e-03 9.331074e-02 4.835805e-02 1.907689e-01 1.895198e-01 -2.317986e-02
4.931803e-03 8.912887e-02 4.573523e-02 1.860369e-01 1.852691e-01 -2.103742e-02
4.994544e-03 8.555182e-02 4.333388e-02 1.820175e-01 1.812114e-01 -1.854218e-02
5.057296e-03 8.210342e-02 4.101040e-02 1.781942e-01 1.770417e-01 -1.564823e-02
5.120127e-03 7.874121e-02 3.890239e-02 1.735730e-01 1.726364e-01 -1.356042e-02
5.183244e-03 7.535257e-02 3.674373e-02 1.691118e-01 1.680120e-01 -1.117972e-02
5.246213e-03 7.226974e-02 3.481875e-02 1.647533e-01 1.636612e-01 -8.764849e-03
5.308940e-03 6.920388e-02 3.293499e-02 1.600766e-01 1.589862e-01 -6.752846e-03
5.371705e-03 6.654440e-02 3.125960e-02 1.561331e-01 1.547424e-01 -4.101647e-03
5.434764e-03 6.384548e-02 2.960815e-02 1.519794e-01 1.503579e-01 -1.267527e-03
5.497589e-03 6.105411e-02 2.801827e-02 1.467719e-01 1.454785e-01 -2.419721e-04
5.560094e-03 5.882927e-02 2.662055e-02 1.433565e-01 1.414390e-01 3.128454e-03
5.623090e-03 5.623196e-02 2.518569e-02 1.383097e-01 1.368669e-01 4.257217e-03
5.686167e-03 5.401588e-02 2.383274e-02 1.342961e-01 1.323607e-01 6.625849e-03
5.748863e-03 5.177934e-02 2.258776e-02 1.299092e-01 1.280515e-01 8.644767e-03
5.811791e-03 4.987006e-02 2.147680e-02 1.261264e-01 1.240091e-01 1.047647e-02
5.874636e-03 4.775845e-02 2.026261e-02 1.218518e-01 1.196218e-01 1.256870e-02
5.937271e-03 4.581901e-02 1.922101e-02 1.175371e-01 1.155644e-01 1.353357e-02
6.000058e-03 4.403765e-02 1.820887e-02 1.137200e-01 1.115207e-01 1.547406e-02
6.062729e-03 4.222598e-02 1.722288e-02 1.095905e-01 1.075041e-01 1.667269e-02
6.125517e-03 4.055236e-02 1.626398e-02 1.057267e-01 1.035217e-01 1.803242e-02
6.188708e-03 3.897260e-02 1.539751e-02 1.021102e-01 9.985335e-02 1.976137e-02
6.251555e-03 3.746878e-02 1.458098e-02 9.832690e-02 9.616819e-02 2.036783e-02
6.314077e-03 3.598364e-02 1.373108e-02 9.474274e-02 9.246420e-02 2.177641e-02
6.377058e-03 3.451077e-02 1.295022e-02 9.093180e-02 8.885364e-02 2.247103e-02
6.440009e-03 3.320490e-02 1.222607e-02 8.753927e-02 8.546698e-02 2.320836e-02
6.502812e-03 3.196855e-02 1.152550e-02 8.433235e-02 8.221067e-02 2.435307e-02
6.565726e-03 3.061402e-02 1.083432e-02 8.054834e-02 7.873529e-02 2.433833e-02
6.628521e-03 2.953844e-02 1.020308e-02 7.768507e-02 7.576222e-02 2.543571e-02
6.691272e-03 2.840015e-02 9.593151e-03 7.438687e-02 7.262913e-02 2.548794e-02
6.754176e-03 2.735481e-02 9.013025e-03 7.143023e-02 6.972598e-02 2.607863e-02
6.816888e-03 2.631821e-02 8.451380e-03 6.839854e-02 6.679294e-02 2.629835e-02
6.879625e-03 2.527383e-02 7.910504e-03 6.524330e-02 6.383956e-02 2.620081e-02
6.942449e-03 2.443406e-02 7.415612e-03 6.268662e-02 6.125732e-02 2.658339e-02
7.005248e-03 2.350809e-02 6.966920e-03 5.983651e-02 5.866319e-02 2.635308e-02
7.068136e-03 2.265966e-02 6.496175e-03 5.715327e-02 5.602239e-02 2.638644e-02
7.131053e-03 2.186175e-02 6.074606e-03 5.460723e-02 5.357193e-02 2.632729e-02
7.194010e-03 2.107048e-02 5.685751e-03 5.202574e-02 5.117633e-02 2.596940e-02
7.256902e-03 2.038408e-02 5.309647e-03 4.974914e-02 4.891273e-02 2.599524e-02
7.319748e-03 1.960835e-02 4.958175e-03 4.715731e-02 4.653794e-02 2.537636e-02
7.382611e-03 1.900590e-02 4.641697e-03 4.510146e-02 4.451548e-02 2.529004e-02
7.445306e-03 1.831544e-02 4.336985e-03 4.275599e-02 4.232550e-02 2.474433e-02
7.507906e-03 1.774104e-02 4.070127e-03 4.072008e-02 4.039345e-02 2.435816e-02
7.570818e-03 1.710373e-02 3.795952e-03 3.852270e-02 3.824290e-02 2.390159e-02
7.633721e-03 1.656412e-02 3.578327e-03 3.661734e-02 3.651186e-02 2.331922e-02
7.696586e-03 1.606942e-02 3.347865e-03 3.476997e-02 3.463830e-02 2.303708e-02
7.759492e-03 1.551972e-02 3.163316e-03 3.283599e-02 3.289009e-02 2.229502e-02
7.822382e-03 1.504696e-02 2.987162e-03 3.113017e-02 3.118771e-02 2.190850e-02
7.885469e-03 1.454515e-02 2.818137e-03 2.930091e-02 2.946651e-02 2.120252e-02
7.948044e-03 1.410827e-02 2.683455e-03 2.772148e-02 2.794954e-02 2.067841e-02
8.010528e-03 1.365138e-02 2.552638e-03 2.606833e-02 2.628869e-02 2.013938e-02
8.073516e-03 1.322587e-02 2.444429e-03 2.454719e-02 2.492775e-02 1.939156e-02
8.136423e-03 1.282879e-02 2.342579e-03 2.309671e-02 2.342274e-02 1.898934e-02
8.199228e-03 1.245427e-02 2.262267e-03 2.172613e-02 2.214034e-02 1.836253e-02
8.262023e-03 1.204630e-02 2.183770e-03 2.028571e-02 2.074737e-02 1.770206e-02
8.324981e-03 1.169424e-02 2.124477e-03 1.905172e-02 1.949002e-02 1.722622e-02
8.388025e-03 1.131142e-02 2.066970e-03 1.772189e-02 1.827552e-02 1.648881e-02
8.450798e-03 1.098994e-02 2.028182e-03 1.660041e-02 1.709097e-02 1.608102e-02
8.513424e-03 1.061951e-02 1.985742e-03 1.538861e-02 1.596504e-02 1.537167e-02
8.576219e-03 1.031258e-02 1.959540e-03 1.434073e-02 1.488070e-02 1.493553e-02
8.639099e-03 9.988715e-03 1.931348e-03 1.327975e-02 1.387690e-02 1.432132e-02
8.701941e-03 9.666160e-03 1.915505e-03 1.226736e-02 1.287548e-02 1.378869e-02
8.764716e-03 9.361515e-03 1.900822e-03 1.133227e-02 1.190714e-02 1.331595e-02
8.827545e-03 9.054089e-03 1.883592e-03 1.039382e-02 1.103047e-02 1.272177e-02
8.890404e-03 8.786447e-03 1.879832e-03 9.566497e-03 1.018485e-02 1.231094e-02
8.953189e-03 8.483515e-03 1.868902e-03 8.720273e-03 9.365707e-03 1.176444e-02
9.016039e-03 8.203555e-03 1.861697e-03 7.943607e-03 8.604012e-03 1.127745e-02
9.078883e-03 7.944364e-03 1.860441e-03 7.217230e-03 7.850237e-03 1.089026e-02
9.141797e-03 7.669317e-03 1.847040e-03 6.501578e-03 7.200514e-03 1.033688e-02
9.204714e-03 7.412530e-03 1.846920e-03 5.843113e-03 6.503662e-03 9.989530e-03
9.267500e-03 7.156272e-03 1.839071e-03 5.207169e-03 5.927129e-03 9.490490e-03
9.330389e-03 6.918899e-03 1.830787e-03 4.623063e-03 5.344367e-03 9.113393e-03
9.393353e-03 6.657297e-03 1.818156e-03 4.058540e-03 4.762802e-03 8.719153e-03
9.456033e-03 6.432810e-03 1.805453e-03 3.523052e-03 4.304943e-03 8.266324e-03
9.518699e-03 6.192889e-03 1.797589e-03 3.056814e-03 3.790725e-03 7.957683e-03
9.581480e-03 5.970632e-03 1.775872e-03 2.574073e-03 3.377631e-03 7.513097e-03
9.644431e-03 5.750067e-03 1.759303e-03 2.147149e-03 2.945056e-03 7.198715e-03
9.707436e-03 5.541603e-03 1.740237e-03 1.734189e-03 2.571923e-03 6.839913e-03
9.770160e-03 5.332954e-03 1.717394e-03 1.361788e-03 2.228773e-03 6.484645e-03
9.832865e-03 5.129663e-03 1.696826e-03 1.013222e-03 1.885304e-03 6.189534e-03
9.895597e-03 4.941206e-03 1.663053e-03 6.718853e-04 1.604246e-03 5.829168e-03
9.958595e-03 4.735740e-03 1.637071e-03 3.860632e-04 1.309904e-03 5.548623e-03
1.002149e-02 4.559488e-03 1.605655e-03 9.343084e-05 1.074324e-03 5.212567e-03
1.008410e-02 4.377568e-03 1.572924e-03 -1.630785e-04 8.411781e-04 4.928884e-03
1.014702e-02 4.208610e-03 1.535539e-03 -3.945720e-04 6.214379e-04 4.690067e-03
1.020999e-02 4.045903e-03 1.502005e-03 -6.313682e-04 4.496246e-04 4.365825e-03
1.027280e-02 3.880913e-03 1.468613e-03 -8.173485e-04 2.719623e-04 4.130240e-03
1.033567e-02 3.729377e-03 1.425627e-03 -1.010639e-03 1.302124e-04 3.852676e-03
1.039854e-02 3.572936e-03 1.382923e-03 -1.165548e-03 -1.106060e-05 3.623628e-03
1.046130e-02 3.437110e-03 1.346264e-03 -1.321805e-03 -1.327736e-04 3.394070e-03
1.052408e-02 3.295952e-03 1.304694e-03 -1.457538e-03 -2.320867e-04 3.147621e-03
1.058689e-02 3.160265e-03 1.259775e-03 -1.565378e-03 -3.282765e-04 2.953530e-03
1.064973e-02 3.041445e-03 1.219963e-03 -1.691205e-03 -4.002198e-04 2.725659e-03
1.071266e-02 2.919469e-03 1.180817e-03 -1.777246e-03 -4.761105e-04 2.552133e-03
1.077552e-02 2.800487e-03 1.138181e-03 -1.861920e-03 -5.263161e-04 2.342459e-03
1.083829e-02 2.693313e-03 1.095544e-03 -1.934309e-03 -5.784239e-04 2.176219e-03
1.090115e-02 2.586453e-03 1.056899e-03 -1.994470e-03 -6.175838e-04 2.013602e-03
1.096400e-02 2.489016e-03 1.015725e-03 -2.052789e-03 -6.484824e-04 1.844140e-03
1.102688e-02 2.390822e-03 9.766703e-04 -2.088910e-03 -6.745052e-04 1.702347e-03
1.108967e-02 2.300709e-03 9.358483e-04 -2.126047e-03 -6.879265e-04 1.557242e-03
1.115232e-02 2.213475e-03 8.987199e-04 -2.149223e-03 -6.985870e-04 1.426165e-03
1.121507e-02 2.131164e-03 8.629955e-04 -2.168718e-03 -7.099382e-04 1.312948e-03
1.127797e-02 2.058464e-03 8.289032e-04 -2.188410e-03 -7.130309e-04 1.200448e-03
1.134099e-02 1.979342e-03 7.914951e-04 -2.184706e-03 -7.118212e-04 1.105193e-03
1.140372e-02 1.913209e-03 7.602349e-04 -2.191688e-03 -6.994308e-04 1.001058e-03
1.146650e-02 1.845593e-03 7.286868e-04 -2.182748e-03 -6.980946e-04 9.244424e-04
1.152952e-02 1.785082e-03 6.971349e-04 -2.174759e-03 -6.864146e-04 8.560047e-04
1.159236e-02 1.725964e-03 6.674477e-04 -2.158789e-03 -6.690049e-04 7.856661e-04
1.165521e-02 1.667843e-03 6.403618e-04 -2.136539e-03 -6.579707e-04 7.326689e-04
1.171802e-02 1.620185e-03 6.129213e-04 -2.118335e-03 -6.368346e-04 6.794134e-04
1.178091e-02 1.567801e-03 5.876602e-04 -2.087795e-03 -6.230842e-04 6.471266e-04
1.184377e-02 1.525134e-03 5.647746e-04 -2.063214e-03 -6.022526e-04 6.149111e-04
1.190645e-02 1.476418e-03 5.385922e-04 -2.021605e-03 -5.771819e-04 5.835783e-04
1.196918e-02 1.437271e-03 5.175034e-04 -1.987316e-03 -5.588759e-04 5.719808e-04
1.203205e-02 1.401275e-03 4.973117e-04 -1.952500e-03 -5.355828e-04 5.606146e-04
1.209494e-02 1.361917e-03 4.782844e-04 -1.907515e-03 -5.163548e-04 5.587337e-04
1.215771e-02 1.330552e-03 4.590278e-04 -1.867963e-03 -4.883532e-04 5.574292e-04
1.222054e-02 1.297412e-03 4.404615e-04 -1.820400e-03 -4.671449e-04 5.724528e-04
1.228344e-02 1.268433e-03 4.257187e-04 -1.776309e-03 -4.473963e-04 5.872002e-04
1.234640e-02 1.239749e-03 4.079551e-04 -1.725705e-03 -4.196848e-04 6.039955e-04
1.240915e-02 1.212220e-03 3.943683e-04 -1.674824e-03 -4.010192e-04 6.319484e-04
1.247184e-02 1.190819e-03 3.796201e-04 -1.629295e-03 -3.715568e-04 6.586712e-04
1.253470e-02 1.166078e-03 3.664109e-04 -1.573567e-03 -3.536991e-04 6.953334e-04
1.259754e-02 1.145219e-03 3.543228e-04 -1.523187e-03 -3.292546e-04 7.327412e-04
1.266036e-02 1.125736e-03 3.415250e-04 -1.470369e-03 -3.055084e-04 7.741968e-04
1.272320e-02 1.104950e-03 3.287335e-04 -1.411284e-03 -2.817751e-04 8.156086e-04
1.278608e-02 1.089969e-03 3.198486e-04 -1.362215e-03 -2.616427e-04 8.658497e-04
1.284892e-02 1.071911e-03 3.094262e-04 -1.304080e-03 -2.410658e-04 9.173339e-04
1.291183e-02 1.057952e-03 2.996080e-04 -1.251614e-03 -2.175577e-04 9.680013e-04
1.297477e-02 1.043732e-03 2.893630e-04 -1.194471e-03 -1.956507e-04 1.021563e-03
1.303751e-02 1.029942e-03 2.810666e-04 -1.138740e-03 -1.753695e-04 1.078118e-03
1.310022e-02 1.019133e-03 2.733942e-04 -1.086630e-03 -1.555434e-04 1.136191e-03
1.316309e-02 1.005528e-03 2.640342e-04 -1.024527e-03 -1.362618e-04 1.192506e-03
1.322594e-02 9.978389e-04 2.575232e-04 -9.776983e-04 -1.144413e-04 1.251867e-03
1.328870e-02 9.859060e-04 2.498658e-04 -9.172199e-04 -9.745069e-05 1.312562e-03
1.335152e-02 9.778458e-04 2.433322e-04 -8.649237e-04 -7.759786e-05 1.373369e-03
1.341448e-02 9.688326e-04 2.365667e-04 -8.105080e-04 -6.149081e-05 1.432435e-03
1.347734e-02 9.602800e-04 2.296127e-04 -7.537699e-04 -4.255232e-05 1.491627e-03
1.354004e-02 9.551064e-04 2.245058e-04 -7.062170e-04 -2.395475e-05 1.551936e-03
1.360289e-02 9.463032e-04 2.187440e-04 -6.490578e-04 -9.226582e-06 1.610234e-03
1.366571e-02 9.408415e-04 2.135958e-04 -6.000305e-04 6.505521e-06 1.668589e-03
1.372857e-02 9.344335e-04 2.084259e-04 -5.479912e-04 2.196933e-05 1.725623e-03
1.379141e-02 9.290985e-04 2.034672e-04 -4.956939e-04 3.778451e-05 1.785151e-03
1.385412e-02 9.242109e-04 1.998078e-04 -4.512352e-04 5.083383e-05 1.837904e-03
1.391702e-02 9.178673e-04 1.949626e-04 -3.961101e-04 6.406475e-05 1.893141e-03
1.397990e-02 9.148854e-04 1.914251e-04 -3.534197e-04 7.734494e-05 1.946838e-03
1.404272e-02 9.092302e-04 1.878196e-04 -3.043847e-04 9.034095e-05 1.997627e-03
1.410560e-02 9.054289e-04 1.846532e-04 -2.581291e-04 1.006807e-04 2.049016e-03
1.416843e-02 9.010494e-04 1.816395e-04 -2.143381e-04 1.115959e-04 2.095621e-03
1.423121e-02 8.964780e-04 1.782351e-04 -1.673347e-04 1.217041e-04 2.145141e-03
1.429401e-02 8.932553e-04 1.767226e-04 -1.316170e-04 1.309575e-04 2.186964e-03
1.435689e-02 8.888755e-04 1.737753e-04 -8.281282e-05 1.398974e-04 2.233515e-03
1.441980e-02 8.844774e-04 1.720438e-04 -4.704269e-05 1.488332e-04 2.271111e-03
1.448261e-02 8.816309e-04 1.700622e-04 -4.635406e-06 1.563893e-04 2.316289e-03
1.454538e-02 8.765502e-04 1.686762e-04 3.557349e-05 1.630562e-04 2.352722e-03
1.460822e-02 8.732361e-04 1.676511e-04 6.667447e-05 1.683898e-04 2.385893e-03
1.467115e-02 8.683287e-04 1.658941e-04 1.075722e-04 1.748299e-04 2.422137e-03
1.473401e-02 8.647582e-04 1.652447e-04 1.386012e-04 1.798004e-04 2.453801e-03
1.479676e-02 8.607597e-04 1.646856e-04 1.759472e-04 1.853788e-04 2.487292e-03
1.485961e-02 8.552107e-04 1.638661e-04 2.057235e-04 1.875735e-04 2.510889e-03
1.492239e-02 8.511567e-04 1.633092e-04 2.376933e-04 1.918716e-04 2.540011e-03
1.498506e-02 8.452895e-04 1.629691e-04 2.697679e-04 1.956593e-04 2.562842e-03
1.504789e-02 8.412547e-04 1.632249e-04 2.907997e-04 1.952715e-04 2.583645e-03
1.511078e-02 8.349193e-04 1.629318e-04 3.252745e-04 1.986348e-04 2.604913e-03
1.517364e-02 8.308260e-04 1.627847e-04 3.502608e-04 2.009176e-04 2.627415e-03
1.523654e-02 8.239346e-04 1.627353e-04 3.729670e-04 2.019417e-04 2.638548e-03
1.529942e-02 8.182194e-04 1.633291e-04 4.004227e-04 2.037793e-04 2.655975e-03
1.536235e-02 8.122596e-04 1.631615e-04 4.183727e-04 2.008750e-04 2.667567e-03
1.542517e-02 8.051549e-04 1.633089e-04 4.436301e-04 2.038234e-04 2.678199e-03
1.548789e-02 7.994913e-04 1.637207e-04 4.601213e-04 2.023841e-04 2.687817e-03
1.555076e-02 7.917111e-04 1.638088e-04 4.820050e-04 2.032882e-04 2.693401e-03
1.561359e-02 7.848082e-04 1.639136e-04 4.998349e-04 2.022903e-04 2.699487e-03
1.567632e-02 7.772594e-04 1.641906e-04 5.129679e-04 1.990895e-04 2.701670e-03
1.573917e-02 7.692163e-04 1.640887e-04 5.336078e-04 2.019154e-04 2.702211e-03
1.580208e-02 7.614960e-04 1.641351e-04 5.406773e-04 1.963295e-04 2.700344e-03
1.586491e-02 7.534154e-04 1.639801e-04 5.593859e-04 1.977285e-04 2.700082e-03
1.592764e-02 7.453862e-04 1.639341e-04 5.701521e-04 1.958416e-04 2.696856e-03
1.599049e-02 7.361543e-04 1.635222e-04 5.792743e-04 1.943740e-04 2.686600e-03
1.605344e-02 7.278999e-04 1.632508e-04 5.933140e-04 1.941517e-04 2.683466e-03
1.624590e-02 6.988704e-04 1.368332e-04 6.119711e-04 2.457123e-04 2.623187e-03
1.642530e-02 6.719856e-04 1.350277e-04 6.313978e-04 2.403406e-04 2.582479e-03
1.660477e-02 6.467110e-04 1.325156e-04 6.360142e-04 2.302926e-04 2.540400e-03
1.678430e-02 6.139896e-04 1.279030e-04 6.367286e-04 2.247365e-04 2.454539e-03
1.696359e-02 5.866987e-04 1.233174e-04 6.162715e-04 2.140587e-04 2.378305e-03
1.714294e-02 5.574805e-04 1.170691e-04 6.120867e-04 2.077232e-04 2.298968e-03
1.732202e-02 5.282187e-04 1.109076e-04 5.858549e-04 1.975147e-04 2.199185e-03
1.750141e-02 4.997937e-04 1.044552e-04 5.544901e-04 1.887152e-04 2.095990e-03
1.768181e-02 4.715058e-04 9.587731e-05 5.361296e-04 1.805499e-04 1.994461e-03
1.786131e-02 4.473906e-04 9.081642e-05 4.910735e-04 1.702656e-04 1.892416e-03
1.804025e-02 4.196486e-04 8.266260e-05 4.589075e-04 1.581234e-04 1.777061e-03
1.822032e-02 3.938475e-04 7.653333e-05 4.158727e-04 1.494223e-04 1.659861e-03
1.839987e-02 3.711368e-04 7.014120e-05 3.729524e-04 1.364327e-04 1.553293e-03
1.857923e-02 3.482634e-04 6.389537e-05 3.347396e-04 1.246186e-04 1.447043e-03
1.875889e-02 3.262901e-04 5.890609e-05 2.852144e-04 1.130492e-04 1.336024e-03
1.893827e-02 3.054566e-04 5.357148e-05 2.483805e-04 1.025577e-04 1.234534e-03
1.911768e-02 2.864797e-04 4.955011e-05 1.988354e-04 9.143891e-05 1.134101e-03
1.929737e-02 2.679873e-04 4.492761e-05 1.595303e-04 8.096116e-05 1.039834e-03
1.947670e-02 2.503138e-04 4.073423e-05 1.190422e-04 7.146139e-05 9.488961e-04
1.965601e-02 2.339950e-04 3.695111e-05 7.709091e-05 6.183138e-05 8.609404e-04
1.983541e-02 2.190310e-04 3.324313e-05 4.176652e-05 5.510111e-05 7.820862e-04
2.001489e-02 2.059274e-04 2.965721e-05 4.767655e-06 4.745316e-05 7.104044e-04
2.019468e-02 1.926125e-04 2.621742e-05 -2.722061e-05 4.197511e-05 6.387948e-04
2.037444e-02 1.811473e-04 2.275658e-05 -5.734337e-05 3.622260e-05 5.759801e-04
2.055417e-02 1.712932e-04 1.979452e-05 -8.591479e-05 3.210714e-05 5.196027e-04
2.073390e-02 1.617405e-04 1.683487e-05 -1.086537e-04 2.953309e-05 4.669442e-04
2.091338e-02 1.542288e-04 1.389111e-05 -1.325665e-04 2.530908e-05 4.224445e-04
2.109302e-02 1.471125e-04 1.157890e-05 -1.498782e-04 2.311828e-05 3.821123e-04
2.127237e-02 1.415441e-04 9.404074e-06 -1.659452e-04 2.078252e-05 3.482529e-04
2.145116e-02 1.368284e-04 7.638613e-06 -1.798128e-04 1.862384e-05 3.203090e-04
2.163077e-02 1.322081e-04 6.172476e-06 -1.879374e-04 1.701769e-05 2.949268e-04
2.181049e-02 1.296421e-04 5.162986e-06 -1.971146e-04 1.439991e-05 2.787993e-04
2.198999e-02 1.265829e-04 4.425057e-06 -2.002270e-04 1.345786e-05 2.636998e-04
2.216980e-02 1.249418e-04 4.232522e-06 -2.031347e-04 1.096486e-05 2.560333e-04
2.234970e-02 1.233502e-04 4.256206e-06 -2.025008e-04 9.644487e-06 2.508421e-04
2.252980e-02 1.221060e-04 4.655792e-06 -1.997776e-04 7.775230e-06 2.500180e-04
2.270853e-02 1.211903e-04 5.313299e-06 -1.947766e-04 6.248078e-06 2.522833e-04
2.288717e-02 1.200304e-04 6.187942e-06 -1.873939e-04 5.082406e-06 2.568363e-04
2.306686e-02 1.202989e-04 7.263888e-06 -1.807817e-04 3.282601e-06 2.671511e-04
2.324649e-02 1.190299e-04 8.357301e-06 -1.695632e-04 2.780286e-06 2.755411e-04
2.342617e-02 1.191660e-04 9.449645e-06 -1.594337e-04 1.911713e-06 2.895976e-04
2.360560e-02 1.179725e-04 1.055811e-05 -1.466982e-04 1.651204e-06 3.011259e-04
2.378549e-02 1.176959e-04 1.148208e-05 -1.340673e-04 1.535037e-06 3.166994e-04
2.396571e-02 1.172274e-04 1.245666e-05 -1.212197e-04 1.730374e-06 3.321080e-04
2.414482e-02 1.161686e-04 1.294945e-05 -1.068653e-04 2.525853e-06 3.462771e-04
2.432376e-02 1.155746e-04 1.362316e-05 -9.372364e-05 3.319339e-06 3.616232e-04
2.450343e-02 1.146797e-04 1.379959e-05 -7.929151e-05 4.349858e-06 3.762536e-04
2.468304e-02 1.140387e-04 1.390664e-05 -6.667593e-05 5.762604e-06 3.903911e-04
2.486245e-02 1.129086e-04 1.383730e-05 -5.322982e-05 7.188692e-06 4.025553e-04
2.504187e-02 1.117999e-04 1.340223e-05 -4.021607e-05 8.688064e-06 4.134131e-04
2.522156e-02 1.110413e-04 1.335974e-05 -2.939685e-05 1.023036e-05 4.240775e-04
2.540110e-02 1.099742e-04 1.268450e-05 -1.764467e-05 1.146515e-05 4.327755e-04
2.558029e-02 1.089072e-04 1.233784e-05 -8.087288e-06 1.296187e-05 4.391220e-04
2.575992e-02 1.076541e-04 1.182018e-05 1.277760e-06 1.403226e-05 4.436736e-04
2.593954e-02 1.067614e-04 1.132546e-05 9.700269e-06 1.446259e-05 4.485929e-04
2.611933e-02 1.053376e-04 1.102807e-05 1.550657e-05 1.515950e-05 4.489292e-04
2.629913e-02 1.039622e-04 1.061471e-05 2.258729e-05 1.556091e-05 4.492099e-04
2.647853e-02 1.024126e-04 1.038012e-05 2.651690e-05 1.540931e-05 4.467055e-04
2.665812e-02 1.009178e-04 1.019690e-05 3.076588e-05 1.509306e-05 4.437737e-04
2.683805e-02 9.902901e-05 1.003986e-05 3.379482e-05 1.450394e-05 4.385027e-04
2.701719e-02 9.722684e-05 9.999976e-06 3.431099e-05 1.369893e-05 4.316236e-04
2.719620e-02 9.491882e-05 9.979074e-06 3.674615e-05 1.294952e-05 4.234208e-04
2.737553e-02 9.288775e-05 9.887534e-06 3.499929e-05 1.141724e-05 4.142655e-04
2.755538e-02 9.037321e-05 9.990010e-06 3.495201e-05 1.036118e-05 4.034132e-04
2.773538e-02 8.778998e-05 9.952713e-06 3.289553e-05 9.070470e-06 3.912065e-04
2.791455e-02 8.521452e-05 9.934037e-06 3.044243e-05 7.800142e-06 3.787154e-04
2.809381e-02 8.210644e-05 9.901493e-06 2.803311e-05 6.493860e-06 3.638125e-04
2.827308e-02 7.967092e-05 9.849686e-06 2.330257e-05 4.895050e-06 3.508357e-04
2.845277e-02 7.633061e-05 9.747513e-06 2.037466e-05 3.996463e-06 3.343701e-04
2.863250e-02 7.350645e-05 9.557412e-06 1.537546e-05 2.535449e-06 3.192225e-04
2.881166e-02 7.036591e-05 9.371106e-06 1.069715e-05 1.323160e-06 3.026860e-04
2.899137e-02 6.723268e-05 9.190983e-06 6.480957e-06 6.109774e-07 2.865759e-04
2.917126e-02 6.427862e-05 8.914525e-06 5.165539e-07 -5.480833e-07 2.700721e-04
2.935071e-02 6.123948e-05 8.591824e-06 -4.112309e-06 -1.529933e-06 2.539611e-04
2.953030e-02 5.827185e-05 8.297785e-06 -9.603190e-06 -2.171590e-06 2.375435e-04
2.970997e-02 5.534875e-05 7.897740e-06 -1.470788e-05 -2.909317e-06 2.217652e-04
2.988940e-02 5.257487e-05 7.520807e-06 -1.960479e-05 -3.530322e-06 2.064699e-04
3.006874e-02 4.991676e-05 7.121853e-06 -2.462731e-05 -4.109900e-06 1.915217e-04
3.024815e-02 4.726155e-05 6.679268e-06 -2.891016e-05 -4.625969e-06 1.773272e-04
3.042767e-02 4.502737e-05 6.273012e-06 -3.408368e-05 -5.099089e-06 1.639797e-04
3.060744e-02 4.274840e-05 5.820820e-06 -3.775818e-05 -5.383867e-06 1.516138e-04
3.078708e-02 4.053544e-05 5.412195e-06 -4.152114e-05 -5.725237e-06 1.392047e-04
3.096646e-02 3.864086e-05 5.012659e-06 -4.488947e-05 -6.010672e-06 1.285246e-04
3.114600e-02 3.683748e-05 4.639167e-06 -4.769972e-05 -6.187535e-06 1.186361e-04
3.132546e-02 3.533246e-05 4.286803e-06 -5.046666e-05 -6.446260e-06 1.097534e-04
3.150520e-02 3.381615e-05 3.987202e-06 -5.231852e-05 -6.547513e-06 1.017653e-04
3.168484e-02 3.254499e-05 3.718198e-06 -5.393281e-05 -6.699144e-06 9.476835e-05
3.186375e-02 3.143958e-05 3.500868e-06 -5.508795e-05 -6.831344e-06 8.900168e-05
3.204302e-02 3.041151e-05 3.296602e-06 -5.561641e-05 -6.807573e-06 8.393060e-05
3.222277e-02 2.955172e-05 3.162851e-06 -5.577984e-05 -6.868729e-06 7.995844e-05
3.240259e-02 2.875122e-05 3.038422e-06 -5.531947e-05 -6.822908e-06 7.685163e-05
3.258186e-02 2.820311e-05 2.993369e-06 -5.475302e-05 -6.857346e-06 7.483786e-05
3.276123e-02 2.766656e-05 2.920822e-06 -5.351688e-05 -6.667692e-06 7.353489e-05
3.294133e-02 2.723933e-05 2.896560e-06 -5.196094e-05 -6.581078e-06 7.303935e-05
3.312088e-02 2.688417e-05 2.884921e-06 -4.997103e-05 -6.410141e-06 7.324288e-05
3.330035e-02 2.656284e-05 2.860070e-06 -4.755020e-05 -6.114935e-06 7.403684e-05
3.347992e-02 2.647203e-05 2.871859e-06 -4.521914e-05 -5.907728e-06 7.573829e-05
3.365971e-02 2.620206e-05 2.846982e-06 -4.203671e-05 -5.457355e-06 7.740964e-05
3.383927e-02 2.621236e-05 2.862012e-06 -3.923268e-05 -5.212960e-06 8.011556e-05
3.401835e-02 2.608381e-05 2.836759e-06 -3.573239e-05 -4.722576e-06 8.265006e-05
3.419757e-02 2.612318e-05 2.819491e-06 -3.244621e-05 -4.266935e-06 8.587152e-05
3.437723e-02 2.613868e-05 2.789525e-06 -2.895429e-05 -3.786995e-06 8.910798e-05
3.455683e-02 2.616941e-05 2.758216e-06 -2.529491e-05 -3.231873e-06 9.254381e-05
3.473619e-02 2.628227e-05 2.727055e-06 -2.187657e-05 -2.765928e-06 9.613954e-05
3.491584e-02 2.629606e-05 2.683859e-06 -1.821201e-05 -2.175854e-06 9.947677e-05
3.509556e-02 2.643823e-05 2.638126e-06 -1.486874e-05 -1.635080e-06 1.031298e-04
3.527533e-02 2.648434e-05 2.592978e-06 -1.148882e-05 -1.102672e-06 1.063484e-04
3.545456e-02 2.657012e-05 2.534280e-06 -8.131087e-06 -5.109216e-07 1.096042e-04
3.563370e-02 2.659556e-05 2.497128e-06 -5.338193e-06 -4.472357e-08 1.122764e-04
3.581332e-02 2.669142e-05 2.433913e-06 -2.303246e-06 4.576427e-07 1.153516e-04
3.599287e-02 2.668173e-05 2.404145e-06 1.608626e-07 9.242396e-07 1.175291e-04
3.617240e-02 2.666192e-05 2.334146e-06 2.535758e-06 1.316093e-06 1.195157e-04
3.635196e-02 2.656658e-05 2.291559e-06 4.779324e-06 1.756361e-06 1.210028e-04
3.653161e-02 2.654255e-05 2.241490e-06 6.463537e-06 2.038566e-06 1.224936e-04
3.671117e-02 2.644300e-05 2.191782e-06 8.139192e-06 2.381368e-06 1.234965e-04
3.689084e-02 2.620490e-05 2.137374e-06 9.293227e-06 2.582906e-06 1.235266e-04
3.707056e-02 2.602763e-05 2.086997e-06 1.034897e-05 2.811324e-06 1.237042e-04
3.724984e-02 2.573618e-05 2.037811e-06 1.104695e-05 2.952580e-06 1.230477e-04
3.742914e-02 2.554112e-05 1.989092e-06 1.138567e-05 3.022160e-06 1.225814e-04
3.760871e-02 2.508890e-05 1.941907e-06 1.169850e-05 3.130629e-06 1.208430e-04
3.778826e-02 2.474776e-05 1.876089e-06 1.139931e-05 3.085076e-06 1.191589e-04
3.796764e-02 2.432568e-05 1.840386e-06 1.120199e-05 3.117216e-06 1.171811e-04
3.814709e-02 2.389637e-05 1.793031e-06 1.056780e-05 2.971319e-06 1.147753e-04
3.832696e-02 2.335539e-05 1.753780e-06 9.687756e-06 2.884806e-06 1.116733e-04
3.850665e-02 2.280778e-05 1.712406e-06 8.816196e-06 2.764494e-06 1.085901e-04
3.868582e-02 2.227614e-05 1.674212e-06 7.561809e-06 2.543916e-06 1.052130e-04
3.886530e-02 2.168532e-05 1.653275e-06 6.292431e-06 2.363088e-06 1.016120e-04
3.904481e-02 2.107761e-05 1.614967e-06 4.773412e-06 2.116521e-06 9.767547e-05
3.922441e-02 2.042061e-05 1.587280e-06 3.242951e-06 1.878327e-06 9.361145e-05
3.940396e-02 1.978638e-05 1.566392e-06 1.645793e-06 1.612343e-06 8.956342e-05
3.958316e-02 1.911976e-05 1.535117e-06 -1.756818e-07 1.296357e-06 8.519387e-05
3.976287e-02 1.844309e-05 1.507266e-06 -1.855680e-06 1.030599e-06 8.092097e-05
3.994250e-02 1.781535e-05 1.483898e-06 -3.707699e-06 7.533677e-07 7.673041e-05
4.012200e-02 1.711518e-05 1.443847e-06 -5.477691e-06 4.492214e-07 7.232296e-05
4.030171e-02 1.645868e-05 1.413392e-06 -7.192540e-06 1.785422e-07 6.810727e-05
4.048123e-02 1.584885e-05 1.373666e-06 -8.922071e-06 -1.041484e-07 6.412042e-05
4.066058e-02 1.521178e-05 1.329151e-06 -1.056638e-05 -3.585575e-07 6.010405e-05
4.084001e-02 1.459645e-05 1.281602e-06 -1.214097e-05 -5.801385e-07 5.617458e-05
4.101966e-02 1.403694e-05 1.235727e-06 -1.358529e-05 -8.161040e-07 5.262936e-05
4.119937e-02 1.349522e-05 1.186138e-06 -1.499380e-05 -1.028916e-06 4.916027e-05
4.137874e-02 1.301093e-05 1.131994e-06 -1.623547e-05 -1.203456e-06 4.608727e-05
4.155813e-02 1.250952e-05 1.076218e-06 -1.729979e-05 -1.353626e-06 4.304790e-05
4.173777e-02 1.209403e-05 1.023564e-06 -1.832580e-05 -1.482709e-06 4.039667e-05
4.191752e-02 1.170070e-05 9.750078e-07 -1.912128e-05 -1.615639e-06 3.804082e-05
4.209699e-02 1.136021e-05 9.216838e-07 -1.982995e-05 -1.697841e-06 3.594880e-05
4.227635e-02 1.105412e-05 8.734051e-07 -2.034296e-05 -1.753220e-06 3.416792e-05
4.245594e-02 1.077219e-05 8.266861e-07 -2.067714e-05 -1.801142e-06 3.260252e-05
4.263530e-02 1.056920e-05 7.864317e-07 -2.092002e-05 -1.823327e-06 3.147268e-05
4.281442e-02 1.036790e-05 7.473318e-07 -2.093396e-05 -1.825394e-06 3.051174e-05
4.299392e-02 1.024055e-05 7.158451e-07 -2.088573e-05 -1.812238e-06 2.993584e-05
4.317364e-02 1.011833e-05 6.845199e-07 -2.059271e-05 -1.763042e-06 2.954888e-05
4.335324e-02 1.006246e-05 6.700846e-07 -2.025451e-05 -1.726431e-06 2.952139e-05
4.353285e-02 1.002267e-05 6.499531e-07 -1.974299e-05 -1.665588e-06 2.969452e-05
4.371256e-02 1.000368e-05 6.403549e-07 -1.908526e-05 -1.577603e-06 3.007797e-05
4.389237e-02 1.002571e-05 6.343280e-07 -1.835021e-05 -1.486159e-06 3.071200e-05
4.407181e-02 1.005907e-05 6.361032e-07 -1.748096e-05 -1.382486e-06 3.152166e-05
4.425100e-02 1.011741e-05 6.401684e-07 -1.656029e-05 -1.286077e-06 3.251203e-05
4.443069e-02 1.019022e-05 6.481107e-07 -1.552614e-05 -1.158602e-06 3.365057e-05
4.461032e-02 1.027198e-05 6.580851e-07 -1.444279e-05 -1.035156e-06 3.491064e-05
4.478953e-02 1.037564e-05 6.719366e-07 -1.332668e-05 -9.072045e-07 3.627481e-05
4.496901e-02 1.046808e-05 6.821268e-07 -1.213126e-05 -7.735645e-07 3.771302e-05
4.514874e-02 1.058250e-05 6.936298e-07 -1.096602e-05 -6.520719e-07 3.921747e-05
4.532821e-02 1.068328e-05 7.090362e-07 -9.736912e-06 -5.129392e-07 4.072164e-05
4.550745e-02 1.079330e-05 7.147756e-07 -8.553125e-06 -3.844017e-07 4.225047e-05
4.568707e-02 1.089254e-05 7.260538e-07 -7.362016e-06 -2.637707e-07 4.373532e-05
4.586694e-02 1.098784e-05 7.310957e-07 -6.172054e-06 -1.417321e-07 4.521351e-05
4.617836e-02 1.115914e-05 5.317328e-07 -4.322778e-06 7.058996e-07 4.760812e-05
4.680927e-02 1.127729e-05 5.558732e-07 -9.562656e-07 1.004847e-06 5.107104e-05
4.743756e-02 1.129145e-05 5.678547e-07 1.258473e-06 1.100670e-06 5.313463e-05
4.806661e-02 1.101274e-05 6.059399e-07 2.691298e-06 1.115814e-06 5.324970e-05
4.869280e-02 1.051127e-05 6.130952e-07 2.412695e-06 1.002769e-06 5.104576e-05
4.931779e-02 9.740788e-06 5.679044e-07 1.383104e-06 8.135256e-07 4.688660e-05
4.994581e-02 8.929394e-06 4.887173e-07 -4.106272e-07 5.903753e-07 4.184712e-05
5.057480e-02 8.058454e-06 4.140675e-07 -2.784555e-06 3.445239e-07 3.584484e-05
5.120302e-02 7.216438e-06 3.433306e-07 -5.101986e-06 1.029450e-07 2.990474e-05
5.183209e-02 6.463181e-06 2.991891e-07 -7.387727e-06 -1.917213e-07 2.439397e-05
5.246116e-02 5.822504e-06 2.811393e-07 -9.011699e-06 -4.136061e-07 1.996285e-05
5.308896e-02 5.348575e-06 2.752460e-07 -9.959631e-06 -5.618665e-07 1.688944e-05
5.371721e-02 5.009024e-06 2.616957e-07 -1.012355e-05 -6.120487e-07 1.516404e-05
5.434780e-02 4.828528e-06 2.673572e-07 -9.542185e-06 -6.055093e-07 1.476769e-05
5.497604e-02 4.787060e-06 2.592011e-07 -8.455786e-06 -5.176334e-07 1.552373e-05
5.560013e-02 4.811077e-06 2.620479e-07 -6.887499e-06 -3.843042e-07 1.695444e-05
5.622954e-02 4.883359e-06 2.535747e-07 -5.156006e-06 -2.371720e-07 1.874741e-05
5.686173e-02 4.976450e-06 2.443309e-07 -3.587764e-06 -8.178267e-08 2.049918e-05
5.748940e-02 5.012751e-06 2.402496e-07 -2.190169e-06 4.227244e-08 2.184864e-05
5.811669e-02 5.023067e-06 2.346323e-07 -1.312587e-06 1.086826e-07 2.259852e-05
5.874554e-02 4.875965e-06 2.295766e-07 -7.604162e-07 1.564720e-07 2.233441e-05
5.937282e-02 4.696514e-06 2.229173e-07 -7.867663e-07 1.259741e-07 2.146748e-05
6.000021e-02 4.420022e-06 2.247090e-07 -1.198169e-06 6.238102e-08 1.982078e-05
6.062750e-02 4.085050e-06 2.103331e-07 -1.896912e-06 -2.218375e-08 1.768287e-05
6.125597e-02 3.718271e-06 2.034801e-07 -2.772815e-06 -1.152024e-07 1.527464e-05
6.188682e-02 3.367120e-06 1.825895e-07 -3.594433e-06 -2.011336e-07 1.294610e-05
6.251462e-02 3.071276e-06 1.605855e-07 -4.396089e-06 -2.693791e-07 1.087363e-05
6.314049e-02 2.810150e-06 1.411473e-07 -4.872932e-06 -3.091766e-07 9.228536e-06
6.377015e-02 2.630731e-06 1.320952e-07 -5.053950e-06 -3.215836e-07 8.172774e-06
6.439971e-02 2.538396e-06 1.229596e-07 -4.940052e-06 -3.176958e-07 7.787286e-06
6.502803e-02 2.499206e-06 1.212010e-07 -4.487690e-06 -2.794766e-07 7.954051e-06
6.565852e-02 2.515890e-06 1.242399e-07 -3.825633e-06 -2.358882e-07 8.568253e-06
6.628652e-02 2.563071e-06 1.216398e-07 -2.980653e-06 -1.585060e-07 9.477018e-06
6.691319e-02 2.617499e-06 1.250838e-07 -2.133429e-06 -9.863597e-08 1.044210e-05
6.754195e-02 2.668652e-06 1.255838e-07 -1.329532e-06 -3.548672e-08 1.135994e-05
6.816923e-02 2.682389e-06 1.258784e-07 -7.079764e-07 1.457494e-08 1.196258e-05
6.879707e-02 2.649187e-06 1.244597e-07 -3.099367e-07 4.121763e-08 1.217182e-05
6.942589e-02 2.582818e-06 1.168757e-07 -1.384980e-07 7.294533e-08 1.204783e-05
7.005350e-02 2.472833e-06 1.074541e-07 -2.490421e-07 7.164638e-08 1.148332e-05
7.068149e-02 2.313067e-06 9.006272e-08 -5.588065e-07 7.369310e-08 1.048267e-05
7.131092e-02 2.151324e-06 7.518167e-08 -1.041842e-06 5.214900e-08 9.327551e-06
7.194060e-02 1.982830e-06 6.083035e-08 -1.583461e-06 2.588284e-08 8.061425e-06
7.256947e-02 1.822913e-06 4.904053e-08 -2.120042e-06 -1.660550e-08 6.827836e-06
7.319738e-02 1.686918e-06 4.267887e-08 -2.573763e-06 -6.487002e-08 5.761167e-06
7.382604e-02 1.581481e-06 4.454199e-08 -2.864452e-06 -1.097689e-07 4.966385e-06
7.445392e-02 1.508942e-06 4.895850e-08 -2.969231e-06 -1.441467e-07 4.488171e-06
7.507965e-02 1.473927e-06 5.729783e-08 -2.890758e-06 -1.622439e-07 4.361412e-06
7.570782e-02 1.459008e-06 6.669201e-08 -2.614883e-06 -1.603209e-07 4.511096e-06
7.633697e-02 1.472831e-06 7.421390e-08 -2.232853e-06 -1.434076e-07 4.919690e-06
7.696614e-02 1.494748e-06 7.640281e-08 -1.760162e-06 -1.037781e-07 5.460642e-06
7.759521e-02 1.518729e-06 7.141982e-08 -1.288826e-06 -5.501751e-08 6.007392e-06
7.822404e-02 1.545053e-06 5.954337e-08 -8.800296e-07 -8.498206e-09 6.504958e-06
7.885455e-02 1.556510e-06 4.784802e-08 -5.715572e-07 2.979542e-08 6.812080e-06
7.948034e-02 1.552547e-06 4.024725e-08 -4.111454e-07 5.003252e-08 6.906406e-06
8.010544e-02 1.522111e-06 3.862672e-08 -3.860535e-07 4.987528e-08 6.752420e-06
8.168049e-02 1.341626e-06 4.284710e-08 -8.819714e-07 3.089630e-09 5.472741e-06
8.345709e-02 1.075049e-06 3.051652e-08 -1.628177e-06 -4.621291e-08 3.607706e-06
8.524436e-02 9.468558e-07 1.924778e-08 -1.831235e-06 -6.003052e-08 2.768216e-06
8.704550e-02 9.992777e-07 2.564179e-08 -1.226698e-06 -2.520377e-08 3.470511e-06
8.884478e-02 1.086558e-06 2.846538e-08 -3.642632e-07 2.446112e-08 4.620348e-06
9.064103e-02 1.104615e-06 2.368939e-08 -3.017025e-08 4.262964e-08 4.972093e-06
9.243897e-02 9.613636e-07 2.624935e-08 -3.743207e-07 7.535096e-09 3.958077e-06
9.423607e-02 7.673278e-07 2.720291e-08 -9.828143e-07 -4.947687e-08 2.527885e-06
9.603871e-02 6.542030e-07 2.371453e-08 -1.168083e-06 -5.881332e-08 1.844399e-06
9.782410e-02 6.663811e-07 1.549241e-08 -8.075472e-07 -2.238695e-08 2.197542e-06
9.961474e-02 7.380991e-07 1.131621e-08 -2.785487e-07 1.857490e-08 2.942578e-06
1.014127e-01 7.420485e-07 1.543389e-08 -6.225022e-08 1.935280e-08 3.112560e-06
1.031985e-01 6.549004e-07 1.778472e-08 -3.036745e-07 3.997979e-09 2.525299e-06
1.049957e-01 5.381224e-07 9.036189e-09 -6.857357e-07 -1.354883e-08 1.652651e-06
1.067952e-01 4.842543e-07 1.072236e-08 -8.120644e-07 -2.887524e-08 1.258024e-06
1.085930e-01 4.897919e-07 1.595691e-08 -5.571308e-07 -2.648534e-08 1.509151e-06
1.103885e-01 5.288947e-07 9.583073e-09 -2.087296e-07 4.888020e-09 1.993778e-06
1.121821e-01 5.313039e-07 3.813748e-09 -1.082654e-07 2.501247e-08 2.075028e-06
1.139837e-01 4.860406e-07 1.660118e-09 -3.025018e-07 2.101887e-08 1.672624e-06
1.157853e-01 3.572694e-07 8.691578e-09 -2.846152e-07 -2.421330e-09 1.334025e-06
1.239691e-01 2.718664e-07 6.613911e-09 -2.165798e-07 -1.842526e-09 1.015135e-06
1.327314e-01 2.068785e-07 5.032898e-09 -1.648077e-07 -1.402082e-09 7.724733e-07
1.421129e-01 1.574255e-07 3.829815e-09 -1.254115e-07 -1.066923e-09 5.878184e-07
1.521576e-01 1.197939e-07 2.914322e-09 -9.543267e-08 -8.118819e-10 4.473041e-07
1.629123e-01 9.115793e-08 2.217672e-09 -7.262009e-08 -6.178067e-10 3.403789e-07
1.744270e-01 6.936721e-08 1.687552e-09 -5.526072e-08 -4.701239e-10 2.590135e-07
1.867557e-01 5.278541e-08 1.284153e-09 -4.205100e-08 -3.577438e-10 1.970980e-07
1.999558e-01 4.016740e-08 9.771844e-10 -3.199897e-08 -2.722274e-10 1.499829e-07
2.140888e-01 3.056563e-08 7.435946e-10 -2.434982e-08 -2.071532e-10 1.141305e-07
2.292208e-01 2.325911e-08 5.658431e-10 -1.852915e-08 -1.576345e-10 8.684830e-08
2.454224e-01 1.769917e-08 4.305819e-10 -1.409987e-08 -1.199530e-10 6.608776e-08
2.627691e-01 1.346829e-08 3.276540e-10 -1.072939e-08 -9.127897e-11 5.028990e-08
2.813418e-01 1.024878e-08 2.493304e-10 -8.164596e-09 -6.945931e-11 3.826842e-08
3.012273e-01 7.798877e-09 1.897295e-10 -6.212901e-09 -5.285550e-11 2.912060e-08
3.225183e-01 5.934605e-09 1.443759e-10 -4.727746e-09 -4.022073e-11 2.215950e-08
3.453142e-01 4.515975e-09 1.098637e-10 -3.597608e-09 -3.060622e-11 1.686241e-08
3.697214e-01 3.436460e-09 8.360151e-11 -2.737623e-09 -2.329000e-11 1.283156e-08
3.958536e-01 2.614996e-09 6.361710e-11 -2.083211e-09 -1.772267e-11 9.764257e-09
4.238329e-01 1.989898e-09 4.840983e-11 -1.585233e-09 -1.348618e-11 7.430173e-09
4.537898e-01 1.514225e-09 3.683777e-11 -1.206293e-09 -1.026239e-11 5.654037e-09
4.858641e-01 1.152259e-09 2.803193e-11 -9.179363e-10 -7.809233e-12 4.302475e-09
5.202054e-01 8.768190e-10 2.133108e-11 -6.985095e-10 -5.942485e-12 3.273996e-09
5.569740e-01 6.672210e-10 1.623202e-11 -5.315352e-10 -4.521972e-12 2.491368e-09
5.963415e-01 5.077260e-10 1.235186e-11 -4.044751e-10 -3.441023e-12 1.895822e-09
6.384914e-01 3.863573e-10 9.399224e-12 -3.077879e-10 -2.618468e-12 1.442638e-09
6.836206e-01 2.940011e-10 7.152399e-12 -2.342131e-10 -1.992540e-12 1.097784e-09
7.319396e-01 2.237220e-10 5.442663e-12 -1.782260e-10 -1.516236e-12 8.353660e-10
7.836737e-01 1.702426e-10 4.141629e-12 -1.356222e-10 -1.153789e-12 6.356771e-10
8.390645e-01 1.295472e-10 3.151599e-12 -1.032026e-10 -8.779833e-13 4.837225e-10
8.983704e-01 9.857978e-11 2.398229e-12 -7.853263e-11 -6.681069e-13 3.680917e-10
9.618680e-01 7.501490e-11 1.824948e-12 -5.975991e-11 -5.084002e-13 2.801017e-10
1.029854e+00 5.708307e-11 1.388705e-12 -4.547468e-11 -3.868703e-13 2.131452e-10
1.102645e+00 4.343772e-11 1.056744e-12 -3.460424e-11 -2.943914e-13 1.621942e-10
1.180581e+00 3.305421e-11 8.041362e-13 -2.633232e-11 -2.240190e-13 1.234227e-10
1.264025e+00 2.515281e-11 6.119125e-13 -2.003774e-11 -1.704687e-13 9.391927e-11
1.353368e+00 1.914019e-11 4.656387e-13 -1.524785e-11 -1.297192e-13 7.146846e-11
1.449025e+00 1.456485e-11 3.543307e-13 -1.160295e-11 -9.871067e-14 5.438438e-11
1.551443e+00 1.108321e-11 2.696302e-13 -8.829336e-12 -7.511451e-14 4.138414e-11
1.661101e+00 8.433842e-12 2.051768e-13 -6.718739e-12 -5.715886e-14 3.149152e-11
1.778509e+00 6.417785e-12 1.561306e-13 -5.112667e-12 -4.349540e-14 2.396367e-11
1.904216e+00 4.883654e-12 1.188086e-13 -3.890516e-12 -3.309810e-14 1.823531e-11
2.038807e+00 3.716248e-12 9.040813e-14 -2.960513e-12 -2.518621e-14 1.387627e-11
2.182912e+00 2.827902e-12 6.879664e-14 -2.252821e-12 -1.916560e-14 1.055924e-11
2.337203e+00 2.151910e-12 5.235124e-14 -1.714299e-12 -1.458419e-14 8.035119e-12
2.502398e+00 1.637510e-12 3.983701e-14 -1.304506e-12 -1.109793e-14 6.114374e-12
2.679270e+00 1.246073e-12 3.031422e-14 -9.926723e-13 -8.445040e-15 4.652772e-12
2.868643e+00 9.482073e-13 2.306780e-14 -7.553803e-13 -6.426307e-15 3.540556e-12
3.071402e+00 7.215444e-13 1.755359e-14 -5.748114e-13 -4.890139e-15 2.694209e-12
3.288491e+00 5.490638e-13 1.335751e-14 -4.374064e-13 -3.721182e-15 2.050175e-12
3.520925e+00 4.178135e-13 1.016448e-14 -3.328472e-13 -2.831657e-15 1.560094e-12
3.769787e+00 3.179379e-13 7.734729e-15 -2.532822e-13 -2.154767e-15 1.187163e-12
4.036239e+00 2.419368e-13 5.885791e-15 -1.927367e-13 -1.639684e-15 9.033794e-13
4.321524e+00 1.841034e-13 4.478830e-15 -1.466642e-13 -1.247728e-15 6.874323e-13
4.626973e+00 1.400946e-13 3.408194e-15 -1.116050e-13 -9.494664e-16 5.231059e-13
4.954012e+00 1.066059e-13 2.593487e-15 -8.492656e-14 -7.225025e-16 3.980608e-13
5.304166e+00 8.112242e-14 1.973530e-15 -6.462540e-14 -5.497928e-16 3.029069e-13
5.679070e+00 6.173062e-14 1.501770e-15 -4.917711e-14 -4.183683e-16 2.304989e-13
6.080472e+00 4.697431e-14 1.142782e-15 -3.742163e-14 -3.183600e-16 1.753996e-13
6.510245e+00 3.574540e-14 8.696069e-16 -2.847623e-14 -2.422581e-16 1.334714e-13
6.970395e+00 2.720069e-14 6.617329e-16 -2.166917e-14 -1.843478e-16 1.015659e-13
7.463069e+00 2.069853e-14 5.035498e-16 -1.648929e-14 -1.402806e-16 7.728724e-14
7.990566e+00 1.575068e-14 3.831794e-16 -1.254763e-14 -1.067474e-16 5.881221e-14
8.555347e+00 1.198558e-14 2.915828e-16 -9.548198e-15 -8.123014e-17 4.475352e-14
9.160046e+00 9.120503e-15 2.218818e-16 -7.265761e-15 -6.181259e-17 3.405548e-14
9.807487e+00 6.940305e-15 1.688423e-16 -5.528927e-15 -4.703668e-17 2.591473e-14
1.050069e+01 5.281269e-15 1.284817e-16 -4.207272e-15 -3.579286e-17 1.971998e-14
1.124289e+01 4.018815e-15 9.776893e-17 -3.201550e-15 -2.723680e-17 1.500604e-14
1.203755e+01 3.058143e-15 7.439788e-17 -2.436240e-15 -2.072602e-17 1.141894e-14
1.288837e+01 2.327113e-15 5.661354e-17 -1.853872e-15 -1.577159e-17 8.689317e-15
1.379933e+01 1.770831e-15 4.308043e-17 -1.410716e-15 -1.200149e-17 6.612191e-15
1.477468e+01 1.347525e-15 3.278233e-17 -1.073493e-15 -9.132614e-18 5.031589e-15
1.581897e+01 1.025408e-15 2.494592e-17 -8.168814e-16 -6.949520e-18 3.828819e-15
1.693707e+01 7.802907e-16 1.898276e-17 -6.216111e-16 -5.288281e-18 2.913564e-15
1.813420e+01 5.937671e-16 1.444505e-17 -4.730189e-16 -4.024151e-18 2.217095e-15
1.941594e+01 4.518308e-16 1.099205e-17 -3.599467e-16 -3.062203e-18 1.687113e-15
2.078828e+01 3.438235e-16 8.364471e-18 -2.739037e-16 -2.330203e-18 1.283819e-15
2.225761e+01 2.616347e-16 6.364997e-18 -2.084288e-16 -1.773183e-18 9.769302e-16
2.383080e+01 1.990926e-16 4.843485e-18 -1.586052e-16 -1.349315e-18 7.434012e-16
2.551518e+01 1.515008e-16 3.685680e-18 -1.206916e-16 -1.026769e-18 5.656959e-16
2.731862e+01 1.152855e-16 2.804642e-18 -9.184106e-17 -7.813267e-19 4.304698e-16
2.924952e+01 8.772720e-17 2.134210e-18 -6.988704e-17 -5.945555e-19 3.275688e-16
3.131691e+01 6.675657e-17 1.624041e-18 -5.318098e-17 -4.524308e-19 2.492655e-16
3.353042e+01 5.079883e-17 1.235824e-18 -4.046841e-17 -3.442801e-19 1.896802e-16
3.590038e+01 3.865569e-17 9.404080e-19 -3.079469e-17 -2.619821e-19 1.443383e-16
3.843785e+01 2.941530e-17 7.156094e-19 -2.343341e-17 -1.993569e-19 1.098352e-16
4.115467e+01 2.238376e-17 5.445475e-19 -1.783180e-17 -1.517019e-19 8.357976e-17
4.406352e+01 1.703306e-17 4.143769e-19 -1.356922e-17 -1.154385e-19 6.360055e-17
4.717797e+01 1.296142e-17 3.153227e-19 -1.032559e-17 -8.784369e-20 4.839724e-17
5.051255e+01 9.863071e-18 2.399468e-19 -7.857321e-18 -6.684521e-20 3.682819e-17
5.408283e+01 7.505366e-18 1.825891e-19 -5.979078e-18 -5.086629e-20 2.802464e-17
5.790545e+01 5.711256e-18 1.389423e-19 -4.549817e-18 -3.870702e-20 2.132553e-17
6.199826e+01 4.346016e-18 1.057290e-19 -3.462212e-18 -2.945435e-20 1.622780e-17
6.638036e+01 3.307129e-18 8.045517e-20 -2.634592e-18 -2.241348e-20 1.234864e-17
7.107219e+01 2.516580e-18 6.122287e-20 -2.004810e-18 -1.705568e-20 9.396779e-18
7.609563e+01 1.915008e-18 4.658793e-20 -1.525573e-18 -1.297863e-20 7.150538e-18
8.147414e+01 1.457237e-18 3.545138e-20 -1.160894e-18 -9.876167e-21 5.441248e-18
8.723281e+01 1.108894e-18 2.697695e-20 -8.833898e-19 -7.515332e-21 4.140552e-18
9.339851e+01 8.438199e-19 2.052828e-20 -6.722210e-19 -5.718839e-21 3.150779e-18
1.000000e+02 6.421101e-19 1.562113e-20 -5.115309e-19 -4.351787e-21 2.397605e-18
