# k [h/Mpc], q0, q1/i, q2, q3/i, q4
1.000000e-06 7.961871e+08 1.035231e+07 3.149640e+05 -1.772955e+07 8.794762e+08
1.489784e-06 7.961871e+08 1.035231e+07 3.149640e+05 -1.772955e+07 8.794762e+08
2.219456e-06 7.961871e+08 1.035231e+07 3.149640e+05 -1.772955e+07 8.794762e+08
3.306511e-06 7.961871e+08 1.035231e+07 3.149640e+05 -1.772955e+07 8.794762e+08
4.925987e-06 7.961871e+08 1.035231e+07 3.149640e+05 -1.772955e+07 8.794762e+08
7.338656e-06 7.961871e+08 1.035231e+07 3.149640e+05 -1.772955e+07 8.794762e+08
1.093301e-05 7.961871e+08 1.035231e+07 3.149640e+05 -1.772955e+07 8.794762e+08
1.628783e-05 7.961871e+08 1.035231e+07 3.149640e+05 -1.772955e+07 8.794762e+08
2.426534e-05 7.961871e+08 1.035231e+07 3.149640e+05 -1.772955e+07 8.794762e+08
3.615012e-05 7.961871e+08 1.035231e+07 3.149640e+05 -1.772955e+07 8.794762e+08
5.385587e-05 7.961871e+08 1.035231e+07 3.149640e+05 -1.772955e+07 8.794762e+08
1.034961e-04 7.954143e+08 1.987544e+07 4.682218e+05 1.201044e+06 -8.700423e+07
1.650345e-04 7.937065e+08 3.162271e+07 9.479031e+05 6.728965e+06 -1.051433e+08
2.219461e-04 7.914779e+08 4.239007e+07 2.092333e+06 -1.968854e+06 3.949078e+07
2.831569e-04 7.883263e+08 5.384851e+07 3.176418e+06 2.918351e+06 -2.186974e+07
3.481074e-04 7.841779e+08 6.582197e+07 4.709728e+06 4.903622e+06 -3.072541e+07
4.078467e-04 7.797797e+08 7.615942e+07 -2.384870e+07 -4.190954e+06 2.327018e+07
4.685721e-04 7.742579e+08 8.763843e+07 2.811590e+07 4.369361e+06 -5.594995e+06
5.344152e-04 7.677648e+08 9.879883e+07 1.628295e+07 5.128693e+06 -1.030923e+07
5.979215e-04 7.607824e+08 1.092253e+08 1.012491e+07 2.415461e+06 1.524336e+06
6.594309e-04 7.532564e+08 1.192057e+08 1.758366e+07 2.357173e+06 8.533839e+06
7.211547e-04 7.450785e+08 1.288462e+08 2.031760e+07 8.223991e+06 -1.247943e+07
7.842715e-04 7.361437e+08 1.381064e+08 1.935878e+07 6.950677e+06 -3.987457e+06
8.480725e-04 7.263932e+08 1.471919e+08 2.645268e+07 7.581307e+06 1.601678e+06
9.105595e-04 7.161726e+08 1.557534e+08 3.749524e+07 1.080043e+07 8.911512e+05
9.726731e-04 7.056571e+08 1.635039e+08 3.634336e+07 1.256098e+07 -1.856544e+06
1.035373e-03 6.943995e+08 1.710414e+08 4.201834e+07 1.729389e+07 -7.586813e+06
1.098784e-03 6.826249e+08 1.779123e+08 4.539299e+07 1.636733e+07 5.757088e+05
1.161586e-03 6.704623e+08 1.843451e+08 4.901611e+07 2.078274e+07 -5.081929e+06
1.224174e-03 6.579099e+08 1.901436e+08 5.538792e+07 2.221323e+07 2.700719e+05
1.288412e-03 6.446035e+08 1.956688e+08 5.988873e+07 2.857986e+07 -8.878803e+06
1.351080e-03 6.313812e+08 2.001977e+08 6.623822e+07 2.716460e+07 4.534205e+06
1.412291e-03 6.179960e+08 2.044681e+08 7.160281e+07 3.551687e+07 -6.713343e+06
1.475368e-03 6.041431e+08 2.080164e+08 7.481960e+07 3.753731e+07 -6.648024e+06
1.538515e-03 5.898248e+08 2.112910e+08 8.041428e+07 4.539922e+07 -1.517675e+07
1.601338e-03 5.757194e+08 2.133544e+08 8.712276e+07 4.185855e+07 4.418892e+06
1.665074e-03 5.608989e+08 2.154673e+08 9.408525e+07 4.920023e+07 -1.933761e+06
1.728027e-03 5.461882e+08 2.171916e+08 9.555501e+07 5.846028e+07 -1.684177e+07
1.789887e-03 5.317014e+08 2.177892e+08 1.058841e+08 5.991000e+07 -4.465956e+06
1.852570e-03 5.170021e+08 2.183477e+08 1.072415e+08 6.680937e+07 -1.567400e+07
1.915088e-03 5.024281e+08 2.179153e+08 1.149899e+08 6.813791e+07 -5.008836e+06
1.978019e-03 4.874018e+08 2.177130e+08 1.182399e+08 7.834916e+07 -1.912159e+07
2.041684e-03 4.725871e+08 2.163194e+08 1.261930e+08 8.076922e+07 -1.012418e+07
2.104726e-03 4.579514e+08 2.148772e+08 1.289638e+08 8.601468e+07 -1.523730e+07
2.167060e-03 4.433989e+08 2.130187e+08 1.345910e+08 9.272605e+07 -1.779994e+07
2.229921e-03 4.290352e+08 2.106343e+08 1.392031e+08 9.717809e+07 -1.777153e+07
2.292794e-03 4.146755e+08 2.080136e+08 1.434808e+08 1.036132e+08 -2.166148e+07
2.355230e-03 4.007598e+08 2.048291e+08 1.489681e+08 1.075710e+08 -1.910156e+07
2.418331e-03 3.868323e+08 2.013997e+08 1.534701e+08 1.129292e+08 -2.011999e+07
2.481215e-03 3.730382e+08 1.978409e+08 1.569710e+08 1.192930e+08 -2.496130e+07
2.543891e-03 3.598110e+08 1.937309e+08 1.616968e+08 1.227395e+08 -2.181245e+07
2.607003e-03 3.463459e+08 1.897033e+08 1.648360e+08 1.297984e+08 -2.799877e+07
2.669740e-03 3.334081e+08 1.853458e+08 1.681416e+08 1.346809e+08 -2.952553e+07
2.732628e-03 3.210749e+08 1.804572e+08 1.725169e+08 1.377115e+08 -2.660008e+07
2.796013e-03 3.084677e+08 1.757695e+08 1.752898e+08 1.435833e+08 -3.054161e+07
2.858795e-03 2.964449e+08 1.709057e+08 1.778463e+08 1.473865e+08 -3.088355e+07
2.920959e-03 2.850612e+08 1.657682e+08 1.808398e+08 1.511971e+08 -3.198778e+07
2.983535e-03 2.735934e+08 1.607720e+08 1.829495e+08 1.557020e+08 -3.355972e+07
3.046449e-03 2.624520e+08 1.555762e+08 1.849644e+08 1.601262e+08 -3.648234e+07
3.109435e-03 2.516616e+08 1.504372e+08 1.861012e+08 1.628775e+08 -3.733608e+07
3.172429e-03 2.417331e+08 1.448262e+08 1.894332e+08 1.648741e+08 -3.329302e+07
3.235378e-03 2.315272e+08 1.396123e+08 1.905316e+08 1.689307e+08 -3.722569e+07
3.298350e-03 2.217601e+08 1.344124e+08 1.913256e+08 1.711762e+08 -3.718710e+07
3.361502e-03 2.121889e+08 1.292056e+08 1.917406e+08 1.744501e+08 -4.064127e+07
3.424034e-03 2.033264e+08 1.240250e+08 1.925348e+08 1.759977e+08 -3.948291e+07
3.486610e-03 1.948623e+08 1.188652e+08 1.932145e+08 1.774862e+08 -3.886076e+07
3.549533e-03 1.862457e+08 1.138872e+08 1.928326e+08 1.796005e+08 -4.138643e+07
3.612035e-03 1.788069e+08 1.087714e+08 1.945495e+08 1.795874e+08 -3.613823e+07
3.674842e-03 1.705530e+08 1.041592e+08 1.919591e+08 1.815169e+08 -4.196633e+07
3.737743e-03 1.634878e+08 9.930441e+07 1.925320e+08 1.815389e+08 -3.898482e+07
3.800817e-03 1.559814e+08 9.480872e+07 1.905151e+08 1.824438e+08 -4.125976e+07
3.863693e-03 1.496900e+08 9.017220e+07 1.909347e+08 1.818531e+08 -3.805461e+07
3.926624e-03 1.429283e+08 8.590446e+07 1.890661e+08 1.818058e+08 -3.844444e+07
3.989691e-03 1.368515e+08 8.166243e+07 1.878580e+08 1.812350e+08 -3.788374e+07
4.052279e-03 1.308652e+08 7.765089e+07 1.861227e+08 1.803394e+08 -3.687170e+07
4.115276e-03 1.250746e+08 7.372224e+07 1.840859e+08 1.795588e+08 -3.710329e+07
4.178091e-03 1.198486e+08 6.998459e+07 1.824280e+08 1.779536e+08 -3.508292e+07
4.240529e-03 1.145647e+08 6.642723e+07 1.801293e+08 1.765579e+08 -3.403053e+07
4.303566e-03 1.097131e+08 6.293395e+07 1.780243e+08 1.746873e+08 -3.296368e+07
4.366473e-03 1.049845e+08 5.968061e+07 1.756313e+08 1.727367e+08 -3.087113e+07
4.429136e-03 1.004892e+08 5.653493e+07 1.727514e+08 1.707145e+08 -3.084855e+07
4.491804e-03 9.589371e+07 5.355187e+07 1.694538e+08 1.681253e+08 -2.958676e+07
4.554524e-03 9.220395e+07 5.067913e+07 1.677899e+08 1.658428e+08 -2.691588e+07
4.617696e-03 8.812785e+07 4.802186e+07 1.640750e+08 1.629419e+08 -2.570271e+07
4.680743e-03 8.438252e+07 4.541186e+07 1.613563e+08 1.601133e+08 -2.360771e+07
4.743600e-03 8.078895e+07 4.295404e+07 1.580729e+08 1.569787e+08 -2.221605e+07
4.806460e-03 7.752779e+07 4.070732e+07 1.552757e+08 1.542684e+08 -1.968287e+07
4.869182e-03 7.429273e+07 3.850206e+07 1.518877e+08 1.508932e+08 -1.845551e+07
4.931803e-03 7.096317e+07 3.641380e+07 1.481202e+08 1.475089e+08 -1.674973e+07
4.994544e-03 6.811517e+07 3.450188e+07 1.449200e+08 1.442782e+08 -1.476304e+07
5.057296e-03 6.536960e+07 3.265195e+07 1.418760e+08 1.409583e+08 -1.245892e+07
5.120127e-03 6.269266e+07 3.097358e+07 1.381966e+08 1.374509e+08 -1.079663e+07
5.183244e-03 5.999467e+07 2.925488e+07 1.346446e+08 1.337690e+08 -8.901151e+06
5.246213e-03 5.754015e+07 2.772224e+07 1.311745e+08 1.303049e+08 -6.978460e+06
5.308940e-03 5.509916e+07 2.622242e+07 1.274509e+08 1.265828e+08 -5.376529e+06
5.371705e-03 5.298171e+07 2.488849e+07 1.243112e+08 1.232039e+08 -3.265678e+06
5.434764e-03 5.083287e+07 2.357363e+07 1.210041e+08 1.197130e+08 -1.009189e+06
5.497589e-03 4.861042e+07 2.230779e+07 1.168579e+08 1.158281e+08 -1.926550e+05
5.560094e-03 4.683902e+07 2.119494e+07 1.141386e+08 1.126119e+08 2.490835e+06
5.623090e-03 4.477108e+07 2.005252e+07 1.101204e+08 1.089717e+08 3.389541e+06
5.686167e-03 4.300666e+07 1.897532e+07 1.069248e+08 1.053839e+08 5.275416e+06
5.748863e-03 4.122596e+07 1.798409e+07 1.034320e+08 1.019529e+08 6.882852e+06
5.811791e-03 3.970582e+07 1.709955e+07 1.004202e+08 9.873443e+07 8.341229e+06
5.874636e-03 3.802458e+07 1.613283e+07 9.701687e+07 9.524137e+07 1.000704e+07
5.937271e-03 3.648042e+07 1.530352e+07 9.358155e+07 9.201093e+07 1.077526e+07
6.000058e-03 3.506213e+07 1.449767e+07 9.054242e+07 8.879137e+07 1.232025e+07
6.062729e-03 3.361970e+07 1.371264e+07 8.725456e+07 8.559342e+07 1.327458e+07
6.125517e-03 3.228718e+07 1.294917e+07 8.417827e+07 8.242265e+07 1.435718e+07
6.188708e-03 3.102940e+07 1.225930e+07 8.129883e+07 7.950195e+07 1.573375e+07
6.251555e-03 2.983208e+07 1.160919e+07 7.828662e+07 7.656788e+07 1.621660e+07
6.314077e-03 2.864963e+07 1.093251e+07 7.543296e+07 7.361881e+07 1.733810e+07
6.377058e-03 2.747695e+07 1.031080e+07 7.239873e+07 7.074413e+07 1.789115e+07
6.440009e-03 2.643723e+07 9.734236e+06 6.969764e+07 6.804771e+07 1.847820e+07
6.502812e-03 2.545286e+07 9.176456e+06 6.714433e+07 6.545508e+07 1.938960e+07
6.565726e-03 2.437440e+07 8.626145e+06 6.413155e+07 6.268803e+07 1.937787e+07
6.628521e-03 2.351804e+07 8.123563e+06 6.185186e+07 6.032090e+07 2.025159e+07
6.691272e-03 2.261175e+07 7.637944e+06 5.922587e+07 5.782638e+07 2.029317e+07
6.754176e-03 2.177946e+07 7.176055e+06 5.687183e+07 5.551493e+07 2.076347e+07
6.816888e-03 2.095414e+07 6.728880e+06 5.445804e+07 5.317968e+07 2.093841e+07
6.879625e-03 2.012261e+07 6.298242e+06 5.194588e+07 5.082824e+07 2.086075e+07
6.942449e-03 1.945400e+07 5.904215e+06 4.991029e+07 4.877229e+07 2.116535e+07
7.005248e-03 1.871675e+07 5.546972e+06 4.764106e+07 4.670688e+07 2.098198e+07
7.068136e-03 1.804124e+07 5.172171e+06 4.550470e+07 4.460430e+07 2.100854e+07
7.131053e-03 1.740596e+07 4.836523e+06 4.347758e+07 4.265329e+07 2.096145e+07
7.194010e-03 1.677596e+07 4.526922e+06 4.142223e+07 4.074594e+07 2.067650e+07
7.256902e-03 1.622946e+07 4.227473e+06 3.960963e+07 3.894369e+07 2.069708e+07
7.319748e-03 1.561183e+07 3.947635e+06 3.754604e+07 3.705291e+07 2.020433e+07
7.382611e-03 1.513217e+07 3.695659e+06 3.590920e+07 3.544265e+07 2.013560e+07
7.445306e-03 1.458243e+07 3.453052e+06 3.404177e+07 3.369902e+07 1.970112e+07
7.507906e-03 1.412510e+07 3.240583e+06 3.242081e+07 3.216074e+07 1.939366e+07
7.570818e-03 1.361768e+07 3.022288e+06 3.067128e+07 3.044850e+07 1.903014e+07
7.633721e-03 1.318806e+07 2.849018e+06 2.915425e+07 2.907027e+07 1.856646e+07
7.696586e-03 1.279418e+07 2.665527e+06 2.768340e+07 2.757857e+07 1.834183e+07
7.759492e-03 1.235651e+07 2.518591e+06 2.614359e+07 2.618667e+07 1.775100e+07
7.822382e-03 1.198011e+07 2.378340e+06 2.478544e+07 2.483125e+07 1.744327e+07
7.885469e-03 1.158058e+07 2.243765e+06 2.332901e+07 2.346086e+07 1.688117e+07
7.948044e-03 1.123273e+07 2.136532e+06 2.207149e+07 2.225306e+07 1.646389e+07
8.010528e-03 1.086897e+07 2.032378e+06 2.075527e+07 2.093072e+07 1.603471e+07
8.073516e-03 1.053018e+07 1.946223e+06 1.954416e+07 1.984716e+07 1.543931e+07
8.136423e-03 1.021403e+07 1.865131e+06 1.838931e+07 1.864889e+07 1.511907e+07
8.199228e-03 9.915841e+06 1.801188e+06 1.729807e+07 1.762786e+07 1.462001e+07
8.262023e-03 9.591027e+06 1.738690e+06 1.615122e+07 1.651879e+07 1.409415e+07
8.324981e-03 9.310718e+06 1.691481e+06 1.516874e+07 1.551770e+07 1.371529e+07
8.388025e-03 9.005925e+06 1.645695e+06 1.410994e+07 1.455073e+07 1.312818e+07
8.450798e-03 8.749963e+06 1.614813e+06 1.321704e+07 1.360761e+07 1.280350e+07
8.513424e-03 8.455029e+06 1.581023e+06 1.225221e+07 1.271116e+07 1.223872e+07
8.576219e-03 8.210655e+06 1.560161e+06 1.141791e+07 1.184782e+07 1.189147e+07
8.639099e-03 7.952800e+06 1.537715e+06 1.057317e+07 1.104861e+07 1.140245e+07
8.701941e-03 7.695986e+06 1.525101e+06 9.767118e+06 1.025129e+07 1.097838e+07
8.764716e-03 7.453433e+06 1.513410e+06 9.022609e+06 9.480315e+06 1.060199e+07
8.827545e-03 7.208664e+06 1.499692e+06 8.275424e+06 8.782318e+06 1.012891e+07
8.890404e-03 6.995571e+06 1.496698e+06 7.616722e+06 8.109047e+06 9.801814e+06
8.953189e-03 6.754379e+06 1.487996e+06 6.942969e+06 7.456856e+06 9.366697e+06
9.016039e-03 6.531479e+06 1.482259e+06 6.324598e+06 6.850404e+06 8.978957e+06
9.078883e-03 6.325115e+06 1.481259e+06 5.746266e+06 6.250258e+06 8.670689e+06
9.141797e-03 6.106126e+06 1.470589e+06 5.176473e+06 5.732957e+06 8.230088e+06
9.204714e-03 5.901675e+06 1.470494e+06 4.652212e+06 5.178132e+06 7.953536e+06
9.267500e-03 5.697646e+06 1.464245e+06 4.145881e+06 4.719104e+06 7.556206e+06
9.330389e-03 5.508653e+06 1.457649e+06 3.680823e+06 4.255116e+06 7.255966e+06
9.393353e-03 5.300369e+06 1.447593e+06 3.231358e+06 3.792082e+06 6.942077e+06
9.456033e-03 5.121635e+06 1.437478e+06 2.805009e+06 3.427540e+06 6.581541e+06
9.518699e-03 4.930613e+06 1.431217e+06 2.433796e+06 3.018126e+06 6.335805e+06
9.581480e-03 4.753655e+06 1.413927e+06 2.049444e+06 2.689226e+06 5.981832e+06
9.644431e-03 4.578044e+06 1.400734e+06 1.709532e+06 2.344816e+06 5.731525e+06
9.707436e-03 4.412067e+06 1.385554e+06 1.380739e+06 2.047732e+06 5.445851e+06
9.770160e-03 4.245944e+06 1.367367e+06 1.084238e+06 1.774520e+06 5.162991e+06
9.832865e-03 4.084086e+06 1.350991e+06 8.067141e+05 1.501055e+06 4.928027e+06
9.895597e-03 3.934039e+06 1.324102e+06 5.349465e+05 1.277280e+06 4.641109e+06
9.958595e-03 3.770449e+06 1.303415e+06 3.073786e+05 1.042928e+06 4.417742e+06
1.002149e-02 3.630120e+06 1.278402e+06 7.438843e+04 8.553630e+05 4.150179e+06
1.008410e-02 3.485277e+06 1.252342e+06 -1.298410e+05 6.697352e+05 3.924314e+06
1.014702e-02 3.350755e+06 1.222576e+06 -3.141532e+05 4.947809e+05 3.734171e+06
1.020999e-02 3.221210e+06 1.195877e+06 -5.026873e+05 3.579853e+05 3.476014e+06
1.027280e-02 3.089847e+06 1.169291e+06 -6.507624e+05 2.165329e+05 3.288444e+06
1.033567e-02 2.969196e+06 1.135066e+06 -8.046581e+05 1.036735e+05 3.067451e+06
1.039854e-02 2.844640e+06 1.101066e+06 -9.279943e+05 -8.806307e+03 2.885086e+06
1.046130e-02 2.736497e+06 1.071878e+06 -1.052404e+06 -1.057127e+05 2.702315e+06
1.052408e-02 2.624108e+06 1.038781e+06 -1.160473e+06 -1.847845e+05 2.506095e+06
1.058689e-02 2.516077e+06 1.003016e+06 -1.246334e+06 -2.613696e+05 2.351563e+06
1.064973e-02 2.421474e+06 9.713192e+05 -1.346515e+06 -3.186499e+05 2.170135e+06
1.071266e-02 2.324357e+06 9.401510e+05 -1.415020e+06 -3.790730e+05 2.031976e+06
1.077552e-02 2.229626e+06 9.062047e+05 -1.482437e+06 -4.190461e+05 1.865036e+06
1.083829e-02 2.144295e+06 8.722578e+05 -1.540072e+06 -4.605337e+05 1.732677e+06
1.090115e-02 2.059215e+06 8.414894e+05 -1.587972e+06 -4.917123e+05 1.603204e+06
1.096400e-02 1.981636e+06 8.087072e+05 -1.634404e+06 -5.163134e+05 1.468281e+06
1.102688e-02 1.903456e+06 7.776123e+05 -1.663164e+06 -5.370324e+05 1.355387e+06
1.108967e-02 1.831709e+06 7.451104e+05 -1.692731e+06 -5.477183e+05 1.239856e+06
1.115232e-02 1.762254e+06 7.155493e+05 -1.711184e+06 -5.562060e+05 1.135494e+06
1.121507e-02 1.696719e+06 6.871059e+05 -1.726705e+06 -5.652437e+05 1.045353e+06
1.127797e-02 1.638837e+06 6.599621e+05 -1.742384e+06 -5.677061e+05 9.557809e+05
1.134099e-02 1.575840e+06 6.301782e+05 -1.739435e+06 -5.667429e+05 8.799403e+05
1.140372e-02 1.523186e+06 6.052893e+05 -1.744994e+06 -5.568779e+05 7.970293e+05
1.146650e-02 1.469352e+06 5.801710e+05 -1.737876e+06 -5.558140e+05 7.360291e+05
1.152952e-02 1.421173e+06 5.550498e+05 -1.731515e+06 -5.465145e+05 6.815400e+05
1.159236e-02 1.374105e+06 5.314133e+05 -1.718800e+06 -5.326531e+05 6.255372e+05
1.165521e-02 1.327829e+06 5.098478e+05 -1.701085e+06 -5.238679e+05 5.833416e+05
1.171802e-02 1.289884e+06 4.880001e+05 -1.686591e+06 -5.070395e+05 5.409402e+05
1.178091e-02 1.248177e+06 4.678875e+05 -1.662275e+06 -4.960917e+05 5.152339e+05
1.184377e-02 1.214207e+06 4.496663e+05 -1.642704e+06 -4.795058e+05 4.895843e+05
1.190645e-02 1.175419e+06 4.288202e+05 -1.609576e+06 -4.595448e+05 4.646375e+05
1.196918e-02 1.144251e+06 4.120296e+05 -1.582276e+06 -4.449698e+05 4.554037e+05
1.203205e-02 1.115591e+06 3.959532e+05 -1.554555e+06 -4.264242e+05 4.463542e+05
1.209494e-02 1.084255e+06 3.808039e+05 -1.518739e+06 -4.111151e+05 4.448566e+05
1.215771e-02 1.059283e+06 3.654721e+05 -1.487248e+06 -3.888206e+05 4.438180e+05
1.222054e-02 1.032897e+06 3.506898e+05 -1.449379e+06 -3.719348e+05 4.557795e+05
1.228344e-02 1.009824e+06 3.389518e+05 -1.414274e+06 -3.562112e+05 4.675213e+05
1.234640e-02 9.869863e+05 3.248086e+05 -1.373984e+06 -3.341477e+05 4.808935e+05
1.240915e-02 9.650683e+05 3.139910e+05 -1.333473e+06 -3.192863e+05 5.031492e+05
1.247184e-02 9.480292e+05 3.022487e+05 -1.297224e+06 -2.958288e+05 5.244255e+05
1.253470e-02 9.283305e+05 2.917317e+05 -1.252854e+06 -2.816107e+05 5.536155e+05
1.259754e-02 9.117225e+05 2.821073e+05 -1.212742e+06 -2.621483e+05 5.833991e+05
1.266036e-02 8.962107e+05 2.719178e+05 -1.170689e+06 -2.432418e+05 6.164056e+05
1.272320e-02 8.796608e+05 2.617334e+05 -1.123646e+06 -2.243457e+05 6.493771e+05
1.278608e-02 8.677337e+05 2.546594e+05 -1.084578e+06 -2.083166e+05 6.893784e+05
1.284892e-02 8.533556e+05 2.463612e+05 -1.038292e+06 -1.919335e+05 7.303695e+05
1.291183e-02 8.422421e+05 2.385441e+05 -9.965191e+05 -1.732166e+05 7.707102e+05
1.297477e-02 8.309203e+05 2.303871e+05 -9.510224e+05 -1.557746e+05 8.133551e+05
1.303751e-02 8.199405e+05 2.237816e+05 -9.066502e+05 -1.396269e+05 8.583840e+05
1.310022e-02 8.113351e+05 2.176730e+05 -8.651612e+05 -1.238416e+05 9.046204e+05
1.316309e-02 8.005022e+05 2.102206e+05 -8.157150e+05 -1.084899e+05 9.494578e+05
1.322594e-02 7.943806e+05 2.050367e+05 -7.784308e+05 -9.111671e+04 9.967203e+05
1.328870e-02 7.848798e+05 1.989400e+05 -7.302787e+05 -7.758899e+04 1.045045e+06
1.335152e-02 7.784624e+05 1.937380e+05 -6.886412e+05 -6.178242e+04 1.093458e+06
1.341448e-02 7.712861e+05 1.883514e+05 -6.453161e+05 -4.895819e+04 1.140486e+06
1.347734e-02 7.644767e+05 1.828147e+05 -6.001419e+05 -3.387961e+04 1.187614e+06
1.354004e-02 7.603576e+05 1.787486e+05 -5.622809e+05 -1.907246e+04 1.235631e+06
1.360289e-02 7.533486e+05 1.741611e+05 -5.167715e+05 -7.346086e+03 1.282048e+06
1.366571e-02 7.490000e+05 1.700623e+05 -4.777366e+05 5.179612e+03 1.328509e+06
1.372857e-02 7.438980e+05 1.659460e+05 -4.363036e+05 1.749169e+04 1.373919e+06
1.379141e-02 7.396504e+05 1.619980e+05 -3.946651e+05 3.008354e+04 1.421314e+06
1.385412e-02 7.357589e+05 1.590844e+05 -3.592677e+05 4.047324e+04 1.463316e+06
1.391702e-02 7.307083e+05 1.552267e+05 -3.153778e+05 5.100753e+04 1.507295e+06
1.397990e-02 7.283341e+05 1.524102e+05 -2.813882e+05 6.158105e+04 1.550047e+06
1.404272e-02 7.238315e+05 1.495396e+05 -2.423472e+05 7.192831e+04 1.590485e+06
1.410560e-02 7.208050e+05 1.470185e+05 -2.055191e+05 8.016071e+04 1.631400e+06
1.416843e-02 7.173181e+05 1.446190e+05 -1.706533e+05 8.885119e+04 1.668507e+06
1.423121e-02 7.136784e+05 1.419085e+05 -1.332297e+05 9.689921e+04 1.707934e+06
1.429401e-02 7.111125e+05 1.407043e+05 -1.047918e+05 1.042667e+05 1.741232e+06
1.435689e-02 7.076253e+05 1.383577e+05 -6.593451e+04 1.113845e+05 1.778296e+06
1.441980e-02 7.041237e+05 1.369791e+05 -3.745479e+04 1.184991e+05 1.808229e+06
1.448261e-02 7.018573e+05 1.354013e+05 -3.690651e+03 1.245152e+05 1.844199e+06
1.454538e-02 6.978121e+05 1.342978e+05 2.832316e+04 1.298233e+05 1.873207e+06
1.460822e-02 6.951735e+05 1.334817e+05 5.308535e+04 1.340698e+05 1.899617e+06
1.467115e-02 6.912663e+05 1.320828e+05 8.564759e+04 1.391973e+05 1.928474e+06
1.473401e-02 6.884235e+05 1.315657e+05 1.103525e+05 1.431548e+05 1.953685e+06
1.479676e-02 6.852399e+05 1.311206e+05 1.400869e+05 1.475962e+05 1.980350e+06
1.485961e-02 6.808219e+05 1.304681e+05 1.637944e+05 1.493436e+05 1.999138e+06
1.492239e-02 6.775941e+05 1.300247e+05 1.892484e+05 1.527657e+05 2.022324e+06
1.498506e-02 6.729227e+05 1.297539e+05 2.147857e+05 1.557814e+05 2.040502e+06
1.504789e-02 6.697103e+05 1.299575e+05 2.315310e+05 1.554727e+05 2.057065e+06
1.511078e-02 6.646661e+05 1.297242e+05 2.589794e+05 1.581505e+05 2.073998e+06
1.517364e-02 6.614071e+05 1.296071e+05 2.788732e+05 1.599680e+05 2.091914e+06
1.523654e-02 6.559202e+05 1.295677e+05 2.969516e+05 1.607834e+05 2.100778e+06
1.529942e-02 6.513698e+05 1.300405e+05 3.188114e+05 1.622465e+05 2.114653e+06
1.536235e-02 6.466247e+05 1.299071e+05 3.331030e+05 1.599341e+05 2.123882e+06
1.542517e-02 6.409681e+05 1.300244e+05 3.532126e+05 1.622816e+05 2.132348e+06
1.548789e-02 6.364588e+05 1.303523e+05 3.663427e+05 1.611356e+05 2.140005e+06
1.555076e-02 6.302643e+05 1.304224e+05 3.837662e+05 1.618554e+05 2.144451e+06
1.561359e-02 6.247683e+05 1.305059e+05 3.979621e+05 1.610609e+05 2.149297e+06
1.567632e-02 6.187581e+05 1.307265e+05 4.084184e+05 1.585125e+05 2.151035e+06
1.573917e-02 6.123542e+05 1.306454e+05 4.248517e+05 1.607625e+05 2.151466e+06
1.580208e-02 6.062075e+05 1.306823e+05 4.304803e+05 1.563150e+05 2.149980e+06
1.586491e-02 5.997738e+05 1.305589e+05 4.453759e+05 1.574289e+05 2.149770e+06
1.592764e-02 5.933810e+05 1.305222e+05 4.539478e+05 1.559265e+05 2.147202e+06
1.599049e-02 5.860307e+05 1.301943e+05 4.612108e+05 1.547581e+05 2.139036e+06
1.605344e-02 5.794587e+05 1.299782e+05 4.723890e+05 1.545811e+05 2.136541e+06
1.624590e-02 5.563457e+05 1.089448e+05 4.872435e+05 1.956330e+05 2.088548e+06
1.642530e-02 5.349404e+05 1.075073e+05 5.027108e+05 1.913561e+05 2.056136e+06
1.660477e-02 5.148171e+05 1.055072e+05 5.063864e+05 1.833560e+05 2.022634e+06
1.678430e-02 4.887647e+05 1.018347e+05 5.069552e+05 1.789323e+05 1.954272e+06
1.696359e-02 4.670361e+05 9.818377e+04 4.906674e+05 1.704308e+05 1.893576e+06
1.714294e-02 4.437729e+05 9.320890e+04 4.873356e+05 1.653866e+05 1.830409e+06
1.732202e-02 4.204750e+05 8.830322e+04 4.664501e+05 1.572587e+05 1.750963e+06
1.750141e-02 3.978434e+05 8.316591e+04 4.414779e+05 1.502526e+05 1.668801e+06
1.768181e-02 3.753210e+05 7.633628e+04 4.268595e+05 1.437515e+05 1.587965e+06
1.786131e-02 3.561208e+05 7.230687e+04 3.909864e+05 1.355633e+05 1.506717e+06
1.804025e-02 3.340329e+05 6.581490e+04 3.653762e+05 1.258958e+05 1.414873e+06
1.822032e-02 3.134904e+05 6.093486e+04 3.311125e+05 1.189681e+05 1.321560e+06
1.839987e-02 2.954085e+05 5.584552e+04 2.969399e+05 1.086260e+05 1.236712e+06
1.857923e-02 2.771969e+05 5.087267e+04 2.665153e+05 9.921971e+04 1.152117e+06
1.875889e-02 2.597021e+05 4.690027e+04 2.270841e+05 9.000828e+04 1.063725e+06
1.893827e-02 2.431147e+05 4.265293e+04 1.977574e+05 8.165516e+04 9.829200e+05
1.911768e-02 2.280055e+05 3.945116e+04 1.583102e+05 7.280248e+04 9.029570e+05
1.929737e-02 2.132821e+05 3.577079e+04 1.270159e+05 6.446024e+04 8.279026e+05
1.947670e-02 1.992107e+05 3.243207e+04 9.477989e+04 5.689664e+04 7.554989e+05
1.965601e-02 1.862179e+05 2.942000e+04 6.137879e+04 4.922935e+04 6.854697e+05
1.983541e-02 1.743037e+05 2.646775e+04 3.325397e+04 4.387080e+04 6.226870e+05
2.001489e-02 1.638709e+05 2.361269e+04 3.795946e+03 3.778160e+04 5.656149e+05
2.019468e-02 1.532697e+05 2.087397e+04 -2.167270e+04 3.342005e+04 5.086003e+05
2.037444e-02 1.441413e+05 1.811850e+04 -4.565606e+04 2.883997e+04 4.585879e+05
2.055417e-02 1.362955e+05 1.576014e+04 -6.840425e+04 2.556330e+04 4.137010e+05
2.073390e-02 1.286898e+05 1.340371e+04 -8.650872e+04 2.351387e+04 3.717750e+05
2.091338e-02 1.227091e+05 1.105992e+04 -1.055478e+05 2.015077e+04 3.363449e+05
2.109302e-02 1.170432e+05 9.218975e+03 -1.193311e+05 1.840648e+04 3.042329e+05
2.127237e-02 1.126096e+05 7.487403e+03 -1.321235e+05 1.654678e+04 2.772745e+05
2.145116e-02 1.088551e+05 6.081765e+03 -1.431646e+05 1.482806e+04 2.550259e+05
2.163077e-02 1.051765e+05 4.914446e+03 -1.496333e+05 1.354927e+04 2.348169e+05
2.181049e-02 1.031334e+05 4.110704e+03 -1.569401e+05 1.146502e+04 2.219765e+05
2.198999e-02 1.006978e+05 3.523173e+03 -1.594182e+05 1.071497e+04 2.099544e+05
2.216980e-02 9.939113e+04 3.369879e+03 -1.617333e+05 8.730078e+03 2.038504e+05
2.234970e-02 9.812391e+04 3.388736e+03 -1.612285e+05 7.678817e+03 1.997173e+05
2.252980e-02 9.713332e+04 3.706882e+03 -1.590603e+05 6.190538e+03 1.990611e+05
2.270853e-02 9.640427e+04 4.230381e+03 -1.550787e+05 4.974640e+03 2.008648e+05
2.288717e-02 9.548078e+04 4.926760e+03 -1.492006e+05 4.046547e+03 2.044898e+05
2.306686e-02 9.569454e+04 5.783415e+03 -1.439361e+05 2.613565e+03 2.127022e+05
2.324649e-02 9.468419e+04 6.653976e+03 -1.350041e+05 2.213628e+03 2.193823e+05
2.342617e-02 9.479251e+04 7.523686e+03 -1.269391e+05 1.522081e+03 2.305739e+05
2.360560e-02 9.384225e+04 8.406229e+03 -1.167992e+05 1.314667e+03 2.397525e+05
2.378549e-02 9.362202e+04 9.141886e+03 -1.067427e+05 1.222177e+03 2.521520e+05
2.396571e-02 9.324901e+04 9.917831e+03 -9.651353e+04 1.377702e+03 2.644201e+05
2.414482e-02 9.240608e+04 1.031019e+04 -8.508476e+04 2.011052e+03 2.757014e+05
2.432376e-02 9.193310e+04 1.084658e+04 -7.462156e+04 2.642815e+03 2.879198e+05
2.450343e-02 9.122059e+04 1.098705e+04 -6.313089e+04 3.463301e+03 2.995683e+05
2.468304e-02 9.071025e+04 1.107229e+04 -5.308652e+04 4.588111e+03 3.108244e+05
2.486245e-02 8.981046e+04 1.101708e+04 -4.238090e+04 5.723545e+03 3.205093e+05
2.504187e-02 8.892770e+04 1.067068e+04 -3.201952e+04 6.917325e+03 3.291542e+05
2.522156e-02 8.832379e+04 1.063685e+04 -2.340539e+04 8.145284e+03 3.376450e+05
2.540110e-02 8.747411e+04 1.009923e+04 -1.404846e+04 9.128404e+03 3.445703e+05
2.558029e-02 8.662464e+04 9.823227e+03 -6.438995e+03 1.032008e+04 3.496233e+05
2.575992e-02 8.562687e+04 9.411076e+03 1.017336e+03 1.117230e+04 3.532472e+05
2.593954e-02 8.491617e+04 9.017184e+03 7.723229e+03 1.151493e+04 3.571639e+05
2.611933e-02 8.378253e+04 8.780404e+03 1.234614e+04 1.206980e+04 3.574317e+05
2.629913e-02 8.268749e+04 8.451293e+03 1.798371e+04 1.238940e+04 3.576551e+05
2.647853e-02 8.145371e+04 8.264517e+03 2.111242e+04 1.226870e+04 3.556612e+05
2.665812e-02 8.026359e+04 8.118642e+03 2.449540e+04 1.201690e+04 3.533270e+05
2.683805e-02 7.875972e+04 7.993604e+03 2.690700e+04 1.154785e+04 3.491302e+05
2.701719e-02 7.732485e+04 7.961853e+03 2.731797e+04 1.090691e+04 3.436532e+05
2.719620e-02 7.548724e+04 7.945211e+03 2.925681e+04 1.031024e+04 3.371222e+05
2.737553e-02 7.387013e+04 7.872328e+03 2.786598e+04 9.090259e+03 3.298329e+05
2.755538e-02 7.186809e+04 7.953917e+03 2.782834e+04 8.249442e+03 3.211924e+05
2.773538e-02 6.981135e+04 7.924222e+03 2.619100e+04 7.221792e+03 3.114736e+05
2.791455e-02 6.776080e+04 7.909353e+03 2.423787e+04 6.210373e+03 3.015284e+05
2.809381e-02 6.528619e+04 7.883442e+03 2.231960e+04 5.170328e+03 2.896628e+05
2.827308e-02 6.334706e+04 7.842193e+03 1.855320e+04 3.897376e+03 2.793309e+05
2.845277e-02 6.068755e+04 7.760845e+03 1.622204e+04 3.181932e+03 2.662212e+05
2.863250e-02 5.843899e+04 7.609489e+03 1.224174e+04 2.018692e+03 2.541609e+05
2.881166e-02 5.593853e+04 7.461155e+03 8.516933e+03 1.053483e+03 2.409947e+05
2.899137e-02 5.344389e+04 7.317742e+03 5.160055e+03 4.864523e+02 2.281681e+05
2.917126e-02 5.109191e+04 7.097630e+03 4.112736e+02 -4.363769e+02 2.150280e+05
2.935071e-02 4.867218e+04 6.840700e+03 -3.274168e+03 -1.218113e+03 2.022006e+05
2.953030e-02 4.630939e+04 6.606590e+03 -7.645937e+03 -1.728992e+03 1.891291e+05
2.970997e-02 4.398206e+04 6.288079e+03 -1.171022e+04 -2.316361e+03 1.765666e+05
2.988940e-02 4.177353e+04 5.987970e+03 -1.560908e+04 -2.810797e+03 1.643887e+05
3.006874e-02 3.965718e+04 5.670328e+03 -1.960795e+04 -3.272249e+03 1.524871e+05
3.024815e-02 3.754314e+04 5.317947e+03 -2.301790e+04 -3.683137e+03 1.411856e+05
3.042767e-02 3.576430e+04 4.994492e+03 -2.713699e+04 -4.059830e+03 1.305585e+05
3.060744e-02 3.394982e+04 4.634462e+03 -3.006258e+04 -4.286566e+03 1.207130e+05
3.078708e-02 3.218789e+04 4.309121e+03 -3.305860e+04 -4.558360e+03 1.108330e+05
3.096646e-02 3.067945e+04 3.991015e+03 -3.574042e+04 -4.785620e+03 1.023296e+05
3.114600e-02 2.924362e+04 3.693646e+03 -3.797791e+04 -4.926436e+03 9.445655e+04
3.132546e-02 2.804534e+04 3.413097e+03 -4.018091e+04 -5.132430e+03 8.738425e+04
3.150520e-02 2.683808e+04 3.174559e+03 -4.165533e+04 -5.213046e+03 8.102424e+04
3.168484e-02 2.582600e+04 2.960381e+03 -4.294061e+04 -5.333772e+03 7.545335e+04
3.186375e-02 2.494588e+04 2.787347e+03 -4.386032e+04 -5.439028e+03 7.086199e+04
3.204302e-02 2.412734e+04 2.624713e+03 -4.428107e+04 -5.420102e+03 6.682447e+04
3.222277e-02 2.344280e+04 2.518221e+03 -4.441119e+04 -5.468794e+03 6.366188e+04
3.240259e-02 2.280545e+04 2.419152e+03 -4.404466e+04 -5.432312e+03 6.118828e+04
3.258186e-02 2.236905e+04 2.383282e+03 -4.359365e+04 -5.459731e+03 5.958495e+04
3.276123e-02 2.194185e+04 2.325521e+03 -4.260946e+04 -5.308731e+03 5.854754e+04
3.294133e-02 2.160170e+04 2.306204e+03 -4.137063e+04 -5.239770e+03 5.815300e+04
3.312088e-02 2.131893e+04 2.296937e+03 -3.978629e+04 -5.103672e+03 5.831504e+04
3.330035e-02 2.106308e+04 2.277151e+03 -3.785886e+04 -4.868632e+03 5.894718e+04
3.347992e-02 2.099078e+04 2.286537e+03 -3.600290e+04 -4.703657e+03 6.030185e+04
3.365971e-02 2.077584e+04 2.266731e+03 -3.346909e+04 -4.345076e+03 6.163256e+04
3.383927e-02 2.078404e+04 2.278697e+03 -3.123656e+04 -4.150492e+03 6.378698e+04
3.401835e-02 2.068168e+04 2.258591e+03 -2.844967e+04 -3.760054e+03 6.580492e+04
3.419757e-02 2.071303e+04 2.244842e+03 -2.583326e+04 -3.397279e+03 6.836980e+04
3.437723e-02 2.072537e+04 2.220984e+03 -2.305303e+04 -3.015157e+03 7.094663e+04
3.455683e-02 2.074984e+04 2.196057e+03 -2.013948e+04 -2.573176e+03 7.368219e+04
3.473619e-02 2.083970e+04 2.171246e+03 -1.741785e+04 -2.202196e+03 7.654507e+04
3.491584e-02 2.085068e+04 2.136854e+03 -1.450017e+04 -1.732387e+03 7.920213e+04
3.509556e-02 2.096387e+04 2.100442e+03 -1.183830e+04 -1.301830e+03 8.211065e+04
3.527533e-02 2.100059e+04 2.064496e+03 -9.147248e+03 -8.779336e+02 8.467322e+04
3.545456e-02 2.106888e+04 2.017761e+03 -6.473867e+03 -4.067892e+02 8.726547e+04
3.563370e-02 2.108914e+04 1.988181e+03 -4.250201e+03 -3.560833e+01 8.939307e+04
3.581332e-02 2.116546e+04 1.937850e+03 -1.833815e+03 3.643692e+02 9.184144e+04
3.599287e-02 2.115774e+04 1.914149e+03 1.280768e+02 7.358677e+02 9.357518e+04
3.617240e-02 2.114197e+04 1.858417e+03 2.018938e+03 1.047857e+03 9.515685e+04
3.635196e-02 2.106606e+04 1.824510e+03 3.805237e+03 1.398392e+03 9.634091e+04
3.653161e-02 2.104693e+04 1.784645e+03 5.146185e+03 1.623080e+03 9.752784e+04
3.671117e-02 2.096767e+04 1.745068e+03 6.480320e+03 1.896015e+03 9.832631e+04
3.689084e-02 2.077809e+04 1.701750e+03 7.399148e+03 2.056477e+03 9.835029e+04
3.707056e-02 2.063696e+04 1.661640e+03 8.239715e+03 2.238340e+03 9.849166e+04
3.724984e-02 2.040491e+04 1.622479e+03 8.795442e+03 2.350806e+03 9.796902e+04
3.742914e-02 2.024960e+04 1.583689e+03 9.065128e+03 2.406205e+03 9.759771e+04
3.760871e-02 1.988955e+04 1.546122e+03 9.314199e+03 2.492567e+03 9.621364e+04
3.778826e-02 1.961794e+04 1.493718e+03 9.075987e+03 2.456298e+03 9.487276e+04
3.796764e-02 1.928189e+04 1.465292e+03 8.918884e+03 2.481888e+03 9.329809e+04
3.814709e-02 1.894007e+04 1.427589e+03 8.413949e+03 2.365726e+03 9.138266e+04
3.832696e-02 1.850936e+04 1.396337e+03 7.713267e+03 2.296845e+03 8.891281e+04
3.850665e-02 1.807335e+04 1.363396e+03 7.019342e+03 2.201055e+03 8.645803e+04
3.868582e-02 1.765007e+04 1.332986e+03 6.020615e+03 2.025433e+03 8.376927e+04
3.886530e-02 1.717967e+04 1.316316e+03 5.009953e+03 1.881461e+03 8.090215e+04
3.904481e-02 1.669581e+04 1.285816e+03 3.800529e+03 1.685147e+03 7.776795e+04
3.922441e-02 1.617272e+04 1.263772e+03 2.581996e+03 1.495500e+03 7.453224e+04
3.940396e-02 1.566775e+04 1.247141e+03 1.310360e+03 1.283727e+03 7.130924e+04
3.958316e-02 1.513700e+04 1.222240e+03 -1.398756e+02 1.032143e+03 6.783026e+04
3.976287e-02 1.459824e+04 1.200066e+03 -1.477468e+03 8.205498e+02 6.442824e+04
3.994250e-02 1.409845e+04 1.181461e+03 -2.952022e+03 5.998217e+02 6.109177e+04
4.012200e-02 1.354098e+04 1.149572e+03 -4.361267e+03 3.576643e+02 5.758262e+04
4.030171e-02 1.301828e+04 1.125324e+03 -5.726608e+03 1.421530e+02 5.422613e+04
4.048123e-02 1.253274e+04 1.093696e+03 -7.103638e+03 -8.292160e+01 5.105186e+04
4.066058e-02 1.202552e+04 1.058253e+03 -8.412818e+03 -2.854789e+02 4.785407e+04
4.084001e-02 1.153560e+04 1.020395e+03 -9.666488e+03 -4.618988e+02 4.472548e+04
4.101966e-02 1.109012e+04 9.838702e+02 -1.081643e+04 -6.497715e+02 4.190282e+04
4.119937e-02 1.065881e+04 9.443877e+02 -1.193787e+04 -8.192096e+02 3.914078e+04
4.137874e-02 1.027323e+04 9.012792e+02 -1.292647e+04 -9.581763e+02 3.669409e+04
4.155813e-02 9.874012e+03 8.568711e+02 -1.377387e+04 -1.077740e+03 3.427419e+04
4.173777e-02 9.543208e+03 8.149482e+02 -1.459077e+04 -1.180514e+03 3.216331e+04
4.191752e-02 9.230043e+03 7.762887e+02 -1.522412e+04 -1.286351e+03 3.028762e+04
4.209699e-02 8.958949e+03 7.338328e+02 -1.578836e+04 -1.351799e+03 2.862197e+04
4.227635e-02 8.715242e+03 6.953940e+02 -1.619681e+04 -1.395891e+03 2.720406e+04
4.245594e-02 8.490770e+03 6.581969e+02 -1.646287e+04 -1.434046e+03 2.595771e+04
4.263530e-02 8.329153e+03 6.261468e+02 -1.665625e+04 -1.451710e+03 2.505814e+04
4.281442e-02 8.168880e+03 5.950160e+02 -1.666735e+04 -1.453355e+03 2.429305e+04
4.299392e-02 8.067484e+03 5.699467e+02 -1.662895e+04 -1.442881e+03 2.383453e+04
4.317364e-02 7.970176e+03 5.450060e+02 -1.639565e+04 -1.403712e+03 2.352644e+04
4.335324e-02 7.925694e+03 5.335127e+02 -1.612638e+04 -1.374563e+03 2.350455e+04
4.353285e-02 7.894014e+03 5.174843e+02 -1.571912e+04 -1.326120e+03 2.364239e+04
4.371256e-02 7.878894e+03 5.098423e+02 -1.519544e+04 -1.256067e+03 2.394769e+04
4.389237e-02 7.896433e+03 5.050438e+02 -1.461020e+04 -1.183261e+03 2.445250e+04
4.407181e-02 7.922997e+03 5.064572e+02 -1.391812e+04 -1.100717e+03 2.509714e+04
4.425100e-02 7.969446e+03 5.096939e+02 -1.318509e+04 -1.023958e+03 2.588566e+04
4.443069e-02 8.027418e+03 5.160174e+02 -1.236171e+04 -9.224643e+02 2.679215e+04
4.461032e-02 8.092512e+03 5.239589e+02 -1.149916e+04 -8.241776e+02 2.779541e+04
4.478953e-02 8.175046e+03 5.349873e+02 -1.061053e+04 -7.223046e+02 2.888154e+04
4.496901e-02 8.248641e+03 5.431006e+02 -9.658754e+03 -6.159021e+02 3.002663e+04
4.514874e-02 8.339745e+03 5.522591e+02 -8.731007e+03 -5.191712e+02 3.122445e+04
4.532821e-02 8.419981e+03 5.645255e+02 -7.752405e+03 -4.083956e+02 3.242205e+04
4.550745e-02 8.507581e+03 5.690952e+02 -6.809889e+03 -3.060557e+02 3.363928e+04
4.568707e-02 8.586590e+03 5.780747e+02 -5.861543e+03 -2.100109e+02 3.482150e+04
4.586694e-02 8.662474e+03 5.820890e+02 -4.914110e+03 -1.128453e+02 3.599842e+04
4.617836e-02 8.798854e+03 4.233588e+02 -3.441740e+03 5.620282e+02 3.790498e+04
4.680927e-02 8.892927e+03 4.425791e+02 -7.613664e+02 8.000466e+02 4.066211e+04
4.743756e-02 8.904197e+03 4.521186e+02 1.001980e+03 8.763396e+02 4.230511e+04
4.806661e-02 8.682291e+03 4.824416e+02 2.142777e+03 8.883969e+02 4.239672e+04
4.869280e-02 8.283030e+03 4.881386e+02 1.920957e+03 7.983916e+02 4.064198e+04
4.931779e-02 7.669584e+03 4.521582e+02 1.101210e+03 6.477187e+02 3.733051e+04
4.994581e-02 7.023562e+03 3.891104e+02 -3.269361e+02 4.700493e+02 3.331814e+04
5.057480e-02 6.330130e+03 3.296752e+02 -2.217027e+03 2.743055e+02 2.853921e+04
5.120302e-02 5.659728e+03 2.733554e+02 -4.062136e+03 8.196347e+01 2.380977e+04
5.183209e-02 5.059994e+03 2.382105e+02 -5.882014e+03 -1.526461e+02 1.942216e+04
5.246116e-02 4.549896e+03 2.238395e+02 -7.174999e+03 -3.293079e+02 1.589417e+04
5.308896e-02 4.172560e+03 2.191473e+02 -7.929731e+03 -4.473509e+02 1.344715e+04
5.371721e-02 3.902214e+03 2.083588e+02 -8.060240e+03 -4.873053e+02 1.207342e+04
5.434780e-02 3.758505e+03 2.128663e+02 -7.597365e+03 -4.820987e+02 1.175784e+04
5.497604e-02 3.725488e+03 2.063726e+02 -6.732388e+03 -4.121331e+02 1.235980e+04
5.560013e-02 3.744610e+03 2.086392e+02 -5.483738e+03 -3.059781e+02 1.349891e+04
5.622954e-02 3.802160e+03 2.018929e+02 -4.105146e+03 -1.888333e+02 1.492645e+04
5.686173e-02 3.876278e+03 1.945331e+02 -2.856532e+03 -6.511431e+01 1.632118e+04
5.748940e-02 3.905181e+03 1.912836e+02 -1.743784e+03 3.365678e+01 1.739561e+04
5.811669e-02 3.913394e+03 1.868112e+02 -1.045065e+03 8.653167e+01 1.799265e+04
5.874554e-02 3.796274e+03 1.827860e+02 -6.054336e+02 1.245810e+02 1.778237e+04
5.937282e-02 3.653397e+03 1.774839e+02 -6.264132e+02 1.002990e+02 1.709214e+04
6.000021e-02 3.433258e+03 1.789104e+02 -9.539666e+02 4.966697e+01 1.578105e+04
6.062750e-02 3.166558e+03 1.674645e+02 -1.510297e+03 -1.766242e+01 1.407887e+04
6.125597e-02 2.874533e+03 1.620082e+02 -2.207680e+03 -9.172271e+01 1.216147e+04
6.188682e-02 2.594951e+03 1.453754e+02 -2.861841e+03 -1.601400e+02 1.030752e+04
6.251462e-02 2.359404e+03 1.278561e+02 -3.500109e+03 -2.144762e+02 8.657447e+03
6.314049e-02 2.151498e+03 1.123797e+02 -3.879766e+03 -2.461624e+02 7.347642e+03
6.377015e-02 2.008648e+03 1.051725e+02 -4.023890e+03 -2.560407e+02 6.507058e+03
6.439971e-02 1.935132e+03 9.789887e+01 -3.933206e+03 -2.529453e+02 6.200137e+03
6.502803e-02 1.903928e+03 9.649871e+01 -3.573041e+03 -2.225157e+02 6.332913e+03
6.565852e-02 1.917212e+03 9.891820e+01 -3.045920e+03 -1.878111e+02 6.821933e+03
6.628652e-02 1.954777e+03 9.684801e+01 -2.373157e+03 -1.262004e+02 7.545480e+03
6.691319e-02 1.998112e+03 9.959012e+01 -1.698609e+03 -7.853270e+01 8.313869e+03
6.754195e-02 2.038839e+03 9.998819e+01 -1.058556e+03 -2.825407e+01 9.044641e+03
6.816923e-02 2.049776e+03 1.002228e+02 -5.636818e+02 1.160438e+01 9.524451e+03
6.879707e-02 2.023342e+03 9.909325e+01 -2.467676e+02 3.281695e+01 9.691043e+03
6.942589e-02 1.970500e+03 9.305496e+01 -1.102703e+02 5.807813e+01 9.592326e+03
7.005350e-02 1.882931e+03 8.555359e+01 -1.982841e+02 5.704393e+01 9.142874e+03
7.068149e-02 1.755727e+03 7.170678e+01 -4.449146e+02 5.867350e+01 8.346171e+03
7.131092e-02 1.626949e+03 5.985868e+01 -8.295009e+02 4.152036e+01 7.426476e+03
7.194060e-02 1.492796e+03 4.843234e+01 -1.260731e+03 2.060758e+01 6.418403e+03
7.256947e-02 1.365473e+03 3.904544e+01 -1.687950e+03 -1.322109e+01 5.436235e+03
7.319738e-02 1.257195e+03 3.398037e+01 -2.049197e+03 -5.164868e+01 4.586967e+03
7.382604e-02 1.173248e+03 3.546376e+01 -2.280640e+03 -8.739661e+01 3.954172e+03
7.445392e-02 1.115493e+03 3.898013e+01 -2.364063e+03 -1.147677e+02 3.573424e+03
7.507965e-02 1.087615e+03 4.561980e+01 -2.301584e+03 -1.291765e+02 3.472500e+03
7.570782e-02 1.075737e+03 5.309932e+01 -2.081936e+03 -1.276455e+02 3.591677e+03
7.633697e-02 1.086742e+03 5.908815e+01 -1.777769e+03 -1.141793e+02 3.916994e+03
7.696614e-02 1.104192e+03 6.083094e+01 -1.401419e+03 -8.262682e+01 4.347693e+03
7.759521e-02 1.123286e+03 5.686354e+01 -1.026147e+03 -4.380423e+01 4.783008e+03
7.822404e-02 1.144244e+03 4.740767e+01 -7.006683e+02 -6.766162e+00 5.179164e+03
7.885455e-02 1.153366e+03 3.809598e+01 -4.550665e+02 2.372273e+01 5.423690e+03
7.948034e-02 1.150211e+03 3.204434e+01 -3.273487e+02 3.983525e+01 5.498792e+03
8.010544e-02 1.125978e+03 3.075410e+01 -3.073709e+02 3.971006e+01 5.376190e+03
8.073519e-02 1.080825e+03 3.201850e+01 -4.019469e+02 2.534228e+01 5.069450e+03
8.136420e-02 1.018277e+03 3.590693e+01 -5.695283e+02 6.471074e+00 4.629690e+03
8.199246e-02 9.415477e+02 3.704434e+01 -7.983418e+02 -1.475412e+01 4.086863e+03
8.262013e-02 8.582390e+02 3.521760e+01 -1.037613e+03 -3.129259e+01 3.505350e+03
8.325004e-02 7.849316e+02 3.008485e+01 -1.252464e+03 -4.564090e+01 2.982295e+03
8.388076e-02 7.246741e+02 2.388081e+01 -1.421205e+03 -5.491075e+01 2.546958e+03
8.450772e-02 6.841813e+02 2.060322e+01 -1.505994e+03 -5.989270e+01 2.270126e+03
8.513407e-02 6.642044e+02 1.792177e+01 -1.500669e+03 -5.806920e+01 2.155525e+03
8.576290e-02 6.628027e+02 1.814158e+01 -1.400400e+03 -5.364277e+01 2.213424e+03
8.639170e-02 6.801848e+02 1.967822e+01 -1.228298e+03 -4.346137e+01 2.425446e+03
8.701933e-02 7.041530e+02 2.190222e+01 -9.881087e+02 -2.812309e+01 2.729889e+03
8.764729e-02 7.361488e+02 2.326545e+01 -7.266219e+02 -9.638501e+00 3.097250e+03
8.827546e-02 7.673872e+02 2.466418e+01 -4.699007e+02 4.804254e+00 3.467101e+03
8.890360e-02 7.932179e+02 2.391383e+01 -2.505473e+02 1.843163e+01 3.771303e+03
8.953185e-02 8.039295e+02 2.292675e+01 -8.859958e+01 2.549789e+01 3.961325e+03
9.016049e-02 8.025813e+02 2.215241e+01 -1.118330e+00 3.087075e+01 4.017757e+03
9.078921e-02 7.909249e+02 2.165393e+01 5.548623e+00 2.477003e+01 3.957179e+03
9.141859e-02 7.574937e+02 2.224551e+01 -7.196206e+01 1.672029e+01 3.725218e+03
9.204760e-02 7.130099e+02 2.432941e+01 -2.014733e+02 4.285714e+00 3.396153e+03
9.267535e-02 6.595499e+02 2.471288e+01 -3.729701e+02 -1.397982e+01 2.995196e+03
9.330406e-02 6.004455e+02 2.528733e+01 -5.516769e+02 -2.734074e+01 2.564562e+03
9.393390e-02 5.442037e+02 2.514066e+01 -7.213894e+02 -4.027300e+01 2.159401e+03
9.456102e-02 4.957524e+02 2.427664e+01 -8.559615e+02 -5.030207e+01 1.817401e+03
9.518740e-02 4.569169e+02 2.234441e+01 -9.334085e+02 -5.568799e+01 1.572416e+03
9.581568e-02 4.340468e+02 2.013967e+01 -9.552519e+02 -5.515813e+01 1.448036e+03
9.644552e-02 4.249683e+02 1.820158e+01 -9.124057e+02 -4.826082e+01 1.439029e+03
9.707482e-02 4.275966e+02 1.591558e+01 -8.127230e+02 -3.818948e+01 1.530810e+03
9.770146e-02 4.405152e+02 1.385102e+01 -6.744144e+02 -2.459413e+01 1.703186e+03
9.832882e-02 4.598079e+02 1.269644e+01 -5.145216e+02 -1.204731e+01 1.919983e+03
9.895640e-02 4.846150e+02 1.129818e+01 -3.598648e+02 -1.578504e-01 2.156718e+03
9.958504e-02 5.011498e+02 1.040103e+01 -2.154346e+02 8.531867e+00 2.346614e+03
1.002139e-01 5.139745e+02 1.103139e+01 -1.118025e+02 1.478834e+01 2.479787e+03
1.008411e-01 5.168567e+02 1.232711e+01 -5.042702e+01 1.533370e+01 2.538128e+03
1.014708e-01 5.089945e+02 1.477865e+01 -3.759438e+01 1.159774e+01 2.506372e+03
1.021003e-01 4.894414e+02 1.686154e+01 -8.131798e+01 6.793467e+00 2.383828e+03
1.027279e-01 4.600308e+02 1.724725e+01 -1.562466e+02 1.061409e+00 2.190881e+03
1.033572e-01 4.247431e+02 1.542823e+01 -2.657603e+02 -4.079786e+00 1.943582e+03
1.039858e-01 3.906616e+02 1.309345e+01 -3.807276e+02 -7.078942e+00 1.689607e+03
1.046130e-01 3.579426e+02 9.333249e+00 -4.945460e+02 -1.099172e+01 1.437087e+03
1.052407e-01 3.315725e+02 7.742748e+00 -5.875234e+02 -1.660579e+01 1.224259e+03
1.058684e-01 3.120613e+02 7.437051e+00 -6.465139e+02 -2.183568e+01 1.069266e+03
1.064969e-01 3.008573e+02 9.195839e+00 -6.662141e+02 -2.805203e+01 9.906694e+02
1.071273e-01 2.962853e+02 1.171916e+01 -6.413183e+02 -3.216367e+01 9.852651e+02
1.077558e-01 2.970881e+02 1.386315e+01 -5.772245e+02 -3.241961e+01 1.045572e+03
1.083828e-01 3.023289e+02 1.477320e+01 -4.835950e+02 -2.880045e+01 1.156243e+03
1.090114e-01 3.116443e+02 1.426924e+01 -3.745327e+02 -2.214350e+01 1.298715e+03
1.096397e-01 3.217609e+02 1.221435e+01 -2.662732e+02 -1.203204e+01 1.444867e+03
1.102684e-01 3.316139e+02 9.510575e+00 -1.718387e+02 -1.780714e+00 1.571174e+03
1.108970e-01 3.391283e+02 6.678939e+00 -1.049655e+02 8.032425e+00 1.658075e+03
1.115233e-01 3.424620e+02 4.716929e+00 -7.088657e+01 1.493752e+01 1.695806e+03
1.121508e-01 3.405625e+02 3.400480e+00 -7.041273e+01 1.947392e+01 1.680647e+03
1.127798e-01 3.319844e+02 2.881753e+00 -1.101912e+02 2.062410e+01 1.599530e+03
1.134097e-01 3.182831e+02 2.321405e+00 -1.702211e+02 1.773040e+01 1.477925e+03
1.140373e-01 3.014970e+02 3.363607e+00 -2.528718e+02 1.186963e+01 1.322299e+03
1.146647e-01 2.818598e+02 4.426624e+00 -3.330883e+02 3.740060e+00 1.157947e+03
1.152948e-01 2.625646e+02 6.519449e+00 -4.102297e+02 -5.757298e+00 1.003135e+03
1.159235e-01 2.449627e+02 7.728098e+00 -4.675675e+02 -1.439644e+01 8.741191e+02
1.165517e-01 2.312529e+02 8.673001e+00 -4.976738e+02 -1.959023e+01 7.887022e+02
1.171799e-01 2.235943e+02 8.503567e+00 -4.984455e+02 -2.217343e+01 7.539109e+02
1.178092e-01 2.212653e+02 8.459227e+00 -4.683041e+02 -2.194265e+01 7.680276e+02
1.184382e-01 2.255912e+02 8.123010e+00 -4.145300e+02 -1.937014e+01 8.333442e+02
1.190649e-01 2.334771e+02 8.085998e+00 -3.395152e+02 -1.584147e+01 9.302972e+02
1.196918e-01 2.435213e+02 7.786847e+00 -2.552478e+02 -1.139986e+01 1.047609e+03
1.203206e-01 2.544698e+02 7.438382e+00 -1.693580e+02 -7.175387e+00 1.165937e+03
1.209492e-01 2.639807e+02 7.069242e+00 -9.414165e+01 -3.290005e+00 1.269385e+03
1.215770e-01 2.703146e+02 7.807889e+00 -3.547559e+01 -9.196180e-01 1.343897e+03
1.222060e-01 2.712817e+02 8.102263e+00 -3.165579e+00 7.668458e-01 1.374118e+03
1.228351e-01 2.667041e+02 8.568010e+00 7.032461e+00 8.583922e-01 1.361766e+03
1.234639e-01 2.571761e+02 8.318582e+00 -1.077642e+01 1.247213e+00 1.304085e+03
1.240910e-01 2.433939e+02 7.564069e+00 -5.263604e+01 1.429383e+00 1.207221e+03
1.247182e-01 2.270949e+02 6.225471e+00 -1.081434e+02 8.536054e-02 1.082261e+03
1.253470e-01 2.103892e+02 4.785174e+00 -1.747044e+02 -9.045458e-01 9.474432e+02
1.259754e-01 1.942339e+02 3.020615e+00 -2.387487e+02 -2.017424e+00 8.120503e+02
1.266036e-01 1.808500e+02 2.140931e+00 -2.975860e+02 -4.538893e+00 6.906283e+02
1.272319e-01 1.707615e+02 2.121955e+00 -3.402413e+02 -7.575015e+00 5.963267e+02
1.278607e-01 1.640576e+02 3.182336e+00 -3.635370e+02 -1.199163e+01 5.367664e+02
1.284890e-01 1.604961e+02 5.128243e+00 -3.648503e+02 -1.545141e+01 5.142445e+02
1.291182e-01 1.592370e+02 6.601683e+00 -3.447230e+02 -1.752307e+01 5.258026e+02
1.297470e-01 1.605270e+02 7.529734e+00 -3.091382e+02 -1.659081e+01 5.668162e+02
1.303744e-01 1.633183e+02 7.454856e+00 -2.618834e+02 -1.384682e+01 6.250439e+02
1.310022e-01 1.674311e+02 7.069302e+00 -2.130311e+02 -9.153400e+00 6.915837e+02
1.316312e-01 1.710309e+02 6.255733e+00 -1.653063e+02 -4.999733e+00 7.529839e+02
1.322597e-01 1.743457e+02 5.361825e+00 -1.294659e+02 -1.662019e+00 8.024033e+02
1.328871e-01 1.752820e+02 4.206591e+00 -1.049519e+02 1.147579e+00 8.306776e+02
1.335151e-01 1.745494e+02 3.569823e+00 -9.633166e+01 1.771519e+00 8.330512e+02
1.341448e-01 1.710974e+02 3.014736e+00 -1.024137e+02 1.926515e+00 8.089029e+02
1.347734e-01 1.652238e+02 3.076356e+00 -1.204779e+02 3.372932e-01 7.637518e+02
1.354003e-01 1.581262e+02 3.300844e+00 -1.482884e+02 -1.693600e+00 7.043847e+02
1.360284e-01 1.492421e+02 3.597241e+00 -1.773447e+02 -2.908695e+00 6.368700e+02
1.366568e-01 1.409051e+02 3.539245e+00 -2.078555e+02 -4.454723e+00 5.706377e+02
1.372858e-01 1.335457e+02 3.527581e+00 -2.316276e+02 -5.103966e+00 5.144532e+02
1.379142e-01 1.279796e+02 3.107831e+00 -2.469806e+02 -5.621333e+00 4.751007e+02
1.385416e-01 1.250016e+02 2.787771e+00 -2.514907e+02 -5.172983e+00 4.560478e+02
1.391708e-01 1.247244e+02 2.025409e+00 -2.450019e+02 -4.253775e+00 4.581722e+02
1.397994e-01 1.269460e+02 1.755834e+00 -2.281582e+02 -3.875166e+00 4.782421e+02
1.404273e-01 1.306354e+02 2.121271e+00 -2.036519e+02 -3.852814e+00 5.108303e+02
1.410561e-01 1.345734e+02 3.485169e+00 -1.744837e+02 -4.956042e+00 5.503170e+02
1.416844e-01 1.377345e+02 5.045639e+00 -1.447172e+02 -6.301561e+00 5.906266e+02
1.423121e-01 1.389419e+02 6.019142e+00 -1.186548e+02 -7.292403e+00 6.223355e+02
1.429401e-01 1.378851e+02 6.229464e+00 -9.920175e+01 -6.458604e+00 6.404153e+02
1.435692e-01 1.356773e+02 5.237112e+00 -9.006675e+01 -4.895683e+00 6.419299e+02
1.441983e-01 1.318144e+02 3.711754e+00 -9.163801e+01 -1.973711e+00 6.238806e+02
1.448262e-01 1.273758e+02 2.390202e+00 -1.049134e+02 -1.115421e+00 5.886702e+02
1.454539e-01 1.219559e+02 1.643922e+00 -1.261140e+02 -1.038217e+00 5.395658e+02
1.460823e-01 1.160220e+02 1.887558e+00 -1.521647e+02 -2.303088e+00 4.838648e+02
1.467115e-01 1.095564e+02 2.340685e+00 -1.775807e+02 -4.868518e+00 4.283599e+02
1.473399e-01 1.034081e+02 2.768775e+00 -2.002507e+02 -6.034077e+00 3.795274e+02
1.479676e-01 9.849570e+01 2.741762e+00 -2.157196e+02 -6.650174e+00 3.423379e+02
1.485964e-01 9.534592e+01 2.327220e+00 -2.218261e+02 -6.780220e+00 3.197975e+02
1.492243e-01 9.497291e+01 1.941445e+00 -2.187668e+02 -6.235900e+00 3.180686e+02
1.498507e-01 9.618490e+01 1.749972e+00 -2.043031e+02 -5.977181e+00 3.319004e+02
1.504788e-01 9.965901e+01 1.843765e+00 -1.823308e+02 -5.581513e+00 3.619493e+02
1.511078e-01 1.041584e+02 2.099300e+00 -1.546637e+02 -5.022640e+00 4.032647e+02
1.517364e-01 1.088053e+02 2.830174e+00 -1.226180e+02 -4.733412e+00 4.483972e+02
1.523652e-01 1.127373e+02 3.761541e+00 -9.188905e+01 -4.737469e+00 4.921235e+02
1.529942e-01 1.150580e+02 4.776385e+00 -6.468290e+01 -4.672582e+00 5.278328e+02
1.536237e-01 1.155251e+02 5.202705e+00 -4.515241e+01 -4.344446e+00 5.508945e+02
1.542519e-01 1.140141e+02 5.049639e+00 -3.379487e+01 -3.472922e+00 5.588978e+02
1.548791e-01 1.106804e+02 4.540364e+00 -3.241409e+01 -2.938589e+00 5.478467e+02
1.555078e-01 1.059340e+02 3.842407e+00 -4.000353e+01 -2.399533e+00 5.214088e+02
1.561363e-01 1.003411e+02 3.408388e+00 -5.618217e+01 -2.658108e+00 4.823322e+02
1.567636e-01 9.391110e+01 3.147906e+00 -7.718225e+01 -3.013393e+00 4.352560e+02
1.573916e-01 8.747761e+01 2.936358e+00 -9.976975e+01 -3.862122e+00 3.858111e+02
1.580207e-01 8.120570e+01 2.875053e+00 -1.205264e+02 -4.222843e+00 3.390988e+02
1.586492e-01 7.602399e+01 3.027547e+00 -1.382333e+02 -4.839199e+00 3.008452e+02
1.592766e-01 7.189134e+01 3.013035e+00 -1.487029e+02 -4.941495e+00 2.736454e+02
1.599049e-01 6.930830e+01 2.630948e+00 -1.517300e+02 -4.896000e+00 2.599041e+02
1.605344e-01 6.887296e+01 2.165315e+00 -1.478386e+02 -4.714968e+00 2.609554e+02
1.624649e-01 7.571547e+01 4.308830e-01 -1.030208e+02 -1.950014e+00 3.184962e+02
1.642557e-01 7.943757e+01 3.068423e+00 -5.992631e+01 -4.219592e+00 3.686573e+02
1.660459e-01 7.305770e+01 2.597774e+00 -5.699161e+01 -2.973779e+00 3.461019e+02
1.678421e-01 6.037925e+01 1.249634e+00 -9.182833e+01 -1.007133e+00 2.592950e+02
1.696353e-01 5.182699e+01 5.633243e-01 -1.235002e+02 -1.071639e+00 1.920259e+02
1.714286e-01 5.152215e+01 9.202745e-01 -1.134479e+02 -2.772337e+00 1.969051e+02
1.732198e-01 5.777223e+01 1.085615e+00 -6.909001e+01 -1.735205e+00 2.617289e+02
1.750152e-01 6.379804e+01 7.022091e-01 -3.037225e+01 1.685514e-01 3.148316e+02
1.768177e-01 6.199766e+01 6.576674e-01 -2.849066e+01 1.721642e+00 3.082661e+02
1.786121e-01 5.363967e+01 9.221769e-01 -6.064750e+01 5.087014e-01 2.427319e+02
1.804030e-01 4.601764e+01 2.631274e-01 -8.946032e+01 -9.672272e-02 1.821191e+02
1.822028e-01 4.514282e+01 5.110054e-02 -9.256842e+01 2.241489e-01 1.723401e+02
1.839998e-01 4.835323e+01 -1.095495e-01 -7.325024e+01 1.096953e+00 1.991274e+02
1.857937e-01 5.078242e+01 8.488038e-01 -5.773138e+01 -1.225418e+00 2.205962e+02
1.875926e-01 4.622574e+01 2.107438e+00 -6.123288e+01 -4.682572e+00 1.957879e+02
1.893867e-01 3.843728e+01 1.360038e+00 -7.653418e+01 -2.513071e+00 1.515773e+02
1.911794e-01 3.588244e+01 -4.070499e-01 -8.367500e+01 2.610835e-01 1.282851e+02
1.929763e-01 3.935629e+01 5.149279e-01 -6.677339e+01 -2.024000e-02 1.536630e+02
1.947689e-01 4.291671e+01 1.936319e+00 -3.505211e+01 -2.452363e+00 2.007757e+02
1.965614e-01 4.227731e+01 9.525287e-01 -1.573808e+01 -9.978583e-01 2.197362e+02
1.983545e-01 3.906330e+01 7.213150e-02 -2.767146e+01 9.827313e-01 1.928033e+02
2.001492e-01 3.332778e+01 4.572959e-01 -5.352393e+01 2.680650e-01 1.400125e+02
2.019476e-01 2.947240e+01 -2.563000e-01 -7.008291e+01 6.978854e-01 1.103854e+02
2.037448e-01 3.252913e+01 -3.228007e-01 -6.196391e+01 2.414021e-01 1.250091e+02
2.055436e-01 3.656631e+01 1.249326e+00 -3.776189e+01 -1.312514e+00 1.618941e+02
2.073409e-01 3.630799e+01 1.441230e+00 -2.096493e+01 -2.298913e+00 1.791810e+02
2.091331e-01 3.145474e+01 9.668796e-01 -2.605262e+01 -1.274023e+00 1.550108e+02
2.109295e-01 2.586041e+01 5.697825e-01 -4.516886e+01 -2.239904e-01 1.139035e+02
2.127243e-01 2.295143e+01 3.201726e-01 -5.516610e+01 -1.429078e-01 9.024109e+01
2.145132e-01 2.399366e+01 4.525660e-01 -4.498124e+01 -3.584675e-01 1.065460e+02
2.163084e-01 2.759073e+01 3.803933e-01 -2.414929e+01 5.436170e-01 1.411429e+02
2.181043e-01 2.907846e+01 1.779841e-01 -1.213605e+01 1.010480e-01 1.577585e+02
2.198991e-01 2.714390e+01 6.601825e-01 -1.862063e+01 -1.466874e+00 1.392457e+02
2.216975e-01 2.181731e+01 7.710707e-01 -3.568641e+01 -1.205552e+00 9.973733e+01
2.234966e-01 1.843553e+01 1.948735e-01 -4.700115e+01 1.015808e+00 7.617135e+01
2.252970e-01 1.896168e+01 2.022081e-01 -4.200586e+01 -1.339065e-02 8.416207e+01
2.270852e-01 2.157103e+01 3.723580e-01 -2.558358e+01 -5.066378e-01 1.116982e+02
2.288723e-01 2.380298e+01 3.460659e-02 -1.464073e+01 1.008123e+00 1.278701e+02
2.306695e-01 2.324683e+01 -2.159789e-01 -1.922208e+01 7.493215e-01 1.187304e+02
2.324665e-01 2.088834e+01 -9.099708e-02 -3.323664e+01 -1.657544e-01 9.130542e+01
2.342627e-01 1.881168e+01 3.667945e-01 -4.328095e+01 -1.548985e+00 6.937057e+01
2.360563e-01 1.775175e+01 4.922855e-01 -4.070841e+01 -1.289244e+00 6.583855e+01
2.378553e-01 1.926580e+01 -1.624154e-01 -3.428573e+01 9.931914e-01 7.756524e+01
2.396569e-01 1.988616e+01 3.867314e-01 -3.074207e+01 4.673042e-01 8.344968e+01
2.414498e-01 1.703906e+01 1.521794e+00 -3.283297e+01 -1.644007e+00 7.717101e+01
2.432397e-01 1.330124e+01 6.226490e-01 -3.625247e+01 -1.285516e+00 6.372122e+01
2.450345e-01 1.293344e+01 -3.230648e-01 -3.753704e+01 1.059728e+00 5.982427e+01
2.468308e-01 1.502150e+01 -4.010971e-01 -3.416683e+01 1.288637e+00 6.989288e+01
2.486244e-01 1.690837e+01 3.092014e-01 -2.786623e+01 -9.495611e-01 7.998014e+01
2.504185e-01 1.541409e+01 8.811427e-01 -2.451411e+01 -1.941535e+00 7.827212e+01
2.522154e-01 1.363743e+01 2.483325e-01 -2.869828e+01 -7.359136e-01 6.349443e+01
2.540114e-01 1.201057e+01 4.500311e-01 -3.252154e+01 -1.700247e+00 5.156497e+01
2.558058e-01 1.269094e+01 -7.017713e-02 -2.804112e+01 -6.075232e-01 5.426628e+01
2.576012e-01 1.497067e+01 3.095439e-01 -1.637053e+01 2.207578e-01 7.231436e+01
2.593962e-01 1.645183e+01 -1.205346e-01 -6.875041e+00 1.738007e+00 9.138392e+01
2.611937e-01 1.716579e+01 -1.172714e-01 -8.572081e+00 1.359304e+00 9.151056e+01
2.629942e-01 1.493797e+01 4.527253e-01 -1.876910e+01 -1.178192e+00 7.190062e+01
2.647885e-01 1.177840e+01 5.412805e-01 -2.879274e+01 -1.255190e+00 4.869484e+01
2.665811e-01 1.026211e+01 3.709690e-01 -3.047066e+01 -5.332822e-01 4.082895e+01
2.683801e-01 1.121668e+01 2.647051e-01 -2.265279e+01 -4.597172e-01 5.115724e+01
2.701729e-01 1.302649e+01 9.558752e-02 -1.332989e+01 -5.283803e-01 6.527306e+01
2.719632e-01 1.328974e+01 2.309920e-01 -1.013974e+01 4.816121e-01 6.967137e+01
2.737587e-01 1.208351e+01 7.435120e-02 -1.618534e+01 7.071220e-01 5.932981e+01
2.755578e-01 9.660428e+00 8.649094e-01 -2.230702e+01 -1.220720e+00 4.520227e+01
2.773550e-01 8.181774e+00 4.694702e-01 -2.161007e+01 -5.063468e-01 4.339173e+01
2.791459e-01 9.707222e+00 -2.489899e-01 -1.470267e+01 9.551414e-01 5.569866e+01
2.809385e-01 1.214045e+01 -4.790057e-01 -8.105228e+00 1.285880e+00 7.070058e+01
2.827312e-01 1.317298e+01 4.110664e-01 -6.366188e+00 -4.593578e-01 7.382459e+01
2.845296e-01 1.066323e+01 8.182965e-01 -1.076149e+01 -8.079678e-01 6.167693e+01
2.863269e-01 7.445007e+00 6.072332e-01 -1.783003e+01 -6.808996e-01 4.382472e+01
2.881173e-01 5.555711e+00 3.573904e-01 -2.151480e+01 -4.793526e-01 3.466830e+01
2.899148e-01 5.988538e+00 4.049738e-02 -1.926221e+01 3.767460e-01 3.835391e+01
2.917136e-01 7.390668e+00 -1.616916e-01 -1.409385e+01 -1.291725e-01 4.647329e+01
2.935083e-01 8.387544e+00 4.918591e-02 -1.171584e+01 -8.251056e-01 4.825846e+01
2.953064e-01 7.864721e+00 2.032493e-01 -1.366957e+01 -8.031617e-01 4.220811e+01
2.971025e-01 6.669798e+00 4.019019e-01 -1.612313e+01 -1.255727e-01 3.397711e+01
2.988941e-01 6.226013e+00 2.911665e-01 -1.560770e+01 6.014007e-01 3.479212e+01
3.006873e-01 7.364531e+00 -5.966551e-02 -1.060427e+01 3.130921e-01 4.545031e+01
3.024817e-01 9.009795e+00 1.434553e-02 -3.800917e+00 4.433093e-01 5.771946e+01
3.042771e-01 9.754197e+00 1.610566e-02 -1.473776e+00 -1.203652e-01 6.044209e+01
3.060756e-01 9.221942e+00 6.025654e-02 -5.272910e+00 1.253409e-01 5.186755e+01
3.078722e-01 7.457761e+00 6.654153e-01 -1.213877e+01 -1.195587e+00 3.694144e+01
3.096648e-01 5.164199e+00 4.941015e-01 -1.515614e+01 -1.065853e+00 2.655230e+01
3.114599e-01 4.928520e+00 -1.168929e-01 -1.554911e+01 3.200621e-01 2.498905e+01
3.132555e-01 5.957731e+00 -2.705261e-01 -1.413237e+01 9.919564e-01 2.896930e+01
3.150527e-01 6.451274e+00 1.043565e-01 -1.372243e+01 4.525023e-01 3.208012e+01
3.168493e-01 6.237420e+00 -5.993874e-02 -1.568024e+01 2.672915e-01 3.048124e+01
3.186391e-01 6.315201e+00 1.213652e-01 -1.805157e+01 -3.983953e-01 2.495588e+01
3.204305e-01 5.028486e+00 1.100045e+00 -1.605395e+01 -1.902948e+00 2.440557e+01
3.222280e-01 4.498836e+00 1.825802e-01 -1.198593e+01 -1.028474e-01 2.793801e+01
3.240267e-01 5.312577e+00 -1.916918e-01 -8.948077e+00 7.875782e-01 3.421176e+01
3.258197e-01 6.227720e+00 -1.199636e-04 -8.485963e+00 7.466624e-01 3.754613e+01
3.276150e-01 5.727261e+00 4.323251e-01 -1.046032e+01 -5.314853e-01 3.437116e+01
3.294148e-01 4.063494e+00 4.073245e-01 -1.231747e+01 -1.039024e+00 2.733262e+01
3.312085e-01 3.990563e+00 -2.352433e-01 -1.388975e+01 -2.168924e-01 2.109608e+01
3.330031e-01 4.210794e+00 3.066720e-01 -1.359657e+01 -6.812860e-01 1.928900e+01
3.347987e-01 4.048046e+00 2.490370e-01 -1.157034e+01 -4.375764e-01 2.046421e+01
3.365969e-01 4.076877e+00 5.775611e-02 -1.062968e+01 2.240306e-01 2.126068e+01
3.383923e-01 4.193100e+00 -3.402373e-02 -1.206797e+01 6.839329e-01 2.052516e+01
3.401828e-01 3.567418e+00 5.707101e-01 -1.311111e+01 -1.350647e-01 1.936867e+01
3.419763e-01 2.957149e+00 1.482333e-01 -1.302934e+01 3.966637e-01 2.074149e+01
3.437730e-01 3.747636e+00 -1.732563e-01 -1.209383e+01 8.238876e-02 2.300051e+01
3.455681e-01 3.936404e+00 4.782254e-01 -9.259106e+00 -1.257325e+00 2.515352e+01
3.473617e-01 3.748974e+00 1.820026e-01 -6.946660e+00 -1.594674e-01 2.625352e+01
3.491590e-01 3.905740e+00 -9.366562e-02 -7.649005e+00 7.073901e-01 2.523323e+01
3.509566e-01 3.634413e+00 3.925524e-01 -8.888163e+00 -5.367219e-01 2.318083e+01
3.527534e-01 3.075797e+00 2.548723e-01 -9.184207e+00 -7.538913e-01 2.092517e+01
3.545449e-01 3.119125e+00 -1.572559e-02 -9.108240e+00 -2.217873e-01 1.814734e+01
3.563372e-01 3.416796e+00 1.426301e-01 -8.816915e+00 -8.557112e-01 1.619222e+01
3.581341e-01 3.108095e+00 1.811955e-01 -9.009523e+00 1.555040e-01 1.550417e+01
3.599303e-01 3.095808e+00 5.159932e-02 -9.823290e+00 1.020524e+00 1.586383e+01
3.617254e-01 2.782815e+00 1.158836e-01 -1.014574e+01 6.862193e-01 1.713290e+01
3.635200e-01 2.998429e+00 1.050053e-01 -9.748805e+00 -2.399473e-02 1.955011e+01
3.653165e-01 3.244689e+00 6.045291e-04 -9.208934e+00 -3.276059e-02 2.085656e+01
3.671116e-01 4.134360e+00 -2.570740e-01 -8.923298e+00 -2.885130e-01 2.014235e+01
3.689088e-01 4.280043e+00 5.714661e-01 -8.704758e+00 -1.576582e+00 1.690400e+01
3.707076e-01 2.985926e+00 6.413332e-01 -7.183648e+00 -1.517254e+00 1.343211e+01
3.725001e-01 2.194694e+00 2.929543e-01 -6.382503e+00 3.798419e-01 1.209490e+01
3.742913e-01 1.777397e+00 1.601539e-01 -7.464793e+00 1.182407e+00 1.360214e+01
3.760877e-01 1.501156e+00 2.375909e-01 -8.382210e+00 1.076548e+00 1.584903e+01
3.778836e-01 1.080328e+00 2.803132e-01 -8.901620e+00 -1.713117e-01 1.645375e+01
3.796766e-01 8.359638e-01 1.420510e-01 -8.447662e+00 -7.828416e-01 1.474538e+01
3.814707e-01 8.477119e-01 2.379374e-01 -7.128040e+00 -9.602798e-01 1.424217e+01
3.832699e-01 1.109860e+00 3.778076e-01 -4.412219e+00 -1.006617e+00 1.444580e+01
3.850666e-01 1.181579e+00 -2.291358e-02 -2.081754e+00 2.748646e-01 1.774841e+01
3.868579e-01 1.928325e+00 3.727633e-02 -1.829297e+00 4.655918e-01 1.940581e+01
3.886538e-01 1.948453e+00 -1.326700e-01 -3.560665e+00 7.514666e-01 1.890279e+01
3.904491e-01 1.770939e+00 1.735866e-01 -6.231404e+00 -1.248332e-01 1.487477e+01
3.922449e-01 1.146326e+00 2.378085e-01 -7.409803e+00 -4.505412e-01 1.197904e+01
3.940400e-01 1.292251e+00 -2.086710e-01 -8.672801e+00 9.103363e-01 1.130449e+01
3.958317e-01 1.953419e+00 1.309867e-01 -8.455845e+00 3.326036e-03 1.214486e+01
3.976289e-01 1.932600e+00 2.724307e-01 -7.044204e+00 -7.039562e-01 1.378417e+01
3.994255e-01 1.989310e+00 -1.822782e-01 -6.496862e+00 4.892295e-01 1.451204e+01
4.012204e-01 2.737044e+00 1.334696e-01 -7.281550e+00 -2.497619e-01 1.239240e+01
4.030168e-01 2.099480e+00 7.113198e-01 -6.184244e+00 -1.388810e+00 1.245897e+01
4.048122e-01 1.514152e+00 2.796041e-01 -4.066774e+00 -1.171871e-02 1.348805e+01
4.066062e-01 1.818146e+00 -5.876620e-02 -2.896215e+00 3.591925e-01 1.503548e+01
4.084001e-01 2.043030e+00 -5.783016e-03 -3.217697e+00 1.176492e-01 1.599562e+01
4.101968e-01 2.090588e+00 2.518612e-01 -4.600505e+00 5.247365e-01 1.396104e+01
4.119946e-01 9.323821e-01 4.674561e-01 -6.139413e+00 -2.488474e-01 1.164101e+01
4.137897e-01 4.850047e-01 1.756171e-01 -7.096753e+00 1.260449e-01 1.017881e+01
4.155829e-01 3.345256e-01 1.730997e-01 -6.663594e+00 -5.439812e-02 1.059138e+01
4.173778e-01 7.900674e-01 -1.297711e-01 -5.970304e+00 3.774847e-01 1.243856e+01
4.191752e-01 1.072146e+00 3.254975e-01 -5.315852e+00 -4.425364e-01 1.317989e+01
4.209702e-01 5.728276e-01 2.244682e-01 -5.454809e+00 -6.394098e-02 1.252107e+01
4.227638e-01 4.710382e-01 1.297352e-02 -6.448530e+00 3.769900e-01 1.037908e+01
4.245604e-01 6.061406e-01 7.368172e-04 -7.709052e+00 2.236678e-02 9.047407e+00
4.263543e-01 9.389927e-01 2.138515e-01 -7.581052e+00 -1.020765e-01 9.899598e+00
4.281451e-01 7.008255e-01 3.321970e-01 -5.739462e+00 -5.564716e-01 1.162449e+01
4.299400e-01 8.091715e-01 1.176675e-01 -4.368597e+00 -6.400974e-02 1.257300e+01
4.317365e-01 8.915335e-01 2.267298e-01 -4.095328e+00 -2.506224e-01 1.214799e+01
4.335323e-01 4.646163e-01 2.492846e-01 -4.828039e+00 -1.140493e-01 1.129916e+01
4.353294e-01 3.722936e-01 4.030705e-02 -5.548341e+00 4.651986e-01 9.960593e+00
4.371263e-01 5.847013e-01 1.644705e-02 -6.363014e+00 3.333084e-01 1.001924e+01
4.389235e-01 6.122751e-01 2.247518e-01 -6.130650e+00 -2.770620e-01 1.009486e+01
4.407180e-01 6.608390e-01 1.092001e-01 -5.796302e+00 -2.095630e-01 1.025142e+01
4.425103e-01 9.579350e-01 5.347890e-02 -6.196394e+00 2.091358e-01 9.119782e+00
4.443072e-01 6.343970e-01 3.433250e-01 -6.756823e+00 -3.899639e-01 8.500467e+00
4.461036e-01 4.570896e-01 1.902216e-01 -6.278369e+00 2.556613e-01 8.681086e+00
4.478956e-01 3.636981e-01 1.798809e-01 -5.944449e+00 -1.298430e-01 1.000751e+01
4.496902e-01 7.390964e-01 -1.103333e-02 -4.958815e+00 2.604436e-01 1.158640e+01
4.514874e-01 1.178588e+00 1.285446e-01 -4.985629e+00 -2.885991e-01 1.130341e+01
4.532823e-01 8.592892e-01 3.095224e-01 -5.036759e+00 -4.739418e-01 9.711306e+00
4.550750e-01 6.088171e-01 1.922399e-01 -5.984989e+00 -1.107336e-01 6.976373e+00
4.568708e-01 -6.826675e-02 4.987484e-01 -6.164645e+00 -3.640133e-01 6.015117e+00
4.586693e-01 -5.405504e-01 2.038493e-01 -5.811173e+00 2.459234e-01 6.854669e+00
4.604678e-01 5.754565e-01 1.296656e-01 -4.361370e+00 -1.196330e-02 8.246622e+00
4.861870e-01 4.630163e-01 1.043298e-01 -3.509189e+00 -9.625753e-03 6.635290e+00
5.133427e-01 3.725462e-01 8.394450e-02 -2.823518e+00 -7.744948e-03 5.338801e+00
5.420151e-01 2.997533e-01 6.754233e-02 -2.271822e+00 -6.231640e-03 4.295636e+00
5.722891e-01 2.411836e-01 5.434504e-02 -1.827924e+00 -5.014021e-03 3.456299e+00
6.042540e-01 1.940580e-01 4.372640e-02 -1.470760e+00 -4.034316e-03 2.780963e+00
6.380042e-01 1.561404e-01 3.518256e-02 -1.183384e+00 -3.246039e-03 2.237582e+00
6.736396e-01 1.256317e-01 2.830814e-02 -9.521592e-01 -2.611786e-03 1.800374e+00
7.112653e-01 1.010841e-01 2.277693e-02 -7.661139e-01 -2.101461e-03 1.448594e+00
7.509927e-01 8.133300e-02 1.832647e-02 -6.164206e-01 -1.690850e-03 1.165549e+00
7.929389e-01 6.544110e-02 1.474561e-02 -4.959764e-01 -1.360470e-03 9.378085e-01
8.372281e-01 5.265437e-02 1.186442e-02 -3.990661e-01 -1.094644e-03 7.545673e-01
8.839910e-01 4.236607e-02 9.546196e-03 -3.210913e-01 -8.807580e-04 6.071301e-01
9.333658e-01 3.408804e-02 7.680936e-03 -2.583523e-01 -7.086641e-04 4.885012e-01
9.854984e-01 2.742747e-02 6.180135e-03 -2.078721e-01 -5.701961e-04 3.930515e-01
1.040543e+00 2.206834e-02 4.972580e-03 -1.672554e-01 -4.587838e-04 3.162520e-01
1.098662e+00 1.775634e-02 4.000973e-03 -1.345748e-01 -3.691406e-04 2.544585e-01
1.160027e+00 1.428687e-02 3.219211e-03 -1.082798e-01 -2.970131e-04 2.047391e-01
1.224820e+00 1.149532e-02 2.590199e-03 -8.712272e-02 -2.389788e-04 1.647345e-01
1.293231e+00 9.249215e-03 2.084093e-03 -7.009955e-02 -1.922841e-04 1.325466e-01
1.365464e+00 7.441983e-03 1.676875e-03 -5.640259e-02 -1.547131e-04 1.066479e-01
1.441731e+00 5.987872e-03 1.349226e-03 -4.538192e-02 -1.244832e-04 8.580964e-02
1.522258e+00 4.817883e-03 1.085596e-03 -3.651461e-02 -1.001601e-04 6.904304e-02
1.607283e+00 3.876503e-03 8.734785e-04 -2.937991e-02 -8.058951e-05 5.555251e-02
1.697057e+00 3.119061e-03 7.028070e-04 -2.363928e-02 -6.484288e-05 4.469794e-02
1.791845e+00 2.509619e-03 5.654834e-04 -1.902033e-02 -5.217304e-05 3.596428e-02
1.891928e+00 2.019257e-03 4.549919e-04 -1.530389e-02 -4.197879e-05 2.893711e-02
1.997600e+00 1.624708e-03 3.660897e-04 -1.231362e-02 -3.377643e-05 2.328300e-02
2.109175e+00 1.307251e-03 2.945583e-04 -9.907624e-03 -2.717675e-05 1.873366e-02
2.226982e+00 1.051824e-03 2.370037e-04 -7.971744e-03 -2.186660e-05 1.507324e-02
2.351369e+00 8.463047e-04 1.906948e-04 -6.414121e-03 -1.759402e-05 1.212803e-02
2.482703e+00 6.809427e-04 1.534344e-04 -5.160847e-03 -1.415627e-05 9.758300e-03
2.621373e+00 5.478913e-04 1.234544e-04 -4.152453e-03 -1.139024e-05 7.851596e-03
2.767788e+00 4.408371e-04 9.933226e-05 -3.341093e-03 -9.164665e-06 6.317450e-03
2.922381e+00 3.547007e-04 7.992343e-05 -2.688267e-03 -7.373954e-06 5.083064e-03
3.085609e+00 2.853946e-04 6.430695e-05 -2.162998e-03 -5.933135e-06 4.089869e-03
3.257954e+00 2.296305e-04 5.174183e-05 -1.740364e-03 -4.773842e-06 3.290737e-03
3.439925e+00 1.847623e-04 4.163184e-05 -1.400309e-03 -3.841067e-06 2.647750e-03
3.632061e+00 1.486611e-04 3.349727e-05 -1.126698e-03 -3.090549e-06 2.130398e-03
3.834927e+00 1.196137e-04 2.695214e-05 -9.065493e-04 -2.486677e-06 1.714133e-03
4.049125e+00 9.624204e-05 2.168588e-05 -7.294159e-04 -2.000798e-06 1.379204e-03
4.275287e+00 7.743702e-05 1.744861e-05 -5.868932e-04 -1.609856e-06 1.109717e-03
4.514080e+00 6.230637e-05 1.403927e-05 -4.722183e-04 -1.295302e-06 8.928861e-04
4.766212e+00 5.013214e-05 1.129610e-05 -3.799502e-04 -1.042209e-06 7.184224e-04
5.032426e+00 4.033667e-05 9.088919e-06 -3.057106e-04 -8.385684e-07 5.780477e-04
5.313509e+00 3.245517e-05 7.313008e-06 -2.459769e-04 -6.747180e-07 4.651012e-04
5.610292e+00 2.611366e-05 5.884097e-06 -1.979147e-04 -5.428828e-07 3.742237e-04
5.923652e+00 2.101123e-05 4.734386e-06 -1.592436e-04 -4.368073e-07 3.011030e-04
6.254514e+00 1.690578e-05 3.809320e-06 -1.281285e-04 -3.514582e-07 2.422696e-04
6.603856e+00 1.360251e-05 3.065006e-06 -1.030931e-04 -2.827858e-07 1.949318e-04
6.972711e+00 1.094468e-05 2.466125e-06 -8.294941e-05 -2.275314e-07 1.568435e-04
7.362168e+00 8.806163e-06 1.984261e-06 -6.674168e-05 -1.830734e-07 1.261974e-04
7.773377e+00 7.085501e-06 1.596551e-06 -5.370082e-05 -1.473021e-07 1.015393e-04
8.207555e+00 5.701044e-06 1.284596e-06 -4.320806e-05 -1.185203e-07 8.169923e-05
8.665983e+00 4.587100e-06 1.033595e-06 -3.476551e-05 -9.536227e-08 6.573577e-05
9.150017e+00 3.690812e-06 8.316376e-07 -2.797257e-05 -7.672915e-08 5.289146e-05
9.661086e+00 2.969654e-06 6.691414e-07 -2.250693e-05 -6.173681e-08 4.255684e-05
1.020070e+01 2.389404e-06 5.383959e-07 -1.810923e-05 -4.967387e-08 3.424153e-05
1.077045e+01 1.922531e-06 4.331971e-07 -1.457081e-05 -3.996794e-08 2.755098e-05
1.137203e+01 1.546882e-06 3.485534e-07 -1.172378e-05 -3.215849e-08 2.216771e-05
1.200721e+01 1.244632e-06 2.804485e-07 -9.433034e-06 -2.587494e-08 1.783629e-05
1.267787e+01 1.001440e-06 2.256508e-07 -7.589885e-06 -2.081916e-08 1.435121e-05
1.338598e+01 8.057654e-07 1.815603e-07 -6.106875e-06 -1.675124e-08 1.154708e-05
1.413365e+01 6.483245e-07 1.460847e-07 -4.913634e-06 -1.347817e-08 9.290863e-06
1.492308e+01 5.216464e-07 1.175407e-07 -3.953545e-06 -1.084463e-08 7.475493e-06
1.575660e+01 4.197204e-07 9.457410e-08 -3.181050e-06 -8.725664e-09 6.014834e-06
1.663667e+01 3.377100e-07 7.609498e-08 -2.559495e-06 -7.020730e-09 4.839578e-06
1.756590e+01 2.717238e-07 6.122655e-08 -2.059388e-06 -5.648929e-09 3.893958e-06
1.854704e+01 2.186309e-07 4.926331e-08 -1.656998e-06 -4.545168e-09 3.133106e-06
1.958297e+01 1.759119e-07 3.963761e-08 -1.333232e-06 -3.657074e-09 2.520919e-06
2.067677e+01 1.415400e-07 3.189270e-08 -1.072728e-06 -2.942507e-09 2.028349e-06
2.183166e+01 1.138841e-07 2.566109e-08 -8.631242e-07 -2.367562e-09 1.632024e-06
2.305105e+01 9.163191e-08 2.064709e-08 -6.944758e-07 -1.904957e-09 1.313138e-06
2.433855e+01 7.372767e-08 1.661279e-08 -5.587801e-07 -1.532742e-09 1.056560e-06
2.569797e+01 5.932180e-08 1.336677e-08 -4.495984e-07 -1.233255e-09 8.501155e-07
2.713331e+01 4.773074e-08 1.075500e-08 -3.617500e-07 -9.922853e-10 6.840089e-07
2.864883e+01 3.840449e-08 8.653546e-09 -2.910666e-07 -7.983997e-10 5.503583e-07
3.024899e+01 3.090052e-08 6.962704e-09 -2.341942e-07 -6.423980e-10 4.428222e-07
3.193854e+01 2.486277e-08 5.602240e-09 -1.884343e-07 -5.168779e-10 3.562978e-07
3.372244e+01 2.000476e-08 4.507602e-09 -1.516156e-07 -4.158836e-10 2.866797e-07
3.560599e+01 1.609597e-08 3.626848e-09 -1.219909e-07 -3.346229e-10 2.306645e-07
3.759474e+01 1.295093e-08 2.918187e-09 -9.815477e-08 -2.692399e-10 1.855943e-07
3.969458e+01 1.042041e-08 2.347994e-09 -7.897601e-08 -2.166323e-10 1.493305e-07
4.191170e+01 8.384335e-09 1.889212e-09 -6.354465e-08 -1.743039e-10 1.201523e-07
4.425265e+01 6.746095e-09 1.520073e-09 -5.112847e-08 -1.402461e-10 9.667541e-08
4.672436e+01 5.427955e-09 1.223062e-09 -4.113833e-08 -1.128430e-10 7.778571e-08
4.933412e+01 4.367371e-09 9.840840e-10 -3.310019e-08 -9.079427e-11 6.258693e-08
5.208965e+01 3.514017e-09 7.918009e-10 -2.663264e-08 -7.305371e-11 5.035788e-08
5.499909e+01 2.827403e-09 6.370886e-10 -2.142881e-08 -5.877952e-11 4.051830e-08
5.807103e+01 2.274948e-09 5.126059e-10 -1.724177e-08 -4.729442e-11 3.260131e-08
6.131455e+01 1.830439e-09 4.124463e-10 -1.387285e-08 -3.805342e-11 2.623124e-08
6.473924e+01 1.472784e-09 3.318572e-10 -1.116219e-08 -3.061805e-11 2.110584e-08
6.835522e+01 1.185012e-09 2.670146e-10 -8.981178e-09 -2.463550e-11 1.698191e-08
7.217316e+01 9.534693e-10 2.148418e-10 -7.226319e-09 -1.982189e-11 1.366376e-08
7.620435e+01 7.671681e-10 1.728632e-10 -5.814346e-09 -1.594883e-11 1.099396e-08
8.046070e+01 6.172688e-10 1.390870e-10 -4.678264e-09 -1.283254e-11 8.845816e-09
8.495479e+01 4.966588e-10 1.119104e-10 -3.764164e-09 -1.032515e-11 7.117406e-09
8.969989e+01 3.996151e-10 9.004386e-11 -3.028673e-09 -8.307691e-12 5.726715e-09
9.471003e+01 3.215331e-10 7.244992e-11 -2.436891e-09 -6.684427e-12 4.607755e-09
1.000000e+02 2.587078e-10 5.829371e-11 -1.960740e-09 -5.378336e-12 3.707432e-09
