# k [h/Mpc], q0, q1/i, q2, q3/i, q4
1.000000e-06 3.448527e+08 2.819050e+06 3.968729e+04 -4.696805e+06 3.619015e+08
1.489784e-06 3.448527e+08 2.819050e+06 3.968729e+04 -4.696805e+06 3.619015e+08
2.219456e-06 3.448527e+08 2.819050e+06 3.968729e+04 -4.696805e+06 3.619015e+08
3.306511e-06 3.448527e+08 2.819050e+06 3.968729e+04 -4.696805e+06 3.619015e+08
4.925987e-06 3.448527e+08 2.819050e+06 3.968729e+04 -4.696805e+06 3.619015e+08
7.338656e-06 3.448527e+08 2.819050e+06 3.968729e+04 -4.696805e+06 3.619015e+08
1.093301e-05 3.448527e+08 2.819050e+06 3.968729e+04 -4.696805e+06 3.619015e+08
1.628783e-05 3.448527e+08 2.819050e+06 3.968729e+04 -4.696805e+06 3.619015e+08
2.426534e-05 3.448527e+08 2.819050e+06 3.968729e+04 -4.696805e+06 3.619015e+08
3.615012e-05 3.448527e+08 2.819050e+06 3.968729e+04 -4.696805e+06 3.619015e+08
5.385587e-05 3.448527e+08 2.819050e+06 3.968729e+04 -4.696805e+06 3.619015e+08
1.034961e-04 3.447063e+08 5.415192e+06 5.096702e+04 3.141020e+05 -3.594329e+07
1.650345e-04 3.443824e+08 8.626731e+06 9.578960e+04 1.774909e+06 -4.341070e+07
2.219461e-04 3.439588e+08 1.158580e+07 2.273968e+05 -5.516857e+05 1.631717e+07
2.831569e-04 3.433589e+08 1.475389e+07 3.385469e+05 7.193653e+05 -9.017020e+06
3.481074e-04 3.425667e+08 1.809386e+07 5.003456e+05 1.204263e+06 -1.265736e+07
4.078467e-04 3.417272e+08 2.101622e+07 -1.233385e+07 -1.299373e+06 9.607134e+06
4.685721e-04 3.406596e+08 2.428706e+07 9.154343e+06 9.060203e+05 -2.265706e+06
5.344152e-04 3.394055e+08 2.752766e+07 3.335005e+06 9.928707e+05 -4.237594e+06
5.979215e-04 3.380494e+08 3.061417e+07 -2.487178e+05 1.015508e+05 7.127507e+05
6.594309e-04 3.365761e+08 3.362763e+07 1.931058e+06 -1.139660e+05 3.672628e+06
7.211547e-04 3.349673e+08 3.659183e+07 2.218890e+06 1.300284e+06 -5.126277e+06
7.842715e-04 3.331963e+08 3.953014e+07 6.020025e+05 6.761312e+05 -1.417948e+06
8.480725e-04 3.312454e+08 4.249624e+07 2.363254e+06 5.358255e+05 8.634099e+05
9.105595e-04 3.291802e+08 4.538052e+07 5.861183e+06 1.066391e+06 6.721141e+05
9.726731e-04 3.270420e+08 4.809300e+07 4.056604e+06 1.178443e+06 -3.646379e+05
1.035373e-03 3.247282e+08 5.082452e+07 5.224648e+06 2.113091e+06 -2.800293e+06
1.098784e-03 3.222793e+08 5.347095e+07 5.046512e+06 1.300424e+06 9.290800e+05
1.161586e-03 3.197264e+08 5.604161e+07 5.205862e+06 2.066158e+06 -1.433404e+06
1.224174e-03 3.170532e+08 5.853222e+07 6.324219e+06 1.855877e+06 9.852947e+05
1.288412e-03 3.141924e+08 6.101646e+07 6.854906e+06 3.114710e+06 -2.715672e+06
1.351080e-03 3.112965e+08 6.332327e+07 7.676840e+06 1.904737e+06 3.152752e+06
1.412291e-03 3.083419e+08 6.555067e+07 8.742385e+06 3.752427e+06 -1.384093e+06
1.475368e-03 3.052345e+08 6.769498e+07 8.370557e+06 3.557665e+06 -1.170470e+06
1.538515e-03 3.019816e+08 6.981633e+07 9.444937e+06 5.192092e+06 -4.401126e+06
1.601338e-03 2.986895e+08 7.173779e+07 1.005649e+07 3.011092e+06 4.089832e+06
1.665074e-03 2.952034e+08 7.369088e+07 1.161913e+07 4.374195e+06 1.654593e+06
1.728027e-03 2.917140e+08 7.551228e+07 1.107354e+07 6.535013e+06 -4.324052e+06
1.789887e-03 2.881494e+08 7.718508e+07 1.364461e+07 5.820474e+06 1.208110e+06
1.852570e-03 2.845301e+08 7.878438e+07 1.287812e+07 7.123209e+06 -3.082661e+06
1.915088e-03 2.808130e+08 8.025061e+07 1.430068e+07 6.335301e+06 1.740992e+06
1.978019e-03 2.769810e+08 8.172038e+07 1.476254e+07 8.838257e+06 -3.877332e+06
2.041684e-03 2.730449e+08 8.301688e+07 1.639940e+07 8.359339e+06 3.623053e+05
2.104726e-03 2.691308e+08 8.421968e+07 1.618229e+07 9.037477e+06 -1.454894e+06
2.167060e-03 2.651414e+08 8.534380e+07 1.745782e+07 1.027189e+07 -2.044815e+06
2.229921e-03 2.611088e+08 8.633963e+07 1.804565e+07 1.063603e+07 -1.747610e+06
2.292794e-03 2.570027e+08 8.726773e+07 1.882638e+07 1.182286e+07 -2.884236e+06
2.355230e-03 2.528940e+08 8.805192e+07 1.987248e+07 1.206580e+07 -1.418955e+06
2.418331e-03 2.487003e+08 8.876090e+07 2.072339e+07 1.278868e+07 -1.389062e+06
2.481215e-03 2.444742e+08 8.939883e+07 2.142171e+07 1.412834e+07 -3.003495e+06
2.543891e-03 2.402640e+08 8.987772e+07 2.227255e+07 1.421230e+07 -1.358545e+06
2.607003e-03 2.359416e+08 9.034532e+07 2.314221e+07 1.602632e+07 -3.584486e+06
2.669740e-03 2.316542e+08 9.068038e+07 2.385067e+07 1.700706e+07 -4.088746e+06
2.732628e-03 2.273774e+08 9.085304e+07 2.475307e+07 1.690998e+07 -2.111044e+06
2.796013e-03 2.229888e+08 9.102718e+07 2.561630e+07 1.845435e+07 -3.651010e+06
2.858795e-03 2.186691e+08 9.108244e+07 2.619012e+07 1.935446e+07 -3.771533e+06
2.920959e-03 2.144024e+08 9.100958e+07 2.700183e+07 1.983204e+07 -3.483550e+06
2.983535e-03 2.100636e+08 9.091086e+07 2.774945e+07 2.114763e+07 -4.294855e+06
3.046449e-03 2.057006e+08 9.071552e+07 2.859690e+07 2.245262e+07 -5.219078e+06
3.109435e-03 2.013834e+08 9.044251e+07 2.888380e+07 2.331227e+07 -5.891225e+06
3.172429e-03 1.971063e+08 8.997885e+07 2.997037e+07 2.323395e+07 -3.335652e+06
3.235378e-03 1.927626e+08 8.955690e+07 3.077218e+07 2.469123e+07 -5.076132e+06
3.298350e-03 1.884728e+08 8.904619e+07 3.125048e+07 2.569556e+07 -5.322678e+06
3.361502e-03 1.841495e+08 8.847758e+07 3.194475e+07 2.717367e+07 -6.931768e+06
3.424034e-03 1.799550e+08 8.779752e+07 3.250404e+07 2.780399e+07 -6.525104e+06
3.486610e-03 1.757923e+08 8.703713e+07 3.312070e+07 2.838375e+07 -6.149787e+06
3.549533e-03 1.715515e+08 8.628320e+07 3.372544e+07 2.992430e+07 -7.776234e+06
3.612035e-03 1.675095e+08 8.532627e+07 3.463474e+07 2.970703e+07 -5.213939e+06
3.674842e-03 1.633297e+08 8.452255e+07 3.460622e+07 3.169698e+07 -8.670577e+06
3.737743e-03 1.593024e+08 8.348541e+07 3.538098e+07 3.195242e+07 -7.376376e+06
3.800817e-03 1.551958e+08 8.253138e+07 3.558955e+07 3.351302e+07 -9.366852e+06
3.863693e-03 1.512841e+08 8.136261e+07 3.639214e+07 3.354890e+07 -7.741076e+06
3.926624e-03 1.472973e+08 8.028674e+07 3.666851e+07 3.477766e+07 -8.881264e+06
3.989691e-03 1.434253e+08 7.909232e+07 3.710779e+07 3.534007e+07 -8.977119e+06
4.052279e-03 1.395925e+08 7.790563e+07 3.741956e+07 3.617320e+07 -9.324014e+06
4.115276e-03 1.357589e+08 7.667284e+07 3.780867e+07 3.722645e+07 -1.025383e+07
4.178091e-03 1.320870e+08 7.536860e+07 3.808442e+07 3.751374e+07 -9.829923e+06
4.240529e-03 1.284014e+08 7.408934e+07 3.836445e+07 3.840545e+07 -1.040483e+07
4.303566e-03 1.247843e+08 7.272888e+07 3.868961e+07 3.898905e+07 -1.060853e+07
4.366473e-03 1.212345e+08 7.136607e+07 3.888706e+07 3.950717e+07 -1.053932e+07
4.429136e-03 1.177371e+08 6.998711e+07 3.903194e+07 4.023848e+07 -1.141668e+07
4.491804e-03 1.142465e+08 6.864845e+07 3.895141e+07 4.106396e+07 -1.236180e+07
4.554524e-03 1.109399e+08 6.714014e+07 3.956156e+07 4.123431e+07 -1.152892e+07
4.617696e-03 1.076194e+08 6.574015e+07 3.925001e+07 4.170949e+07 -1.206137e+07
4.680743e-03 1.043385e+08 6.427850e+07 3.949495e+07 4.221599e+07 -1.223953e+07
4.743600e-03 1.011416e+08 6.283152e+07 3.944610e+07 4.267302e+07 -1.276574e+07
4.806460e-03 9.806538e+07 6.133243e+07 3.964353e+07 4.287621e+07 -1.228314e+07
4.869182e-03 9.500993e+07 5.987109e+07 3.955837e+07 4.326359e+07 -1.288079e+07
4.931803e-03 9.196609e+07 5.845238e+07 3.933510e+07 4.377468e+07 -1.356309e+07
4.994544e-03 8.908428e+07 5.696544e+07 3.931052e+07 4.390179e+07 -1.347984e+07
5.057296e-03 8.622974e+07 5.547342e+07 3.940653e+07 4.413790e+07 -1.341505e+07
5.120127e-03 8.349297e+07 5.402563e+07 3.906671e+07 4.411200e+07 -1.345139e+07
5.183244e-03 8.069125e+07 5.257580e+07 3.890826e+07 4.444615e+07 -1.397471e+07
5.246213e-03 7.803847e+07 5.112158e+07 3.873060e+07 4.451371e+07 -1.399931e+07
5.308940e-03 7.541409e+07 4.970800e+07 3.838585e+07 4.464024e+07 -1.445085e+07
5.371705e-03 7.293496e+07 4.825272e+07 3.831813e+07 4.456574e+07 -1.414022e+07
5.434764e-03 7.045731e+07 4.682486e+07 3.816006e+07 4.456220e+07 -1.397222e+07
5.497589e-03 6.802621e+07 4.548443e+07 3.745270e+07 4.450165e+07 -1.480152e+07
5.560094e-03 6.576369e+07 4.406060e+07 3.750302e+07 4.429435e+07 -1.397577e+07
5.623090e-03 6.342246e+07 4.272895e+07 3.693281e+07 4.433150e+07 -1.466587e+07
5.686167e-03 6.120452e+07 4.137519e+07 3.660829e+07 4.409367e+07 -1.459050e+07
5.748863e-03 5.905542e+07 4.006950e+07 3.614842e+07 4.387182e+07 -1.447964e+07
5.811791e-03 5.702894e+07 3.874082e+07 3.588888e+07 4.353899e+07 -1.429816e+07
5.874636e-03 5.494174e+07 3.747958e+07 3.538819e+07 4.331542e+07 -1.425257e+07
5.937271e-03 5.296562e+07 3.622623e+07 3.490137e+07 4.310285e+07 -1.458615e+07
6.000058e-03 5.108979e+07 3.500485e+07 3.442212e+07 4.261407e+07 -1.421402e+07
6.062729e-03 4.921073e+07 3.380508e+07 3.390027e+07 4.232586e+07 -1.432374e+07
6.125517e-03 4.738729e+07 3.262559e+07 3.335412e+07 4.190463e+07 -1.435805e+07
6.188708e-03 4.567740e+07 3.146679e+07 3.292134e+07 4.140346e+07 -1.374247e+07
6.251555e-03 4.399123e+07 3.033074e+07 3.236363e+07 4.096138e+07 -1.399185e+07
6.314077e-03 4.234408e+07 2.924480e+07 3.179010e+07 4.042932e+07 -1.365201e+07
6.377058e-03 4.072823e+07 2.817480e+07 3.113625e+07 3.994231e+07 -1.367169e+07
6.440009e-03 3.920051e+07 2.711679e+07 3.061657e+07 3.941422e+07 -1.355209e+07
6.502812e-03 3.775219e+07 2.610336e+07 3.007412e+07 3.876642e+07 -1.299123e+07
6.565726e-03 3.624981e+07 2.512259e+07 2.926976e+07 3.821841e+07 -1.332989e+07
6.628521e-03 3.490502e+07 2.414460e+07 2.885851e+07 3.761721e+07 -1.265100e+07
6.691272e-03 3.354410e+07 2.321125e+07 2.814357e+07 3.696698e+07 -1.274236e+07
6.754176e-03 3.227098e+07 2.230465e+07 2.757667e+07 3.630496e+07 -1.225286e+07
6.816888e-03 3.100041e+07 2.142658e+07 2.689536e+07 3.561640e+07 -1.206208e+07
6.879625e-03 2.974818e+07 2.057486e+07 2.614728e+07 3.496266e+07 -1.204974e+07
6.942449e-03 2.862515e+07 1.974628e+07 2.561148e+07 3.423019e+07 -1.149907e+07
7.005248e-03 2.750671e+07 1.894860e+07 2.494378e+07 3.356567e+07 -1.138649e+07
7.068136e-03 2.638025e+07 1.816864e+07 2.424232e+07 3.280033e+07 -1.107619e+07
7.131053e-03 2.533174e+07 1.741821e+07 2.359338e+07 3.205404e+07 -1.072699e+07
7.194010e-03 2.431411e+07 1.669193e+07 2.291068e+07 3.132974e+07 -1.055993e+07
7.256902e-03 2.336815e+07 1.599950e+07 2.232458e+07 3.057802e+07 -1.000699e+07
7.319748e-03 2.236108e+07 1.531295e+07 2.152485e+07 2.979988e+07 -1.000471e+07
7.382611e-03 2.150332e+07 1.467084e+07 2.097103e+07 2.903195e+07 -9.428533e+06
7.445306e-03 2.060424e+07 1.404198e+07 2.025213e+07 2.829799e+07 -9.282380e+06
7.507906e-03 1.979254e+07 1.344315e+07 1.965037e+07 2.754159e+07 -8.907029e+06
7.570818e-03 1.892828e+07 1.285406e+07 1.890383e+07 2.675339e+07 -8.618636e+06
7.633721e-03 1.817252e+07 1.229235e+07 1.829954e+07 2.598435e+07 -8.337136e+06
7.696586e-03 1.742926e+07 1.175789e+07 1.768743e+07 2.522605e+07 -7.856940e+06
7.759492e-03 1.669107e+07 1.123376e+07 1.700220e+07 2.443868e+07 -7.647668e+06
7.822382e-03 1.600941e+07 1.073957e+07 1.641413e+07 2.370161e+07 -7.209485e+06
7.885469e-03 1.531411e+07 1.025328e+07 1.572412e+07 2.293303e+07 -7.017699e+06
7.948044e-03 1.468438e+07 9.796103e+06 1.514006e+07 2.217623e+07 -6.608724e+06
8.010528e-03 1.404537e+07 9.351950e+06 1.448916e+07 2.144186e+07 -6.304629e+06
8.073516e-03 1.346412e+07 8.927047e+06 1.390474e+07 2.070798e+07 -6.071692e+06
8.136423e-03 1.288895e+07 8.522512e+06 1.330868e+07 1.998373e+07 -5.647695e+06
8.199228e-03 1.235360e+07 8.131656e+06 1.275667e+07 1.926093e+07 -5.314310e+06
8.262023e-03 1.179786e+07 7.746199e+06 1.212288e+07 1.852484e+07 -5.062885e+06
8.324981e-03 1.131740e+07 7.397553e+06 1.161039e+07 1.787652e+07 -4.726198e+06
8.388025e-03 1.081237e+07 7.045094e+06 1.100250e+07 1.714669e+07 -4.498148e+06
8.450798e-03 1.035600e+07 6.718004e+06 1.049267e+07 1.648454e+07 -4.090559e+06
8.513424e-03 9.892713e+06 6.391784e+06 9.925896e+06 1.580166e+07 -3.884352e+06
8.576219e-03 9.480871e+06 6.098318e+06 9.433401e+06 1.518454e+07 -3.565571e+06
8.639099e-03 9.066577e+06 5.803675e+06 8.917170e+06 1.453730e+07 -3.327964e+06
8.701941e-03 8.663395e+06 5.519151e+06 8.404748e+06 1.389163e+07 -3.015129e+06
8.764716e-03 8.287127e+06 5.252196e+06 7.922306e+06 1.328560e+07 -2.728675e+06
8.827545e-03 7.925056e+06 4.996087e+06 7.442431e+06 1.270367e+07 -2.565913e+06
8.890404e-03 7.590138e+06 4.756216e+06 7.001316e+06 1.212442e+07 -2.242264e+06
8.953189e-03 7.249011e+06 4.513978e+06 6.535520e+06 1.153854e+07 -2.011228e+06
9.016039e-03 6.932457e+06 4.288375e+06 6.102122e+06 1.099076e+07 -1.790823e+06
9.078883e-03 6.638919e+06 4.078789e+06 5.688820e+06 1.047658e+07 -1.572965e+06
9.141797e-03 6.344503e+06 3.867168e+06 5.278186e+06 9.942962e+06 -1.381468e+06
9.204714e-03 6.067113e+06 3.668117e+06 4.870895e+06 9.420805e+06 -1.090724e+06
9.267500e-03 5.805493e+06 3.479370e+06 4.491684e+06 8.934633e+06 -9.339223e+05
9.330389e-03 5.560388e+06 3.301404e+06 4.133103e+06 8.477087e+06 -7.486434e+05
9.393353e-03 5.311568e+06 3.123586e+06 3.753612e+06 8.003543e+06 -5.576404e+05
9.456033e-03 5.092118e+06 2.961571e+06 3.427619e+06 7.564297e+06 -3.931009e+05
9.518699e-03 4.869145e+06 2.797871e+06 3.082753e+06 7.128370e+06 -1.856902e+05
9.581480e-03 4.667238e+06 2.651448e+06 2.774248e+06 6.731218e+06 -9.616181e+04
9.644431e-03 4.470116e+06 2.504124e+06 2.462857e+06 6.323449e+06 9.497225e+04
9.707436e-03 4.284908e+06 2.364657e+06 2.171462e+06 5.936828e+06 2.497878e+05
9.770160e-03 4.110443e+06 2.234978e+06 1.898310e+06 5.575727e+06 3.846622e+05
9.832865e-03 3.939893e+06 2.103298e+06 1.615712e+06 5.206578e+06 5.380894e+05
9.895597e-03 3.786336e+06 1.989429e+06 1.379119e+06 4.889761e+06 6.125524e+05
9.958595e-03 3.630592e+06 1.868615e+06 1.116067e+06 4.546376e+06 7.589948e+05
1.002149e-02 3.490727e+06 1.761748e+06 8.935380e+05 4.241440e+06 8.502632e+05
1.008410e-02 3.356077e+06 1.655561e+06 6.691639e+05 3.938822e+06 9.577210e+05
1.014702e-02 3.231744e+06 1.557109e+06 4.637402e+05 3.662429e+06 1.063012e+06
1.020999e-02 3.111434e+06 1.463118e+06 2.659405e+05 3.386556e+06 1.136422e+06
1.027280e-02 3.000422e+06 1.371250e+06 7.476384e+04 3.128438e+06 1.223047e+06
1.033567e-02 2.893190e+06 1.287180e+06 -9.611490e+04 2.876314e+06 1.329872e+06
1.039854e-02 2.792855e+06 1.204397e+06 -2.664108e+05 2.642185e+06 1.378672e+06
1.046130e-02 2.702206e+06 1.128413e+06 -4.182090e+05 2.425285e+06 1.447261e+06
1.052408e-02 2.613131e+06 1.055716e+06 -5.659267e+05 2.212000e+06 1.495946e+06
1.058689e-02 2.531442e+06 9.855714e+05 -7.033211e+05 2.003691e+06 1.584201e+06
1.064973e-02 2.454287e+06 9.222144e+05 -8.250991e+05 1.818583e+06 1.624629e+06
1.071266e-02 2.386779e+06 8.602315e+05 -9.415805e+05 1.646749e+06 1.670607e+06
1.077552e-02 2.317616e+06 8.018105e+05 -1.053604e+06 1.466788e+06 1.722469e+06
1.083829e-02 2.255879e+06 7.483780e+05 -1.150446e+06 1.308164e+06 1.777732e+06
1.090115e-02 2.200438e+06 6.971067e+05 -1.241599e+06 1.159090e+06 1.826515e+06
1.096400e-02 2.145553e+06 6.501729e+05 -1.323196e+06 1.022368e+06 1.830649e+06
1.102688e-02 2.097445e+06 6.051463e+05 -1.399347e+06 8.859639e+05 1.883451e+06
1.108967e-02 2.049672e+06 5.644670e+05 -1.465202e+06 7.592904e+05 1.916812e+06
1.115232e-02 2.007891e+06 5.265397e+05 -1.524049e+06 6.459937e+05 1.938529e+06
1.121507e-02 1.972783e+06 4.894034e+05 -1.580438e+06 5.352331e+05 1.973940e+06
1.127797e-02 1.933864e+06 4.582689e+05 -1.622828e+06 4.373103e+05 1.997183e+06
1.134099e-02 1.904860e+06 4.268666e+05 -1.665737e+06 3.394409e+05 2.029088e+06
1.140372e-02 1.870001e+06 4.009400e+05 -1.694382e+06 2.528278e+05 2.050096e+06
1.146650e-02 1.847403e+06 3.745606e+05 -1.725490e+06 1.737767e+05 2.068139e+06
1.152952e-02 1.821427e+06 3.524103e+05 -1.745232e+06 9.848057e+04 2.097490e+06
1.159236e-02 1.797486e+06 3.322679e+05 -1.760686e+06 2.798002e+04 2.117591e+06
1.165521e-02 1.780367e+06 3.135928e+05 -1.774856e+06 -3.580718e+04 2.146171e+06
1.171802e-02 1.757723e+06 2.979312e+05 -1.773423e+06 -8.676946e+04 2.142873e+06
1.178091e-02 1.744945e+06 2.834929e+05 -1.781435e+06 -1.479989e+05 2.187817e+06
1.184377e-02 1.727805e+06 2.712638e+05 -1.775948e+06 -1.900374e+05 2.197390e+06
1.190645e-02 1.715628e+06 2.613502e+05 -1.766749e+06 -2.370032e+05 2.220326e+06
1.196918e-02 1.703823e+06 2.525973e+05 -1.757030e+06 -2.737228e+05 2.239385e+06
1.203205e-02 1.689892e+06 2.455496e+05 -1.736851e+06 -3.069016e+05 2.249834e+06
1.209494e-02 1.684720e+06 2.399438e+05 -1.722793e+06 -3.389508e+05 2.285480e+06
1.215771e-02 1.672413e+06 2.355534e+05 -1.695052e+06 -3.616392e+05 2.289188e+06
1.222054e-02 1.665949e+06 2.336408e+05 -1.673068e+06 -3.897791e+05 2.328969e+06
1.228344e-02 1.659958e+06 2.316002e+05 -1.644288e+06 -4.061785e+05 2.341284e+06
1.234640e-02 1.653019e+06 2.320064e+05 -1.610868e+06 -4.236611e+05 2.361621e+06
1.240915e-02 1.650307e+06 2.326393e+05 -1.580431e+06 -4.366494e+05 2.393790e+06
1.247184e-02 1.638269e+06 2.341774e+05 -1.540257e+06 -4.486007e+05 2.405531e+06
1.253470e-02 1.640065e+06 2.375304e+05 -1.502803e+06 -4.551210e+05 2.437137e+06
1.259754e-02 1.633404e+06 2.409188e+05 -1.461504e+06 -4.589999e+05 2.455347e+06
1.266036e-02 1.628006e+06 2.452918e+05 -1.420075e+06 -4.636485e+05 2.480012e+06
1.272320e-02 1.624862e+06 2.517509e+05 -1.375687e+06 -4.671334e+05 2.510219e+06
1.278608e-02 1.621199e+06 2.562473e+05 -1.328461e+06 -4.603638e+05 2.526894e+06
1.284892e-02 1.619479e+06 2.628506e+05 -1.283710e+06 -4.580051e+05 2.560927e+06
1.291183e-02 1.613470e+06 2.697698e+05 -1.234647e+06 -4.540588e+05 2.585295e+06
1.297477e-02 1.608797e+06 2.769299e+05 -1.183325e+06 -4.473501e+05 2.609226e+06
1.303751e-02 1.606956e+06 2.853230e+05 -1.135677e+06 -4.400741e+05 2.642616e+06
1.310022e-02 1.602106e+06 2.917323e+05 -1.082143e+06 -4.242110e+05 2.657261e+06
1.316309e-02 1.598906e+06 3.024388e+05 -1.032521e+06 -4.170627e+05 2.693367e+06
1.322594e-02 1.591319e+06 3.074702e+05 -9.785018e+05 -4.039086e+05 2.716162e+06
1.328870e-02 1.590668e+06 3.182249e+05 -9.273644e+05 -3.899728e+05 2.750448e+06
1.335152e-02 1.584607e+06 3.256195e+05 -8.749663e+05 -3.737229e+05 2.775423e+06
1.341448e-02 1.578624e+06 3.340282e+05 -8.235248e+05 -3.576589e+05 2.800084e+06
1.347734e-02 1.573466e+06 3.439338e+05 -7.685062e+05 -3.423719e+05 2.831541e+06
1.354004e-02 1.566026e+06 3.496726e+05 -7.142580e+05 -3.251127e+05 2.856903e+06
1.360289e-02 1.561939e+06 3.603214e+05 -6.606731e+05 -3.029150e+05 2.879455e+06
1.366571e-02 1.553682e+06 3.661399e+05 -6.111427e+05 -2.854645e+05 2.907562e+06
1.372857e-02 1.546881e+06 3.756193e+05 -5.560316e+05 -2.653383e+05 2.931520e+06
1.379141e-02 1.540791e+06 3.828999e+05 -5.053319e+05 -2.467346e+05 2.965900e+06
1.385412e-02 1.530336e+06 3.890383e+05 -4.555105e+05 -2.256129e+05 2.983094e+06
1.391702e-02 1.524454e+06 3.978536e+05 -4.042690e+05 -2.021230e+05 3.007960e+06
1.397990e-02 1.514994e+06 4.028313e+05 -3.518228e+05 -1.826254e+05 3.033904e+06
1.404272e-02 1.505373e+06 4.096187e+05 -3.047133e+05 -1.620851e+05 3.056755e+06
1.410560e-02 1.495714e+06 4.151467e+05 -2.530914e+05 -1.392247e+05 3.078586e+06
1.416843e-02 1.486014e+06 4.213395e+05 -2.074769e+05 -1.155093e+05 3.094932e+06
1.423121e-02 1.477057e+06 4.267060e+05 -1.617104e+05 -9.417825e+04 3.119299e+06
1.429401e-02 1.463161e+06 4.300523e+05 -1.149020e+05 -7.517916e+04 3.136150e+06
1.435689e-02 1.454421e+06 4.353843e+05 -6.947380e+04 -5.106481e+04 3.157254e+06
1.441980e-02 1.441994e+06 4.385020e+05 -2.747483e+04 -2.953145e+04 3.169640e+06
1.448261e-02 1.431952e+06 4.423451e+05 1.776366e+04 -6.791445e+03 3.190064e+06
1.454538e-02 1.418072e+06 4.454445e+05 6.053431e+04 1.440613e+04 3.203209e+06
1.460822e-02 1.404872e+06 4.468004e+05 9.751966e+04 3.271606e+04 3.216745e+06
1.467115e-02 1.393079e+06 4.500215e+05 1.363463e+05 5.676073e+04 3.225690e+06
1.473401e-02 1.379769e+06 4.506139e+05 1.757425e+05 7.644740e+04 3.237522e+06
1.479676e-02 1.367231e+06 4.520380e+05 2.140206e+05 9.632703e+04 3.253185e+06
1.485961e-02 1.351616e+06 4.525330e+05 2.464091e+05 1.151044e+05 3.254568e+06
1.492239e-02 1.339194e+06 4.527732e+05 2.812622e+05 1.352386e+05 3.264752e+06
1.498506e-02 1.324114e+06 4.533879e+05 3.138344e+05 1.545907e+05 3.267250e+06
1.504789e-02 1.309071e+06 4.507538e+05 3.435927e+05 1.724581e+05 3.268309e+06
1.511078e-02 1.293537e+06 4.508966e+05 3.761458e+05 1.893370e+05 3.273410e+06
1.517364e-02 1.280842e+06 4.492529e+05 4.049314e+05 2.072397e+05 3.278251e+06
1.523654e-02 1.265348e+06 4.475276e+05 4.273903e+05 2.236553e+05 3.273546e+06
1.529942e-02 1.249994e+06 4.454659e+05 4.560586e+05 2.397534e+05 3.275581e+06
1.536235e-02 1.233155e+06 4.419663e+05 4.794333e+05 2.528894e+05 3.269270e+06
1.542517e-02 1.218534e+06 4.400407e+05 5.020915e+05 2.678836e+05 3.266870e+06
1.548789e-02 1.203877e+06 4.361716e+05 5.216057e+05 2.825989e+05 3.260332e+06
1.555076e-02 1.186688e+06 4.325950e+05 5.448633e+05 2.958633e+05 3.251928e+06
1.561359e-02 1.171498e+06 4.288687e+05 5.618670e+05 3.072849e+05 3.244843e+06
1.567632e-02 1.153889e+06 4.239180e+05 5.793070e+05 3.180125e+05 3.231794e+06
1.573917e-02 1.139791e+06 4.206152e+05 5.946563e+05 3.315814e+05 3.220980e+06
1.580208e-02 1.121912e+06 4.145487e+05 6.075305e+05 3.399403e+05 3.204637e+06
1.586491e-02 1.106977e+06 4.105684e+05 6.214738e+05 3.478467e+05 3.195992e+06
1.592764e-02 1.091040e+06 4.052587e+05 6.326305e+05 3.564683e+05 3.181577e+06
1.599049e-02 1.074263e+06 3.996297e+05 6.423904e+05 3.658538e+05 3.158887e+06
1.605344e-02 1.059909e+06 3.950719e+05 6.517708e+05 3.713213e+05 3.149442e+06
1.624590e-02 1.008290e+06 3.229304e+05 6.652165e+05 5.177448e+05 3.051086e+06
1.642530e-02 9.643121e+05 3.077816e+05 6.763107e+05 5.215472e+05 2.988034e+06
1.660477e-02 9.208509e+05 2.913237e+05 6.796301e+05 5.206714e+05 2.924889e+06
1.678430e-02 8.756229e+05 2.747205e+05 6.628828e+05 5.112318e+05 2.829248e+06
1.696359e-02 8.322511e+05 2.573919e+05 6.390801e+05 5.001305e+05 2.732011e+06
1.714294e-02 7.903708e+05 2.407048e+05 6.218567e+05 4.841168e+05 2.646314e+06
1.732202e-02 7.486277e+05 2.229597e+05 5.862157e+05 4.589063e+05 2.541990e+06
1.750141e-02 7.107371e+05 2.088532e+05 5.416763e+05 4.360023e+05 2.436260e+06
1.768181e-02 6.721983e+05 1.922119e+05 5.099238e+05 4.062241e+05 2.335109e+06
1.786131e-02 6.377359e+05 1.790039e+05 4.562746e+05 3.752291e+05 2.231673e+06
1.804025e-02 6.020409e+05 1.642987e+05 4.105452e+05 3.403060e+05 2.123486e+06
1.822032e-02 5.670974e+05 1.517067e+05 3.572502e+05 3.091506e+05 2.002656e+06
1.839987e-02 5.369105e+05 1.400347e+05 3.031553e+05 2.722949e+05 1.900733e+06
1.857923e-02 5.065751e+05 1.288806e+05 2.543087e+05 2.379094e+05 1.794191e+06
1.875889e-02 4.766216e+05 1.183130e+05 1.970527e+05 2.034954e+05 1.681115e+06
1.893827e-02 4.502314e+05 1.099524e+05 1.506412e+05 1.703953e+05 1.579748e+06
1.911768e-02 4.251278e+05 1.012661e+05 9.413449e+04 1.356635e+05 1.478151e+06
1.929737e-02 4.011265e+05 9.364167e+04 4.821483e+04 1.053293e+05 1.380284e+06
1.947670e-02 3.777104e+05 8.704808e+04 1.879859e+03 7.700948e+04 1.281499e+06
1.965601e-02 3.564462e+05 8.050888e+04 -4.346934e+04 4.901304e+04 1.187303e+06
1.983541e-02 3.370134e+05 7.567529e+04 -8.312210e+04 2.391478e+04 1.100990e+06
2.001489e-02 3.188470e+05 7.030706e+04 -1.204451e+05 7.335006e+02 1.020703e+06
2.019468e-02 3.013177e+05 6.621658e+04 -1.549301e+05 -1.984135e+04 9.381244e+05
2.037444e-02 2.855525e+05 6.232521e+04 -1.847361e+05 -3.785941e+04 8.644528e+05
2.055417e-02 2.710791e+05 5.870564e+04 -2.112649e+05 -5.407333e+04 7.968469e+05
2.073390e-02 2.578046e+05 5.607256e+04 -2.320447e+05 -6.707316e+04 7.336975e+05
2.091338e-02 2.453006e+05 5.324095e+04 -2.523742e+05 -7.851177e+04 6.748921e+05
2.109302e-02 2.343586e+05 5.099992e+04 -2.651274e+05 -8.787945e+04 6.235166e+05
2.127237e-02 2.238868e+05 4.879806e+04 -2.752788e+05 -9.416287e+04 5.762857e+05
2.145116e-02 2.152021e+05 4.730029e+04 -2.833161e+05 -1.000971e+05 5.370550e+05
2.163077e-02 2.061637e+05 4.574763e+04 -2.844993e+05 -1.026090e+05 4.988621e+05
2.181049e-02 1.993992e+05 4.429486e+04 -2.858118e+05 -1.046895e+05 4.706128e+05
2.198999e-02 1.925460e+05 4.375352e+04 -2.818132e+05 -1.044841e+05 4.449954e+05
2.216980e-02 1.868048e+05 4.253628e+04 -2.760663e+05 -1.037894e+05 4.262609e+05
2.234970e-02 1.811848e+05 4.181333e+04 -2.658402e+05 -1.010921e+05 4.103573e+05
2.252980e-02 1.765547e+05 4.126686e+04 -2.547783e+05 -9.754051e+04 3.997102e+05
2.270853e-02 1.726238e+05 4.086824e+04 -2.410716e+05 -9.286771e+04 3.934057e+05
2.288717e-02 1.682186e+05 4.039856e+04 -2.246392e+05 -8.759642e+04 3.898611e+05
2.306686e-02 1.656276e+05 3.990244e+04 -2.086973e+05 -8.176925e+04 3.920356e+05
2.324649e-02 1.621486e+05 3.969153e+04 -1.890669e+05 -7.501116e+04 3.948674e+05
2.342617e-02 1.598641e+05 3.943187e+04 -1.699459e+05 -6.796174e+04 4.022233e+05
2.360560e-02 1.570841e+05 3.907054e+04 -1.500152e+05 -6.091620e+04 4.099945e+05
2.378549e-02 1.548291e+05 3.880519e+04 -1.278855e+05 -5.310661e+04 4.210341e+05
2.396571e-02 1.531647e+05 3.838498e+04 -1.082111e+05 -4.520140e+04 4.332772e+05
2.414482e-02 1.507831e+05 3.804645e+04 -8.597775e+04 -3.772323e+04 4.455962e+05
2.432376e-02 1.491351e+05 3.741976e+04 -6.620768e+04 -2.979612e+04 4.590873e+05
2.450343e-02 1.472127e+05 3.693185e+04 -4.493468e+04 -2.215355e+04 4.730162e+05
2.468304e-02 1.456464e+05 3.636905e+04 -2.574929e+04 -1.485438e+04 4.867638e+05
2.486245e-02 1.437937e+05 3.558274e+04 -7.120971e+03 -7.609399e+03 4.998620e+05
2.504187e-02 1.416488e+05 3.478338e+04 1.164307e+04 -1.154040e+03 5.113944e+05
2.522156e-02 1.403340e+05 3.395710e+04 2.707041e+04 5.458183e+03 5.236963e+05
2.540110e-02 1.383122e+05 3.302558e+04 4.385827e+04 1.129919e+04 5.339078e+05
2.558029e-02 1.363765e+05 3.204116e+04 5.708785e+04 1.660372e+04 5.423000e+05
2.575992e-02 1.343141e+05 3.097121e+04 7.005849e+04 2.198605e+04 5.487801e+05
2.593954e-02 1.322971e+05 2.989801e+04 8.249278e+04 2.584728e+04 5.553658e+05
2.611933e-02 1.302365e+05 2.891058e+04 9.037288e+04 2.977537e+04 5.580988e+05
2.629913e-02 1.277722e+05 2.754866e+04 1.001308e+05 3.279859e+04 5.600148e+05
2.647853e-02 1.255640e+05 2.652589e+04 1.056574e+05 3.575036e+04 5.594340e+05
2.665812e-02 1.230381e+05 2.538075e+04 1.116771e+05 3.782380e+04 5.573153e+05
2.683805e-02 1.204535e+05 2.420858e+04 1.157067e+05 3.932782e+04 5.535058e+05
2.701719e-02 1.179570e+05 2.311865e+04 1.163988e+05 4.010808e+04 5.473063e+05
2.719620e-02 1.149235e+05 2.183113e+04 1.193034e+05 4.065976e+04 5.395514e+05
2.737553e-02 1.122620e+05 2.095153e+04 1.169419e+05 4.071580e+04 5.297686e+05
2.755538e-02 1.092815e+05 1.978926e+04 1.162749e+05 4.024462e+04 5.191569e+05
2.773538e-02 1.062376e+05 1.878024e+04 1.129794e+05 3.945369e+04 5.062346e+05
2.791455e-02 1.032324e+05 1.781682e+04 1.089663e+05 3.841299e+04 4.925674e+05
2.809381e-02 9.985594e+04 1.681456e+04 1.046103e+05 3.688178e+04 4.768735e+05
2.827308e-02 9.700251e+04 1.602116e+04 9.743600e+04 3.515430e+04 4.612418e+05
2.845277e-02 9.360212e+04 1.506008e+04 9.217105e+04 3.332231e+04 4.441505e+05
2.863250e-02 9.038661e+04 1.421618e+04 8.393036e+04 3.090274e+04 4.257870e+05
2.881166e-02 8.712385e+04 1.346200e+04 7.610358e+04 2.865748e+04 4.072276e+05
2.899137e-02 8.399076e+04 1.269082e+04 6.898340e+04 2.690224e+04 3.890494e+05
2.917126e-02 8.074707e+04 1.196412e+04 5.892133e+04 2.399233e+04 3.689710e+05
2.935071e-02 7.751694e+04 1.125790e+04 5.110652e+04 2.174150e+04 3.499244e+05
2.953030e-02 7.455859e+04 1.062826e+04 4.150050e+04 1.919374e+04 3.304865e+05
2.970997e-02 7.142209e+04 1.004105e+04 3.277853e+04 1.707519e+04 3.109394e+05
2.988940e-02 6.855557e+04 9.434417e+03 2.406645e+04 1.471567e+04 2.923287e+05
3.006874e-02 6.568466e+04 8.888369e+03 1.512059e+04 1.234972e+04 2.735922e+05
3.024815e-02 6.278639e+04 8.445303e+03 7.212953e+03 1.038131e+04 2.553053e+05
3.042767e-02 6.042187e+04 7.932630e+03 -1.826885e+03 8.210022e+03 2.383003e+05
3.060744e-02 5.780060e+04 7.501621e+03 -8.946596e+03 6.493725e+03 2.216707e+05
3.078708e-02 5.541886e+04 7.106296e+03 -1.648555e+04 4.494598e+03 2.056571e+05
3.096646e-02 5.321006e+04 6.764417e+03 -2.326972e+04 2.847522e+03 1.909579e+05
3.114600e-02 5.108555e+04 6.424943e+03 -2.912670e+04 1.481341e+03 1.772198e+05
3.132546e-02 4.930402e+04 6.133143e+03 -3.514104e+04 5.411190e+01 1.646745e+05
3.150520e-02 4.739455e+04 5.846010e+03 -3.991450e+04 -1.232107e+03 1.528982e+05
3.168484e-02 4.586196e+04 5.634869e+03 -4.440497e+04 -2.412783e+03 1.426273e+05
3.186375e-02 4.436599e+04 5.391127e+03 -4.802121e+04 -3.364611e+03 1.334484e+05
3.204302e-02 4.301276e+04 5.193760e+03 -5.079646e+04 -4.065569e+03 1.252050e+05
3.222277e-02 4.193887e+04 5.066951e+03 -5.350287e+04 -4.946224e+03 1.185450e+05
3.240259e-02 4.078697e+04 4.855761e+03 -5.471768e+04 -5.494407e+03 1.127742e+05
3.258186e-02 4.003752e+04 4.770733e+03 -5.609300e+04 -5.982794e+03 1.083884e+05
3.276123e-02 3.925594e+04 4.640823e+03 -5.626215e+04 -6.253645e+03 1.049517e+05
3.294133e-02 3.866457e+04 4.557812e+03 -5.613515e+04 -6.558893e+03 1.026295e+05
3.312088e-02 3.817203e+04 4.476917e+03 -5.525753e+04 -6.687055e+03 1.013382e+05
3.330035e-02 3.775296e+04 4.405234e+03 -5.375231e+04 -6.675689e+03 1.009702e+05
3.347992e-02 3.761263e+04 4.401226e+03 -5.223367e+04 -6.695635e+03 1.016321e+05
3.365971e-02 3.728465e+04 4.347977e+03 -4.947852e+04 -6.471242e+03 1.026273e+05
3.383927e-02 3.732700e+04 4.362052e+03 -4.711182e+04 -6.318034e+03 1.049815e+05
3.401835e-02 3.719827e+04 4.369987e+03 -4.371891e+04 -5.921394e+03 1.073333e+05
3.419757e-02 3.728260e+04 4.397535e+03 -4.039282e+04 -5.575273e+03 1.107310e+05
3.437723e-02 3.737599e+04 4.460743e+03 -3.681546e+04 -5.210887e+03 1.142958e+05
3.455683e-02 3.746143e+04 4.511302e+03 -3.269806e+04 -4.564359e+03 1.183269e+05
3.473619e-02 3.766925e+04 4.591543e+03 -2.893846e+04 -4.200524e+03 1.226699e+05
3.491584e-02 3.780216e+04 4.687235e+03 -2.470511e+04 -3.499449e+03 1.271265e+05
3.509556e-02 3.795474e+04 4.777493e+03 -2.049588e+04 -2.965264e+03 1.316714e+05
3.527533e-02 3.807042e+04 4.888204e+03 -1.631818e+04 -2.340510e+03 1.361250e+05
3.545456e-02 3.822531e+04 5.009616e+03 -1.202989e+04 -1.481359e+03 1.407782e+05
3.563370e-02 3.830181e+04 5.110421e+03 -8.423378e+03 -1.157001e+03 1.449231e+05
3.581332e-02 3.840608e+04 5.221004e+03 -4.163782e+03 -2.558516e+02 1.493578e+05
3.599287e-02 3.839911e+04 5.318145e+03 -6.929670e+02 3.032343e+02 1.530501e+05
3.617240e-02 3.837462e+04 5.413828e+03 2.733128e+03 9.512997e+02 1.565240e+05
3.635196e-02 3.820440e+04 5.488564e+03 6.193977e+03 1.666276e+03 1.593764e+05
3.653161e-02 3.815368e+04 5.553106e+03 8.971535e+03 2.166902e+03 1.624081e+05
3.671117e-02 3.793316e+04 5.594287e+03 1.182402e+04 2.838473e+03 1.646057e+05
3.689084e-02 3.763474e+04 5.615933e+03 1.396573e+04 3.290259e+03 1.660761e+05
3.707056e-02 3.732008e+04 5.609184e+03 1.599726e+04 3.790555e+03 1.672751e+05
3.724984e-02 3.688030e+04 5.577509e+03 1.776146e+04 4.249867e+03 1.676840e+05
3.742914e-02 3.653231e+04 5.544499e+03 1.891361e+04 4.588128e+03 1.680932e+05
3.760871e-02 3.588344e+04 5.439017e+03 2.008430e+04 4.926697e+03 1.669765e+05
3.778826e-02 3.541889e+04 5.380407e+03 2.044170e+04 5.170236e+03 1.661779e+05
3.796764e-02 3.476290e+04 5.230532e+03 2.095933e+04 5.376263e+03 1.645084e+05
3.814709e-02 3.414764e+04 5.119132e+03 2.079526e+04 5.463540e+03 1.624126e+05
3.832696e-02 3.336863e+04 4.951387e+03 2.033796e+04 5.464797e+03 1.593123e+05
3.850665e-02 3.261803e+04 4.769974e+03 1.984730e+04 5.421539e+03 1.562228e+05
3.868582e-02 3.191253e+04 4.628337e+03 1.877559e+04 5.333943e+03 1.528117e+05
3.886530e-02 3.104803e+04 4.409937e+03 1.769336e+04 5.132110e+03 1.486508e+05
3.904481e-02 3.022678e+04 4.236789e+03 1.613106e+04 4.883465e+03 1.441610e+05
3.922441e-02 2.936880e+04 4.036703e+03 1.454234e+04 4.544863e+03 1.394837e+05
3.940396e-02 2.857126e+04 3.855264e+03 1.283808e+04 4.184201e+03 1.348383e+05
3.958316e-02 2.763645e+04 3.668673e+03 1.063175e+04 3.702568e+03 1.292234e+05
3.976287e-02 2.676346e+04 3.484989e+03 8.697124e+03 3.253801e+03 1.239569e+05
3.994250e-02 2.593128e+04 3.310678e+03 6.428257e+03 2.691625e+03 1.186197e+05
4.012200e-02 2.504745e+04 3.158311e+03 4.194282e+03 2.155624e+03 1.129911e+05
4.030171e-02 2.416943e+04 3.000790e+03 1.936698e+03 1.568323e+03 1.073318e+05
4.048123e-02 2.335294e+04 2.867750e+03 -3.979355e+02 9.482425e+02 1.018846e+05
4.066058e-02 2.252840e+04 2.759073e+03 -2.647357e+03 3.681658e+02 9.646163e+04
4.084001e-02 2.170165e+04 2.632054e+03 -4.931907e+03 -2.713806e+02 9.089651e+04
4.101966e-02 2.092350e+04 2.556512e+03 -6.975404e+03 -8.210509e+02 8.581378e+04
4.119937e-02 2.015467e+04 2.458539e+03 -9.127441e+03 -1.428031e+03 8.059826e+04
4.137874e-02 1.946196e+04 2.404570e+03 -1.099927e+04 -1.953851e+03 7.599903e+04
4.155813e-02 1.873860e+04 2.353032e+03 -1.280045e+04 -2.467651e+03 7.130999e+04
4.173777e-02 1.808631e+04 2.302938e+03 -1.450070e+04 -2.973037e+03 6.700382e+04
4.191752e-02 1.744701e+04 2.276891e+03 -1.594991e+04 -3.387008e+03 6.299190e+04
4.209699e-02 1.688438e+04 2.249769e+03 -1.730359e+04 -3.802058e+03 5.933576e+04
4.227635e-02 1.631215e+04 2.243392e+03 -1.836271e+04 -4.112453e+03 5.600028e+04
4.245594e-02 1.578657e+04 2.226387e+03 -1.928884e+04 -4.401208e+03 5.288505e+04
4.263530e-02 1.532887e+04 2.225175e+03 -2.001525e+04 -4.642293e+03 5.030972e+04
4.281442e-02 1.487762e+04 2.217147e+03 -2.049555e+04 -4.796277e+03 4.792353e+04
4.299392e-02 1.451324e+04 2.227844e+03 -2.090937e+04 -4.928505e+03 4.606076e+04
4.317364e-02 1.412302e+04 2.215229e+03 -2.090704e+04 -4.972638e+03 4.437212e+04
4.335324e-02 1.383672e+04 2.220656e+03 -2.091785e+04 -4.997984e+03 4.320351e+04
4.353285e-02 1.356046e+04 2.210000e+03 -2.063647e+04 -4.951563e+03 4.228656e+04
4.371256e-02 1.330860e+04 2.197944e+03 -2.016379e+04 -4.857619e+03 4.167995e+04
4.389237e-02 1.311446e+04 2.185280e+03 -1.958199e+04 -4.705185e+03 4.139990e+04
4.407181e-02 1.294145e+04 2.155413e+03 -1.875689e+04 -4.534390e+03 4.141483e+04
4.425100e-02 1.283918e+04 2.138187e+03 -1.794388e+04 -4.320862e+03 4.178973e+04
4.443069e-02 1.271947e+04 2.097515e+03 -1.680576e+04 -4.063278e+03 4.226723e+04
4.461032e-02 1.265085e+04 2.057544e+03 -1.568609e+04 -3.791080e+03 4.305384e+04
4.478953e-02 1.262608e+04 2.012234e+03 -1.444536e+04 -3.468274e+03 4.403303e+04
4.496901e-02 1.259751e+04 1.957972e+03 -1.304092e+04 -3.140753e+03 4.518160e+04
4.514874e-02 1.263428e+04 1.903294e+03 -1.175331e+04 -2.810633e+03 4.650746e+04
4.532821e-02 1.264357e+04 1.841537e+03 -1.021036e+04 -2.444965e+03 4.787866e+04
4.550745e-02 1.270647e+04 1.780497e+03 -8.806707e+03 -2.103422e+03 4.939826e+04
4.568707e-02 1.276728e+04 1.714780e+03 -7.285973e+03 -1.727468e+03 5.094662e+04
4.586694e-02 1.284952e+04 1.651967e+03 -5.778101e+03 -1.363750e+03 5.259324e+04
4.617836e-02 1.305305e+04 1.180981e+03 -3.346833e+03 4.603515e+02 5.542742e+04
4.680927e-02 1.327938e+04 9.898792e+02 1.144376e+03 1.497468e+03 6.013236e+04
4.743756e-02 1.345337e+04 8.904339e+02 4.652426e+03 2.240293e+03 6.355989e+04
4.806661e-02 1.347288e+04 8.388723e+02 6.745110e+03 2.717349e+03 6.527560e+04
4.869280e-02 1.318493e+04 8.773090e+02 6.904682e+03 2.714520e+03 6.414443e+04
4.931779e-02 1.243746e+04 8.916892e+02 5.986827e+03 2.448195e+03 6.018882e+04
4.994581e-02 1.161939e+04 9.415329e+02 3.956138e+03 1.983270e+03 5.510001e+04
5.057480e-02 1.049758e+04 9.409311e+02 1.027958e+03 1.259280e+03 4.808065e+04
5.120302e-02 9.398697e+03 9.120345e+02 -2.207354e+03 5.060912e+02 4.084544e+04
5.183209e-02 8.211919e+03 8.453741e+02 -5.260251e+03 -1.823411e+02 3.336111e+04
5.246116e-02 7.234528e+03 7.514581e+02 -7.795190e+03 -7.634049e+02 2.709392e+04
5.308896e-02 6.477853e+03 6.483506e+02 -9.471042e+03 -1.202216e+03 2.238854e+04
5.371721e-02 5.963517e+03 5.422851e+02 -1.015107e+04 -1.405184e+03 1.943272e+04
5.434780e-02 5.711009e+03 4.700623e+02 -9.780145e+03 -1.417474e+03 1.833587e+04
5.497604e-02 5.669573e+03 4.300368e+02 -8.488237e+03 -1.233163e+03 1.891953e+04
5.560013e-02 5.825857e+03 4.319899e+02 -6.468799e+03 -9.354844e+02 2.098429e+04
5.622954e-02 6.051471e+03 4.521610e+02 -3.954598e+03 -5.097100e+02 2.384731e+04
5.686173e-02 6.319998e+03 5.119603e+02 -1.425052e+03 -6.184734e+01 2.706403e+04
5.748940e-02 6.518953e+03 5.429078e+02 9.968322e+02 3.180251e+02 3.004471e+04
5.811669e-02 6.662586e+03 5.742707e+02 2.901402e+03 6.590196e+02 3.240167e+04
5.874554e-02 6.596113e+03 5.761894e+02 4.225697e+03 9.232677e+02 3.343167e+04
5.937282e-02 6.464416e+03 5.571098e+02 4.700291e+03 9.698251e+02 3.350181e+04
6.000021e-02 6.169913e+03 5.157999e+02 4.531903e+03 9.360020e+02 3.226003e+04
6.062750e-02 5.760563e+03 4.657978e+02 3.684805e+03 7.938612e+02 2.988357e+04
6.125597e-02 5.288854e+03 4.049572e+02 2.318558e+03 5.629078e+02 2.674810e+04
6.188682e-02 4.783410e+03 3.466811e+02 7.881895e+02 3.223249e+02 2.322809e+04
6.251462e-02 4.289847e+03 2.996345e+02 -9.473941e+02 7.282460e+01 1.954784e+04
6.314049e-02 3.828282e+03 2.574388e+02 -2.420818e+03 -1.177340e+02 1.614650e+04
6.377015e-02 3.462158e+03 2.194004e+02 -3.608264e+03 -2.564662e+02 1.339928e+04
6.439971e-02 3.197582e+03 1.943276e+02 -4.381461e+03 -3.448836e+02 1.144236e+04
6.502803e-02 3.034182e+03 1.757196e+02 -4.653113e+03 -3.478420e+02 1.037748e+04
6.565852e-02 2.962779e+03 1.589595e+02 -4.443416e+03 -3.156260e+02 1.011974e+04
6.628652e-02 2.992196e+03 1.530959e+02 -3.871118e+03 -2.263822e+02 1.066548e+04
6.691319e-02 3.066346e+03 1.607954e+02 -3.032632e+03 -1.083837e+02 1.166719e+04
6.754195e-02 3.169733e+03 1.713627e+02 -2.036113e+03 6.702459e+00 1.296673e+04
6.816923e-02 3.261090e+03 1.806899e+02 -1.092737e+03 1.063230e+02 1.421133e+04
6.879707e-02 3.311295e+03 1.944710e+02 -3.262201e+02 2.061833e+02 1.513728e+04
6.942589e-02 3.325544e+03 2.051162e+02 2.152370e+02 2.558211e+02 1.573479e+04
7.005350e-02 3.264284e+03 2.016592e+02 4.240882e+02 2.658317e+02 1.570902e+04
7.068149e-02 3.127690e+03 1.982355e+02 3.176381e+02 2.381753e+02 1.504552e+04
7.131092e-02 2.948355e+03 1.916373e+02 -1.005696e+02 1.691817e+02 1.392938e+04
7.194060e-02 2.726981e+03 1.776911e+02 -7.080658e+02 7.324824e+01 1.244408e+04
7.256947e-02 2.483945e+03 1.673032e+02 -1.433140e+03 -3.286243e+01 1.074713e+04
7.319738e-02 2.237701e+03 1.555594e+02 -2.176453e+03 -1.413663e+02 9.006598e+03
7.382604e-02 2.019956e+03 1.463657e+02 -2.792303e+03 -2.268022e+02 7.495951e+03
7.445392e-02 1.845804e+03 1.362839e+02 -3.243159e+03 -2.904670e+02 6.318068e+03
7.507965e-02 1.721527e+03 1.298495e+02 -3.440626e+03 -3.172681e+02 5.577093e+03
7.570782e-02 1.649605e+03 1.198341e+02 -3.349547e+03 -3.059104e+02 5.296622e+03
7.633697e-02 1.648411e+03 1.107767e+02 -3.048900e+03 -2.688755e+02 5.527967e+03
7.696614e-02 1.686486e+03 1.020170e+02 -2.500574e+03 -2.010977e+02 6.119702e+03
7.759521e-02 1.762385e+03 9.507128e+01 -1.842134e+03 -1.197639e+02 6.983462e+03
7.822404e-02 1.854817e+03 9.049643e+01 -1.105440e+03 -3.468726e+01 7.976242e+03
7.885455e-02 1.941062e+03 8.916870e+01 -4.194093e+02 4.640098e+01 8.900720e+03
7.948034e-02 2.011930e+03 9.425270e+01 1.574669e+02 1.170510e+02 9.680107e+03
8.010544e-02 2.036153e+03 9.885467e+01 5.595626e+02 1.574957e+02 1.012224e+04
8.073519e-02 2.028169e+03 1.053827e+02 7.373375e+02 1.837997e+02 1.024120e+04
8.136420e-02 1.968912e+03 1.105223e+02 7.316060e+02 1.794586e+02 9.991128e+03
8.199246e-02 1.871927e+03 1.133112e+02 4.975563e+02 1.593934e+02 9.392879e+03
8.262013e-02 1.735058e+03 1.072177e+02 1.201060e+02 1.114603e+02 8.484604e+03
8.325004e-02 1.589276e+03 9.912826e+01 -3.431672e+02 5.928368e+01 7.471076e+03
8.388076e-02 1.440437e+03 8.500768e+01 -8.438243e+02 -3.025191e-01 6.386797e+03
8.450772e-02 1.308858e+03 6.957493e+01 -1.288687e+03 -5.677797e+01 5.407193e+03
8.513407e-02 1.202905e+03 5.417543e+01 -1.634486e+03 -1.040066e+02 4.600844e+03
8.576290e-02 1.130979e+03 4.455620e+01 -1.824128e+03 -1.340743e+02 4.057280e+03
8.639170e-02 1.099526e+03 4.063064e+01 -1.860284e+03 -1.489467e+02 3.822777e+03
8.701933e-02 1.095805e+03 4.332697e+01 -1.717483e+03 -1.445681e+02 3.865321e+03
8.764729e-02 1.122578e+03 5.183872e+01 -1.438703e+03 -1.255785e+02 4.174784e+03
8.827546e-02 1.167474e+03 6.278791e+01 -1.061292e+03 -9.280854e+01 4.677421e+03
8.890360e-02 1.217148e+03 7.179970e+01 -6.242358e+02 -4.755958e+01 5.270073e+03
8.953185e-02 1.262192e+03 7.796578e+01 -1.963016e+02 -7.597193e+00 5.850127e+03
9.016049e-02 1.294266e+03 8.124022e+01 1.790865e+02 3.986098e+01 6.336949e+03
9.078921e-02 1.312328e+03 7.899671e+01 4.580910e+02 6.929902e+01 6.692549e+03
9.141859e-02 1.302599e+03 7.500945e+01 5.904777e+02 9.178919e+01 6.785472e+03
9.204760e-02 1.268546e+03 6.685606e+01 5.957385e+02 9.933234e+01 6.656605e+03
9.267535e-02 1.213756e+03 6.040687e+01 4.575573e+02 9.410973e+01 6.303479e+03
9.330406e-02 1.137453e+03 5.248043e+01 2.248828e+02 7.417865e+01 5.754662e+03
9.393390e-02 1.051903e+03 4.731208e+01 -9.327071e+01 4.604634e+01 5.087426e+03
9.456102e-02 9.595573e+02 4.265574e+01 -4.414844e+02 1.189373e+01 4.357718e+03
9.518740e-02 8.707922e+02 4.002074e+01 -7.692688e+02 -2.175249e+01 3.659161e+03
9.581568e-02 7.973016e+02 3.708359e+01 -1.057879e+03 -5.482964e+01 3.063666e+03
9.644552e-02 7.340623e+02 3.621366e+01 -1.247850e+03 -7.721749e+01 2.597071e+03
9.707482e-02 6.943031e+02 3.531827e+01 -1.343605e+03 -9.229469e+01 2.319284e+03
9.770146e-02 6.763209e+02 3.601321e+01 -1.333322e+03 -9.759185e+01 2.233003e+03
9.832882e-02 6.743795e+02 3.718494e+01 -1.219695e+03 -9.194415e+01 2.307416e+03
9.895640e-02 6.923417e+02 3.868849e+01 -1.043289e+03 -8.003154e+01 2.534992e+03
9.958504e-02 7.137537e+02 4.040781e+01 -8.066687e+02 -6.397345e+01 2.829882e+03
1.002139e-01 7.399317e+02 4.101061e+01 -5.685964e+02 -4.401828e+01 3.153946e+03
1.008411e-01 7.612091e+02 4.190060e+01 -3.413938e+02 -2.253949e+01 3.445464e+03
1.014708e-01 7.755940e+02 4.075437e+01 -1.601921e+02 -9.887278e+00 3.666807e+03
1.021003e-01 7.763710e+02 4.009199e+01 -5.793204e+01 2.762140e+00 3.762079e+03
1.027279e-01 7.616756e+02 3.864285e+01 -1.934411e+01 6.824800e+00 3.729865e+03
1.033572e-01 7.336830e+02 3.750865e+01 -7.056760e+01 5.682992e+00 3.560592e+03
1.039858e-01 6.937543e+02 3.452885e+01 -1.692193e+02 -8.190121e-01 3.293186e+03
1.046130e-01 6.456300e+02 3.281296e+01 -3.240745e+02 -1.001982e+01 2.942363e+03
1.052407e-01 5.944979e+02 2.931525e+01 -4.971924e+02 -2.392544e+01 2.559163e+03
1.058684e-01 5.453285e+02 2.657730e+01 -6.604138e+02 -3.624325e+01 2.184544e+03
1.064969e-01 5.044566e+02 2.452591e+01 -8.023175e+02 -4.730778e+01 1.873931e+03
1.071273e-01 4.728104e+02 2.274359e+01 -8.889032e+02 -5.631716e+01 1.641397e+03
1.077558e-01 4.540223e+02 2.114246e+01 -9.192660e+02 -6.142653e+01 1.522189e+03
1.083828e-01 4.485306e+02 2.136311e+01 -8.873400e+02 -6.089360e+01 1.512932e+03
1.090114e-01 4.544227e+02 2.120420e+01 -7.976911e+02 -5.562376e+01 1.610449e+03
1.096397e-01 4.700255e+02 2.111609e+01 -6.656997e+02 -4.583753e+01 1.788915e+03
1.102684e-01 4.897213e+02 2.151114e+01 -5.044176e+02 -3.287992e+01 2.010119e+03
1.108970e-01 5.117021e+02 2.186878e+01 -3.450665e+02 -1.761355e+01 2.244506e+03
1.115233e-01 5.306573e+02 2.217268e+01 -2.000427e+02 -3.944152e+00 2.452466e+03
1.121508e-01 5.426199e+02 2.250632e+01 -8.199199e+01 7.743714e+00 2.606230e+03
1.127798e-01 5.452386e+02 2.309022e+01 -1.839218e+01 1.541402e+01 2.671738e+03
1.134097e-01 5.378507e+02 2.318505e+01 1.972723e+00 1.837169e+01 2.657710e+03
1.140373e-01 5.210693e+02 2.309582e+01 -3.971124e+01 1.317024e+01 2.549874e+03
1.146647e-01 4.941461e+02 2.235913e+01 -1.104253e+02 9.651091e+00 2.370966e+03
1.152948e-01 4.631989e+02 2.139732e+01 -2.142845e+02 -1.481942e+00 2.145515e+03
1.159235e-01 4.300797e+02 1.952166e+01 -3.317923e+02 -1.147450e+01 1.897089e+03
1.165517e-01 3.979357e+02 1.744510e+01 -4.381176e+02 -2.144592e+01 1.657936e+03
1.171799e-01 3.726693e+02 1.592838e+01 -5.285729e+02 -2.848505e+01 1.463990e+03
1.178092e-01 3.532221e+02 1.348079e+01 -5.783529e+02 -3.313374e+01 1.323843e+03
1.184382e-01 3.447542e+02 1.223734e+01 -5.908056e+02 -3.404010e+01 1.267552e+03
1.190649e-01 3.446020e+02 1.157855e+01 -5.557927e+02 -3.160435e+01 1.284873e+03
1.196918e-01 3.529273e+02 1.124949e+01 -4.821303e+02 -2.577106e+01 1.375663e+03
1.203206e-01 3.678239e+02 1.149385e+01 -3.780620e+02 -1.873343e+01 1.523069e+03
1.209492e-01 3.862805e+02 1.267531e+01 -2.552318e+02 -9.472588e+00 1.702961e+03
1.215770e-01 4.053857e+02 1.410308e+01 -1.327778e+02 -1.136918e+00 1.891516e+03
1.222060e-01 4.199666e+02 1.572087e+01 -1.950493e+01 4.730445e+00 2.053626e+03
1.228351e-01 4.303280e+02 1.715208e+01 6.830921e+01 1.011828e+01 2.176116e+03
1.234639e-01 4.329934e+02 1.858391e+01 1.220398e+02 1.363717e+01 2.238669e+03
1.240910e-01 4.266842e+02 1.902161e+01 1.353459e+02 1.262907e+01 2.226387e+03
1.247182e-01 4.127767e+02 1.891413e+01 1.089881e+02 9.176150e+00 2.143826e+03
1.253470e-01 3.931588e+02 1.821659e+01 5.182435e+01 4.225312e+00 2.008409e+03
1.259754e-01 3.687319e+02 1.693901e+01 -3.151023e+01 -2.781451e+00 1.825732e+03
1.266036e-01 3.417860e+02 1.484690e+01 -1.278611e+02 -1.042491e+01 1.616350e+03
1.272319e-01 3.164197e+02 1.300502e+01 -2.213177e+02 -1.791033e+01 1.411734e+03
1.278607e-01 2.952086e+02 1.157471e+01 -3.032363e+02 -2.553466e+01 1.234380e+03
1.284890e-01 2.784234e+02 1.074333e+01 -3.602008e+02 -3.119971e+01 1.095809e+03
1.291182e-01 2.680818e+02 1.106174e+01 -3.863273e+02 -3.468234e+01 1.013932e+03
1.297470e-01 2.636205e+02 1.246707e+01 -3.774550e+02 -3.548916e+01 9.897266e+02
1.303744e-01 2.645628e+02 1.451562e+01 -3.375492e+02 -3.394158e+01 1.025243e+03
1.310022e-01 2.705097e+02 1.683472e+01 -2.733620e+02 -3.035477e+01 1.108642e+03
1.316312e-01 2.773712e+02 1.885428e+01 -1.897707e+02 -2.347633e+01 1.217539e+03
1.322597e-01 2.857621e+02 2.008159e+01 -1.036054e+02 -1.652883e+01 1.342168e+03
1.328871e-01 2.929763e+02 1.998300e+01 -1.905140e+01 -9.971145e+00 1.459194e+03
1.335151e-01 2.980720e+02 1.879916e+01 4.588898e+01 -3.437551e+00 1.550908e+03
1.341448e-01 2.977397e+02 1.695322e+01 8.947967e+01 1.398398e+00 1.595448e+03
1.347734e-01 2.941933e+02 1.433926e+01 1.065957e+02 3.259024e+00 1.598885e+03
1.354003e-01 2.864927e+02 1.170588e+01 9.045476e+01 3.291934e+00 1.552094e+03
1.360284e-01 2.741499e+02 9.683386e+00 5.576929e+01 2.487469e+00 1.461324e+03
1.366568e-01 2.591526e+02 7.775180e+00 -7.524941e+00 -5.738701e-01 1.332905e+03
1.372858e-01 2.413846e+02 7.093209e+00 -7.736386e+01 -3.923395e+00 1.183119e+03
1.379142e-01 2.244806e+02 6.725557e+00 -1.525103e+02 -7.822778e+00 1.031999e+03
1.385416e-01 2.078794e+02 6.857858e+00 -2.197807e+02 -1.130180e+01 8.890847e+02
1.391708e-01 1.935621e+02 7.062644e+00 -2.729215e+02 -1.449184e+01 7.716868e+02
1.397994e-01 1.839284e+02 7.534150e+00 -3.081146e+02 -1.672749e+01 6.915794e+02
1.404273e-01 1.776715e+02 7.465519e+00 -3.173805e+02 -1.771040e+01 6.500114e+02
1.410561e-01 1.759601e+02 7.474849e+00 -3.057275e+02 -1.773815e+01 6.500512e+02
1.416844e-01 1.786583e+02 7.225590e+00 -2.750115e+02 -1.633008e+01 6.869837e+02
1.423121e-01 1.839987e+02 7.143025e+00 -2.296947e+02 -1.369228e+01 7.482072e+02
1.429401e-01 1.906887e+02 7.086626e+00 -1.785118e+02 -1.102056e+01 8.222357e+02
1.435692e-01 1.977091e+02 7.017050e+00 -1.261575e+02 -7.041093e+00 8.971395e+02
1.441983e-01 2.034355e+02 7.213698e+00 -8.340648e+01 -3.992364e+00 9.601978e+02
1.448262e-01 2.067111e+02 7.561957e+00 -5.167037e+01 -1.798357e+00 1.001436e+03
1.454539e-01 2.064755e+02 7.732987e+00 -3.689045e+01 -5.417190e-01 1.012415e+03
1.460823e-01 2.025815e+02 8.300863e+00 -4.097691e+01 -8.007481e-01 9.913589e+02
1.467115e-01 1.955046e+02 8.584590e+00 -5.891243e+01 -2.473492e+00 9.446792e+02
1.473399e-01 1.858108e+02 8.687265e+00 -9.032812e+01 -5.262147e+00 8.745288e+02
1.479676e-01 1.743796e+02 8.648808e+00 -1.288056e+02 -8.421819e+00 7.903446e+02
1.485964e-01 1.623936e+02 8.410045e+00 -1.691615e+02 -1.217297e+01 7.013419e+02
1.492243e-01 1.516344e+02 7.685205e+00 -2.060822e+02 -1.530880e+01 6.213742e+02
1.498507e-01 1.427625e+02 7.256620e+00 -2.331223e+02 -1.764654e+01 5.557097e+02
1.504788e-01 1.365368e+02 6.536232e+00 -2.491404e+02 -1.860716e+01 5.121481e+02
1.511078e-01 1.334249e+02 6.057344e+00 -2.496182e+02 -1.885450e+01 4.928530e+02
1.517364e-01 1.332432e+02 5.657790e+00 -2.382823e+02 -1.711839e+01 4.998086e+02
1.523652e-01 1.357701e+02 5.378699e+00 -2.153735e+02 -1.471018e+01 5.271741e+02
1.529942e-01 1.394515e+02 5.324367e+00 -1.846516e+02 -1.146484e+01 5.686529e+02
1.536237e-01 1.444711e+02 5.191883e+00 -1.517424e+02 -7.838027e+00 6.168090e+02
1.542519e-01 1.483340e+02 5.276163e+00 -1.195427e+02 -4.268041e+00 6.615625e+02
1.548791e-01 1.520170e+02 5.019615e+00 -9.575610e+01 -1.236899e+00 6.977845e+02
1.555078e-01 1.526048e+02 5.240983e+00 -7.842883e+01 -9.863355e-02 7.144173e+02
1.561363e-01 1.514410e+02 5.019909e+00 -7.539429e+01 4.318355e-01 7.115156e+02
1.567636e-01 1.478906e+02 5.484602e+00 -8.230547e+01 -8.816886e-01 6.883127e+02
1.573916e-01 1.419572e+02 5.374634e+00 -9.933470e+01 -4.160885e+00 6.465363e+02
1.580207e-01 1.347367e+02 5.952840e+00 -1.243862e+02 -7.305900e+00 5.913522e+02
1.586492e-01 1.261925e+02 6.179219e+00 -1.513623e+02 -1.123762e+01 5.290558e+02
1.592766e-01 1.181152e+02 6.451740e+00 -1.783687e+02 -1.505466e+01 4.684764e+02
1.599049e-01 1.103554e+02 6.486175e+00 -1.988957e+02 -1.748537e+01 4.158218e+02
1.605344e-01 1.046753e+02 6.595693e+00 -2.122943e+02 -1.887864e+01 3.782240e+02
1.624649e-01 1.017417e+02 3.459051e+00 -1.850130e+02 -9.416565e+00 3.848270e+02
1.642557e-01 1.135523e+02 1.677583e+00 -1.041203e+02 5.396493e-01 5.011790e+02
1.660459e-01 1.247055e+02 1.165642e+00 -4.335360e+01 4.916562e+00 5.944888e+02
1.678421e-01 1.203930e+02 2.454048e+00 -5.251956e+01 2.211282e+00 5.640330e+02
1.696353e-01 1.027318e+02 3.878424e+00 -1.134053e+02 -2.833254e+00 4.356659e+02
1.714286e-01 8.702238e+01 3.574373e+00 -1.621284e+02 -5.884125e+00 3.253396e+02
1.732198e-01 8.252100e+01 3.180178e+00 -1.531053e+02 -5.449069e+00 3.197983e+02
1.750152e-01 8.720979e+01 2.251562e+00 -1.069462e+02 -1.736519e+00 3.845906e+02
1.768177e-01 8.919932e+01 1.443596e+00 -7.939604e+01 1.510060e+00 4.176330e+02
1.786121e-01 8.139088e+01 1.735654e+00 -1.026050e+02 -6.256577e-01 3.585872e+02
1.804030e-01 6.937102e+01 2.596173e+00 -1.452940e+02 -5.636877e+00 2.663752e+02
1.822028e-01 6.478344e+01 2.256570e+00 -1.409887e+02 -6.635127e+00 2.485189e+02
1.839998e-01 7.722789e+01 1.487567e+00 -6.494553e+01 -2.269285e+00 3.638406e+02
1.857937e-01 9.744022e+01 1.160376e+00 4.493937e+01 4.336145e+00 5.435564e+02
1.875926e-01 1.082818e+02 1.381207e+00 1.067540e+02 8.707722e+00 6.414012e+02
1.893867e-01 1.022527e+02 1.547300e+00 7.800411e+01 9.233709e+00 5.846185e+02
1.911794e-01 8.164064e+01 1.811437e+00 -1.682170e+01 3.174561e+00 4.060190e+02
1.929763e-01 6.168545e+01 2.320391e+00 -9.705089e+01 -4.733494e+00 2.437508e+02
1.947689e-01 5.488779e+01 2.736963e+00 -1.090024e+02 -6.996920e+00 2.034261e+02
1.965614e-01 6.057252e+01 2.446433e+00 -5.690684e+01 -4.535574e+00 2.741410e+02
1.983545e-01 6.857777e+01 2.067345e+00 -7.977923e-01 4.549869e-01 3.608095e+02
2.001492e-01 6.750375e+01 1.959155e+00 7.229421e+00 2.649308e+00 3.657284e+02
2.019476e-01 5.663954e+01 1.477317e+00 -3.406025e+01 1.891600e+00 2.819546e+02
2.037448e-01 4.603061e+01 6.417244e-01 -8.075496e+01 -1.479763e+00 1.903603e+02
2.055436e-01 4.305339e+01 4.778632e-01 -9.059507e+01 -3.051809e+00 1.638358e+02
2.073409e-01 4.762134e+01 1.478185e+00 -6.058577e+01 -2.110906e+00 2.098376e+02
2.091331e-01 5.204486e+01 1.651512e+00 -2.632346e+01 9.807039e-01 2.630539e+02
2.109295e-01 5.072712e+01 1.071468e+00 -2.162113e+01 2.066380e+00 2.617791e+02
2.127243e-01 4.376041e+01 5.661258e-01 -4.964772e+01 -7.044318e-01 2.049286e+02
2.145132e-01 3.708878e+01 4.814285e-01 -7.871409e+01 -3.092080e+00 1.422104e+02
2.163084e-01 3.507766e+01 1.224384e+00 -8.092060e+01 -3.160607e+00 1.261823e+02
2.181043e-01 3.779165e+01 2.094384e+00 -5.473406e+01 -2.840277e+00 1.615191e+02
2.198991e-01 4.019854e+01 2.028524e+00 -2.772062e+01 -1.672383e+00 2.006809e+02
2.216975e-01 3.876074e+01 8.733393e-01 -2.472338e+01 -1.031579e-01 1.995229e+02
2.234966e-01 3.423819e+01 -1.091147e-01 -4.499234e+01 9.500986e-01 1.587362e+02
2.252970e-01 3.067151e+01 -2.933738e-01 -6.491848e+01 6.857700e-01 1.213741e+02
2.270852e-01 3.069658e+01 3.801802e-01 -6.192980e+01 2.435148e-01 1.225197e+02
2.288723e-01 3.427220e+01 1.177358e+00 -3.851709e+01 -1.041980e+00 1.595306e+02
2.306695e-01 3.678549e+01 1.130272e+00 -1.646512e+01 -1.005218e+00 1.919883e+02
2.324665e-01 3.542493e+01 8.425877e-01 -1.634704e+01 3.374606e-01 1.852347e+02
2.342627e-01 3.028551e+01 2.747919e-01 -3.756669e+01 1.048054e-02 1.422331e+02
2.360563e-01 2.565093e+01 3.230399e-01 -5.680402e+01 -6.755432e-01 1.014007e+02
2.378553e-01 2.518807e+01 7.579106e-01 -5.742182e+01 -1.626725e+00 9.850121e+01
2.396569e-01 2.757052e+01 1.267587e+00 -3.758484e+01 -1.705771e+00 1.273219e+02
2.414498e-01 2.957522e+01 1.041706e+00 -1.933518e+01 -9.887996e-01 1.543909e+02
2.432397e-01 2.866047e+01 6.608564e-01 -1.813217e+01 -6.854521e-01 1.511458e+02
2.450345e-01 2.479489e+01 9.788600e-01 -3.063648e+01 -1.612705e+00 1.216731e+02
2.468308e-01 2.122908e+01 8.572787e-01 -4.163388e+01 -2.105848e+00 9.606927e+01
2.486244e-01 2.096096e+01 7.694821e-01 -3.716498e+01 -1.769485e+00 9.689784e+01
2.504185e-01 2.359035e+01 5.257006e-01 -1.965797e+01 -8.687764e-01 1.214606e+02
2.522154e-01 2.615906e+01 1.099392e-01 -6.735431e+00 -3.042800e-01 1.415665e+02
2.540114e-01 2.550687e+01 3.080786e-02 -9.989768e+00 1.134206e+00 1.330365e+02
2.558058e-01 2.193439e+01 3.579641e-01 -2.767768e+01 1.163052e+00 1.005200e+02
2.576012e-01 1.809170e+01 5.656669e-01 -4.256109e+01 6.843183e-01 7.194363e+01
2.593962e-01 1.757392e+01 5.032284e-01 -4.268893e+01 -8.691267e-01 7.151756e+01
2.611937e-01 1.975856e+01 6.970195e-01 -2.881199e+01 -1.768370e+00 9.299424e+01
2.629942e-01 2.128285e+01 1.107147e+00 -1.484728e+01 -1.926996e+00 1.111799e+02
2.647885e-01 1.987610e+01 1.038907e+00 -1.337183e+01 -1.626408e+00 1.066292e+02
2.665811e-01 1.694569e+01 2.624502e-01 -2.387243e+01 -1.119016e+00 8.315874e+01
2.683801e-01 1.486240e+01 2.918009e-02 -3.377376e+01 -4.672865e-01 6.212051e+01
2.701729e-01 1.523505e+01 3.772972e-01 -3.212758e+01 -1.144217e+00 6.181542e+01
2.719632e-01 1.680103e+01 6.364066e-01 -1.880702e+01 -1.598631e+00 8.039087e+01
2.737587e-01 1.830123e+01 5.955325e-01 -7.017146e+00 -1.062174e+00 9.647483e+01
2.755578e-01 1.735307e+01 4.910407e-01 -7.682404e+00 2.518139e-01 9.171118e+01
2.773550e-01 1.467638e+01 6.739162e-01 -1.882580e+01 7.418366e-01 7.082313e+01
2.791459e-01 1.176465e+01 4.209585e-01 -2.923585e+01 6.829004e-01 5.191803e+01
2.809385e-01 1.159416e+01 3.563457e-02 -3.000483e+01 2.630395e-01 5.132561e+01
2.827312e-01 1.371314e+01 8.603094e-02 -2.125297e+01 -1.991413e-02 6.674777e+01
2.845296e-01 1.529951e+01 4.556322e-01 -1.209431e+01 -3.490161e-01 8.162764e+01
2.863269e-01 1.462237e+01 5.567795e-01 -1.163360e+01 1.917329e-02 8.057490e+01
2.881173e-01 1.278842e+01 5.761402e-01 -1.876992e+01 3.773008e-01 6.673912e+01
2.899148e-01 1.099210e+01 9.217684e-02 -2.511632e+01 5.620447e-01 5.559317e+01
2.917136e-01 1.155245e+01 -1.938043e-01 -2.337645e+01 4.695891e-01 5.823061e+01
2.935083e-01 1.348501e+01 9.765096e-02 -1.458850e+01 -2.917879e-01 7.167704e+01
2.953064e-01 1.451831e+01 4.785121e-01 -8.256127e+00 -3.190473e-01 8.245372e+01
2.971025e-01 1.389335e+01 6.209822e-02 -9.925617e+00 9.277488e-01 7.857036e+01
2.988941e-01 1.230926e+01 3.017098e-02 -1.822532e+01 9.436884e-01 6.177678e+01
3.006873e-01 1.053878e+01 5.654433e-01 -2.590253e+01 -6.958078e-01 4.824351e+01
3.024817e-01 1.019487e+01 5.561390e-01 -2.420971e+01 -1.689928e+00 4.770967e+01
3.042771e-01 1.109825e+01 4.953629e-01 -1.672326e+01 -1.644605e+00 5.656751e+01
3.060756e-01 1.160108e+01 8.997678e-01 -1.056976e+01 -1.977676e+00 6.313387e+01
3.078722e-01 1.003771e+01 7.707276e-01 -1.144439e+01 -1.085010e+00 5.727916e+01
3.096648e-01 8.493506e+00 -1.872868e-01 -1.796591e+01 5.768961e-01 4.367789e+01
3.114599e-01 8.365729e+00 -6.716200e-01 -2.341133e+01 1.392511e+00 3.506407e+01
3.132555e-01 9.619273e+00 -3.104335e-01 -2.152530e+01 1.208565e+00 4.049755e+01
3.150527e-01 1.133167e+01 3.648290e-01 -1.404484e+01 7.418828e-01 5.536849e+01
3.168493e-01 1.162110e+01 8.896902e-01 -7.960563e+00 -2.954722e-01 6.549092e+01
3.186391e-01 1.020888e+01 1.071000e+00 -8.661608e+00 -1.662181e+00 6.091451e+01
3.204305e-01 7.871083e+00 5.387305e-01 -1.418258e+01 -1.740972e+00 4.625985e+01
3.222280e-01 6.795057e+00 1.488490e-01 -1.893574e+01 -1.396854e+00 3.371868e+01
3.240267e-01 6.832229e+00 5.385866e-01 -1.621847e+01 -1.174330e+00 3.466982e+01
3.258197e-01 7.636262e+00 7.883835e-01 -8.889857e+00 -4.634668e-01 4.656862e+01
3.276150e-01 8.271075e+00 1.624169e-01 -3.090258e+00 1.185280e+00 5.683581e+01
3.294148e-01 8.198422e+00 -2.812343e-01 -4.951345e+00 1.558539e+00 5.473475e+01
3.312085e-01 7.415188e+00 -2.442956e-01 -1.258853e+01 1.004691e+00 4.348495e+01
3.330031e-01 6.667970e+00 2.072695e-02 -1.808503e+01 1.673978e-01 3.341238e+01
3.347987e-01 6.748364e+00 2.067406e-01 -1.777330e+01 -4.277157e-01 3.363317e+01
3.365969e-01 7.835112e+00 2.699202e-01 -1.190896e+01 -3.946061e-01 4.331972e+01
3.383923e-01 8.416982e+00 5.407867e-01 -7.026228e+00 -3.622712e-01 5.002600e+01
3.401828e-01 7.649520e+00 8.017725e-01 -7.361832e+00 -9.493750e-01 4.655482e+01
3.419763e-01 5.712112e+00 6.701487e-01 -1.224717e+01 -8.526512e-01 3.578186e+01
3.437730e-01 4.350635e+00 2.157536e-01 -1.631087e+01 -1.276469e-01 2.637900e+01
3.455681e-01 4.823814e+00 1.768321e-01 -1.434173e+01 6.138261e-02 2.944225e+01
3.473617e-01 6.273338e+00 2.296722e-01 -6.715348e+00 3.579209e-02 4.303629e+01
3.491590e-01 7.996324e+00 9.973727e-02 1.519496e+00 5.386867e-01 5.788056e+01
3.509566e-01 8.412333e+00 4.019390e-01 4.543782e+00 -1.442324e-01 6.216445e+01
3.527534e-01 7.172226e+00 7.441158e-01 1.478560e+00 -4.726316e-01 5.569454e+01
3.545449e-01 5.405661e+00 4.684021e-01 -3.646294e+00 -7.504871e-02 4.482959e+01
3.563372e-01 4.476387e+00 2.395120e-02 -7.220265e+00 2.521257e-01 3.673603e+01
3.581341e-01 4.620359e+00 -5.143533e-02 -8.082603e+00 2.075158e-01 3.540781e+01
3.599303e-01 4.972590e+00 -8.309514e-02 -8.360762e+00 2.293548e-01 3.461470e+01
3.617254e-01 4.901850e+00 6.706450e-02 -1.051455e+01 2.670654e-02 3.097503e+01
3.635200e-01 4.218742e+00 3.196662e-01 -1.388378e+01 -9.381204e-01 2.370105e+01
3.653165e-01 3.407457e+00 6.509150e-01 -1.496507e+01 -1.437613e+00 1.933423e+01
3.671116e-01 3.318276e+00 4.865195e-01 -1.201946e+01 -9.431988e-01 2.251489e+01
3.689088e-01 3.967460e+00 2.179980e-01 -6.429770e+00 -7.203779e-02 3.030794e+01
3.707076e-01 4.579472e+00 3.583427e-01 -2.021153e+00 4.473242e-01 3.749174e+01
3.725001e-01 4.352659e+00 3.697665e-01 -1.927294e+00 -1.281321e-03 3.762715e+01
3.742913e-01 3.155707e+00 4.424132e-01 -4.971012e+00 -4.454576e-01 3.041830e+01
3.760877e-01 2.219115e+00 4.317857e-01 -7.874656e+00 -1.068402e+00 2.281171e+01
3.778836e-01 1.893244e+00 1.896729e-01 -8.331123e+00 -4.460614e-01 2.054141e+01
3.796766e-01 2.562915e+00 3.856555e-02 -6.219034e+00 1.735721e-01 2.355354e+01
3.814707e-01 3.024127e+00 3.535393e-01 -4.472511e+00 1.690455e-01 2.692893e+01
3.832699e-01 2.604203e+00 4.806735e-01 -4.881815e+00 4.839458e-02 2.648222e+01
3.850666e-01 1.853736e+00 2.373079e-01 -7.137179e+00 8.837167e-02 2.245725e+01
3.868579e-01 1.511737e+00 -7.684851e-02 -9.109679e+00 2.507074e-01 1.923409e+01
3.886538e-01 2.138920e+00 -1.177251e-01 -8.279093e+00 2.855951e-01 2.094906e+01
3.904491e-01 3.279057e+00 -3.190611e-02 -4.966832e+00 -2.666188e-02 2.725182e+01
3.922449e-01 4.155610e+00 1.198945e-01 -1.761629e+00 2.594682e-01 3.275488e+01
3.940400e-01 4.020982e+00 3.281861e-01 -1.348483e+00 -7.966387e-03 3.305913e+01
3.958317e-01 3.325839e+00 1.643628e-01 -4.266931e+00 2.892371e-01 2.790479e+01
3.976289e-01 2.757361e+00 -3.931290e-04 -8.304909e+00 6.426440e-01 2.091288e+01
3.994255e-01 2.341508e+00 3.591647e-01 -1.043407e+01 -2.490850e-01 1.747895e+01
4.012204e-01 1.964206e+00 6.361170e-01 -9.972495e+00 -7.544416e-01 1.828881e+01
4.030168e-01 1.755768e+00 2.583206e-01 -8.710298e+00 2.700737e-02 1.977278e+01
4.048122e-01 1.931594e+00 -4.838116e-02 -8.461118e+00 5.101091e-01 1.993635e+01
4.066062e-01 2.093963e+00 -8.494410e-02 -9.293106e+00 1.313912e-01 1.851207e+01
4.084001e-01 2.135406e+00 2.191174e-01 -9.283347e+00 -3.264465e-01 1.779080e+01
4.101968e-01 2.188194e+00 4.587877e-01 -7.897996e+00 -5.774011e-01 1.934548e+01
4.119946e-01 2.254663e+00 3.528205e-01 -6.032167e+00 -1.710595e-01 2.261630e+01
4.137897e-01 2.425462e+00 5.771657e-02 -5.344214e+00 6.658561e-01 2.414204e+01
4.155829e-01 2.514421e+00 -1.533418e-02 -6.952167e+00 9.206446e-01 2.267895e+01
4.173778e-01 2.196135e+00 2.202889e-01 -8.996597e+00 2.931284e-01 1.946143e+01
4.191752e-01 1.665029e+00 5.719347e-01 -9.577283e+00 -7.879777e-01 1.755320e+01
4.209702e-01 1.312642e+00 6.823002e-01 -7.724648e+00 -1.601269e+00 1.809884e+01
4.227638e-01 1.227109e+00 3.391889e-01 -5.179399e+00 -1.184040e+00 1.942058e+01
4.245604e-01 1.309972e+00 1.837018e-01 -4.041346e+00 -5.329594e-01 1.905293e+01
4.263543e-01 1.040805e+00 2.464425e-01 -5.199595e+00 2.260162e-01 1.660409e+01
4.281451e-01 5.645777e-01 2.118468e-01 -7.636701e+00 7.852193e-01 1.354983e+01
4.299400e-01 3.114709e-01 1.275749e-01 -8.364982e+00 2.998997e-01 1.239273e+01
4.317365e-01 6.737353e-01 2.165970e-01 -6.941336e+00 -3.012017e-01 1.499483e+01
4.335323e-01 1.218389e+00 1.922477e-02 -4.266034e+00 -5.984195e-01 1.916443e+01
4.353294e-01 1.838009e+00 3.919166e-02 -3.173653e+00 -2.164654e-01 1.997729e+01
4.371263e-01 1.789180e+00 1.615681e-01 -4.310420e+00 -4.525014e-01 1.686324e+01
4.389235e-01 1.301230e+00 3.294768e-01 -6.481152e+00 -5.854834e-01 1.194063e+01
4.407180e-01 9.467293e-01 4.273255e-01 -6.876667e+00 -6.468081e-01 1.020563e+01
4.425103e-01 9.554717e-01 3.320363e-01 -4.734998e+00 -2.149199e-01 1.280118e+01
4.443072e-01 1.459438e+00 2.378796e-01 -1.560790e+00 4.375717e-01 1.800449e+01
4.461036e-01 1.661514e+00 4.595100e-01 1.007054e+00 -1.824277e-02 2.184989e+01
4.478956e-01 1.183464e+00 4.244205e-01 6.305303e-01 -1.560609e-01 2.132672e+01
4.496902e-01 4.646964e-01 2.612263e-01 -1.694285e+00 2.653432e-01 1.722564e+01
4.514874e-01 3.418357e-03 2.088543e-01 -4.715912e+00 1.947095e-01 1.211869e+01
4.532823e-01 -3.168914e-01 6.229741e-02 -6.287004e+00 2.208953e-01 1.049484e+01
4.550750e-01 -4.885804e-02 1.368236e-01 -6.069272e+00 -4.326083e-03 1.051165e+01
4.568708e-01 4.021204e-02 3.206065e-01 -5.262496e+00 -5.033928e-01 1.127411e+01
4.586693e-01 8.645997e-03 1.275572e-01 -4.971078e+00 -6.465305e-01 1.041682e+01
4.604678e-01 9.338659e-01 1.881167e-01 -4.288275e+00 -1.303894e-01 1.283139e+01
4.861870e-01 7.513951e-01 1.513600e-01 -3.450376e+00 -1.049122e-01 1.032423e+01
5.133427e-01 6.045777e-01 1.217853e-01 -2.776197e+00 -8.441308e-02 8.306945e+00
5.420151e-01 4.864475e-01 9.798931e-02 -2.233747e+00 -6.791935e-02 6.683826e+00
5.722891e-01 3.913990e-01 7.884289e-02 -1.797289e+00 -5.464839e-02 5.377853e+00
6.042540e-01 3.149224e-01 6.343754e-02 -1.446111e+00 -4.397048e-02 4.327059e+00
6.380042e-01 2.533888e-01 5.104229e-02 -1.163551e+00 -3.537895e-02 3.481582e+00
6.736396e-01 2.038784e-01 4.106898e-02 -9.362014e-01 -2.846615e-02 2.801305e+00
7.112653e-01 1.640420e-01 3.304439e-02 -7.532742e-01 -2.290407e-02 2.253950e+00
7.509927e-01 1.319893e-01 2.658775e-02 -6.060897e-01 -1.842877e-02 1.813544e+00
7.929389e-01 1.061995e-01 2.139269e-02 -4.876640e-01 -1.482792e-02 1.459190e+00
8.372281e-01 8.544889e-02 1.721271e-02 -3.923779e-01 -1.193065e-02 1.174074e+00
8.839910e-01 6.875277e-02 1.384946e-02 -3.157100e-01 -9.599483e-03 9.446685e-01
9.333658e-01 5.531896e-02 1.114338e-02 -2.540225e-01 -7.723811e-03 7.600869e-01
9.854984e-01 4.451003e-02 8.966038e-03 -2.043883e-01 -6.214632e-03 6.115712e-01
1.040543e+00 3.581308e-02 7.214137e-03 -1.644522e-01 -5.000337e-03 4.920745e-01
1.098662e+00 2.881545e-02 5.804545e-03 -1.323194e-01 -4.023306e-03 3.959266e-01
1.160027e+00 2.318512e-02 4.670378e-03 -1.064651e-01 -3.237180e-03 3.185653e-01
1.224820e+00 1.865491e-02 3.757819e-03 -8.566259e-02 -2.604658e-03 2.563199e-01
1.293231e+00 1.500987e-02 3.023567e-03 -6.892472e-02 -2.095726e-03 2.062368e-01
1.365464e+00 1.207705e-02 2.432783e-03 -5.545731e-02 -1.686236e-03 1.659395e-01
1.441731e+00 9.717275e-03 1.957435e-03 -4.462134e-02 -1.356757e-03 1.335161e-01
1.522258e+00 7.818588e-03 1.574966e-03 -3.590264e-02 -1.091656e-03 1.074280e-01
1.607283e+00 6.290891e-03 1.267228e-03 -2.888752e-02 -8.783543e-04 8.643733e-02
1.697057e+00 5.061695e-03 1.019621e-03 -2.324310e-02 -7.067300e-04 6.954808e-02
1.791845e+00 4.072675e-03 8.203940e-04 -1.870156e-02 -5.686399e-04 5.595887e-02
1.891928e+00 3.276903e-03 6.600948e-04 -1.504741e-02 -4.575317e-04 4.502490e-02
1.997600e+00 2.636619e-03 5.311169e-04 -1.210725e-02 -3.681332e-04 3.622735e-02
2.109175e+00 2.121442e-03 4.273404e-04 -9.741577e-03 -2.962025e-04 2.914878e-02
2.226982e+00 1.706927e-03 3.438411e-04 -7.838141e-03 -2.383266e-04 2.345331e-02
2.351369e+00 1.373406e-03 2.766569e-04 -6.306623e-03 -1.917593e-04 1.887070e-02
2.482703e+00 1.105052e-03 2.226001e-04 -5.074353e-03 -1.542909e-04 1.518350e-02
2.621373e+00 8.891323e-04 1.791056e-04 -4.082860e-03 -1.241435e-04 1.221675e-02
2.767788e+00 7.154021e-04 1.441096e-04 -3.285098e-03 -9.988673e-05 9.829681e-03
2.922381e+00 5.756175e-04 1.159516e-04 -2.643213e-03 -8.036957e-05 7.909030e-03
3.085609e+00 4.631459e-04 9.329548e-05 -2.126748e-03 -6.466592e-05 6.363661e-03
3.257954e+00 3.726504e-04 7.506619e-05 -1.711196e-03 -5.203065e-05 5.120246e-03
3.439925e+00 2.998372e-04 6.039878e-05 -1.376840e-03 -4.186422e-05 4.119786e-03
3.632061e+00 2.412511e-04 4.859728e-05 -1.107815e-03 -3.368425e-05 3.314809e-03
3.834927e+00 1.941123e-04 3.910172e-05 -8.913560e-04 -2.710258e-05 2.667118e-03
4.049125e+00 1.561841e-04 3.146151e-05 -7.171912e-04 -2.180693e-05 2.145982e-03
4.275287e+00 1.256668e-04 2.531415e-05 -5.770571e-04 -1.754601e-05 1.726672e-03
4.514080e+00 1.011124e-04 2.036795e-05 -4.643042e-04 -1.411764e-05 1.389293e-03
4.766212e+00 8.135576e-05 1.638819e-05 -3.735824e-04 -1.135915e-05 1.117834e-03
5.032426e+00 6.545941e-05 1.318605e-05 -3.005870e-04 -9.139653e-06 8.994175e-04
5.313509e+00 5.266910e-05 1.060959e-05 -2.418544e-04 -7.353829e-06 7.236776e-04
5.610292e+00 4.237793e-05 8.536552e-06 -1.945978e-04 -5.916942e-06 5.822760e-04
5.923652e+00 3.409758e-05 6.868569e-06 -1.565747e-04 -4.760813e-06 4.685034e-04
6.254514e+00 2.743515e-05 5.526499e-06 -1.259811e-04 -3.830584e-06 3.769611e-04
6.603856e+00 2.207451e-05 4.446660e-06 -1.013653e-04 -3.082114e-06 3.033055e-04
6.972711e+00 1.776131e-05 3.577814e-06 -8.155922e-05 -2.479891e-06 2.440418e-04
7.362168e+00 1.429087e-05 2.878734e-06 -6.562312e-05 -1.995338e-06 1.963577e-04
7.773377e+00 1.149854e-05 2.316249e-06 -5.280082e-05 -1.605463e-06 1.579908e-04
8.207555e+00 9.251803e-06 1.863671e-06 -4.248391e-05 -1.291766e-06 1.271205e-04
8.665983e+00 7.444066e-06 1.499522e-06 -3.418285e-05 -1.039364e-06 1.022820e-04
9.150017e+00 5.989547e-06 1.206526e-06 -2.750376e-05 -8.362798e-07 8.229685e-05
9.661086e+00 4.819232e-06 9.707794e-07 -2.212972e-05 -6.728766e-07 6.621662e-05
1.020070e+01 3.877588e-06 7.810959e-07 -1.780573e-05 -5.414012e-07 5.327836e-05
1.077045e+01 3.119934e-06 6.284753e-07 -1.432661e-05 -4.356152e-07 4.286814e-05
1.137203e+01 2.510321e-06 5.056756e-07 -1.152729e-05 -3.504990e-07 3.449200e-05
1.200721e+01 2.019822e-06 4.068701e-07 -9.274941e-06 -2.820140e-07 2.775251e-05
1.267787e+01 1.625163e-06 3.273705e-07 -7.462682e-06 -2.269104e-07 2.232986e-05
1.338598e+01 1.307617e-06 2.634046e-07 -6.004527e-06 -1.825737e-07 1.796676e-05
1.413365e+01 1.052118e-06 2.119372e-07 -4.831284e-06 -1.469001e-07 1.445618e-05
1.492308e+01 8.465416e-07 1.705262e-07 -3.887285e-06 -1.181968e-07 1.163155e-05
1.575660e+01 6.811333e-07 1.372065e-07 -3.127737e-06 -9.510201e-08 9.358824e-06
1.663667e+01 5.480446e-07 1.103974e-07 -2.516599e-06 -7.651974e-08 7.530176e-06
1.756590e+01 4.409605e-07 8.882648e-08 -2.024873e-06 -6.156832e-08 6.058832e-06
1.854704e+01 3.547999e-07 7.147041e-08 -1.629227e-06 -4.953830e-08 4.874979e-06
1.958297e+01 2.854745e-07 5.750559e-08 -1.310888e-06 -3.985886e-08 3.922442e-06
2.067677e+01 2.296948e-07 4.626940e-08 -1.054749e-06 -3.207072e-08 3.156024e-06
2.183166e+01 1.848140e-07 3.722868e-08 -8.486587e-07 -2.580433e-08 2.539359e-06
2.305105e+01 1.487027e-07 2.995446e-08 -6.828367e-07 -2.076234e-08 2.043186e-06
2.433855e+01 1.196472e-07 2.410157e-08 -5.494152e-07 -1.670553e-08 1.643962e-06
2.569797e+01 9.626898e-08 1.939229e-08 -4.420633e-07 -1.344138e-08 1.322743e-06
2.713331e+01 7.745870e-08 1.560317e-08 -3.556872e-07 -1.081503e-08 1.064289e-06
2.864883e+01 6.232381e-08 1.255442e-08 -2.861884e-07 -8.701850e-09 8.563340e-07
3.024899e+01 5.014617e-08 1.010138e-08 -2.302692e-07 -7.001569e-09 6.890123e-07
3.193854e+01 4.034796e-08 8.127638e-09 -1.852762e-07 -5.633512e-09 5.543842e-07
3.372244e+01 3.246425e-08 6.539555e-09 -1.490746e-07 -4.532763e-09 4.460614e-07
3.560599e+01 2.612097e-08 5.261771e-09 -1.199464e-07 -3.647093e-09 3.589041e-07
3.759474e+01 2.101711e-08 4.233658e-09 -9.650974e-08 -2.934476e-09 2.887768e-07
3.969458e+01 1.691052e-08 3.406431e-09 -7.765241e-08 -2.361100e-09 2.323518e-07
4.191170e+01 1.360632e-08 2.740838e-09 -6.247967e-08 -1.899758e-09 1.869519e-07
4.425265e+01 1.094774e-08 2.205298e-09 -5.027158e-08 -1.528558e-09 1.504228e-07
4.672436e+01 8.808628e-09 1.774398e-09 -4.044887e-08 -1.229889e-09 1.210312e-07
4.933412e+01 7.087484e-09 1.427693e-09 -3.254544e-08 -9.895772e-10 9.738258e-08
5.208965e+01 5.702639e-09 1.148732e-09 -2.618629e-08 -7.962207e-10 7.835471e-08
5.499909e+01 4.588383e-09 9.242776e-10 -2.106967e-08 -6.406448e-10 6.304475e-08
5.807103e+01 3.691845e-09 7.436803e-10 -1.695281e-08 -5.154673e-10 5.072624e-08
6.131455e+01 2.970485e-09 5.983703e-10 -1.364035e-08 -4.147486e-10 4.081469e-08
6.473924e+01 2.390073e-09 4.814530e-10 -1.097512e-08 -3.337096e-10 3.283979e-08
6.835522e+01 1.923069e-09 3.873804e-10 -8.830657e-09 -2.685051e-10 2.642312e-08
7.217316e+01 1.547315e-09 3.116890e-10 -7.105209e-09 -2.160411e-10 2.126023e-08
7.620435e+01 1.244980e-09 2.507872e-10 -5.716901e-09 -1.738282e-10 1.710613e-08
8.046070e+01 1.001720e-09 2.017851e-10 -4.599858e-09 -1.398634e-10 1.376371e-08
8.495479e+01 8.059909e-10 1.623577e-10 -3.701078e-09 -1.125350e-10 1.107438e-08
8.969989e+01 6.485060e-10 1.306341e-10 -2.977913e-09 -9.054648e-11 8.910523e-09
9.471003e+01 5.217924e-10 1.051092e-10 -2.396050e-09 -7.285433e-11 7.169469e-09
1.000000e+02 4.198379e-10 8.457156e-11 -1.927879e-09 -5.861911e-11 5.768605e-09
