# k [h/Mpc], q0, q1/i, q2, q3/i, q4
5.385587e-05 1.000000e+00 2.859487e-02 -2.029640e-04 3.123316e-03 -6.579533e-01
1.034961e-04 9.979738e-01 5.484493e-02 -3.242213e-05 -1.533887e-04 6.535885e-02
1.650345e-04 9.935041e-01 8.706085e-02 1.873442e-04 -9.971629e-04 7.790120e-02
2.219461e-04 9.876866e-01 1.163393e-01 -9.624500e-05 8.053273e-04 -2.960473e-02
2.831569e-04 9.794903e-01 1.471478e-01 1.222597e-04 4.244088e-04 1.568157e-02
3.481074e-04 9.687546e-01 1.788357e-01 3.259998e-04 8.505723e-04 2.157373e-02
4.078467e-04 9.575720e-01 2.047653e-01 -5.451496e-03 3.380292e-03 -1.750243e-02
4.685721e-04 9.432542e-01 2.353184e-01 3.868686e-03 3.539610e-03 3.020967e-03
5.344152e-04 9.268552e-01 2.623943e-01 1.737507e-03 5.542036e-03 5.822926e-03
5.979215e-04 9.094040e-01 2.868029e-01 4.941534e-04 7.963528e-03 -2.802247e-03
6.594309e-04 8.906980e-01 3.096871e-01 1.671371e-03 1.091798e-02 -9.633731e-03
7.211547e-04 8.706125e-01 3.307512e-01 3.104473e-03 1.353108e-02 7.014675e-03
7.842715e-04 8.490335e-01 3.494915e-01 3.304229e-03 1.732442e-02 -3.328025e-03
8.480725e-04 8.257141e-01 3.670283e-01 5.122837e-03 2.214970e-02 -6.694927e-03
9.105595e-04 8.015528e-01 3.825057e-01 7.972517e-03 2.678587e-02 -8.643896e-03
9.726731e-04 7.772913e-01 3.945666e-01 9.386394e-03 3.204479e-02 -9.263276e-03
1.035373e-03 7.516226e-01 4.053604e-01 1.244007e-02 3.825142e-02 -5.848947e-03
1.098784e-03 7.254113e-01 4.131607e-01 1.476799e-02 4.455466e-02 -1.731054e-02
1.161586e-03 6.987842e-01 4.192861e-01 1.837197e-02 5.179089e-02 -1.472196e-02
1.224174e-03 6.718944e-01 4.229584e-01 2.203903e-02 5.981024e-02 -2.240202e-02
1.288412e-03 6.439623e-01 4.250151e-01 2.700509e-02 6.764934e-02 -2.048374e-02
1.351080e-03 6.170211e-01 4.239871e-01 3.092967e-02 7.732947e-02 -3.380985e-02
1.412291e-03 5.901783e-01 4.222924e-01 3.681596e-02 8.581821e-02 -3.227581e-02
1.475368e-03 5.633183e-01 4.178682e-01 4.241525e-02 9.487793e-02 -3.616876e-02
1.538515e-03 5.360967e-01 4.123675e-01 4.922413e-02 1.039086e-01 -3.962536e-02
1.601338e-03 5.104635e-01 4.036448e-01 5.427036e-02 1.166622e-01 -5.535635e-02
1.665074e-03 4.838802e-01 3.948278e-01 6.202279e-02 1.270860e-01 -5.779860e-02
1.728027e-03 4.583109e-01 3.851532e-01 7.015456e-02 1.359190e-01 -5.774353e-02
1.789887e-03 4.341582e-01 3.730081e-01 7.707585e-02 1.489546e-01 -7.082720e-02
1.852570e-03 4.103443e-01 3.607920e-01 8.563297e-02 1.573431e-01 -7.349550e-02
1.915088e-03 3.877570e-01 3.467250e-01 9.290570e-02 1.708550e-01 -8.522405e-02
1.978019e-03 3.648486e-01 3.331059e-01 1.023299e-01 1.794521e-01 -8.741939e-02
2.041684e-03 3.435558e-01 3.174448e-01 1.101643e-01 1.927532e-01 -9.946292e-02
2.104726e-03 3.231562e-01 3.022794e-01 1.190875e-01 2.021437e-01 -1.041767e-01
2.167060e-03 3.036143e-01 2.867350e-01 1.276477e-01 2.125092e-01 -1.123287e-01
2.229921e-03 2.852004e-01 2.709421e-01 1.361452e-01 2.228605e-01 -1.189318e-01
2.292794e-03 2.675070e-01 2.550691e-01 1.447222e-01 2.319239e-01 -1.260841e-01
2.355230e-03 2.511922e-01 2.393311e-01 1.525156e-01 2.424022e-01 -1.340138e-01
2.418331e-03 2.355672e-01 2.236466e-01 1.605476e-01 2.511573e-01 -1.412149e-01
2.481215e-03 2.206944e-01 2.083515e-01 1.685263e-01 2.585545e-01 -1.466508e-01
2.543891e-03 2.072017e-01 1.936337e-01 1.753776e-01 2.675542e-01 -1.534767e-01
2.607003e-03 1.939579e-01 1.790324e-01 1.827274e-01 2.734885e-01 -1.580646e-01
2.669740e-03 1.818367e-01 1.652898e-01 1.891466e-01 2.800015e-01 -1.623555e-01
2.732628e-03 1.712223e-01 1.519288e-01 1.946833e-01 2.864226e-01 -1.693112e-01
2.796013e-03 1.604787e-01 1.391743e-01 2.004283e-01 2.909119e-01 -1.721128e-01
2.858795e-03 1.507013e-01 1.274888e-01 2.048547e-01 2.954690e-01 -1.751925e-01
2.920959e-03 1.423677e-01 1.161436e-01 2.092059e-01 2.985511e-01 -1.789083e-01
2.983535e-03 1.338384e-01 1.058346e-01 2.127538e-01 3.011656e-01 -1.801884e-01
3.046449e-03 1.262991e-01 9.577707e-02 2.159620e-01 3.026530e-01 -1.814769e-01
3.109435e-03 1.189624e-01 8.694246e-02 2.181269e-01 3.035272e-01 -1.810191e-01
3.172429e-03 1.130832e-01 7.888731e-02 2.189754e-01 3.048638e-01 -1.842338e-01
3.235378e-03 1.069899e-01 7.100992e-02 2.206681e-01 3.038152e-01 -1.820884e-01
3.298350e-03 1.012038e-01 6.423128e-02 2.206077e-01 3.024030e-01 -1.806120e-01
3.361502e-03 9.609781e-02 5.758362e-02 2.209492e-01 2.999855e-01 -1.774087e-01
3.424034e-03 9.135861e-02 5.220392e-02 2.197147e-01 2.973929e-01 -1.751989e-01
3.486610e-03 8.714232e-02 4.732787e-02 2.180419e-01 2.942417e-01 -1.725607e-01
3.549533e-03 8.294697e-02 4.248236e-02 2.165154e-01 2.898087e-01 -1.673237e-01
3.612035e-03 7.922537e-02 3.921219e-02 2.127763e-01 2.856828e-01 -1.652659e-01
3.674842e-03 7.558552e-02 3.496302e-02 2.110870e-01 2.798592e-01 -1.573127e-01
3.737743e-03 7.230257e-02 3.221671e-02 2.069551e-01 2.743980e-01 -1.530878e-01
3.800817e-03 6.899074e-02 2.907310e-02 2.037791e-01 2.676858e-01 -1.455028e-01
3.863693e-03 6.622676e-02 2.715091e-02 1.987889e-01 2.616792e-01 -1.407883e-01
3.926624e-03 6.322061e-02 2.483446e-02 1.945546e-01 2.541849e-01 -1.330562e-01
3.989691e-03 6.068151e-02 2.306335e-02 1.897854e-01 2.471853e-01 -1.261862e-01
4.052279e-03 5.803854e-02 2.138161e-02 1.847477e-01 2.393171e-01 -1.186120e-01
4.115276e-03 5.570910e-02 1.984549e-02 1.798599e-01 2.317802e-01 -1.107776e-01
4.178091e-03 5.333967e-02 1.872536e-02 1.742612e-01 2.238076e-01 -1.035116e-01
4.240529e-03 5.103175e-02 1.744454e-02 1.690342e-01 2.153823e-01 -9.528814e-02
4.303566e-03 4.901706e-02 1.644985e-02 1.634736e-01 2.076397e-01 -8.774185e-02
4.366473e-03 4.678315e-02 1.545349e-02 1.578900e-01 1.989405e-01 -7.978676e-02
4.429136e-03 4.501761e-02 1.460159e-02 1.526862e-01 1.916232e-01 -7.235225e-02
4.491804e-03 4.303915e-02 1.345224e-02 1.476615e-01 1.827336e-01 -6.352337e-02
4.554524e-03 4.123629e-02 1.289887e-02 1.417929e-01 1.752368e-01 -5.717583e-02
4.617696e-03 3.945900e-02 1.203951e-02 1.366137e-01 1.672509e-01 -4.968442e-02
4.680743e-03 3.773911e-02 1.118046e-02 1.315199e-01 1.591455e-01 -4.220804e-02
4.743600e-03 3.620449e-02 1.043463e-02 1.265632e-01 1.518554e-01 -3.546692e-02
4.806460e-03 3.455066e-02 9.674491e-03 1.215115e-01 1.442900e-01 -2.911142e-02
4.869182e-03 3.318242e-02 9.011470e-03 1.168318e-01 1.376820e-01 -2.325675e-02
4.931803e-03 3.178501e-02 8.109942e-03 1.126744e-01 1.302918e-01 -1.644243e-02
4.994544e-03 3.042400e-02 7.450060e-03 1.081785e-01 1.238617e-01 -1.132813e-02
5.057296e-03 2.913559e-02 6.732636e-03 1.039101e-01 1.174096e-01 -6.119228e-03
5.120127e-03 2.790207e-02 6.057989e-03 9.982399e-02 1.114868e-01 -1.619717e-03
5.183244e-03 2.680517e-02 5.357184e-03 9.614513e-02 1.054633e-01 3.348193e-03
5.246213e-03 2.568878e-02 4.703123e-03 9.245145e-02 9.988154e-02 7.399401e-03
5.308940e-03 2.470870e-02 4.103520e-03 8.906077e-02 9.463304e-02 1.130826e-02
5.371705e-03 2.367258e-02 3.522441e-03 8.554780e-02 8.964733e-02 1.435296e-02
5.434764e-03 2.272711e-02 2.916042e-03 8.237013e-02 8.463626e-02 1.776319e-02
5.497589e-03 2.192636e-02 2.510892e-03 7.942475e-02 8.045451e-02 2.022425e-02
5.560094e-03 2.101390e-02 1.960623e-03 7.635367e-02 7.591744e-02 2.270317e-02
5.623090e-03 2.028302e-02 1.577855e-03 7.370084e-02 7.207525e-02 2.477544e-02
5.686167e-03 1.953602e-02 1.216663e-03 7.100217e-02 6.816226e-02 2.670927e-02
5.748863e-03 1.882327e-02 8.342781e-04 6.848580e-02 6.446049e-02 2.843623e-02
5.811791e-03 1.809699e-02 6.010811e-04 6.578691e-02 6.125740e-02 2.908500e-02
5.874636e-03 1.749548e-02 3.066789e-04 6.360962e-02 5.779670e-02 3.082790e-02
5.937271e-03 1.687630e-02 1.796876e-04 6.122240e-02 5.508086e-02 3.114401e-02
6.000058e-03 1.627082e-02 -1.576871e-05 5.900398e-02 5.206824e-02 3.194037e-02
6.062729e-03 1.571019e-02 -1.401356e-04 5.688040e-02 4.941131e-02 3.238080e-02
6.125517e-03 1.516658e-02 -1.774308e-04 5.477198e-02 4.688009e-02 3.267040e-02
6.188708e-03 1.463426e-02 -3.156951e-04 5.278636e-02 4.427843e-02 3.310810e-02
6.251555e-03 1.408469e-02 -2.585978e-04 5.060915e-02 4.220125e-02 3.255107e-02
6.314077e-03 1.361243e-02 -3.117479e-04 4.882758e-02 3.984805e-02 3.292525e-02
6.377058e-03 1.311916e-02 -2.728204e-04 4.692708e-02 3.783545e-02 3.264091e-02
6.440009e-03 1.263367e-02 -2.323393e-04 4.504248e-02 3.588135e-02 3.227306e-02
6.502812e-03 1.216022e-02 -2.097353e-04 4.322523e-02 3.390103e-02 3.203882e-02
6.565726e-03 1.170579e-02 -1.373574e-04 4.150812e-02 3.218900e-02 3.157003e-02
6.628521e-03 1.125927e-02 -9.060022e-05 3.978120e-02 3.041168e-02 3.120779e-02
6.691272e-03 1.080309e-02 -1.695630e-05 3.805843e-02 2.879467e-02 3.057817e-02
6.754176e-03 1.037531e-02 4.226119e-05 3.642135e-02 2.719134e-02 3.011021e-02
6.816888e-03 9.952426e-03 9.273376e-05 3.487798e-02 2.567244e-02 2.963767e-02
6.879625e-03 9.549632e-03 1.355753e-04 3.339139e-02 2.427875e-02 2.909275e-02
6.942449e-03 9.135216e-03 1.818849e-04 3.183457e-02 2.283901e-02 2.849442e-02
7.005248e-03 8.720681e-03 2.330635e-04 3.031070e-02 2.156523e-02 2.775010e-02
7.068136e-03 8.349400e-03 2.371648e-04 2.900612e-02 2.026690e-02 2.731151e-02
7.131053e-03 7.973204e-03 2.508637e-04 2.764645e-02 1.906134e-02 2.672311e-02
7.194010e-03 7.597656e-03 2.559864e-04 2.630697e-02 1.791622e-02 2.604515e-02
7.256902e-03 7.239950e-03 2.577242e-04 2.502125e-02 1.678774e-02 2.543202e-02
7.319748e-03 6.907275e-03 2.212102e-04 2.389953e-02 1.579146e-02 2.487354e-02
7.382611e-03 6.568648e-03 1.974017e-04 2.268513e-02 1.475310e-02 2.424957e-02
7.445306e-03 6.252668e-03 1.663486e-04 2.159971e-02 1.387118e-02 2.360855e-02
7.507906e-03 5.925280e-03 1.247100e-04 2.046769e-02 1.290906e-02 2.291922e-02
7.570818e-03 5.660316e-03 6.044134e-05 1.958006e-02 1.215773e-02 2.240021e-02
7.633721e-03 5.358151e-03 6.379896e-06 1.853855e-02 1.132101e-02 2.172852e-02
7.696586e-03 5.102548e-03 -5.061327e-05 1.763599e-02 1.058978e-02 2.112010e-02
7.759492e-03 4.832669e-03 -1.212234e-04 1.673891e-02 9.862750e-03 2.046679e-02
7.822382e-03 4.589686e-03 -1.857019e-04 1.589874e-02 9.212181e-03 1.983125e-02
7.885469e-03 4.364440e-03 -2.530636e-04 1.513146e-02 8.620718e-03 1.920471e-02
7.948044e-03 4.144238e-03 -3.189081e-04 1.436945e-02 8.046542e-03 1.857641e-02
8.010528e-03 3.947758e-03 -3.863035e-04 1.370151e-02 7.540149e-03 1.794456e-02
8.073516e-03 3.740285e-03 -4.443454e-04 1.297146e-02 7.016688e-03 1.729555e-02
8.136423e-03 3.560853e-03 -4.969580e-04 1.233353e-02 6.584727e-03 1.663815e-02
8.199228e-03 3.382913e-03 -5.526953e-04 1.169509e-02 6.124128e-03 1.601452e-02
8.262023e-03 3.228500e-03 -6.016726e-04 1.115190e-02 5.750426e-03 1.539908e-02
8.324981e-03 3.065826e-03 -6.452068e-04 1.054704e-02 5.353939e-03 1.474830e-02
8.388025e-03 2.920950e-03 -6.729280e-04 1.002122e-02 5.035340e-03 1.410836e-02
8.450798e-03 2.790949e-03 -7.037823e-04 9.519824e-03 4.732979e-03 1.349491e-02
8.513424e-03 2.660198e-03 -7.306030e-04 9.034378e-03 4.414581e-03 1.290208e-02
8.576219e-03 2.536371e-03 -7.447763e-04 8.544906e-03 4.143591e-03 1.227072e-02
8.639099e-03 2.421111e-03 -7.513432e-04 8.088795e-03 3.888267e-03 1.167718e-02
8.701941e-03 2.315451e-03 -7.597351e-04 7.674742e-03 3.645074e-03 1.110575e-02
8.764716e-03 2.216208e-03 -7.599611e-04 7.264735e-03 3.424159e-03 1.055141e-02
8.827545e-03 2.111478e-03 -7.520591e-04 6.840397e-03 3.197982e-03 9.966499e-03
8.890404e-03 2.021912e-03 -7.388663e-04 6.454776e-03 3.006331e-03 9.430284e-03
8.953189e-03 1.935264e-03 -7.279502e-04 6.094802e-03 2.805060e-03 8.926834e-03
9.016039e-03 1.849712e-03 -7.052563e-04 5.730657e-03 2.636369e-03 8.403106e-03
9.078883e-03 1.769047e-03 -6.854868e-04 5.374938e-03 2.448945e-03 7.917257e-03
9.141797e-03 1.691103e-03 -6.589549e-04 5.040733e-03 2.289596e-03 7.439702e-03
9.204714e-03 1.621310e-03 -6.337996e-04 4.734479e-03 2.131455e-03 7.009944e-03
9.267500e-03 1.546309e-03 -6.043629e-04 4.413974e-03 1.974963e-03 6.558615e-03
9.330389e-03 1.479317e-03 -5.741322e-04 4.111909e-03 1.826917e-03 6.151605e-03
9.393353e-03 1.415056e-03 -5.457151e-04 3.836963e-03 1.689811e-03 5.763700e-03
9.456033e-03 1.350533e-03 -5.148891e-04 3.552560e-03 1.544767e-03 5.391349e-03
9.518699e-03 1.290805e-03 -4.810746e-04 3.304755e-03 1.434424e-03 5.032204e-03
9.581480e-03 1.230128e-03 -4.525715e-04 3.039100e-03 1.296860e-03 4.688903e-03
9.644431e-03 1.176329e-03 -4.221721e-04 2.808379e-03 1.178939e-03 4.388173e-03
9.707436e-03 1.121744e-03 -3.930754e-04 2.578624e-03 1.062428e-03 4.091033e-03
9.770160e-03 1.067685e-03 -3.640700e-04 2.358677e-03 9.550237e-04 3.799110e-03
9.832865e-03 1.019115e-03 -3.371213e-04 2.163561e-03 8.562282e-04 3.548893e-03
9.895597e-03 9.709493e-04 -3.111613e-04 1.956821e-03 7.475046e-04 3.296234e-03
9.958595e-03 9.234212e-04 -2.857635e-04 1.784076e-03 6.643905e-04 3.063913e-03
1.002149e-02 8.776994e-04 -2.615988e-04 1.602408e-03 5.746731e-04 2.835725e-03
1.008410e-02 8.359257e-04 -2.401853e-04 1.446187e-03 4.923480e-04 2.641425e-03
1.014702e-02 7.959093e-04 -2.172867e-04 1.291711e-03 4.184346e-04 2.453650e-03
1.020999e-02 7.558592e-04 -1.984937e-04 1.146511e-03 3.452587e-04 2.268605e-03
1.027280e-02 7.176632e-04 -1.788363e-04 1.015258e-03 2.843320e-04 2.100914e-03
1.033567e-02 6.816121e-04 -1.617261e-04 8.907034e-04 2.240490e-04 1.942227e-03
1.039854e-02 6.481960e-04 -1.450275e-04 7.790778e-04 1.714876e-04 1.801190e-03
1.046130e-02 6.160627e-04 -1.293263e-04 6.700890e-04 1.229611e-04 1.663733e-03
1.052408e-02 5.844432e-04 -1.150910e-04 5.722472e-04 8.055720e-05 1.532284e-03
1.058689e-02 5.545764e-04 -1.007780e-04 4.844940e-04 4.704510e-05 1.411648e-03
1.064973e-02 5.278540e-04 -8.908160e-05 3.996836e-04 9.016775e-06 1.303810e-03
1.071266e-02 5.010496e-04 -7.555357e-05 3.207294e-04 -1.651130e-05 1.195588e-03
1.077552e-02 4.760146e-04 -6.582570e-05 2.553876e-04 -3.976165e-05 1.099324e-03
1.083829e-02 4.525604e-04 -5.472468e-05 1.916592e-04 -5.857938e-05 1.006205e-03
1.090115e-02 4.300678e-04 -4.470342e-05 1.337967e-04 -7.361709e-05 9.206400e-04
1.096400e-02 4.100437e-04 -3.543319e-05 8.123022e-05 -8.650303e-05 8.416917e-04
1.102688e-02 3.897605e-04 -2.667548e-05 3.598418e-05 -9.287926e-05 7.646325e-04
1.108967e-02 3.711632e-04 -1.852603e-05 -5.545083e-06 -9.907518e-05 6.958387e-04
1.115232e-02 3.538417e-04 -1.075091e-05 -4.286481e-05 -1.002460e-04 6.290031e-04
1.121507e-02 3.383243e-04 -4.061524e-06 -7.417178e-05 -9.992392e-05 5.736521e-04
1.127797e-02 3.233394e-04 2.974073e-06 -1.033272e-04 -9.815901e-05 5.165118e-04
1.134099e-02 3.090695e-04 9.089314e-06 -1.278133e-04 -9.256092e-05 4.654653e-04
1.140372e-02 2.960068e-04 1.489360e-05 -1.490935e-04 -8.620123e-05 4.175615e-04
1.146650e-02 2.843072e-04 2.031730e-05 -1.667204e-04 -7.768189e-05 3.757028e-04
1.152952e-02 2.734260e-04 2.531605e-05 -1.816936e-04 -6.911702e-05 3.378615e-04
1.159236e-02 2.628444e-04 3.004737e-05 -1.934903e-04 -5.797409e-05 3.012337e-04
1.165521e-02 2.538127e-04 3.411781e-05 -2.014305e-04 -4.582928e-05 2.711125e-04
1.171802e-02 2.454122e-04 3.841273e-05 -2.095470e-04 -3.437659e-05 2.421461e-04
1.178091e-02 2.377178e-04 4.181673e-05 -2.123010e-04 -2.094463e-05 2.197452e-04
1.184377e-02 2.309918e-04 4.527547e-05 -2.146870e-04 -8.111807e-06 1.987421e-04
1.190645e-02 2.244166e-04 4.833170e-05 -2.135373e-04 6.888604e-06 1.799490e-04
1.196918e-02 2.190521e-04 5.123733e-05 -2.117121e-04 2.064609e-05 1.650016e-04
1.203205e-02 2.141165e-04 5.379850e-05 -2.078051e-04 3.404501e-05 1.543404e-04
1.209494e-02 2.100929e-04 5.654017e-05 -2.019858e-04 4.912054e-05 1.455807e-04
1.215771e-02 2.063819e-04 5.868723e-05 -1.951170e-04 6.292190e-05 1.389784e-04
1.222054e-02 2.028774e-04 6.069279e-05 -1.858758e-04 7.673023e-05 1.358534e-04
1.228344e-02 2.006956e-04 6.296559e-05 -1.761309e-04 9.064094e-05 1.357901e-04
1.234640e-02 1.982276e-04 6.477139e-05 -1.643392e-04 1.043980e-04 1.366379e-04
1.240915e-02 1.968550e-04 6.676553e-05 -1.526969e-04 1.176804e-04 1.408761e-04
1.247184e-02 1.949373e-04 6.808346e-05 -1.386320e-04 1.305005e-04 1.458630e-04
1.253470e-02 1.943662e-04 7.006743e-05 -1.250459e-04 1.427970e-04 1.547073e-04
1.259754e-02 1.938366e-04 7.172610e-05 -1.094604e-04 1.553039e-04 1.651878e-04
1.266036e-02 1.931743e-04 7.314310e-05 -9.343326e-05 1.670881e-04 1.754210e-04
1.272320e-02 1.927884e-04 7.467806e-05 -7.686538e-05 1.785581e-04 1.877685e-04
1.278608e-02 1.934038e-04 7.614925e-05 -6.048917e-05 1.886386e-04 2.040703e-04
1.284892e-02 1.936508e-04 7.787745e-05 -4.322498e-05 1.997236e-04 2.194710e-04
1.291183e-02 1.941942e-04 7.907882e-05 -2.507998e-05 2.087211e-04 2.378580e-04
1.297477e-02 1.946229e-04 8.043703e-05 -6.922078e-06 2.185389e-04 2.548724e-04
1.303751e-02 1.953941e-04 8.190224e-05 1.174255e-05 2.274390e-04 2.755953e-04
1.310022e-02 1.967375e-04 8.331999e-05 2.967668e-05 2.357800e-04 2.960321e-04
1.316309e-02 1.969154e-04 8.441195e-05 4.882743e-05 2.431927e-04 3.167309e-04
1.322594e-02 1.984773e-04 8.550349e-05 6.750100e-05 2.505130e-04 3.399336e-04
1.328870e-02 1.994235e-04 8.692015e-05 8.568518e-05 2.573861e-04 3.630544e-04
1.335152e-02 2.003600e-04 8.809995e-05 1.040643e-04 2.638606e-04 3.853177e-04
1.341448e-02 2.016376e-04 8.886586e-05 1.233546e-04 2.691746e-04 4.109065e-04
1.347734e-02 2.021722e-04 8.980332e-05 1.415951e-04 2.748109e-04 4.340709e-04
1.354004e-02 2.033782e-04 9.057115e-05 1.590742e-04 2.794535e-04 4.579565e-04
1.360289e-02 2.043257e-04 9.129604e-05 1.775815e-04 2.842005e-04 4.835643e-04
1.366571e-02 2.054449e-04 9.190503e-05 1.951940e-04 2.878137e-04 5.088151e-04
1.372857e-02 2.061124e-04 9.230271e-05 2.129246e-04 2.917694e-04 5.335738e-04
1.379141e-02 2.066602e-04 9.259252e-05 2.288418e-04 2.940240e-04 5.577804e-04
1.385412e-02 2.076362e-04 9.277618e-05 2.469848e-04 2.974292e-04 5.836843e-04
1.391702e-02 2.081012e-04 9.274504e-05 2.628291e-04 2.994955e-04 6.081183e-04
1.397990e-02 2.088324e-04 9.263604e-05 2.781912e-04 3.010121e-04 6.320089e-04
1.404272e-02 2.090382e-04 9.235045e-05 2.939591e-04 3.029498e-04 6.560084e-04
1.410560e-02 2.095612e-04 9.172371e-05 3.094419e-04 3.040351e-04 6.804263e-04
1.416843e-02 2.098460e-04 9.124705e-05 3.241743e-04 3.049177e-04 7.032856e-04
1.423121e-02 2.099421e-04 9.052078e-05 3.378139e-04 3.054555e-04 7.259533e-04
1.429401e-02 2.100503e-04 8.948571e-05 3.524007e-04 3.057934e-04 7.479067e-04
1.435689e-02 2.101367e-04 8.806622e-05 3.652652e-04 3.048935e-04 7.706514e-04
1.441980e-02 2.102265e-04 8.724246e-05 3.783296e-04 3.055388e-04 7.909818e-04
1.448261e-02 2.098055e-04 8.571262e-05 3.894443e-04 3.041406e-04 8.100279e-04
1.454538e-02 2.096996e-04 8.396928e-05 4.022079e-04 3.035469e-04 8.309166e-04
1.460822e-02 2.096725e-04 8.254217e-05 4.140637e-04 3.027771e-04 8.502636e-04
1.467115e-02 2.090211e-04 8.057328e-05 4.242116e-04 3.008714e-04 8.674406e-04
1.473401e-02 2.086661e-04 7.878513e-05 4.340037e-04 2.994592e-04 8.835541e-04
1.479676e-02 2.081493e-04 7.653699e-05 4.437141e-04 2.970316e-04 9.007506e-04
1.485961e-02 2.079058e-04 7.454916e-05 4.543103e-04 2.958280e-04 9.173307e-04
1.492239e-02 2.069487e-04 7.233216e-05 4.615138e-04 2.929969e-04 9.300849e-04
1.498506e-02 2.063659e-04 6.987418e-05 4.703743e-04 2.905967e-04 9.445709e-04
1.504789e-02 2.058536e-04 6.809181e-05 4.783342e-04 2.892246e-04 9.566492e-04
1.511078e-02 2.049131e-04 6.534402e-05 4.855510e-04 2.855139e-04 9.694124e-04
1.517364e-02 2.040398e-04 6.297346e-05 4.908180e-04 2.823267e-04 9.785293e-04
1.523654e-02 2.031972e-04 6.065522e-05 4.975724e-04 2.797425e-04 9.887621e-04
1.529942e-02 2.023858e-04 5.822752e-05 5.032348e-04 2.763302e-04 9.986461e-04
1.536235e-02 2.014020e-04 5.581977e-05 5.083554e-04 2.734340e-04 1.006043e-03
1.542517e-02 2.002345e-04 5.326457e-05 5.124715e-04 2.690760e-04 1.013186e-03
1.548789e-02 1.992329e-04 5.116864e-05 5.159974e-04 2.663118e-04 1.018214e-03
1.555076e-02 1.980913e-04 4.881563e-05 5.197052e-04 2.623523e-04 1.023841e-03
1.561359e-02 1.968551e-04 4.652193e-05 5.221353e-04 2.581903e-04 1.027815e-03
1.567632e-02 1.955925e-04 4.421076e-05 5.248676e-04 2.546918e-04 1.030881e-03
1.573917e-02 1.942632e-04 4.213225e-05 5.262453e-04 2.501791e-04 1.033393e-03
1.580208e-02 1.929279e-04 4.006216e-05 5.277678e-04 2.467092e-04 1.034523e-03
1.586491e-02 1.914981e-04 3.795633e-05 5.279363e-04 2.416161e-04 1.035223e-03
1.592764e-02 1.901290e-04 3.597194e-05 5.281360e-04 2.373659e-04 1.035417e-03
1.599049e-02 1.884658e-04 3.426252e-05 5.278831e-04 2.335683e-04 1.033588e-03
1.605344e-02 1.868423e-04 3.218223e-05 5.263690e-04 2.278214e-04 1.031842e-03
1.624590e-02 1.816617e-04 2.327137e-05 5.224517e-04 2.186730e-04 1.029720e-03
1.642530e-02 1.757921e-04 1.870602e-05 5.110484e-04 2.032533e-04 1.011707e-03
1.660477e-02 1.696598e-04 1.497994e-05 4.961516e-04 1.873958e-04 9.891312e-04
1.678430e-02 1.633604e-04 1.086896e-05 4.825154e-04 1.719139e-04 9.664569e-04
1.696359e-02 1.561317e-04 7.223501e-06 4.628950e-04 1.561055e-04 9.349470e-04
1.714294e-02 1.490484e-04 3.801159e-06 4.414565e-04 1.396704e-04 9.022643e-04
1.732202e-02 1.414484e-04 2.428846e-07 4.190328e-04 1.242075e-04 8.657013e-04
1.750141e-02 1.342276e-04 -3.286394e-06 3.962244e-04 1.092802e-04 8.284855e-04
1.768181e-02 1.266967e-04 -6.467230e-06 3.712567e-04 9.451640e-05 7.877631e-04
1.786131e-02 1.190434e-04 -9.147016e-06 3.448241e-04 8.128951e-05 7.429863e-04
1.804025e-02 1.121251e-04 -1.180343e-05 3.209176e-04 6.938927e-05 7.012198e-04
1.822032e-02 1.048197e-04 -1.374764e-05 2.958249e-04 5.851736e-05 6.558822e-04
1.839987e-02 9.796035e-05 -1.523403e-05 2.697410e-04 4.841350e-05 6.098229e-04
1.857923e-02 9.139700e-05 -1.633052e-05 2.447128e-04 3.951242e-05 5.647880e-04
1.875889e-02 8.476510e-05 -1.680046e-05 2.201489e-04 3.178618e-05 5.187735e-04
1.893827e-02 7.872460e-05 -1.686418e-05 1.955604e-04 2.489734e-05 4.750192e-04
1.911768e-02 7.259990e-05 -1.679367e-05 1.717461e-04 1.818844e-05 4.308493e-04
1.929737e-02 6.687643e-05 -1.643919e-05 1.489090e-04 1.250451e-05 3.892799e-04
1.947670e-02 6.154441e-05 -1.569580e-05 1.272262e-04 7.751751e-06 3.500224e-04
1.965601e-02 5.631700e-05 -1.515045e-05 1.071713e-04 2.782251e-06 3.128512e-04
1.983541e-02 5.152677e-05 -1.419411e-05 8.757947e-05 -6.870709e-07 2.776290e-04
2.001489e-02 4.711579e-05 -1.339516e-05 7.009050e-05 -4.510110e-06 2.452351e-04
2.019468e-02 4.297974e-05 -1.228218e-05 5.432282e-05 -6.331960e-06 2.156316e-04
2.037444e-02 3.932141e-05 -1.125958e-05 4.003680e-05 -8.340188e-06 1.889029e-04
2.055417e-02 3.591864e-05 -1.011643e-05 2.746682e-05 -9.500783e-06 1.644317e-04
2.073390e-02 3.290140e-05 -8.760510e-06 1.609542e-05 -9.519778e-06 1.424940e-04
2.091338e-02 3.017193e-05 -7.605793e-06 6.956865e-06 -9.518923e-06 1.232464e-04
2.109302e-02 2.784251e-05 -6.267331e-06 -1.287664e-06 -8.653400e-06 1.063606e-04
2.127237e-02 2.569423e-05 -4.934509e-06 -7.724608e-06 -7.382880e-06 9.170208e-05
2.145116e-02 2.401755e-05 -3.677883e-06 -1.315025e-05 -5.712763e-06 7.962603e-05
2.163077e-02 2.252054e-05 -2.471935e-06 -1.692072e-05 -3.824990e-06 6.974794e-05
2.181049e-02 2.133429e-05 -1.313050e-06 -1.972898e-05 -1.720144e-06 6.176414e-05
2.198999e-02 2.043545e-05 -2.066192e-07 -2.153963e-05 4.993906e-07 5.601097e-05
2.216980e-02 1.975365e-05 7.291083e-07 -2.193200e-05 2.696562e-06 5.215445e-05
2.234970e-02 1.931590e-05 1.733208e-06 -2.166798e-05 5.175301e-06 4.987563e-05
2.252980e-02 1.902822e-05 2.557218e-06 -2.032028e-05 7.431542e-06 4.925752e-05
2.270853e-02 1.904164e-05 3.319232e-06 -1.834168e-05 9.590216e-06 5.041376e-05
2.288717e-02 1.902779e-05 4.076349e-06 -1.558472e-05 1.182271e-05 5.232106e-05
2.306686e-02 1.930865e-05 4.687061e-06 -1.235711e-05 1.380343e-05 5.578928e-05
2.324649e-02 1.959375e-05 5.269579e-06 -8.692404e-06 1.567702e-05 5.997034e-05
2.342617e-02 2.006881e-05 5.719736e-06 -4.666576e-06 1.729755e-05 6.528216e-05
2.360560e-02 2.048280e-05 6.145705e-06 -1.875577e-07 1.888757e-05 7.089443e-05
2.378549e-02 2.101079e-05 6.449637e-06 4.160196e-06 2.013651e-05 7.710208e-05
2.396571e-02 2.154591e-05 6.670944e-06 8.958710e-06 2.123398e-05 8.373818e-05
2.414482e-02 2.210156e-05 6.799374e-06 1.350004e-05 2.208145e-05 9.050820e-05
2.432376e-02 2.258710e-05 6.892865e-06 1.835749e-05 2.284245e-05 9.713384e-05
2.450343e-02 2.307356e-05 6.812984e-06 2.274271e-05 2.319673e-05 1.037728e-04
2.468304e-02 2.357100e-05 6.743513e-06 2.711758e-05 2.357309e-05 1.102565e-04
2.486245e-02 2.397300e-05 6.573364e-06 3.132305e-05 2.368858e-05 1.163721e-04
2.504187e-02 2.435784e-05 6.365910e-06 3.517786e-05 2.362843e-05 1.222270e-04
2.522156e-02 2.459571e-05 6.066679e-06 3.879897e-05 2.345630e-05 1.271692e-04
2.540110e-02 2.487541e-05 5.725908e-06 4.176968e-05 2.295195e-05 1.319841e-04
2.558029e-02 2.501294e-05 5.364880e-06 4.467765e-05 2.260354e-05 1.359389e-04
2.575992e-02 2.506256e-05 4.911553e-06 4.711228e-05 2.190397e-05 1.392449e-04
2.593954e-02 2.507797e-05 4.421859e-06 4.885143e-05 2.091101e-05 1.419534e-04
2.611933e-02 2.499343e-05 3.938513e-06 5.042997e-05 2.018692e-05 1.438150e-04
2.629913e-02 2.484766e-05 3.411817e-06 5.149525e-05 1.908751e-05 1.450954e-04
2.647853e-02 2.461584e-05 2.858982e-06 5.208699e-05 1.795638e-05 1.455333e-04
2.665812e-02 2.429765e-05 2.305869e-06 5.223287e-05 1.676405e-05 1.451656e-04
2.683805e-02 2.396617e-05 1.769339e-06 5.207016e-05 1.553726e-05 1.443812e-04
2.701719e-02 2.351382e-05 1.198496e-06 5.139179e-05 1.413733e-05 1.426066e-04
2.719620e-02 2.306067e-05 7.312518e-07 5.056469e-05 1.283066e-05 1.405462e-04
2.737553e-02 2.250709e-05 2.028272e-07 4.915976e-05 1.146223e-05 1.375743e-04
2.755538e-02 2.190961e-05 -2.147551e-07 4.754910e-05 1.010251e-05 1.340919e-04
2.773538e-02 2.127769e-05 -6.203229e-07 4.559658e-05 8.780723e-06 1.301819e-04
2.791455e-02 2.061363e-05 -9.692009e-07 4.341075e-05 7.495022e-06 1.258253e-04
2.809381e-02 1.989799e-05 -1.276706e-06 4.108070e-05 6.233820e-06 1.211290e-04
2.827308e-02 1.915523e-05 -1.510303e-06 3.823062e-05 5.071165e-06 1.158496e-04
2.845277e-02 1.834311e-05 -1.756306e-06 3.557209e-05 3.879571e-06 1.103854e-04
2.863250e-02 1.755526e-05 -1.934526e-06 3.265921e-05 2.837732e-06 1.048075e-04
2.881166e-02 1.672601e-05 -2.088590e-06 2.960782e-05 1.809476e-06 9.891577e-05
2.899137e-02 1.591184e-05 -2.220022e-06 2.646028e-05 8.646598e-07 9.299030e-05
2.917126e-02 1.508974e-05 -2.303396e-06 2.338267e-05 4.352914e-08 8.703078e-05
2.935071e-02 1.429188e-05 -2.373620e-06 2.030112e-05 -7.401454e-07 8.112444e-05
2.953030e-02 1.348639e-05 -2.421710e-06 1.734502e-05 -1.389262e-06 7.523429e-05
2.970997e-02 1.271969e-05 -2.420849e-06 1.439621e-05 -1.955487e-06 6.945456e-05
2.988940e-02 1.197551e-05 -2.395093e-06 1.154577e-05 -2.414793e-06 6.381922e-05
3.006874e-02 1.125533e-05 -2.321789e-06 8.885254e-06 -2.759084e-06 5.837085e-05
3.024815e-02 1.058943e-05 -2.226435e-06 6.426587e-06 -2.984281e-06 5.326766e-05
3.042767e-02 9.946567e-06 -2.113006e-06 4.000418e-06 -3.176770e-06 4.832451e-05
3.060744e-02 9.361080e-06 -1.904305e-06 1.753876e-06 -3.177870e-06 4.370200e-05
3.078708e-02 8.781979e-06 -1.740514e-06 -1.716583e-07 -3.174961e-06 3.939678e-05
3.096646e-02 8.282703e-06 -1.525786e-06 -1.998937e-06 -3.057654e-06 3.550549e-05
3.114600e-02 7.809711e-06 -1.303991e-06 -3.610117e-06 -2.895212e-06 3.192677e-05
3.132546e-02 7.377391e-06 -1.080737e-06 -5.016816e-06 -2.687306e-06 2.874666e-05
3.150520e-02 6.985744e-06 -8.512903e-07 -6.143627e-06 -2.412103e-06 2.592343e-05
3.168484e-02 6.641232e-06 -6.245204e-07 -7.055422e-06 -2.083796e-06 2.350762e-05
3.186375e-02 6.353105e-06 -3.983579e-07 -7.785511e-06 -1.741176e-06 2.150872e-05
3.204302e-02 6.108134e-06 -1.891460e-07 -8.277516e-06 -1.373960e-06 1.992574e-05
3.222277e-02 5.912496e-06 3.058740e-08 -8.556184e-06 -9.336449e-07 1.866768e-05
3.240259e-02 5.750921e-06 2.353629e-07 -8.613741e-06 -5.066333e-07 1.778812e-05
3.258186e-02 5.635543e-06 4.351782e-07 -8.481574e-06 -3.823687e-08 1.725627e-05
3.276123e-02 5.562091e-06 6.210186e-07 -8.204554e-06 4.071615e-07 1.706939e-05
3.294133e-02 5.523183e-06 8.083720e-07 -7.734916e-06 8.943684e-07 1.716036e-05
3.312088e-02 5.505474e-06 9.714942e-07 -7.100037e-06 1.354583e-06 1.750765e-05
3.330035e-02 5.536077e-06 1.124158e-06 -6.377655e-06 1.802662e-06 1.816807e-05
3.347992e-02 5.574099e-06 1.262444e-06 -5.507773e-06 2.231692e-06 1.898675e-05
3.365971e-02 5.643893e-06 1.384834e-06 -4.551181e-06 2.643472e-06 2.004978e-05
3.383927e-02 5.737571e-06 1.485023e-06 -3.536945e-06 3.006400e-06 2.127636e-05
3.401835e-02 5.824419e-06 1.566729e-06 -2.395429e-06 3.355959e-06 2.259854e-05
3.419757e-02 5.942914e-06 1.630226e-06 -1.279977e-06 3.643875e-06 2.408570e-05
3.437723e-02 6.062130e-06 1.684893e-06 -9.013080e-08 3.932648e-06 2.560100e-05
3.455683e-02 6.203275e-06 1.700845e-06 1.070082e-06 4.121198e-06 2.726652e-05
3.473619e-02 6.320467e-06 1.717236e-06 2.260460e-06 4.313952e-06 2.882524e-05
3.491584e-02 6.456372e-06 1.703805e-06 3.434814e-06 4.465044e-06 3.049041e-05
3.509556e-02 6.579930e-06 1.675096e-06 4.558115e-06 4.540558e-06 3.206973e-05
3.527533e-02 6.693653e-06 1.635663e-06 5.662327e-06 4.605468e-06 3.358958e-05
3.545456e-02 6.811435e-06 1.572520e-06 6.640653e-06 4.602538e-06 3.506299e-05
3.563370e-02 6.899681e-06 1.497372e-06 7.657343e-06 4.588619e-06 3.638416e-05
3.581332e-02 6.987941e-06 1.409856e-06 8.489421e-06 4.510818e-06 3.760910e-05
3.599287e-02 7.058678e-06 1.310080e-06 9.296205e-06 4.404486e-06 3.870762e-05
3.617240e-02 7.115132e-06 1.201271e-06 1.001659e-05 4.279483e-06 3.967193e-05
3.635196e-02 7.149596e-06 1.084801e-06 1.063278e-05 4.107653e-06 4.044641e-05
3.653161e-02 7.169252e-06 9.640806e-07 1.110698e-05 3.891876e-06 4.103783e-05
3.671117e-02 7.175682e-06 8.402912e-07 1.147046e-05 3.671970e-06 4.147642e-05
3.689084e-02 7.158137e-06 7.158797e-07 1.180256e-05 3.426248e-06 4.176028e-05
3.707056e-02 7.114182e-06 5.912079e-07 1.196971e-05 3.159202e-06 4.179714e-05
3.724984e-02 7.060077e-06 4.656133e-07 1.205459e-05 2.871038e-06 4.171538e-05
3.742914e-02 6.977605e-06 3.498209e-07 1.196605e-05 2.575742e-06 4.136268e-05
3.760871e-02 6.886370e-06 2.287869e-07 1.189835e-05 2.260786e-06 4.098251e-05
3.778826e-02 6.761770e-06 1.260708e-07 1.163839e-05 1.956346e-06 4.029481e-05
3.796764e-02 6.633423e-06 1.535506e-08 1.128823e-05 1.622062e-06 3.952464e-05
3.814709e-02 6.483125e-06 -7.811111e-08 1.087398e-05 1.321944e-06 3.858453e-05
3.832696e-02 6.311915e-06 -1.801849e-07 1.042125e-05 9.951968e-07 3.752889e-05
3.850665e-02 6.131930e-06 -2.631242e-07 9.861094e-06 6.910662e-07 3.633880e-05
3.868582e-02 5.933579e-06 -3.429980e-07 9.226677e-06 3.976188e-07 3.499775e-05
3.886530e-02 5.733580e-06 -4.113319e-07 8.551457e-06 1.223849e-07 3.360928e-05
3.904481e-02 5.521256e-06 -4.757725e-07 7.845238e-06 -1.326741e-07 3.213265e-05
3.922441e-02 5.304404e-06 -5.308012e-07 7.108182e-06 -3.797360e-07 3.059713e-05
3.940396e-02 5.082061e-06 -5.761238e-07 6.320426e-06 -5.970749e-07 2.899150e-05
3.958316e-02 4.859238e-06 -6.076472e-07 5.548316e-06 -7.743374e-07 2.736888e-05
3.976287e-02 4.640111e-06 -6.342444e-07 4.754354e-06 -9.500654e-07 2.574585e-05
3.994250e-02 4.412827e-06 -6.451076e-07 3.936594e-06 -1.074641e-06 2.404871e-05
4.012200e-02 4.196848e-06 -6.511713e-07 3.162220e-06 -1.193504e-06 2.243819e-05
4.030171e-02 3.982840e-06 -6.465595e-07 2.394859e-06 -1.271933e-06 2.081436e-05
4.048123e-02 3.773591e-06 -6.290634e-07 1.637250e-06 -1.326706e-06 1.922013e-05
4.066058e-02 3.581903e-06 -6.095243e-07 9.149152e-07 -1.368377e-06 1.773038e-05
4.084001e-02 3.385112e-06 -5.794172e-07 2.541158e-07 -1.377314e-06 1.625060e-05
4.101966e-02 3.210722e-06 -5.404396e-07 -3.950076e-07 -1.367968e-06 1.487951e-05
4.119937e-02 3.044177e-06 -4.982683e-07 -9.801655e-07 -1.333072e-06 1.359404e-05
4.137874e-02 2.889427e-06 -4.472922e-07 -1.514859e-06 -1.287158e-06 1.238816e-05
4.155813e-02 2.747512e-06 -3.926949e-07 -1.976923e-06 -1.218545e-06 1.130134e-05
4.173777e-02 2.618682e-06 -3.311177e-07 -2.384028e-06 -1.131747e-06 1.031495e-05
4.191752e-02 2.508144e-06 -2.684136e-07 -2.739235e-06 -1.029535e-06 9.454921e-06
4.209699e-02 2.408260e-06 -1.975617e-07 -3.017932e-06 -9.088798e-07 8.706446e-06
4.227635e-02 2.318232e-06 -1.256547e-07 -3.226074e-06 -7.839137e-07 8.059826e-06
4.245594e-02 2.244621e-06 -5.205330e-08 -3.372859e-06 -6.418164e-07 7.548409e-06
4.263530e-02 2.188344e-06 2.003726e-08 -3.466611e-06 -4.894620e-07 7.161272e-06
4.281442e-02 2.140868e-06 9.212732e-08 -3.490358e-06 -3.373007e-07 6.878208e-06
4.299392e-02 2.101115e-06 1.636641e-07 -3.443878e-06 -1.729366e-07 6.698235e-06
4.317364e-02 2.079351e-06 2.293008e-07 -3.350135e-06 -1.688800e-08 6.639784e-06
4.335324e-02 2.070832e-06 2.939060e-07 -3.212994e-06 1.495952e-07 6.687800e-06
4.353285e-02 2.070569e-06 3.503578e-07 -3.014557e-06 3.056929e-07 6.825981e-06
4.371256e-02 2.077309e-06 4.014062e-07 -2.759330e-06 4.573668e-07 7.050280e-06
4.389237e-02 2.093966e-06 4.488719e-07 -2.464013e-06 6.112579e-07 7.349887e-06
4.407181e-02 2.124069e-06 4.900683e-07 -2.142019e-06 7.486971e-07 7.738759e-06
4.425100e-02 2.159271e-06 5.261674e-07 -1.789972e-06 8.877990e-07 8.181377e-06
4.443069e-02 2.197680e-06 5.539175e-07 -1.390805e-06 1.004553e-06 8.675872e-06
4.461032e-02 2.244588e-06 5.790446e-07 -9.864801e-07 1.121538e-06 9.218626e-06
4.478953e-02 2.293019e-06 5.978178e-07 -5.555136e-07 1.222009e-06 9.793736e-06
4.496901e-02 2.350175e-06 6.110436e-07 -1.361211e-07 1.307011e-06 1.040584e-05
4.514874e-02 2.399679e-06 6.167028e-07 3.080220e-07 1.383924e-06 1.100594e-05
4.532821e-02 2.461106e-06 6.165848e-07 7.404794e-07 1.436312e-06 1.165370e-05
4.550745e-02 2.512446e-06 6.124965e-07 1.171212e-06 1.483364e-06 1.226075e-05
4.568707e-02 2.567946e-06 6.018326e-07 1.580246e-06 1.507703e-06 1.287172e-05
4.586694e-02 2.619451e-06 5.849405e-07 1.982027e-06 1.518495e-06 1.345816e-05
4.617836e-02 2.693557e-06 5.064470e-07 2.610519e-06 1.629766e-06 1.437109e-05
4.680927e-02 2.825947e-06 3.845235e-07 3.679393e-06 1.448578e-06 1.594390e-05
4.743756e-02 2.838928e-06 2.452805e-07 4.281053e-06 1.181365e-06 1.661194e-05
4.806661e-02 2.798169e-06 8.396840e-08 4.392751e-06 7.789322e-07 1.662661e-05
4.869280e-02 2.648532e-06 -5.541566e-08 4.059646e-06 4.074570e-07 1.575187e-05
4.931779e-02 2.431647e-06 -1.828752e-07 3.410797e-06 3.500362e-08 1.428849e-05
4.994581e-02 2.159186e-06 -2.558809e-07 2.439606e-06 -2.375512e-07 1.225223e-05
5.057480e-02 1.882894e-06 -2.903743e-07 1.351555e-06 -4.371597e-07 1.007333e-05
5.120302e-02 1.607965e-06 -2.781852e-07 3.168742e-07 -5.350978e-07 7.911792e-06
5.183209e-02 1.354385e-06 -2.210701e-07 -5.599493e-07 -4.889035e-07 5.964014e-06
5.246116e-02 1.177188e-06 -1.383429e-07 -1.209099e-06 -3.785865e-07 4.563716e-06
5.308896e-02 1.056598e-06 -4.060968e-08 -1.543750e-06 -1.875622e-07 3.671317e-06
5.371721e-02 9.976340e-07 5.429242e-08 -1.572694e-06 3.665785e-08 3.335161e-06
5.434780e-02 9.980849e-07 1.358070e-07 -1.292064e-06 2.590177e-07 3.518406e-06
5.497604e-02 1.054287e-06 1.953423e-07 -8.271029e-07 4.520592e-07 4.130682e-06
5.560013e-02 1.127797e-06 2.298392e-07 -2.361170e-07 5.720315e-07 4.939007e-06
5.622954e-02 1.217171e-06 2.342533e-07 4.055087e-07 6.340437e-07 5.884420e-06
5.686173e-02 1.292267e-06 2.094419e-07 9.785911e-07 6.121365e-07 6.738477e-06
5.748940e-02 1.336138e-06 1.610314e-07 1.423086e-06 5.279844e-07 7.351117e-06
5.811669e-02 1.343434e-06 9.498409e-08 1.660488e-06 4.025247e-07 7.639441e-06
5.874554e-02 1.316736e-06 2.446203e-08 1.719100e-06 2.525227e-07 7.606104e-06
5.937282e-02 1.250537e-06 -4.665613e-08 1.551134e-06 8.208013e-08 7.196608e-06
6.000021e-02 1.151763e-06 -9.697871e-08 1.225017e-06 -5.057860e-08 6.477931e-06
6.062750e-02 1.039661e-06 -1.336019e-07 7.932793e-07 -1.701550e-07 5.598989e-06
6.125597e-02 9.191541e-07 -1.438525e-07 2.939532e-07 -2.383293e-07 4.616232e-06
6.188682e-02 7.981721e-07 -1.298658e-07 -1.732886e-07 -2.540281e-07 3.641586e-06
6.251462e-02 6.994325e-07 -1.024313e-07 -5.762867e-07 -2.236863e-07 2.832966e-06
6.314049e-02 6.251597e-07 -5.978810e-08 -8.432175e-07 -1.542681e-07 2.232448e-06
6.377015e-02 5.737730e-07 -1.324371e-08 -9.531109e-07 -5.827938e-08 1.871736e-06
6.439971e-02 5.621413e-07 3.882353e-08 -9.309199e-07 5.197346e-08 1.811042e-06
6.502803e-02 5.716608e-07 8.011658e-08 -7.592631e-07 1.567539e-07 1.983068e-06
6.565852e-02 6.050233e-07 1.110606e-07 -4.850239e-07 2.453968e-07 2.357570e-06
6.628652e-02 6.481909e-07 1.252440e-07 -1.529474e-07 2.993568e-07 2.835633e-06
6.691319e-02 6.960340e-07 1.244850e-07 1.841019e-07 3.251097e-07 3.349844e-06
6.754195e-02 7.379593e-07 1.082717e-07 4.931169e-07 3.124033e-07 3.813994e-06
6.816923e-02 7.653726e-07 7.805332e-08 7.226753e-07 2.662533e-07 4.142816e-06
6.879707e-02 7.762099e-07 4.474617e-08 8.583488e-07 1.955959e-07 4.316536e-06
6.942589e-02 7.647641e-07 9.525957e-09 8.758741e-07 1.121295e-07 4.286631e-06
7.005350e-02 7.316831e-07 -2.630208e-08 7.915029e-07 1.574342e-08 4.071611e-06
7.068149e-02 6.810610e-07 -5.187539e-08 6.169862e-07 -5.935797e-08 3.698836e-06
7.131092e-02 6.180693e-07 -6.885894e-08 3.847902e-07 -1.148681e-07 3.212257e-06
7.194060e-02 5.492128e-07 -7.701794e-08 1.199145e-07 -1.530306e-07 2.669103e-06
7.256947e-02 4.842714e-07 -7.271754e-08 -1.369907e-07 -1.596690e-07 2.139594e-06
7.319738e-02 4.269126e-07 -5.752257e-08 -3.517468e-07 -1.418101e-07 1.673664e-06
7.382604e-02 3.841064e-07 -3.523466e-08 -5.083322e-07 -1.062533e-07 1.325382e-06
7.445392e-02 3.556259e-07 -8.521037e-09 -5.849534e-07 -5.736176e-08 1.112496e-06
7.507965e-02 3.435078e-07 1.842753e-08 -5.816153e-07 -6.340673e-10 1.047794e-06
7.570782e-02 3.435909e-07 4.091645e-08 -4.983516e-07 5.545033e-08 1.111073e-06
7.633697e-02 3.577419e-07 5.684690e-08 -3.636995e-07 1.027926e-07 1.285158e-06
7.696614e-02 3.778021e-07 6.473643e-08 -1.931236e-07 1.359356e-07 1.521973e-06
7.759521e-02 4.011742e-07 6.523937e-08 -1.524383e-08 1.526170e-07 1.782598e-06
7.822404e-02 4.224430e-07 5.525959e-08 1.426048e-07 1.450017e-07 2.017947e-06
7.885455e-02 4.372863e-07 4.027910e-08 2.678422e-07 1.225936e-07 2.192124e-06
7.948034e-02 4.437241e-07 2.336796e-08 3.369119e-07 8.421024e-08 2.280035e-06
8.010544e-02 4.361186e-07 6.363454e-09 3.574712e-07 3.860687e-08 2.262914e-06
8.168049e-02 3.736735e-07 -2.890529e-08 1.651564e-07 -5.854551e-08 1.821341e-06
8.345709e-02 2.761767e-07 -2.846597e-08 -1.569370e-07 -7.924629e-08 1.091132e-06
8.524436e-02 2.253971e-07 6.295245e-10 -3.136252e-07 -8.129613e-09 6.948292e-07
8.704550e-02 2.393282e-07 3.463288e-08 -1.598181e-07 7.389939e-08 8.712187e-07
8.884478e-02 2.772520e-07 3.065565e-08 1.179356e-07 7.671016e-08 1.287667e-06
9.064103e-02 2.797342e-07 9.488581e-10 2.286179e-07 1.207480e-08 1.396457e-06
9.243897e-02 2.356258e-07 -2.097312e-08 9.374924e-08 -4.579536e-08 1.078151e-06
9.423607e-02 1.767371e-07 -2.013395e-08 -1.327025e-07 -5.451030e-08 6.065123e-07
9.603871e-02 1.472151e-07 1.468740e-09 -2.247462e-07 -4.776258e-09 3.728761e-07
9.782410e-02 1.567708e-07 2.045759e-08 -1.240783e-07 4.180765e-08 4.955385e-07
9.961474e-02 1.783600e-07 1.776479e-08 3.813606e-08 3.901151e-08 7.339052e-07
1.014127e-01 1.797542e-07 1.582524e-09 9.750088e-08 3.233584e-09 7.969767e-07
1.031985e-01 1.507882e-07 -1.340041e-08 1.191548e-08 -2.869476e-08 5.988325e-07
1.049957e-01 1.214265e-07 -1.119752e-08 -1.144297e-07 -2.496900e-08 3.415528e-07
1.067952e-01 1.122979e-07 4.345665e-09 -1.423109e-07 7.255429e-09 2.606586e-07
1.085930e-01 1.257147e-07 1.641477e-08 -4.783655e-08 3.345985e-08 3.972362e-07
1.103885e-01 1.401696e-07 1.127575e-08 6.491696e-08 2.980965e-08 5.705775e-07
1.121821e-01 1.397461e-07 -3.618958e-09 8.901577e-08 5.946371e-10 5.911864e-07
1.139837e-01 1.198373e-07 -1.166107e-08 4.499902e-09 -2.345079e-08 4.282563e-07
1.157853e-01 8.958921e-08 1.791711e-10 -3.230738e-09 6.205739e-10 3.655668e-07
1.239691e-01 6.817347e-08 1.363414e-10 -2.458450e-09 4.722296e-10 2.781803e-07
1.327314e-01 5.187704e-08 1.037498e-10 -1.870773e-09 3.593461e-10 2.116831e-07
1.421129e-01 3.947616e-08 7.894910e-11 -1.423577e-09 2.734467e-10 1.610816e-07
1.521576e-01 3.003963e-08 6.007682e-11 -1.083280e-09 2.080810e-10 1.225761e-07
1.629123e-01 2.285885e-08 4.571583e-11 -8.243286e-10 1.583406e-10 9.327503e-08
1.744270e-01 1.739459e-08 3.478775e-11 -6.272781e-10 1.204902e-10 7.097822e-08
1.867557e-01 1.323652e-08 2.647196e-11 -4.773312e-10 9.168782e-11 5.401133e-08
1.999558e-01 1.007241e-08 2.014401e-11 -3.632282e-10 6.977042e-11 4.110026e-08
2.140888e-01 7.664667e-09 1.532871e-11 -2.764008e-10 5.309225e-11 3.127550e-08
2.292208e-01 5.832477e-09 1.166448e-11 -2.103289e-10 4.040088e-11 2.379929e-08
2.454224e-01 4.438260e-09 8.876158e-12 -1.600511e-10 3.074331e-11 1.811022e-08
2.627691e-01 3.377322e-09 6.754369e-12 -1.217919e-10 2.339431e-11 1.378109e-08
2.813418e-01 2.569995e-09 5.139780e-12 -9.267834e-11 1.780205e-11 1.048681e-08
3.012273e-01 1.955654e-09 3.911148e-12 -7.052417e-11 1.354658e-11 7.980002e-09
3.225183e-01 1.488167e-09 2.976213e-12 -5.366581e-11 1.030836e-11 6.072433e-09
3.453142e-01 1.132430e-09 2.264768e-12 -4.083734e-11 7.844210e-12 4.620856e-09
3.697214e-01 8.617299e-10 1.723390e-12 -3.107543e-11 5.969102e-12 3.516270e-09
3.958536e-01 6.557388e-10 1.311424e-12 -2.364705e-11 4.542226e-12 2.675728e-09
4.238329e-01 4.989886e-10 9.979365e-13 -1.799437e-11 3.456435e-12 2.036112e-09
4.537898e-01 3.797086e-10 7.593861e-13 -1.369293e-11 2.630196e-12 1.549392e-09
4.858641e-01 2.889416e-10 5.778597e-13 -1.041972e-11 2.001465e-12 1.179020e-09
5.202054e-01 2.198720e-10 4.397260e-13 -7.928953e-12 1.523027e-12 8.971826e-10
5.569740e-01 1.673130e-10 3.346123e-13 -6.033587e-12 1.158957e-12 6.827168e-10
5.963415e-01 1.273179e-10 2.546253e-13 -4.591296e-12 8.819158e-13 5.195177e-10
6.384914e-01 9.688333e-11 1.937587e-13 -3.493776e-12 6.710994e-13 3.953303e-10
6.836206e-01 7.372398e-11 1.474419e-13 -2.658611e-12 5.106773e-13 3.008291e-10
7.319396e-01 5.610073e-11 1.121969e-13 -2.023087e-12 3.886031e-13 2.289178e-10
7.836737e-01 4.269021e-11 8.537693e-14 -1.539481e-12 2.957100e-13 1.741964e-10
8.390645e-01 3.248538e-11 6.496811e-14 -1.171478e-12 2.250224e-13 1.325559e-10
8.983704e-01 2.471996e-11 4.943790e-14 -8.914433e-13 1.712322e-13 1.008692e-10
9.618680e-01 1.881081e-11 3.762008e-14 -6.783494e-13 1.303003e-13 7.675708e-11
1.029854e+00 1.431420e-11 2.862724e-14 -5.161943e-13 9.915280e-14 5.840879e-11
1.102645e+00 1.089248e-11 2.178408e-14 -3.928013e-13 7.545095e-14 4.444654e-11
1.180581e+00 8.288705e-12 1.657673e-14 -2.989046e-13 5.741488e-14 3.382187e-11
1.264025e+00 6.307342e-12 1.261417e-14 -2.274534e-13 4.369022e-14 2.573697e-11
1.353368e+00 4.799612e-12 9.598832e-15 -1.730821e-13 3.324635e-14 1.958471e-11
1.449025e+00 3.652295e-12 7.304292e-15 -1.317079e-13 2.529902e-14 1.490311e-11
1.551443e+00 2.779237e-12 5.558247e-15 -1.002240e-13 1.925145e-14 1.134062e-11
1.661101e+00 2.114878e-12 4.229584e-15 -7.626606e-14 1.464951e-14 8.629713e-12
1.778509e+00 1.609330e-12 3.218528e-15 -5.803514e-14 1.114764e-14 6.566835e-12
1.904216e+00 1.224630e-12 2.449160e-15 -4.416221e-14 8.482866e-15 4.997074e-12
2.038807e+00 9.318898e-13 1.863703e-15 -3.360551e-14 6.455090e-15 3.802555e-12
2.182912e+00 7.091274e-13 1.418197e-15 -2.557233e-14 4.912042e-15 2.893579e-12
2.337203e+00 5.396150e-13 1.079186e-15 -1.945943e-14 3.737849e-15 2.201887e-12
2.502398e+00 4.106234e-13 8.212134e-16 -1.480777e-14 2.844340e-15 1.675540e-12
2.679270e+00 3.124665e-13 6.249075e-16 -1.126807e-14 2.164419e-15 1.275013e-12
2.868643e+00 2.377734e-13 4.755273e-16 -8.574508e-15 1.647028e-15 9.702289e-13
3.071402e+00 1.809351e-13 3.618555e-16 -6.524826e-15 1.253316e-15 7.383019e-13
3.288491e+00 1.376837e-13 2.753563e-16 -4.965108e-15 9.537191e-16 5.618155e-13
3.520925e+00 1.047713e-13 2.095341e-16 -3.778230e-15 7.257386e-16 4.275170e-13
3.769787e+00 7.972640e-14 1.594463e-16 -2.875068e-15 5.522554e-16 3.253218e-13
4.036239e+00 6.066831e-14 1.213317e-16 -2.187801e-15 4.202422e-16 2.475557e-13
4.321524e+00 4.616593e-14 9.232810e-17 -1.664821e-15 3.197860e-16 1.883791e-13
4.626973e+00 3.513026e-14 7.025765e-17 -1.266856e-15 2.433432e-16 1.433482e-13
4.954012e+00 2.673259e-14 5.346300e-17 -9.640223e-16 1.851735e-16 1.090818e-13
5.304166e+00 2.034234e-14 4.068301e-17 -7.335789e-16 1.409090e-16 8.300645e-14
5.679070e+00 1.547963e-14 3.095799e-17 -5.582215e-16 1.072256e-16 6.316428e-14
6.080472e+00 1.177932e-14 2.355768e-17 -4.247822e-16 8.159397e-17 4.806526e-14
6.510245e+00 8.963550e-15 1.792637e-17 -3.232407e-16 6.208945e-17 3.657556e-14
6.970395e+00 6.820870e-15 1.364118e-17 -2.459720e-16 4.724736e-17 2.783241e-14
7.463069e+00 5.190384e-15 1.038034e-17 -1.871740e-16 3.595318e-17 2.117925e-14
7.990566e+00 3.949656e-15 7.898989e-18 -1.424312e-16 2.735880e-17 1.611648e-14
8.555347e+00 3.005515e-15 6.010785e-18 -1.083839e-16 2.081885e-17 1.226394e-14
9.160046e+00 2.287066e-15 4.573945e-18 -8.247545e-17 1.584224e-17 9.332322e-15
9.807487e+00 1.740357e-15 3.480573e-18 -6.276022e-17 1.205525e-17 7.101489e-15
1.050069e+01 1.324336e-15 2.648564e-18 -4.775778e-17 9.173519e-18 5.403923e-15
1.124289e+01 1.007762e-15 2.015441e-18 -3.634159e-17 6.980647e-18 4.112150e-15
1.203755e+01 7.668627e-16 1.533663e-18 -2.765436e-17 5.311968e-18 3.129166e-15
1.288837e+01 5.835490e-16 1.167050e-18 -2.104376e-17 4.042175e-18 2.381159e-15
1.379933e+01 4.440553e-16 8.880744e-19 -1.601338e-17 3.075919e-18 1.811958e-15
1.477468e+01 3.379067e-16 6.757859e-19 -1.218549e-17 2.340640e-18 1.378821e-15
1.581897e+01 2.571323e-16 5.142435e-19 -9.272622e-18 1.781125e-18 1.049222e-15
1.693707e+01 1.956664e-16 3.913169e-19 -7.056061e-18 1.355358e-18 7.984125e-16
1.813420e+01 1.488936e-16 2.977750e-19 -5.369354e-18 1.031368e-18 6.075570e-16
1.941594e+01 1.133015e-16 2.265938e-19 -4.085844e-18 7.848263e-19 4.623244e-16
2.078828e+01 8.621752e-17 1.724280e-19 -3.109149e-18 5.972186e-19 3.518087e-16
2.225761e+01 6.560776e-17 1.312102e-19 -2.365926e-18 4.544572e-19 2.677110e-16
2.383080e+01 4.992464e-17 9.984521e-20 -1.800367e-18 3.458221e-19 2.037164e-16
2.551518e+01 3.799047e-17 7.597785e-20 -1.370000e-18 2.631555e-19 1.550193e-16
2.731862e+01 2.890909e-17 5.781582e-20 -1.042511e-18 2.002499e-19 1.179629e-16
2.924952e+01 2.199856e-17 4.399532e-20 -7.933050e-19 1.523814e-19 8.976462e-17
3.131691e+01 1.673994e-17 3.347851e-20 -6.036704e-19 1.159556e-19 6.830695e-17
3.353042e+01 1.273836e-17 2.547569e-20 -4.593668e-19 8.823714e-20 5.197861e-17
3.590038e+01 9.693339e-18 1.938589e-20 -3.495581e-19 6.714461e-20 3.955345e-17
3.843785e+01 7.376207e-18 1.475181e-20 -2.659985e-19 5.109412e-20 3.009845e-17
4.115467e+01 5.612972e-18 1.122549e-20 -2.024132e-19 3.888039e-20 2.290361e-17
4.406352e+01 4.271226e-18 8.542104e-21 -1.540276e-19 2.958628e-20 1.742864e-17
4.717797e+01 3.250217e-18 6.500168e-21 -1.172083e-19 2.251387e-20 1.326244e-17
5.051255e+01 2.473273e-18 4.946344e-21 -8.919039e-20 1.713207e-20 1.009214e-17
5.408283e+01 1.882053e-18 3.763952e-21 -6.786999e-20 1.303676e-20 7.679674e-18
5.790545e+01 1.432160e-18 2.864203e-21 -5.164610e-20 9.920403e-21 5.843897e-18
6.199826e+01 1.089811e-18 2.179533e-21 -3.930043e-20 7.548993e-21 4.446950e-18
6.638036e+01 8.292987e-19 1.658530e-21 -2.990591e-20 5.744454e-21 3.383935e-18
7.107219e+01 6.310601e-19 1.262069e-21 -2.275709e-20 4.371279e-21 2.575027e-18
7.609563e+01 4.802092e-19 9.603792e-22 -1.731715e-20 3.326352e-21 1.959483e-18
8.147414e+01 3.654182e-19 7.308066e-22 -1.317760e-20 2.531209e-21 1.491081e-18
8.723281e+01 2.780673e-19 5.561119e-22 -1.002758e-20 1.926139e-21 1.134647e-18
9.339851e+01 2.115971e-19 4.231769e-22 -7.630547e-21 1.465708e-21 8.634172e-19
1.000000e+02 1.610161e-19 3.220191e-22 -5.806513e-21 1.115340e-21 6.570228e-19
