# k [h/Mpc], q0, q1/i, q2, q3/i, q4
1.000000e-06 3.302543e+08 2.699714e+06 3.800723e+04 -4.497979e+06 3.465814e+08
1.489784e-06 3.302543e+08 2.699714e+06 3.800723e+04 -4.497979e+06 3.465814e+08
2.219456e-06 3.302543e+08 2.699714e+06 3.800723e+04 -4.497979e+06 3.465814e+08
3.306511e-06 3.302543e+08 2.699714e+06 3.800723e+04 -4.497979e+06 3.465814e+08
4.925987e-06 3.302543e+08 2.699714e+06 3.800723e+04 -4.497979e+06 3.465814e+08
7.338656e-06 3.302543e+08 2.699714e+06 3.800723e+04 -4.497979e+06 3.465814e+08
1.093301e-05 3.302543e+08 2.699714e+06 3.800723e+04 -4.497979e+06 3.465814e+08
1.628783e-05 3.302543e+08 2.699714e+06 3.800723e+04 -4.497979e+06 3.465814e+08
2.426534e-05 3.302543e+08 2.699714e+06 3.800723e+04 -4.497979e+06 3.465814e+08
3.615012e-05 3.302543e+08 2.699714e+06 3.800723e+04 -4.497979e+06 3.465814e+08
5.385587e-05 3.302543e+08 2.699714e+06 3.800723e+04 -4.497979e+06 3.465814e+08
1.034961e-04 3.301141e+08 5.185955e+06 4.880947e+04 3.008053e+05 -3.442173e+07
1.650345e-04 3.298039e+08 8.261543e+06 9.173462e+04 1.699773e+06 -4.157303e+07
2.219461e-04 3.293983e+08 1.109535e+07 2.177706e+05 -5.283316e+05 1.562643e+07
2.831569e-04 3.288237e+08 1.412932e+07 3.242154e+05 6.889129e+05 -8.635310e+06
3.481074e-04 3.280651e+08 1.732791e+07 4.791649e+05 1.153284e+06 -1.212155e+07
4.078467e-04 3.272611e+08 2.012656e+07 -1.181173e+07 -1.244368e+06 9.200443e+06
4.685721e-04 3.262388e+08 2.325893e+07 8.766819e+06 8.676664e+05 -2.169793e+06
5.344152e-04 3.250377e+08 2.636235e+07 3.193827e+06 9.508403e+05 -4.058207e+06
5.979215e-04 3.237390e+08 2.931820e+07 -2.381890e+05 9.725193e+04 6.825783e+05
6.594309e-04 3.223281e+08 3.220409e+07 1.849312e+06 -1.091415e+05 3.517158e+06
7.211547e-04 3.207874e+08 3.504282e+07 2.124959e+06 1.245240e+06 -4.909270e+06
7.842715e-04 3.190914e+08 3.785675e+07 5.765184e+05 6.475090e+05 -1.357923e+06
8.480725e-04 3.172231e+08 4.069728e+07 2.263212e+06 5.131428e+05 8.268598e+05
9.105595e-04 3.152453e+08 4.345946e+07 5.613066e+06 1.021249e+06 6.436620e+05
9.726731e-04 3.131976e+08 4.605711e+07 3.884879e+06 1.128557e+06 -3.492020e+05
1.035373e-03 3.109818e+08 4.867300e+07 5.003477e+06 2.023639e+06 -2.681751e+06
1.098784e-03 3.086365e+08 5.120740e+07 4.832882e+06 1.245374e+06 8.897499e+05
1.161586e-03 3.061917e+08 5.366925e+07 4.985486e+06 1.978693e+06 -1.372725e+06
1.224174e-03 3.036316e+08 5.605442e+07 6.056500e+06 1.777313e+06 9.435849e+05
1.288412e-03 3.008920e+08 5.843349e+07 6.564723e+06 2.982857e+06 -2.600712e+06
1.351080e-03 2.981187e+08 6.064265e+07 7.351862e+06 1.824105e+06 3.019289e+06
1.412291e-03 2.952891e+08 6.277576e+07 8.372300e+06 3.593578e+06 -1.325501e+06
1.475368e-03 2.923132e+08 6.482930e+07 8.016213e+06 3.407061e+06 -1.120921e+06
1.538515e-03 2.891980e+08 6.686085e+07 9.045112e+06 4.972299e+06 -4.214816e+06
1.601338e-03 2.860453e+08 6.870097e+07 9.630777e+06 2.883625e+06 3.916700e+06
1.665074e-03 2.827068e+08 7.057138e+07 1.112726e+07 4.189026e+06 1.584551e+06
1.728027e-03 2.793651e+08 7.231568e+07 1.060478e+07 6.258371e+06 -4.141006e+06
1.789887e-03 2.759514e+08 7.391766e+07 1.306701e+07 5.574081e+06 1.156968e+06
1.852570e-03 2.724853e+08 7.544926e+07 1.233296e+07 6.821667e+06 -2.952165e+06
1.915088e-03 2.689255e+08 7.685342e+07 1.369530e+07 6.067114e+06 1.667292e+06
1.978019e-03 2.652558e+08 7.826097e+07 1.413761e+07 8.464114e+06 -3.713195e+06
2.041684e-03 2.614863e+08 7.950259e+07 1.570517e+07 8.005469e+06 3.469681e+05
2.104726e-03 2.577379e+08 8.065447e+07 1.549726e+07 8.654900e+06 -1.393306e+06
2.167060e-03 2.539173e+08 8.173101e+07 1.671879e+07 9.837053e+06 -1.958254e+06
2.229921e-03 2.500554e+08 8.268468e+07 1.728174e+07 1.018578e+07 -1.673630e+06
2.292794e-03 2.461232e+08 8.357349e+07 1.802942e+07 1.132237e+07 -2.762140e+06
2.355230e-03 2.421884e+08 8.432448e+07 1.903123e+07 1.155503e+07 -1.358887e+06
2.418331e-03 2.381723e+08 8.500345e+07 1.984612e+07 1.224730e+07 -1.330260e+06
2.481215e-03 2.341250e+08 8.561437e+07 2.051488e+07 1.353025e+07 -2.876350e+06
2.543891e-03 2.300931e+08 8.607300e+07 2.132970e+07 1.361067e+07 -1.301035e+06
2.607003e-03 2.259536e+08 8.652080e+07 2.216254e+07 1.534789e+07 -3.432747e+06
2.669740e-03 2.218478e+08 8.684167e+07 2.284102e+07 1.628711e+07 -3.915660e+06
2.732628e-03 2.177520e+08 8.700703e+07 2.370522e+07 1.619415e+07 -2.021679e+06
2.796013e-03 2.135492e+08 8.717380e+07 2.453191e+07 1.767314e+07 -3.496455e+06
2.858795e-03 2.094123e+08 8.722671e+07 2.508143e+07 1.853514e+07 -3.611876e+06
2.920959e-03 2.053263e+08 8.715694e+07 2.585878e+07 1.899250e+07 -3.336084e+06
2.983535e-03 2.011712e+08 8.706240e+07 2.657475e+07 2.025240e+07 -4.113045e+06
3.046449e-03 1.969928e+08 8.687533e+07 2.738633e+07 2.150215e+07 -4.998142e+06
3.109435e-03 1.928584e+08 8.661387e+07 2.766108e+07 2.232541e+07 -5.641837e+06
3.172429e-03 1.887623e+08 8.616984e+07 2.870166e+07 2.225040e+07 -3.194447e+06
3.235378e-03 1.846026e+08 8.576576e+07 2.946952e+07 2.364600e+07 -4.861248e+06
3.298350e-03 1.804944e+08 8.527667e+07 2.992757e+07 2.460781e+07 -5.097357e+06
3.361502e-03 1.763540e+08 8.473213e+07 3.059246e+07 2.602335e+07 -6.638331e+06
3.424034e-03 1.723371e+08 8.408086e+07 3.112807e+07 2.662699e+07 -6.248882e+06
3.486610e-03 1.683506e+08 8.335266e+07 3.171863e+07 2.718220e+07 -5.889452e+06
3.549533e-03 1.642893e+08 8.263064e+07 3.229777e+07 2.865754e+07 -7.447049e+06
3.612035e-03 1.604185e+08 8.171422e+07 3.316857e+07 2.844947e+07 -4.993221e+06
3.674842e-03 1.564156e+08 8.094452e+07 3.314126e+07 3.035518e+07 -8.303532e+06
3.737743e-03 1.525588e+08 7.995128e+07 3.388322e+07 3.059981e+07 -7.064117e+06
3.800817e-03 1.486260e+08 7.903764e+07 3.408296e+07 3.209434e+07 -8.970332e+06
3.863693e-03 1.448799e+08 7.791835e+07 3.485158e+07 3.212870e+07 -7.413379e+06
3.926624e-03 1.410619e+08 7.688802e+07 3.511625e+07 3.330545e+07 -8.505300e+06
3.989691e-03 1.373537e+08 7.574417e+07 3.553693e+07 3.384404e+07 -8.597097e+06
4.052279e-03 1.336832e+08 7.460771e+07 3.583550e+07 3.464191e+07 -8.929308e+06
4.115276e-03 1.300120e+08 7.342710e+07 3.620815e+07 3.565057e+07 -9.819761e+06
4.178091e-03 1.264955e+08 7.217808e+07 3.647223e+07 3.592570e+07 -9.413800e+06
4.240529e-03 1.229659e+08 7.095297e+07 3.674039e+07 3.677966e+07 -9.964366e+06
4.303566e-03 1.195019e+08 6.965011e+07 3.705179e+07 3.733856e+07 -1.015944e+07
4.366473e-03 1.161024e+08 6.834499e+07 3.724088e+07 3.783474e+07 -1.009316e+07
4.429136e-03 1.127531e+08 6.702440e+07 3.737963e+07 3.853509e+07 -1.093338e+07
4.491804e-03 1.094102e+08 6.574241e+07 3.730251e+07 3.932563e+07 -1.183850e+07
4.554524e-03 1.062436e+08 6.429794e+07 3.788683e+07 3.948877e+07 -1.104087e+07
4.617696e-03 1.030636e+08 6.295722e+07 3.758847e+07 3.994384e+07 -1.155078e+07
4.680743e-03 9.992158e+07 6.155745e+07 3.782304e+07 4.042890e+07 -1.172140e+07
4.743600e-03 9.686004e+07 6.017172e+07 3.777626e+07 4.086658e+07 -1.222534e+07
4.806460e-03 9.391406e+07 5.873609e+07 3.796533e+07 4.106117e+07 -1.176317e+07
4.869182e-03 9.098795e+07 5.733661e+07 3.788378e+07 4.143215e+07 -1.233551e+07
4.931803e-03 8.807296e+07 5.597796e+07 3.766996e+07 4.192160e+07 -1.298893e+07
4.994544e-03 8.531314e+07 5.455396e+07 3.764641e+07 4.204333e+07 -1.290921e+07
5.057296e-03 8.257944e+07 5.312511e+07 3.773836e+07 4.226944e+07 -1.284716e+07
5.120127e-03 7.995853e+07 5.173861e+07 3.741293e+07 4.224464e+07 -1.288196e+07
5.183244e-03 7.727540e+07 5.035015e+07 3.726118e+07 4.256465e+07 -1.338313e+07
5.246213e-03 7.473493e+07 4.895749e+07 3.709105e+07 4.262934e+07 -1.340669e+07
5.308940e-03 7.222164e+07 4.760375e+07 3.676089e+07 4.275052e+07 -1.383912e+07
5.371705e-03 6.984746e+07 4.621007e+07 3.669604e+07 4.267917e+07 -1.354164e+07
5.434764e-03 6.747469e+07 4.484266e+07 3.654466e+07 4.267579e+07 -1.338075e+07
5.497589e-03 6.514651e+07 4.355897e+07 3.586725e+07 4.261780e+07 -1.417494e+07
5.560094e-03 6.297976e+07 4.219541e+07 3.591543e+07 4.241927e+07 -1.338414e+07
5.623090e-03 6.073765e+07 4.092014e+07 3.536936e+07 4.245485e+07 -1.404504e+07
5.686167e-03 5.861359e+07 3.962369e+07 3.505858e+07 4.222709e+07 -1.397285e+07
5.748863e-03 5.655547e+07 3.837327e+07 3.461817e+07 4.201463e+07 -1.386669e+07
5.811791e-03 5.461478e+07 3.710083e+07 3.436963e+07 4.169589e+07 -1.369289e+07
5.874636e-03 5.261593e+07 3.589298e+07 3.389012e+07 4.148178e+07 -1.364923e+07
5.937271e-03 5.072347e+07 3.469269e+07 3.342392e+07 4.127821e+07 -1.396869e+07
6.000058e-03 4.892704e+07 3.352302e+07 3.296495e+07 4.081013e+07 -1.361230e+07
6.062729e-03 4.712753e+07 3.237403e+07 3.246519e+07 4.053412e+07 -1.371738e+07
6.125517e-03 4.538128e+07 3.124448e+07 3.194217e+07 4.013071e+07 -1.375024e+07
6.188708e-03 4.374378e+07 3.013473e+07 3.152771e+07 3.965076e+07 -1.316072e+07
6.251555e-03 4.212899e+07 2.904678e+07 3.099360e+07 3.922740e+07 -1.339954e+07
6.314077e-03 4.055156e+07 2.800680e+07 3.044436e+07 3.871786e+07 -1.307409e+07
6.377058e-03 3.900411e+07 2.698210e+07 2.981818e+07 3.825146e+07 -1.309293e+07
6.440009e-03 3.754107e+07 2.596888e+07 2.932051e+07 3.774573e+07 -1.297840e+07
6.502812e-03 3.615406e+07 2.499835e+07 2.880102e+07 3.712535e+07 -1.244128e+07
6.565726e-03 3.471528e+07 2.405910e+07 2.803070e+07 3.660054e+07 -1.276560e+07
6.628521e-03 3.342741e+07 2.312251e+07 2.763686e+07 3.602479e+07 -1.211546e+07
6.691272e-03 3.212410e+07 2.222867e+07 2.695219e+07 3.540208e+07 -1.220295e+07
6.754176e-03 3.090487e+07 2.136044e+07 2.640929e+07 3.476809e+07 -1.173417e+07
6.816888e-03 2.968810e+07 2.051954e+07 2.575682e+07 3.410868e+07 -1.155147e+07
6.879625e-03 2.848888e+07 1.970388e+07 2.504040e+07 3.348261e+07 -1.153965e+07
6.942449e-03 2.741339e+07 1.891038e+07 2.452728e+07 3.278115e+07 -1.101229e+07
7.005248e-03 2.634228e+07 1.814646e+07 2.388786e+07 3.214476e+07 -1.090447e+07
7.068136e-03 2.526351e+07 1.739952e+07 2.321609e+07 3.141181e+07 -1.060731e+07
7.131053e-03 2.425939e+07 1.668086e+07 2.259462e+07 3.069712e+07 -1.027289e+07
7.194010e-03 2.328484e+07 1.598532e+07 2.194082e+07 3.000348e+07 -1.011291e+07
7.256902e-03 2.237892e+07 1.532220e+07 2.137953e+07 2.928359e+07 -9.583375e+06
7.319748e-03 2.141449e+07 1.466471e+07 2.061365e+07 2.853839e+07 -9.581185e+06
7.382611e-03 2.059304e+07 1.404979e+07 2.008328e+07 2.780297e+07 -9.029403e+06
7.445306e-03 1.973201e+07 1.344755e+07 1.939481e+07 2.710008e+07 -8.889436e+06
7.507906e-03 1.895467e+07 1.287407e+07 1.881852e+07 2.637569e+07 -8.529974e+06
7.570818e-03 1.812701e+07 1.230992e+07 1.810359e+07 2.562086e+07 -8.253790e+06
7.633721e-03 1.740324e+07 1.177199e+07 1.752488e+07 2.488438e+07 -7.984206e+06
7.696586e-03 1.669144e+07 1.126015e+07 1.693868e+07 2.415818e+07 -7.524338e+06
7.759492e-03 1.598450e+07 1.075821e+07 1.628246e+07 2.340414e+07 -7.323925e+06
7.822382e-03 1.533169e+07 1.028494e+07 1.571928e+07 2.269827e+07 -6.904291e+06
7.885469e-03 1.466583e+07 9.819237e+06 1.505848e+07 2.196223e+07 -6.720625e+06
7.948044e-03 1.406276e+07 9.381412e+06 1.449915e+07 2.123746e+07 -6.328962e+06
8.010528e-03 1.345080e+07 8.956061e+06 1.387580e+07 2.053418e+07 -6.037740e+06
8.073516e-03 1.289415e+07 8.549145e+06 1.331612e+07 1.983136e+07 -5.814664e+06
8.136423e-03 1.234334e+07 8.161735e+06 1.274530e+07 1.913777e+07 -5.408616e+06
8.199228e-03 1.183064e+07 7.787425e+06 1.221665e+07 1.844557e+07 -5.089343e+06
8.262023e-03 1.129843e+07 7.418285e+06 1.160969e+07 1.774064e+07 -4.848561e+06
8.324981e-03 1.083831e+07 7.084398e+06 1.111890e+07 1.711977e+07 -4.526127e+06
8.388025e-03 1.035466e+07 6.746860e+06 1.053674e+07 1.642083e+07 -4.307732e+06
8.450798e-03 9.917612e+06 6.433616e+06 1.004849e+07 1.578671e+07 -3.917397e+06
8.513424e-03 9.473933e+06 6.121206e+06 9.505710e+06 1.513274e+07 -3.719919e+06
8.576219e-03 9.079524e+06 5.840162e+06 9.034064e+06 1.454174e+07 -3.414632e+06
8.639099e-03 8.682769e+06 5.557992e+06 8.539686e+06 1.392190e+07 -3.187084e+06
8.701941e-03 8.296654e+06 5.285513e+06 8.048956e+06 1.330356e+07 -2.887492e+06
8.764716e-03 7.936314e+06 5.029859e+06 7.586937e+06 1.272319e+07 -2.613164e+06
8.827545e-03 7.589571e+06 4.784591e+06 7.127376e+06 1.216590e+07 -2.457292e+06
8.890404e-03 7.268831e+06 4.554875e+06 6.704934e+06 1.161116e+07 -2.147344e+06
8.953189e-03 6.942144e+06 4.322891e+06 6.258857e+06 1.105008e+07 -1.926088e+06
9.016039e-03 6.638990e+06 4.106839e+06 5.843805e+06 1.052550e+07 -1.715013e+06
9.078883e-03 6.357879e+06 3.906125e+06 5.448000e+06 1.003309e+07 -1.506378e+06
9.141797e-03 6.075926e+06 3.703462e+06 5.054748e+06 9.522054e+06 -1.322987e+06
9.204714e-03 5.810279e+06 3.512837e+06 4.664699e+06 9.022002e+06 -1.044551e+06
9.267500e-03 5.559734e+06 3.332081e+06 4.301541e+06 8.556410e+06 -8.943873e+05
9.330389e-03 5.325004e+06 3.161648e+06 3.958140e+06 8.118233e+06 -7.169517e+05
9.393353e-03 5.086717e+06 2.991358e+06 3.594713e+06 7.664735e+06 -5.340342e+05
9.456033e-03 4.876557e+06 2.836201e+06 3.282520e+06 7.244083e+06 -3.764601e+05
9.518699e-03 4.663023e+06 2.679431e+06 2.952253e+06 6.826610e+06 -1.778295e+05
9.581480e-03 4.469663e+06 2.539206e+06 2.656808e+06 6.446271e+06 -9.209107e+04
9.644431e-03 4.280886e+06 2.398119e+06 2.358599e+06 6.055763e+06 9.095186e+04
9.707436e-03 4.103519e+06 2.264556e+06 2.079539e+06 5.685509e+06 2.392137e+05
9.770160e-03 3.936439e+06 2.140367e+06 1.817950e+06 5.339694e+06 3.683786e+05
9.832865e-03 3.773109e+06 2.014261e+06 1.547316e+06 4.986172e+06 5.153109e+05
9.895597e-03 3.626052e+06 1.905212e+06 1.320738e+06 4.682766e+06 5.866217e+05
9.958595e-03 3.476901e+06 1.789512e+06 1.068821e+06 4.353918e+06 7.268649e+05
1.002149e-02 3.342957e+06 1.687169e+06 8.557126e+05 4.061890e+06 8.142696e+05
1.008410e-02 3.214007e+06 1.585477e+06 6.408367e+05 3.772083e+06 9.171785e+05
1.014702e-02 3.094937e+06 1.491193e+06 4.441090e+05 3.507390e+06 1.018013e+06
1.020999e-02 2.979720e+06 1.401181e+06 2.546826e+05 3.243196e+06 1.088314e+06
1.027280e-02 2.873407e+06 1.313202e+06 7.159892e+04 2.996004e+06 1.171273e+06
1.033567e-02 2.770715e+06 1.232691e+06 -9.204614e+04 2.754553e+06 1.273575e+06
1.039854e-02 2.674628e+06 1.153412e+06 -2.551330e+05 2.530335e+06 1.320309e+06
1.046130e-02 2.587815e+06 1.080645e+06 -4.005052e+05 2.322617e+06 1.385995e+06
1.052408e-02 2.502512e+06 1.011025e+06 -5.419698e+05 2.118361e+06 1.432620e+06
1.058689e-02 2.424281e+06 9.438500e+05 -6.735480e+05 1.918870e+06 1.517138e+06
1.064973e-02 2.350391e+06 8.831750e+05 -7.901708e+05 1.741598e+06 1.555855e+06
1.071266e-02 2.285741e+06 8.238160e+05 -9.017213e+05 1.577039e+06 1.599887e+06
1.077552e-02 2.219506e+06 7.678681e+05 -1.009002e+06 1.404696e+06 1.649553e+06
1.083829e-02 2.160382e+06 7.166975e+05 -1.101745e+06 1.252786e+06 1.702476e+06
1.090115e-02 2.107288e+06 6.675966e+05 -1.189040e+06 1.110023e+06 1.749194e+06
1.096400e-02 2.054727e+06 6.226496e+05 -1.267182e+06 9.790888e+05 1.753153e+06
1.102688e-02 2.008656e+06 5.795291e+05 -1.340110e+06 8.484591e+05 1.803721e+06
1.108967e-02 1.962905e+06 5.405718e+05 -1.403177e+06 7.271480e+05 1.835669e+06
1.115232e-02 1.922892e+06 5.042501e+05 -1.459533e+06 6.186473e+05 1.856467e+06
1.121507e-02 1.889271e+06 4.686859e+05 -1.513535e+06 5.125755e+05 1.890379e+06
1.127797e-02 1.851999e+06 4.388694e+05 -1.554130e+06 4.187980e+05 1.912638e+06
1.134099e-02 1.824223e+06 4.087964e+05 -1.595223e+06 3.250716e+05 1.943193e+06
1.140372e-02 1.790840e+06 3.839673e+05 -1.622655e+06 2.421250e+05 1.963311e+06
1.146650e-02 1.769198e+06 3.587046e+05 -1.652446e+06 1.664203e+05 1.980590e+06
1.152952e-02 1.744322e+06 3.374920e+05 -1.671353e+06 9.431167e+04 2.008699e+06
1.159236e-02 1.721395e+06 3.182023e+05 -1.686152e+06 2.679556e+04 2.027949e+06
1.165521e-02 1.705000e+06 3.003177e+05 -1.699722e+06 -3.429138e+04 2.055318e+06
1.171802e-02 1.683314e+06 2.853191e+05 -1.698350e+06 -8.309631e+04 2.052161e+06
1.178091e-02 1.671078e+06 2.714920e+05 -1.706023e+06 -1.417338e+05 2.095202e+06
1.184377e-02 1.654663e+06 2.597806e+05 -1.700768e+06 -1.819927e+05 2.104370e+06
1.190645e-02 1.643002e+06 2.502866e+05 -1.691959e+06 -2.269703e+05 2.126335e+06
1.196918e-02 1.631696e+06 2.419043e+05 -1.682651e+06 -2.621355e+05 2.144587e+06
1.203205e-02 1.618355e+06 2.351549e+05 -1.663326e+06 -2.939098e+05 2.154593e+06
1.209494e-02 1.613402e+06 2.297864e+05 -1.649864e+06 -3.246023e+05 2.188730e+06
1.215771e-02 1.601616e+06 2.255819e+05 -1.623297e+06 -3.463302e+05 2.192282e+06
1.222054e-02 1.595426e+06 2.237503e+05 -1.602243e+06 -3.732788e+05 2.230379e+06
1.228344e-02 1.589688e+06 2.217961e+05 -1.574682e+06 -3.889841e+05 2.242172e+06
1.234640e-02 1.583043e+06 2.221851e+05 -1.542677e+06 -4.057265e+05 2.261648e+06
1.240915e-02 1.580445e+06 2.227912e+05 -1.513528e+06 -4.181651e+05 2.292455e+06
1.247184e-02 1.568917e+06 2.242641e+05 -1.475055e+06 -4.296104e+05 2.303699e+06
1.253470e-02 1.570637e+06 2.274752e+05 -1.439186e+06 -4.358547e+05 2.333967e+06
1.259754e-02 1.564259e+06 2.307202e+05 -1.399636e+06 -4.395694e+05 2.351406e+06
1.266036e-02 1.559089e+06 2.349080e+05 -1.359960e+06 -4.440212e+05 2.375028e+06
1.272320e-02 1.556078e+06 2.410937e+05 -1.317452e+06 -4.473586e+05 2.403956e+06
1.278608e-02 1.552570e+06 2.453998e+05 -1.272224e+06 -4.408755e+05 2.419925e+06
1.284892e-02 1.550923e+06 2.517236e+05 -1.229367e+06 -4.386167e+05 2.452518e+06
1.291183e-02 1.545168e+06 2.583498e+05 -1.182382e+06 -4.348375e+05 2.475854e+06
1.297477e-02 1.540693e+06 2.652068e+05 -1.133232e+06 -4.284127e+05 2.498772e+06
1.303751e-02 1.538930e+06 2.732447e+05 -1.087601e+06 -4.214447e+05 2.530749e+06
1.310022e-02 1.534285e+06 2.793827e+05 -1.036333e+06 -4.062532e+05 2.544773e+06
1.316309e-02 1.531221e+06 2.896359e+05 -9.888124e+05 -3.994075e+05 2.579351e+06
1.322594e-02 1.523955e+06 2.944543e+05 -9.370797e+05 -3.868102e+05 2.601180e+06
1.328870e-02 1.523331e+06 3.047537e+05 -8.881070e+05 -3.734644e+05 2.634016e+06
1.335152e-02 1.517527e+06 3.118353e+05 -8.379270e+05 -3.579023e+05 2.657933e+06
1.341448e-02 1.511798e+06 3.198880e+05 -7.886631e+05 -3.425184e+05 2.681550e+06
1.347734e-02 1.506858e+06 3.293743e+05 -7.359736e+05 -3.278786e+05 2.711676e+06
1.354004e-02 1.499732e+06 3.348702e+05 -6.840219e+05 -3.113500e+05 2.735964e+06
1.360289e-02 1.495819e+06 3.450682e+05 -6.327054e+05 -2.900920e+05 2.757561e+06
1.366571e-02 1.487912e+06 3.506404e+05 -5.852717e+05 -2.733802e+05 2.784479e+06
1.372857e-02 1.481398e+06 3.597185e+05 -5.324935e+05 -2.541060e+05 2.807422e+06
1.379141e-02 1.475566e+06 3.666909e+05 -4.839401e+05 -2.362898e+05 2.840347e+06
1.385412e-02 1.465553e+06 3.725694e+05 -4.362277e+05 -2.160622e+05 2.856813e+06
1.391702e-02 1.459921e+06 3.810116e+05 -3.871554e+05 -1.935667e+05 2.880626e+06
1.397990e-02 1.450861e+06 3.857785e+05 -3.369294e+05 -1.748945e+05 2.905472e+06
1.404272e-02 1.441647e+06 3.922787e+05 -2.918141e+05 -1.552236e+05 2.927355e+06
1.410560e-02 1.432397e+06 3.975726e+05 -2.423775e+05 -1.333310e+05 2.948263e+06
1.416843e-02 1.423108e+06 4.035033e+05 -1.986939e+05 -1.106195e+05 2.963916e+06
1.423121e-02 1.414530e+06 4.086426e+05 -1.548648e+05 -9.019147e+04 2.987252e+06
1.429401e-02 1.401222e+06 4.118473e+05 -1.100379e+05 -7.199665e+04 3.003390e+06
1.435689e-02 1.392852e+06 4.169535e+05 -6.653282e+04 -4.890312e+04 3.023601e+06
1.441980e-02 1.380951e+06 4.199392e+05 -2.631176e+04 -2.828132e+04 3.035462e+06
1.448261e-02 1.371334e+06 4.236196e+05 1.701168e+04 -6.503948e+03 3.055021e+06
1.454538e-02 1.358042e+06 4.265879e+05 5.797176e+04 1.379629e+04 3.067610e+06
1.460822e-02 1.345401e+06 4.278863e+05 9.339144e+04 3.133112e+04 3.080573e+06
1.467115e-02 1.334107e+06 4.309711e+05 1.305744e+05 5.435793e+04 3.089139e+06
1.473401e-02 1.321360e+06 4.315384e+05 1.683029e+05 7.321121e+04 3.100470e+06
1.479676e-02 1.309354e+06 4.329022e+05 2.049606e+05 9.224929e+04 3.115470e+06
1.485961e-02 1.294399e+06 4.333762e+05 2.359781e+05 1.102318e+05 3.116795e+06
1.492239e-02 1.282503e+06 4.336063e+05 2.693557e+05 1.295137e+05 3.126548e+06
1.498506e-02 1.268062e+06 4.341949e+05 3.005490e+05 1.480465e+05 3.128940e+06
1.504789e-02 1.253656e+06 4.316724e+05 3.290477e+05 1.651575e+05 3.129954e+06
1.511078e-02 1.238778e+06 4.318092e+05 3.602227e+05 1.813219e+05 3.134839e+06
1.517364e-02 1.226621e+06 4.302350e+05 3.877898e+05 1.984668e+05 3.139475e+06
1.523654e-02 1.211783e+06 4.285827e+05 4.092979e+05 2.141875e+05 3.134969e+06
1.529942e-02 1.197079e+06 4.266083e+05 4.367527e+05 2.296041e+05 3.136919e+06
1.536235e-02 1.180952e+06 4.232568e+05 4.591378e+05 2.421840e+05 3.130875e+06
1.542517e-02 1.166951e+06 4.214128e+05 4.808368e+05 2.565435e+05 3.128576e+06
1.548789e-02 1.152914e+06 4.177075e+05 4.995249e+05 2.706358e+05 3.122315e+06
1.555076e-02 1.136453e+06 4.142823e+05 5.217981e+05 2.833387e+05 3.114267e+06
1.561359e-02 1.121906e+06 4.107137e+05 5.380819e+05 2.942768e+05 3.107481e+06
1.567632e-02 1.105042e+06 4.059726e+05 5.547837e+05 3.045503e+05 3.094985e+06
1.573917e-02 1.091541e+06 4.028097e+05 5.694831e+05 3.175448e+05 3.084629e+06
1.580208e-02 1.074419e+06 3.970000e+05 5.818124e+05 3.255499e+05 3.068977e+06
1.586491e-02 1.060117e+06 3.931881e+05 5.951655e+05 3.331216e+05 3.060699e+06
1.592764e-02 1.044854e+06 3.881031e+05 6.058498e+05 3.413782e+05 3.046894e+06
1.599049e-02 1.028787e+06 3.827125e+05 6.151966e+05 3.503664e+05 3.025164e+06
1.605344e-02 1.015041e+06 3.783476e+05 6.241799e+05 3.556024e+05 3.016119e+06
1.624590e-02 9.656066e+05 3.092601e+05 6.370564e+05 4.958275e+05 2.921927e+06
1.642530e-02 9.234907e+05 2.947526e+05 6.476809e+05 4.994689e+05 2.861544e+06
1.660477e-02 8.818692e+05 2.789913e+05 6.508598e+05 4.986302e+05 2.801072e+06
1.678430e-02 8.385558e+05 2.630910e+05 6.348214e+05 4.895902e+05 2.709479e+06
1.696359e-02 7.970200e+05 2.464959e+05 6.120264e+05 4.789589e+05 2.616359e+06
1.714294e-02 7.569126e+05 2.305152e+05 5.955321e+05 4.636231e+05 2.534289e+06
1.732202e-02 7.169366e+05 2.135213e+05 5.613999e+05 4.394797e+05 2.434382e+06
1.750141e-02 6.806500e+05 2.000120e+05 5.187459e+05 4.175453e+05 2.333128e+06
1.768181e-02 6.437426e+05 1.840752e+05 4.883376e+05 3.890277e+05 2.236258e+06
1.786131e-02 6.107391e+05 1.714263e+05 4.369595e+05 3.593448e+05 2.137201e+06
1.804025e-02 5.765552e+05 1.573435e+05 3.931659e+05 3.259001e+05 2.033594e+06
1.822032e-02 5.430909e+05 1.452846e+05 3.421270e+05 2.960636e+05 1.917879e+06
1.839987e-02 5.141819e+05 1.341067e+05 2.903220e+05 2.607680e+05 1.820271e+06
1.857923e-02 4.851306e+05 1.234248e+05 2.435432e+05 2.278382e+05 1.718239e+06
1.875889e-02 4.564452e+05 1.133046e+05 1.887110e+05 1.948809e+05 1.609950e+06
1.893827e-02 4.311721e+05 1.052979e+05 1.442642e+05 1.631821e+05 1.512874e+06
1.911768e-02 4.071312e+05 9.697926e+04 9.014957e+04 1.299206e+05 1.415578e+06
1.929737e-02 3.841459e+05 8.967761e+04 4.617379e+04 1.008705e+05 1.321853e+06
1.947670e-02 3.617211e+05 8.336314e+04 1.800280e+03 7.374949e+04 1.227250e+06
1.965601e-02 3.413570e+05 7.710076e+04 -4.162918e+04 4.693821e+04 1.137042e+06
1.983541e-02 3.227469e+05 7.247179e+04 -7.960335e+04 2.290242e+04 1.054383e+06
2.001489e-02 3.053495e+05 6.733081e+04 -1.153464e+05 7.024499e+02 9.774941e+05
2.019468e-02 2.885623e+05 6.341348e+04 -1.483715e+05 -1.900142e+04 8.984115e+05
2.037444e-02 2.734644e+05 5.968685e+04 -1.769158e+05 -3.625674e+04 8.278585e+05
2.055417e-02 2.596037e+05 5.622050e+04 -2.023216e+05 -5.178428e+04 7.631146e+05
2.073390e-02 2.468912e+05 5.369888e+04 -2.222217e+05 -6.423380e+04 7.026384e+05
2.091338e-02 2.349164e+05 5.098715e+04 -2.416906e+05 -7.518819e+04 6.463224e+05
2.109302e-02 2.244376e+05 4.884098e+04 -2.539040e+05 -8.415932e+04 5.971218e+05
2.127237e-02 2.144092e+05 4.673233e+04 -2.636257e+05 -9.017675e+04 5.518902e+05
2.145116e-02 2.060921e+05 4.529796e+04 -2.713227e+05 -9.585974e+04 5.143203e+05
2.163077e-02 1.974363e+05 4.381103e+04 -2.724558e+05 -9.826532e+04 4.777442e+05
2.181049e-02 1.909582e+05 4.241976e+04 -2.737127e+05 -1.002577e+05 4.506907e+05
2.198999e-02 1.843951e+05 4.190134e+04 -2.698834e+05 -1.000610e+05 4.261577e+05
2.216980e-02 1.788969e+05 4.073563e+04 -2.643798e+05 -9.939575e+04 4.082163e+05
2.234970e-02 1.735149e+05 4.004328e+04 -2.545866e+05 -9.681265e+04 3.929859e+05
2.252980e-02 1.690808e+05 3.951994e+04 -2.439929e+05 -9.341140e+04 3.827896e+05
2.270853e-02 1.653162e+05 3.913820e+04 -2.308665e+05 -8.893641e+04 3.767520e+05
2.288717e-02 1.610976e+05 3.868839e+04 -2.151298e+05 -8.388827e+04 3.733574e+05
2.306686e-02 1.586162e+05 3.821328e+04 -1.998627e+05 -7.830778e+04 3.754399e+05
2.324649e-02 1.552845e+05 3.801130e+04 -1.810633e+05 -7.183577e+04 3.781518e+05
2.342617e-02 1.530967e+05 3.776263e+04 -1.627517e+05 -6.508477e+04 3.851963e+05
2.360560e-02 1.504344e+05 3.741659e+04 -1.436648e+05 -5.833748e+04 3.926385e+05
2.378549e-02 1.482748e+05 3.716248e+04 -1.224718e+05 -5.085849e+04 4.032108e+05
2.396571e-02 1.466808e+05 3.676006e+04 -1.036302e+05 -4.328792e+04 4.149357e+05
2.414482e-02 1.444001e+05 3.643586e+04 -8.233812e+04 -3.612632e+04 4.267332e+05
2.432376e-02 1.428219e+05 3.583570e+04 -6.340496e+04 -2.853479e+04 4.396531e+05
2.450343e-02 1.409809e+05 3.536844e+04 -4.303249e+04 -2.121574e+04 4.529924e+05
2.468304e-02 1.394809e+05 3.482946e+04 -2.465926e+04 -1.422556e+04 4.661580e+05
2.486245e-02 1.377065e+05 3.407645e+04 -6.819524e+03 -7.287276e+03 4.787018e+05
2.504187e-02 1.356525e+05 3.331092e+04 1.115019e+04 -1.105187e+03 4.897460e+05
2.522156e-02 1.343933e+05 3.251962e+04 2.592446e+04 5.227126e+03 5.015271e+05
2.540110e-02 1.324571e+05 3.162753e+04 4.200166e+04 1.082087e+04 5.113062e+05
2.558029e-02 1.306033e+05 3.068479e+04 5.467120e+04 1.590085e+04 5.193432e+05
2.575992e-02 1.286283e+05 2.966013e+04 6.709276e+04 2.105533e+04 5.255490e+05
2.593954e-02 1.266967e+05 2.863236e+04 7.900068e+04 2.475310e+04 5.318559e+05
2.611933e-02 1.247233e+05 2.768673e+04 8.654719e+04 2.851491e+04 5.344733e+05
2.629913e-02 1.223634e+05 2.638246e+04 9.589205e+04 3.141015e+04 5.363081e+05
2.647853e-02 1.202486e+05 2.540299e+04 1.011847e+05 3.423697e+04 5.357519e+05
2.665812e-02 1.178296e+05 2.430632e+04 1.069495e+05 3.622263e+04 5.337229e+05
2.683805e-02 1.153544e+05 2.318377e+04 1.108086e+05 3.766299e+04 5.300747e+05
2.701719e-02 1.129636e+05 2.213998e+04 1.114714e+05 3.841021e+04 5.241376e+05
2.719620e-02 1.100586e+05 2.090697e+04 1.142530e+05 3.893854e+04 5.167110e+05
2.737553e-02 1.075097e+05 2.006460e+04 1.119915e+05 3.899220e+04 5.073423e+05
2.755538e-02 1.046554e+05 1.895154e+04 1.113527e+05 3.854097e+04 4.971798e+05
2.773538e-02 1.017403e+05 1.798523e+04 1.081967e+05 3.778352e+04 4.848046e+05
2.791455e-02 9.886233e+04 1.706260e+04 1.043535e+05 3.678688e+04 4.717159e+05
2.809381e-02 9.562881e+04 1.610276e+04 1.001819e+05 3.532049e+04 4.566864e+05
2.827308e-02 9.289618e+04 1.534295e+04 9.331132e+04 3.366614e+04 4.417164e+05
2.845277e-02 8.963974e+04 1.442255e+04 8.826925e+04 3.191170e+04 4.253486e+05
2.863250e-02 8.656035e+04 1.361437e+04 8.037740e+04 2.959456e+04 4.077625e+05
2.881166e-02 8.343571e+04 1.289212e+04 7.288195e+04 2.744434e+04 3.899887e+05
2.899137e-02 8.043525e+04 1.215359e+04 6.606318e+04 2.576340e+04 3.725801e+05
2.917126e-02 7.732886e+04 1.145765e+04 5.642706e+04 2.297668e+04 3.533517e+05
2.935071e-02 7.423548e+04 1.078133e+04 4.894307e+04 2.082113e+04 3.351113e+05
2.953030e-02 7.140236e+04 1.017834e+04 3.974369e+04 1.838122e+04 3.164963e+05
2.970997e-02 6.839864e+04 9.615988e+03 3.139094e+04 1.635236e+04 2.977766e+05
2.988940e-02 6.565346e+04 9.035037e+03 2.304767e+04 1.409272e+04 2.799538e+05
3.006874e-02 6.290408e+04 8.512105e+03 1.448050e+04 1.182693e+04 2.620104e+05
3.024815e-02 6.012850e+04 8.087795e+03 6.907612e+03 9.941846e+03 2.444976e+05
3.042767e-02 5.786408e+04 7.596824e+03 -1.749549e+03 7.862473e+03 2.282125e+05
3.060744e-02 5.535377e+04 7.184061e+03 -8.567867e+03 6.218831e+03 2.122869e+05
3.078708e-02 5.307286e+04 6.805470e+03 -1.578768e+04 4.304332e+03 1.969511e+05
3.096646e-02 5.095756e+04 6.478064e+03 -2.228466e+04 2.726980e+03 1.828742e+05
3.114600e-02 4.892298e+04 6.152961e+03 -2.789370e+04 1.418632e+03 1.697177e+05
3.132546e-02 4.721687e+04 5.873513e+03 -3.365344e+04 5.182122e+01 1.577035e+05
3.150520e-02 4.538823e+04 5.598535e+03 -3.822483e+04 -1.179949e+03 1.464256e+05
3.168484e-02 4.392052e+04 5.396332e+03 -4.252521e+04 -2.310644e+03 1.365896e+05
3.186375e-02 4.248788e+04 5.162909e+03 -4.598837e+04 -3.222180e+03 1.277992e+05
3.204302e-02 4.119194e+04 4.973897e+03 -4.864614e+04 -3.893464e+03 1.199048e+05
3.222277e-02 4.016351e+04 4.852456e+03 -5.123797e+04 -4.736839e+03 1.135267e+05
3.240259e-02 3.906036e+04 4.650206e+03 -5.240136e+04 -5.261817e+03 1.080002e+05
3.258186e-02 3.834265e+04 4.568777e+03 -5.371846e+04 -5.729529e+03 1.038000e+05
3.276123e-02 3.759414e+04 4.444366e+03 -5.388045e+04 -5.988915e+03 1.005089e+05
3.294133e-02 3.702781e+04 4.364870e+03 -5.375883e+04 -6.281240e+03 9.828494e+04
3.312088e-02 3.655613e+04 4.287399e+03 -5.291836e+04 -6.403977e+03 9.704837e+04
3.330035e-02 3.615479e+04 4.218751e+03 -5.147685e+04 -6.393093e+03 9.669592e+04
3.347992e-02 3.602041e+04 4.214912e+03 -5.002250e+04 -6.412193e+03 9.732975e+04
3.365971e-02 3.570631e+04 4.163918e+03 -4.738398e+04 -6.197300e+03 9.828285e+04
3.383927e-02 3.574687e+04 4.177396e+03 -4.511748e+04 -6.050578e+03 1.005374e+05
3.401835e-02 3.562358e+04 4.184995e+03 -4.186819e+04 -5.670729e+03 1.027897e+05
3.419757e-02 3.570435e+04 4.211378e+03 -3.868290e+04 -5.339260e+03 1.060435e+05
3.437723e-02 3.579378e+04 4.271910e+03 -3.525698e+04 -4.990298e+03 1.094574e+05
3.455683e-02 3.587561e+04 4.320328e+03 -3.131388e+04 -4.371140e+03 1.133179e+05
3.473619e-02 3.607462e+04 4.397173e+03 -2.771343e+04 -4.022707e+03 1.174770e+05
3.491584e-02 3.620191e+04 4.488814e+03 -2.365929e+04 -3.351309e+03 1.217449e+05
3.509556e-02 3.634803e+04 4.575251e+03 -1.962824e+04 -2.839738e+03 1.260975e+05
3.527533e-02 3.645881e+04 4.681275e+03 -1.562739e+04 -2.241431e+03 1.303625e+05
3.545456e-02 3.660715e+04 4.797548e+03 -1.152064e+04 -1.418650e+03 1.348188e+05
3.563370e-02 3.668041e+04 4.894085e+03 -8.066798e+03 -1.108023e+03 1.387882e+05
3.581332e-02 3.678026e+04 4.999987e+03 -3.987520e+03 -2.450208e+02 1.430351e+05
3.599287e-02 3.677359e+04 5.093016e+03 -6.636322e+02 2.903977e+02 1.465712e+05
3.617240e-02 3.675014e+04 5.184649e+03 2.617429e+03 9.110290e+02 1.498980e+05
3.635196e-02 3.658712e+04 5.256220e+03 5.931772e+03 1.595739e+03 1.526296e+05
3.653161e-02 3.653855e+04 5.318031e+03 8.591750e+03 2.075172e+03 1.555330e+05
3.671117e-02 3.632737e+04 5.357468e+03 1.132349e+04 2.718314e+03 1.576375e+05
3.689084e-02 3.604158e+04 5.378198e+03 1.337453e+04 3.150975e+03 1.590457e+05
3.707056e-02 3.574024e+04 5.371735e+03 1.532006e+04 3.630092e+03 1.601939e+05
3.724984e-02 3.531907e+04 5.341401e+03 1.700958e+04 4.069960e+03 1.605856e+05
3.742914e-02 3.498582e+04 5.309788e+03 1.811295e+04 4.393902e+03 1.609775e+05
3.760871e-02 3.436441e+04 5.208771e+03 1.923409e+04 4.718139e+03 1.599080e+05
3.778826e-02 3.391953e+04 5.152642e+03 1.957635e+04 4.951368e+03 1.591432e+05
3.796764e-02 3.329131e+04 5.009112e+03 2.007207e+04 5.148674e+03 1.575444e+05
3.814709e-02 3.270210e+04 4.902428e+03 1.991495e+04 5.232256e+03 1.555373e+05
3.832696e-02 3.195607e+04 4.741784e+03 1.947701e+04 5.233460e+03 1.525683e+05
3.850665e-02 3.123724e+04 4.568051e+03 1.900712e+04 5.192033e+03 1.496095e+05
3.868582e-02 3.056160e+04 4.432409e+03 1.798077e+04 5.108146e+03 1.463429e+05
3.886530e-02 2.973370e+04 4.223254e+03 1.694436e+04 4.914856e+03 1.423581e+05
3.904481e-02 2.894721e+04 4.057436e+03 1.544820e+04 4.676737e+03 1.380584e+05
3.922441e-02 2.812555e+04 3.865821e+03 1.392673e+04 4.352469e+03 1.335790e+05
3.940396e-02 2.736178e+04 3.692062e+03 1.229461e+04 4.007074e+03 1.291303e+05
3.958316e-02 2.646654e+04 3.513370e+03 1.018168e+04 3.545830e+03 1.237531e+05
3.976287e-02 2.563050e+04 3.337462e+03 8.328956e+03 3.116060e+03 1.187095e+05
3.994250e-02 2.483355e+04 3.170529e+03 6.156135e+03 2.577683e+03 1.135982e+05
4.012200e-02 2.398714e+04 3.024613e+03 4.016729e+03 2.064372e+03 1.082079e+05
4.030171e-02 2.314629e+04 2.873760e+03 1.854714e+03 1.501933e+03 1.027882e+05
4.048123e-02 2.236436e+04 2.746351e+03 -3.810900e+02 9.081013e+02 9.757161e+04
4.066058e-02 2.157472e+04 2.642275e+03 -2.535288e+03 3.525805e+02 9.237820e+04
4.084001e-02 2.078297e+04 2.520634e+03 -4.723128e+03 -2.598924e+02 8.704866e+04
4.101966e-02 2.003776e+04 2.448289e+03 -6.680120e+03 -7.862940e+02 8.218109e+04
4.119937e-02 1.930148e+04 2.354464e+03 -8.741056e+03 -1.367579e+03 7.718636e+04
4.137874e-02 1.863809e+04 2.302779e+03 -1.053365e+04 -1.871140e+03 7.278182e+04
4.155813e-02 1.794535e+04 2.253423e+03 -1.225857e+04 -2.363190e+03 6.829128e+04
4.173777e-02 1.732068e+04 2.205449e+03 -1.388685e+04 -2.847181e+03 6.416740e+04
4.191752e-02 1.670844e+04 2.180505e+03 -1.527471e+04 -3.243628e+03 6.032532e+04
4.209699e-02 1.616963e+04 2.154532e+03 -1.657109e+04 -3.641108e+03 5.682394e+04
4.227635e-02 1.562162e+04 2.148424e+03 -1.758537e+04 -3.938364e+03 5.362966e+04
4.245594e-02 1.511829e+04 2.132139e+03 -1.847230e+04 -4.214895e+03 5.064631e+04
4.263530e-02 1.467996e+04 2.130978e+03 -1.916796e+04 -4.445775e+03 4.817999e+04
4.281442e-02 1.424782e+04 2.123290e+03 -1.962792e+04 -4.593240e+03 4.589482e+04
4.299392e-02 1.389886e+04 2.133535e+03 -2.002423e+04 -4.719871e+03 4.411090e+04
4.317364e-02 1.352516e+04 2.121454e+03 -2.002200e+04 -4.762135e+03 4.249375e+04
4.335324e-02 1.325098e+04 2.126650e+03 -2.003235e+04 -4.786408e+03 4.137461e+04
4.353285e-02 1.298642e+04 2.116446e+03 -1.976288e+04 -4.741952e+03 4.049647e+04
4.371256e-02 1.274522e+04 2.104900e+03 -1.931022e+04 -4.651985e+03 3.991554e+04
4.389237e-02 1.255929e+04 2.092773e+03 -1.875304e+04 -4.506004e+03 3.964735e+04
4.407181e-02 1.239361e+04 2.064170e+03 -1.796287e+04 -4.342439e+03 3.966165e+04
4.425100e-02 1.229567e+04 2.047673e+03 -1.718427e+04 -4.137951e+03 4.002068e+04
4.443069e-02 1.218102e+04 2.008722e+03 -1.609433e+04 -3.891270e+03 4.047796e+04
4.461032e-02 1.211531e+04 1.970444e+03 -1.502206e+04 -3.630595e+03 4.123128e+04
4.478953e-02 1.209159e+04 1.927052e+03 -1.383385e+04 -3.321455e+03 4.216902e+04
4.496901e-02 1.206423e+04 1.875087e+03 -1.248887e+04 -3.007798e+03 4.326896e+04
4.514874e-02 1.209944e+04 1.822724e+03 -1.125577e+04 -2.691652e+03 4.453870e+04
4.532821e-02 1.210834e+04 1.763581e+03 -9.778134e+03 -2.341464e+03 4.585185e+04
4.550745e-02 1.216858e+04 1.705124e+03 -8.433899e+03 -2.014380e+03 4.730712e+04
4.568707e-02 1.222681e+04 1.642190e+03 -6.977541e+03 -1.654341e+03 4.878994e+04
4.586694e-02 1.230557e+04 1.582035e+03 -5.533501e+03 -1.306020e+03 5.036685e+04
4.617836e-02 1.250049e+04 1.130988e+03 -3.205154e+03 4.408638e+02 5.308105e+04
4.680927e-02 1.271724e+04 9.479754e+02 1.095932e+03 1.434077e+03 5.758683e+04
4.743756e-02 1.288386e+04 8.527399e+02 4.455478e+03 2.145456e+03 6.086926e+04
4.806661e-02 1.290255e+04 8.033609e+02 6.459575e+03 2.602318e+03 6.251234e+04
4.869280e-02 1.262679e+04 8.401705e+02 6.612392e+03 2.599608e+03 6.142905e+04
4.931779e-02 1.191096e+04 8.539420e+02 5.733391e+03 2.344557e+03 5.764089e+04
4.994581e-02 1.112751e+04 9.016757e+02 3.788666e+03 1.899314e+03 5.276751e+04
5.057480e-02 1.005319e+04 9.010994e+02 9.844420e+02 1.205972e+03 4.604529e+04
5.120302e-02 9.000830e+03 8.734261e+02 -2.113912e+03 4.846672e+02 3.911636e+04
5.183209e-02 7.864290e+03 8.095875e+02 -5.037573e+03 -1.746222e+02 3.194886e+04
5.246116e-02 6.928274e+03 7.196472e+02 -7.465202e+03 -7.310883e+02 2.594698e+04
5.308896e-02 6.203631e+03 6.209045e+02 -9.070112e+03 -1.151323e+03 2.144078e+04
5.371721e-02 5.711068e+03 5.193290e+02 -9.721356e+03 -1.345700e+03 1.861009e+04
5.434780e-02 5.469249e+03 4.501635e+02 -9.366129e+03 -1.357469e+03 1.755967e+04
5.497604e-02 5.429567e+03 4.118324e+02 -8.128911e+03 -1.180961e+03 1.811863e+04
5.560013e-02 5.579235e+03 4.137028e+02 -6.194961e+03 -8.958832e+02 2.009598e+04
5.622954e-02 5.795298e+03 4.330201e+02 -3.787191e+03 -4.881328e+02 2.283780e+04
5.686173e-02 6.052458e+03 4.902879e+02 -1.364726e+03 -5.922920e+01 2.591834e+04
5.748940e-02 6.242991e+03 5.199253e+02 9.546340e+02 3.045624e+02 2.877285e+04
5.811669e-02 6.380544e+03 5.499605e+02 2.778580e+03 6.311219e+02 3.103003e+04
5.874554e-02 6.316885e+03 5.517980e+02 4.046814e+03 8.841837e+02 3.201643e+04
5.937282e-02 6.190763e+03 5.335261e+02 4.501317e+03 9.287702e+02 3.208360e+04
6.000021e-02 5.908727e+03 4.939649e+02 4.340058e+03 8.963790e+02 3.089439e+04
6.062750e-02 5.516705e+03 4.460796e+02 3.528819e+03 7.602552e+02 2.861853e+04
6.125597e-02 5.064965e+03 3.878145e+02 2.220409e+03 5.390787e+02 2.561579e+04
6.188682e-02 4.580917e+03 3.320053e+02 7.548237e+02 3.086802e+02 2.224480e+04
6.251462e-02 4.108248e+03 2.869503e+02 -9.072887e+02 6.974178e+01 1.872034e+04
6.314049e-02 3.666223e+03 2.465408e+02 -2.318339e+03 -1.127501e+02 1.546298e+04
6.377015e-02 3.315598e+03 2.101127e+02 -3.455518e+03 -2.456094e+02 1.283206e+04
6.439971e-02 3.062221e+03 1.861012e+02 -4.195984e+03 -3.302839e+02 1.095798e+04
6.502803e-02 2.905738e+03 1.682809e+02 -4.456137e+03 -3.331171e+02 9.938179e+03
6.565852e-02 2.837358e+03 1.522304e+02 -4.255316e+03 -3.022648e+02 9.691350e+03
6.628652e-02 2.865529e+03 1.466150e+02 -3.707245e+03 -2.167989e+02 1.021399e+04
6.691319e-02 2.936541e+03 1.539885e+02 -2.904254e+03 -1.037956e+02 1.117329e+04
6.754195e-02 3.035551e+03 1.641085e+02 -1.949920e+03 6.418729e+00 1.241782e+04
6.816923e-02 3.123041e+03 1.730409e+02 -1.046479e+03 1.018221e+02 1.360973e+04
6.879707e-02 3.171121e+03 1.862386e+02 -3.124105e+02 1.974551e+02 1.449649e+04
6.942589e-02 3.184766e+03 1.964331e+02 2.061256e+02 2.449916e+02 1.506870e+04
7.005350e-02 3.126100e+03 1.931225e+02 4.061356e+02 2.545785e+02 1.504402e+04
7.068149e-02 2.995287e+03 1.898437e+02 3.041917e+02 2.280928e+02 1.440861e+04
7.131092e-02 2.823544e+03 1.835249e+02 -9.631222e+01 1.620199e+02 1.333972e+04
7.194060e-02 2.611542e+03 1.701690e+02 -6.780918e+02 7.014748e+01 1.191730e+04
7.256947e-02 2.378794e+03 1.602209e+02 -1.372472e+03 -3.147129e+01 1.029218e+04
7.319738e-02 2.142974e+03 1.489742e+02 -2.084319e+03 -1.353820e+02 8.625329e+03
7.382604e-02 1.934447e+03 1.401697e+02 -2.674098e+03 -2.172011e+02 7.178630e+03
7.445392e-02 1.767667e+03 1.305147e+02 -3.105869e+03 -2.781709e+02 6.050610e+03
7.507965e-02 1.648651e+03 1.243527e+02 -3.294976e+03 -3.038375e+02 5.341002e+03
7.570782e-02 1.579773e+03 1.147613e+02 -3.207753e+03 -2.929605e+02 5.072405e+03
7.633697e-02 1.578630e+03 1.060873e+02 -2.919833e+03 -2.574934e+02 5.293955e+03
7.696614e-02 1.615094e+03 9.769836e+01 -2.394719e+03 -1.925848e+02 5.860641e+03
7.759521e-02 1.687780e+03 9.104670e+01 -1.764152e+03 -1.146941e+02 6.687836e+03
7.822404e-02 1.776299e+03 8.666551e+01 -1.058644e+03 -3.321887e+01 7.638590e+03
7.885455e-02 1.858893e+03 8.539399e+01 -4.016548e+02 4.443672e+01 8.523932e+03
7.948034e-02 1.926760e+03 9.026277e+01 1.508009e+02 1.120960e+02 9.270327e+03
8.010544e-02 1.949958e+03 9.466993e+01 5.358750e+02 1.508285e+02 9.693746e+03
8.073519e-02 1.942312e+03 1.009216e+02 7.061243e+02 1.760190e+02 9.807663e+03
8.136420e-02 1.885563e+03 1.058436e+02 7.006355e+02 1.718617e+02 9.568181e+03
8.199246e-02 1.792684e+03 1.085145e+02 4.764936e+02 1.526459e+02 8.995257e+03
8.262013e-02 1.661609e+03 1.026789e+02 1.150216e+02 1.067419e+02 8.125432e+03
8.325004e-02 1.521999e+03 9.493194e+01 -3.286402e+02 5.677407e+01 7.154809e+03
8.388076e-02 1.379461e+03 8.140911e+01 -8.081033e+02 -2.897128e-01 6.116429e+03
8.450772e-02 1.253451e+03 6.662966e+01 -1.234134e+03 -5.437444e+01 5.178294e+03
8.513407e-02 1.151984e+03 5.188207e+01 -1.565294e+03 -9.960376e+01 4.406080e+03
8.576290e-02 1.083103e+03 4.267003e+01 -1.746908e+03 -1.283986e+02 3.885527e+03
8.639170e-02 1.052981e+03 3.891065e+01 -1.781534e+03 -1.426415e+02 3.660951e+03
8.701933e-02 1.049417e+03 4.149284e+01 -1.644779e+03 -1.384482e+02 3.701694e+03
8.764729e-02 1.075057e+03 4.964427e+01 -1.377799e+03 -1.202624e+02 3.998056e+03
8.827546e-02 1.118052e+03 6.012996e+01 -1.016365e+03 -8.887974e+01 4.479415e+03
8.890360e-02 1.165623e+03 6.876026e+01 -5.978105e+02 -4.554627e+01 5.046979e+03
8.953185e-02 1.208761e+03 7.466531e+01 -1.879917e+02 -7.275587e+00 5.602478e+03
9.016049e-02 1.239476e+03 7.780114e+01 1.715053e+02 3.817357e+01 6.068692e+03
9.078921e-02 1.256775e+03 7.565260e+01 4.386989e+02 6.636544e+01 6.409239e+03
9.141859e-02 1.247457e+03 7.183413e+01 5.654815e+02 8.790355e+01 6.498228e+03
9.204760e-02 1.214846e+03 6.402590e+01 5.705196e+02 9.512738e+01 6.374816e+03
9.267535e-02 1.162375e+03 5.784971e+01 4.381879e+02 9.012585e+01 6.036639e+03
9.330406e-02 1.089302e+03 5.025882e+01 2.153630e+02 7.103850e+01 5.511054e+03
9.393390e-02 1.007374e+03 4.530925e+01 -8.932235e+01 4.409710e+01 4.872064e+03
9.456102e-02 9.189371e+02 4.085003e+01 -4.227954e+02 1.139024e+01 4.173246e+03
9.518740e-02 8.339296e+02 3.832657e+01 -7.367039e+02 -2.083166e+01 3.504261e+03
9.581568e-02 7.635500e+02 3.551376e+01 -1.013097e+03 -5.250858e+01 2.933974e+03
9.644552e-02 7.029878e+02 3.468066e+01 -1.195026e+03 -7.394870e+01 2.487132e+03
9.707482e-02 6.649117e+02 3.382317e+01 -1.286727e+03 -8.838765e+01 2.221103e+03
9.770146e-02 6.476907e+02 3.448869e+01 -1.276879e+03 -9.346057e+01 2.138475e+03
9.832882e-02 6.458316e+02 3.561081e+01 -1.168062e+03 -8.805195e+01 2.209738e+03
9.895640e-02 6.630333e+02 3.705072e+01 -9.991244e+02 -7.664363e+01 2.427680e+03
9.958504e-02 6.835389e+02 3.869726e+01 -7.725206e+02 -6.126531e+01 2.710086e+03
1.002139e-01 7.086087e+02 3.927454e+01 -5.445264e+02 -4.215489e+01 3.020433e+03
1.008411e-01 7.289854e+02 4.012686e+01 -3.269418e+02 -2.158534e+01 3.299610e+03
1.014708e-01 7.427614e+02 3.902915e+01 -1.534109e+02 -9.468727e+00 3.511583e+03
1.021003e-01 7.435055e+02 3.839481e+01 -5.547964e+01 2.645213e+00 3.602822e+03
1.027279e-01 7.294321e+02 3.700701e+01 -1.852523e+01 6.535890e+00 3.571972e+03
1.033572e-01 7.026246e+02 3.592082e+01 -6.758031e+01 5.442418e+00 3.409864e+03
1.039858e-01 6.643861e+02 3.306717e+01 -1.620559e+02 -7.843415e-01 3.153778e+03
1.046130e-01 6.182990e+02 3.142392e+01 -3.103557e+02 -9.595662e+00 2.817806e+03
1.052407e-01 5.693315e+02 2.807427e+01 -4.761451e+02 -2.291262e+01 2.450828e+03
1.058684e-01 5.222435e+02 2.545222e+01 -6.324570e+02 -3.470899e+01 2.092068e+03
1.064969e-01 4.831018e+02 2.348767e+01 -7.683536e+02 -4.530514e+01 1.794603e+03
1.071273e-01 4.527953e+02 2.178081e+01 -8.512740e+02 -5.393313e+01 1.571913e+03
1.077558e-01 4.348025e+02 2.024745e+01 -8.803514e+02 -5.882620e+01 1.457751e+03
1.083828e-01 4.295433e+02 2.045876e+01 -8.497769e+02 -5.831583e+01 1.448886e+03
1.090114e-01 4.351860e+02 2.030658e+01 -7.639231e+02 -5.326908e+01 1.542275e+03
1.096397e-01 4.501283e+02 2.022219e+01 -6.375191e+02 -4.389712e+01 1.713186e+03
1.102684e-01 4.689903e+02 2.060053e+01 -4.830645e+02 -3.148804e+01 1.925026e+03
1.108970e-01 4.900406e+02 2.094302e+01 -3.304591e+02 -1.686793e+01 2.149491e+03
1.115233e-01 5.081934e+02 2.123406e+01 -1.915745e+02 -3.777187e+00 2.348648e+03
1.121508e-01 5.196496e+02 2.155358e+01 -7.852109e+01 7.415905e+00 2.495902e+03
1.127798e-01 5.221574e+02 2.211276e+01 -1.761360e+01 1.476151e+01 2.558637e+03
1.134097e-01 5.150823e+02 2.220357e+01 1.889213e+00 1.759397e+01 2.545203e+03
1.140373e-01 4.990113e+02 2.211813e+01 -3.803018e+01 1.261272e+01 2.441932e+03
1.146647e-01 4.732278e+02 2.141262e+01 -1.057508e+02 9.242539e+00 2.270598e+03
1.152948e-01 4.435907e+02 2.049153e+01 -2.052133e+02 -1.419208e+00 2.054691e+03
1.159235e-01 4.118735e+02 1.869526e+01 -3.177468e+02 -1.098876e+01 1.816781e+03
1.165517e-01 3.810902e+02 1.670661e+01 -4.195711e+02 -2.053806e+01 1.587752e+03
1.171799e-01 3.568934e+02 1.525409e+01 -5.061972e+02 -2.727922e+01 1.402016e+03
1.178092e-01 3.382694e+02 1.291012e+01 -5.538700e+02 -3.173111e+01 1.267801e+03
1.184382e-01 3.301600e+02 1.171930e+01 -5.657955e+02 -3.259911e+01 1.213894e+03
1.190649e-01 3.300142e+02 1.108841e+01 -5.322647e+02 -3.026647e+01 1.230482e+03
1.196918e-01 3.379871e+02 1.077328e+01 -4.617207e+02 -2.468012e+01 1.317428e+03
1.203206e-01 3.522530e+02 1.100729e+01 -3.620578e+02 -1.794040e+01 1.458594e+03
1.209492e-01 3.699284e+02 1.213874e+01 -2.444273e+02 -9.071592e+00 1.630871e+03
1.215770e-01 3.882248e+02 1.350606e+01 -1.271571e+02 -1.088790e+00 1.811444e+03
1.222060e-01 4.021884e+02 1.505537e+01 -1.867924e+01 4.530194e+00 1.966691e+03
1.228351e-01 4.121112e+02 1.642600e+01 6.541753e+01 9.689952e+00 2.083996e+03
1.234639e-01 4.146638e+02 1.779721e+01 1.168736e+02 1.305988e+01 2.143901e+03
1.240910e-01 4.086217e+02 1.821639e+01 1.296164e+02 1.209446e+01 2.132139e+03
1.247182e-01 3.953029e+02 1.811346e+01 1.043744e+02 8.787703e+00 2.053073e+03
1.253470e-01 3.765155e+02 1.744544e+01 4.963051e+01 4.046445e+00 1.923389e+03
1.259754e-01 3.531227e+02 1.622194e+01 -3.017633e+01 -2.663706e+00 1.748445e+03
1.266036e-01 3.273174e+02 1.421839e+01 -1.224484e+02 -9.983599e+00 1.547926e+03
1.272319e-01 3.030249e+02 1.245449e+01 -2.119488e+02 -1.715215e+01 1.351972e+03
1.278607e-01 2.827118e+02 1.108472e+01 -2.903996e+02 -2.445372e+01 1.182126e+03
1.284890e-01 2.666371e+02 1.028854e+01 -3.449527e+02 -2.987896e+01 1.049421e+03
1.291182e-01 2.567333e+02 1.059347e+01 -3.699732e+02 -3.321416e+01 9.710103e+02
1.297470e-01 2.524609e+02 1.193931e+01 -3.614764e+02 -3.398682e+01 9.478292e+02
1.303744e-01 2.533633e+02 1.390114e+01 -3.232599e+02 -3.250475e+01 9.818417e+02
1.310022e-01 2.590584e+02 1.612206e+01 -2.617899e+02 -2.906978e+01 1.061711e+03
1.316312e-01 2.656295e+02 1.805613e+01 -1.817373e+02 -2.248252e+01 1.165998e+03
1.322597e-01 2.736652e+02 1.923149e+01 -9.921957e+01 -1.582913e+01 1.285351e+03
1.328871e-01 2.805739e+02 1.913707e+01 -1.824491e+01 -9.549044e+00 1.397423e+03
1.335151e-01 2.854540e+02 1.800335e+01 4.394640e+01 -3.292032e+00 1.485254e+03
1.341448e-01 2.851357e+02 1.623556e+01 8.569179e+01 1.339201e+00 1.527909e+03
1.347734e-01 2.817395e+02 1.373225e+01 1.020833e+02 3.121062e+00 1.531201e+03
1.354003e-01 2.743648e+02 1.121034e+01 8.662561e+01 3.152579e+00 1.486391e+03
1.360284e-01 2.625445e+02 9.273467e+00 5.340845e+01 2.382169e+00 1.399463e+03
1.366568e-01 2.481821e+02 7.446039e+00 -7.206393e+00 -5.495769e-01 1.276480e+03
1.372858e-01 2.311662e+02 6.792937e+00 -7.408888e+01 -3.757309e+00 1.133035e+03
1.379142e-01 2.149779e+02 6.440849e+00 -1.460542e+02 -7.491623e+00 9.883122e+02
1.385416e-01 1.990794e+02 6.567550e+00 -2.104769e+02 -1.082337e+01 8.514478e+02
1.391708e-01 1.853682e+02 6.763666e+00 -2.613681e+02 -1.387837e+01 7.390196e+02
1.397994e-01 1.761423e+02 7.215213e+00 -2.950715e+02 -1.601938e+01 6.623033e+02
1.404273e-01 1.701502e+02 7.149487e+00 -3.039450e+02 -1.696068e+01 6.224950e+02
1.410561e-01 1.685113e+02 7.158422e+00 -2.927854e+02 -1.698726e+01 6.225331e+02
1.416844e-01 1.710953e+02 6.919715e+00 -2.633696e+02 -1.563879e+01 6.579022e+02
1.423121e-01 1.762096e+02 6.840645e+00 -2.199712e+02 -1.311266e+01 7.165339e+02
1.429401e-01 1.826164e+02 6.786634e+00 -1.709550e+02 -1.055404e+01 7.874286e+02
1.435692e-01 1.893396e+02 6.720002e+00 -1.208170e+02 -6.743027e+00 8.591616e+02
1.441983e-01 1.948236e+02 6.908326e+00 -7.987570e+01 -3.823358e+00 9.195504e+02
1.448262e-01 1.979606e+02 7.241842e+00 -4.948305e+01 -1.722229e+00 9.590426e+02
1.454539e-01 1.977350e+02 7.405633e+00 -3.532880e+01 -5.187868e-01 9.695576e+02
1.460823e-01 1.940058e+02 7.949468e+00 -3.924227e+01 -7.668506e-01 9.493925e+02
1.467115e-01 1.872285e+02 8.221185e+00 -5.641854e+01 -2.368784e+00 9.046889e+02
1.473399e-01 1.779450e+02 8.319514e+00 -8.650433e+01 -5.039388e+00 8.375080e+02
1.479676e-01 1.669977e+02 8.282684e+00 -1.233530e+02 -8.065305e+00 7.568876e+02
1.485964e-01 1.555191e+02 8.054029e+00 -1.620005e+02 -1.165766e+01 6.716526e+02
1.492243e-01 1.452154e+02 7.359873e+00 -1.973583e+02 -1.466074e+01 5.950700e+02
1.498507e-01 1.367190e+02 6.949431e+00 -2.232537e+02 -1.689952e+01 5.321853e+02
1.504788e-01 1.307569e+02 6.259538e+00 -2.385937e+02 -1.781948e+01 4.904677e+02
1.511078e-01 1.277767e+02 5.800923e+00 -2.390513e+02 -1.805634e+01 4.719894e+02
1.517364e-01 1.276028e+02 5.418283e+00 -2.281953e+02 -1.639373e+01 4.786506e+02
1.523652e-01 1.300226e+02 5.151006e+00 -2.062562e+02 -1.408747e+01 5.048577e+02
1.529942e-01 1.335482e+02 5.098974e+00 -1.768349e+02 -1.097951e+01 5.445805e+02
1.536237e-01 1.383553e+02 4.972099e+00 -1.453188e+02 -7.506226e+00 5.906981e+02
1.542519e-01 1.420547e+02 5.052812e+00 -1.144822e+02 -4.087365e+00 6.335571e+02
1.548791e-01 1.455818e+02 4.807124e+00 -9.170253e+01 -1.184538e+00 6.682457e+02
1.555078e-01 1.461447e+02 5.019120e+00 -7.510877e+01 -9.445817e-02 6.841744e+02
1.561363e-01 1.450302e+02 4.807405e+00 -7.220268e+01 4.135550e-01 6.813956e+02
1.567636e-01 1.416301e+02 5.252426e+00 -7.882130e+01 -8.443648e-01 6.591748e+02
1.573916e-01 1.359479e+02 5.147114e+00 -9.512964e+01 -3.984746e+00 6.191669e+02
1.580207e-01 1.290330e+02 5.700843e+00 -1.191207e+02 -6.996625e+00 5.663189e+02
1.586492e-01 1.208505e+02 5.917639e+00 -1.449548e+02 -1.076191e+01 5.066597e+02
1.592766e-01 1.131151e+02 6.178623e+00 -1.708180e+02 -1.441736e+01 4.486447e+02
1.599049e-01 1.056838e+02 6.211601e+00 -1.904760e+02 -1.674517e+01 3.982192e+02
1.605344e-01 1.002442e+02 6.316483e+00 -2.033074e+02 -1.807946e+01 3.622129e+02
1.624649e-01 9.743475e+01 3.312622e+00 -1.771810e+02 -9.017941e+00 3.685364e+02
1.642557e-01 1.087454e+02 1.606568e+00 -9.971264e+01 5.168047e-01 4.799629e+02
1.660459e-01 1.194265e+02 1.116298e+00 -4.151834e+01 4.708433e+00 5.693227e+02
1.678421e-01 1.152965e+02 2.350162e+00 -5.029629e+01 2.117673e+00 5.401562e+02
1.696353e-01 9.838295e+01 3.714241e+00 -1.086046e+02 -2.713316e+00 4.172232e+02
1.714286e-01 8.333853e+01 3.423062e+00 -1.552651e+02 -5.635037e+00 3.115673e+02
1.732198e-01 7.902770e+01 3.045554e+00 -1.466240e+02 -5.218398e+00 3.062605e+02
1.750152e-01 8.351801e+01 2.156249e+00 -1.024190e+02 -1.663008e+00 3.683100e+02
1.768177e-01 8.542332e+01 1.382486e+00 -7.603503e+01 1.446136e+00 3.999537e+02
1.786121e-01 7.794542e+01 1.662180e+00 -9.826154e+01 -5.991722e-01 3.434074e+02
1.804030e-01 6.643439e+01 2.486271e+00 -1.391433e+02 -5.398256e+00 2.550989e+02
1.822028e-01 6.204101e+01 2.161044e+00 -1.350203e+02 -6.354248e+00 2.379985e+02
1.839998e-01 7.395866e+01 1.424595e+00 -6.219624e+01 -2.173221e+00 3.484384e+02
1.857937e-01 9.331536e+01 1.111255e+00 4.303699e+01 4.152586e+00 5.205465e+02
1.875926e-01 1.036980e+02 1.322738e+00 1.022349e+02 8.339105e+00 6.142492e+02
1.893867e-01 9.792409e+01 1.481799e+00 7.470202e+01 8.842826e+00 5.598703e+02
1.911794e-01 7.818461e+01 1.734755e+00 -1.610960e+01 3.040175e+00 3.888313e+02
1.929763e-01 5.907417e+01 2.222164e+00 -9.294251e+01 -4.533115e+00 2.334323e+02
1.947689e-01 5.256426e+01 2.621101e+00 -1.043881e+02 -6.700725e+00 1.948146e+02
1.965614e-01 5.800835e+01 2.342870e+00 -5.449785e+01 -4.343573e+00 2.625360e+02
1.983545e-01 6.567472e+01 1.979830e+00 -7.640200e-01 4.357262e-01 3.455356e+02
2.001492e-01 6.464617e+01 1.876219e+00 6.923384e+00 2.537157e+00 3.502463e+02
2.019476e-01 5.424186e+01 1.414778e+00 -3.261841e+01 1.811525e+00 2.700189e+02
2.037448e-01 4.408203e+01 6.145588e-01 -7.733642e+01 -1.417122e+00 1.823019e+02
2.055436e-01 4.123084e+01 4.576342e-01 -8.675997e+01 -2.922619e+00 1.569003e+02
2.073409e-01 4.560543e+01 1.415610e+00 -5.802103e+01 -2.021547e+00 2.009547e+02
2.091331e-01 4.984169e+01 1.581599e+00 -2.520913e+01 9.391885e-01 2.519183e+02
2.109295e-01 4.857973e+01 1.026110e+00 -2.070586e+01 1.978905e+00 2.506974e+02
2.127243e-01 4.190793e+01 5.421604e-01 -4.754602e+01 -6.746116e-01 1.962535e+02
2.145132e-01 3.551873e+01 4.610485e-01 -7.538194e+01 -2.961185e+00 1.361903e+02
2.163084e-01 3.359274e+01 1.172553e+00 -7.749505e+01 -3.026811e+00 1.208407e+02
2.181043e-01 3.619184e+01 2.005724e+00 -5.241704e+01 -2.720042e+00 1.546817e+02
2.198991e-01 3.849685e+01 1.942652e+00 -2.654714e+01 -1.601587e+00 1.921857e+02
2.216975e-01 3.711991e+01 8.363689e-01 -2.367678e+01 -9.879098e-02 1.910767e+02
2.234966e-01 3.278881e+01 -1.044956e-01 -4.308771e+01 9.098788e-01 1.520165e+02
2.252970e-01 2.937312e+01 -2.809546e-01 -6.217033e+01 6.567398e-01 1.162361e+02
2.270852e-01 2.939713e+01 3.640863e-01 -5.930818e+01 2.332063e-01 1.173332e+02
2.288723e-01 3.282138e+01 1.127518e+00 -3.688658e+01 -9.978705e-01 1.527773e+02
2.306695e-01 3.522828e+01 1.082426e+00 -1.576811e+01 -9.626646e-01 1.838610e+02
2.324665e-01 3.392531e+01 8.069190e-01 -1.565503e+01 3.231752e-01 1.773933e+02
2.342627e-01 2.900346e+01 2.631593e-01 -3.597641e+01 1.003687e-02 1.362121e+02
2.360563e-01 2.456507e+01 3.093649e-01 -5.439938e+01 -6.469460e-01 9.710819e+01
2.378553e-01 2.412181e+01 7.258265e-01 -5.499103e+01 -1.557862e+00 9.433144e+01
2.396569e-01 2.640340e+01 1.213927e+00 -3.599379e+01 -1.633562e+00 1.219320e+02
2.414498e-01 2.832324e+01 9.976078e-01 -1.851667e+01 -9.469415e-01 1.478552e+02
2.432397e-01 2.744721e+01 6.328809e-01 -1.736460e+01 -6.564354e-01 1.447474e+02
2.450345e-01 2.374527e+01 9.374227e-01 -2.933957e+01 -1.544435e+00 1.165224e+02
2.468308e-01 2.033041e+01 8.209881e-01 -3.987143e+01 -2.016703e+00 9.200245e+01
2.486244e-01 2.007364e+01 7.369082e-01 -3.559171e+01 -1.694578e+00 9.279594e+01
2.504185e-01 2.259172e+01 5.034465e-01 -1.882580e+01 -8.319991e-01 1.163189e+02
2.522154e-01 2.505169e+01 1.052852e-01 -6.450305e+00 -2.913992e-01 1.355736e+02
2.540114e-01 2.442711e+01 2.950370e-02 -9.566879e+00 1.086193e+00 1.274048e+02
2.558058e-01 2.100586e+01 3.428107e-01 -2.650603e+01 1.113817e+00 9.626472e+01
2.576012e-01 1.732584e+01 5.417209e-01 -4.075938e+01 6.553496e-01 6.889809e+01
2.593962e-01 1.682997e+01 4.819256e-01 -4.088181e+01 -8.323346e-01 6.849006e+01
2.611937e-01 1.892213e+01 6.675131e-01 -2.759232e+01 -1.693511e+00 8.905759e+01
2.629942e-01 2.038190e+01 1.060279e+00 -1.421876e+01 -1.845422e+00 1.064734e+02
2.647885e-01 1.903470e+01 9.949281e-01 -1.280577e+01 -1.557558e+00 1.021154e+02
2.665811e-01 1.622834e+01 2.513401e-01 -2.286186e+01 -1.071646e+00 7.963844e+01
2.683801e-01 1.423324e+01 2.794483e-02 -3.234404e+01 -4.475052e-01 5.949081e+01
2.701729e-01 1.459011e+01 3.613254e-01 -3.076755e+01 -1.095780e+00 5.919863e+01
2.719632e-01 1.608980e+01 6.094661e-01 -1.801087e+01 -1.530957e+00 7.698774e+01
2.737587e-01 1.752649e+01 5.703223e-01 -6.720094e+00 -1.017210e+00 9.239083e+01
2.755578e-01 1.661847e+01 4.702538e-01 -7.357191e+00 2.411540e-01 8.782884e+01
2.773550e-01 1.405510e+01 6.453878e-01 -1.802886e+01 7.104330e-01 6.782503e+01
2.791459e-01 1.126663e+01 4.031384e-01 -2.799823e+01 6.539917e-01 4.972022e+01
2.809385e-01 1.110336e+01 3.412608e-02 -2.873466e+01 2.519044e-01 4.915289e+01
2.827312e-01 1.313263e+01 8.238905e-02 -2.035329e+01 -1.907112e-02 6.392219e+01
2.845296e-01 1.465185e+01 4.363443e-01 -1.158233e+01 -3.342415e-01 7.817216e+01
2.863269e-01 1.400337e+01 5.332097e-01 -1.114112e+01 1.836165e-02 7.716399e+01
2.881173e-01 1.224706e+01 5.517509e-01 -1.797534e+01 3.613288e-01 6.391390e+01
2.899148e-01 1.052678e+01 8.827479e-02 -2.405309e+01 5.382521e-01 5.323979e+01
2.917136e-01 1.106341e+01 -1.856001e-01 -2.238687e+01 4.497103e-01 5.576558e+01
2.935083e-01 1.291416e+01 9.351717e-02 -1.397093e+01 -2.794359e-01 6.864279e+01
2.953064e-01 1.390371e+01 4.582556e-01 -7.906627e+00 -3.055413e-01 7.896327e+01
2.971025e-01 1.330521e+01 5.946947e-02 -9.505444e+00 8.884751e-01 7.524430e+01
2.988941e-01 1.178818e+01 2.889377e-02 -1.745380e+01 9.037400e-01 5.916163e+01
3.006873e-01 1.009265e+01 5.415068e-01 -2.480602e+01 -6.663527e-01 4.620125e+01
3.024817e-01 9.763298e+00 5.325964e-01 -2.318486e+01 -1.618390e+00 4.569001e+01
3.042771e-01 1.062844e+01 4.743931e-01 -1.601532e+01 -1.574985e+00 5.417288e+01
3.060756e-01 1.110998e+01 8.616786e-01 -1.012232e+01 -1.893957e+00 6.046127e+01
3.078722e-01 9.612788e+00 7.381010e-01 -1.095992e+01 -1.039079e+00 5.485441e+01
3.096648e-01 8.133957e+00 -1.793585e-01 -1.720537e+01 5.524748e-01 4.182890e+01
3.114599e-01 8.011589e+00 -6.431889e-01 -2.242028e+01 1.333563e+00 3.357973e+01
3.132555e-01 9.212067e+00 -2.972922e-01 -2.061409e+01 1.157404e+00 3.878320e+01
3.150527e-01 1.085197e+01 3.493850e-01 -1.345029e+01 7.104773e-01 5.302462e+01
3.168493e-01 1.112916e+01 8.520277e-01 -7.623575e+00 -2.829642e-01 6.271854e+01
3.186391e-01 9.776719e+00 1.025662e+00 -8.294942e+00 -1.591817e+00 5.833586e+01
3.204305e-01 7.537883e+00 5.159249e-01 -1.358220e+01 -1.667273e+00 4.430157e+01
3.222280e-01 6.507407e+00 1.425479e-01 -1.813415e+01 -1.337722e+00 3.229129e+01
3.240267e-01 6.543005e+00 5.157870e-01 -1.553191e+01 -1.124618e+00 3.320217e+01
3.258197e-01 7.313002e+00 7.550094e-01 -8.513530e+00 -4.438472e-01 4.459726e+01
3.276150e-01 7.920942e+00 1.555414e-01 -2.959441e+00 1.135104e+00 5.442983e+01
3.294148e-01 7.851365e+00 -2.693291e-01 -4.741743e+00 1.492563e+00 5.241770e+01
3.312085e-01 7.101287e+00 -2.339540e-01 -1.205563e+01 9.621602e-01 4.164414e+01
3.330031e-01 6.385700e+00 1.984953e-02 -1.731945e+01 1.603115e-01 3.199796e+01
3.347987e-01 6.462691e+00 1.979888e-01 -1.702092e+01 -4.096095e-01 3.220940e+01
3.365969e-01 7.503435e+00 2.584939e-01 -1.140482e+01 -3.779015e-01 4.148590e+01
3.383923e-01 8.060672e+00 5.178940e-01 -6.728792e+00 -3.469355e-01 4.790829e+01
3.401828e-01 7.325699e+00 7.678316e-01 -7.050189e+00 -9.091858e-01 4.458405e+01
3.419763e-01 5.470306e+00 6.417798e-01 -1.172872e+01 -8.165566e-01 3.426713e+01
3.437730e-01 4.166463e+00 2.066203e-01 -1.562039e+01 -1.222433e-01 2.526232e+01
3.455681e-01 4.619611e+00 1.693464e-01 -1.373461e+01 5.878415e-02 2.819589e+01
3.473617e-01 6.007774e+00 2.199497e-01 -6.431073e+00 3.427693e-02 4.121447e+01
3.491590e-01 7.657822e+00 9.551517e-02 1.455172e+00 5.158829e-01 5.543035e+01
3.509566e-01 8.056220e+00 3.849240e-01 4.351434e+00 -1.381267e-01 5.953289e+01
3.527534e-01 6.868609e+00 7.126157e-01 1.415969e+00 -4.526240e-01 5.333687e+01
3.545449e-01 5.176828e+00 4.485736e-01 -3.491939e+00 -7.187173e-02 4.293186e+01
3.563372e-01 4.286892e+00 2.293729e-02 -6.914615e+00 2.414527e-01 3.518091e+01
3.581341e-01 4.424769e+00 -4.925795e-02 -7.740448e+00 1.987312e-01 3.390891e+01
3.599303e-01 4.762089e+00 -7.957753e-02 -8.006833e+00 2.196457e-01 3.314938e+01
3.617254e-01 4.694344e+00 6.422551e-02 -1.006944e+01 2.557600e-02 2.966379e+01
3.635200e-01 4.040154e+00 3.061340e-01 -1.329605e+01 -8.984077e-01 2.269773e+01
3.653165e-01 3.263212e+00 6.233603e-01 -1.433157e+01 -1.376755e+00 1.851577e+01
3.671116e-01 3.177806e+00 4.659241e-01 -1.151065e+01 -9.032711e-01 2.156178e+01
3.689088e-01 3.799508e+00 2.087697e-01 -6.157584e+00 -6.898827e-02 2.902494e+01
3.707076e-01 4.385613e+00 3.431733e-01 -1.935593e+00 4.283880e-01 3.590463e+01
3.725001e-01 4.168401e+00 3.541135e-01 -1.845707e+00 -1.227080e-03 3.603431e+01
3.742913e-01 3.022119e+00 4.236848e-01 -4.760578e+00 -4.266004e-01 2.913063e+01
3.760877e-01 2.125175e+00 4.135072e-01 -7.541305e+00 -1.023174e+00 2.184604e+01
3.778836e-01 1.813098e+00 1.816436e-01 -7.978448e+00 -4.271786e-01 1.967185e+01
3.796766e-01 2.454421e+00 3.693298e-02 -5.955768e+00 1.662244e-01 2.255647e+01
3.814707e-01 2.896109e+00 3.385732e-01 -4.283179e+00 1.618894e-01 2.578897e+01
3.832699e-01 2.493961e+00 4.603255e-01 -4.675157e+00 4.634593e-02 2.536117e+01
3.850666e-01 1.775263e+00 2.272622e-01 -6.835046e+00 8.463070e-02 2.150659e+01
3.868579e-01 1.447742e+00 -7.359534e-02 -8.724045e+00 2.400944e-01 1.841987e+01
3.886538e-01 2.048375e+00 -1.127415e-01 -7.928621e+00 2.735052e-01 2.006224e+01
3.904491e-01 3.140248e+00 -3.055545e-02 -4.756575e+00 -2.553322e-02 2.609819e+01
3.922449e-01 3.979694e+00 1.148191e-01 -1.687055e+00 2.484844e-01 3.136829e+01
3.940400e-01 3.850765e+00 3.142933e-01 -1.291399e+00 -7.629152e-03 3.165966e+01
3.958317e-01 3.185049e+00 1.574049e-01 -4.086302e+00 2.769930e-01 2.672351e+01
3.976289e-01 2.640636e+00 -3.764869e-04 -7.953344e+00 6.154394e-01 2.002759e+01
3.994255e-01 2.242387e+00 3.439604e-01 -9.992369e+00 -2.385407e-01 1.673903e+01
4.012204e-01 1.881057e+00 6.091888e-01 -9.550337e+00 -7.225044e-01 1.751460e+01
4.030168e-01 1.681442e+00 2.473853e-01 -8.341572e+00 2.586408e-02 1.893575e+01
4.048122e-01 1.849826e+00 -4.633308e-02 -8.102940e+00 4.885150e-01 1.909240e+01
4.066062e-01 2.005321e+00 -8.134822e-02 -8.899708e+00 1.258291e-01 1.772841e+01
4.084001e-01 2.045009e+00 2.098417e-01 -8.890363e+00 -3.126273e-01 1.703768e+01
4.101968e-01 2.095563e+00 4.393662e-01 -7.563656e+00 -5.529584e-01 1.852654e+01
4.119946e-01 2.159218e+00 3.378849e-01 -5.776812e+00 -1.638182e-01 2.165891e+01
4.137897e-01 2.322787e+00 5.527330e-02 -5.117981e+00 6.376689e-01 2.312006e+01
4.155829e-01 2.407980e+00 -1.468505e-02 -6.657866e+00 8.816716e-01 2.171890e+01
4.173778e-01 2.103168e+00 2.109636e-01 -8.615751e+00 2.807197e-01 1.863759e+01
4.191752e-01 1.594545e+00 5.477234e-01 -9.171855e+00 -7.546209e-01 1.681013e+01
4.209702e-01 1.257075e+00 6.534169e-01 -7.397646e+00 -1.533484e+00 1.733267e+01
4.227638e-01 1.175162e+00 3.248302e-01 -4.960143e+00 -1.133916e+00 1.859846e+01
4.245604e-01 1.254518e+00 1.759253e-01 -3.870267e+00 -5.103981e-01 1.824637e+01
4.263543e-01 9.967450e-01 2.360100e-01 -4.979485e+00 2.164485e-01 1.590120e+01
4.281451e-01 5.406779e-01 2.028789e-01 -7.313422e+00 7.519792e-01 1.297623e+01
4.299400e-01 2.982857e-01 1.221744e-01 -8.010874e+00 2.872043e-01 1.186812e+01
4.317365e-01 6.452145e-01 2.074280e-01 -6.647494e+00 -2.884512e-01 1.436006e+01
4.335323e-01 1.166811e+00 1.841094e-02 -4.085444e+00 -5.730871e-01 1.835315e+01
4.353294e-01 1.760202e+00 3.753259e-02 -3.039306e+00 -2.073019e-01 1.913161e+01
4.371263e-01 1.713440e+00 1.547286e-01 -4.127951e+00 -4.333460e-01 1.614938e+01
4.389235e-01 1.246146e+00 3.155293e-01 -6.206791e+00 -5.606986e-01 1.143516e+01
4.407180e-01 9.066521e-01 4.092359e-01 -6.585562e+00 -6.194273e-01 9.773603e+00
4.425103e-01 9.150244e-01 3.179805e-01 -4.534555e+00 -2.058219e-01 1.225928e+01
4.443072e-01 1.397657e+00 2.278097e-01 -1.494718e+00 4.190483e-01 1.724232e+01
4.461036e-01 1.591179e+00 4.400579e-01 9.644235e-01 -1.747051e-02 2.092494e+01
4.478956e-01 1.133365e+00 4.064538e-01 6.038386e-01 -1.494545e-01 2.042392e+01
4.496902e-01 4.450248e-01 2.501680e-01 -1.622562e+00 2.541106e-01 1.649644e+01
4.514874e-01 3.273651e-03 2.000130e-01 -4.516277e+00 1.864670e-01 1.160567e+01
4.532823e-01 -3.034767e-01 5.966022e-02 -6.020861e+00 2.115443e-01 1.005057e+01
4.550750e-01 -4.678977e-02 1.310316e-01 -5.812346e+00 -4.142951e-03 1.006667e+01
4.568708e-01 3.850978e-02 3.070345e-01 -5.039723e+00 -4.820831e-01 1.079685e+01
4.586693e-01 8.279993e-03 1.221575e-01 -4.760642e+00 -6.191614e-01 9.975850e+00
4.604678e-01 8.943333e-01 1.801533e-01 -4.106743e+00 -1.248697e-01 1.228821e+01
4.861870e-01 7.195868e-01 1.449526e-01 -3.304314e+00 -1.004710e-01 9.887179e+00
5.133427e-01 5.789846e-01 1.166299e-01 -2.658674e+00 -8.083968e-02 7.955294e+00
5.420151e-01 4.658551e-01 9.384120e-02 -2.139188e+00 -6.504418e-02 6.400885e+00
5.722891e-01 3.748302e-01 7.550529e-02 -1.721206e+00 -5.233500e-02 5.150197e+00
6.042540e-01 3.015910e-01 6.075209e-02 -1.384894e+00 -4.210911e-02 4.143884e+00
6.380042e-01 2.426623e-01 4.888155e-02 -1.114295e+00 -3.388128e-02 3.334198e+00
6.736396e-01 1.952478e-01 3.933044e-02 -8.965699e-01 -2.726112e-02 2.682719e+00
7.112653e-01 1.570977e-01 3.164555e-02 -7.213864e-01 -2.193449e-02 2.158535e+00
7.509927e-01 1.264019e-01 2.546223e-02 -5.804326e-01 -1.764864e-02 1.736772e+00
7.929389e-01 1.017039e-01 2.048709e-02 -4.670201e-01 -1.420022e-02 1.397419e+00
8.372281e-01 8.183165e-02 1.648405e-02 -3.757677e-01 -1.142560e-02 1.124373e+00
8.839910e-01 6.584232e-02 1.326319e-02 -3.023453e-01 -9.193115e-03 9.046786e-01
9.333658e-01 5.297719e-02 1.067165e-02 -2.432691e-01 -7.396845e-03 7.279107e-01
9.854984e-01 4.262582e-02 8.586486e-03 -1.957361e-01 -5.951553e-03 5.856821e-01
1.040543e+00 3.429703e-02 6.908747e-03 -1.574906e-01 -4.788661e-03 4.712439e-01
1.098662e+00 2.759563e-02 5.558826e-03 -1.267180e-01 -3.852990e-03 3.791661e-01
1.160027e+00 2.220364e-02 4.472670e-03 -1.019582e-01 -3.100143e-03 3.050797e-01
1.224820e+00 1.786520e-02 3.598742e-03 -8.203630e-02 -2.494397e-03 2.454693e-01
1.293231e+00 1.437447e-02 2.895573e-03 -6.600698e-02 -2.007009e-03 1.975063e-01
1.365464e+00 1.156580e-02 2.329798e-03 -5.310968e-02 -1.614854e-03 1.589150e-01
1.441731e+00 9.305921e-03 1.874572e-03 -4.273242e-02 -1.299323e-03 1.278641e-01
1.522258e+00 7.487610e-03 1.508294e-03 -3.438280e-02 -1.045444e-03 1.028803e-01
1.607283e+00 6.024583e-03 1.213584e-03 -2.766464e-02 -8.411716e-04 8.277824e-02
1.697057e+00 4.847422e-03 9.764580e-04 -2.225917e-02 -6.768125e-04 6.660395e-02
1.791845e+00 3.900269e-03 7.856649e-04 -1.790988e-02 -5.445681e-04 5.359001e-02
1.891928e+00 3.138184e-03 6.321515e-04 -1.441042e-02 -4.381633e-04 4.311889e-02
1.997600e+00 2.525005e-03 5.086335e-04 -1.159472e-02 -3.525493e-04 3.469376e-02
2.109175e+00 2.031637e-03 4.092501e-04 -9.329194e-03 -2.836636e-04 2.791485e-02
2.226982e+00 1.634669e-03 3.292855e-04 -7.506335e-03 -2.282377e-04 2.246048e-02
2.351369e+00 1.315266e-03 2.649454e-04 -6.039650e-03 -1.836417e-04 1.807186e-02
2.482703e+00 1.058272e-03 2.131769e-04 -4.859545e-03 -1.477594e-04 1.454075e-02
2.621373e+00 8.514934e-04 1.715237e-04 -3.910024e-03 -1.188882e-04 1.169959e-02
2.767788e+00 6.851175e-04 1.380091e-04 -3.146032e-03 -9.565830e-05 9.413568e-03
2.922381e+00 5.512504e-04 1.110431e-04 -2.531320e-03 -7.696734e-05 7.574223e-03
3.085609e+00 4.435399e-04 8.934607e-05 -2.036718e-03 -6.192846e-05 6.094273e-03
3.257954e+00 3.568753e-04 7.188847e-05 -1.638757e-03 -4.982807e-05 4.903495e-03
3.439925e+00 2.871444e-04 5.784197e-05 -1.318556e-03 -4.009202e-05 3.945386e-03
3.632061e+00 2.310384e-04 4.654005e-05 -1.060919e-03 -3.225832e-05 3.174485e-03
3.834927e+00 1.858951e-04 3.744645e-05 -8.536229e-04 -2.595527e-05 2.554213e-03
4.049125e+00 1.495725e-04 3.012968e-05 -6.868309e-04 -2.088379e-05 2.055138e-03
4.275287e+00 1.203471e-04 2.424255e-05 -5.526290e-04 -1.680324e-05 1.653578e-03
4.514080e+00 9.683210e-05 1.950573e-05 -4.446492e-04 -1.352001e-05 1.330481e-03
4.766212e+00 7.791179e-05 1.569444e-05 -3.577678e-04 -1.087829e-05 1.070514e-03
5.032426e+00 6.268837e-05 1.262786e-05 -2.878625e-04 -8.752751e-06 8.613431e-04
5.313509e+00 5.043950e-05 1.016046e-05 -2.316162e-04 -7.042525e-06 6.930427e-04
5.610292e+00 4.058398e-05 8.175180e-06 -1.863600e-04 -5.666465e-06 5.576270e-04
5.923652e+00 3.265415e-05 6.577807e-06 -1.499466e-04 -4.559277e-06 4.486706e-04
6.254514e+00 2.627376e-05 5.292550e-06 -1.206481e-04 -3.668426e-06 3.610035e-04
6.603856e+00 2.114005e-05 4.258423e-06 -9.707427e-05 -2.951642e-06 2.904659e-04
6.972711e+00 1.700943e-05 3.426357e-06 -7.810664e-05 -2.374911e-06 2.337109e-04
7.362168e+00 1.368591e-05 2.756871e-06 -6.284515e-05 -1.910870e-06 1.880455e-04
7.773377e+00 1.101178e-05 2.218197e-06 -5.056565e-05 -1.537500e-06 1.513027e-04
8.207555e+00 8.860154e-06 1.784777e-06 -4.068547e-05 -1.237083e-06 1.217392e-04
8.665983e+00 7.128942e-06 1.436044e-06 -3.273582e-05 -9.953657e-07 9.795222e-05
9.150017e+00 5.735996e-06 1.155451e-06 -2.633947e-05 -8.008782e-07 7.881304e-05
9.661086e+00 4.615223e-06 9.296842e-07 -2.119292e-05 -6.443922e-07 6.341352e-05
1.020070e+01 3.713441e-06 7.480304e-07 -1.705197e-05 -5.184825e-07 5.102296e-05
1.077045e+01 2.987860e-06 6.018705e-07 -1.372014e-05 -4.171746e-07 4.105343e-05
1.137203e+01 2.404053e-06 4.842692e-07 -1.103932e-05 -3.356616e-07 3.303188e-05
1.200721e+01 1.934318e-06 3.896464e-07 -8.882312e-06 -2.700757e-07 2.657768e-05
1.267787e+01 1.556366e-06 3.135122e-07 -7.146770e-06 -2.173048e-07 2.138459e-05
1.338598e+01 1.252263e-06 2.522541e-07 -5.750342e-06 -1.748450e-07 1.720619e-05
1.413365e+01 1.007580e-06 2.029654e-07 -4.626765e-06 -1.406815e-07 1.384422e-05
1.492308e+01 8.107056e-07 1.633074e-07 -3.722728e-06 -1.131933e-07 1.113916e-05
1.575660e+01 6.522994e-07 1.313983e-07 -2.995333e-06 -9.107613e-08 8.962644e-06
1.663667e+01 5.248446e-07 1.057240e-07 -2.410066e-06 -7.328049e-08 7.211406e-06
1.756590e+01 4.222937e-07 8.506626e-08 -1.939156e-06 -5.896200e-08 5.802348e-06
1.854704e+01 3.397805e-07 6.844491e-08 -1.560258e-06 -4.744123e-08 4.668610e-06
1.958297e+01 2.733897e-07 5.507125e-08 -1.255395e-06 -3.817155e-08 3.756396e-06
2.067677e+01 2.199713e-07 4.431071e-08 -1.010099e-06 -3.071310e-08 3.022423e-06
2.183166e+01 1.769904e-07 3.565271e-08 -8.127330e-07 -2.471197e-08 2.431862e-06
2.305105e+01 1.424077e-07 2.868642e-08 -6.539307e-07 -1.988343e-08 1.956694e-06
2.433855e+01 1.145823e-07 2.308130e-08 -5.261572e-07 -1.599834e-08 1.574369e-06
2.569797e+01 9.219370e-08 1.857137e-08 -4.233498e-07 -1.287238e-08 1.266749e-06
2.713331e+01 7.417970e-08 1.494266e-08 -3.406302e-07 -1.035721e-08 1.019235e-06
2.864883e+01 5.968550e-08 1.202297e-08 -2.740734e-07 -8.333481e-09 8.200835e-07
3.024899e+01 4.802337e-08 9.673762e-09 -2.205214e-07 -6.705177e-09 6.598449e-07
3.193854e+01 3.863994e-08 7.783577e-09 -1.774331e-07 -5.395033e-09 5.309158e-07
3.372244e+01 3.108997e-08 6.262721e-09 -1.427639e-07 -4.340881e-09 4.271786e-07
3.560599e+01 2.501521e-08 5.039029e-09 -1.148688e-07 -3.492703e-09 3.437109e-07
3.759474e+01 2.012741e-08 4.054438e-09 -9.242427e-08 -2.810254e-09 2.765522e-07
3.969458e+01 1.619466e-08 3.262229e-09 -7.436521e-08 -2.261150e-09 2.225158e-07
4.191170e+01 1.303033e-08 2.624812e-09 -5.983477e-08 -1.819337e-09 1.790378e-07
4.425265e+01 1.048430e-08 2.111942e-09 -4.814347e-08 -1.463851e-09 1.440551e-07
4.672436e+01 8.435739e-09 1.699284e-09 -3.873658e-08 -1.177825e-09 1.159077e-07
4.933412e+01 6.787455e-09 1.367256e-09 -3.116772e-08 -9.476862e-10 9.326016e-08
5.208965e+01 5.461234e-09 1.100103e-09 -2.507777e-08 -7.625149e-10 7.503778e-08
5.499909e+01 4.394147e-09 8.851509e-10 -2.017775e-08 -6.135249e-10 6.037592e-08
5.807103e+01 3.535561e-09 7.121986e-10 -1.623516e-08 -4.936464e-10 4.857889e-08
6.131455e+01 2.844737e-09 5.730400e-10 -1.306292e-08 -3.971913e-10 3.908691e-08
6.473924e+01 2.288896e-09 4.610720e-10 -1.051052e-08 -3.195829e-10 3.144960e-08
6.835522e+01 1.841661e-09 3.709818e-10 -8.456836e-09 -2.571387e-10 2.530457e-08
7.217316e+01 1.481814e-09 2.984945e-10 -6.804429e-09 -2.068956e-10 2.036024e-08
7.620435e+01 1.192278e-09 2.401708e-10 -5.474892e-09 -1.664696e-10 1.638199e-08
8.046070e+01 9.593150e-10 1.932431e-10 -4.405136e-09 -1.339426e-10 1.318106e-08
8.495479e+01 7.718715e-10 1.554847e-10 -3.544403e-09 -1.077712e-10 1.060558e-08
8.969989e+01 6.210533e-10 1.251041e-10 -2.851852e-09 -8.671344e-11 8.533320e-09
9.471003e+01 4.997038e-10 1.006596e-10 -2.294620e-09 -6.977024e-11 6.865969e-09
1.000000e+02 4.020652e-10 8.099146e-11 -1.846267e-09 -5.613763e-11 5.524407e-09
