# k [h/Mpc], q0, q1/i, q2, q3/i, q4
1.000000e-06 3.878428e+05 2.532269e+03 4.255635e+01 -5.599563e+03 4.045639e+05
1.489784e-06 3.878428e+05 2.532269e+03 4.255635e+01 -5.599563e+03 4.045639e+05
2.219456e-06 3.878428e+05 2.532269e+03 4.255635e+01 -5.599563e+03 4.045639e+05
3.306511e-06 3.878428e+05 2.532269e+03 4.255635e+01 -5.599563e+03 4.045639e+05
4.925987e-06 3.878428e+05 2.532269e+03 4.255635e+01 -5.599563e+03 4.045639e+05
7.338656e-06 3.878428e+05 2.532269e+03 4.255635e+01 -5.599563e+03 4.045639e+05
1.093301e-05 3.878428e+05 2.532269e+03 4.255635e+01 -5.599563e+03 4.045639e+05
1.628783e-05 3.878428e+05 2.532269e+03 4.255635e+01 -5.599563e+03 4.045639e+05
2.426534e-05 3.878428e+05 2.532269e+03 4.255635e+01 -5.599563e+03 4.045639e+05
3.615012e-05 3.878428e+05 2.532269e+03 4.255635e+01 -5.599563e+03 4.045639e+05
5.385587e-05 3.878428e+05 2.532269e+03 4.255635e+01 -5.599563e+03 4.045639e+05
1.034961e-04 3.876815e+05 4.864228e+03 6.580113e+01 3.741627e+02 -4.019610e+04
1.650345e-04 3.873244e+05 7.748661e+03 1.356917e+02 2.115252e+03 -4.854458e+04
2.219461e-04 3.868575e+05 1.040542e+04 2.947521e+02 -6.602609e+02 1.824861e+04
2.831569e-04 3.861959e+05 1.324938e+04 4.502335e+02 8.529077e+02 -1.008248e+04
3.481074e-04 3.853228e+05 1.624643e+04 6.693959e+02 1.427284e+03 -1.415203e+04
4.078467e-04 3.843974e+05 1.891965e+04 -1.370700e+04 -1.397743e+03 1.073628e+04
4.685721e-04 3.832195e+05 2.176525e+04 1.045663e+04 9.533022e+02 -2.525840e+03
5.344152e-04 3.818368e+05 2.469003e+04 3.983631e+03 1.111887e+03 -4.737935e+03
5.979215e-04 3.803414e+05 2.747196e+04 1.346380e+01 1.078771e+02 8.013763e+02
6.594309e-04 3.787162e+05 3.015579e+04 2.516526e+03 -1.999788e+02 4.122737e+03
7.211547e-04 3.769415e+05 3.280482e+04 2.922373e+03 1.470232e+03 -5.743176e+03
7.842715e-04 3.749881e+05 3.544071e+04 1.175597e+03 7.504095e+02 -1.570999e+03
8.480725e-04 3.728352e+05 3.807392e+04 3.228650e+03 5.290776e+02 9.721675e+02
9.105595e-04 3.705555e+05 4.061340e+04 7.241812e+03 1.049398e+03 7.739370e+02
9.726731e-04 3.681957e+05 4.304109e+04 5.306815e+03 1.207412e+03 -3.835368e+02
1.035373e-03 3.656415e+05 4.545742e+04 6.725058e+03 2.258007e+03 -3.126509e+03
1.098784e-03 3.629378e+05 4.780341e+04 6.609025e+03 1.272291e+03 1.087966e+03
1.161586e-03 3.601185e+05 5.007892e+04 6.902440e+03 2.151890e+03 -1.573341e+03
1.224174e-03 3.571656e+05 5.226479e+04 8.255607e+03 1.825329e+03 1.150115e+03
1.288412e-03 3.540052e+05 5.445112e+04 8.987276e+03 3.274109e+03 -2.990891e+03
1.351080e-03 3.508046e+05 5.646276e+04 9.991639e+03 1.751334e+03 3.601435e+03
1.412291e-03 3.475388e+05 5.840644e+04 1.133799e+04 3.861195e+03 -1.469948e+03
1.475368e-03 3.441036e+05 6.028483e+04 1.103446e+04 3.624091e+03 -1.227124e+03
1.538515e-03 3.405066e+05 6.212389e+04 1.239937e+04 5.473341e+03 -4.807593e+03
1.601338e-03 3.368639e+05 6.376800e+04 1.314478e+04 2.769744e+03 4.706226e+03
1.665074e-03 3.330066e+05 6.543459e+04 1.505338e+04 4.266453e+03 1.993678e+03
1.728027e-03 3.291459e+05 6.702350e+04 1.462852e+04 6.829251e+03 -4.680820e+03
1.789887e-03 3.251972e+05 6.839900e+04 1.760633e+04 5.748424e+03 1.539662e+03
1.852570e-03 3.211906e+05 6.978181e+04 1.691433e+04 7.316093e+03 -3.224039e+03
1.915088e-03 3.170707e+05 7.098138e+04 1.860203e+04 6.195096e+03 2.181836e+03
1.978019e-03 3.128255e+05 7.222318e+04 1.932804e+04 9.104938e+03 -4.058608e+03
2.041684e-03 3.084600e+05 7.325354e+04 2.126596e+04 8.320276e+03 7.129228e+02
2.104726e-03 3.041204e+05 7.425033e+04 2.117200e+04 9.096921e+03 -1.296077e+03
2.167060e-03 2.996941e+05 7.514016e+04 2.276357e+04 1.039063e+04 -1.898590e+03
2.229921e-03 2.952183e+05 7.592055e+04 2.355566e+04 1.070933e+04 -1.548013e+03
2.292794e-03 2.906600e+05 7.663762e+04 2.459418e+04 1.198513e+04 -2.751289e+03
2.355230e-03 2.860951e+05 7.720514e+04 2.588763e+04 1.209718e+04 -1.093903e+03
2.418331e-03 2.814347e+05 7.770904e+04 2.698225e+04 1.279945e+04 -9.949607e+02
2.481215e-03 2.767374e+05 7.815738e+04 2.793257e+04 1.426066e+04 -2.731177e+03
2.543891e-03 2.720541e+05 7.844060e+04 2.899311e+04 1.418236e+04 -8.766748e+02
2.607003e-03 2.672453e+05 7.872781e+04 3.015354e+04 1.618501e+04 -3.274691e+03
2.669740e-03 2.624733e+05 7.889042e+04 3.109398e+04 1.719889e+04 -3.809326e+03
2.732628e-03 2.577083e+05 7.887984e+04 3.219350e+04 1.688204e+04 -1.506861e+03
2.796013e-03 2.528193e+05 7.889014e+04 3.332870e+04 1.855111e+04 -3.160931e+03
2.858795e-03 2.480041e+05 7.879566e+04 3.410541e+04 1.945857e+04 -3.288928e+03
2.920959e-03 2.432440e+05 7.856560e+04 3.512138e+04 1.984857e+04 -2.822921e+03
2.983535e-03 2.384032e+05 7.832651e+04 3.610666e+04 2.123465e+04 -3.693655e+03
3.046449e-03 2.335322e+05 7.799080e+04 3.720135e+04 2.260007e+04 -4.601960e+03
3.109435e-03 2.287114e+05 7.760583e+04 3.764728e+04 2.350173e+04 -5.361470e+03
3.172429e-03 2.239262e+05 7.698703e+04 3.891466e+04 2.312666e+04 -2.369765e+03
3.235378e-03 2.190695e+05 7.644654e+04 3.995868e+04 2.469993e+04 -4.204838e+03
3.298350e-03 2.142706e+05 7.583392e+04 4.060984e+04 2.571845e+04 -4.449898e+03
3.361502e-03 2.094316e+05 7.516410e+04 4.153062e+04 2.731517e+04 -6.120910e+03
3.424034e-03 2.047323e+05 7.438591e+04 4.224051e+04 2.787111e+04 -5.599612e+03
3.486610e-03 2.000647e+05 7.352804e+04 4.300559e+04 2.836086e+04 -5.069879e+03
3.549533e-03 1.953108e+05 7.269732e+04 4.382066e+04 3.003591e+04 -6.792911e+03
3.612035e-03 1.907682e+05 7.162670e+04 4.483980e+04 2.948674e+04 -3.858915e+03
3.674842e-03 1.860824e+05 7.079837e+04 4.498460e+04 3.181450e+04 -7.604810e+03
3.737743e-03 1.815529e+05 6.967154e+04 4.588030e+04 3.186892e+04 -6.065662e+03
3.800817e-03 1.769411e+05 6.868778e+04 4.624895e+04 3.362000e+04 -8.201802e+03
3.863693e-03 1.725334e+05 6.743137e+04 4.714695e+04 3.339661e+04 -6.255122e+03
3.926624e-03 1.680485e+05 6.632801e+04 4.755613e+04 3.472049e+04 -7.453213e+03
3.989691e-03 1.636846e+05 6.508692e+04 4.808899e+04 3.521721e+04 -7.436064e+03
4.052279e-03 1.593651e+05 6.387424e+04 4.849770e+04 3.604662e+04 -7.741963e+03
4.115276e-03 1.550420e+05 6.261838e+04 4.900714e+04 3.714788e+04 -8.650554e+03
4.178091e-03 1.508947e+05 6.128823e+04 4.932383e+04 3.731841e+04 -8.082988e+03
4.240529e-03 1.467333e+05 6.000236e+04 4.969243e+04 3.823033e+04 -8.641037e+03
4.303566e-03 1.426432e+05 5.862742e+04 5.008017e+04 3.876400e+04 -8.741263e+03
4.366473e-03 1.386277e+05 5.726461e+04 5.031764e+04 3.922116e+04 -8.583082e+03
4.429136e-03 1.346696e+05 5.589537e+04 5.051651e+04 3.998186e+04 -9.417513e+03
4.491804e-03 1.307221e+05 5.459965e+04 5.047793e+04 4.088862e+04 -1.043627e+04
4.554524e-03 1.269647e+05 5.306043e+04 5.111958e+04 4.085558e+04 -9.355609e+03
4.617696e-03 1.232027e+05 5.171568e+04 5.078797e+04 4.135673e+04 -9.856929e+03
4.680743e-03 1.194776e+05 5.027464e+04 5.106114e+04 4.181556e+04 -9.976924e+03
4.743600e-03 1.158477e+05 4.887280e+04 5.100962e+04 4.227392e+04 -1.046626e+04
4.806460e-03 1.123461e+05 4.739207e+04 5.119101e+04 4.234284e+04 -9.813399e+03
4.869182e-03 1.088712e+05 4.598394e+04 5.108828e+04 4.273380e+04 -1.037666e+04
4.931803e-03 1.054123e+05 4.464520e+04 5.084834e+04 4.329255e+04 -1.108750e+04
4.994544e-03 1.021267e+05 4.320551e+04 5.077747e+04 4.333491e+04 -1.088638e+04
5.057296e-03 9.886930e+04 4.175919e+04 5.084414e+04 4.348825e+04 -1.071898e+04
5.120127e-03 9.574729e+04 4.038930e+04 5.041376e+04 4.340676e+04 -1.066979e+04
5.183244e-03 9.255206e+04 3.902511e+04 5.021762e+04 4.375361e+04 -1.119327e+04
5.246213e-03 8.952048e+04 3.764699e+04 4.996738e+04 4.376080e+04 -1.113507e+04
5.308940e-03 8.652411e+04 3.633621e+04 4.954768e+04 4.389656e+04 -1.157945e+04
5.371705e-03 8.368225e+04 3.494455e+04 4.939350e+04 4.370407e+04 -1.113569e+04
5.434764e-03 8.084386e+04 3.360091e+04 4.914960e+04 4.361709e+04 -1.087838e+04
5.497589e-03 7.806770e+04 3.240549e+04 4.832390e+04 4.363235e+04 -1.176753e+04
5.560094e-03 7.546375e+04 3.103676e+04 4.827071e+04 4.323285e+04 -1.075777e+04
5.623090e-03 7.278549e+04 2.984604e+04 4.759817e+04 4.332904e+04 -1.147398e+04
5.686167e-03 7.023829e+04 2.860097e+04 4.714942e+04 4.302294e+04 -1.135296e+04
5.748863e-03 6.777136e+04 2.741944e+04 4.655678e+04 4.274643e+04 -1.117625e+04
5.811791e-03 6.543512e+04 2.618271e+04 4.616088e+04 4.231345e+04 -1.090854e+04
5.874636e-03 6.303921e+04 2.506438e+04 4.552545e+04 4.205481e+04 -1.083527e+04
5.937271e-03 6.076619e+04 2.394350e+04 4.490867e+04 4.184223e+04 -1.115303e+04
6.000058e-03 5.860442e+04 2.284921e+04 4.426067e+04 4.125751e+04 -1.071546e+04
6.062729e-03 5.644169e+04 2.179288e+04 4.359643e+04 4.095075e+04 -1.080252e+04
6.125517e-03 5.434146e+04 2.076216e+04 4.289121e+04 4.049991e+04 -1.083206e+04
6.188708e-03 5.236508e+04 1.972740e+04 4.228484e+04 3.986956e+04 -1.010677e+04
6.251555e-03 5.041873e+04 1.873715e+04 4.156634e+04 3.942241e+04 -1.036951e+04
6.314077e-03 4.851856e+04 1.780596e+04 4.081503e+04 3.881970e+04 -9.991323e+03
6.377058e-03 4.665532e+04 1.690234e+04 3.998913e+04 3.831782e+04 -1.000406e+04
6.440009e-03 4.488762e+04 1.598949e+04 3.929681e+04 3.773898e+04 -9.866220e+03
6.502812e-03 4.320977e+04 1.511955e+04 3.855898e+04 3.698070e+04 -9.232208e+03
6.565726e-03 4.148062e+04 1.433565e+04 3.757810e+04 3.648719e+04 -9.639821e+03
6.628521e-03 3.991692e+04 1.348490e+04 3.698041e+04 3.574749e+04 -8.861419e+03
6.691272e-03 3.834477e+04 1.273116e+04 3.607688e+04 3.510543e+04 -8.998793e+03
6.754176e-03 3.686764e+04 1.197648e+04 3.531460e+04 3.435182e+04 -8.455251e+03
6.816888e-03 3.539817e+04 1.127601e+04 3.443827e+04 3.363339e+04 -8.276933e+03
6.879625e-03 3.395273e+04 1.061619e+04 3.350234e+04 3.298977e+04 -8.299241e+03
6.942449e-03 3.264558e+04 9.934140e+03 3.276369e+04 3.215459e+04 -7.703094e+03
7.005248e-03 3.134935e+04 9.307272e+03 3.190760e+04 3.147422e+04 -7.606123e+03
7.068136e-03 3.004644e+04 8.716480e+03 3.100306e+04 3.067519e+04 -7.313766e+03
7.131053e-03 2.883020e+04 8.139142e+03 3.015363e+04 2.988079e+04 -6.965897e+03
7.194010e-03 2.765103e+04 7.592197e+03 2.927741e+04 2.914371e+04 -6.828446e+03
7.256902e-03 2.655028e+04 7.058315e+03 2.848850e+04 2.830611e+04 -6.243953e+03
7.319748e-03 2.538979e+04 6.585038e+03 2.749414e+04 2.756924e+04 -6.324001e+03
7.382611e-03 2.438927e+04 6.094071e+03 2.673675e+04 2.670993e+04 -5.722448e+03
7.445306e-03 2.335028e+04 5.657939e+03 2.582959e+04 2.598704e+04 -5.624344e+03
7.507906e-03 2.240597e+04 5.222777e+03 2.503234e+04 2.518461e+04 -5.261884e+03
7.570818e-03 2.140982e+04 4.839716e+03 2.409061e+04 2.439840e+04 -5.015177e+03
7.633721e-03 2.053074e+04 4.444755e+03 2.329345e+04 2.360533e+04 -4.777335e+03
7.696586e-03 1.966793e+04 4.081637e+03 2.248713e+04 2.279671e+04 -4.302007e+03
7.759492e-03 1.881467e+04 3.747631e+03 2.161186e+04 2.201973e+04 -4.156310e+03
7.822382e-03 1.802285e+04 3.420298e+03 2.083566e+04 2.124045e+04 -3.733438e+03
7.885469e-03 1.722121e+04 3.128589e+03 1.996280e+04 2.049578e+04 -3.613013e+03
7.948044e-03 1.649026e+04 2.840272e+03 1.919142e+04 1.970764e+04 -3.237242e+03
8.010528e-03 1.575376e+04 2.584292e+03 1.836331e+04 1.897923e+04 -2.979256e+03
8.073516e-03 1.508009e+04 2.329047e+03 1.760250e+04 1.825135e+04 -2.817822e+03
8.136423e-03 1.441538e+04 2.099441e+03 1.682816e+04 1.750620e+04 -2.422784e+03
8.199228e-03 1.379452e+04 1.873592e+03 1.610048e+04 1.677248e+04 -2.143930e+03
8.262023e-03 1.315621e+04 1.679122e+03 1.529707e+04 1.606438e+04 -1.963250e+03
8.324981e-03 1.259877e+04 1.483585e+03 1.462192e+04 1.540220e+04 -1.672031e+03
8.388025e-03 1.201908e+04 1.316679e+03 1.384847e+04 1.470652e+04 -1.529048e+03
8.450798e-03 1.149090e+04 1.148323e+03 1.317489e+04 1.402613e+04 -1.159115e+03
8.513424e-03 1.095933e+04 1.000746e+03 1.245297e+04 1.338088e+04 -1.035597e+03
8.576219e-03 1.048370e+04 8.606012e+02 1.180926e+04 1.276470e+04 -7.720643e+02
8.639099e-03 1.000750e+04 7.319488e+02 1.114323e+04 1.214538e+04 -6.145035e+02
8.701941e-03 9.544663e+03 6.146294e+02 1.048016e+04 1.151617e+04 -3.627266e+02
8.764716e-03 9.112289e+03 5.058135e+02 9.854366e+03 1.092797e+04 -1.408013e+02
8.827545e-03 8.697848e+03 4.085843e+02 9.242249e+03 1.039209e+04 -6.955713e+01
8.890404e-03 8.312153e+03 3.162130e+02 8.660758e+03 9.819766e+03 1.946633e+02
8.953189e-03 7.922460e+03 2.344917e+02 8.062404e+03 9.271800e+03 3.497687e+02
9.016039e-03 7.560254e+03 1.594182e+02 7.502288e+03 8.759162e+03 4.909039e+02
9.078883e-03 7.224161e+03 9.235315e+01 6.967539e+03 8.278072e+03 6.319060e+02
9.141797e-03 6.888197e+03 3.000423e+01 6.436751e+03 7.788149e+03 7.392555e+02
9.204714e-03 6.571480e+03 -2.338653e+01 5.906624e+03 7.290687e+03 9.703051e+02
9.267500e-03 6.273520e+03 -7.180913e+01 5.417788e+03 6.854372e+03 1.037289e+03
9.330389e-03 5.993730e+03 -1.165332e+02 4.952094e+03 6.437563e+03 1.142852e+03
9.393353e-03 5.712316e+03 -1.507066e+02 4.468104e+03 6.015069e+03 1.256880e+03
9.456033e-03 5.461966e+03 -1.856765e+02 4.040656e+03 5.619272e+03 1.338356e+03
9.518699e-03 5.209500e+03 -2.141833e+02 3.596790e+03 5.229168e+03 1.474931e+03
9.581480e-03 4.981245e+03 -2.365007e+02 3.201551e+03 4.894486e+03 1.468096e+03
9.644431e-03 4.757974e+03 -2.574012e+02 2.797092e+03 4.532250e+03 1.588552e+03
9.707436e-03 4.548317e+03 -2.753089e+02 2.418217e+03 4.196200e+03 1.665901e+03
9.770160e-03 4.351239e+03 -2.885266e+02 2.063780e+03 3.887346e+03 1.721761e+03
9.832865e-03 4.159538e+03 -2.988221e+02 1.700427e+03 3.575572e+03 1.800264e+03
9.895597e-03 3.986546e+03 -3.059989e+02 1.394209e+03 3.319026e+03 1.787419e+03
9.958595e-03 3.812499e+03 -3.093241e+02 1.057620e+03 3.035379e+03 1.860908e+03
1.002149e-02 3.655505e+03 -3.113500e+02 7.686295e+02 2.789867e+03 1.870247e+03
1.008410e-02 3.505144e+03 -3.111743e+02 4.800978e+02 2.548835e+03 1.903000e+03
1.014702e-02 3.365769e+03 -3.100649e+02 2.132341e+02 2.329766e+03 1.934843e+03
1.020999e-02 3.232331e+03 -3.041334e+02 -4.025590e+01 2.119323e+03 1.930337e+03
1.027280e-02 3.108920e+03 -2.987883e+02 -2.861165e+02 1.927065e+03 1.937565e+03
1.033567e-02 2.989561e+03 -2.907495e+02 -5.104773e+02 1.725714e+03 1.987045e+03
1.039854e-02 2.879516e+03 -2.806593e+02 -7.250498e+02 1.565852e+03 1.954338e+03
1.046130e-02 2.779121e+03 -2.709699e+02 -9.220115e+02 1.411042e+03 1.951397e+03
1.052408e-02 2.682074e+03 -2.571903e+02 -1.108739e+03 1.266730e+03 1.926742e+03
1.058689e-02 2.592223e+03 -2.444137e+02 -1.288018e+03 1.116501e+03 1.955581e+03
1.064973e-02 2.508271e+03 -2.297123e+02 -1.443225e+03 9.954899e+02 1.930475e+03
1.071266e-02 2.434457e+03 -2.159276e+02 -1.593629e+03 8.918318e+02 1.901051e+03
1.077552e-02 2.360391e+03 -1.980197e+02 -1.735001e+03 7.753867e+02 1.895512e+03
1.083829e-02 2.293589e+03 -1.813192e+02 -1.860413e+03 6.753263e+02 1.895384e+03
1.090115e-02 2.233829e+03 -1.643410e+02 -1.978513e+03 5.881122e+02 1.883368e+03
1.096400e-02 2.176479e+03 -1.445573e+02 -2.077331e+03 5.237067e+02 1.819059e+03
1.102688e-02 2.125323e+03 -1.258797e+02 -2.176060e+03 4.458830e+02 1.819665e+03
1.108967e-02 2.075469e+03 -1.052567e+02 -2.258741e+03 3.791641e+02 1.801936e+03
1.115232e-02 2.032283e+03 -8.507695e+01 -2.331679e+03 3.289055e+02 1.767693e+03
1.121507e-02 1.996088e+03 -6.522698e+01 -2.403533e+03 2.811198e+02 1.747281e+03
1.127797e-02 1.956475e+03 -4.414304e+01 -2.454595e+03 2.379835e+02 1.730054e+03
1.134099e-02 1.927487e+03 -2.251789e+01 -2.509005e+03 2.033450e+02 1.706503e+03
1.140372e-02 1.892718e+03 -6.929610e-01 -2.542619e+03 1.671556e+02 1.693217e+03
1.146650e-02 1.871236e+03 2.057999e+01 -2.579524e+03 1.522091e+02 1.656609e+03
1.152952e-02 1.846067e+03 4.265409e+01 -2.603207e+03 1.284775e+02 1.650397e+03
1.159236e-02 1.823693e+03 6.509170e+01 -2.619639e+03 1.112669e+02 1.632866e+03
1.165521e-02 1.808320e+03 8.701349e+01 -2.636081e+03 1.006740e+02 1.622874e+03
1.171802e-02 1.787962e+03 1.087914e+02 -2.628415e+03 1.045821e+02 1.580547e+03
1.178091e-02 1.777574e+03 1.317892e+02 -2.637725e+03 9.090975e+01 1.596148e+03
1.184377e-02 1.762989e+03 1.525402e+02 -2.625441e+03 9.637650e+01 1.577517e+03
1.190645e-02 1.753855e+03 1.761538e+02 -2.612063e+03 9.894786e+01 1.566127e+03
1.196918e-02 1.745278e+03 1.973920e+02 -2.594571e+03 1.078456e+02 1.559465e+03
1.203205e-02 1.734762e+03 2.186615e+02 -2.563559e+03 1.195268e+02 1.545206e+03
1.209494e-02 1.732868e+03 2.404499e+02 -2.544103e+03 1.289410e+02 1.557910e+03
1.215771e-02 1.724386e+03 2.606308e+02 -2.502162e+03 1.491270e+02 1.539166e+03
1.222054e-02 1.721561e+03 2.826276e+02 -2.471684e+03 1.559571e+02 1.566120e+03
1.228344e-02 1.719742e+03 3.022601e+02 -2.429062e+03 1.810571e+02 1.556850e+03
1.234640e-02 1.716990e+03 3.233177e+02 -2.382149e+03 2.000437e+02 1.561093e+03
1.240915e-02 1.718220e+03 3.429556e+02 -2.339825e+03 2.209095e+02 1.580589e+03
1.247184e-02 1.710417e+03 3.605512e+02 -2.280786e+03 2.370457e+02 1.589622e+03
1.253470e-02 1.716729e+03 3.814796e+02 -2.230783e+03 2.683919e+02 1.600376e+03
1.259754e-02 1.714248e+03 3.985437e+02 -2.171950e+03 2.912191e+02 1.615261e+03
1.266036e-02 1.713334e+03 4.159017e+02 -2.112873e+03 3.126416e+02 1.637128e+03
1.272320e-02 1.714655e+03 4.350015e+02 -2.052607e+03 3.347798e+02 1.662074e+03
1.278608e-02 1.715401e+03 4.497652e+02 -1.985627e+03 3.685844e+02 1.673672e+03
1.284892e-02 1.718004e+03 4.664051e+02 -1.924295e+03 3.928709e+02 1.707303e+03
1.291183e-02 1.716305e+03 4.812903e+02 -1.855652e+03 4.151489e+02 1.736609e+03
1.297477e-02 1.716097e+03 4.960372e+02 -1.784500e+03 4.417627e+02 1.761619e+03
1.303751e-02 1.718577e+03 5.109268e+02 -1.718982e+03 4.659838e+02 1.799411e+03
1.310022e-02 1.717917e+03 5.219772e+02 -1.643507e+03 5.001083e+02 1.816873e+03
1.316309e-02 1.719150e+03 5.378454e+02 -1.576159e+03 5.200923e+02 1.859492e+03
1.322594e-02 1.715259e+03 5.454232e+02 -1.499923e+03 5.433805e+02 1.896434e+03
1.328870e-02 1.718990e+03 5.596360e+02 -1.430618e+03 5.710084e+02 1.935371e+03
1.335152e-02 1.716668e+03 5.682587e+02 -1.357235e+03 5.952393e+02 1.973787e+03
1.341448e-02 1.714557e+03 5.773223e+02 -1.285088e+03 6.183989e+02 2.011208e+03
1.347734e-02 1.713255e+03 5.880512e+02 -1.210615e+03 6.401999e+02 2.054618e+03
1.354004e-02 1.709202e+03 5.927005e+02 -1.134558e+03 6.612909e+02 2.097792e+03
1.360289e-02 1.708987e+03 6.025013e+02 -1.061084e+03 6.906784e+02 2.128289e+03
1.366571e-02 1.703746e+03 6.059297e+02 -9.910755e+02 7.064902e+02 2.179292e+03
1.372857e-02 1.700400e+03 6.131681e+02 -9.158611e+02 7.289016e+02 2.217000e+03
1.379141e-02 1.697441e+03 6.178416e+02 -8.459587e+02 7.460785e+02 2.271730e+03
1.385412e-02 1.689688e+03 6.195220e+02 -7.753471e+02 7.631823e+02 2.310359e+03
1.391702e-02 1.686944e+03 6.248645e+02 -7.051437e+02 7.862228e+02 2.349944e+03
1.397990e-02 1.680030e+03 6.249646e+02 -6.323754e+02 8.004963e+02 2.399380e+03
1.404272e-02 1.672874e+03 6.265535e+02 -5.665876e+02 8.138087e+02 2.444582e+03
1.410560e-02 1.665658e+03 6.269793e+02 -4.954991e+02 8.310831e+02 2.486375e+03
1.416843e-02 1.658176e+03 6.269804e+02 -4.312149e+02 8.471660e+02 2.524356e+03
1.423121e-02 1.651386e+03 6.264893e+02 -3.676877e+02 8.598144e+02 2.571102e+03
1.429401e-02 1.639040e+03 6.225710e+02 -3.021180e+02 8.659572e+02 2.615544e+03
1.435689e-02 1.632426e+03 6.219067e+02 -2.393605e+02 8.817431e+02 2.656257e+03
1.441980e-02 1.621306e+03 6.170588e+02 -1.796936e+02 8.903120e+02 2.694210e+03
1.448261e-02 1.612983e+03 6.140808e+02 -1.173761e+02 9.023227e+02 2.736783e+03
1.454538e-02 1.600279e+03 6.097003e+02 -5.801092e+01 9.090583e+02 2.774451e+03
1.460822e-02 1.587987e+03 6.027731e+02 -4.989304e+00 9.110308e+02 2.816127e+03
1.467115e-02 1.577347e+03 5.982473e+02 4.957891e+01 9.219488e+02 2.846101e+03
1.473401e-02 1.564704e+03 5.901585e+02 1.049260e+02 9.257352e+02 2.884116e+03
1.479676e-02 1.553073e+03 5.840001e+02 1.579057e+02 9.297006e+02 2.923977e+03
1.485961e-02 1.537700e+03 5.757229e+02 2.045708e+02 9.301012e+02 2.950756e+03
1.492239e-02 1.525756e+03 5.673769e+02 2.536918e+02 9.337579e+02 2.985363e+03
1.498506e-02 1.510940e+03 5.597003e+02 2.996554e+02 9.351734e+02 3.010820e+03
1.504789e-02 1.495627e+03 5.478202e+02 3.429541e+02 9.338469e+02 3.038231e+03
1.511078e-02 1.480136e+03 5.398030e+02 3.877926e+02 9.312500e+02 3.067099e+03
1.517364e-02 1.467408e+03 5.291255e+02 4.291719e+02 9.312255e+02 3.095561e+03
1.523654e-02 1.451497e+03 5.186909e+02 4.627843e+02 9.274122e+02 3.114470e+03
1.529942e-02 1.435769e+03 5.083188e+02 5.027230e+02 9.233974e+02 3.139992e+03
1.536235e-02 1.418037e+03 4.955146e+02 5.369600e+02 9.151093e+02 3.158507e+03
1.542517e-02 1.402961e+03 4.853292e+02 5.695298e+02 9.101770e+02 3.177457e+03
1.548789e-02 1.387389e+03 4.725766e+02 5.988515e+02 9.046095e+02 3.193708e+03
1.555076e-02 1.369182e+03 4.606189e+02 6.315776e+02 8.966377e+02 3.206705e+03
1.561359e-02 1.353001e+03 4.484216e+02 6.570011e+02 8.868079e+02 3.221594e+03
1.567632e-02 1.333960e+03 4.348515e+02 6.828354e+02 8.755996e+02 3.230537e+03
1.573917e-02 1.318924e+03 4.238748e+02 7.056618e+02 8.693360e+02 3.237833e+03
1.580208e-02 1.299255e+03 4.090635e+02 7.259105e+02 8.551743e+02 3.243648e+03
1.586491e-02 1.283214e+03 3.973743e+02 7.462943e+02 8.418605e+02 3.254219e+03
1.592764e-02 1.265694e+03 3.841243e+02 7.636785e+02 8.290185e+02 3.259494e+03
1.599049e-02 1.247098e+03 3.707874e+02 7.792881e+02 8.175904e+02 3.254061e+03
1.605344e-02 1.231471e+03 3.588308e+02 7.936919e+02 8.017464e+02 3.263079e+03
1.624590e-02 1.173597e+03 2.544577e+02 8.045765e+02 9.066563e+02 3.243301e+03
1.642530e-02 1.124280e+03 2.205373e+02 8.254270e+02 8.519140e+02 3.220066e+03
1.660477e-02 1.074539e+03 1.856046e+02 8.354618e+02 7.930014e+02 3.196644e+03
1.678430e-02 1.022977e+03 1.552692e+02 8.196757e+02 7.283428e+02 3.128071e+03
1.696359e-02 9.722764e+02 1.238044e+02 7.950826e+02 6.662278e+02 3.056681e+03
1.714294e-02 9.237641e+02 9.539257e+01 7.752461e+02 5.996130e+02 2.992468e+03
1.732202e-02 8.748759e+02 6.811361e+01 7.328499e+02 5.282988e+02 2.903571e+03
1.750141e-02 8.302970e+02 4.672144e+01 6.793836e+02 4.645107e+02 2.808137e+03
1.768181e-02 7.848342e+02 2.394324e+01 6.378775e+02 3.937074e+02 2.713599e+03
1.786131e-02 7.437778e+02 5.652033e+00 5.719623e+02 3.291754e+02 2.614227e+03
1.804025e-02 7.015852e+02 -1.086551e+01 5.126337e+02 2.618649e+02 2.504166e+03
1.822032e-02 6.596587e+02 -2.339580e+01 4.449901e+02 2.048309e+02 2.376332e+03
1.839987e-02 6.236622e+02 -3.461280e+01 3.753330e+02 1.445260e+02 2.266431e+03
1.857923e-02 5.874198e+02 -4.355300e+01 3.111422e+02 8.975433e+01 2.148608e+03
1.875889e-02 5.512786e+02 -4.995657e+01 2.379286e+02 4.138304e+01 2.020898e+03
1.893827e-02 5.196780e+02 -5.360079e+01 1.758871e+02 -5.347771e+00 1.903318e+03
1.911768e-02 4.895541e+02 -5.616245e+01 1.033393e+02 -4.702162e+01 1.783430e+03
1.929737e-02 4.606553e+02 -5.701673e+01 4.248906e+01 -8.328480e+01 1.665810e+03
1.947670e-02 4.325355e+02 -5.544077e+01 -1.800110e+01 -1.129963e+02 1.545653e+03
1.965601e-02 4.068589e+02 -5.318465e+01 -7.695905e+01 -1.387109e+02 1.429152e+03
1.983541e-02 3.837767e+02 -4.893656e+01 -1.293753e+02 -1.606228e+02 1.319982e+03
2.001489e-02 3.617212e+02 -4.543315e+01 -1.782218e+02 -1.773823e+02 1.217925e+03
2.019468e-02 3.408968e+02 -3.890957e+01 -2.231217e+02 -1.883217e+02 1.111379e+03
2.037444e-02 3.220098e+02 -3.286037e+01 -2.619045e+02 -1.953572e+02 1.015642e+03
2.055417e-02 3.047244e+02 -2.641297e+01 -2.965807e+02 -1.987882e+02 9.254825e+02
2.073390e-02 2.889796e+02 -1.902956e+01 -3.241275e+02 -1.985862e+02 8.408868e+02
2.091338e-02 2.742201e+02 -1.160803e+01 -3.492275e+02 -1.931483e+02 7.623932e+02
2.109302e-02 2.613016e+02 -4.179890e+00 -3.666162e+02 -1.869894e+02 6.907975e+02
2.127237e-02 2.489724e+02 2.900386e+00 -3.792099e+02 -1.761166e+02 6.259136e+02
2.145116e-02 2.390192e+02 1.067162e+01 -3.893522e+02 -1.650825e+02 5.702241e+02
2.163077e-02 2.285852e+02 1.784327e+01 -3.905839e+02 -1.499407e+02 5.166901e+02
2.181049e-02 2.209041e+02 2.454917e+01 -3.915071e+02 -1.341401e+02 4.751415e+02
2.198999e-02 2.132991e+02 3.187448e+01 -3.860590e+02 -1.177515e+02 4.377559e+02
2.216980e-02 2.069842e+02 3.753844e+01 -3.779673e+02 -1.003464e+02 4.093607e+02
2.234970e-02 2.008275e+02 4.363644e+01 -3.646401e+02 -8.175210e+01 3.842511e+02
2.252980e-02 1.960548e+02 4.904747e+01 -3.493529e+02 -6.339741e+01 3.675284e+02
2.270853e-02 1.920344e+02 5.375451e+01 -3.311754e+02 -4.500729e+01 3.561971e+02
2.288717e-02 1.875594e+02 5.815805e+01 -3.096396e+02 -2.770671e+01 3.494034e+02
2.306686e-02 1.852362e+02 6.152409e+01 -2.880541e+02 -9.796257e+00 3.499598e+02
2.324649e-02 1.818959e+02 6.492493e+01 -2.625592e+02 6.459290e+00 3.523509e+02
2.342617e-02 1.799796e+02 6.744376e+01 -2.372937e+02 2.250136e+01 3.607563e+02
2.360560e-02 1.776059e+02 6.921942e+01 -2.107320e+02 3.613380e+01 3.715402e+02
2.378549e-02 1.757048e+02 7.087705e+01 -1.821790e+02 5.014770e+01 3.855260e+02
2.396571e-02 1.745399e+02 7.121080e+01 -1.559311e+02 6.237542e+01 4.026588e+02
2.414482e-02 1.725905e+02 7.164916e+01 -1.270808e+02 7.261732e+01 4.203612e+02
2.432376e-02 1.713842e+02 7.076698e+01 -1.008540e+02 8.213198e+01 4.402287e+02
2.450343e-02 1.698504e+02 7.008895e+01 -7.334067e+01 9.007557e+01 4.608725e+02
2.468304e-02 1.687438e+02 6.858679e+01 -4.799877e+01 9.651943e+01 4.819061e+02
2.486245e-02 1.672035e+02 6.646194e+01 -2.359243e+01 1.016253e+02 5.026578e+02
2.504187e-02 1.653451e+02 6.411253e+01 8.123327e-01 1.046552e+02 5.220621e+02
2.522156e-02 1.642973e+02 6.115816e+01 2.130820e+01 1.074128e+02 5.423171e+02
2.540110e-02 1.624495e+02 5.814270e+01 4.306734e+01 1.083979e+02 5.602310e+02
2.558029e-02 1.606359e+02 5.460461e+01 6.058944e+01 1.077818e+02 5.763780e+02
2.575992e-02 1.585558e+02 5.079237e+01 7.757068e+01 1.069626e+02 5.899857e+02
2.593954e-02 1.565262e+02 4.699871e+01 9.367957e+01 1.038719e+02 6.038863e+02
2.611933e-02 1.543748e+02 4.289930e+01 1.044488e+02 1.005057e+02 6.130369e+02
2.629913e-02 1.516954e+02 3.855689e+01 1.170146e+02 9.582836e+01 6.210639e+02
2.647853e-02 1.492270e+02 3.436012e+01 1.245586e+02 9.108379e+01 6.257572e+02
2.665812e-02 1.463390e+02 3.018488e+01 1.323761e+02 8.520392e+01 6.284508e+02
2.683805e-02 1.433644e+02 2.596297e+01 1.377148e+02 7.868708e+01 6.288642e+02
2.701719e-02 1.404311e+02 2.182204e+01 1.389804e+02 7.161157e+01 6.259790e+02
2.719620e-02 1.368052e+02 1.764000e+01 1.425265e+02 6.433694e+01 6.209640e+02
2.737553e-02 1.336147e+02 1.398187e+01 1.399089e+02 5.701157e+01 6.130291e+02
2.755538e-02 1.299879e+02 1.018131e+01 1.389607e+02 4.912658e+01 6.038460e+02
2.773538e-02 1.262713e+02 6.721546e+00 1.348470e+02 4.149716e+01 5.914147e+02
2.791455e-02 1.225730e+02 3.488791e+00 1.297133e+02 3.399269e+01 5.776042e+02
2.809381e-02 1.183978e+02 4.444944e-01 1.240486e+02 2.631062e+01 5.611731e+02
2.827308e-02 1.148665e+02 -2.180750e+00 1.150605e+02 1.921422e+01 5.441377e+02
2.845277e-02 1.106222e+02 -4.743020e+00 1.080738e+02 1.215426e+01 5.252096e+02
2.863250e-02 1.066216e+02 -6.915329e+00 9.757488e+01 5.389225e+00 5.041485e+02
2.881166e-02 1.025501e+02 -8.733615e+00 8.751207e+01 -8.090164e-01 4.827163e+02
2.899137e-02 9.859240e+01 -1.046005e+01 7.823141e+01 -6.054766e+00 4.613599e+02
2.917126e-02 9.455243e+01 -1.166614e+01 6.546504e+01 -1.149985e+01 4.372912e+02
2.935071e-02 9.047848e+01 -1.282031e+01 5.528794e+01 -1.615940e+01 4.143772e+02
2.953030e-02 8.677495e+01 -1.351209e+01 4.303478e+01 -2.010337e+01 3.904491e+02
2.970997e-02 8.282457e+01 -1.396711e+01 3.188484e+01 -2.333156e+01 3.665060e+02
2.988940e-02 7.919754e+01 -1.430413e+01 2.069725e+01 -2.622780e+01 3.432375e+02
3.006874e-02 7.560375e+01 -1.425335e+01 9.326699e+00 -2.845071e+01 3.196666e+02
3.024815e-02 7.194776e+01 -1.399465e+01 -7.938954e-01 -2.999707e+01 2.967010e+02
3.042767e-02 6.897239e+01 -1.354558e+01 -1.211650e+01 -3.091450e+01 2.747939e+02
3.060744e-02 6.564394e+01 -1.299129e+01 -2.118126e+01 -3.138528e+01 2.535757e+02
3.078708e-02 6.268040e+01 -1.208438e+01 -3.062443e+01 -3.135981e+01 2.328567e+02
3.096646e-02 5.989425e+01 -1.111936e+01 -3.909770e+01 -3.078461e+01 2.137216e+02
3.114600e-02 5.721652e+01 -1.006897e+01 -4.639577e+01 -2.974698e+01 1.957904e+02
3.132546e-02 5.498066e+01 -8.835421e+00 -5.375498e+01 -2.820000e+01 1.791276e+02
3.150520e-02 5.259642e+01 -7.507776e+00 -5.959369e+01 -2.645324e+01 1.635845e+02
3.168484e-02 5.069138e+01 -6.093559e+00 -6.503211e+01 -2.436550e+01 1.497499e+02
3.186375e-02 4.882687e+01 -4.684306e+00 -6.930847e+01 -2.191652e+01 1.373763e+02
3.204302e-02 4.715338e+01 -3.229020e+00 -7.249137e+01 -1.913320e+01 1.262166e+02
3.222277e-02 4.586310e+01 -1.686123e+00 -7.552231e+01 -1.639142e+01 1.170912e+02
3.240259e-02 4.444621e+01 -2.634339e-01 -7.678842e+01 -1.343476e+01 1.090180e+02
3.258186e-02 4.356648e+01 1.228912e+00 -7.808699e+01 -1.036548e+01 1.028501e+02
3.276123e-02 4.263747e+01 2.642450e+00 -7.793090e+01 -7.141844e+00 9.786282e+01
3.294133e-02 4.197723e+01 4.034412e+00 -7.734086e+01 -4.046398e+00 9.445126e+01
3.312088e-02 4.142724e+01 5.321760e+00 -7.589003e+01 -9.798386e-01 9.232270e+01
3.330035e-02 4.099615e+01 6.552164e+00 -7.360470e+01 2.048361e+00 9.154636e+01
3.347992e-02 4.089965e+01 7.726298e+00 -7.125834e+01 4.940496e+00 9.208659e+01
3.365971e-02 4.060610e+01 8.758399e+00 -6.744071e+01 7.782096e+00 9.323024e+01
3.383927e-02 4.076053e+01 9.723768e+00 -6.403565e+01 1.031746e+01 9.616103e+01
3.401835e-02 4.071624e+01 1.056074e+01 -5.945846e+01 1.279137e+01 9.920663e+01
3.419757e-02 4.093660e+01 1.131057e+01 -5.492021e+01 1.499917e+01 1.036059e+02
3.437723e-02 4.118570e+01 1.194787e+01 -5.005232e+01 1.692211e+01 1.084311e+02
3.455683e-02 4.141654e+01 1.246911e+01 -4.461377e+01 1.884392e+01 1.138127e+02
3.473619e-02 4.181182e+01 1.285363e+01 -3.953304e+01 2.015768e+01 1.198216e+02
3.491584e-02 4.211111e+01 1.316097e+01 -3.394994e+01 2.151115e+01 1.259628e+02
3.509556e-02 4.244817e+01 1.332234e+01 -2.837163e+01 2.245460e+01 1.323417e+02
3.527533e-02 4.273687e+01 1.337810e+01 -2.287328e+01 2.312637e+01 1.387283e+02
3.545456e-02 4.305591e+01 1.338367e+01 -1.729285e+01 2.387463e+01 1.452511e+02
3.563370e-02 4.331355e+01 1.317810e+01 -1.246902e+01 2.364281e+01 1.514787e+02
3.581332e-02 4.356116e+01 1.296814e+01 -6.961359e+00 2.397184e+01 1.578120e+02
3.599287e-02 4.369871e+01 1.257552e+01 -2.363329e+00 2.355121e+01 1.634666e+02
3.617240e-02 4.380001e+01 1.215129e+01 2.111747e+00 2.305614e+01 1.688262e+02
3.635196e-02 4.371955e+01 1.163985e+01 6.589516e+00 2.247218e+01 1.734127e+02
3.653161e-02 4.377220e+01 1.101288e+01 1.027604e+01 2.150379e+01 1.781975e+02
3.671117e-02 4.361871e+01 1.036708e+01 1.396988e+01 2.056911e+01 1.819687e+02
3.689084e-02 4.335533e+01 9.596114e+00 1.682547e+01 1.925765e+01 1.848600e+02
3.707056e-02 4.306109e+01 8.812633e+00 1.948214e+01 1.792543e+01 1.873738e+02
3.724984e-02 4.261625e+01 7.973343e+00 2.179349e+01 1.648569e+01 1.888877e+02
3.742914e-02 4.225543e+01 7.097713e+00 2.335554e+01 1.488679e+01 1.903194e+02
3.760871e-02 4.153475e+01 6.184213e+00 2.487055e+01 1.322852e+01 1.899291e+02
3.778826e-02 4.101533e+01 5.300882e+00 2.542642e+01 1.154980e+01 1.897738e+02
3.796764e-02 4.025894e+01 4.349565e+00 2.610906e+01 9.790698e+00 1.885574e+02
3.814709e-02 3.954009e+01 3.452638e+00 2.595183e+01 7.983965e+00 1.867331e+02
3.832696e-02 3.861713e+01 2.551829e+00 2.538938e+01 6.139870e+00 1.836648e+02
3.850665e-02 3.771602e+01 1.665777e+00 2.476324e+01 4.335211e+00 1.804912e+02
3.868582e-02 3.686329e+01 8.745317e-01 2.343024e+01 2.617517e+00 1.768672e+02
3.886530e-02 3.581347e+01 4.009635e-02 2.201789e+01 8.387090e-01 1.722705e+02
3.904481e-02 3.480473e+01 -6.698475e-01 2.003331e+01 -8.024280e-01 1.672110e+02
3.922441e-02 3.375055e+01 -1.353238e+00 1.796027e+01 -2.443646e+00 1.618369e+02
3.940396e-02 3.275926e+01 -1.971573e+00 1.574736e+01 -3.972884e+00 1.564304e+02
3.958316e-02 3.161136e+01 -2.487006e+00 1.289805e+01 -5.398266e+00 1.498029e+02
3.976287e-02 3.052614e+01 -2.959932e+00 1.034521e+01 -6.723005e+00 1.435201e+02
3.994250e-02 2.949225e+01 -3.353340e+00 7.391040e+00 -7.959197e+00 1.370890e+02
4.012200e-02 2.840067e+01 -3.636393e+00 4.456968e+00 -9.021067e+00 1.302579e+02
4.030171e-02 2.731466e+01 -3.864767e+00 1.478239e+00 -9.972072e+00 1.233425e+02
4.048123e-02 2.629981e+01 -4.005418e+00 -1.602080e+00 -1.079974e+01 1.166002e+02
4.066058e-02 2.528267e+01 -4.050019e+00 -4.576583e+00 -1.145983e+01 1.098818e+02
4.084001e-02 2.427375e+01 -4.032012e+00 -7.590079e+00 -1.195576e+01 1.029547e+02
4.101966e-02 2.331556e+01 -3.935692e+00 -1.032613e+01 -1.233957e+01 9.656806e+01
4.119937e-02 2.238255e+01 -3.768194e+00 -1.317022e+01 -1.251869e+01 9.000821e+01
4.137874e-02 2.153429e+01 -3.550764e+00 -1.568473e+01 -1.261425e+01 8.413702e+01
4.155813e-02 2.066771e+01 -3.241575e+00 -1.808723e+01 -1.251812e+01 7.819339e+01
4.173777e-02 1.988512e+01 -2.901264e+00 -2.035515e+01 -1.229168e+01 7.267892e+01
4.191752e-02 1.912637e+01 -2.502585e+00 -2.230718e+01 -1.191800e+01 6.751762e+01
4.209699e-02 1.845963e+01 -2.074977e+00 -2.412489e+01 -1.144219e+01 6.277848e+01
4.227635e-02 1.779052e+01 -1.611427e+00 -2.556414e+01 -1.084693e+01 5.845936e+01
4.245594e-02 1.718760e+01 -1.115361e+00 -2.680218e+01 -1.010044e+01 5.443014e+01
4.263530e-02 1.665942e+01 -6.155648e-01 -2.780971e+01 -9.305306e+00 5.100292e+01
4.281442e-02 1.615678e+01 -9.260980e-02 -2.845320e+01 -8.370744e+00 4.790302e+01
4.299392e-02 1.575464e+01 4.300047e-01 -2.900891e+01 -7.416161e+00 4.542152e+01
4.317364e-02 1.532661e+01 9.314709e-01 -2.904759e+01 -6.374980e+00 4.318302e+01
4.335324e-02 1.502804e+01 1.443515e+00 -2.905992e+01 -5.301759e+00 4.159460e+01
4.353285e-02 1.474595e+01 1.933424e+00 -2.869876e+01 -4.160616e+00 4.034657e+01
4.371256e-02 1.449608e+01 2.388969e+00 -2.808286e+01 -3.039132e+00 3.952843e+01
4.389237e-02 1.431451e+01 2.814299e+00 -2.730345e+01 -1.890721e+00 3.912908e+01
4.407181e-02 1.416557e+01 3.214965e+00 -2.622791e+01 -7.599545e-01 3.912010e+01
4.425100e-02 1.409874e+01 3.577294e+00 -2.512157e+01 3.428375e-01 3.958289e+01
4.443069e-02 1.401622e+01 3.898643e+00 -2.362811e+01 1.429324e+00 4.022395e+01
4.461032e-02 1.399239e+01 4.169121e+00 -2.213687e+01 2.429591e+00 4.127233e+01
4.478953e-02 1.402219e+01 4.393958e+00 -2.047396e+01 3.420387e+00 4.259165e+01
4.496901e-02 1.404753e+01 4.585926e+00 -1.862448e+01 4.335326e+00 4.413861e+01
4.514874e-02 1.414984e+01 4.706718e+00 -1.687351e+01 5.134995e+00 4.596586e+01
4.532821e-02 1.421946e+01 4.806170e+00 -1.485045e+01 5.900186e+00 4.786411e+01
4.550745e-02 1.435101e+01 4.845402e+00 -1.296027e+01 6.527398e+00 4.998440e+01
4.568707e-02 1.447895e+01 4.841264e+00 -1.094111e+01 7.100009e+00 5.216450e+01
4.586694e-02 1.462790e+01 4.806911e+00 -8.943722e+00 7.579791e+00 5.447686e+01
4.617836e-02 1.494962e+01 4.179362e+00 -5.736532e+00 9.564285e+00 5.862387e+01
4.680927e-02 1.537369e+01 3.509368e+00 2.571351e-01 9.635421e+00 6.583801e+01
4.743756e-02 1.568948e+01 2.604744e+00 4.966810e+00 8.638177e+00 7.147814e+01
4.806661e-02 1.576267e+01 1.514986e+00 7.781660e+00 6.757970e+00 7.493804e+01
4.869280e-02 1.544712e+01 4.638807e-01 8.145437e+00 4.223699e+00 7.474586e+01
4.931779e-02 1.455057e+01 -4.904614e-01 7.044009e+00 1.572427e+00 7.080333e+01
4.994581e-02 1.355090e+01 -1.218048e+00 4.492921e+00 -8.306964e-01 6.507326e+01
5.057480e-02 1.216862e+01 -1.685949e+00 7.546116e-01 -2.879306e+00 5.664123e+01
5.120302e-02 1.081330e+01 -1.846782e+00 -3.416590e+00 -4.220598e+00 4.760538e+01
5.183209e-02 9.373691e+00 -1.675825e+00 -7.346231e+00 -4.663996e+00 3.811372e+01
5.246116e-02 8.188861e+00 -1.275169e+00 -1.063956e+01 -4.426654e+00 2.999197e+01
5.308896e-02 7.279597e+00 -6.773297e-01 -1.285746e+01 -3.539023e+00 2.371647e+01
5.371721e-02 6.676292e+00 3.942784e-03 -1.377190e+01 -2.141838e+00 1.971167e+01
5.434780e-02 6.400968e+00 7.069475e-01 -1.333526e+01 -5.165200e-01 1.810567e+01
5.497604e-02 6.395768e+00 1.318677e+00 -1.167499e+01 1.128160e+00 1.879206e+01
5.560013e-02 6.629359e+00 1.796898e+00 -9.085213e+00 2.554109e+00 2.139475e+01
5.622954e-02 6.947317e+00 2.052547e+00 -5.838030e+00 3.619080e+00 2.514853e+01
5.686173e-02 7.320917e+00 2.112832e+00 -2.540875e+00 4.174764e+00 2.946983e+01
5.748940e-02 7.603372e+00 1.933108e+00 6.230094e-01 4.165508e+00 3.356276e+01
5.811669e-02 7.805106e+00 1.577995e+00 3.128206e+00 3.711444e+00 3.690520e+01
5.874554e-02 7.738766e+00 1.077956e+00 4.869208e+00 2.860502e+00 3.858365e+01
5.937282e-02 7.580037e+00 5.239530e-01 5.504952e+00 1.667046e+00 3.900989e+01
6.000021e-02 7.214563e+00 -1.536691e-02 5.300173e+00 4.321000e-01 3.771902e+01
6.062750e-02 6.699598e+00 -4.749146e-01 4.198200e+00 -7.408211e-01 3.491251e+01
6.125597e-02 6.102381e+00 -8.111420e-01 2.419505e+00 -1.706642e+00 3.104724e+01
6.188682e-02 5.461421e+00 -9.947378e-01 4.036083e-01 -2.359214e+00 2.660146e+01
6.251462e-02 4.838921e+00 -9.942849e-01 -1.841522e+00 -2.614352e+00 2.190816e+01
6.314049e-02 4.259042e+00 -8.534972e-01 -3.746454e+00 -2.475316e+00 1.752686e+01
6.377015e-02 3.801661e+00 -6.037604e-01 -5.262649e+00 -2.016734e+00 1.394630e+01
6.439971e-02 3.477828e+00 -2.773092e-01 -6.226226e+00 -1.323451e+00 1.138006e+01
6.502803e-02 3.283760e+00 6.514542e-02 -6.518455e+00 -5.011665e-01 9.981013e+00
6.565852e-02 3.215345e+00 3.770020e-01 -6.168517e+00 3.194829e-01 9.684565e+00
6.628652e-02 3.272466e+00 6.265667e-01 -5.346790e+00 1.042201e+00 1.043676e+01
6.691319e-02 3.394317e+00 7.870614e-01 -4.174871e+00 1.555207e+00 1.185805e+01
6.754195e-02 3.553860e+00 8.467618e-01 -2.800916e+00 1.837824e+00 1.369614e+01
6.816923e-02 3.697598e+00 7.986833e-01 -1.488270e+00 1.835746e+00 1.552112e+01
6.879707e-02 3.788977e+00 6.581401e-01 -4.104013e-01 1.612955e+00 1.696255e+01
6.942589e-02 3.831717e+00 4.613228e-01 3.598839e-01 1.198933e+00 1.798334e+01
7.005350e-02 3.775003e+00 2.167652e-01 6.980063e-01 6.570872e-01 1.820314e+01
7.068149e-02 3.621673e+00 -2.132634e-02 6.126959e-01 8.710029e-02 1.758695e+01
7.131092e-02 3.408999e+00 -2.246159e-01 1.123267e-01 -4.531839e-01 1.634835e+01
7.194060e-02 3.142282e+00 -3.720760e-01 -6.548446e-01 -8.853226e-01 1.458762e+01
7.256947e-02 2.846859e+00 -4.410480e-01 -1.583245e+00 -1.157241e+00 1.251677e+01
7.319738e-02 2.544078e+00 -4.244748e-01 -2.542562e+00 -1.238620e+00 1.033591e+01
7.382604e-02 2.279938e+00 -3.404455e-01 -3.352855e+00 -1.142084e+00 8.420291e+00
7.445392e-02 2.069695e+00 -1.957061e-01 -3.949695e+00 -8.795464e-01 6.895424e+00
7.507965e-02 1.923219e+00 -1.661216e-02 -4.221542e+00 -5.044386e-01 5.917744e+00
7.570782e-02 1.842864e+00 1.648302e-01 -4.124775e+00 -6.222511e-02 5.521113e+00
7.633697e-02 1.850340e+00 3.308894e-01 -3.747250e+00 3.756388e-01 5.783173e+00
7.696614e-02 1.908641e+00 4.557986e-01 -3.061446e+00 7.591603e-01 6.520529e+00
7.759521e-02 2.012254e+00 5.239328e-01 -2.227486e+00 1.026272e+00 7.627167e+00
7.822404e-02 2.135613e+00 5.338815e-01 -1.297732e+00 1.164572e+00 8.915938e+00
7.885455e-02 2.249766e+00 4.804272e-01 -4.343326e-01 1.146026e+00 1.013696e+01
7.948034e-02 2.342102e+00 3.841312e-01 2.852240e-01 1.000600e+00 1.117757e+01
8.010544e-02 2.376335e+00 2.497495e-01 7.759980e-01 7.289070e-01 1.179972e+01
8.073519e-02 2.366296e+00 9.971634e-02 9.818006e-01 3.991281e-01 1.199567e+01
8.136420e-02 2.290942e+00 -4.773342e-02 9.459096e-01 3.509695e-02 1.170982e+01
8.199246e-02 2.167123e+00 -1.736626e-01 6.198611e-01 -2.977953e-01 1.096483e+01
8.262013e-02 1.993103e+00 -2.671954e-01 1.092221e-01 -5.725158e-01 9.809159e+00
8.325004e-02 1.807323e+00 -3.171298e-01 -5.099712e-01 -7.503207e-01 8.501606e+00
8.388076e-02 1.617437e+00 -3.186540e-01 -1.173861e+00 -8.098916e-01 7.089919e+00
8.450772e-02 1.450499e+00 -2.760138e-01 -1.766590e+00 -7.607110e-01 5.808662e+00
8.513407e-02 1.317805e+00 -1.936851e-01 -2.226349e+00 -6.059504e-01 4.749667e+00
8.576290e-02 1.228555e+00 -8.416229e-02 -2.484886e+00 -3.763089e-01 4.027968e+00
8.639170e-02 1.192897e+00 3.955510e-02 -2.538090e+00 -1.039855e-01 3.714607e+00
8.701933e-02 1.194518e+00 1.607762e-01 -2.355828e+00 1.734020e-01 3.770481e+00
8.764729e-02 1.236254e+00 2.634837e-01 -1.991366e+00 4.195699e-01 4.182806e+00
8.827546e-02 1.302468e+00 3.355651e-01 -1.494553e+00 6.023073e-01 4.855245e+00
8.890360e-02 1.374910e+00 3.654305e-01 -9.163043e-01 7.126457e-01 5.658522e+00
8.953185e-02 1.442653e+00 3.524510e-01 -3.457020e-01 7.209861e-01 6.462199e+00
9.016049e-02 1.492427e+00 3.011165e-01 1.564442e-01 6.548157e-01 7.152913e+00
9.078921e-02 1.523741e+00 2.187069e-01 5.334097e-01 5.055804e-01 7.678636e+00
9.141859e-02 1.518040e+00 1.180971e-01 7.214074e-01 3.059026e-01 7.872545e+00
9.204760e-02 1.480149e+00 1.106947e-02 7.423340e-01 8.255905e-02 7.778148e+00
9.267535e-02 1.414122e+00 -8.321615e-02 5.754937e-01 -1.350717e-01 7.387881e+00
9.330406e-02 1.319838e+00 -1.594591e-01 2.841245e-01 -3.230884e-01 6.736862e+00
9.393390e-02 1.212657e+00 -2.047843e-01 -1.183620e-01 -4.573001e-01 5.921595e+00
9.456102e-02 1.096887e+00 -2.178597e-01 -5.608935e-01 -5.229166e-01 5.014802e+00
9.518740e-02 9.860116e-01 -1.997337e-01 -9.777637e-01 -5.192555e-01 4.136040e+00
9.581568e-02 8.941133e-01 -1.551645e-01 -1.344433e+00 -4.519239e-01 3.379169e+00
9.644552e-02 8.169101e-01 -9.116277e-02 -1.584570e+00 -3.298543e-01 2.783049e+00
9.707482e-02 7.697575e-01 -1.703424e-02 -1.703024e+00 -1.753581e-01 2.427718e+00
9.770146e-02 7.508779e-01 5.671969e-02 -1.684403e+00 -1.288864e-02 2.316797e+00
9.832882e-02 7.530680e-01 1.198988e-01 -1.534873e+00 1.376339e-01 2.417886e+00
9.895640e-02 7.804368e-01 1.661040e-01 -1.303102e+00 2.574748e-01 2.718124e+00
9.958504e-02 8.126190e-01 1.901009e-01 -9.949776e-01 3.299737e-01 3.112005e+00
1.002139e-01 8.510228e-01 1.881642e-01 -6.853465e-01 3.508018e-01 3.549336e+00
1.008411e-01 8.820619e-01 1.656823e-01 -3.922490e-01 3.239179e-01 3.946009e+00
1.014708e-01 9.044275e-01 1.233931e-01 -1.595956e-01 2.458688e-01 4.257419e+00
1.021003e-01 9.083536e-01 7.064512e-02 -2.957959e-02 1.396628e-01 4.406504e+00
1.027279e-01 8.921888e-01 1.409669e-02 1.638881e-02 1.592566e-02 4.389665e+00
1.033572e-01 8.584127e-01 -3.697701e-02 -5.362259e-02 -1.047338e-01 4.194874e+00
1.039858e-01 8.089663e-01 -7.945485e-02 -1.863828e-01 -2.079301e-01 3.866932e+00
1.046130e-01 7.488209e-01 -1.044105e-01 -3.899915e-01 -2.776339e-01 3.427821e+00
1.052407e-01 6.844733e-01 -1.122475e-01 -6.175151e-01 -3.098789e-01 2.940768e+00
1.058684e-01 6.228036e-01 -1.017076e-01 -8.312879e-01 -2.992726e-01 2.461687e+00
1.064969e-01 5.717688e-01 -7.478475e-02 -1.015737e+00 -2.494098e-01 2.059813e+00
1.071273e-01 5.325165e-01 -3.691414e-02 -1.129709e+00 -1.722056e-01 1.756731e+00
1.077558e-01 5.101687e-01 6.984538e-03 -1.168932e+00 -7.541487e-02 1.598827e+00
1.083828e-01 5.049419e-01 5.102374e-02 -1.127199e+00 2.532909e-02 1.584554e+00
1.090114e-01 5.142162e-01 8.799353e-02 -1.011757e+00 1.172520e-01 1.707362e+00
1.096397e-01 5.360649e-01 1.136625e-01 -8.413804e-01 1.887681e-01 1.938277e+00
1.102684e-01 5.627218e-01 1.251206e-01 -6.339572e-01 2.306889e-01 2.226405e+00
1.108970e-01 5.921038e-01 1.208099e-01 -4.295078e-01 2.390618e-01 2.534111e+00
1.115233e-01 6.169787e-01 1.032242e-01 -2.444607e-01 2.145166e-01 2.807854e+00
1.121508e-01 6.325175e-01 7.420005e-02 -9.607732e-02 1.618599e-01 3.012464e+00
1.127798e-01 6.355635e-01 3.863818e-02 -1.799482e-02 8.722282e-02 3.103127e+00
1.134097e-01 6.254299e-01 1.140658e-03 2.106884e-03 3.564118e-03 3.087896e+00
1.140373e-01 6.032765e-01 -3.250397e-02 -5.766091e-02 -8.101665e-02 2.951376e+00
1.146647e-01 5.680589e-01 -5.922197e-02 -1.559511e-01 -1.470753e-01 2.718815e+00
1.152948e-01 5.275792e-01 -7.468091e-02 -2.977686e-01 -1.956753e-01 2.423020e+00
1.159235e-01 4.848293e-01 -7.798736e-02 -4.564548e-01 -2.134177e-01 2.096445e+00
1.165517e-01 4.434286e-01 -6.903888e-02 -6.009401e-01 -2.021244e-01 1.779516e+00
1.171799e-01 4.112909e-01 -4.850485e-02 -7.227339e-01 -1.621076e-01 1.521629e+00
1.178092e-01 3.867426e-01 -2.125471e-02 -7.914213e-01 -1.004414e-01 1.333001e+00
1.184382e-01 3.766210e-01 1.053192e-02 -8.101013e-01 -2.620207e-02 1.254371e+00
1.190649e-01 3.775559e-01 4.200896e-02 -7.663636e-01 5.078129e-02 1.273926e+00
1.196918e-01 3.894207e-01 6.856225e-02 -6.711535e-01 1.203499e-01 1.390850e+00
1.203206e-01 4.099980e-01 8.744511e-02 -5.359472e-01 1.728217e-01 1.584508e+00
1.209492e-01 4.348833e-01 9.656690e-02 -3.760348e-01 2.037815e-01 1.822054e+00
1.215770e-01 4.607417e-01 9.446523e-02 -2.165960e-01 2.069087e-01 2.073622e+00
1.222060e-01 4.809371e-01 8.202667e-02 -6.917605e-02 1.825406e-01 2.293762e+00
1.228351e-01 4.953193e-01 6.113120e-02 4.459026e-02 1.376485e-01 2.461840e+00
1.234639e-01 4.996720e-01 3.495807e-02 1.129658e-01 7.757448e-02 2.551760e+00
1.240910e-01 4.923553e-01 6.163107e-03 1.291131e-01 7.248018e-03 2.544831e+00
1.247182e-01 4.751924e-01 -2.049855e-02 9.244881e-02 -6.079358e-02 2.445127e+00
1.253470e-01 4.500201e-01 -4.285419e-02 1.648092e-02 -1.196153e-01 2.273000e+00
1.259754e-01 4.186977e-01 -5.716602e-02 -9.442381e-02 -1.617017e-01 2.038689e+00
1.266036e-01 3.841772e-01 -6.276356e-02 -2.213009e-01 -1.823344e-01 1.768972e+00
1.272319e-01 3.514747e-01 -5.866989e-02 -3.448062e-01 -1.803454e-01 1.503407e+00
1.278607e-01 3.240629e-01 -4.578750e-02 -4.526987e-01 -1.580920e-01 1.272010e+00
1.284890e-01 3.026708e-01 -2.590342e-02 -5.275441e-01 -1.172751e-01 1.091886e+00
1.291182e-01 2.898975e-01 -1.456242e-03 -5.618487e-01 -6.531685e-02 9.858797e-01
1.297470e-01 2.850859e-01 2.425320e-02 -5.499321e-01 -8.937189e-03 9.564608e-01
1.303744e-01 2.876258e-01 4.773914e-02 -4.969815e-01 4.437103e-02 1.005157e+00
1.310022e-01 2.968234e-01 6.621860e-02 -4.108382e-01 8.784869e-02 1.117515e+00
1.316312e-01 3.076633e-01 7.696948e-02 -2.989387e-01 1.172985e-01 1.266303e+00
1.322597e-01 3.205482e-01 7.886257e-02 -1.826744e-01 1.280774e-01 1.436912e+00
1.328871e-01 3.316419e-01 7.196941e-02 -6.857180e-02 1.204906e-01 1.598607e+00
1.335151e-01 3.397839e-01 5.710084e-02 2.086210e-02 9.650690e-02 1.729002e+00
1.341448e-01 3.409489e-01 3.700161e-02 8.176035e-02 5.912737e-02 1.800243e+00
1.347734e-01 3.375422e-01 1.399225e-02 1.072824e-01 1.357698e-02 1.817470e+00
1.354003e-01 3.284817e-01 -8.311745e-03 8.947824e-02 -3.319380e-02 1.769184e+00
1.360284e-01 3.131020e-01 -2.738282e-02 4.591901e-02 -7.460329e-02 1.662039e+00
1.366568e-01 2.942374e-01 -4.098968e-02 -3.397810e-02 -1.066063e-01 1.505722e+00
1.372858e-01 2.718370e-01 -4.740259e-02 -1.236804e-01 -1.244100e-01 1.319868e+00
1.379142e-01 2.503456e-01 -4.692968e-02 -2.196428e-01 -1.273904e-01 1.129911e+00
1.385416e-01 2.294845e-01 -3.969999e-02 -3.055600e-01 -1.149368e-01 9.494135e-01
1.391708e-01 2.117201e-01 -2.744987e-02 -3.726264e-01 -9.004554e-02 8.004062e-01
1.397994e-01 2.002181e-01 -1.170378e-02 -4.159017e-01 -5.651439e-02 6.995100e-01
1.404273e-01 1.932727e-01 4.527023e-03 -4.262557e-01 -1.895563e-02 6.480127e-01
1.410561e-01 1.923475e-01 1.984382e-02 -4.090644e-01 1.716511e-02 6.508223e-01
1.416844e-01 1.970849e-01 3.182669e-02 -3.672562e-01 4.778290e-02 7.020044e-01
1.423121e-01 2.052565e-01 3.967118e-02 -3.069457e-01 6.930838e-02 7.858444e-01
1.429401e-01 2.151756e-01 4.219290e-02 -2.390306e-01 7.824851e-02 8.877184e-01
1.435692e-01 2.252134e-01 3.952725e-02 -1.700218e-01 7.663224e-02 9.908415e-01
1.441983e-01 2.333164e-01 3.238661e-02 -1.133944e-01 6.286139e-02 1.078736e+00
1.448262e-01 2.381038e-01 2.202356e-02 -7.150166e-02 4.036928e-02 1.138590e+00
1.454539e-01 2.381290e-01 9.658296e-03 -5.180782e-02 1.244590e-02 1.158429e+00
1.460823e-01 2.333200e-01 -2.215913e-03 -5.661165e-02 -1.731926e-02 1.136239e+00
1.467115e-01 2.242504e-01 -1.276321e-02 -7.994917e-02 -4.485110e-02 1.079147e+00
1.473399e-01 2.117648e-01 -2.032075e-02 -1.207535e-01 -6.661292e-02 9.903434e-01
1.479676e-01 1.971541e-01 -2.397293e-02 -1.711876e-01 -7.957963e-02 8.826020e-01
1.485964e-01 1.818569e-01 -2.337758e-02 -2.238235e-01 -8.305745e-02 7.678615e-01
1.492243e-01 1.681834e-01 -1.930809e-02 -2.720297e-01 -7.662748e-02 6.638711e-01
1.498507e-01 1.570725e-01 -1.172247e-02 -3.074958e-01 -6.163792e-02 5.785474e-01
1.504788e-01 1.494655e-01 -2.420217e-03 -3.277752e-01 -3.997062e-02 5.223271e-01
1.511078e-01 1.459188e-01 7.704889e-03 -3.281674e-01 -1.606254e-02 4.980837e-01
1.517364e-01 1.462551e-01 1.699667e-02 -3.123219e-01 8.489696e-03 5.086683e-01
1.523652e-01 1.500719e-01 2.410692e-02 -2.810228e-01 2.903053e-02 5.468888e-01
1.529942e-01 1.555234e-01 2.835781e-02 -2.394094e-01 4.343759e-02 6.046922e-01
1.536237e-01 1.625638e-01 2.880227e-02 -1.943389e-01 5.023809e-02 6.720233e-01
1.542519e-01 1.682056e-01 2.597063e-02 -1.503949e-01 4.862110e-02 7.357803e-01
1.548791e-01 1.734609e-01 1.974877e-02 -1.171662e-01 3.957775e-02 7.885379e-01
1.555078e-01 1.747878e-01 1.201081e-02 -9.283759e-02 2.314790e-02 8.163916e-01
1.561363e-01 1.738217e-01 2.846259e-03 -8.718573e-02 3.772630e-03 8.187229e-01
1.567636e-01 1.696776e-01 -5.091601e-03 -9.512745e-02 -1.701766e-02 7.938342e-01
1.573916e-01 1.624343e-01 -1.218489e-02 -1.167204e-01 -3.688042e-02 7.436554e-01
1.580207e-01 1.536399e-01 -1.594744e-02 -1.493582e-01 -5.095058e-02 6.754994e-01
1.586492e-01 1.431074e-01 -1.705800e-02 -1.850880e-01 -5.913860e-02 5.967871e-01
1.592766e-01 1.332196e-01 -1.496728e-02 -2.211617e-01 -5.994363e-02 5.190468e-01
1.599049e-01 1.237927e-01 -1.017800e-02 -2.494007e-01 -5.262458e-02 4.506061e-01
1.605344e-01 1.169878e-01 -3.217321e-03 -2.681181e-01 -3.914481e-02 4.010205e-01
1.624649e-01 1.145621e-01 1.638860e-02 -2.354011e-01 2.321593e-02 4.069139e-01
1.642557e-01 1.300599e-01 2.174098e-02 -1.306651e-01 5.020654e-02 5.585853e-01
1.660459e-01 1.439574e-01 7.950177e-03 -5.101284e-02 2.491667e-02 6.845034e-01
1.678421e-01 1.379004e-01 -1.028920e-02 -6.356465e-02 -2.271681e-02 6.481337e-01
1.696353e-01 1.152364e-01 -1.519178e-02 -1.436548e-01 -4.393266e-02 4.815232e-01
1.714286e-01 9.556284e-02 -4.300895e-03 -2.070970e-01 -2.139883e-02 3.373051e-01
1.732198e-01 9.124467e-02 1.086478e-02 -1.934698e-01 1.616366e-02 3.329795e-01
1.750152e-01 9.915000e-02 1.349079e-02 -1.290523e-01 2.971026e-02 4.268317e-01
1.768177e-01 1.032925e-01 1.806259e-03 -8.868406e-02 8.039356e-03 4.829792e-01
1.786121e-01 9.397673e-02 -9.936702e-03 -1.172467e-01 -2.268636e-02 4.157255e-01
1.804030e-01 7.863747e-02 -7.023634e-03 -1.751727e-01 -2.392188e-02 2.956157e-01
1.822028e-01 7.262424e-02 9.349274e-03 -1.759314e-01 1.307444e-02 2.632003e-01
1.839998e-01 8.800665e-02 2.576624e-02 -8.460272e-02 5.671936e-02 4.005938e-01
1.857937e-01 1.135995e-01 2.550650e-02 5.281591e-02 6.348288e-02 6.280909e-01
1.875926e-01 1.270762e-01 6.724389e-03 1.322859e-01 2.418793e-02 7.569607e-01
1.893867e-01 1.187232e-01 -1.585852e-02 9.723797e-02 -2.742331e-02 6.895333e-01
1.911794e-01 9.241682e-02 -2.384026e-02 -2.202773e-02 -5.262060e-02 4.659720e-01
1.929763e-01 6.785236e-02 -1.197303e-02 -1.241275e-01 -3.534643e-02 2.612583e-01
1.947689e-01 6.067786e-02 8.033052e-03 -1.384092e-01 6.759854e-03 2.120551e-01
1.965614e-01 6.923620e-02 1.745528e-02 -7.023216e-02 3.182783e-02 3.068949e-01
1.983545e-01 8.016007e-02 1.072197e-02 2.302255e-03 2.289268e-02 4.225593e-01
2.001492e-01 7.883781e-02 -3.974566e-03 1.275177e-02 -8.496779e-03 4.313868e-01
2.019476e-01 6.472628e-02 -1.256535e-02 -4.058802e-02 -2.853473e-02 3.233131e-01
2.037448e-01 5.085973e-02 -8.154159e-03 -1.011050e-01 -2.135155e-02 2.040042e-01
2.055436e-01 4.725155e-02 3.609894e-03 -1.135152e-01 4.713576e-03 1.705779e-01
2.073409e-01 5.389941e-02 1.154014e-02 -7.289664e-02 2.271576e-02 2.335269e-01
2.091331e-01 6.057006e-02 7.806105e-03 -2.541868e-02 1.817482e-02 3.089600e-01
2.109295e-01 5.978251e-02 -1.991952e-03 -1.570273e-02 -2.162845e-03 3.151439e-01
2.127243e-01 5.159354e-02 -7.701544e-03 -4.925456e-02 -1.781526e-02 2.487189e-01
2.145132e-01 4.354346e-02 -4.588967e-03 -8.608928e-02 -1.357441e-02 1.722049e-01
2.163084e-01 4.122679e-02 3.748747e-03 -8.942098e-02 3.927713e-03 1.527164e-01
2.181043e-01 4.468927e-02 8.268364e-03 -5.702670e-02 1.307302e-02 1.962503e-01
2.198991e-01 4.756089e-02 4.538299e-03 -2.470734e-02 5.718282e-03 2.430239e-01
2.216975e-01 4.524694e-02 -3.454393e-03 -2.423198e-02 -8.962368e-03 2.370710e-01
2.234966e-01 3.883723e-02 -7.272116e-03 -5.353455e-02 -1.448145e-02 1.804147e-01
2.252970e-01 3.387744e-02 -3.484569e-03 -8.095532e-02 -5.172594e-03 1.291692e-01
2.270852e-01 3.402302e-02 3.968731e-03 -7.714330e-02 1.021092e-02 1.297800e-01
2.288723e-01 3.900053e-02 7.627741e-03 -4.640409e-02 1.547189e-02 1.785962e-01
2.306695e-01 4.268177e-02 3.862387e-03 -1.771771e-02 7.128743e-03 2.230360e-01
2.324665e-01 4.128180e-02 -2.885439e-03 -1.781460e-02 -6.243488e-03 2.171586e-01
2.342627e-01 3.482918e-02 -6.255897e-03 -4.535071e-02 -1.347606e-02 1.631687e-01
2.360563e-01 2.897013e-02 -2.775343e-03 -7.013771e-02 -7.225762e-03 1.113131e-01
2.378553e-01 2.845763e-02 3.361161e-03 -7.049032e-02 4.495363e-03 1.074489e-01
2.396569e-01 3.169071e-02 6.358472e-03 -4.475701e-02 1.022525e-02 1.443861e-01
2.414498e-01 3.444895e-02 3.167814e-03 -2.152793e-02 4.360853e-03 1.789440e-01
2.432397e-01 3.316237e-02 -2.195951e-03 -2.116464e-02 -6.620141e-03 1.736566e-01
2.450345e-01 2.801067e-02 -3.801142e-03 -3.931686e-02 -1.206982e-02 1.339085e-01
2.468308e-01 2.341137e-02 -9.981673e-04 -5.483741e-02 -5.924484e-03 9.895086e-02
2.486244e-01 2.313696e-02 3.875401e-03 -4.919345e-02 5.194219e-03 9.959806e-02
2.504185e-01 2.669542e-02 5.387790e-03 -2.576083e-02 1.037414e-02 1.331237e-01
2.522154e-01 3.025687e-02 2.082028e-03 -7.733966e-03 4.600472e-03 1.626771e-01
2.540114e-01 2.968608e-02 -2.735279e-03 -1.085531e-02 -4.172669e-03 1.554177e-01
2.558058e-01 2.527066e-02 -4.378807e-03 -3.262150e-02 -8.386298e-03 1.156604e-01
2.576012e-01 2.045998e-02 -1.681126e-03 -5.083555e-02 -3.521834e-03 7.969395e-02
2.593962e-01 1.976453e-02 2.436632e-03 -5.051662e-02 4.041987e-03 7.928875e-02
2.611937e-01 2.257315e-02 4.430118e-03 -3.276958e-02 6.871463e-03 1.069413e-01
2.629942e-01 2.462098e-02 2.644672e-03 -1.539340e-02 1.465868e-03 1.302966e-01
2.647885e-01 2.291628e-02 -1.135522e-03 -1.441833e-02 -6.643676e-03 1.234306e-01
2.665811e-01 1.903557e-02 -3.384563e-03 -2.903322e-02 -9.348677e-03 9.193154e-02
2.683801e-01 1.622181e-02 -1.437512e-03 -4.251390e-02 -3.593695e-03 6.451068e-02
2.701729e-01 1.665675e-02 2.380420e-03 -4.036132e-02 3.963129e-03 6.459968e-02
2.719632e-01 1.903967e-02 4.116640e-03 -2.294934e-02 7.183086e-03 8.957977e-02
2.737587e-01 2.148106e-02 2.236402e-03 -7.416791e-03 3.363319e-03 1.128300e-01
2.755578e-01 2.063921e-02 -1.119793e-03 -7.635244e-03 -2.784406e-03 1.093451e-01
2.773550e-01 1.732380e-02 -2.416849e-03 -2.102185e-02 -5.727934e-03 8.401229e-02
2.791459e-01 1.365286e-02 -1.103234e-03 -3.355064e-02 -2.405444e-03 6.021345e-02
2.809385e-01 1.332434e-02 1.339840e-03 -3.411820e-02 3.366760e-03 5.916685e-02
2.827312e-01 1.585209e-02 2.479020e-03 -2.305692e-02 5.648961e-03 7.857634e-02
2.845296e-01 1.769843e-02 1.324023e-03 -1.234301e-02 1.969350e-03 9.632545e-02
2.863269e-01 1.667361e-02 -1.087177e-03 -1.293040e-02 -3.339394e-03 9.322499e-02
2.881173e-01 1.407948e-02 -1.927643e-03 -2.311151e-02 -4.874363e-03 7.336034e-02
2.899148e-01 1.174579e-02 -8.192791e-04 -3.175542e-02 -8.518332e-04 5.761500e-02
2.917136e-01 1.251891e-02 1.343753e-03 -2.949577e-02 4.597901e-03 6.095697e-02
2.935083e-01 1.512054e-02 2.472689e-03 -1.797273e-02 5.658771e-03 7.934745e-02
2.953064e-01 1.666322e-02 1.170464e-03 -9.635099e-03 1.873698e-03 9.425148e-02
2.971025e-01 1.596468e-02 -1.670856e-03 -1.186109e-02 -2.172490e-03 8.975059e-02
2.988941e-01 1.375924e-02 -2.475730e-03 -2.270793e-02 -4.073406e-03 6.860519e-02
3.006873e-01 1.146548e-02 -4.335030e-04 -3.253799e-02 -2.625768e-03 5.125705e-02
3.024817e-01 1.110460e-02 1.774446e-03 -3.035488e-02 1.011009e-03 5.115312e-02
3.042771e-01 1.242517e-02 2.526247e-03 -2.039387e-02 2.598342e-03 6.396580e-02
3.060756e-01 1.319628e-02 1.493617e-03 -1.209959e-02 -8.167607e-04 7.364844e-02
3.078722e-01 1.144048e-02 -6.106944e-04 -1.308962e-02 -4.148386e-03 6.669763e-02
3.096648e-01 9.470504e-03 -2.072430e-03 -2.179556e-02 -3.358349e-03 4.905052e-02
3.114599e-01 9.141830e-03 -1.067613e-03 -2.912547e-02 9.958863e-04 3.742136e-02
3.132555e-01 1.067157e-02 1.270820e-03 -2.666599e-02 5.537679e-03 4.450065e-02
3.150527e-01 1.294424e-02 2.543694e-03 -1.655889e-02 6.575401e-03 6.430800e-02
3.168493e-01 1.365515e-02 1.704012e-03 -7.756845e-03 2.304851e-03 7.916569e-02
3.186391e-01 1.224872e-02 7.737957e-05 -7.728732e-03 -3.806476e-03 7.515718e-02
3.204305e-01 9.580151e-03 -9.821585e-04 -1.437607e-02 -5.835666e-03 5.766476e-02
3.222280e-01 8.252530e-03 -2.543709e-04 -2.034771e-02 -2.909789e-03 4.237151e-02
3.240267e-01 8.328053e-03 1.712467e-03 -1.726321e-02 1.378169e-03 4.330419e-02
3.258197e-01 9.360901e-03 2.315847e-03 -8.371024e-03 3.480305e-03 5.735633e-02
3.276150e-01 1.008080e-02 4.649970e-04 -1.545773e-03 2.357154e-03 6.914657e-02
3.294148e-01 9.762962e-03 -1.691990e-03 -4.494431e-03 -1.298929e-03 6.524893e-02
3.312085e-01 8.547325e-03 -2.202648e-03 -1.461355e-02 -3.187114e-03 4.975065e-02
3.330031e-01 7.510851e-03 -7.072854e-04 -2.186074e-02 -1.399641e-03 3.641672e-02
3.347987e-01 7.644011e-03 1.168577e-03 -2.134446e-02 2.002278e-03 3.681931e-02
3.365969e-01 9.119584e-03 1.864872e-03 -1.367346e-02 3.445484e-03 4.981358e-02
3.383923e-01 9.922149e-03 1.120278e-03 -7.169706e-03 1.107784e-03 5.927846e-02
3.401828e-01 8.971030e-03 -1.686135e-04 -7.549048e-03 -3.057680e-03 5.552421e-02
3.419763e-01 6.569920e-03 -8.785712e-04 -1.387346e-02 -4.133684e-03 4.189457e-02
3.437730e-01 4.867600e-03 -2.680249e-04 -1.915266e-02 -9.714470e-04 3.003682e-02
3.455681e-01 5.390809e-03 1.467748e-03 -1.675444e-02 3.165089e-03 3.352454e-02
3.473617e-01 7.162801e-03 2.294589e-03 -7.391794e-03 4.709074e-03 4.993875e-02
3.491590e-01 9.147702e-03 1.305704e-03 2.274984e-03 3.227362e-03 6.732471e-02
3.509566e-01 9.444766e-03 -1.944549e-04 4.909339e-03 -1.411167e-03 7.092739e-02
3.527534e-01 7.789406e-03 -1.022824e-03 -1.882381e-04 -4.117965e-03 6.072504e-02
3.545449e-01 5.551398e-03 -1.021469e-03 -7.359245e-03 -3.160954e-03 4.583230e-02
3.563372e-01 4.460334e-03 -3.007492e-04 -1.160806e-02 -3.897593e-04 3.639745e-02
3.581341e-01 4.778908e-03 4.400200e-04 -1.161247e-02 1.199248e-03 3.655504e-02
3.599303e-01 5.390587e-03 2.058732e-04 -1.055113e-02 6.313894e-04 3.799295e-02
3.617254e-01 5.380020e-03 -3.288390e-04 -1.221289e-02 -1.250234e-03 3.523463e-02
3.635200e-01 4.549337e-03 -3.506274e-04 -1.602780e-02 -2.711330e-03 2.688304e-02
3.653165e-01 3.642063e-03 6.407403e-04 -1.756930e-02 -1.570030e-03 2.134419e-02
3.671116e-01 3.682172e-03 1.482865e-03 -1.418468e-02 1.440358e-03 2.498363e-02
3.689088e-01 4.636739e-03 1.579531e-03 -7.104258e-03 3.321591e-03 3.509668e-02
3.707076e-01 5.565279e-03 1.108424e-03 -1.207570e-03 2.632639e-03 4.512763e-02
3.725001e-01 5.507330e-03 -2.379604e-05 -5.736736e-04 -3.049389e-04 4.657077e-02
3.742913e-01 4.213033e-03 -4.595158e-04 -3.997372e-03 -2.250018e-03 3.853398e-02
3.760877e-01 3.105574e-03 -7.713803e-05 -7.560413e-03 -2.441119e-03 2.941595e-02
3.778836e-01 2.708874e-03 4.430772e-04 -8.226737e-03 -2.857105e-04 2.630826e-02
3.796766e-01 3.324312e-03 5.551914e-04 -5.842477e-03 1.033820e-03 2.959438e-02
3.814707e-01 3.639995e-03 3.699423e-04 -4.026907e-03 2.242929e-04 3.283814e-02
3.832699e-01 2.948923e-03 -2.418442e-04 -5.122093e-03 -1.313621e-03 3.107107e-02
3.850666e-01 1.898367e-03 -6.005717e-04 -8.523202e-03 -1.658710e-03 2.493606e-02
3.868579e-01 1.383345e-03 -2.103049e-04 -1.126643e-02 -2.362364e-04 2.011387e-02
3.886538e-01 2.114658e-03 6.504870e-04 -1.028135e-02 1.797159e-03 2.207678e-02
3.904491e-01 3.531371e-03 1.063876e-03 -5.956751e-03 2.259539e-03 3.005335e-02
3.922449e-01 4.625972e-03 6.478652e-04 -1.870447e-03 1.569845e-03 3.724304e-02
3.940400e-01 4.501354e-03 -1.239093e-04 -1.441846e-03 -6.582048e-04 3.770072e-02
3.958317e-01 3.660772e-03 -7.997506e-04 -5.168023e-03 -1.703712e-03 3.117882e-02
3.976289e-01 2.892620e-03 -7.042283e-04 -1.009717e-02 -1.066819e-03 2.264115e-02
3.994255e-01 2.346788e-03 2.403008e-04 -1.242888e-02 -6.605245e-04 1.875716e-02
4.012204e-01 2.005078e-03 9.132858e-04 -1.150489e-02 -1.396563e-04 2.001720e-02
4.030168e-01 1.842398e-03 4.304014e-04 -9.773495e-03 5.216286e-04 2.195182e-02
4.048122e-01 2.051504e-03 -2.118892e-04 -9.586288e-03 4.130541e-04 2.202242e-02
4.066062e-01 2.191671e-03 -3.586593e-04 -1.100275e-02 -1.263640e-04 1.993971e-02
4.084001e-01 2.241167e-03 2.566587e-04 -1.139362e-02 -8.296376e-05 1.885225e-02
4.101968e-01 2.331060e-03 8.915468e-04 -9.805931e-03 3.172646e-04 2.077694e-02
4.119946e-01 2.415792e-03 8.318374e-04 -7.290878e-03 6.677013e-04 2.479623e-02
4.137897e-01 2.551956e-03 5.875084e-05 -6.243524e-03 7.655056e-04 2.687416e-02
4.155829e-01 2.569196e-03 -4.925186e-04 -8.118144e-03 2.111205e-04 2.495809e-02
4.173778e-01 2.118395e-03 -2.568219e-04 -1.077663e-02 -4.197884e-04 2.104660e-02
4.191752e-01 1.457221e-03 5.614737e-04 -1.166049e-02 -6.296839e-04 1.873587e-02
4.209702e-01 1.158623e-03 1.139435e-03 -9.415905e-03 -6.767358e-04 1.973665e-02
4.227638e-01 1.213213e-03 8.145695e-04 -6.196677e-03 -3.475747e-04 2.194480e-02
4.245604e-01 1.432885e-03 2.558801e-04 -4.657040e-03 -6.700780e-04 2.233715e-02
4.263543e-01 1.135377e-03 -1.844320e-04 -6.016969e-03 -7.138500e-04 1.979158e-02
4.281451e-01 5.590905e-04 -2.526874e-04 -8.884232e-03 2.284281e-04 1.601697e-02
4.299400e-01 2.502816e-04 1.708932e-04 -9.719695e-03 7.143668e-04 1.434359e-02
4.317365e-01 7.094241e-04 8.888407e-04 -7.926891e-03 9.458249e-04 1.745967e-02
4.335323e-01 1.393466e-03 7.090468e-04 -4.552818e-03 4.051354e-04 2.270371e-02
4.353294e-01 2.099287e-03 2.058447e-04 -3.070631e-03 -3.502612e-04 2.409248e-02
4.371263e-01 2.029481e-03 -2.186831e-04 -4.296533e-03 -1.681662e-03 2.039227e-02
4.389235e-01 1.377717e-03 -5.253284e-05 -6.959730e-03 -1.746957e-03 1.439153e-02
4.407180e-01 9.934518e-04 5.244702e-04 -7.556126e-03 -3.327455e-04 1.232644e-02
4.425103e-01 1.084769e-03 8.988017e-04 -5.168550e-03 1.535477e-03 1.562702e-02
4.443072e-01 1.772837e-03 9.055732e-04 -1.305084e-03 2.370612e-03 2.225978e-02
4.461036e-01 2.052127e-03 6.501097e-04 1.786557e-03 6.570414e-04 2.700305e-02
4.478956e-01 1.506450e-03 -1.742486e-05 1.246934e-03 -1.174042e-03 2.605509e-02
4.496902e-01 6.041595e-04 -4.498268e-04 -1.722208e-03 -1.554055e-03 2.051012e-02
4.514874e-01 -1.741805e-05 -2.832616e-04 -5.287947e-03 -1.046720e-03 1.392259e-02
4.532823e-01 -3.924289e-04 1.158803e-05 -7.020460e-03 1.141859e-04 1.187881e-02
4.550750e-01 -6.233126e-05 3.017899e-04 -6.670789e-03 5.011721e-04 1.233793e-02
4.568708e-01 6.268719e-05 4.260526e-04 -5.653699e-03 -2.796267e-04 1.366954e-02
4.586693e-01 -3.559244e-07 4.879212e-05 -5.514066e-03 -1.075318e-03 1.281978e-02
4.604678e-01 9.959477e-04 2.047606e-04 -4.894047e-03 -8.909829e-05 1.481130e-02
4.861870e-01 8.013465e-04 1.647518e-04 -3.937785e-03 -7.168910e-05 1.191728e-02
5.133427e-01 6.447690e-04 1.325605e-04 -3.168369e-03 -5.768156e-05 9.588723e-03
5.420151e-01 5.187856e-04 1.066591e-04 -2.549292e-03 -4.641098e-05 7.715154e-03
5.722891e-01 4.174186e-04 8.581863e-05 -2.051178e-03 -3.734260e-05 6.207667e-03
6.042540e-01 3.358579e-04 6.905027e-05 -1.650392e-03 -3.004612e-05 4.994732e-03
6.380042e-01 2.702336e-04 5.555833e-05 -1.327917e-03 -2.417532e-05 4.018796e-03
6.736396e-01 2.174319e-04 4.470263e-05 -1.068451e-03 -1.945163e-05 3.233552e-03
7.112653e-01 1.749472e-04 3.596805e-05 -8.596835e-04 -1.565092e-05 2.601738e-03
7.509927e-01 1.407637e-04 2.894014e-05 -6.917074e-04 -1.259284e-05 2.093377e-03
7.929389e-01 1.132595e-04 2.328544e-05 -5.565526e-04 -1.013229e-05 1.684346e-03
8.372281e-01 9.112938e-05 1.873563e-05 -4.478061e-04 -8.152508e-06 1.355236e-03
8.839910e-01 7.332334e-05 1.507482e-05 -3.603080e-04 -6.559565e-06 1.090433e-03
9.333658e-01 5.899647e-05 1.212930e-05 -2.899063e-04 -5.277872e-06 8.773698e-04
9.854984e-01 4.746897e-05 9.759323e-06 -2.332606e-04 -4.246613e-06 7.059379e-04
1.040543e+00 3.819387e-05 7.852420e-06 -1.876831e-04 -3.416854e-06 5.680026e-04
1.098662e+00 3.073105e-05 6.318112e-06 -1.510112e-04 -2.749225e-06 4.570188e-04
1.160027e+00 2.472642e-05 5.083597e-06 -1.215046e-04 -2.212046e-06 3.677206e-04
1.224820e+00 1.989505e-05 4.090298e-06 -9.776349e-05 -1.779827e-06 2.958705e-04
1.293231e+00 1.600770e-05 3.291082e-06 -7.866119e-05 -1.432062e-06 2.380595e-04
1.365464e+00 1.287991e-05 2.648028e-06 -6.329134e-05 -1.152247e-06 1.915443e-04
1.441731e+00 1.036326e-05 2.130622e-06 -5.092466e-05 -9.271059e-07 1.541179e-04
1.522258e+00 8.338354e-06 1.714313e-06 -4.097434e-05 -7.459559e-07 1.240044e-04
1.607283e+00 6.709098e-06 1.379348e-06 -3.296824e-05 -6.002013e-07 9.977478e-05
1.697057e+00 5.398187e-06 1.109833e-06 -2.652648e-05 -4.829262e-07 8.027948e-05
1.791845e+00 4.343419e-06 8.929797e-07 -2.134339e-05 -3.885658e-07 6.459343e-05
1.891928e+00 3.494745e-06 7.184977e-07 -1.717304e-05 -3.126428e-07 5.197233e-05
1.997600e+00 2.811897e-06 5.781083e-07 -1.381755e-05 -2.515546e-07 4.181730e-05
2.109175e+00 2.262472e-06 4.651500e-07 -1.111770e-05 -2.024026e-07 3.364649e-05
2.226982e+00 1.820401e-06 3.742629e-07 -8.945376e-06 -1.628545e-07 2.707220e-05
2.351369e+00 1.464707e-06 3.011346e-07 -7.197512e-06 -1.310339e-07 2.178248e-05
2.482703e+00 1.178514e-06 2.422950e-07 -5.791169e-06 -1.054308e-07 1.752634e-05
2.621373e+00 9.482403e-07 1.949522e-07 -4.659615e-06 -8.483034e-08 1.410182e-05
2.767788e+00 7.629608e-07 1.568599e-07 -3.749159e-06 -6.825509e-08 1.134642e-05
2.922381e+00 6.138836e-07 1.262106e-07 -3.016599e-06 -5.491852e-08 9.129409e-06
3.085609e+00 4.939350e-07 1.015499e-07 -2.427177e-06 -4.418783e-08 7.345586e-06
3.257954e+00 3.974236e-07 8.170779e-08 -1.952924e-06 -3.555384e-08 5.910310e-06
3.439925e+00 3.197698e-07 6.574266e-08 -1.571336e-06 -2.860687e-08 4.755477e-06
3.632061e+00 2.572890e-07 5.289701e-08 -1.264308e-06 -2.301728e-08 3.826290e-06
3.834927e+00 2.070166e-07 4.256130e-08 -1.017271e-06 -1.851987e-08 3.078660e-06
4.049125e+00 1.665670e-07 3.424512e-08 -8.185034e-07 -1.490122e-08 2.477111e-06
4.275287e+00 1.340209e-07 2.755386e-08 -6.585736e-07 -1.198962e-08 1.993101e-06
4.514080e+00 1.078342e-07 2.217003e-08 -5.298929e-07 -9.646934e-09 1.603663e-06
4.766212e+00 8.676415e-08 1.783816e-08 -4.263556e-07 -7.761991e-09 1.290319e-06
5.032426e+00 6.981104e-08 1.435271e-08 -3.430487e-07 -6.245352e-09 1.038199e-06
5.313509e+00 5.617045e-08 1.154829e-08 -2.760194e-07 -5.025054e-09 8.353425e-07
5.610292e+00 4.519514e-08 9.291837e-09 -2.220871e-07 -4.043194e-09 6.721224e-07
5.923652e+00 3.636433e-08 7.476277e-09 -1.786928e-07 -3.253182e-09 5.407944e-07
6.254514e+00 2.925899e-08 6.015465e-09 -1.437775e-07 -2.617533e-09 4.351269e-07
6.603856e+00 2.354199e-08 4.840085e-09 -1.156844e-07 -2.106085e-09 3.501062e-07
6.972711e+00 1.894205e-08 3.894366e-09 -9.308047e-08 -1.694571e-09 2.816979e-07
7.362168e+00 1.524091e-08 3.133434e-09 -7.489320e-08 -1.363464e-09 2.266561e-07
7.773377e+00 1.226294e-08 2.521183e-09 -6.025959e-08 -1.097052e-09 1.823691e-07
8.207555e+00 9.866847e-09 2.028562e-09 -4.848529e-08 -8.826961e-10 1.467354e-07
8.665983e+00 7.938934e-09 1.632195e-09 -3.901160e-08 -7.102235e-10 1.180644e-07
9.150017e+00 6.387722e-09 1.313276e-09 -3.138901e-08 -5.714508e-10 9.499541e-08
9.661086e+00 5.139606e-09 1.056671e-09 -2.525582e-08 -4.597933e-10 7.643398e-08
1.020070e+01 4.135363e-09 8.502046e-10 -2.032101e-08 -3.699529e-10 6.149931e-08
1.077045e+01 3.327342e-09 6.840806e-10 -1.635043e-08 -2.976667e-10 4.948278e-08
1.137203e+01 2.677203e-09 5.504160e-10 -1.315567e-08 -2.395047e-10 3.981419e-08
1.200721e+01 2.154096e-09 4.428686e-10 -1.058514e-08 -1.927072e-10 3.203478e-08
1.267787e+01 1.733201e-09 3.563352e-10 -8.516879e-09 -1.550535e-10 2.577540e-08
1.338598e+01 1.394545e-09 2.867098e-10 -6.852741e-09 -1.247572e-10 2.073907e-08
1.413365e+01 1.122061e-09 2.306887e-10 -5.513763e-09 -1.003805e-10 1.668680e-08
1.492308e+01 9.028182e-10 1.856137e-10 -4.436412e-09 -8.076684e-11 1.342632e-08
1.575660e+01 7.264138e-10 1.493461e-10 -3.569568e-09 -6.498557e-11 1.080291e-08
1.663667e+01 5.844776e-10 1.201649e-10 -2.872100e-09 -5.228784e-11 8.692096e-09
1.756590e+01 4.702748e-10 9.668555e-11 -2.310912e-09 -4.207116e-11 6.993722e-09
1.854704e+01 3.783864e-10 7.779387e-11 -1.859376e-09 -3.385075e-11 5.627197e-09
1.958297e+01 3.044523e-10 6.259349e-11 -1.496067e-09 -2.723655e-11 4.527682e-09
2.067677e+01 2.449645e-10 5.036316e-11 -1.203746e-09 -2.191472e-11 3.643005e-09
2.183166e+01 1.971001e-10 4.052255e-11 -9.685422e-10 -1.763274e-11 2.931187e-09
2.305105e+01 1.585882e-10 3.260473e-11 -7.792959e-10 -1.418742e-11 2.358454e-09
2.433855e+01 1.276011e-10 2.623399e-11 -6.270269e-10 -1.141530e-11 1.897629e-09
2.569797e+01 1.026688e-10 2.110805e-11 -5.045102e-10 -9.184831e-12 1.526845e-09
2.713331e+01 8.260801e-11 1.698369e-11 -4.059325e-10 -7.390180e-12 1.228510e-09
2.864883e+01 6.646699e-11 1.366519e-11 -3.266161e-10 -5.946190e-12 9.884680e-10
3.024899e+01 5.347980e-11 1.099511e-11 -2.627976e-10 -4.784346e-12 7.953283e-10
3.193854e+01 4.303022e-11 8.846744e-12 -2.114488e-10 -3.849519e-12 6.399267e-10
3.372244e+01 3.462242e-11 7.118152e-12 -1.701332e-10 -3.097350e-12 5.148895e-10
3.560599e+01 2.785744e-11 5.727315e-12 -1.368904e-10 -2.492149e-12 4.142837e-10
3.759474e+01 2.241429e-11 4.608238e-12 -1.101429e-10 -2.005201e-12 3.333356e-10
3.969458e+01 1.803470e-11 3.707820e-12 -8.862178e-11 -1.613399e-12 2.682041e-10
4.191170e+01 1.451084e-11 2.983338e-12 -7.130570e-11 -1.298152e-12 2.157989e-10
4.425265e+01 1.167553e-11 2.400415e-12 -5.737307e-11 -1.044502e-12 1.736333e-10
4.672436e+01 9.394210e-12 1.931391e-12 -4.616277e-11 -8.404136e-13 1.397066e-10
4.933412e+01 7.558647e-12 1.554010e-12 -3.714289e-11 -6.762027e-13 1.124089e-10
5.208965e+01 6.081741e-12 1.250368e-12 -2.988543e-11 -5.440774e-13 9.044499e-11
5.499909e+01 4.893411e-12 1.006055e-12 -2.404603e-11 -4.377685e-13 7.277267e-11
5.807103e+01 3.937273e-12 8.094785e-13 -1.934760e-11 -3.522316e-13 5.855340e-11
6.131455e+01 3.167957e-12 6.513121e-13 -1.556722e-11 -2.834080e-13 4.711248e-11
6.473924e+01 2.548961e-12 5.240503e-13 -1.252549e-11 -2.280321e-13 3.790703e-11
6.835522e+01 2.050912e-12 4.216545e-13 -1.007810e-11 -1.834762e-13 3.050026e-11
7.217316e+01 1.650178e-12 3.392662e-13 -8.108908e-12 -1.476262e-13 2.454072e-11
7.620435e+01 1.327745e-12 2.729759e-13 -6.524484e-12 -1.187811e-13 1.974564e-11
8.046070e+01 1.068313e-12 2.196384e-13 -5.249645e-12 -9.557211e-14 1.588748e-11
8.495479e+01 8.595718e-13 1.767226e-13 -4.223902e-12 -7.689799e-14 1.278318e-11
8.969989e+01 6.916175e-13 1.421922e-13 -3.398581e-12 -6.187266e-14 1.028543e-11
9.471003e+01 5.564803e-13 1.144089e-13 -2.734522e-12 -4.978318e-14 8.275732e-12
1.000000e+02 4.477479e-13 9.205416e-14 -2.200215e-12 -4.005589e-14 6.658712e-12
