# k, q0, q1/i, q2, q3/i, q4, norm, alpha = 0.00032332352494034096, 0.020160886971027085
0.000000e+00 1.445133e+07 0.000000e+00 0.000000e+00 0.000000e+00 -4.775560e+06
8.899642e-03 2.367345e+05 -1.192742e+05 3.863123e+05 9.072964e+05 -6.155114e+05
1.507912e-02 1.925668e+04 8.005286e+03 2.274503e+04 4.953236e+04 1.210292e+04
2.144790e-02 2.019129e+03 -2.468284e+03 8.023740e+02 -1.487227e+02 3.139464e+03
2.783661e-02 1.129596e+03 -8.033018e+02 2.716120e+03 1.091185e+02 4.518319e+03
3.435100e-02 3.110582e+02 -1.225729e+02 4.649609e+02 4.651620e+02 3.755811e+02
4.047887e-02 2.514224e+02 -3.120616e+02 6.042841e+02 -3.977136e+02 8.756118e+02
4.676717e-02 1.486184e+02 -3.140073e+00 3.156349e+02 1.901732e+02 2.855731e+02
5.308226e-02 6.752750e+01 -6.860385e+01 6.761436e+01 -9.527039e+01 3.037101e+01
5.945363e-02 6.624296e+01 -2.370531e+01 1.397389e+02 3.099353e+00 1.719991e+02
6.576225e-02 3.224712e+01 -6.576749e+00 2.501747e+01 1.387711e+01 1.017861e+01
7.196633e-02 3.231880e+01 -2.077556e+01 5.889330e+01 -3.050348e+01 8.742440e+01
7.827861e-02 2.276185e+01 5.233736e+00 3.257130e+01 2.434359e+01 5.133569e+01
8.470400e-02 1.445753e+01 -5.862856e+00 1.049257e+01 -1.340323e+01 2.526584e+01
9.096855e-02 1.594659e+01 1.297739e+00 3.154609e+01 8.640026e+00 5.256086e+01
9.720791e-02 7.923874e+00 1.961121e-01 2.692792e+00 5.592885e-01 9.897416e+00
1.034763e-01 9.772281e+00 -2.464059e+00 1.694880e+01 -4.137225e+00 3.473716e+01
1.097577e-01 6.151553e+00 2.272761e+00 4.896000e+00 6.624258e+00 1.397766e+01
1.160543e-01 5.532082e+00 -2.378916e+00 3.935258e+00 -5.252251e+00 1.421512e+01
1.223670e-01 5.624984e+00 1.666134e+00 6.251549e+00 5.428894e+00 1.661224e+01
1.287014e-01 3.627448e+00 -9.494428e-01 -1.318723e-02 -1.605079e+00 5.482362e+00
1.349669e-01 4.081313e+00 -2.306810e-01 3.865970e+00 2.498071e-01 1.119574e+01
1.411950e-01 2.952335e+00 3.118362e-01 2.107615e-01 1.827335e+00 4.409075e+00
1.475134e-01 3.304919e+00 -1.172170e+00 2.375543e+00 -1.816891e+00 7.377531e+00
1.537865e-01 2.961664e+00 3.725929e-01 1.681506e+00 1.980876e+00 5.214100e+00
1.600658e-01 2.341094e+00 -6.731929e-01 6.282644e-01 -1.404430e+00 3.008238e+00
1.663991e-01 2.481009e+00 1.045317e-01 1.650951e+00 6.689273e-01 4.517883e+00
1.727196e-01 1.987731e+00 -1.734869e-01 -2.996186e-01 -2.643478e-01 1.139938e+00
1.789765e-01 2.024876e+00 -1.820991e-01 6.516693e-01 -4.276621e-01 2.371865e+00
1.852354e-01 1.843592e+00 1.964831e-01 5.703841e-01 5.402695e-01 1.728659e+00
1.914807e-01 1.724639e+00 -2.239080e-01 2.168586e-01 -5.471584e-01 1.105301e+00
1.977890e-01 1.973562e+00 1.952324e-01 1.483004e+00 5.089444e-01 3.163439e+00
2.040938e-01 1.597545e+00 -1.321553e-01 5.064760e-02 -3.127492e-01 7.141275e-01
2.103939e-01 1.793352e+00 1.812073e-02 1.039368e+00 -5.808331e-02 2.610906e+00
2.166910e-01 1.517857e+00 3.550690e-02 6.343716e-02 1.335424e-01 8.728291e-01
2.229700e-01 1.516340e+00 -7.712896e-02 2.691930e-01 -1.212095e-01 1.217404e+00
2.292620e-01 1.677163e+00 1.511508e-01 9.142913e-01 4.663841e-01 2.361175e+00
2.355142e-01 1.435896e+00 -1.488884e-01 1.455929e-01 -4.493572e-01 9.333555e-01
2.417911e-01 1.466179e+00 2.907226e-02 3.054192e-01 3.518182e-02 1.108819e+00
2.480857e-01 1.353012e+00 5.676844e-02 -3.719559e-02 1.643096e-01 3.938350e-01
2.543492e-01 1.388798e+00 -6.555504e-02 3.233603e-01 -1.785688e-01 1.003296e+00
2.606382e-01 1.314634e+00 5.346778e-02 1.345291e-01 1.475884e-01 4.488837e-01
2.669301e-01 1.280617e+00 -2.346024e-02 7.284248e-03 -7.100949e-02 3.123159e-01
2.732424e-01 1.335156e+00 1.901221e-02 2.280355e-01 7.011306e-02 8.169487e-01
2.795530e-01 1.285245e+00 4.234120e-02 2.769412e-02 9.353369e-02 4.144796e-01
2.858367e-01 1.358677e+00 -4.764822e-02 2.494881e-01 -1.193233e-01 8.435504e-01
2.920934e-01 1.301261e+00 5.368052e-02 3.092238e-02 1.604606e-01 4.209109e-01
2.983501e-01 1.280565e+00 -6.677632e-02 1.179961e-01 -1.711828e-01 5.546223e-01
3.046383e-01 1.293258e+00 6.138356e-02 1.533021e-01 1.667869e-01 5.967683e-01
3.109279e-01 1.250857e+00 -4.650465e-02 1.651837e-02 -1.162569e-01 2.922690e-01
3.172168e-01 1.270759e+00 5.733907e-03 1.220107e-01 5.613037e-02 5.046829e-01
3.235188e-01 1.223958e+00 -1.767104e-02 -4.255085e-02 -1.729837e-02 2.412700e-01
3.298168e-01 1.237904e+00 -2.663306e-02 2.402277e-02 -8.305209e-02 2.486174e-01
3.361177e-01 1.226349e+00 6.314016e-02 4.059180e-02 1.443266e-01 3.348581e-01
3.423729e-01 1.212427e+00 -5.208007e-02 1.305394e-02 -1.082809e-01 2.859834e-01
3.486504e-01 1.227843e+00 2.371753e-02 4.565898e-02 7.459000e-02 3.187020e-01
3.549412e-01 1.188450e+00 -1.235385e-02 1.343871e-03 -4.925206e-02 1.936074e-01
3.611917e-01 1.190670e+00 -3.289766e-03 -5.970742e-03 -1.882425e-02 2.074185e-01
3.674767e-01 1.213447e+00 3.333975e-02 4.306655e-02 1.045452e-01 2.992243e-01
3.737648e-01 1.214149e+00 -5.549186e-02 5.329906e-02 -7.801391e-02 3.503772e-01
3.800654e-01 1.181159e+00 1.923035e-02 3.265624e-03 1.969094e-02 1.808347e-01
3.863540e-01 1.165102e+00 3.252072e-03 7.592999e-03 3.457405e-02 1.576337e-01
3.926151e-01 1.208033e+00 5.346606e-03 1.238386e-01 4.123363e-03 3.409570e-01
3.989274e-01 1.171657e+00 2.795240e-03 5.541486e-03 7.013403e-04 1.940954e-01
4.052074e-01 1.194278e+00 -2.612336e-02 4.765136e-02 -4.557492e-02 2.702169e-01
4.114917e-01 1.163566e+00 1.260706e-02 -2.837344e-02 5.332866e-02 8.437896e-02
4.177815e-01 1.170314e+00 -2.303813e-02 2.351121e-02 -2.499654e-02 1.964065e-01
4.240401e-01 1.152721e+00 7.058171e-03 -2.063078e-02 6.335999e-04 9.671090e-02
4.303426e-01 1.161447e+00 5.167262e-03 -5.916704e-02 -4.758125e-03 8.028192e-02
4.366359e-01 1.153550e+00 -1.235145e-02 -1.976493e-02 -2.251196e-02 9.130229e-02
4.428997e-01 1.147951e+00 7.047102e-03 -3.477819e-02 5.003820e-02 1.335306e-01
4.491635e-01 1.143672e+00 -1.968239e-02 1.370097e-02 -4.005350e-02 1.373502e-01
4.554415e-01 1.157732e+00 2.026800e-03 -2.110413e-02 3.930682e-02 7.812362e-02
4.617635e-01 1.151119e+00 -2.411320e-03 -1.599355e-02 -1.886282e-02 3.901145e-02
4.680645e-01 1.144697e+00 6.078181e-03 -1.388233e-02 4.512797e-04 5.504837e-02
4.743486e-01 1.157244e+00 6.645414e-03 -2.066681e-02 1.588500e-02 5.286172e-02
4.806356e-01 1.139271e+00 2.441104e-03 -2.244760e-02 -3.769366e-02 3.969484e-02
4.869020e-01 1.151981e+00 1.157958e-02 1.601387e-02 2.449502e-02 3.654197e-02
4.931697e-01 1.143362e+00 -1.623349e-03 -5.882521e-03 5.924559e-03 5.440022e-02
4.994507e-01 1.142131e+00 5.317789e-03 -8.684075e-03 -4.974192e-03 5.909840e-02
5.057159e-01 1.141642e+00 7.372009e-03 8.169895e-03 1.784951e-02 6.646475e-02
5.119924e-01 1.149245e+00 -6.615092e-03 4.681718e-02 5.580548e-03 1.409349e-01
5.183126e-01 1.130522e+00 7.594402e-03 -4.036406e-02 -4.883711e-03 3.608871e-02
5.246102e-01 1.138063e+00 4.861510e-03 2.462823e-02 -1.068805e-02 6.512838e-02
5.308769e-01 1.137858e+00 -2.264684e-03 1.739098e-03 4.834784e-03 2.262528e-02
5.371574e-01 1.136767e+00 4.308100e-03 -2.031729e-03 1.282590e-02 3.147519e-02
5.434580e-01 1.144539e+00 -3.834347e-03 2.269020e-02 -1.772869e-02 7.808287e-02
5.497431e-01 1.129348e+00 3.593076e-03 -6.790827e-03 1.960764e-02 3.623889e-02
5.559938e-01 1.145123e+00 -1.457826e-02 1.461077e-02 -1.307454e-02 9.482242e-02
5.622855e-01 1.132214e+00 1.041964e-02 -1.073487e-02 8.955242e-03 3.720235e-02
5.686012e-01 1.136560e+00 -3.273940e-03 -9.100993e-03 -1.295187e-02 2.611315e-02
5.748805e-01 1.130080e+00 -1.455101e-03 1.349922e-03 9.220535e-03 7.333166e-02
5.811551e-01 1.128459e+00 -1.426261e-03 -3.046586e-02 1.252644e-02 3.356558e-02
5.874409e-01 1.137585e+00 -6.154278e-03 2.205982e-03 -8.799376e-03 6.009594e-02
5.937190e-01 1.122329e+00 1.435822e-03 -3.117461e-02 1.845106e-03 8.743828e-03
5.999972e-01 1.139723e+00 6.245960e-03 1.886520e-03 1.769560e-02 8.141169e-02
6.062680e-01 1.141400e+00 4.668436e-03 2.070648e-02 -1.032070e-02 1.156148e-01
6.125470e-01 1.127146e+00 -7.499288e-04 -3.749769e-03 -1.325691e-02 3.822605e-02
6.188487e-01 1.130072e+00 -2.267242e-03 2.372224e-02 7.448600e-03 5.985269e-02
6.251319e-01 1.131810e+00 -5.488380e-03 -6.318768e-04 -1.489900e-03 1.713470e-02
6.314028e-01 1.128563e+00 5.791305e-04 6.097422e-03 1.563802e-04 4.469008e-02
6.377004e-01 1.121932e+00 1.475904e-03 -3.365178e-03 -1.368751e-04 3.672557e-02
6.439858e-01 1.127457e+00 2.090041e-03 -1.523558e-02 3.915467e-04 2.481453e-02
6.502686e-01 1.125299e+00 6.313831e-03 4.389150e-03 1.357900e-02 5.094793e-02
6.565587e-01 1.139940e+00 -3.465188e-03 8.181827e-03 -5.963846e-03 2.864053e-02
6.628370e-01 1.125891e+00 1.067610e-03 7.823794e-04 7.974440e-03 5.763134e-02
6.691186e-01 1.124412e+00 2.795103e-04 -1.682090e-02 -1.025580e-02 2.876348e-02
6.754071e-01 1.121176e+00 -4.001432e-03 -7.166825e-03 -6.100939e-03 1.147805e-02
6.816837e-01 1.125915e+00 -4.063309e-03 -1.642539e-02 1.673341e-02 5.486897e-03
6.879601e-01 1.118898e+00 1.890220e-03 -1.071730e-02 -4.001048e-03 1.902991e-02
6.942351e-01 1.124856e+00 -3.199709e-03 -1.683092e-02 -3.432903e-04 8.376015e-03
7.005176e-01 1.124555e+00 -2.889588e-03 -1.717923e-02 1.041252e-02 4.177414e-02
7.068125e-01 1.126562e+00 -2.882161e-03 -6.853384e-03 -9.634181e-03 4.886304e-02
7.131020e-01 1.123054e+00 4.787100e-03 2.024323e-03 2.973809e-03 5.013641e-02
7.193919e-01 1.129452e+00 -2.693153e-03 -5.964085e-03 -1.017909e-02 4.099379e-02
7.256834e-01 1.125574e+00 2.940196e-03 -1.536337e-02 -5.794388e-03 3.640522e-02
7.319668e-01 1.125332e+00 4.072077e-03 -2.525513e-02 -2.530064e-03 1.827991e-02
7.382523e-01 1.129279e+00 4.244220e-03 -2.054581e-02 6.613914e-03 2.309224e-02
7.445266e-01 1.129429e+00 -1.323766e-03 -7.698528e-04 4.457589e-03 3.947809e-02
7.507872e-01 1.130960e+00 2.666746e-04 1.335861e-03 -3.559457e-03 4.252085e-02
7.570759e-01 1.132000e+00 2.188673e-04 -1.248374e-02 -2.068572e-03 3.123347e-02
7.633642e-01 1.135463e+00 -4.418984e-03 -1.422402e-02 6.976591e-03 1.597835e-02
7.696464e-01 1.132421e+00 2.236020e-03 -2.201890e-02 4.095403e-03 4.273359e-02
7.759395e-01 1.129287e+00 3.543660e-03 -1.865688e-02 6.322042e-03 2.418765e-02
7.822335e-01 1.121318e+00 -2.627137e-03 -1.992982e-02 -1.391898e-02 3.213602e-02
7.885323e-01 1.126850e+00 4.499211e-04 -1.289149e-02 8.931567e-03 3.279423e-02
7.947900e-01 1.127271e+00 -3.099098e-03 -2.044967e-02 -2.592481e-03 2.524866e-02
8.010492e-01 1.119318e+00 1.333973e-03 -1.496837e-02 -2.265597e-03 2.366946e-02
8.073365e-01 1.117756e+00 -2.297997e-03 -1.528104e-02 4.451036e-03 3.247730e-02
8.136230e-01 1.124817e+00 3.146874e-03 -5.794920e-03 -1.687564e-03 1.724383e-02
8.199154e-01 1.141383e+00 3.475503e-04 -1.703943e-02 -2.955944e-03 5.211997e-02
8.261953e-01 1.122815e+00 3.663037e-03 -1.603712e-02 -1.227299e-03 2.044733e-02
8.324898e-01 1.135325e+00 1.031616e-03 -8.819648e-03 4.200174e-03 3.546480e-02
8.387960e-01 1.126645e+00 -5.190471e-04 -1.478977e-02 1.458264e-03 3.512919e-02
8.450635e-01 1.137475e+00 8.963639e-04 -6.322689e-03 3.548761e-03 4.763811e-02
8.513284e-01 1.127208e+00 -2.963756e-03 -1.378665e-02 -5.103658e-03 5.950693e-03
8.576199e-01 1.126708e+00 -5.235849e-05 -1.013064e-02 2.081084e-04 2.463310e-02
8.639059e-01 1.130339e+00 4.133331e-04 -2.912249e-02 -4.536169e-03 1.484725e-02
8.701839e-01 1.122701e+00 1.335919e-03 -7.430350e-03 -3.568052e-03 1.407204e-02
8.764642e-01 1.124177e+00 -3.688272e-03 -3.031645e-03 -3.967749e-03 2.023018e-02
8.827505e-01 1.114776e+00 1.765441e-03 -9.545031e-04 9.491276e-03 1.841983e-02
8.890333e-01 1.121937e+00 3.028904e-03 -8.294647e-03 -2.686906e-03 2.516802e-02
8.953085e-01 1.121029e+00 -5.280080e-04 -1.189709e-02 5.305817e-03 3.118534e-02
9.015957e-01 1.125210e+00 6.661035e-04 -1.733200e-02 -5.213009e-03 3.031527e-02
9.078834e-01 1.124849e+00 2.146332e-03 5.393504e-03 1.412889e-04 3.594999e-02
9.141745e-01 1.127549e+00 -1.865849e-03 -5.946255e-03 -8.096227e-03 1.628633e-02
9.204632e-01 1.128211e+00 4.980776e-04 6.522902e-05 1.103341e-03 2.481668e-02
9.267435e-01 1.130777e+00 -9.921362e-04 -1.207648e-02 -1.240636e-03 1.232808e-02
9.330325e-01 1.128969e+00 -3.375149e-03 -8.457506e-03 -2.381464e-03 1.448128e-02
9.393266e-01 1.123119e+00 2.998429e-03 -1.415645e-02 2.159590e-03 1.259591e-02
9.455976e-01 1.122548e+00 4.272198e-04 -4.632294e-03 -4.412474e-04 1.626055e-02
9.518661e-01 1.124599e+00 -1.325667e-03 -2.044931e-02 2.979394e-03 1.134234e-02
9.581414e-01 1.128217e+00 -9.367222e-04 -2.454796e-02 5.408273e-04 2.256338e-02
9.644352e-01 1.129038e+00 -5.870806e-04 -1.707666e-02 1.336101e-03 2.326472e-02
9.707356e-01 1.124447e+00 -7.282393e-04 -1.137281e-02 2.948165e-03 3.037944e-02
9.770081e-01 1.122522e+00 1.050988e-04 -1.820823e-02 -6.753409e-03 2.495966e-02
9.832824e-01 1.125501e+00 -6.200828e-04 -2.827065e-03 1.461743e-03 2.873435e-02
9.895570e-01 1.119709e+00 2.691274e-04 -8.170318e-03 -3.413375e-03 9.129408e-03
9.958457e-01 1.116027e+00 7.425360e-05 -9.722520e-03 8.997929e-04 1.976352e-02
1.002136e+00 1.121488e+00 6.902937e-04 -2.913634e-03 1.026337e-03 1.027453e-02
1.008405e+00 1.119333e+00 -2.408576e-03 -4.829980e-03 -5.847938e-04 1.901282e-02
1.014694e+00 1.119703e+00 -3.745270e-04 -6.981668e-03 -3.747515e-03 1.408533e-02
1.020993e+00 1.115123e+00 -1.622102e-03 -1.136868e-02 8.966030e-04 1.535705e-02
1.027274e+00 1.118069e+00 4.159103e-04 9.498867e-05 -5.803262e-03 2.717048e-02
1.033561e+00 1.119018e+00 8.603389e-04 -9.265728e-03 9.778543e-03 2.115834e-02
1.039849e+00 1.123385e+00 5.311608e-04 -1.840253e-02 -9.204597e-03 1.642241e-02
1.046127e+00 1.123263e+00 -1.905349e-03 -2.059832e-02 1.217018e-03 1.075976e-02
1.052404e+00 1.118780e+00 2.482566e-03 -1.407690e-02 -2.052404e-03 2.976945e-03
1.058681e+00 1.115949e+00 -9.004615e-04 -6.364294e-03 4.515128e-03 2.226196e-02
1.064964e+00 1.122750e+00 -1.851580e-03 5.788997e-03 5.312717e-03 1.578916e-02
1.071257e+00 1.121186e+00 -1.551088e-04 -1.822148e-02 3.773365e-03 1.538597e-02
1.077544e+00 1.119106e+00 -4.467029e-04 -9.802788e-03 -1.008656e-02 1.104735e-02
1.083826e+00 1.121494e+00 -4.437143e-04 3.726587e-04 -8.020147e-04 1.129237e-02
1.090109e+00 1.118374e+00 -2.693619e-03 2.887889e-03 2.263243e-03 3.572105e-03
1.096390e+00 1.119923e+00 1.651852e-03 2.361194e-03 2.355069e-03 7.287110e-03
1.102681e+00 1.118458e+00 5.669786e-04 -8.082496e-03 3.026430e-03 1.009670e-02
1.108963e+00 1.122261e+00 2.997819e-03 -1.310243e-02 -4.199663e-03 1.141494e-02
1.115226e+00 1.115545e+00 -8.723735e-04 -5.412751e-03 -1.440686e-03 8.621216e-03
1.121502e+00 1.121930e+00 -1.846443e-03 -1.010932e-02 8.857068e-03 1.361591e-02
1.127793e+00 1.113869e+00 1.603665e-03 -1.621286e-02 -6.552522e-03 1.896119e-02
1.134090e+00 1.115483e+00 -7.889965e-05 -1.602659e-03 5.489263e-03 5.836534e-03
1.140364e+00 1.123601e+00 -4.055163e-04 -1.229052e-02 -7.762315e-03 9.623520e-03
1.146639e+00 1.115553e+00 1.513354e-03 -4.328602e-03 1.837903e-04 1.341678e-02
1.152943e+00 1.116557e+00 -1.770375e-04 -2.311361e-03 3.285364e-03 1.552157e-02
1.159229e+00 1.120000e+00 -3.198631e-03 1.597772e-03 -4.114992e-03 2.487443e-02
1.165509e+00 1.116399e+00 -6.723524e-04 -4.197351e-03 9.351429e-03 1.261701e-02
1.171793e+00 1.120504e+00 6.311259e-04 2.922982e-03 -8.173585e-03 1.969749e-02
1.178088e+00 1.119875e+00 -6.502430e-04 -6.231124e-03 5.195821e-03 7.779834e-03
1.184368e+00 1.118957e+00 1.443373e-03 -7.077597e-03 -2.290595e-03 8.008461e-03
1.190635e+00 1.117099e+00 2.319206e-03 6.633827e-03 -3.165557e-04 2.026730e-03
1.196912e+00 1.117826e+00 -1.735866e-03 -3.527795e-03 3.841278e-03 2.687288e-03
1.203202e+00 1.119150e+00 3.650775e-04 -1.058246e-02 -5.341561e-04 8.860828e-03
1.209487e+00 1.122259e+00 1.931167e-03 1.257208e-03 -3.628301e-04 1.271326e-02
1.215764e+00 1.118747e+00 -3.493894e-03 -4.142462e-03 -5.046717e-04 5.311037e-03
1.222051e+00 1.120326e+00 7.096903e-04 -2.981849e-03 4.673907e-03 1.342282e-02
1.228341e+00 1.117374e+00 -1.557124e-03 -9.934325e-04 -4.746489e-03 7.885503e-03
1.234633e+00 1.114817e+00 -6.086950e-04 -5.235924e-03 1.372241e-03 7.088728e-03
1.240903e+00 1.120150e+00 3.783049e-04 1.685843e-04 5.318610e-03 6.641854e-03
1.247175e+00 1.120339e+00 5.486795e-04 -1.768041e-03 -3.221163e-03 1.091043e-02
1.253466e+00 1.118983e+00 -1.645835e-03 -9.136766e-03 -6.210051e-04 8.183614e-03
1.259750e+00 1.116626e+00 -5.903919e-04 -5.347221e-03 8.998123e-04 8.923481e-03
1.266032e+00 1.117445e+00 7.923273e-04 -2.758022e-03 5.685674e-03 1.690392e-04
1.272317e+00 1.119689e+00 2.133430e-03 -3.269237e-03 3.980507e-03 2.540353e-03
1.278605e+00 1.117524e+00 6.046230e-04 -2.549561e-03 -3.887061e-03 2.206395e-03
1.284887e+00 1.118680e+00 -8.553448e-04 -1.099237e-02 2.377452e-03 -2.618419e-03
1.291176e+00 1.120738e+00 -4.183878e-04 -1.098146e-03 -4.374295e-03 3.761747e-03
1.297466e+00 1.116225e+00 -1.646542e-03 -1.098317e-02 6.775831e-03 1.073989e-02
1.303742e+00 1.112813e+00 2.742507e-03 -5.423538e-03 9.887839e-04 3.803356e-03
1.310018e+00 1.118033e+00 3.263206e-03 1.115629e-02 -2.396396e-03 3.954172e-03
1.316302e+00 1.121429e+00 8.972840e-06 5.301655e-03 7.664996e-04 4.771452e-03
1.322587e+00 1.118262e+00 -2.567417e-03 -6.896617e-04 2.049498e-03 9.558048e-03
1.328866e+00 1.119003e+00 2.259181e-03 -1.377195e-03 -5.461547e-03 1.194012e-02
1.335145e+00 1.125414e+00 -2.375869e-04 -7.051162e-03 -2.379824e-03 3.300703e-03
1.341441e+00 1.117897e+00 -4.916854e-04 -1.527626e-03 4.522567e-04 4.146697e-03
1.347731e+00 1.119367e+00 -2.470168e-03 -1.734774e-03 3.203455e-03 6.128522e-03
1.354002e+00 1.118287e+00 -1.536052e-04 -4.181997e-03 -2.056781e-03 1.092389e-02
1.360283e+00 1.120027e+00 -9.294692e-04 -9.646302e-03 6.093605e-04 9.632167e-03
1.366566e+00 1.119048e+00 2.960427e-04 -4.553643e-03 4.857430e-04 -1.110888e-03
1.372852e+00 1.119121e+00 1.702372e-03 -6.334979e-03 4.525912e-03 3.196666e-03
1.379136e+00 1.113497e+00 -1.904076e-05 -2.541892e-03 -7.441194e-03 -7.217809e-04
1.385410e+00 1.116614e+00 1.411912e-04 1.088433e-03 2.489493e-03 7.814157e-03
1.391699e+00 1.122892e+00 -1.761049e-03 -1.621128e-03 2.586389e-03 3.781168e-03
1.397985e+00 1.116094e+00 -9.207767e-04 -3.856673e-03 7.547352e-04 5.898430e-03
1.404268e+00 1.119699e+00 -1.796854e-03 -4.925925e-04 1.819239e-03 5.235933e-04
1.410555e+00 1.121302e+00 -7.464930e-05 -7.575245e-03 -1.758730e-03 6.591429e-03
1.416838e+00 1.119871e+00 1.081207e-03 -1.030070e-03 3.345290e-03 8.738841e-03
1.423118e+00 1.120457e+00 -1.958552e-03 -3.568638e-04 -2.822179e-03 1.342136e-02
1.429398e+00 1.118339e+00 1.501776e-03 -3.714950e-03 -5.215039e-03 6.806449e-03
1.435687e+00 1.120311e+00 -9.506116e-05 -2.739836e-04 1.012879e-03 1.247495e-03
1.441977e+00 1.118189e+00 -1.235678e-03 4.749579e-04 2.605155e-03 -2.205936e-03
1.448254e+00 1.117358e+00 -3.160648e-03 -2.512176e-03 7.859703e-04 1.213432e-02
1.454532e+00 1.118131e+00 1.466671e-03 -3.438582e-03 -2.911991e-03 7.443803e-03
1.460819e+00 1.115366e+00 1.058878e-03 4.258557e-03 2.390462e-03 5.650438e-03
1.467111e+00 1.118238e+00 -1.002615e-03 1.043619e-02 3.374094e-04 1.518349e-02
1.473393e+00 1.113389e+00 5.878335e-04 -5.537928e-03 -2.207512e-03 2.463502e-03
1.479670e+00 1.118482e+00 1.344814e-03 9.202524e-04 -6.313462e-04 5.383985e-04
1.485956e+00 1.118041e+00 2.159725e-03 6.020680e-03 -1.192128e-04 -1.838304e-03
1.492234e+00 1.117563e+00 -1.329592e-03 6.798714e-03 2.081904e-03 3.298853e-03
1.498503e+00 1.118298e+00 -1.254911e-03 -1.282910e-03 2.854064e-03 9.222997e-03
1.504786e+00 1.120739e+00 -9.659324e-04 -3.162646e-03 -2.014803e-03 7.854119e-03
1.511076e+00 1.115422e+00 1.974766e-04 3.485511e-03 2.852576e-03 1.278343e-02
1.517362e+00 1.114444e+00 2.996139e-04 1.036270e-03 -3.642409e-03 9.056820e-03
1.523650e+00 1.118329e+00 -4.309313e-04 -5.003260e-04 2.634553e-04 1.808664e-02
1.529939e+00 1.117887e+00 -2.409996e-03 -1.143287e-03 2.004950e-03 7.825847e-03
1.536230e+00 1.113107e+00 -2.718508e-03 2.308263e-03 -1.972151e-03 4.705226e-03
1.542511e+00 1.117561e+00 4.445360e-03 4.990575e-03 1.061026e-03 -4.369908e-03
1.548784e+00 1.117853e+00 -1.499740e-04 -3.115750e-03 -4.047124e-03 -1.903550e-03
1.555073e+00 1.117482e+00 -3.773807e-04 -3.235930e-03 1.834703e-03 -9.405013e-04
1.561357e+00 1.113344e+00 1.200640e-03 1.871361e-03 -2.969118e-04 4.116193e-03
1.567629e+00 1.118745e+00 1.844557e-03 1.414599e-03 -1.864075e-04 2.557446e-03
1.573914e+00 1.115281e+00 -2.799595e-03 1.373449e-03 -8.367929e-04 2.798417e-03
1.580204e+00 1.115442e+00 6.925215e-04 -6.644874e-03 8.751420e-03 8.717229e-03
1.586486e+00 1.115407e+00 -1.006357e-03 2.569814e-03 9.214039e-04 1.160449e-02
1.592760e+00 1.112411e+00 6.676773e-04 -1.254917e-02 -6.914948e-03 3.998098e-03
1.599047e+00 1.118814e+00 -6.159657e-04 -7.851449e-03 5.642720e-03 5.197627e-03
1.605342e+00 1.118329e+00 -1.578527e-03 -1.947173e-03 -2.102029e-03 5.242903e-03
1.611620e+00 1.117460e+00 -1.543479e-03 2.274647e-03 3.311476e-03 3.387888e-03
1.617898e+00 1.114681e+00 4.793261e-04 -9.268064e-04 3.671257e-03 8.803671e-03
1.624183e+00 1.115729e+00 1.061515e-03 1.721569e-03 -5.852765e-03 8.578324e-03
1.630465e+00 1.115564e+00 9.461953e-04 6.095790e-03 -3.852769e-04 8.312224e-03
1.636749e+00 1.118072e+00 5.547031e-06 -1.092910e-03 -1.948661e-03 1.568352e-03
1.643031e+00 1.118486e+00 -2.855694e-03 -3.584513e-03 1.302089e-03 1.446541e-03
1.649309e+00 1.114010e+00 1.741713e-03 4.121671e-03 -4.337906e-03 -6.317565e-03
1.655594e+00 1.117081e+00 -8.504150e-04 1.862850e-05 7.841973e-04 2.163876e-03
1.661880e+00 1.118230e+00 1.119380e-03 -9.467495e-06 2.622345e-03 -3.338133e-04
1.668169e+00 1.119688e+00 2.583861e-03 1.511298e-03 -1.284005e-03 -1.598493e-03
1.674450e+00 1.116508e+00 5.172035e-04 -1.998915e-03 -6.587391e-03 -4.611920e-03
1.680723e+00 1.117320e+00 -1.778648e-03 5.484971e-04 2.879194e-03 -2.899063e-03
1.687014e+00 1.115359e+00 4.309225e-04 -5.150034e-03 1.711839e-03 2.422451e-04
1.693309e+00 1.114758e+00 5.457298e-04 -3.181820e-03 -3.069483e-04 -1.940393e-04
1.699582e+00 1.117136e+00 -9.612935e-04 -6.001617e-03 2.500455e-03 -2.796662e-03
1.705864e+00 1.115704e+00 -8.698110e-04 -6.599436e-03 -1.376694e-03 -5.177426e-03
1.712155e+00 1.114011e+00 1.173350e-03 -2.697113e-03 -1.079297e-04 3.161744e-03
1.718439e+00 1.115180e+00 -2.657066e-04 8.619009e-03 -7.569113e-05 1.316169e-04
1.724721e+00 1.114772e+00 3.145864e-04 3.822161e-03 4.173674e-03 5.664519e-03
1.730998e+00 1.119610e+00 -4.887554e-04 5.217068e-03 -1.396010e-03 3.257837e-03
1.737287e+00 1.118891e+00 -4.250066e-04 -5.863844e-03 -1.065438e-03 4.331183e-03
1.743568e+00 1.117471e+00 -4.305644e-05 1.801863e-03 -5.269037e-03 3.704560e-04
1.749841e+00 1.115446e+00 -1.983568e-04 3.205029e-03 1.514051e-03 1.083474e-03
1.756129e+00 1.116144e+00 9.824331e-04 2.377307e-03 -3.411475e-03 6.292169e-03
1.762414e+00 1.117565e+00 -6.533265e-04 2.434676e-03 -3.900290e-04 -4.658444e-03
1.768696e+00 1.116864e+00 -2.142857e-03 -6.515952e-04 3.210098e-03 -5.309012e-03
1.774979e+00 1.116866e+00 -6.934656e-04 -3.308596e-04 5.230015e-04 2.812720e-03
1.781266e+00 1.112518e+00 1.804276e-03 2.348868e-03 -5.171378e-03 4.994582e-03
1.787550e+00 1.117271e+00 1.305560e-05 3.630072e-03 1.347172e-03 6.088328e-03
1.793834e+00 1.115432e+00 -1.832026e-03 -4.686201e-03 -1.245119e-03 1.777625e-03
1.800115e+00 1.115834e+00 -7.470965e-04 -1.452297e-03 -2.437789e-03 -2.482586e-03
1.806394e+00 1.116173e+00 1.171469e-04 1.478667e-03 5.392449e-03 2.430573e-03
1.812674e+00 1.116553e+00 2.056290e-03 -2.007870e-03 -3.973681e-03 5.637086e-03
1.818957e+00 1.117077e+00 7.839518e-04 -6.687236e-04 7.692199e-04 -1.186836e-03
1.825244e+00 1.116053e+00 1.508870e-03 -6.522649e-03 3.032370e-03 -5.532779e-03
1.831527e+00 1.117422e+00 -6.642365e-04 1.254332e-03 -3.269344e-04 3.906569e-03
1.837811e+00 1.117467e+00 -3.551282e-04 3.067235e-03 1.412635e-03 6.596884e-03
1.844101e+00 1.118085e+00 -4.264434e-04 5.082264e-04 -5.070426e-03 4.656893e-03
1.850385e+00 1.118330e+00 -1.257765e-03 -3.001536e-03 1.350057e-03 6.905858e-04
1.856666e+00 1.117819e+00 5.741065e-04 -4.578602e-03 -2.420509e-03 6.989317e-03
1.862948e+00 1.116934e+00 1.598859e-03 -9.760578e-04 4.038861e-03 3.994197e-03
1.869229e+00 1.115303e+00 1.025867e-03 4.410161e-03 -4.734347e-04 5.102600e-03
1.875518e+00 1.114866e+00 -1.316293e-03 -1.542836e-03 -1.766790e-03 2.030336e-03
1.881801e+00 1.118128e+00 -2.063909e-04 -3.236201e-03 4.383650e-03 -5.953984e-03
1.888079e+00 1.117325e+00 1.332804e-03 -1.107063e-02 3.766667e-04 6.929332e-03
1.894354e+00 1.119309e+00 -5.240715e-04 -5.531790e-04 -2.781001e-03 -4.210533e-04
1.900643e+00 1.115400e+00 -4.359402e-04 -5.352318e-03 1.548474e-03 -3.347953e-03
1.906934e+00 1.115895e+00 -1.103918e-03 -1.531199e-03 4.152203e-03 -2.955665e-03
1.913208e+00 1.115610e+00 -3.581748e-04 1.792355e-04 2.904774e-03 5.757063e-03
1.919491e+00 1.113892e+00 2.957439e-04 4.306740e-03 -5.213076e-03 -1.591624e-03
1.925777e+00 1.114411e+00 2.067988e-04 -5.618860e-03 2.311019e-03 5.616339e-03
1.932065e+00 1.117840e+00 4.823079e-04 -6.245319e-04 1.341195e-03 3.228876e-03
1.938343e+00 1.116510e+00 8.872966e-04 -1.301256e-03 6.186536e-04 5.912237e-03
1.944619e+00 1.117928e+00 9.788488e-04 1.534137e-03 -6.745407e-03 -3.314308e-03
1.950906e+00 1.116952e+00 -2.133645e-05 5.053906e-04 4.842951e-03 -3.748049e-03
1.957195e+00 1.117004e+00 4.253399e-05 2.979229e-03 5.064000e-03 2.276806e-04
1.963480e+00 1.117913e+00 -7.810044e-04 -1.581301e-03 1.499453e-03 7.835466e-03
1.969761e+00 1.114287e+00 -1.996382e-04 1.240373e-03 -3.578735e-03 2.852661e-03
1.976049e+00 1.115091e+00 -3.671626e-04 2.242455e-03 -2.354688e-04 -4.188299e-03
1.982338e+00 1.117191e+00 -8.086076e-05 9.916471e-04 1.200224e-03 3.056379e-03
1.988618e+00 1.118026e+00 1.608972e-03 -1.376713e-03 -1.749340e-03 1.147809e-04
1.994896e+00 1.116746e+00 -2.207254e-03 -1.246403e-03 3.108379e-03 3.637358e-03
2.001180e+00 1.117006e+00 -3.704572e-04 -5.450815e-03 -8.600570e-05 -1.000064e-03
2.007460e+00 1.114354e+00 8.282069e-04 -2.698670e-03 6.225090e-04 -6.008396e-03
2.013738e+00 1.114891e+00 -9.309138e-04 -4.145313e-03 1.191026e-03 1.160263e-04
2.020017e+00 1.119110e+00 1.880611e-04 -1.505413e-03 -3.806715e-03 -3.888699e-03
2.026310e+00 1.118713e+00 -6.391819e-04 -2.150530e-03 1.756872e-03 -2.311186e-03
2.032601e+00 1.118268e+00 1.517274e-03 -7.764682e-04 2.601430e-03 1.107855e-03
2.038874e+00 1.111771e+00 -1.380421e-03 2.091048e-03 5.354235e-04 -8.288528e-04
2.045154e+00 1.113882e+00 -3.428534e-04 -2.395151e-03 1.286350e-03 9.615573e-04
2.051445e+00 1.116313e+00 -5.861821e-04 -4.408923e-03 3.224858e-03 3.216646e-03
2.057731e+00 1.116830e+00 -2.811935e-04 -2.296813e-03 -6.196403e-04 -8.590790e-04
2.064014e+00 1.116638e+00 6.577456e-04 8.513292e-05 -1.717390e-03 2.914206e-03
2.070301e+00 1.114966e+00 3.175120e-04 -2.034729e-03 -3.710748e-05 -3.657650e-04
2.076590e+00 1.116436e+00 6.152467e-04 5.432487e-03 9.788098e-04 -2.964128e-03
2.082866e+00 1.116216e+00 2.017499e-03 3.860568e-03 -2.087147e-03 -5.106012e-04
2.089135e+00 1.117615e+00 1.476549e-03 7.095502e-04 1.965181e-03 -1.456118e-05
2.095424e+00 1.114687e+00 6.226160e-04 5.147033e-03 -1.941096e-03 3.674587e-03
2.101708e+00 1.116455e+00 -2.910637e-04 -2.499847e-03 5.294643e-04 5.046059e-03
2.107987e+00 1.116701e+00 -8.197365e-04 -3.020997e-03 -9.378060e-04 8.948260e-03
2.114272e+00 1.120010e+00 7.827576e-04 -4.901721e-03 3.210965e-04 -9.722462e-04
2.120553e+00 1.116235e+00 1.274979e-03 -2.584016e-04 -8.795010e-04 2.143573e-03
2.126837e+00 1.118004e+00 -4.872232e-04 -2.408504e-03 2.095309e-03 -6.266244e-03
2.133122e+00 1.115598e+00 -7.340649e-04 -2.881290e-04 -9.105913e-04 -2.862578e-06
2.139412e+00 1.118774e+00 1.522550e-04 4.591767e-04 -6.176317e-03 -5.920092e-03
2.145697e+00 1.115459e+00 -8.043380e-04 2.972438e-03 7.090341e-03 -2.098308e-03
2.151974e+00 1.116019e+00 -2.804461e-04 2.136231e-03 -2.200499e-04 -2.657021e-03
2.158260e+00 1.115947e+00 5.348769e-04 -1.958172e-03 1.739255e-03 -4.912068e-04
2.164546e+00 1.115841e+00 5.082425e-05 -5.859864e-03 3.466037e-04 -3.128810e-03
2.170831e+00 1.115802e+00 2.438511e-04 -3.011648e-03 2.946475e-04 5.274437e-04
2.177115e+00 1.116223e+00 5.334060e-04 -3.605477e-03 -2.683037e-05 -1.995129e-03
2.183388e+00 1.114078e+00 -3.389182e-04 -2.734869e-03 3.256916e-03 4.871611e-03
2.189670e+00 1.115500e+00 -7.051406e-05 -2.341698e-03 -2.398973e-03 6.904171e-03
2.195960e+00 1.116341e+00 -2.615349e-05 -5.408082e-03 -1.718777e-06 6.896986e-04
2.202243e+00 1.116611e+00 7.127760e-05 3.027503e-04 -8.585026e-04 6.509637e-03
2.208522e+00 1.114382e+00 -2.644660e-03 1.529368e-03 -6.593577e-04 4.798185e-03
2.214805e+00 1.117790e+00 1.443911e-04 -2.507987e-03 -1.476767e-03 -3.060375e-04
2.221093e+00 1.114998e+00 1.430286e-03 2.201590e-03 5.620454e-04 2.770471e-03
2.227373e+00 1.117884e+00 -6.151377e-04 -3.523637e-03 -1.425271e-03 -4.362580e-04
2.233657e+00 1.119367e+00 -1.938820e-04 -2.000837e-03 -4.112588e-04 2.032189e-03
2.239944e+00 1.118729e+00 -2.480579e-03 -5.596654e-04 -1.591051e-03 -3.251447e-03
2.246224e+00 1.116477e+00 1.336801e-03 1.541329e-03 1.530747e-03 -1.338004e-03
2.252507e+00 1.117111e+00 -1.284964e-03 1.275447e-03 1.879247e-06 2.187132e-03
2.258784e+00 1.117408e+00 -2.195708e-04 6.979118e-04 1.422573e-03 5.232858e-03
2.265069e+00 1.116142e+00 -8.165457e-04 2.272543e-03 -3.094526e-03 -1.194727e-03
2.271351e+00 1.113532e+00 8.929018e-04 3.952214e-03 5.960538e-04 -3.256625e-03
2.277634e+00 1.112659e+00 -6.835458e-04 -1.554270e-03 -1.445493e-03 -3.134903e-03
2.283923e+00 1.116148e+00 6.708539e-04 -8.850308e-04 -7.576028e-05 2.019934e-03
2.290203e+00 1.114513e+00 -1.799000e-03 1.314688e-03 -3.433394e-04 2.905481e-03
2.296491e+00 1.119423e+00 6.565538e-04 1.592076e-03 -8.685215e-04 2.277707e-03
2.302772e+00 1.116245e+00 3.416630e-04 2.077073e-03 5.314856e-04 6.993690e-04
2.309052e+00 1.115862e+00 -2.335149e-04 -2.461537e-03 1.432139e-03 -1.666665e-03
2.315339e+00 1.116575e+00 7.210085e-04 -7.100764e-04 2.373615e-03 1.711726e-03
2.321628e+00 1.117726e+00 -1.369277e-03 -2.817187e-03 3.859839e-03 -7.126737e-05
2.327912e+00 1.117753e+00 7.302313e-04 -3.915371e-03 -7.540493e-04 -4.782845e-03
2.334187e+00 1.117241e+00 1.913902e-03 -7.492383e-04 -7.842827e-03 -3.020692e-03
2.340468e+00 1.117886e+00 -1.986421e-03 -2.959230e-03 3.077744e-03 2.358342e-03
2.346757e+00 1.119790e+00 8.602365e-04 -3.773786e-03 -2.193740e-03 3.345515e-03
2.353045e+00 1.115404e+00 -1.016142e-03 -4.619615e-03 4.633706e-04 1.129685e-03
2.359328e+00 1.117529e+00 5.726076e-04 -6.479117e-04 -2.208685e-03 7.521487e-04
2.365603e+00 1.114958e+00 -8.980478e-04 -4.656811e-04 1.035810e-03 2.071755e-03
2.371886e+00 1.116802e+00 5.436771e-05 1.433704e-04 -1.554598e-04 2.287552e-03
2.378173e+00 1.117209e+00 -1.061982e-03 1.267039e-03 5.163381e-03 5.021302e-03
2.384454e+00 1.117407e+00 1.140991e-03 4.137928e-03 -5.123596e-03 2.005374e-03
2.390737e+00 1.118134e+00 5.204890e-04 -7.766749e-04 2.530179e-03 1.866922e-03
2.397014e+00 1.119085e+00 -1.004003e-03 -1.298102e-03 -2.182447e-03 -8.483600e-04
2.403296e+00 1.116199e+00 1.064164e-04 4.418720e-03 1.953766e-03 4.290302e-03
2.409585e+00 1.118019e+00 6.790113e-04 4.777550e-03 -2.640665e-03 2.218859e-03
2.415872e+00 1.118097e+00 -5.069379e-04 2.560498e-03 -8.400563e-04 2.415165e-03
2.422161e+00 1.117636e+00 -1.805202e-03 6.975291e-04 -7.687858e-04 5.438432e-04
2.428441e+00 1.116629e+00 -9.732809e-04 -1.663620e-03 1.782298e-05 1.423853e-03
2.434718e+00 1.114679e+00 -3.573466e-04 1.356336e-04 3.935777e-04 8.036294e-03
2.441003e+00 1.116265e+00 9.335109e-04 4.145964e-03 6.351783e-04 -2.935774e-04
2.447290e+00 1.117198e+00 -7.239918e-04 -1.440023e-03 -1.372496e-03 3.276964e-03
2.453572e+00 1.117211e+00 -3.206918e-04 2.239704e-03 -6.311312e-04 -8.429773e-03
2.459853e+00 1.115810e+00 1.786842e-04 1.685753e-03 1.653494e-03 1.298422e-03
2.466140e+00 1.116826e+00 -4.419686e-04 1.535296e-03 1.097601e-03 6.767805e-03
2.472422e+00 1.114433e+00 1.379629e-03 -1.990589e-03 -2.139424e-03 4.627702e-04
2.478699e+00 1.113114e+00 -4.660976e-04 9.243643e-05 1.850548e-03 3.906898e-03
2.484981e+00 1.116251e+00 2.661374e-04 3.975809e-03 8.318909e-05 2.872569e-03
2.491270e+00 1.118116e+00 -1.338268e-03 -6.658003e-03 7.955350e-04 -2.511238e-03
2.497549e+00 1.113559e+00 -2.117476e-04 -2.219669e-03 -1.681692e-03 -7.170480e-04
2.503832e+00 1.115705e+00 -7.332663e-05 -1.172698e-03 -9.743819e-04 -1.971991e-04
2.510118e+00 1.115677e+00 -1.945058e-03 -1.516747e-03 2.170081e-03 1.908986e-03
2.516401e+00 1.116472e+00 -6.127583e-04 5.935079e-04 1.876328e-03 3.838137e-03
2.522688e+00 1.118263e+00 6.490367e-04 -1.388198e-03 -4.848166e-03 1.024537e-02
2.528972e+00 1.115401e+00 -1.784732e-04 3.315842e-03 -6.064477e-04 -3.235916e-04
2.535252e+00 1.116700e+00 -3.071726e-04 -1.664509e-03 -2.104749e-04 3.311904e-03
2.541538e+00 1.114753e+00 -1.561022e-03 -2.265599e-03 -3.897418e-03 2.664287e-03
2.547823e+00 1.116626e+00 7.625859e-05 8.624810e-04 3.443206e-03 -1.781386e-03
2.554101e+00 1.117636e+00 5.508438e-04 -1.081990e-03 -1.031850e-03 -2.780535e-04
2.560377e+00 1.117895e+00 1.015887e-03 8.320442e-05 -1.017225e-03 -3.120087e-03
2.566668e+00 1.117001e+00 -4.505294e-04 6.271133e-03 7.811352e-04 2.485912e-03
2.572955e+00 1.115299e+00 1.834553e-04 -2.662107e-03 -1.741710e-03 2.867995e-03
2.579234e+00 1.117332e+00 1.919957e-04 5.579954e-03 -2.021151e-03 9.808849e-05
2.585521e+00 1.113863e+00 -4.819662e-04 1.759230e-03 5.454100e-03 3.827403e-03
2.591805e+00 1.117911e+00 2.521910e-04 6.441383e-04 -3.509910e-03 1.928026e-03
2.598084e+00 1.116691e+00 -1.082103e-03 -5.326380e-04 1.565877e-03 4.786764e-03
2.604361e+00 1.117990e+00 -3.502642e-04 -3.962457e-03 -2.856103e-03 3.265254e-04
2.610647e+00 1.117205e+00 -9.902894e-04 1.028172e-03 -1.896067e-03 2.569879e-03
2.616932e+00 1.115220e+00 -7.970934e-04 5.018025e-03 2.974691e-03 -8.330219e-04
2.623206e+00 1.114434e+00 -1.800832e-03 -1.425930e-03 -3.534779e-04 1.759618e-03
2.629492e+00 1.114631e+00 1.640078e-03 -4.018235e-03 4.340521e-04 3.018558e-03
2.635779e+00 1.116944e+00 -1.082857e-03 -9.538863e-04 -7.398704e-04 8.837101e-05
2.642061e+00 1.116852e+00 -3.633419e-04 -4.464810e-04 1.284834e-03 -1.403847e-03
2.648344e+00 1.115213e+00 1.381710e-03 -4.058690e-04 -3.352189e-04 -1.982734e-03
2.654632e+00 1.117613e+00 6.006940e-04 -2.541984e-03 3.067000e-03 -1.557182e-03
2.660919e+00 1.117600e+00 2.943079e-04 -1.343048e-03 2.063584e-03 2.868149e-03
2.667199e+00 1.118536e+00 -5.124205e-04 -8.488893e-04 -5.547143e-03 1.509472e-03
2.673485e+00 1.115354e+00 -7.002974e-04 1.483373e-03 1.925822e-04 2.377039e-03
2.679774e+00 1.117714e+00 -4.375395e-04 1.741068e-03 7.501818e-04 1.309677e-03
2.686058e+00 1.115875e+00 -4.018999e-04 3.615671e-03 1.609789e-03 7.649781e-03
2.692339e+00 1.113909e+00 1.950726e-03 2.514739e-03 -1.793122e-03 4.382061e-03
2.698618e+00 1.113994e+00 -1.102785e-03 3.558346e-03 1.888783e-03 3.839488e-03
2.704896e+00 1.117213e+00 1.034255e-03 7.055428e-05 -1.627449e-04 6.570946e-04
2.711176e+00 1.115390e+00 -1.173577e-03 4.538412e-03 -2.453144e-03 -9.795903e-04
2.717460e+00 1.116519e+00 -7.880527e-04 -5.249843e-04 2.370894e-05 3.362739e-03
2.723746e+00 1.115924e+00 1.472540e-03 -8.866923e-04 -1.666777e-04 5.780389e-03
2.730039e+00 1.116552e+00 -8.227470e-05 -2.457445e-04 -4.429221e-04 -1.844553e-03
2.736319e+00 1.118211e+00 -4.892735e-04 -4.418682e-03 2.756701e-03 -7.215236e-04
2.742592e+00 1.118321e+00 8.358160e-04 -9.021612e-05 1.079681e-04 3.996460e-03
2.748880e+00 1.116705e+00 1.345843e-03 -1.533166e-03 7.225313e-04 6.178108e-03
2.755164e+00 1.116966e+00 -1.986453e-04 -4.117955e-03 -3.201907e-04 -3.823472e-03
2.761447e+00 1.116910e+00 -9.908022e-04 3.094474e-03 8.440457e-04 5.682155e-03
2.767733e+00 1.114721e+00 3.850328e-04 2.919481e-03 7.433514e-05 1.156667e-03
2.774016e+00 1.115948e+00 -2.972368e-05 3.457902e-03 3.425212e-04 5.124715e-03
2.780299e+00 1.117764e+00 -1.572266e-03 -1.861296e-03 -1.304579e-03 1.428779e-03
2.786578e+00 1.116005e+00 -2.198491e-04 -9.776144e-04 -1.839379e-04 -7.307855e-04
2.792858e+00 1.117176e+00 2.627022e-04 -1.368003e-03 1.106354e-03 2.270610e-04
2.799144e+00 1.116563e+00 -1.042584e-03 -3.278224e-03 2.489594e-03 4.756079e-03
2.805430e+00 1.117056e+00 1.121868e-03 3.172912e-04 -4.340655e-03 6.348687e-03
2.811715e+00 1.116984e+00 -7.763657e-04 -6.829094e-04 -1.072158e-03 -8.149065e-04
2.817989e+00 1.116660e+00 -1.537426e-03 9.241555e-04 1.261495e-03 1.842818e-03
2.824269e+00 1.116009e+00 -4.760175e-04 -2.551042e-03 -4.898103e-04 4.557510e-03
2.830563e+00 1.117253e+00 1.126231e-03 2.037049e-04 -2.258762e-03 9.122110e-04
2.836849e+00 1.114602e+00 -7.559935e-04 -2.121901e-03 2.273616e-03 -6.707435e-04
2.843130e+00 1.116139e+00 3.608668e-05 -1.988767e-03 -2.220378e-03 -6.110885e-04
2.849414e+00 1.115994e+00 7.531725e-05 -3.681892e-04 1.839162e-03 -2.860770e-03
2.855698e+00 1.116300e+00 -6.686313e-04 3.501722e-03 -3.849891e-03 -4.787577e-03
2.861979e+00 1.116904e+00 -5.554646e-04 1.252130e-03 8.239300e-04 -2.841474e-03
2.868263e+00 1.116204e+00 -6.377659e-04 1.366267e-03 -1.550132e-03 -9.826202e-04
2.874548e+00 1.115392e+00 2.483513e-04 2.427781e-04 2.806159e-03 6.577790e-04
2.880831e+00 1.115815e+00 -1.083527e-03 4.511630e-03 1.098776e-03 2.391035e-03
2.887114e+00 1.115789e+00 -7.157564e-05 4.729833e-03 -2.654584e-03 3.360635e-03
2.893395e+00 1.115937e+00 -4.042487e-04 -4.820836e-04 4.137231e-03 1.630075e-03
2.899674e+00 1.116142e+00 8.341710e-05 -2.246014e-03 -3.692413e-03 5.669534e-03
2.905954e+00 1.114505e+00 7.188592e-04 -1.486406e-03 2.404874e-03 5.353658e-03
2.912241e+00 1.116607e+00 -1.204511e-04 4.248007e-03 -1.656928e-03 4.749529e-03
2.918527e+00 1.116438e+00 2.761440e-04 2.060517e-03 -2.170782e-03 2.704878e-04
2.924810e+00 1.114414e+00 -1.293187e-03 2.564600e-03 3.361214e-03 -1.572052e-03
2.931096e+00 1.115501e+00 -1.412715e-03 -4.482104e-03 -1.179605e-03 -1.680756e-03
2.937378e+00 1.115194e+00 3.964316e-04 -5.143667e-03 -1.249959e-03 1.759751e-03
2.943660e+00 1.116549e+00 4.317805e-04 -2.679704e-03 3.621225e-03 1.810988e-04
2.949947e+00 1.115236e+00 -6.818294e-04 -2.692555e-03 1.070578e-03 2.628618e-03
2.956228e+00 1.116001e+00 -3.284133e-04 -8.634798e-04 -3.791745e-03 -3.123629e-03
2.962511e+00 1.117594e+00 4.071240e-04 -1.052237e-03 1.953965e-03 -7.992237e-04
2.968797e+00 1.116714e+00 -6.174024e-04 2.544599e-03 -9.912740e-04 4.654066e-04
2.975078e+00 1.114696e+00 6.029912e-06 -2.454829e-04 -5.451993e-04 5.282104e-04
2.981360e+00 1.116372e+00 3.797851e-04 8.497203e-04 1.469424e-03 6.605078e-03
2.987647e+00 1.117483e+00 5.807495e-04 -3.831747e-04 -6.562072e-04 -1.856487e-03
2.993930e+00 1.115863e+00 -5.704674e-04 5.641277e-04 2.703605e-03 -7.347886e-04
3.000207e+00 1.116579e+00 5.937050e-04 -4.464297e-04 -1.213660e-03 1.235783e-03
3.006486e+00 1.116851e+00 -7.799628e-04 -3.092419e-03 -6.573068e-04 2.752966e-03
3.012770e+00 1.116898e+00 9.429184e-04 -6.961146e-04 -1.226525e-03 1.714582e-03
3.019053e+00 1.116656e+00 1.050556e-03 4.993686e-03 4.729401e-04 9.557751e-04
3.025338e+00 1.116283e+00 -8.946641e-04 1.778861e-03 3.437136e-04 4.583050e-03
3.031624e+00 1.117007e+00 -1.292548e-03 -9.220395e-04 -2.491596e-03 2.444489e-03
3.037909e+00 1.115532e+00 4.174042e-04 -1.154194e-04 2.099163e-03 6.785981e-06
3.044195e+00 1.115805e+00 -1.046335e-03 -2.321075e-04 2.295009e-04 2.969523e-03
3.050476e+00 1.117784e+00 3.851720e-04 -1.937821e-03 1.041624e-03 4.885463e-03
3.056755e+00 1.116354e+00 -9.199022e-04 -1.535886e-03 -2.450949e-03 3.641067e-03
3.063041e+00 1.116931e+00 6.843351e-04 -3.098103e-03 -5.826816e-04 -3.078265e-04
3.069324e+00 1.118448e+00 2.972073e-04 7.488208e-04 -1.666531e-04 -2.069865e-03
3.075611e+00 1.116870e+00 -3.331278e-04 3.846193e-04 2.739859e-03 5.705009e-03
3.081894e+00 1.117795e+00 7.398076e-04 2.468022e-03 7.540917e-04 3.159144e-03
3.088175e+00 1.116448e+00 1.090485e-03 -6.203210e-04 -2.960281e-04 8.998723e-04
3.094459e+00 1.118231e+00 -5.564496e-04 2.411582e-03 -1.285621e-03 -1.230003e-03
3.100744e+00 1.117030e+00 -1.066123e-03 2.532916e-03 2.852783e-03 1.135059e-03
3.107028e+00 1.116971e+00 -2.601425e-03 -4.658950e-04 -1.345096e-03 1.229151e-03
3.113310e+00 1.117386e+00 2.829304e-03 -3.087910e-03 -8.990384e-04 6.026596e-04
3.119591e+00 1.116730e+00 -2.219236e-04 -8.281115e-04 -1.995836e-03 2.683586e-04
3.125874e+00 1.116209e+00 -9.767389e-05 -2.368464e-03 1.566530e-03 -3.263601e-03
3.132159e+00 1.116776e+00 -4.057440e-04 3.455318e-03 1.214279e-03 7.211597e-04
3.138439e+00 1.116344e+00 6.897495e-04 3.694784e-03 2.429891e-04 -4.767093e-03
3.144724e+00 1.117298e+00 -8.412502e-04 2.839974e-03 -5.067249e-04 1.597892e-03
3.151004e+00 1.117869e+00 -7.561014e-04 9.198474e-05 -6.023609e-04 8.454800e-05
3.157284e+00 1.116632e+00 -1.182518e-04 3.514788e-03 -7.925543e-04 -1.704572e-03
3.163570e+00 1.117370e+00 -1.069333e-03 -1.954228e-03 1.058254e-03 1.253011e-03
3.169852e+00 1.115594e+00 8.083232e-04 1.013874e-03 -4.678050e-04 3.326894e-03
3.176138e+00 1.116081e+00 -7.300949e-04 3.591829e-04 1.192059e-03 3.371627e-04
3.182421e+00 1.115660e+00 -9.166526e-04 -3.177668e-03 4.451304e-04 5.407475e-04
3.188703e+00 1.116925e+00 -4.695203e-04 -4.444271e-05 -1.108511e-03 1.538806e-03
3.194991e+00 1.116298e+00 -3.091428e-04 -2.646320e-03 -1.913049e-03 -2.302726e-03
3.201276e+00 1.116313e+00 5.379104e-04 -1.017475e-03 8.264374e-04 -1.914010e-03
3.207552e+00 1.116527e+00 2.998318e-04 1.570139e-03 2.670655e-05 1.329986e-03
3.213835e+00 1.115945e+00 -2.898104e-04 2.906108e-03 -1.054332e-03 2.347614e-03
