# k, q0, q1/i, q2, q3/i, q4, norm, alpha = 0.14460352411006988, 0.01987432793133251
0.000000e+00 6.163563e+09 0.000000e+00 0.000000e+00 0.000000e+00 2.521043e+09
8.899642e-03 1.503067e+08 -5.913160e+07 4.840770e+08 8.846959e+07 5.536922e+08
1.507912e-02 4.934382e+06 -1.155352e+06 -1.503445e+06 2.607140e+06 8.199610e+06
2.144790e-02 1.127078e+06 6.222277e+04 8.028562e+05 -7.046825e+05 1.475171e+06
2.783661e-02 5.253689e+05 -4.322662e+04 6.327853e+05 1.450526e+05 1.278599e+06
3.435100e-02 1.829567e+05 2.482037e+04 6.692450e+03 -2.834802e+04 9.466992e+04
4.047887e-02 1.118754e+05 3.147868e+04 3.363121e+04 -1.049580e+05 1.688410e+05
4.676717e-02 6.303870e+04 8.861949e+03 3.822542e+04 1.125465e+03 5.020148e+04
5.308226e-02 3.619229e+04 -5.710596e+03 -8.543750e+03 2.934658e+03 3.902931e+04
5.945363e-02 2.741874e+04 -2.053980e+03 -4.846118e+02 5.014917e+03 4.975726e+04
6.576225e-02 1.678720e+04 -6.094271e+02 -1.069748e+04 2.787218e+03 2.660045e+04
7.196633e-02 1.222249e+04 -2.128830e+03 -2.673647e+03 1.677080e+03 2.131300e+04
7.827861e-02 9.078236e+03 -6.529861e+02 -1.750346e+03 3.184192e+03 1.422390e+04
8.470400e-02 6.419951e+03 -6.017496e+02 -4.017250e+03 4.615947e+02 9.791248e+03
9.096855e-02 6.591946e+03 -7.417424e+02 -1.658511e+02 1.714500e+03 1.356365e+04
9.720791e-02 4.561272e+03 1.823949e+02 -3.739945e+03 4.615282e+02 7.725821e+03
1.034763e-01 4.129167e+03 -1.216501e+02 -1.417270e+03 -2.152642e+02 8.173181e+03
1.097577e-01 3.167145e+03 3.398637e+02 -1.257938e+03 -2.948553e+01 5.534901e+03
1.160543e-01 2.826550e+03 -4.227195e+01 -2.061035e+03 -8.984903e+01 4.478501e+03
1.223670e-01 2.688873e+03 1.902016e+02 -2.421255e+02 -2.040880e+02 4.757312e+03
1.287014e-01 2.058787e+03 1.447294e+02 -1.516711e+03 -3.116925e+02 2.079239e+03
1.349669e-01 1.949741e+03 -5.213017e+01 -4.642368e+02 7.477469e+01 2.362129e+03
1.411950e-01 1.740091e+03 4.104639e+01 -5.699012e+02 8.453813e+01 1.989764e+03
1.475134e-01 1.499131e+03 -6.080730e+01 -7.980372e+02 1.405656e+01 1.299317e+03
1.537865e-01 1.523343e+03 -5.381486e+00 -3.023326e+02 1.316659e+02 1.808506e+03
1.600658e-01 1.254352e+03 1.249422e+01 -5.042374e+02 -3.544460e+01 1.154690e+03
1.663991e-01 1.157993e+03 -3.726790e+01 -3.140017e+02 1.754061e+01 1.095536e+03
1.727196e-01 1.078409e+03 4.341727e+01 -3.358675e+02 9.952387e+00 7.831253e+02
1.789765e-01 1.070900e+03 -4.121231e+01 -2.724000e+02 -7.563917e+00 9.192515e+02
1.852354e-01 1.023775e+03 2.227116e+01 -3.143826e+02 -6.691462e+00 8.314012e+02
1.914807e-01 9.651625e+02 -6.259911e+00 -3.515482e+02 6.796819e+01 6.008328e+02
1.977890e-01 9.793749e+02 -1.765702e+01 -1.366272e+02 -2.804885e+00 7.765157e+02
2.040938e-01 8.947535e+02 -4.153623e+00 -2.312844e+02 6.778658e+01 5.429951e+02
2.103939e-01 8.727234e+02 -9.193392e+00 -1.658186e+02 -4.196711e+01 5.058367e+02
2.166910e-01 8.633013e+02 5.203009e+00 -1.011694e+02 2.996337e+01 4.659008e+02
2.229700e-01 8.257731e+02 3.430712e+00 -2.009308e+02 -3.954428e+01 3.397699e+02
2.292620e-01 8.281638e+02 -2.789723e+00 -9.421107e+01 1.441205e+01 4.224358e+02
2.355142e-01 7.969882e+02 7.363760e+00 -2.065275e+02 -3.720177e+01 2.377418e+02
2.417911e-01 7.732999e+02 2.305153e+00 -1.657786e+02 5.580530e+00 2.070226e+02
2.480857e-01 7.656272e+02 1.166749e+00 -1.597508e+02 1.696233e+01 2.155044e+02
2.543492e-01 7.399214e+02 -1.775072e+00 -1.395566e+02 1.229336e+01 1.806886e+02
2.606382e-01 7.777340e+02 2.826306e-01 -1.810759e+01 -8.432798e+00 3.252978e+02
2.669301e-01 7.319453e+02 4.227297e+00 -1.245293e+02 -7.457415e-01 1.260101e+02
2.732424e-01 7.360799e+02 -8.683360e+00 -4.901538e+01 1.395395e+00 1.868368e+02
2.795530e-01 7.236117e+02 1.009892e+01 -6.600495e+01 2.844848e+00 2.228400e+02
2.858367e-01 7.155013e+02 -1.220987e+00 -6.226192e+01 -1.605618e+01 1.611401e+02
2.920934e-01 7.038403e+02 5.856046e+00 -4.862917e+01 -4.791629e+00 1.437923e+02
2.983501e-01 6.959495e+02 -4.767270e-01 -5.103462e+01 9.665149e-01 1.159729e+02
3.046383e-01 7.151464e+02 -2.481485e+00 -2.007702e+01 -1.672726e+00 1.781891e+02
3.109279e-01 6.777452e+02 -3.781097e+00 -7.009958e+01 4.497929e+00 8.620146e+01
3.172168e-01 6.892970e+02 -5.923838e+00 -7.700936e+01 7.140659e+00 1.056629e+02
3.235188e-01 6.846602e+02 -5.730326e-02 -4.526213e+01 1.027629e+01 1.138323e+02
3.298168e-01 6.766492e+02 -2.226499e+00 -7.169121e+01 3.901311e-01 8.928683e+01
3.361177e-01 6.699839e+02 -2.485634e-01 -5.127159e+01 -4.755448e+00 4.447832e+01
3.423729e-01 6.725648e+02 -1.568348e-01 -5.696775e+01 8.027956e+00 9.102279e+01
3.486504e-01 6.708812e+02 4.715504e+00 -3.752420e+01 -4.309461e+00 1.005871e+02
3.549412e-01 6.654167e+02 4.678435e-01 -4.140223e+01 -3.203409e+00 5.308534e+01
3.611917e-01 6.699726e+02 -2.482365e+00 -5.661923e+01 4.411472e+00 8.957021e+01
3.674767e-01 6.726723e+02 -3.564536e+00 -5.457754e+01 -8.349021e+00 7.343238e+01
3.737648e-01 6.607857e+02 6.542733e-01 -4.238358e+01 -7.223320e-01 6.784641e+01
3.800654e-01 6.481954e+02 -1.897237e-02 -4.231672e+01 -4.172801e+00 3.900838e+01
3.863540e-01 6.549675e+02 -1.046839e+00 -2.563931e+00 6.666453e+00 9.057095e+01
3.926151e-01 6.584064e+02 3.662901e+00 -4.835340e+01 -9.236815e-01 6.575446e+01
3.989274e-01 6.570347e+02 2.137725e+00 -1.180140e+01 1.253728e+00 5.110758e+01
4.052074e-01 6.541108e+02 -2.291595e-01 6.286159e+00 -2.840430e+00 5.580660e+01
4.114917e-01 6.473156e+02 2.408608e-02 -1.434743e+01 -1.154189e+00 3.483634e+01
4.177815e-01 6.553380e+02 5.438467e-01 -3.062105e+01 -3.375652e-01 6.035765e+01
4.240401e-01 6.480844e+02 -8.216948e-01 -3.820892e+01 -1.768475e+00 3.212845e+01
4.303426e-01 6.480795e+02 1.247786e-01 -1.108776e+01 -5.607418e+00 4.776554e+01
4.366359e-01 6.478766e+02 1.442141e+00 -3.538515e+01 -6.827484e-01 2.203655e+01
4.428997e-01 6.445173e+02 3.576001e-01 -3.384461e+01 -2.039339e+00 2.898359e+01
4.491635e-01 6.538239e+02 -1.182895e-02 -2.101172e+01 1.729551e+00 2.200718e+01
4.554415e-01 6.434163e+02 -1.484089e+00 -2.549103e+01 7.688476e-01 3.658767e+01
4.617635e-01 6.423013e+02 2.377523e-01 -3.314181e+01 1.635314e-01 3.605099e+01
4.680645e-01 6.399310e+02 1.607621e-01 -2.490009e+01 -3.369453e+00 4.143275e+01
4.743486e-01 6.399516e+02 3.025042e-01 -1.156977e+01 7.446308e-01 2.569754e+01
4.806356e-01 6.463533e+02 -8.274953e-01 -3.161987e+01 8.297670e+00 3.840800e+01
4.869020e-01 6.408754e+02 1.434544e+00 -1.849531e+01 -8.105412e+00 3.634394e+01
4.931697e-01 6.400562e+02 2.536743e+00 -2.756416e+01 -1.644167e+00 4.123342e+01
4.994507e-01 6.452365e+02 -5.468721e-01 -4.300143e+01 3.344458e+00 5.199154e+01
5.057159e-01 6.442236e+02 -9.088800e-01 -4.093803e+01 -4.109269e+00 5.170775e+01
5.119924e-01 6.468597e+02 8.936445e-01 -3.123416e+01 1.366739e+00 4.135417e+01
5.183126e-01 6.432773e+02 -2.252138e+00 -3.040420e+01 4.485373e+00 4.164534e+01
5.246102e-01 6.417121e+02 6.747586e-01 -3.947815e+01 -1.503965e+00 4.841090e+01
5.308769e-01 6.470018e+02 -2.144305e+00 -5.488321e+01 1.969278e+00 5.056339e+01
5.371574e-01 6.522800e+02 8.004816e-01 -4.211081e+01 -1.853855e+00 5.877216e+01
5.434580e-01 6.462438e+02 -1.907428e+00 -4.255631e+01 4.305589e+00 4.929762e+01
5.497431e-01 6.423537e+02 -1.377585e+00 -5.467030e+01 1.903966e+00 4.305243e+01
5.559938e-01 6.510728e+02 1.443303e+00 -4.656422e+01 2.496895e+00 5.027322e+01
5.622855e-01 6.491667e+02 2.103086e+00 -4.729913e+01 -2.212019e+00 5.768430e+01
5.686012e-01 6.470273e+02 -3.159511e-01 -3.938267e+01 -8.853427e-01 6.439214e+01
5.748805e-01 6.422708e+02 -2.110706e+00 -4.069439e+01 2.112818e+00 5.882389e+01
5.811551e-01 6.503398e+02 2.769770e-01 -5.240284e+01 -3.532203e+00 7.108147e+01
5.874409e-01 6.410338e+02 1.409843e+00 -3.756036e+01 -8.243127e-01 6.417149e+01
5.937190e-01 6.443212e+02 -1.676634e+00 -4.196801e+01 1.300478e+00 4.798750e+01
5.999972e-01 6.429700e+02 1.434601e+00 -4.825815e+01 -1.752168e+00 6.034945e+01
6.062680e-01 6.434094e+02 -1.177640e+00 -4.939239e+01 3.487592e+00 5.362945e+01
6.125470e-01 6.411305e+02 -4.846969e-01 -4.622707e+01 1.810475e+00 5.409446e+01
6.188487e-01 6.388257e+02 -1.030165e+00 -3.736043e+01 -1.681074e+00 4.158849e+01
6.251319e-01 6.367863e+02 -7.559364e-02 -4.329803e+01 -3.879215e+00 5.176839e+01
6.314028e-01 6.454316e+02 1.522357e+00 -2.938807e+01 1.397448e+00 4.541149e+01
6.377004e-01 6.415336e+02 -1.243800e+00 -2.632055e+01 1.283713e+00 3.096687e+01
6.439858e-01 6.445022e+02 1.235720e+00 -1.983383e+01 9.958946e-01 4.719298e+01
6.502686e-01 6.425298e+02 9.127726e-02 -1.800899e+01 1.831647e+00 4.616743e+01
6.565587e-01 6.368512e+02 3.720827e-01 -2.392073e+01 1.685273e+00 3.502120e+01
6.628370e-01 6.411055e+02 -1.190048e+00 -2.779375e+01 -2.257446e+00 3.422824e+01
6.691186e-01 6.357712e+02 1.038183e+00 -2.696733e+01 -1.724084e+00 2.846045e+01
6.754071e-01 6.363672e+02 -5.989109e-01 -2.367281e+01 -3.170568e+00 1.393254e+01
6.816837e-01 6.357626e+02 1.834991e+00 -1.424908e+01 -2.045494e-01 3.378643e+01
6.879601e-01 6.353135e+02 -1.035012e+00 -2.482095e+01 -7.000085e-01 3.525025e+01
6.942351e-01 6.330179e+02 2.141736e+00 -7.522578e+00 5.854202e-01 3.135739e+01
7.005176e-01 6.337419e+02 -4.955975e-01 -1.655478e+01 -2.115542e+00 1.761625e+01
7.068125e-01 6.379263e+02 -1.835589e-02 -1.912899e+01 3.301115e+00 1.989344e+01
7.131020e-01 6.380491e+02 2.492457e-01 -1.738448e+01 -3.843648e-02 2.967077e+01
7.193919e-01 6.332101e+02 -1.553291e+00 -1.321673e+01 2.065215e-01 1.492690e+01
7.256834e-01 6.310360e+02 -1.240868e+00 -1.719451e+01 9.959435e-01 3.237996e+01
7.319668e-01 6.323008e+02 5.272986e-01 -2.020139e+01 -3.013881e+00 2.012207e+01
7.382523e-01 6.326905e+02 -4.176855e-01 -3.169516e+00 -1.593789e+00 2.188042e+01
7.445266e-01 6.351186e+02 1.336602e+00 -7.683779e+00 2.631762e+00 1.826731e+01
7.507872e-01 6.360583e+02 -9.819911e-01 -1.298279e+01 5.564138e-01 2.177819e+01
7.570759e-01 6.282010e+02 -7.682969e-01 -1.716447e+01 4.202098e+00 8.482500e+00
7.633642e-01 6.320764e+02 -1.923449e-01 -2.132038e+00 -1.516431e+00 1.406762e+01
7.696464e-01 6.300469e+02 4.002692e-01 -5.077777e+00 -2.068024e+00 2.276835e+01
7.759395e-01 6.297975e+02 6.215222e-01 -1.137282e+01 -2.307713e+00 2.072472e+01
7.822335e-01 6.254163e+02 -1.649502e+00 -7.761538e+00 2.391768e+00 1.209902e+01
7.885323e-01 6.297002e+02 1.144657e+00 -6.517666e+00 -4.194075e+00 1.308823e+01
7.947900e-01 6.300130e+02 -2.896748e-01 -6.631895e+00 5.513446e-01 1.240855e+01
8.010492e-01 6.258600e+02 2.123786e-01 -5.127512e+00 -4.489688e+00 9.512185e+00
8.073365e-01 6.256869e+02 1.182878e-01 -3.641133e+00 5.965424e+00 1.123836e+01
8.136230e-01 6.279518e+02 5.297399e-01 9.232794e+00 1.832160e+00 1.493341e+01
8.199154e-01 6.270576e+02 -1.450835e+00 -6.056901e+00 -8.805696e-01 1.517545e+01
8.261953e-01 6.238184e+02 -3.373603e-01 -5.930125e+00 1.540082e+00 8.448585e+00
8.324898e-01 6.290109e+02 2.712344e+00 -4.374587e+00 -1.230838e+00 1.393913e+01
8.387960e-01 6.289124e+02 2.974309e-02 9.605189e-01 1.617631e+00 4.814511e+00
8.450635e-01 6.244191e+02 -5.638470e-01 -3.671595e+00 -5.309329e+00 -3.803586e+00
8.513284e-01 6.288904e+02 7.344217e-01 -3.863311e-01 2.440370e+00 7.887506e+00
8.576199e-01 6.263629e+02 -1.690988e+00 -6.359197e-01 -9.942668e-01 5.941199e+00
8.639059e-01 6.268986e+02 1.052812e+00 -2.290997e+00 -1.207498e+00 4.135833e+00
8.701839e-01 6.240710e+02 -5.925944e-01 3.307499e-01 2.893068e+00 -1.289029e+00
8.764642e-01 6.256120e+02 4.670105e-01 6.091186e-01 -3.182865e+00 7.892775e+00
8.827505e-01 6.245299e+02 3.791862e-01 -1.410284e+00 1.291126e+00 6.488966e+00
8.890333e-01 6.260851e+02 -2.796442e-01 -3.783387e+00 -4.068117e+00 5.738842e+00
8.953085e-01 6.255419e+02 4.061314e-01 -8.130274e+00 1.818555e+00 -2.064733e+00
9.015957e-01 6.263162e+02 -1.258811e+00 1.911486e-01 3.820025e+00 8.459932e+00
9.078834e-01 6.262825e+02 -4.182602e-01 4.785277e+00 -3.044175e-01 9.926590e-01
9.141745e-01 6.255507e+02 -1.681260e-01 -1.619451e+00 -1.169621e+00 -1.214585e+00
9.204632e-01 6.242863e+02 1.673989e+00 -2.144566e+00 3.448643e+00 4.007302e+00
9.267435e-01 6.290690e+02 1.239135e-01 7.157180e+00 -1.693151e+00 2.898294e+00
9.330325e-01 6.242167e+02 -7.923251e-01 6.411690e+00 -4.251845e-01 -1.165291e+00
9.393266e-01 6.268157e+02 1.364701e-01 -3.033359e+00 -7.337407e-02 5.627330e+00
9.455976e-01 6.268824e+02 2.306643e-01 -1.017355e+01 -2.320449e+00 2.212911e+00
9.518661e-01 6.262316e+02 -1.465820e-01 5.779397e-02 -1.041675e+00 1.035275e+01
9.581414e-01 6.269664e+02 5.326839e-01 -1.873177e-01 -6.357244e-01 -3.259787e-01
9.644352e-01 6.233600e+02 -3.655652e-01 4.500585e+00 -4.882379e-01 2.027179e+00
9.707356e-01 6.253832e+02 7.514240e-01 1.470613e+00 3.396438e+00 -1.637005e+00
9.770081e-01 6.213381e+02 1.901422e-01 -4.448986e-01 -3.239194e+00 4.898643e+00
9.832824e-01 6.267137e+02 4.141232e-01 -2.247809e+00 3.506862e-02 7.133364e+00
9.895570e-01 6.289130e+02 -1.085539e+00 -1.667863e+00 3.203925e+00 6.534332e+00
9.958457e-01 6.272849e+02 -7.099678e-01 -2.625907e+00 -2.417593e+00 1.263594e+01
1.002136e+00 6.241857e+02 -4.857094e-01 -2.810155e+00 2.918272e+00 1.153405e+01
1.008405e+00 6.261642e+02 -5.800375e-01 -9.328083e-02 -3.614368e-02 1.549006e+01
1.014694e+00 6.203480e+02 -4.631662e-01 -8.296925e-01 -2.445500e+00 7.324480e+00
1.020993e+00 6.255588e+02 3.283364e-01 7.367908e-01 3.684470e-01 -4.103137e-01
1.027274e+00 6.214183e+02 8.363217e-01 3.884367e+00 -2.420335e-01 -1.891133e+00
1.033561e+00 6.240839e+02 -2.946627e-01 -2.130561e+00 1.474553e+00 2.287407e+00
1.039849e+00 6.277062e+02 -1.016764e-01 -4.326338e-01 -9.360320e-01 -8.410848e-01
1.046127e+00 6.258037e+02 3.061155e-02 5.236296e+00 1.715263e+00 1.871387e+00
1.052404e+00 6.244988e+02 8.784817e-01 3.012730e+00 -5.991102e-02 4.356654e-01
1.058681e+00 6.278199e+02 4.831496e-01 -4.019506e-01 -1.678217e+00 5.193888e+00
1.064964e+00 6.256038e+02 -4.177455e-01 -2.088806e+00 2.649837e-01 6.063810e+00
1.071257e+00 6.240157e+02 5.879337e-01 -3.247934e+00 1.247041e+00 -3.018358e+00
1.077544e+00 6.240782e+02 2.460958e-01 1.630787e+00 -2.600066e+00 9.439225e-01
1.083826e+00 6.243806e+02 -2.527224e-01 -7.541625e-01 1.814170e+00 -4.598656e+00
1.090109e+00 6.209747e+02 1.201896e-01 2.354837e+00 1.035041e-01 1.216837e+00
1.096390e+00 6.264157e+02 -1.767302e-01 -4.724089e+00 -1.084869e+00 -4.161440e+00
1.102681e+00 6.255339e+02 -4.685698e-01 7.723656e-01 1.802402e+00 -5.007583e-01
1.108963e+00 6.239666e+02 1.480797e-01 -2.661612e+00 -2.367492e+00 3.581947e+00
1.115226e+00 6.261454e+02 -4.376408e-01 -1.633060e+00 1.826653e+00 -1.220472e+00
1.121502e+00 6.253470e+02 5.372069e-02 -5.945951e+00 7.714220e-01 1.780850e+00
1.127793e+00 6.283975e+02 -8.299921e-01 -5.736839e+00 -6.916970e-01 -3.563639e+00
1.134090e+00 6.253579e+02 8.060057e-01 -1.615343e+00 1.701725e+00 7.050329e+00
1.140364e+00 6.286772e+02 -2.538952e-02 -6.476858e-01 -8.474190e-01 2.607483e-01
1.146639e+00 6.246462e+02 -4.310242e-01 3.635828e+00 -1.618216e+00 -1.352237e+00
1.152943e+00 6.255797e+02 -1.096888e+00 1.386975e+00 1.283970e+00 -3.214998e+00
1.159229e+00 6.263924e+02 -1.577437e-02 -4.666572e+00 -5.795072e-01 5.667012e+00
1.165509e+00 6.243687e+02 4.729044e-01 -6.893747e+00 3.479968e-01 5.165936e+00
1.171793e+00 6.262225e+02 4.038021e-01 -2.214916e+00 -4.420252e-01 -1.299529e-01
1.178088e+00 6.252360e+02 -1.583233e-03 -1.663973e+00 -4.926096e-01 5.356661e+00
1.184368e+00 6.248059e+02 -2.483095e-01 -7.758032e+00 5.561575e-01 8.808226e+00
1.190635e+00 6.277867e+02 1.013907e+00 -3.692026e+00 1.939045e-01 4.414360e+00
1.196912e+00 6.242371e+02 2.176208e-01 -1.633263e+00 -1.605202e+00 -5.337781e-01
1.203202e+00 6.235637e+02 6.334500e-01 2.771820e+00 -2.341318e+00 -1.941651e+00
1.209487e+00 6.247101e+02 -3.426171e-01 2.841465e+00 3.501533e-01 -1.946321e+00
1.215764e+00 6.247239e+02 6.084618e-01 -1.880317e+00 9.543377e-01 7.230383e+00
1.222051e+00 6.236334e+02 -1.666911e-02 1.169267e+00 1.459105e+00 3.332413e-02
1.228341e+00 6.246420e+02 1.902495e-01 8.865679e-01 3.911951e-01 4.995695e+00
1.234633e+00 6.257209e+02 -2.261781e-01 1.130231e+00 -1.661406e+00 1.543727e+00
1.240903e+00 6.232749e+02 -1.599668e-02 -1.738539e+00 2.595020e-01 7.494480e-01
1.247175e+00 6.244133e+02 -2.920001e-01 -3.019804e+00 2.408685e+00 -1.032338e+00
1.253466e+00 6.244048e+02 7.160925e-01 1.926022e+00 -6.456678e-01 5.507625e+00
1.259750e+00 6.245886e+02 3.127739e-01 2.760266e-01 1.173097e+00 3.936675e+00
1.266032e+00 6.234524e+02 -2.795065e-01 3.138632e-01 -2.418912e-01 4.775057e+00
1.272317e+00 6.256145e+02 3.002260e-02 -1.965539e+00 -3.974205e-02 3.577803e+00
1.278605e+00 6.245582e+02 -6.351685e-01 1.772256e+00 -9.403790e-01 -1.345072e+00
1.284887e+00 6.247144e+02 8.889116e-02 3.319810e+00 -1.536583e+00 5.094384e+00
1.291176e+00 6.234370e+02 -1.106064e+00 -1.919074e-01 2.924926e-01 -2.040780e+00
1.297466e+00 6.242002e+02 6.134409e-01 1.761418e+00 2.262801e-01 -8.243106e-01
1.303742e+00 6.232137e+02 -5.871779e-01 -3.838136e-01 1.584468e+00 -4.714876e-01
1.310018e+00 6.242057e+02 2.800861e-01 -7.104419e+00 -1.620117e+00 9.875254e-01
1.316302e+00 6.247252e+02 5.611523e-01 1.920836e+00 -4.327038e-01 7.838277e+00
1.322587e+00 6.233802e+02 -4.574824e-01 7.304902e+00 1.742132e+00 4.558613e+00
1.328866e+00 6.231658e+02 2.481068e-01 -1.546356e+00 -4.918925e-02 5.092668e+00
1.335145e+00 6.223757e+02 -5.575517e-01 -4.871576e+00 2.380480e-01 3.206885e+00
1.341441e+00 6.223448e+02 8.218638e-01 -3.031746e+00 -1.036970e+00 1.296096e+00
1.347731e+00 6.250320e+02 1.444808e-01 -3.308076e+00 7.609187e-01 3.507498e+00
1.354002e+00 6.262187e+02 -2.546909e-01 6.420961e-02 1.062686e+00 1.995216e+00
1.360283e+00 6.242992e+02 3.746900e-01 1.477546e+00 -1.197576e+00 2.447692e+00
1.366566e+00 6.243484e+02 -3.846830e-01 -8.074052e+00 -8.624023e-01 4.455261e+00
1.372852e+00 6.245201e+02 -4.469357e-01 -6.840407e-01 2.928863e+00 2.999280e+00
1.379136e+00 6.235129e+02 -2.448492e-01 -3.342442e+00 1.432936e+00 1.021802e+01
1.385410e+00 6.259481e+02 -3.569943e-01 -7.909219e+00 -6.415738e-01 5.955290e+00
1.391699e+00 6.246847e+02 5.682818e-01 1.164180e-01 -2.273074e+00 -1.704638e+00
1.397985e+00 6.231704e+02 1.443802e-01 -3.397432e+00 2.578165e-01 8.143249e+00
1.404268e+00 6.234175e+02 6.016140e-01 1.795702e+00 4.600827e-02 2.824758e+00
1.410555e+00 6.237610e+02 -4.346361e-01 -2.436876e+00 -3.936186e-02 4.708499e+00
1.416838e+00 6.235731e+02 -6.144166e-02 7.879861e-02 4.716870e-01 1.402160e+00
1.423118e+00 6.236288e+02 -2.581907e-01 -1.059698e+00 -1.757219e-01 -3.021864e-01
1.429398e+00 6.243302e+02 6.648805e-01 -1.865649e+00 -1.799816e+00 1.144251e+00
1.435687e+00 6.223802e+02 -3.341606e-01 -1.436592e+00 1.904615e+00 -2.998981e+00
1.441977e+00 6.228090e+02 -1.169021e-01 -1.103880e+00 -8.250195e-01 -9.246165e-01
1.448254e+00 6.221313e+02 8.128112e-01 6.873253e-02 -1.188589e+00 1.869443e+00
1.454532e+00 6.222691e+02 -1.240272e-01 1.262095e+00 8.974500e-01 -5.408235e-01
1.460819e+00 6.223999e+02 3.150275e-02 3.331651e+00 1.507391e+00 -1.787279e+00
1.467111e+00 6.248348e+02 -2.271324e-02 2.385173e+00 1.439883e-01 -1.024389e+00
1.473393e+00 6.251885e+02 -6.495745e-02 -5.407425e-01 -8.630031e-01 -4.971757e+00
1.479670e+00 6.248485e+02 1.169544e-01 2.206443e+00 2.639067e-01 -1.646444e-03
1.485956e+00 6.237550e+02 1.685251e-01 1.523952e+00 -3.265936e+00 -2.758338e+00
1.492234e+00 6.241111e+02 -5.032657e-01 -3.898316e+00 2.357897e+00 1.751877e+00
1.498503e+00 6.226580e+02 3.106164e-01 -1.603527e+00 1.027748e+00 4.814188e+00
1.504786e+00 6.250807e+02 1.176933e-01 3.700143e+00 -2.363265e+00 -7.864978e-01
1.511076e+00 6.242241e+02 -2.544996e-01 3.978625e+00 -1.104922e+00 -2.883954e+00
1.517362e+00 6.231096e+02 -5.146945e-01 -3.316771e+00 -8.089433e-01 -8.768167e-01
1.523650e+00 6.218303e+02 -2.762412e-01 5.925195e-02 2.195878e-01 -1.731597e+00
1.529939e+00 6.240001e+02 -2.058373e-01 -1.107235e+00 2.896224e+00 1.804353e+00
1.536230e+00 6.213534e+02 -6.474849e-01 4.195205e+00 -1.307330e-01 1.706165e-01
1.542511e+00 6.235446e+02 5.374140e-02 -9.330437e-01 -5.806849e-01 3.169445e+00
1.548784e+00 6.255440e+02 4.637617e-01 8.462691e-01 8.010493e-01 4.811405e+00
1.555073e+00 6.221569e+02 1.068765e-01 1.737059e+00 -1.114857e+00 -1.895542e+00
1.561357e+00 6.248898e+02 2.909561e-01 6.641867e-01 1.290962e+00 1.787230e+00
1.567629e+00 6.244127e+02 -7.383139e-02 -9.540887e-01 -1.543542e+00 -1.096158e+00
1.573914e+00 6.220370e+02 -9.967592e-01 -1.846689e+00 2.378863e+00 -5.480381e-01
1.580204e+00 6.260033e+02 3.189191e-02 1.663780e+00 -1.170341e+00 -7.697276e-01
1.586486e+00 6.244914e+02 5.474963e-02 1.110959e+00 -1.186692e-01 1.082904e+00
1.592760e+00 6.243141e+02 3.625068e-01 4.231441e+00 1.626485e-01 4.496339e+00
1.599047e+00 6.239023e+02 5.168182e-01 3.655532e+00 -8.735304e-01 5.899320e+00
1.605342e+00 6.241030e+02 2.382337e-01 1.329364e+00 3.507939e-01 -1.023826e+00
1.611620e+00 6.237536e+02 -2.438863e-01 1.644959e+00 8.024164e-01 1.122505e+00
1.617898e+00 6.230513e+02 -2.877737e-01 -1.453779e+00 -7.004755e-01 2.508030e+00
1.624183e+00 6.241445e+02 -3.901984e-01 -9.513181e-01 2.497602e-01 -1.935949e+00
1.630465e+00 6.223313e+02 -9.837286e-01 -3.158276e+00 1.521778e+00 4.910620e-01
1.636749e+00 6.235768e+02 5.571205e-01 -1.143606e+00 -2.268793e+00 3.423656e+00
1.643031e+00 6.241199e+02 -3.239487e-01 -3.055508e+00 7.704058e-01 2.662810e+00
1.649309e+00 6.249406e+02 2.788351e-02 -7.634154e-02 1.373606e-01 2.681213e+00
1.655594e+00 6.243264e+02 -5.813690e-02 4.569187e-02 -1.311770e-01 1.235349e+00
1.661880e+00 6.239809e+02 -2.179978e-01 -8.366526e-01 2.955122e-01 3.253788e+00
1.668169e+00 6.236173e+02 5.204155e-01 -6.765838e-01 1.551262e-01 -2.498710e+00
1.674450e+00 6.230862e+02 3.375012e-01 -3.480604e+00 4.080593e-02 5.708364e-01
1.680723e+00 6.220648e+02 -3.243625e-01 1.513674e+00 -4.765893e-01 -5.818962e+00
1.687014e+00 6.241819e+02 5.189171e-01 3.238236e+00 7.704487e-01 7.484488e-01
1.693309e+00 6.234651e+02 -3.280099e-01 2.318711e+00 -2.332055e+00 -4.248826e+00
1.699582e+00 6.230913e+02 1.852555e-01 -1.437908e+00 2.991619e-01 5.878821e-01
1.705864e+00 6.247083e+02 -6.077705e-03 -3.323231e-02 5.263441e-01 1.333722e+00
1.712155e+00 6.232993e+02 -3.670016e-01 8.924125e-01 -4.875306e-01 4.229382e+00
1.718439e+00 6.242067e+02 -2.016386e-01 -5.099560e-01 2.017660e+00 1.540529e+00
1.724721e+00 6.239688e+02 -1.686339e-01 2.625621e+00 -9.269131e-01 2.267177e+00
1.730998e+00 6.256332e+02 -4.597204e-02 -3.079049e+00 -4.295541e-01 1.925746e+00
1.737287e+00 6.245250e+02 8.303263e-02 -1.280770e+00 5.453526e-01 -7.838914e-01
1.743568e+00 6.246979e+02 4.266989e-01 -5.094372e-01 -7.702882e-01 2.001249e+00
1.749841e+00 6.238196e+02 -9.488288e-02 1.689202e+00 -1.915624e+00 -3.657251e+00
1.756129e+00 6.243502e+02 3.212346e-02 1.567774e+00 9.464099e-01 -4.465088e-01
1.762414e+00 6.233362e+02 -5.776483e-01 -3.074532e+00 -1.017544e+00 -3.381109e+00
1.768696e+00 6.238207e+02 3.205190e-01 -1.396522e+00 8.076966e-01 2.376986e+00
1.774979e+00 6.227930e+02 -5.085818e-01 -7.700655e-02 8.047538e-01 -3.574502e+00
1.781266e+00 6.236694e+02 1.869651e-01 -1.362571e+00 -7.617802e-01 -8.155704e-01
1.787550e+00 6.231578e+02 -1.607380e-02 -7.255684e-01 1.043653e+00 -4.077372e+00
1.793834e+00 6.239217e+02 -6.594855e-02 -3.617999e+00 1.080170e-01 -2.593370e+00
1.800115e+00 6.244394e+02 4.064376e-01 6.648069e-01 -1.001921e-01 -1.309603e+00
1.806394e+00 6.217358e+02 -4.744224e-01 3.467557e+00 -1.075249e+00 5.729150e+00
1.812674e+00 6.232141e+02 -1.441835e-01 4.014343e+00 7.771381e-02 -2.373772e+00
1.818957e+00 6.205963e+02 1.597153e-01 2.134424e+00 8.067731e-02 2.433624e-01
1.825244e+00 6.222375e+02 1.897463e-02 -8.924230e-01 6.969510e-01 -1.045083e-01
1.831527e+00 6.212307e+02 -1.492071e-01 3.348418e-01 -1.835818e-01 -1.118920e+00
1.837811e+00 6.246196e+02 -1.029201e-01 -1.803474e+00 -1.545132e+00 -2.812778e+00
1.844101e+00 6.253349e+02 4.472060e-01 -2.517952e+00 5.337111e-01 3.084046e+00
1.850385e+00 6.231176e+02 -4.299596e-01 -2.735658e+00 -1.742497e-01 -9.714658e-01
1.856666e+00 6.247495e+02 8.216782e-02 -1.708788e+00 6.428840e-02 2.431925e+00
1.862948e+00 6.236151e+02 2.142486e-01 -2.972852e+00 -3.853045e-01 1.256403e+00
1.869229e+00 6.229532e+02 3.408706e-01 -1.146299e+00 1.041626e+00 -2.362829e+00
1.875518e+00 6.238437e+02 -4.822378e-01 -4.631995e+00 1.658956e-01 -1.189772e+00
1.881801e+00 6.242992e+02 -9.083280e-02 -1.498064e+00 1.354452e-01 -2.565763e-02
1.888079e+00 6.253430e+02 1.018221e-01 -3.827584e-01 -4.747878e-01 1.061910e+00
1.894354e+00 6.244132e+02 -3.765911e-01 -1.655804e+00 -1.805939e-01 -7.051525e-01
1.900643e+00 6.235392e+02 4.801853e-01 -2.271905e+00 1.076396e+00 2.409326e-01
1.906934e+00 6.233213e+02 -2.357036e-01 7.959098e-01 -3.401747e-01 -1.856726e+00
1.913208e+00 6.228975e+02 1.802218e-01 3.915814e-01 5.812458e-01 2.721218e+00
1.919491e+00 6.232233e+02 2.337495e-01 -1.444888e+00 -6.044399e-01 1.739792e+00
1.925777e+00 6.217592e+02 4.970826e-02 5.230751e-01 7.308048e-01 -5.493978e-01
1.932065e+00 6.236620e+02 -3.907784e-01 -8.060287e-01 -1.690750e+00 2.521483e+00
1.938343e+00 6.228452e+02 2.813796e-01 -1.666801e+00 -1.278906e+00 2.771907e-01
1.944619e+00 6.248030e+02 -1.570269e-01 -2.894130e+00 1.329585e+00 -1.748095e+00
1.950906e+00 6.237421e+02 -5.946480e-02 1.798067e+00 5.295832e-01 1.134711e+00
1.957195e+00 6.234092e+02 -3.102031e-02 2.335892e+00 5.175103e-01 1.660880e-02
1.963480e+00 6.232130e+02 -3.269411e-01 -3.714900e+00 -1.461113e-01 1.118776e+00
1.969761e+00 6.212384e+02 -8.241327e-01 -3.828229e+00 -4.673773e-01 2.662106e+00
1.976049e+00 6.221524e+02 1.002025e-01 4.703670e-01 -1.139202e+00 6.977367e-01
1.982338e+00 6.207748e+02 -5.499043e-01 1.300195e+00 4.837569e-01 -2.354748e+00
1.988618e+00 6.240806e+02 3.062268e-01 -1.909490e+00 2.477243e-01 -7.214928e-01
1.994896e+00 6.237173e+02 -4.555981e-01 1.298325e+00 2.398853e-01 6.504129e-02
2.001180e+00 6.233561e+02 4.501497e-01 -3.310717e+00 -8.234962e-01 7.300292e-02
2.007460e+00 6.235297e+02 -1.701796e-01 -1.239636e+00 1.190302e+00 -1.294385e+00
2.013738e+00 6.233911e+02 2.263601e-01 -2.469643e+00 -3.167802e-01 1.519243e+00
2.020017e+00 6.227283e+02 -5.800974e-01 -3.738220e-01 9.631782e-01 1.219790e+00
2.026310e+00 6.240704e+02 5.183080e-01 -1.873731e+00 -4.354030e-01 -3.760331e-01
2.032601e+00 6.248860e+02 5.197736e-01 2.114285e+00 9.740415e-02 7.747289e-01
2.038874e+00 6.248489e+02 -5.747937e-01 1.088016e+00 -1.165905e+00 4.742792e-01
2.045154e+00 6.235349e+02 -1.988334e-02 -1.292253e+00 -1.774063e+00 -2.634247e+00
2.051445e+00 6.253315e+02 1.834930e-01 -2.592727e+00 1.647495e+00 -2.942003e+00
2.057731e+00 6.250818e+02 -5.618534e-02 8.981487e-02 -2.848851e-01 4.531727e-01
2.064014e+00 6.244979e+02 1.303523e-02 -1.512631e+00 -7.922357e-01 1.885181e+00
2.070301e+00 6.218506e+02 -2.033326e-01 1.904617e-02 -6.581274e-01 -2.272815e+00
2.076590e+00 6.236099e+02 -4.108764e-02 1.465870e+00 3.682114e-01 -4.492734e+00
2.082866e+00 6.220396e+02 -1.386650e-01 -1.037842e-01 1.319038e+00 -2.161548e+00
2.089135e+00 6.240681e+02 4.426682e-01 2.412190e+00 7.812436e-02 -3.310137e+00
2.095424e+00 6.235541e+02 1.039587e-01 -2.334056e+00 1.680940e-01 -5.710511e-01
2.101708e+00 6.240387e+02 1.086677e-01 -4.963221e-02 -6.504145e-01 3.611323e+00
2.107987e+00 6.244922e+02 -3.332307e-01 -4.678938e-01 -1.003879e+00 7.930487e-01
2.114272e+00 6.223873e+02 2.264528e-03 -1.752548e+00 1.018219e+00 5.379542e-02
2.120553e+00 6.234713e+02 2.974756e-01 -9.678079e-01 -1.150559e-01 -1.741969e+00
2.126837e+00 6.240072e+02 -2.349886e-01 -4.575614e-01 -2.967218e-02 -1.480510e+00
2.133122e+00 6.238410e+02 6.812283e-02 3.388587e-01 7.774430e-01 -3.587774e-01
2.139412e+00 6.247872e+02 -6.154329e-02 -1.634337e+00 2.834560e-01 1.461138e+00
2.145697e+00 6.237432e+02 -1.556581e-01 -8.523268e-01 1.672166e-01 -1.695041e-01
2.151974e+00 6.237207e+02 -2.463662e-02 -1.641499e+00 -1.003741e+00 2.841826e+00
2.158260e+00 6.231802e+02 -8.075694e-02 1.217498e+00 -8.796080e-02 3.596355e+00
2.164546e+00 6.241434e+02 -1.401168e-02 3.437566e+00 5.761902e-01 2.279951e+00
2.170831e+00 6.231133e+02 -4.083617e-02 7.764762e-01 5.406016e-02 -8.511716e-01
2.177115e+00 6.244358e+02 5.456968e-01 2.037799e-01 -5.732615e-01 -1.324578e+00
2.183388e+00 6.240648e+02 -1.307471e-01 -3.298933e-01 -1.721490e-01 -1.262545e+00
2.189670e+00 6.235811e+02 -6.805116e-02 -7.716745e-01 -5.062134e-01 2.968369e+00
2.195960e+00 6.235987e+02 1.174377e-01 -2.103441e+00 -7.073023e-01 -3.032259e+00
2.202243e+00 6.236914e+02 1.364250e-01 -3.180206e-01 -1.807776e-01 -6.381345e+00
2.208522e+00 6.229005e+02 4.245481e-02 2.697105e+00 1.875957e+00 1.633296e+00
2.214805e+00 6.240770e+02 1.657336e-01 -4.492983e-01 -3.517910e-01 1.347878e+00
2.221093e+00 6.212098e+02 -1.735547e-01 2.428118e+00 1.652917e+00 -3.598726e-01
2.227373e+00 6.242659e+02 -3.724476e-03 1.017930e+00 -7.278771e-01 -2.620534e-01
2.233657e+00 6.243355e+02 -9.515404e-02 2.035284e+00 7.220971e-01 6.795771e-01
2.239944e+00 6.255938e+02 -4.984263e-01 -1.869105e+00 -4.245032e-01 3.345493e+00
2.246224e+00 6.238293e+02 2.559668e-01 9.257160e-01 1.337622e-01 -3.316351e-01
2.252507e+00 6.236843e+02 1.925663e-01 1.239194e-01 -6.249381e-01 1.138191e+00
2.258784e+00 6.244809e+02 -3.846031e-01 -8.600347e-02 3.054933e-01 -4.806041e-01
2.265069e+00 6.239562e+02 4.362799e-02 -2.646606e+00 1.146803e-01 1.789120e-01
2.271351e+00 6.236818e+02 2.463441e-01 6.221578e-01 1.333171e-01 -1.746330e+00
2.277634e+00 6.236996e+02 -5.996443e-02 -1.733492e+00 -1.347862e-01 -1.278288e+00
2.283923e+00 6.234006e+02 -5.860811e-01 9.118567e-01 3.994906e-01 3.108307e+00
2.290203e+00 6.236639e+02 -9.776493e-02 -2.179270e+00 6.079764e-02 1.043993e+00
2.296491e+00 6.222137e+02 4.303115e-01 1.446980e+00 -1.651057e+00 -1.753776e-01
2.302772e+00 6.229958e+02 1.674813e-01 1.794170e+00 -8.981628e-01 1.853504e+00
2.309052e+00 6.240582e+02 3.911552e-01 1.263673e+00 1.203615e+00 1.316024e+00
2.315339e+00 6.228920e+02 2.175418e-01 9.133089e-01 5.490341e-01 1.113451e+00
2.321628e+00 6.228945e+02 -6.732479e-02 1.744271e+00 -2.501236e-01 -1.410131e+00
2.327912e+00 6.241118e+02 -1.599489e-01 8.474178e-01 1.326940e+00 -1.318980e+00
2.334187e+00 6.236322e+02 -3.617136e-02 -1.712178e-02 1.063317e+00 2.176917e+00
2.340468e+00 6.232512e+02 5.056187e-01 2.192003e+00 -1.716540e+00 8.154604e-01
2.346757e+00 6.235399e+02 -2.816037e-01 2.073457e+00 -3.266501e-01 -8.668071e-02
2.353045e+00 6.237231e+02 1.508806e-01 1.774442e+00 6.540626e-02 -2.975965e+00
2.359328e+00 6.242591e+02 -3.532400e-01 -3.474594e-01 -1.350629e+00 1.735111e-01
2.365603e+00 6.227126e+02 1.250856e-01 -8.485719e-01 6.977097e-01 2.602218e-01
2.371886e+00 6.231634e+02 -2.365812e-01 1.842591e+00 -2.277139e-01 -8.591841e-01
2.378173e+00 6.232740e+02 2.935579e-02 -1.658943e+00 1.029749e-01 5.218986e-02
2.384454e+00 6.239506e+02 2.928677e-01 4.930012e-02 -6.125490e-01 -2.304725e+00
2.390737e+00 6.229049e+02 -3.104357e-01 1.766900e-01 9.674954e-01 -3.156509e+00
2.397014e+00 6.226763e+02 -1.549627e-01 2.896784e-01 2.691371e-01 -1.110592e+00
2.403296e+00 6.249125e+02 -2.522272e-01 -1.292415e+00 -2.395050e-01 2.565730e+00
2.409585e+00 6.244421e+02 6.386656e-02 -1.319896e+00 1.349581e-01 8.804384e-01
2.415872e+00 6.226594e+02 2.832658e-01 -1.348298e-01 -2.520337e-02 -5.286939e+00
2.422161e+00 6.227557e+02 -2.303591e-01 -1.826626e+00 2.187654e+00 -1.512696e-01
2.428441e+00 6.240630e+02 -1.128392e-01 -3.187893e+00 -6.988508e-01 1.330044e+00
2.434718e+00 6.228758e+02 7.306446e-02 5.351279e-01 4.164147e-01 -1.475320e-01
2.441003e+00 6.234921e+02 -5.308314e-02 1.139453e+00 -1.147954e+00 8.137717e-01
2.447290e+00 6.242946e+02 -1.526308e-01 1.089060e-01 -9.976138e-01 -2.506102e+00
2.453572e+00 6.226121e+02 -1.227385e-01 -2.489862e+00 5.511350e-01 -4.818980e-01
2.459853e+00 6.234020e+02 4.353200e-01 -3.006337e+00 -9.380369e-01 -1.507906e+00
2.466140e+00 6.241909e+02 -7.566325e-02 -2.430246e+00 1.395360e+00 -2.138505e+00
2.472422e+00 6.239581e+02 3.033941e-01 6.231640e-01 1.711017e-01 -4.479785e+00
2.478699e+00 6.239859e+02 4.707530e-01 2.793178e-01 1.291805e-01 4.924157e-01
2.484981e+00 6.247071e+02 -2.845689e-01 2.508843e+00 -2.073713e-01 -9.793660e-01
2.491270e+00 6.238402e+02 -2.104443e-01 2.791135e+00 -4.790162e-01 -6.175780e+00
2.497549e+00 6.220731e+02 -3.387674e-01 3.096402e+00 1.346983e+00 -9.834634e-01
2.503832e+00 6.231911e+02 2.269758e-01 -1.917056e+00 1.115566e+00 -3.951162e-01
2.510118e+00 6.227734e+02 -3.956477e-02 9.465371e-01 -5.574719e-01 7.477918e-01
2.516401e+00 6.225814e+02 -5.935318e-01 -6.456075e-01 6.846812e-01 -1.972500e+00
2.522688e+00 6.223687e+02 -1.830534e-01 2.378584e-02 -5.416416e-01 -8.717558e-01
2.528972e+00 6.226520e+02 4.008242e-01 -1.554505e+00 -6.524087e-01 -1.227364e+00
2.535252e+00 6.230189e+02 -3.306948e-02 1.497087e-02 7.342235e-01 -1.972820e+00
2.541538e+00 6.230989e+02 3.254593e-01 -2.278818e+00 -2.978041e-01 -7.095584e-01
2.547823e+00 6.233085e+02 -1.522695e-01 1.034409e-01 -4.484743e-01 2.115246e+00
2.554101e+00 6.234266e+02 -3.549066e-01 -5.572089e-01 4.199509e-01 -2.133021e+00
2.560377e+00 6.238251e+02 -3.172116e-01 -5.119103e-01 4.504393e-02 -2.235572e+00
2.566668e+00 6.237158e+02 3.676312e-02 -1.398831e+00 -7.225705e-01 -3.787397e+00
2.572955e+00 6.243528e+02 -4.111549e-02 8.781834e-01 -4.130036e-01 -5.202766e-01
2.579234e+00 6.241526e+02 1.340530e-01 8.134981e-01 2.752294e-01 -4.411786e-01
2.585521e+00 6.231641e+02 -5.541657e-01 -8.908662e-01 1.695180e-02 -1.507479e+00
2.591805e+00 6.227979e+02 3.512524e-01 -6.168285e-01 1.273708e+00 -1.090770e+00
2.598084e+00 6.230813e+02 -2.814244e-02 -1.007056e+00 -4.904687e-01 5.469497e+00
2.604361e+00 6.230341e+02 1.385407e-01 -3.837907e+00 1.785613e-01 2.539792e-01
2.610647e+00 6.239815e+02 -3.982287e-02 1.267190e+00 -2.391602e-01 9.728754e-01
2.616932e+00 6.236005e+02 2.975496e-01 -1.324401e+00 1.551881e-01 8.885595e-01
2.623206e+00 6.236976e+02 -4.231979e-01 -1.055419e+00 -1.935822e-01 6.149330e-02
2.629492e+00 6.243583e+02 -3.232895e-01 -4.657454e-01 2.718403e-01 -7.310821e-01
2.635779e+00 6.244808e+02 7.044408e-02 -4.519788e+00 2.909968e-01 2.961917e+00
2.642061e+00 6.236324e+02 -1.375696e-01 6.078382e-01 -1.094366e+00 3.517560e+00
2.648344e+00 6.229354e+02 -2.009915e-01 -2.179776e-01 5.423502e-01 2.519945e-01
2.654632e+00 6.233016e+02 3.604264e-01 -2.593179e+00 1.298555e+00 -4.166651e-01
2.660919e+00 6.236734e+02 -2.723266e-02 -6.672993e-01 -3.010391e-01 -7.185244e-01
2.667199e+00 6.228474e+02 -8.223833e-02 -9.326884e-01 -3.088361e-01 2.083473e+00
2.673485e+00 6.235839e+02 2.368865e-01 -2.710427e+00 2.068605e-01 2.673002e+00
2.679774e+00 6.240726e+02 2.421937e-01 -1.223079e-02 3.163922e-01 1.325904e+00
2.686058e+00 6.239728e+02 -1.064319e-01 -4.298899e-01 2.050896e-01 -2.846246e+00
2.692339e+00 6.226151e+02 3.054181e-02 -7.559764e-01 -1.195303e+00 -8.290901e-01
2.698618e+00 6.237751e+02 -1.032251e-01 -9.838938e-01 4.902670e-01 -3.248896e+00
2.704896e+00 6.232075e+02 -1.107193e-01 -2.308522e-01 8.817498e-02 -2.224754e-01
2.711176e+00 6.230684e+02 1.917494e-01 1.408628e+00 2.080722e-01 1.569118e+00
2.717460e+00 6.246549e+02 -2.229639e-01 -1.877105e+00 9.705807e-02 2.678035e+00
2.723746e+00 6.242336e+02 1.251982e-01 3.215936e-01 4.479135e-01 -2.202732e+00
2.730039e+00 6.236108e+02 1.331865e-01 -3.911813e-01 -4.067631e-01 -7.695946e-01
2.736319e+00 6.230311e+02 -2.760479e-01 5.854423e-02 2.723666e-05 1.197955e+00
2.742592e+00 6.224067e+02 -7.674231e-03 7.441975e-01 -1.326336e+00 9.628040e-01
2.748880e+00 6.236177e+02 -2.492096e-02 8.118200e-01 7.214396e-01 -3.154698e+00
2.755164e+00 6.242411e+02 -1.801135e-01 -1.897871e+00 6.620785e-02 -1.659837e+00
2.761447e+00 6.240682e+02 -6.236804e-02 -1.816286e+00 -1.042093e+00 8.390051e-01
2.767733e+00 6.233062e+02 -1.220240e-03 -6.638326e-01 -5.422825e-01 1.490436e+00
2.774016e+00 6.235715e+02 -5.158829e-03 -9.236196e-01 -4.700767e-01 -2.531565e+00
2.780299e+00 6.241707e+02 8.155328e-02 -5.540821e-01 9.605289e-02 1.673336e+00
2.786578e+00 6.229936e+02 -1.062586e-02 1.322955e+00 -9.621397e-01 4.031293e-01
2.792858e+00 6.239245e+02 -5.208702e-02 2.564880e-01 -8.272627e-02 1.973786e-01
2.799144e+00 6.245012e+02 2.357033e-01 9.980235e-01 3.551223e-01 1.484799e+00
2.805430e+00 6.228064e+02 4.463976e-02 1.001588e-01 7.773837e-01 -3.131991e+00
2.811715e+00 6.224824e+02 -6.828914e-02 -9.106022e-01 8.621716e-01 -1.360104e+00
2.817989e+00 6.237842e+02 1.596354e-01 1.639958e+00 2.200524e-01 2.729353e-01
2.824269e+00 6.250157e+02 4.839692e-02 5.176604e-01 -5.252689e-01 -1.031010e+00
2.830563e+00 6.234835e+02 -3.300299e-01 1.312912e-01 3.714257e-01 7.392322e-01
2.836849e+00 6.231604e+02 -1.514616e-02 -4.275109e-01 -4.655904e-01 1.328329e+00
2.843130e+00 6.239673e+02 1.028397e-01 1.799480e+00 1.005644e+00 3.001981e-01
2.849414e+00 6.239259e+02 -1.252101e-01 -8.912530e-01 -1.278210e+00 1.604256e+00
2.855698e+00 6.237405e+02 1.559652e-02 3.253257e-01 -5.650991e-01 -1.587863e+00
2.861979e+00 6.234147e+02 -3.141394e-01 -7.729716e-01 1.094563e+00 7.499009e-01
2.868263e+00 6.231833e+02 -3.826735e-02 -1.216232e+00 -2.340659e-01 3.796266e-01
2.874548e+00 6.243896e+02 1.073112e-01 -5.209084e-01 4.101427e-01 1.028495e+00
2.880831e+00 6.230610e+02 3.587610e-02 1.891409e+00 -6.138067e-01 -8.233158e-01
2.887114e+00 6.241320e+02 -1.069436e-01 1.988071e+00 1.698261e-01 2.226855e-01
2.893395e+00 6.232515e+02 -1.349704e-01 3.275621e-01 -3.229655e-01 1.244200e+00
2.899674e+00 6.245239e+02 1.442620e-01 4.216028e-01 1.038106e+00 1.509911e+00
2.905954e+00 6.236549e+02 -4.268464e-01 -1.380841e-01 -3.706506e-01 3.219959e+00
2.912241e+00 6.233057e+02 3.070022e-01 -1.423741e+00 -2.630510e-01 2.002495e+00
2.918527e+00 6.229830e+02 -6.063817e-02 3.922840e-01 -2.355372e-01 6.287158e-01
2.924810e+00 6.233282e+02 6.715309e-02 7.728704e-01 -5.838264e-01 2.731310e+00
2.931096e+00 6.234111e+02 -3.601095e-01 -1.523622e+00 1.183060e-01 1.699924e+00
2.937378e+00 6.239589e+02 -1.135922e-02 -1.685925e+00 6.951985e-01 1.842923e+00
2.943660e+00 6.229349e+02 1.115151e-01 1.068269e+00 -2.060858e-01 2.613424e+00
2.949947e+00 6.230868e+02 6.359320e-02 1.768610e+00 -7.201190e-01 6.686699e-01
2.956228e+00 6.238027e+02 -7.379717e-02 -1.577226e+00 1.738970e+00 1.056318e-01
2.962511e+00 6.238077e+02 -2.279658e-02 -1.429947e+00 -3.181243e-01 9.574316e-01
2.968797e+00 6.229308e+02 1.305430e-02 -1.899515e-01 8.735878e-01 6.494957e-01
2.975078e+00 6.235641e+02 -1.262135e-01 -7.216952e-01 -7.251968e-01 2.454065e+00
2.981360e+00 6.234559e+02 5.573288e-02 8.333071e-01 -5.111718e-01 2.212460e+00
2.987647e+00 6.235461e+02 -1.857697e-02 -5.418310e-01 2.884227e-02 -6.971595e-02
2.993930e+00 6.253397e+02 1.454943e-01 -1.073162e+00 2.027376e-01 -2.693112e-01
3.000207e+00 6.238361e+02 1.612641e-01 3.661328e-01 -8.816627e-01 1.744234e+00
3.006486e+00 6.226932e+02 -2.114681e-01 2.135136e-01 6.781579e-01 8.378648e-01
3.012770e+00 6.227440e+02 9.895375e-02 1.526727e+00 -8.930008e-02 3.955252e-01
3.019053e+00 6.230006e+02 -4.797387e-02 1.617090e+00 -1.423324e-01 -8.720253e-01
3.025338e+00 6.233226e+02 1.150948e-01 -8.524007e-01 -2.594717e-01 5.250191e-01
3.031624e+00 6.248047e+02 1.547306e-01 -5.662568e-01 2.571008e-01 1.466861e+00
3.037909e+00 6.239310e+02 1.329979e-01 -3.856490e-01 -5.362909e-01 -6.558061e-01
3.044195e+00 6.245212e+02 -2.919982e-01 -6.281043e-01 5.651428e-01 1.635517e+00
3.050476e+00 6.235018e+02 -2.682198e-01 -3.737685e-01 -2.288922e-01 -8.699401e-01
3.056755e+00 6.241121e+02 3.111384e-01 -1.660026e-01 2.942927e-01 -3.261239e-01
3.063041e+00 6.235073e+02 -3.139636e-02 2.912055e-01 -4.712113e-01 -6.178067e-02
3.069324e+00 6.240090e+02 -2.406342e-01 5.753394e-01 -2.551408e-01 3.670293e-01
3.075611e+00 6.241720e+02 -1.541371e-01 2.706576e-01 1.924055e-01 2.760300e-01
3.081894e+00 6.242184e+02 2.594067e-01 3.220206e-01 -1.612029e-01 9.323046e-01
3.088175e+00 6.239747e+02 -3.076279e-01 -7.900473e-01 -2.515994e-01 -1.976886e+00
3.094459e+00 6.230777e+02 2.281597e-01 -1.240038e+00 -3.583679e-03 -6.151816e-01
3.100744e+00 6.243260e+02 -3.187391e-01 1.868987e+00 2.822659e-01 -1.696535e+00
3.107028e+00 6.243483e+02 1.107333e-01 1.504145e+00 -1.422766e-01 -2.097802e+00
3.113310e+00 6.235101e+02 -3.618674e-02 4.605649e-01 2.248193e-01 -2.796784e-01
3.119591e+00 6.240325e+02 5.219292e-03 -5.288382e-01 -3.338170e-01 -1.945577e-01
3.125874e+00 6.240201e+02 -3.053522e-01 -2.843783e-01 9.296057e-01 -9.591426e-01
3.132159e+00 6.237169e+02 2.706403e-01 -6.816728e-01 -9.054093e-01 1.123096e-01
3.138439e+00 6.237164e+02 3.271995e-01 2.221462e-01 2.908209e-01 -5.301090e-01
3.144724e+00 6.238679e+02 -1.723625e-01 1.255002e+00 2.055232e-01 -8.216013e-01
3.151004e+00 6.236124e+02 -1.649309e-01 -1.310307e+00 -1.700736e-01 2.295551e+00
3.157284e+00 6.237662e+02 6.492680e-02 -1.439042e+00 8.196746e-02 8.322992e-03
3.163570e+00 6.238989e+02 -3.628698e-01 1.119757e+00 3.892097e-01 -3.164435e-01
3.169852e+00 6.242367e+02 -2.150177e-01 7.753031e-01 2.670949e-01 1.849001e+00
3.176138e+00 6.237270e+02 5.761073e-02 -2.365783e+00 -2.498596e-01 6.754000e-01
3.182421e+00 6.242115e+02 2.460002e-02 -5.807347e-01 8.756110e-03 2.357199e+00
3.188703e+00 6.243796e+02 1.856063e-01 -1.302437e+00 -4.073786e-01 1.032254e-01
3.194991e+00 6.235698e+02 -2.370803e-01 5.995532e-01 2.461722e-02 -2.036836e+00
3.201276e+00 6.232971e+02 5.622580e-02 2.493788e-01 -1.368424e-01 1.642370e+00
3.207552e+00 6.245981e+02 -3.646079e-01 -1.106687e-01 -4.193447e-01 -1.636098e+00
3.213835e+00 6.245762e+02 1.551061e-01 -1.237864e-01 -4.542498e-01 1.274093e+00
