# k, q0, q1/i, q2, q3/i, q4, norm, alpha = 0.0001269817568386293, 0.020396601297980627
0.000000e+00 2.036756e+06 0.000000e+00 0.000000e+00 0.000000e+00 9.822266e+05
8.899642e-03 1.030688e+05 -4.230562e+04 1.226132e+05 -5.942501e+04 1.852688e+05
1.507912e-02 8.260187e+03 -2.297492e+02 -6.003820e+03 1.395408e+04 7.264830e+03
2.144790e-02 1.534835e+03 -3.322147e+02 -8.998928e+02 -1.359831e+03 3.970771e+03
2.783661e-02 7.327307e+02 1.602052e+01 9.981040e+02 5.650012e+02 2.801561e+03
3.435100e-02 2.259746e+02 4.894072e+00 -1.940613e+02 6.351159e+01 5.657034e+02
4.047887e-02 1.429310e+02 -7.293754e+01 9.107225e+01 -5.794348e+01 6.347998e+02
4.676717e-02 7.604723e+01 2.631027e+01 -1.962203e+00 5.632515e+01 2.633836e+02
5.308226e-02 4.533759e+01 -1.688628e+01 -4.360835e+01 -1.908443e+01 1.417452e+02
5.945363e-02 3.784085e+01 1.706788e+00 1.730420e+01 1.359055e+01 1.606712e+02
6.576225e-02 2.078117e+01 7.851838e-01 -2.707373e+01 5.086554e+00 6.101216e+01
7.196633e-02 1.662318e+01 -2.736136e+00 -7.413434e-01 -6.050929e+00 6.756335e+01
7.827861e-02 1.201168e+01 2.246964e+00 -6.529307e+00 1.026380e+01 4.291743e+01
8.470400e-02 8.891645e+00 -2.450833e+00 -6.245167e+00 -4.577512e+00 3.267803e+01
9.096855e-02 8.157329e+00 1.226751e+00 1.451173e+00 3.758100e+00 3.390574e+01
9.720791e-02 5.099290e+00 -8.261899e-01 -6.560538e+00 -5.830404e-01 1.547825e+01
1.034763e-01 4.858242e+00 -4.728667e-01 -5.658831e-01 -4.772515e-01 1.930465e+01
1.097577e-01 3.465284e+00 4.641041e-01 -3.491927e+00 1.612793e+00 1.030091e+01
1.160543e-01 2.943455e+00 -6.643079e-01 -2.135496e+00 -1.315994e+00 9.829657e+00
1.223670e-01 2.796558e+00 4.295857e-01 -6.302623e-01 1.367062e+00 9.863090e+00
1.287014e-01 2.111108e+00 -2.780082e-01 -2.374864e+00 -6.028078e-01 5.628243e+00
1.349669e-01 2.066944e+00 4.712818e-02 6.756596e-02 9.413400e-02 7.682687e+00
1.411950e-01 1.460161e+00 3.356204e-02 -1.785701e+00 2.772509e-01 3.518503e+00
1.475134e-01 1.493138e+00 -1.287679e-01 -7.310502e-01 -4.400351e-01 4.411829e+00
1.537865e-01 1.221767e+00 9.489919e-02 -1.002602e+00 4.679018e-01 2.987714e+00
1.600658e-01 1.091670e+00 -6.852229e-02 -1.075231e+00 -2.090301e-01 2.410990e+00
1.663991e-01 1.116274e+00 6.151197e-03 -2.945964e-01 2.002871e-01 3.037954e+00
1.727196e-01 8.856193e-01 1.849472e-02 -8.973320e-01 4.156931e-03 1.672558e+00
1.789765e-01 8.709289e-01 -7.164525e-02 -6.054129e-01 -7.448406e-02 1.938701e+00
1.852354e-01 9.370222e-01 1.973035e-01 4.247862e-02 5.440277e-01 2.623759e+00
1.914807e-01 8.757067e-01 -1.847061e-01 -9.970697e-02 -4.629439e-01 2.246934e+00
1.977890e-01 7.802666e-01 8.703184e-02 -1.454029e-01 2.198851e-01 1.771051e+00
2.040938e-01 6.773353e-01 -4.986714e-02 -4.166902e-01 -1.369346e-01 1.100201e+00
2.103939e-01 7.114346e-01 1.192270e-02 -9.901097e-02 8.941527e-02 1.519807e+00
2.166910e-01 6.314923e-01 2.263747e-02 -2.672745e-01 2.300016e-02 1.029204e+00
2.229700e-01 6.131634e-01 -5.708062e-02 -2.073178e-01 -8.368967e-02 1.024017e+00
2.292620e-01 5.964173e-01 4.411891e-02 -2.168281e-01 1.140649e-01 8.939569e-01
2.355142e-01 5.658749e-01 -4.516922e-02 -2.703145e-01 -5.466960e-02 6.963089e-01
2.417911e-01 5.708759e-01 1.265869e-02 -1.637308e-01 1.530702e-02 8.012565e-01
2.480857e-01 5.106345e-01 1.649480e-02 -2.259536e-01 2.187864e-02 4.883687e-01
2.543492e-01 5.347127e-01 -2.924333e-02 -7.702303e-02 -2.321354e-02 7.119766e-01
2.606382e-01 5.049790e-01 2.214462e-02 -1.663606e-01 5.146571e-02 5.128906e-01
2.669301e-01 4.856088e-01 -2.420292e-02 -1.489031e-01 -5.668524e-02 4.385687e-01
2.732424e-01 4.935772e-01 1.586400e-02 -7.714091e-02 5.211159e-02 5.117943e-01
2.795530e-01 4.636436e-01 -7.170622e-03 -1.251234e-01 -9.780717e-03 3.470584e-01
2.858367e-01 4.749307e-01 -8.400892e-03 -7.253493e-02 -8.985246e-03 4.463060e-01
2.920934e-01 4.554019e-01 8.328204e-03 -1.254140e-01 4.691305e-02 2.982925e-01
2.983501e-01 4.575808e-01 -1.419706e-02 -1.067497e-01 -3.107956e-02 3.630614e-01
3.046383e-01 4.478308e-01 1.556177e-02 -8.530895e-02 1.972605e-02 3.039730e-01
3.109279e-01 4.367321e-01 -8.115809e-03 -1.229548e-01 -5.421813e-03 2.105644e-01
3.172168e-01 4.527210e-01 9.355326e-03 -3.239905e-02 1.480779e-02 3.869753e-01
3.235188e-01 4.320601e-01 6.148933e-03 -5.488472e-02 1.281357e-02 2.778907e-01
3.298168e-01 4.379080e-01 -1.383344e-02 -1.874883e-02 -2.340252e-02 3.093269e-01
3.361177e-01 4.335104e-01 1.098731e-02 -6.697579e-02 1.766564e-02 2.265890e-01
3.423729e-01 4.194858e-01 -7.632744e-03 -6.140258e-02 -1.311340e-02 2.059251e-01
3.486504e-01 4.269118e-01 9.496929e-03 -2.827810e-03 2.297002e-02 3.000793e-01
3.549412e-01 4.123565e-01 -9.713210e-03 -4.343700e-02 -2.708453e-02 1.889395e-01
3.611917e-01 4.097700e-01 -2.834453e-03 -5.714582e-02 -4.778058e-03 1.669047e-01
3.674767e-01 4.109995e-01 1.146813e-02 -6.049071e-02 2.988012e-02 1.524175e-01
3.737648e-01 4.101930e-01 -7.205819e-03 -5.489799e-03 -3.445327e-03 2.260744e-01
3.800654e-01 4.029774e-01 2.434261e-03 -1.538798e-02 -1.760690e-03 1.811692e-01
3.863540e-01 3.929805e-01 -4.714767e-03 -4.837814e-02 -1.049286e-02 1.123053e-01
3.926151e-01 4.075242e-01 3.358941e-03 -1.081057e-02 1.215565e-02 1.680590e-01
3.989274e-01 3.989820e-01 -5.713542e-03 -4.803107e-02 -8.820257e-03 1.033902e-01
4.052074e-01 3.962703e-01 -3.337640e-03 -5.067749e-02 -4.947428e-03 9.628675e-02
4.114917e-01 3.982910e-01 2.644795e-03 -4.632275e-02 9.448067e-03 1.051280e-01
4.177815e-01 3.916970e-01 -3.567955e-03 -5.190792e-02 -4.084788e-03 9.520353e-02
4.240401e-01 3.928655e-01 4.662450e-03 -3.569258e-02 2.677634e-03 1.048184e-01
4.303426e-01 3.868110e-01 2.916786e-03 -3.645026e-02 6.093752e-03 9.244192e-02
4.366359e-01 3.935534e-01 -3.086909e-04 -1.616754e-02 -1.645448e-02 1.081511e-01
4.428997e-01 3.907661e-01 4.887948e-03 -1.333219e-02 1.885706e-02 9.512638e-02
4.491635e-01 3.919190e-01 -5.466745e-03 6.030502e-03 -1.835027e-02 1.111424e-01
4.554415e-01 3.834877e-01 7.235203e-04 -2.653225e-02 5.818773e-03 5.845191e-02
4.617635e-01 3.831256e-01 3.142272e-03 -2.214481e-02 -4.889950e-03 5.519261e-02
4.680645e-01 3.859274e-01 -4.630077e-05 1.799198e-03 7.517314e-04 8.434361e-02
4.743486e-01 3.802313e-01 -1.410765e-03 -2.001276e-02 6.405337e-04 5.594153e-02
4.806356e-01 3.822498e-01 -6.928124e-04 -2.940547e-02 2.136248e-03 4.595716e-02
4.869020e-01 3.813890e-01 2.267192e-03 -1.944547e-02 3.818803e-03 6.331260e-02
4.931697e-01 3.803056e-01 -4.453653e-04 -2.546808e-02 3.806991e-03 4.926721e-02
4.994507e-01 3.876054e-01 1.627179e-03 -2.106819e-03 -3.638608e-03 9.130145e-02
5.057159e-01 3.838196e-01 -1.377082e-03 -2.890997e-02 7.742785e-04 4.562804e-02
5.119924e-01 3.816223e-01 1.049354e-03 -8.056053e-03 -1.188060e-03 7.576189e-02
5.183126e-01 3.821529e-01 4.705378e-04 -1.628583e-02 -7.361770e-04 4.397198e-02
5.246102e-01 3.754207e-01 -2.811674e-03 -1.790076e-02 -3.542889e-03 3.893309e-02
5.308769e-01 3.774001e-01 3.259328e-05 -2.942537e-02 4.253677e-04 3.249585e-02
5.371574e-01 3.752358e-01 3.965436e-03 -1.623796e-02 6.039484e-03 4.357629e-02
5.434580e-01 3.772540e-01 -4.070232e-03 -1.476206e-03 -1.611144e-03 5.798109e-02
5.497431e-01 3.750561e-01 2.832475e-03 -1.835248e-02 6.448548e-03 4.177273e-02
5.559938e-01 3.766742e-01 -3.848502e-03 -8.402315e-03 -7.199017e-04 4.796252e-02
5.622855e-01 3.792095e-01 3.552157e-03 -1.242333e-02 4.155115e-03 5.520083e-02
5.686012e-01 3.751989e-01 -2.157264e-03 -8.119684e-03 -6.004115e-03 3.422644e-02
5.748805e-01 3.813293e-01 2.784594e-03 1.605902e-02 7.600552e-03 7.478526e-02
5.811551e-01 3.722922e-01 -2.691271e-03 -1.285849e-03 -9.578812e-03 3.702715e-02
5.874409e-01 3.723049e-01 -2.716263e-04 -1.377833e-02 -3.229300e-03 2.884435e-02
5.937190e-01 3.735932e-01 2.543949e-03 -1.259300e-02 6.901514e-03 3.121772e-02
5.999972e-01 3.723679e-01 -7.065517e-04 -3.730336e-03 -1.770729e-03 4.654490e-02
6.062680e-01 3.706962e-01 -2.181454e-03 -2.061896e-02 4.121254e-04 2.066859e-02
6.125470e-01 3.740077e-01 1.176941e-03 -1.577687e-02 7.928123e-04 1.974470e-02
6.188487e-01 3.750764e-01 1.800223e-05 -1.186135e-02 -6.804212e-03 2.528336e-02
6.251319e-01 3.696177e-01 1.306916e-04 -6.574753e-03 5.304533e-03 1.784919e-02
6.314028e-01 3.735643e-01 -9.891699e-04 -7.013708e-03 1.539164e-04 2.177365e-02
6.377004e-01 3.724369e-01 8.963758e-04 -1.136448e-02 5.317536e-04 2.104989e-02
6.439858e-01 3.721206e-01 -4.456429e-04 -1.523275e-02 1.113483e-03 1.746899e-02
6.502686e-01 3.716869e-01 -2.097700e-04 -6.804056e-03 -2.262513e-03 2.590864e-02
6.565587e-01 3.718496e-01 3.815647e-04 -7.953571e-03 -2.830915e-03 1.923253e-02
6.628370e-01 3.700019e-01 8.494094e-04 -1.078310e-02 5.385720e-03 2.355744e-02
6.691186e-01 3.721641e-01 -8.937548e-05 2.520832e-03 3.838452e-03 3.839633e-02
6.754071e-01 3.694979e-01 -4.387564e-04 -9.049229e-03 -1.496625e-03 2.180281e-02
6.816837e-01 3.744671e-01 7.958951e-04 2.625246e-03 2.696396e-03 4.970579e-02
6.879601e-01 3.718808e-01 -5.452312e-04 -7.891596e-03 -3.382770e-03 1.185412e-02
6.942351e-01 3.720522e-01 -1.825939e-04 8.253963e-04 2.520078e-03 3.194319e-02
7.005176e-01 3.728209e-01 2.603462e-03 2.143994e-03 -5.303624e-04 2.274680e-02
7.068125e-01 3.717880e-01 -2.336949e-03 2.524885e-04 4.142957e-04 3.014101e-02
7.131020e-01 3.728948e-01 -6.374094e-05 -1.146768e-02 -1.996475e-03 1.701393e-02
7.193919e-01 3.746217e-01 8.155360e-04 -9.173069e-03 5.773227e-04 1.587579e-02
7.256834e-01 3.740143e-01 -1.065958e-03 -1.154505e-02 1.693174e-05 2.547039e-02
7.319668e-01 3.703215e-01 4.679134e-04 -1.449997e-02 3.141399e-03 1.262616e-02
7.382523e-01 3.739463e-01 -2.460359e-04 -8.589827e-03 1.865139e-03 3.047353e-02
7.445266e-01 3.728073e-01 1.119959e-03 -6.885602e-03 -1.369709e-03 3.096825e-02
7.507872e-01 3.696636e-01 -8.213485e-04 -2.186006e-03 -2.699469e-03 2.547942e-02
7.570759e-01 3.685357e-01 3.932700e-04 -8.787588e-03 -1.543332e-03 1.415477e-02
7.633642e-01 3.702950e-01 -5.808953e-04 -1.351242e-02 1.615674e-03 1.352990e-02
7.696464e-01 3.735266e-01 3.193571e-04 -1.057423e-02 -2.625376e-03 2.157738e-02
7.759395e-01 3.714789e-01 -3.316172e-04 -1.787650e-02 1.287059e-03 1.786341e-02
7.822335e-01 3.702543e-01 3.113424e-04 -1.379632e-02 3.270776e-03 1.697444e-02
7.885323e-01 3.719321e-01 1.271275e-03 -9.188675e-03 2.244200e-03 2.637001e-02
7.947900e-01 3.702030e-01 -6.611185e-04 -1.038957e-02 -2.985387e-04 1.681291e-02
8.010492e-01 3.735920e-01 1.270740e-03 -4.302792e-03 -3.542093e-04 2.275780e-02
8.073365e-01 3.703618e-01 -1.410390e-03 -3.845799e-03 -2.843701e-03 1.657670e-02
8.136230e-01 3.692847e-01 -1.637005e-05 -1.102063e-02 2.612424e-03 1.985210e-02
8.199154e-01 3.694415e-01 -8.011364e-04 -1.430725e-02 2.625120e-03 2.257284e-02
8.261953e-01 3.686738e-01 1.368459e-03 -1.013153e-02 -9.066419e-04 1.945445e-02
8.324898e-01 3.687351e-01 1.942835e-04 -7.809192e-03 -8.542556e-04 2.120525e-02
8.387960e-01 3.697128e-01 5.809576e-04 -9.832556e-03 1.821106e-03 1.234298e-02
8.450635e-01 3.714384e-01 -2.674200e-04 -7.993185e-03 2.274649e-03 2.248970e-02
8.513284e-01 3.699242e-01 8.141301e-04 -5.785516e-03 -3.888911e-04 2.515185e-02
8.576199e-01 3.713183e-01 -1.275477e-03 -7.261582e-03 -2.153986e-03 2.135530e-02
8.639059e-01 3.680425e-01 1.668735e-04 -1.156145e-02 7.804764e-04 1.312478e-02
8.701839e-01 3.692043e-01 -2.588745e-04 -1.040241e-02 -2.348385e-03 1.536793e-02
8.764642e-01 3.678636e-01 -3.152926e-04 -1.427019e-02 8.358078e-04 9.119936e-03
8.827505e-01 3.694698e-01 4.260279e-04 -7.854225e-03 1.173506e-03 1.579563e-02
8.890333e-01 3.699382e-01 1.016972e-03 -1.212252e-02 -1.307011e-03 1.417778e-02
8.953085e-01 3.709606e-01 1.768838e-04 -1.093100e-02 1.965742e-03 1.172002e-02
9.015957e-01 3.699394e-01 7.946299e-04 -7.650413e-03 7.757992e-05 1.293288e-02
9.078834e-01 3.701546e-01 -4.657678e-05 -3.701390e-03 -2.107506e-03 2.725153e-02
9.141745e-01 3.695680e-01 1.176921e-04 -8.713288e-03 1.516035e-03 1.369917e-02
9.204632e-01 3.703749e-01 2.444931e-04 -1.013013e-02 -2.726670e-03 1.756736e-02
9.267435e-01 3.684680e-01 8.644225e-04 -5.258699e-03 7.554819e-04 1.356972e-02
9.330325e-01 3.710813e-01 -1.243697e-03 -7.848021e-03 -1.796899e-03 1.628778e-02
9.393266e-01 3.685562e-01 2.383471e-04 -1.169948e-02 -1.899048e-04 1.442655e-02
9.455976e-01 3.682069e-01 4.909823e-04 -9.016455e-03 -8.466489e-04 9.965366e-03
9.518661e-01 3.723747e-01 5.103897e-04 -1.842291e-03 1.173840e-03 2.065289e-02
9.581414e-01 3.707294e-01 -2.750798e-04 -2.304930e-03 -1.482652e-03 1.350318e-02
9.644352e-01 3.687330e-01 -2.481084e-04 -9.934587e-03 2.032600e-03 6.751368e-03
9.707356e-01 3.710786e-01 8.188685e-04 -1.005949e-02 -9.666136e-04 9.040145e-03
9.770081e-01 3.675045e-01 1.476176e-03 -5.828522e-03 4.071659e-04 8.360534e-03
9.832824e-01 3.686064e-01 4.133266e-05 -5.195404e-03 -9.014206e-05 1.128253e-02
9.895570e-01 3.685869e-01 6.988862e-06 -3.569439e-03 5.995284e-05 8.761847e-03
9.958457e-01 3.713233e-01 3.637942e-04 -3.374113e-03 1.977404e-03 1.811612e-02
1.002136e+00 3.698086e-01 -5.347309e-05 -5.209888e-03 -1.191423e-03 1.153274e-02
1.008405e+00 3.673584e-01 8.002307e-04 -1.069504e-03 -4.057540e-03 9.798100e-03
1.014694e+00 3.695040e-01 3.848587e-04 -8.086990e-03 -2.429261e-04 -2.457364e-03
1.020993e+00 3.672603e-01 -3.874508e-04 -5.098039e-03 2.568908e-03 7.047951e-03
1.027274e+00 3.684717e-01 1.034754e-03 -6.035499e-03 -7.825361e-04 1.024732e-02
1.033561e+00 3.680060e-01 -6.347385e-04 -1.641070e-03 2.746989e-03 1.011164e-02
1.039849e+00 3.687137e-01 7.989589e-05 -5.772074e-03 -2.068016e-03 7.599968e-03
1.046127e+00 3.677566e-01 2.972136e-04 -1.047233e-03 1.369274e-03 1.118031e-02
1.052404e+00 3.667845e-01 4.618579e-04 -3.198982e-03 -6.515724e-04 1.079561e-02
1.058681e+00 3.688152e-01 6.179875e-04 -3.391161e-03 1.686696e-03 1.225468e-02
1.064964e+00 3.705090e-01 3.076061e-05 -2.149037e-03 -2.152360e-03 3.909756e-03
1.071257e+00 3.686857e-01 -3.405749e-04 -4.671948e-03 1.324906e-03 3.113177e-03
1.077544e+00 3.693731e-01 1.035034e-03 -1.070479e-03 2.654165e-03 1.223040e-02
1.083826e+00 3.676140e-01 -1.471989e-03 -7.499578e-04 -2.488523e-03 1.121233e-02
1.090109e+00 3.673145e-01 7.977151e-05 -1.269062e-03 1.800074e-03 1.435095e-02
1.096390e+00 3.704131e-01 4.530465e-04 -3.459571e-03 -1.376799e-03 1.285403e-02
1.102681e+00 3.689000e-01 4.805448e-04 -2.626066e-03 1.017188e-03 1.336021e-02
1.108963e+00 3.694095e-01 1.570257e-04 -3.662056e-03 -2.378770e-03 6.577876e-03
1.115226e+00 3.686093e-01 1.785088e-04 -5.900547e-04 5.430502e-04 2.658906e-03
1.121502e+00 3.685157e-01 -2.295905e-04 -2.908661e-03 3.035906e-04 6.235329e-03
1.127793e+00 3.671807e-01 7.994633e-04 -1.994751e-03 -1.566685e-03 3.443990e-03
1.134090e+00 3.695812e-01 -7.430425e-04 3.522548e-05 5.502386e-04 3.547963e-03
1.140364e+00 3.664794e-01 9.987471e-04 -1.913146e-03 1.061102e-03 7.296370e-03
1.146639e+00 3.680116e-01 2.723082e-04 3.717809e-03 1.213480e-03 1.178048e-02
1.152943e+00 3.686479e-01 -4.921592e-04 1.138605e-03 2.812263e-04 1.426019e-02
1.159229e+00 3.679137e-01 -7.991260e-04 -2.864287e-03 -2.004952e-03 6.134365e-03
1.165509e+00 3.675512e-01 1.186046e-03 -2.675419e-03 1.416608e-03 9.263604e-03
1.171793e+00 3.688958e-01 9.932976e-04 -6.410365e-04 -2.573764e-03 7.511506e-03
1.178088e+00 3.675838e-01 2.621495e-04 7.138552e-04 -9.786728e-04 4.432830e-03
1.184368e+00 3.667113e-01 -3.129104e-04 -1.332315e-03 -2.632921e-04 3.736271e-03
1.190635e+00 3.676063e-01 -4.499268e-04 -3.860187e-03 2.369681e-03 4.813144e-03
1.196912e+00 3.672130e-01 1.273719e-03 -3.663792e-03 1.116391e-03 1.056623e-02
1.203202e+00 3.680483e-01 4.934971e-04 -1.440230e-04 -1.112906e-03 1.334033e-02
1.209487e+00 3.671738e-01 -1.796919e-03 -2.175150e-03 6.560683e-04 1.035885e-02
1.215764e+00 3.665827e-01 3.220408e-04 -8.907966e-03 -8.017740e-04 4.255062e-03
1.222051e+00 3.664065e-01 3.714641e-04 -3.738700e-03 1.088295e-03 9.252817e-03
1.228341e+00 3.686475e-01 4.664064e-04 -8.269731e-04 -1.380242e-03 4.393066e-03
1.234633e+00 3.664819e-01 2.903211e-04 -8.089497e-04 1.030117e-03 4.369616e-03
1.240903e+00 3.671050e-01 9.534859e-04 2.413423e-03 1.081317e-04 9.175496e-03
1.247175e+00 3.666341e-01 3.050204e-04 6.543248e-04 -1.484683e-03 6.686578e-03
1.253466e+00 3.691627e-01 -2.999474e-04 -3.965874e-03 -2.147350e-04 1.493086e-03
1.259750e+00 3.675276e-01 7.465554e-05 -8.603117e-04 1.481414e-03 3.556291e-03
1.266032e+00 3.659865e-01 2.377699e-04 2.423326e-04 1.038584e-03 8.345293e-03
1.272317e+00 3.667418e-01 5.400025e-05 -1.976487e-03 -1.583808e-03 5.762248e-03
1.278605e+00 3.658091e-01 -2.662482e-04 -4.785748e-03 -4.183293e-04 3.136929e-03
1.284887e+00 3.655450e-01 -5.550928e-04 -4.434252e-03 2.578053e-03 7.273632e-03
1.291176e+00 3.650757e-01 7.513754e-04 -5.746690e-03 -2.091582e-03 7.338381e-03
1.297466e+00 3.665055e-01 7.196960e-04 1.296417e-03 -2.069476e-04 7.556809e-03
1.303742e+00 3.671483e-01 -2.386093e-04 -1.526894e-03 -1.015543e-03 7.374293e-03
1.310018e+00 3.692277e-01 -8.868668e-05 -2.602808e-03 2.096764e-03 7.154096e-03
1.316302e+00 3.689267e-01 3.722225e-04 -2.737509e-03 2.541217e-04 1.008132e-02
1.322587e+00 3.675599e-01 -5.808034e-04 5.926368e-05 6.617358e-04 1.040737e-02
1.328866e+00 3.679333e-01 1.378944e-03 -1.294857e-03 -3.737366e-05 9.980411e-03
1.335145e+00 3.679304e-01 6.153098e-05 -3.044409e-03 -1.089966e-03 4.462798e-03
1.341441e+00 3.671831e-01 -2.926374e-04 -2.106257e-03 -7.116335e-04 4.439502e-03
1.347731e+00 3.681131e-01 -6.858964e-05 -2.299116e-03 5.911936e-04 5.492968e-03
1.354002e+00 3.667150e-01 5.025443e-04 5.621593e-04 -1.112278e-03 3.614169e-03
1.360283e+00 3.679063e-01 2.251836e-04 1.327342e-03 1.594096e-04 4.774459e-03
1.366566e+00 3.667627e-01 4.019466e-04 -2.278986e-03 -3.990042e-05 9.674146e-04
1.372852e+00 3.656245e-01 -3.450808e-04 -2.805884e-03 8.334445e-04 2.930868e-03
1.379136e+00 3.647110e-01 5.363578e-04 5.330970e-04 -3.909118e-05 7.123306e-04
1.385410e+00 3.678550e-01 1.861233e-04 7.920436e-04 8.771739e-04 7.510462e-03
1.391699e+00 3.657556e-01 6.524759e-04 -6.298050e-04 -2.101469e-03 4.914757e-03
1.397985e+00 3.653649e-01 -3.727286e-04 9.283600e-05 -9.710043e-04 2.912115e-03
1.404268e+00 3.658706e-01 4.730412e-04 -1.631856e-03 -3.515398e-04 2.177361e-03
1.410555e+00 3.660719e-01 3.686073e-04 -4.930966e-04 1.185127e-03 -5.898253e-04
1.416838e+00 3.675620e-01 -3.681633e-05 5.220526e-05 7.935202e-04 4.631372e-03
1.423118e+00 3.671437e-01 -6.658195e-05 -3.691269e-03 -2.333406e-04 2.483662e-03
1.429398e+00 3.672759e-01 1.092989e-03 -5.678447e-03 5.105721e-04 4.314173e-03
1.435687e+00 3.665956e-01 4.670222e-04 -3.034248e-03 3.334769e-04 6.773119e-03
1.441977e+00 3.677096e-01 7.029411e-04 -1.049413e-03 -3.462576e-04 5.122716e-03
1.448254e+00 3.676543e-01 -7.165175e-06 2.385207e-03 6.919836e-04 4.339774e-03
1.454532e+00 3.666186e-01 -4.803464e-06 -1.942828e-03 -6.781596e-04 2.411090e-03
1.460819e+00 3.656078e-01 -4.090932e-04 -1.332406e-04 -1.298334e-03 4.668973e-03
1.467111e+00 3.669467e-01 4.514484e-04 -1.858105e-03 2.799928e-04 2.507006e-03
1.473393e+00 3.673687e-01 7.439474e-05 -9.292609e-04 -9.188514e-04 2.696674e-03
1.479670e+00 3.658027e-01 1.954997e-04 1.012388e-04 6.290412e-04 -1.320842e-03
1.485956e+00 3.661906e-01 4.547772e-04 2.239469e-03 3.602112e-04 -7.922709e-04
1.492234e+00 3.668634e-01 3.299905e-05 1.147515e-03 2.422377e-04 2.362341e-03
1.498503e+00 3.655756e-01 2.149597e-05 -2.927503e-03 -9.683506e-04 -1.417179e-03
1.504786e+00 3.652695e-01 5.925508e-04 -1.500696e-03 5.975999e-04 -9.940987e-04
1.511076e+00 3.670467e-01 1.029319e-04 -2.603056e-04 1.551986e-03 5.989243e-03
1.517362e+00 3.667687e-01 -5.458599e-04 -1.157842e-03 -2.508219e-03 2.515034e-03
1.523650e+00 3.668649e-01 5.175826e-04 -3.030992e-03 -2.774509e-04 -2.665860e-03
1.529939e+00 3.661899e-01 1.165099e-04 -2.006134e-03 1.463121e-04 -1.860445e-03
1.536230e+00 3.651422e-01 -4.226779e-05 -5.031909e-04 -2.015669e-06 -6.809803e-04
1.542511e+00 3.657719e-01 5.566372e-04 -3.411620e-03 4.995562e-04 1.449954e-03
1.548784e+00 3.661272e-01 -4.338558e-04 -3.268616e-03 -1.627181e-04 -3.552536e-05
1.555073e+00 3.666762e-01 1.234627e-03 -9.399172e-05 -5.997812e-04 1.355871e-03
1.561357e+00 3.663965e-01 4.501302e-04 1.940924e-03 1.072701e-03 1.854748e-03
1.567629e+00 3.661365e-01 1.235176e-04 1.607691e-04 -4.320260e-04 -7.155443e-04
1.573914e+00 3.658481e-01 5.420752e-04 -4.945383e-04 4.812335e-05 6.830512e-04
1.580204e+00 3.674598e-01 -3.297484e-04 -2.662724e-04 4.975005e-04 -1.539692e-03
1.586486e+00 3.669297e-01 -3.184260e-05 -1.206772e-03 1.043319e-03 9.893563e-04
1.592760e+00 3.676223e-01 -1.225535e-05 -1.499986e-03 3.366549e-04 2.105935e-03
1.599047e+00 3.672700e-01 -2.871132e-04 -4.370240e-04 2.607565e-05 1.853730e-03
1.605342e+00 3.663291e-01 4.361275e-04 -8.399787e-05 -5.506894e-04 2.625856e-03
1.611620e+00 3.675514e-01 -3.725622e-04 -2.588082e-03 9.277223e-04 1.887407e-04
1.617898e+00 3.665983e-01 2.930408e-05 -3.357514e-03 3.871048e-04 2.851468e-03
1.624183e+00 3.667250e-01 7.881980e-04 -9.244613e-05 -2.881171e-03 2.171460e-03
1.630465e+00 3.660784e-01 4.034528e-04 6.449065e-04 5.450456e-05 -2.863137e-03
1.636749e+00 3.664417e-01 -3.197989e-04 -1.554817e-03 2.122300e-03 -1.972944e-03
1.643031e+00 3.652305e-01 2.377357e-04 -2.171402e-03 -9.489676e-04 -8.913387e-04
1.649309e+00 3.665259e-01 2.481129e-04 -1.690415e-03 1.227153e-03 6.724262e-04
1.655594e+00 3.665423e-01 1.875505e-04 -1.829700e-03 1.242800e-03 4.461743e-03
1.661880e+00 3.656279e-01 8.253267e-05 -2.050776e-03 1.272303e-05 4.793838e-03
1.668169e+00 3.660485e-01 -5.575798e-05 -1.498224e-03 -2.125545e-04 2.656678e-03
1.674450e+00 3.660756e-01 9.012021e-04 1.126286e-03 -2.098115e-03 -6.561664e-04
1.680723e+00 3.667547e-01 1.968639e-04 -5.486759e-04 1.307512e-03 -5.517479e-04
1.687014e+00 3.658092e-01 6.660747e-04 1.447617e-04 -1.348685e-03 2.529066e-04
1.693309e+00 3.656500e-01 5.286328e-04 -2.020966e-04 3.733417e-04 3.693616e-05
1.699582e+00 3.678558e-01 7.023136e-04 -1.724260e-03 1.483834e-03 2.324733e-03
1.705864e+00 3.667861e-01 6.481755e-05 4.460915e-04 3.421205e-04 5.564069e-03
1.712155e+00 3.666061e-01 -1.219708e-04 -1.084775e-04 1.852301e-04 3.173332e-03
1.718439e+00 3.665811e-01 6.830055e-04 1.032193e-03 1.151527e-03 6.944803e-03
1.724721e+00 3.663166e-01 -4.134655e-07 1.456903e-03 -2.275018e-03 4.684235e-03
1.730998e+00 3.647930e-01 -3.159377e-04 -8.124588e-04 -8.424590e-04 -1.603960e-03
1.737287e+00 3.645462e-01 -2.393657e-07 -2.799852e-04 1.935897e-03 -3.556810e-05
1.743568e+00 3.652438e-01 2.812496e-04 -6.873111e-04 -6.143306e-04 3.828293e-03
1.749841e+00 3.660226e-01 4.210241e-04 -5.488869e-04 1.407522e-04 3.998793e-03
1.756129e+00 3.657982e-01 -7.500025e-04 3.269019e-04 2.771546e-05 2.218043e-03
1.762414e+00 3.651849e-01 5.722627e-04 -1.978586e-03 -1.116136e-03 2.262654e-03
1.768696e+00 3.668735e-01 -1.777783e-05 -3.426283e-03 -1.347351e-04 1.840524e-03
1.774979e+00 3.665258e-01 6.655055e-04 -4.314250e-03 9.401985e-04 1.775398e-03
1.781266e+00 3.667119e-01 -3.043523e-04 -1.224190e-03 4.700461e-04 3.946184e-03
1.787550e+00 3.654950e-01 -2.267205e-05 -1.351241e-03 -1.015300e-03 4.766196e-03
1.793834e+00 3.645995e-01 4.041692e-04 2.488183e-04 1.403508e-04 4.524616e-03
1.800115e+00 3.656378e-01 5.593940e-04 4.262599e-05 -6.639694e-04 4.418127e-03
1.806394e+00 3.656486e-01 1.893018e-04 2.219279e-03 5.158600e-04 -2.522338e-05
1.812674e+00 3.651879e-01 3.071943e-04 -1.178784e-03 6.907850e-04 2.075171e-03
1.818957e+00 3.647261e-01 8.490736e-04 1.228990e-03 2.570053e-04 1.877896e-03
1.825244e+00 3.661158e-01 -2.437512e-04 7.636003e-04 -1.601629e-03 -6.555654e-04
1.831527e+00 3.669910e-01 6.034441e-04 6.981589e-04 6.054515e-04 -3.034859e-03
1.837811e+00 3.675195e-01 -5.291287e-04 -1.922606e-04 8.438186e-05 -4.686638e-04
1.844101e+00 3.662032e-01 2.530515e-04 8.794355e-04 4.528493e-05 2.566274e-03
1.850385e+00 3.654030e-01 6.082268e-04 3.439575e-04 5.686064e-04 1.059445e-03
1.856666e+00 3.657804e-01 1.397740e-04 4.420640e-04 7.436035e-05 2.568544e-04
1.862948e+00 3.661536e-01 -1.711277e-04 -7.391789e-04 2.315777e-04 2.160390e-03
1.869229e+00 3.650117e-01 2.117816e-04 -1.182076e-03 -6.127071e-04 1.150188e-03
1.875518e+00 3.666261e-01 6.622077e-04 -1.519314e-03 4.288664e-04 1.428681e-03
1.881801e+00 3.651611e-01 3.727422e-04 1.352093e-03 9.838794e-04 3.165325e-03
1.888079e+00 3.662799e-01 4.300285e-04 1.485909e-03 -6.570326e-04 3.880147e-03
1.894354e+00 3.660344e-01 -6.756782e-06 3.424425e-03 -4.905891e-05 2.541719e-03
1.900643e+00 3.663916e-01 1.014725e-04 3.529490e-03 -6.400173e-04 2.206625e-03
1.906934e+00 3.658001e-01 -4.203978e-04 1.782878e-04 1.189956e-03 -1.595034e-03
1.913208e+00 3.654941e-01 9.971667e-04 8.406985e-04 -3.758982e-04 3.324585e-04
1.919491e+00 3.662982e-01 -2.487279e-05 -8.685847e-04 5.127256e-04 1.721164e-03
1.925777e+00 3.654814e-01 4.135984e-04 -3.502474e-04 -8.922199e-04 2.474133e-03
1.932065e+00 3.662339e-01 -1.623970e-04 -6.836883e-04 1.265546e-03 -1.873900e-03
1.938343e+00 3.659265e-01 5.059817e-04 -2.057662e-03 -5.120533e-04 1.014808e-03
1.944619e+00 3.656444e-01 3.940446e-04 -9.697173e-04 -2.647380e-04 2.308417e-04
1.950906e+00 3.667169e-01 7.929307e-04 5.259110e-04 -4.756963e-04 2.706227e-03
1.957195e+00 3.671655e-01 -5.704255e-04 -2.298820e-03 1.081336e-03 1.948745e-03
1.963480e+00 3.658552e-01 8.726026e-04 -1.257700e-03 -5.790182e-04 1.283430e-03
1.969761e+00 3.658037e-01 -1.757466e-04 -4.959758e-04 -1.146642e-04 1.749495e-03
1.976049e+00 3.660002e-01 2.784182e-04 -1.709571e-03 -4.615797e-05 4.411101e-03
1.982338e+00 3.663388e-01 2.187539e-04 6.286870e-04 -4.496776e-04 4.522541e-03
1.988618e+00 3.651529e-01 -3.155307e-04 -2.423352e-03 2.262241e-04 1.630446e-03
1.994896e+00 3.653208e-01 5.244751e-04 -3.840222e-03 -5.641076e-04 -2.117209e-03
2.001180e+00 3.657259e-01 5.019410e-04 1.349743e-03 5.799021e-04 -7.593886e-05
2.007460e+00 3.661382e-01 1.980128e-04 1.061959e-03 3.687732e-04 1.253699e-03
2.013738e+00 3.657771e-01 5.714424e-04 -1.725936e-04 9.053373e-04 5.300201e-03
2.020017e+00 3.655953e-01 -3.536984e-04 9.213572e-04 -1.210849e-03 3.930092e-03
2.026310e+00 3.664958e-01 6.826943e-04 -5.009510e-04 1.164891e-04 7.905888e-04
2.032601e+00 3.663921e-01 9.961949e-05 1.094416e-03 -1.201738e-04 3.037075e-03
2.038874e+00 3.666055e-01 6.325555e-05 -2.912533e-04 -2.910223e-05 3.039293e-03
2.045154e+00 3.663471e-01 9.179304e-05 -2.230804e-03 -4.403952e-04 4.015957e-03
2.051445e+00 3.661145e-01 5.601657e-04 -6.985682e-04 4.474600e-04 3.096782e-03
2.057731e+00 3.651109e-01 1.457454e-05 2.635203e-03 -3.699849e-04 1.263503e-03
2.064014e+00 3.654749e-01 2.643029e-04 1.529643e-03 3.367306e-05 -2.833412e-05
2.070301e+00 3.643409e-01 2.548479e-04 1.034676e-03 -1.506868e-04 1.582158e-05
2.076590e+00 3.650800e-01 3.715927e-04 2.138440e-03 1.063870e-03 2.184019e-03
2.082866e+00 3.658030e-01 1.819637e-04 5.688255e-04 -2.198389e-04 2.014808e-03
2.089135e+00 3.659959e-01 2.653971e-05 1.887759e-03 1.732082e-05 3.639975e-04
2.095424e+00 3.664313e-01 4.180965e-04 -3.956326e-04 3.514045e-04 -5.149700e-04
2.101708e+00 3.654215e-01 5.883898e-04 -6.720326e-04 -6.153776e-04 5.761615e-04
2.107987e+00 3.652894e-01 3.283370e-04 1.236769e-03 -1.541321e-03 4.804789e-04
2.114272e+00 3.653878e-01 3.016456e-04 1.806803e-03 1.645238e-03 1.432462e-03
2.120553e+00 3.652439e-01 2.739530e-04 1.826109e-03 1.100385e-04 2.278119e-03
2.126837e+00 3.655920e-01 3.837851e-04 2.094396e-04 -2.673957e-04 4.734183e-04
2.133122e+00 3.665482e-01 -2.678146e-04 6.678459e-04 -8.251637e-04 6.706507e-06
2.139412e+00 3.661784e-01 6.604139e-04 -1.945190e-03 1.052718e-03 9.575734e-04
2.145697e+00 3.659131e-01 3.760010e-04 1.467700e-04 1.665443e-04 6.132334e-04
2.151974e+00 3.655492e-01 2.957384e-04 1.410163e-03 -4.368806e-04 2.517444e-03
2.158260e+00 3.651107e-01 3.860584e-04 -1.842131e-03 2.776385e-04 -1.856924e-03
2.164546e+00 3.663680e-01 4.919243e-04 -1.526632e-03 3.934510e-04 2.145290e-04
2.170831e+00 3.667510e-01 4.062386e-04 1.135350e-03 -2.331787e-04 8.439157e-04
2.177115e+00 3.662715e-01 1.819796e-04 1.202238e-04 -7.683288e-04 -1.465147e-03
2.183388e+00 3.655974e-01 9.998584e-05 1.615002e-03 6.454944e-04 -9.293036e-04
2.189670e+00 3.661420e-01 1.324694e-04 -2.030374e-04 9.581343e-04 2.537795e-03
2.195960e+00 3.654189e-01 4.914757e-04 -1.352303e-03 -1.364619e-03 1.571040e-03
2.202243e+00 3.655753e-01 3.070347e-04 9.237268e-05 -4.151566e-04 1.899872e-03
2.208522e+00 3.650981e-01 3.013487e-04 4.269959e-04 6.265198e-04 2.067771e-03
2.214805e+00 3.654513e-01 9.384039e-05 -4.966076e-04 4.394911e-04 2.195793e-03
2.221093e+00 3.659495e-01 3.356488e-04 -2.497858e-04 2.350063e-05 -7.484808e-06
2.227373e+00 3.660405e-01 6.566681e-04 4.784225e-04 2.426443e-04 -5.538043e-04
2.233657e+00 3.662244e-01 -4.044697e-04 -8.801717e-05 3.520521e-04 7.508812e-04
2.239944e+00 3.657080e-01 5.040592e-05 -1.228447e-03 1.024811e-03 2.148455e-03
2.246224e+00 3.662484e-01 8.648653e-04 2.389418e-03 -1.530510e-03 2.673638e-03
2.252507e+00 3.661333e-01 6.366849e-05 1.102998e-04 6.083533e-05 1.625644e-04
2.258784e+00 3.667058e-01 1.885986e-04 -1.030047e-03 1.960054e-04 2.253927e-03
2.265069e+00 3.667484e-01 1.106660e-03 1.190625e-04 -8.638522e-04 -1.981034e-03
2.271351e+00 3.656163e-01 -2.838019e-04 4.221212e-04 5.700941e-04 -7.938063e-04
2.277634e+00 3.648017e-01 1.919555e-04 1.383885e-04 1.034665e-03 -8.470485e-04
2.283923e+00 3.647610e-01 4.612161e-04 -3.391029e-04 -5.733654e-04 4.110714e-04
2.290203e+00 3.651425e-01 4.346548e-04 -6.232538e-04 -6.805920e-04 2.489314e-03
2.296491e+00 3.650010e-01 4.574817e-04 6.575342e-04 1.099665e-03 1.769458e-03
2.302772e+00 3.655803e-01 2.572798e-04 -4.059862e-04 -6.794396e-05 2.635608e-03
2.309052e+00 3.671578e-01 5.249204e-04 -1.754711e-03 3.442231e-04 2.510617e-03
2.315339e+00 3.652926e-01 2.512559e-04 -1.921173e-03 -1.312167e-04 2.117779e-03
2.321628e+00 3.659739e-01 1.262187e-04 -1.997210e-03 3.676030e-04 2.235904e-03
2.327912e+00 3.656162e-01 4.416270e-05 -1.004352e-03 -6.619132e-04 3.742611e-03
2.334187e+00 3.653735e-01 5.554556e-04 -1.561604e-04 -1.497190e-04 1.737896e-03
2.340468e+00 3.659360e-01 3.700424e-04 -2.168922e-04 -6.704218e-04 -7.400331e-05
2.346757e+00 3.660893e-01 -2.497635e-04 -4.673667e-04 1.119938e-03 1.385528e-03
2.353045e+00 3.654318e-01 4.346744e-04 -7.599631e-04 -2.393745e-04 7.714783e-04
2.359328e+00 3.655541e-01 2.367360e-04 1.958701e-03 -6.497464e-05 -3.470026e-04
2.365603e+00 3.662968e-01 2.373686e-04 6.221338e-04 -3.434501e-04 5.506970e-04
2.371886e+00 3.666326e-01 1.770054e-04 7.066620e-04 1.261459e-04 2.022844e-04
2.378173e+00 3.654763e-01 2.290077e-04 -7.242067e-04 -5.568775e-04 1.256845e-05
2.384454e+00 3.650451e-01 1.500863e-04 -1.338380e-03 1.260759e-03 -1.185128e-03
2.390737e+00 3.647483e-01 3.943267e-04 -8.562004e-04 -2.379400e-04 2.544948e-03
2.397014e+00 3.653224e-01 5.025876e-04 -5.183961e-04 -4.749327e-04 2.313668e-03
2.403296e+00 3.656201e-01 4.391333e-04 5.214149e-04 -1.457124e-04 1.078625e-03
2.409585e+00 3.646224e-01 5.102268e-04 1.808465e-03 1.239432e-04 1.032856e-03
2.415872e+00 3.658203e-01 6.323368e-04 1.143493e-03 -1.161720e-03 -6.947083e-05
2.422161e+00 3.659418e-01 -1.973181e-05 -1.277926e-03 2.039692e-04 -2.218647e-03
2.428441e+00 3.657889e-01 2.626424e-04 -2.174532e-03 -5.037169e-04 -1.302835e-03
2.434718e+00 3.657103e-01 4.629391e-04 -1.408748e-03 3.378721e-04 -1.387992e-03
2.441003e+00 3.661564e-01 2.917502e-04 8.177027e-04 2.185753e-05 -2.112892e-04
2.447290e+00 3.669108e-01 6.081114e-04 -2.704831e-04 -2.525826e-04 -3.338757e-03
2.453572e+00 3.664452e-01 -2.672957e-04 -2.062975e-04 1.706246e-04 -1.689058e-03
2.459853e+00 3.655881e-01 7.703319e-04 3.878099e-05 1.165315e-03 -1.253813e-04
2.466140e+00 3.665458e-01 -3.428811e-05 1.766333e-04 -3.032357e-04 -6.212057e-05
2.472422e+00 3.658493e-01 5.110350e-04 -3.001297e-04 -5.761566e-05 -1.146022e-03
2.478699e+00 3.660135e-01 3.495182e-04 1.106646e-03 1.004119e-03 -6.920786e-04
2.484981e+00 3.662488e-01 4.902542e-05 5.658180e-04 4.347420e-04 5.179771e-04
2.491270e+00 3.654832e-01 2.683393e-04 -1.887686e-03 2.688281e-04 1.503173e-04
2.497549e+00 3.662285e-01 2.753678e-04 9.953746e-04 5.764861e-05 2.406069e-03
2.503832e+00 3.659969e-01 3.268272e-04 -8.112543e-04 -1.341948e-03 9.589807e-05
2.510118e+00 3.663053e-01 3.602169e-04 -1.030662e-03 1.190128e-03 -7.937550e-04
2.516401e+00 3.664716e-01 5.648498e-04 5.554136e-04 -6.569463e-04 2.023896e-03
2.522688e+00 3.660489e-01 1.829678e-04 -1.312027e-03 4.089213e-04 1.095702e-04
2.528972e+00 3.659918e-01 5.696492e-04 -1.135262e-03 -4.522079e-04 9.509652e-04
2.535252e+00 3.656260e-01 4.640999e-04 1.792753e-04 -3.522418e-05 3.402021e-04
2.541538e+00 3.653575e-01 2.466098e-04 1.030160e-03 3.769173e-04 2.858801e-03
2.547823e+00 3.643692e-01 5.493512e-04 5.801052e-04 -1.137779e-03 -2.464357e-05
2.554101e+00 3.654976e-01 3.441601e-04 1.380548e-03 3.756180e-04 8.104607e-04
2.560377e+00 3.653523e-01 4.813134e-05 1.389017e-03 1.373021e-04 4.297609e-05
2.566668e+00 3.652624e-01 -1.294619e-04 -1.584343e-03 -3.823805e-04 8.087328e-05
2.572955e+00 3.654271e-01 7.504657e-04 -9.591033e-04 5.925755e-04 4.617670e-04
2.579234e+00 3.653562e-01 2.047726e-05 6.563221e-04 -1.047589e-04 3.724003e-03
2.585521e+00 3.658892e-01 5.417109e-04 -4.900966e-04 -3.021529e-04 2.868167e-03
2.591805e+00 3.662114e-01 4.729128e-04 4.372239e-04 4.447355e-04 2.513056e-03
2.598084e+00 3.657901e-01 2.336590e-04 -1.292830e-04 -3.853237e-05 2.982734e-03
2.604361e+00 3.659116e-01 8.568093e-04 8.297926e-04 2.213017e-04 1.209894e-03
2.610647e+00 3.668358e-01 5.156995e-05 7.018229e-04 -4.412856e-04 1.103873e-03
2.616932e+00 3.659658e-01 3.399557e-04 9.069334e-04 3.880225e-04 1.527596e-03
2.623206e+00 3.662291e-01 4.024589e-04 5.823558e-04 4.588161e-04 3.520261e-03
2.629492e+00 3.661650e-01 1.721270e-04 5.115693e-04 -4.391897e-04 -1.313454e-04
2.635779e+00 3.658934e-01 2.763961e-04 5.856177e-04 -4.200496e-05 -8.489363e-04
2.642061e+00 3.654079e-01 3.639089e-04 3.701359e-04 -4.711388e-04 -8.904443e-04
2.648344e+00 3.659152e-01 1.964617e-04 -4.763224e-04 7.396063e-04 2.465030e-04
2.654632e+00 3.653429e-01 4.151416e-04 -9.597720e-04 1.786841e-04 1.377187e-03
2.660919e+00 3.646091e-01 4.257649e-04 -7.981018e-04 -1.245027e-03 -4.051729e-04
2.667199e+00 3.649837e-01 7.695490e-04 -2.423072e-04 -1.211055e-04 -1.594201e-03
2.673485e+00 3.656109e-01 3.394751e-04 -5.555346e-04 2.762662e-04 -9.845743e-04
2.679774e+00 3.656646e-01 8.808334e-04 1.432369e-03 8.083149e-04 -4.648711e-04
2.686058e+00 3.660460e-01 9.484735e-05 1.050652e-03 -5.549953e-05 3.728072e-04
2.692339e+00 3.656113e-01 2.207843e-04 -1.085063e-04 -3.836165e-04 7.659630e-04
2.698618e+00 3.654825e-01 7.591556e-04 1.377533e-03 -4.497869e-04 -8.014286e-04
2.704896e+00 3.657669e-01 -6.867892e-05 2.088982e-03 4.676691e-04 2.828649e-05
2.711176e+00 3.652396e-01 3.082337e-04 -4.126321e-04 -7.418084e-04 4.911155e-05
2.717460e+00 3.654771e-01 8.092805e-04 -7.559475e-04 9.374959e-05 -4.030876e-04
2.723746e+00 3.651032e-01 7.577898e-04 1.217257e-04 -3.231327e-04 -1.591243e-03
2.730039e+00 3.654154e-01 1.852074e-04 5.426144e-05 7.438975e-04 2.176360e-04
2.736319e+00 3.655391e-01 4.359254e-04 2.598990e-04 -3.157040e-04 2.129458e-03
2.742592e+00 3.653528e-01 4.070788e-04 4.397955e-04 1.082584e-04 2.350495e-03
2.748880e+00 3.660361e-01 6.261882e-05 -1.445377e-03 -1.972351e-04 2.459098e-04
2.755164e+00 3.653331e-01 2.329575e-04 -1.024616e-03 9.245467e-04 2.034338e-03
2.761447e+00 3.651273e-01 4.619370e-04 -1.568425e-03 -4.025039e-04 1.850714e-03
2.767733e+00 3.657687e-01 7.045789e-04 -4.209643e-04 6.067207e-04 2.385477e-03
2.774016e+00 3.654372e-01 2.815833e-04 8.790189e-04 -2.779377e-04 1.258391e-03
2.780299e+00 3.660404e-01 -4.817148e-05 -1.214046e-03 2.357031e-04 8.665897e-04
2.786578e+00 3.649753e-01 5.643024e-04 2.716674e-04 -3.770424e-04 9.498355e-04
2.792858e+00 3.656162e-01 4.704600e-04 -4.191555e-04 -1.139998e-03 -1.089400e-03
2.799144e+00 3.656573e-01 5.044106e-04 -4.663568e-04 9.536074e-04 -8.542067e-04
2.805430e+00 3.664806e-01 3.345971e-04 -8.097164e-05 6.989021e-04 2.243832e-03
2.811715e+00 3.657882e-01 3.344276e-04 4.766747e-04 -3.413428e-04 1.278945e-03
2.817989e+00 3.650605e-01 3.887539e-04 -1.058169e-03 -2.194429e-04 -3.752110e-04
2.824269e+00 3.657404e-01 3.680835e-04 -5.135479e-04 3.898820e-04 -6.363755e-04
2.830563e+00 3.659387e-01 4.859857e-04 -2.529596e-05 3.759680e-04 1.483064e-03
2.836849e+00 3.656275e-01 1.345077e-04 -1.261204e-03 8.472043e-04 -8.633643e-05
2.843130e+00 3.662986e-01 7.222176e-04 -5.249213e-04 -3.454836e-04 9.479658e-04
2.849414e+00 3.664836e-01 3.427701e-04 -3.622055e-04 -2.145220e-04 1.588573e-04
2.855698e+00 3.664026e-01 -9.337366e-05 -2.391077e-03 -6.445542e-04 6.796857e-04
2.861979e+00 3.659429e-01 7.129866e-04 -6.867201e-04 6.849352e-04 -7.524440e-04
2.868263e+00 3.668306e-01 6.133273e-04 6.397952e-04 1.748781e-04 -2.074781e-04
2.874548e+00 3.663402e-01 4.649838e-04 -2.408572e-05 -1.416611e-04 2.045515e-03
2.880831e+00 3.662418e-01 2.889648e-04 5.554121e-04 -2.693730e-04 4.773379e-04
2.887114e+00 3.656126e-01 6.042239e-04 2.104009e-04 -5.789601e-04 -3.998756e-04
2.893395e+00 3.658293e-01 2.028264e-05 -9.602347e-05 -2.024769e-04 7.861112e-04
2.899674e+00 3.656171e-01 5.141059e-04 -1.145013e-03 7.062807e-04 5.218246e-04
2.905954e+00 3.661254e-01 5.722835e-04 -3.484495e-04 -5.367180e-04 1.506601e-03
2.912241e+00 3.654649e-01 7.702854e-05 4.209868e-04 -4.368871e-04 2.933647e-04
2.918527e+00 3.659804e-01 6.405663e-04 -1.418281e-03 -1.559881e-04 -1.389988e-03
2.924810e+00 3.661883e-01 5.070440e-04 2.563119e-04 1.262589e-03 2.391608e-04
2.931096e+00 3.664258e-01 3.528939e-04 1.465287e-04 -4.011612e-04 8.448383e-04
2.937378e+00 3.660177e-01 1.281436e-05 -1.120104e-03 -3.683327e-04 -4.242565e-04
2.943660e+00 3.657642e-01 8.808285e-04 -6.132850e-04 -3.270096e-04 -1.753581e-03
2.949947e+00 3.660470e-01 2.139930e-04 -5.562437e-04 7.924187e-04 -1.604007e-03
2.956228e+00 3.660034e-01 1.539581e-04 -1.175598e-03 5.791670e-04 2.567881e-03
2.962511e+00 3.659262e-01 5.323577e-04 5.236749e-05 -4.990521e-04 2.011653e-03
2.968797e+00 3.662037e-01 2.594568e-04 -7.357988e-04 -3.861946e-04 1.250392e-03
2.975078e+00 3.666061e-01 7.301332e-04 5.582699e-04 -6.566232e-05 6.561218e-04
2.981360e+00 3.658698e-01 4.078633e-04 7.627244e-04 -6.184889e-05 1.306254e-03
2.987647e+00 3.662302e-01 2.869088e-04 5.441580e-04 1.190489e-04 7.711481e-04
2.993930e+00 3.657116e-01 1.191717e-04 -8.274797e-04 -9.917924e-04 -4.765090e-04
3.000207e+00 3.658240e-01 3.684745e-04 -1.214425e-03 -1.851223e-04 -9.747096e-04
3.006486e+00 3.654406e-01 4.947053e-04 -1.611676e-03 1.484665e-04 -1.815251e-03
3.012770e+00 3.659202e-01 4.018303e-04 -1.448439e-05 -9.300692e-05 -1.498690e-03
3.019053e+00 3.658392e-01 6.166470e-04 -1.211736e-04 1.230082e-03 -2.038979e-03
3.025338e+00 3.667109e-01 5.516469e-04 -6.654298e-04 4.084797e-04 1.933470e-03
3.031624e+00 3.665762e-01 2.776965e-04 -5.389473e-04 -5.755136e-04 1.579701e-03
3.037909e+00 3.650336e-01 1.841634e-04 -4.774930e-04 -5.190434e-04 -2.727584e-05
3.044195e+00 3.653203e-01 4.247741e-04 -1.036914e-03 -4.204726e-04 -2.045772e-04
3.050476e+00 3.658475e-01 5.460276e-04 -1.099493e-03 -4.387387e-04 -1.723486e-03
3.056755e+00 3.659625e-01 8.085814e-04 1.507567e-04 -1.445941e-04 -8.000516e-04
3.063041e+00 3.655545e-01 7.108760e-04 1.033778e-03 -3.018044e-04 -3.341880e-04
3.069324e+00 3.663644e-01 2.764316e-04 9.342188e-04 1.403597e-03 7.183189e-04
3.075611e+00 3.659686e-01 1.004801e-04 -3.033271e-04 -7.066582e-04 -7.978451e-04
3.081894e+00 3.657925e-01 4.513923e-04 -1.175091e-03 3.390264e-04 -6.697632e-04
3.088175e+00 3.655834e-01 3.846108e-04 5.230057e-05 -1.403453e-04 4.897701e-04
3.094459e+00 3.661011e-01 3.487712e-04 -5.891118e-04 -1.295808e-04 1.000527e-03
3.100744e+00 3.654315e-01 7.228300e-04 -1.137004e-03 -1.355671e-04 -4.331619e-04
3.107028e+00 3.658941e-01 3.558344e-04 -9.727281e-05 5.223725e-04 1.824249e-03
3.113310e+00 3.655422e-01 6.366997e-04 -1.186696e-04 -1.157261e-03 -3.002141e-04
3.119591e+00 3.658660e-01 4.592083e-04 -4.645078e-04 8.867685e-04 1.042096e-03
3.125874e+00 3.660349e-01 4.363110e-04 1.296142e-03 -1.794379e-04 1.496843e-03
3.132159e+00 3.661585e-01 2.149597e-04 -6.763084e-04 6.033974e-04 2.716812e-03
3.138439e+00 3.657736e-01 8.219812e-04 -1.827703e-04 -6.847150e-04 8.835644e-04
3.144724e+00 3.655961e-01 3.571779e-04 1.397482e-03 1.052350e-04 7.885122e-04
3.151004e+00 3.655266e-01 2.909318e-04 2.300188e-04 -2.265991e-04 -2.435772e-04
3.157284e+00 3.662065e-01 2.029722e-04 -2.095869e-05 -1.432001e-04 -1.393208e-03
3.163570e+00 3.662887e-01 4.244857e-04 -1.343824e-03 -3.263935e-04 -1.655958e-03
3.169852e+00 3.657793e-01 5.736077e-04 -1.190434e-03 3.158499e-04 -4.697353e-04
3.176138e+00 3.661413e-01 3.855295e-04 4.597987e-07 7.466279e-05 5.781357e-04
3.182421e+00 3.661445e-01 1.371511e-04 -8.779631e-04 -4.957304e-04 -6.390624e-04
3.188703e+00 3.657280e-01 6.158041e-04 -3.795797e-04 4.377664e-04 3.712154e-05
3.194991e+00 3.651482e-01 4.598052e-04 1.106404e-03 4.755807e-04 1.077045e-03
3.201276e+00 3.655339e-01 1.874654e-04 4.134746e-04 1.179042e-04 2.649160e-03
3.207552e+00 3.655733e-01 6.671834e-04 -8.352409e-04 2.290933e-04 2.140363e-03
3.213835e+00 3.661207e-01 6.251261e-04 -6.639549e-04 -6.124737e-04 1.701218e-03
