# k, q0, q1/i, q2, q3/i, q4, norm, alpha = 243.8557397248968, 0.020160886971027085
0.000000e+00 1.104013e+13 0.000000e+00 0.000000e+00 0.000000e+00 -3.720197e+12
8.899642e-03 1.659986e+11 4.524645e+10 1.863897e+11 7.024754e+11 -5.420346e+11
1.507912e-02 1.347756e+10 3.515627e+09 1.117859e+10 1.593139e+10 2.357561e+10
2.144790e-02 1.512118e+09 -9.394292e+08 6.215021e+08 -1.454157e+08 2.334416e+09
2.783661e-02 7.542605e+08 -2.727578e+08 1.314952e+09 9.877850e+07 2.003084e+09
3.435100e-02 2.509548e+08 -1.198761e+08 3.662196e+08 1.511945e+08 2.939159e+08
4.047887e-02 1.882586e+08 -8.862030e+07 3.662020e+08 -9.967610e+07 3.936080e+08
4.676717e-02 1.087827e+08 -3.077764e+07 1.915426e+08 4.789680e+07 1.300037e+08
5.308226e-02 5.627374e+07 -2.976379e+07 6.506257e+07 -4.432295e+07 2.299898e+07
5.945363e-02 4.832560e+07 -1.229192e+07 7.892336e+07 -2.425712e+06 7.126026e+07
6.576225e-02 2.716902e+07 -6.612755e+06 2.508914e+07 6.936138e+05 1.143580e+07
7.196633e-02 2.402559e+07 -4.537624e+06 3.350432e+07 -7.852023e+06 3.768009e+07
7.827861e-02 1.671102e+07 -2.885663e+05 1.712077e+07 5.978034e+06 2.488011e+07
8.470400e-02 1.145208e+07 -3.809521e+05 7.333422e+06 -4.780590e+06 1.504803e+07
9.096855e-02 1.141698e+07 5.626266e+05 1.579651e+07 2.879589e+06 2.514057e+07
9.720791e-02 6.626868e+06 2.897081e+05 2.089721e+06 -3.516982e+05 8.316016e+06
1.034763e-01 6.947672e+06 8.763445e+04 7.617806e+06 -9.881304e+05 1.631488e+07
1.097577e-01 4.648920e+06 3.958540e+05 2.156804e+06 2.092608e+06 8.021242e+06
1.160543e-01 4.255862e+06 -3.054807e+05 1.697140e+06 -1.443114e+06 7.621435e+06
1.223670e-01 4.077394e+06 1.746331e+05 2.905141e+06 1.693640e+06 8.709915e+06
1.287014e-01 2.833122e+06 -2.765553e+05 5.542270e+04 -3.266762e+05 3.426570e+06
1.349669e-01 2.895807e+06 -5.672121e+04 1.586969e+06 1.965858e+05 5.153674e+06
1.411950e-01 2.263345e+06 -1.320046e+05 1.017297e+05 5.576105e+05 2.632261e+06
1.475134e-01 2.433310e+06 -2.575927e+05 1.276968e+06 -2.256630e+05 3.605550e+06
1.537865e-01 2.219845e+06 -1.428620e+05 9.269105e+05 5.617893e+05 2.711125e+06
1.600658e-01 1.836623e+06 -1.376205e+05 5.393037e+05 -4.289046e+05 1.815338e+06
1.663991e-01 1.878827e+06 -5.572256e+03 8.958677e+05 2.767133e+05 2.218419e+06
1.727196e-01 1.594584e+06 -7.498434e+04 4.139518e+04 -1.751481e+05 8.825954e+05
1.789765e-01 1.541992e+06 -3.160745e+03 3.015317e+05 -1.648202e+05 1.056247e+06
1.852354e-01 1.422500e+06 1.088243e+04 3.070195e+05 1.355517e+05 8.248176e+05
1.914807e-01 1.366922e+06 -2.588056e+04 1.910726e+05 -1.272511e+05 6.505516e+05
1.977890e-01 1.502612e+06 4.830125e+04 7.522067e+05 1.308172e+05 1.612232e+06
2.040938e-01 1.300466e+06 4.732340e+03 9.705370e+04 -9.417798e+04 5.781981e+05
2.103939e-01 1.354410e+06 3.072989e+04 4.542275e+05 -8.151249e+04 1.247409e+06
2.166910e-01 1.182220e+06 1.796120e+04 -4.220081e+04 4.755996e+04 5.294268e+05
2.229700e-01 1.156493e+06 -1.190558e+04 -9.112523e+03 -5.098283e+04 5.628713e+05
2.292620e-01 1.261227e+06 3.383954e+04 3.864071e+05 1.560400e+05 1.229128e+06
2.355142e-01 1.134101e+06 5.048128e+03 7.455151e+04 -1.298592e+05 5.953019e+05
2.417911e-01 1.132006e+06 1.276359e+04 8.907792e+04 -1.521773e+04 5.331794e+05
2.480857e-01 1.063273e+06 5.850159e+03 -2.933457e+04 5.682383e+04 2.630885e+05
2.543492e-01 1.080539e+06 1.873120e+03 1.497910e+05 -4.590592e+04 5.282948e+05
2.606382e-01 1.037247e+06 3.781115e+03 8.437318e+04 5.721054e+04 2.573987e+05
2.669301e-01 1.019561e+06 2.560025e+03 3.895548e+04 6.794875e+02 2.541877e+05
2.732424e-01 1.042631e+06 -1.156074e+03 1.019796e+05 -7.526717e+03 4.359617e+05
2.795530e-01 1.018091e+06 6.446629e+03 2.228695e+04 3.312314e+04 2.633407e+05
2.858367e-01 1.057696e+06 -5.652260e+03 1.134815e+05 -2.490417e+04 4.188209e+05
2.920934e-01 1.026582e+06 4.167298e+03 1.175271e+04 3.730658e+04 2.590024e+05
2.983501e-01 1.010006e+06 -2.127923e+03 6.277279e+04 -4.201084e+04 2.961427e+05
3.046383e-01 1.016419e+06 6.347082e+03 7.793711e+04 3.941623e+04 3.117353e+05
3.109279e-01 9.904871e+05 -1.644365e+03 1.674066e+04 -2.720641e+04 1.967490e+05
3.172168e-01 9.926792e+05 -5.609755e+03 5.194573e+04 -1.201712e+04 2.385152e+05
3.235188e-01 9.586344e+05 -1.871421e+03 -3.632532e+04 7.753060e+02 1.363278e+05
3.298168e-01 9.754161e+05 -2.257137e+03 2.017199e+04 -1.349302e+04 1.470374e+05
3.361177e-01 9.716764e+05 1.479296e+04 3.155968e+04 4.152118e+04 2.260859e+05
3.423729e-01 9.585083e+05 -1.102211e+04 2.852464e+03 -2.989621e+04 1.762166e+05
3.486504e-01 9.659277e+05 1.180210e+03 1.950657e+04 9.680733e+03 1.722505e+05
3.549412e-01 9.329622e+05 -2.789006e+03 -1.155599e+04 -1.718310e+04 8.128580e+04
3.611917e-01 9.372270e+05 3.215375e+03 -2.899029e+04 2.868777e+03 9.518613e+04
3.674767e-01 9.578090e+05 1.642779e+02 8.539544e+03 3.659409e+04 1.773096e+05
3.737648e-01 9.571057e+05 -9.120962e+03 2.024474e+04 -6.630623e+03 2.136491e+05
3.800654e-01 9.340912e+05 2.614738e+03 -4.721337e+03 -1.305150e+04 1.104656e+05
3.863540e-01 9.189993e+05 -3.181132e+03 -6.155535e+03 1.760266e+04 1.072710e+05
3.926151e-01 9.454753e+05 -5.317086e+02 4.280007e+04 -9.930583e+03 1.710367e+05
3.989274e-01 9.239995e+05 5.272567e+02 -1.510349e+04 -2.341551e+03 1.083276e+05
4.052074e-01 9.406031e+05 -5.169550e+03 1.217203e+04 -2.194511e+03 1.548491e+05
4.114917e-01 9.233102e+05 -2.148980e+01 -4.081076e+03 8.700418e+03 7.708395e+04
4.177815e-01 9.243896e+05 -3.864512e+03 8.865176e+03 1.121177e+03 1.269293e+05
4.240401e-01 9.137704e+05 6.663674e+03 -7.315749e+03 1.408477e+03 6.853973e+04
4.303426e-01 9.172473e+05 6.410767e+02 -4.275094e+04 -7.262906e+03 6.396529e+04
4.366359e-01 9.091535e+05 -5.779699e+03 -2.186009e+04 -8.481975e+03 5.757293e+04
4.428997e-01 9.063608e+05 -2.970118e+02 -2.665379e+04 1.499303e+04 9.178304e+04
4.491635e-01 9.042598e+05 -2.830584e+02 2.258172e+02 -1.003589e+04 7.916329e+04
4.554415e-01 9.171546e+05 -3.188553e+02 -1.710351e+04 1.818454e+04 4.017662e+04
4.617635e-01 9.128649e+05 -9.834523e+02 -1.192279e+04 -8.803071e+03 2.381973e+04
4.680645e-01 9.055932e+05 3.439428e+03 -7.385065e+03 -1.710656e+03 3.595634e+04
4.743486e-01 9.175473e+05 5.765043e+02 -1.531028e+04 7.317046e+03 3.700003e+04
4.806356e-01 9.004669e+05 6.538812e+02 -1.630195e+04 -2.538596e+04 2.825369e+04
4.869020e-01 9.101179e+05 5.837217e+02 7.443487e+03 6.231864e+03 7.251039e+03
4.931697e-01 9.038628e+05 -5.761197e+02 -1.463186e+04 1.099518e+04 2.536107e+04
4.994507e-01 9.013356e+05 4.672717e+03 -1.712904e+04 -3.697729e+03 2.134641e+04
5.057159e-01 9.024554e+05 -6.384871e+02 7.276884e+03 4.222716e+03 4.710034e+04
5.119924e-01 9.079147e+05 1.259457e+02 2.635154e+04 1.747642e+04 7.288608e+04
5.183126e-01 8.965572e+05 1.910624e+03 -2.126347e+04 -1.543370e+04 2.437517e+04
5.246102e-01 8.983317e+05 3.945079e+03 1.862152e+04 -4.428979e+03 3.379742e+04
5.308769e-01 8.997078e+05 -3.137033e+03 -1.494379e+02 4.235131e+03 7.229706e+03
5.371574e-01 8.995471e+05 2.535320e+03 4.232735e+03 4.942630e+03 1.822682e+04
5.434580e-01 9.039381e+05 1.278088e+03 1.039726e+04 -7.977171e+03 4.030445e+04
5.497431e-01 8.928646e+05 -2.594306e+03 -1.160023e+04 7.889535e+03 1.447275e+04
5.559938e-01 9.058148e+05 -4.394993e+03 7.672506e+03 5.394828e+03 6.259637e+04
5.622855e-01 8.980435e+05 2.816651e+03 -8.002025e+03 -4.044404e+03 3.457489e+04
5.686012e-01 9.000801e+05 1.018139e+03 -7.496091e+03 -5.861833e+03 1.083760e+04
5.748805e-01 8.967838e+05 -1.662531e+03 6.644518e+02 1.129678e+03 3.966496e+04
5.811551e-01 8.937711e+05 -5.956148e+02 -2.425418e+04 8.011175e+03 1.265388e+04
5.874409e-01 8.993748e+05 -1.412503e+03 -3.201645e+03 -5.562604e+03 2.950525e+04
5.937190e-01 8.890961e+05 -6.296597e+02 -2.343514e+04 -2.506228e+03 8.032966e+03
5.999972e-01 9.006347e+05 1.538307e+03 -7.938091e+03 1.050148e+04 4.274217e+04
6.062680e-01 8.994710e+05 3.717670e+03 3.009562e+03 -6.079399e+03 6.870908e+04
6.125470e-01 8.929967e+05 -1.604642e+03 -5.729949e+03 -4.293861e+03 2.075985e+04
6.188487e-01 8.930147e+05 -2.457439e+03 7.156948e+03 7.469157e+03 3.122800e+04
6.251319e-01 8.971584e+05 -1.798408e+03 2.163162e+03 5.011736e+02 1.375228e+04
6.314028e-01 8.958370e+05 2.225863e+03 6.867830e+02 -3.897026e+03 3.346209e+04
6.377004e-01 8.909462e+05 1.564328e+03 -3.139881e+03 -2.429532e+03 1.910338e+04
6.439858e-01 8.945521e+05 1.008161e+03 -9.631272e+03 3.046591e+03 1.291902e+04
6.502686e-01 8.916575e+05 5.945425e+02 -1.375086e+03 5.288317e+03 3.105872e+04
6.565587e-01 9.019091e+05 -1.890185e+03 3.085076e+03 -1.911520e+03 1.917999e+04
6.628370e-01 8.923848e+05 3.503050e+03 -7.801616e+03 9.012867e+03 3.583517e+04
6.691186e-01 8.896221e+05 -1.949278e+03 -1.303859e+04 -5.264396e+03 2.178854e+04
6.754071e-01 8.872711e+05 -1.452994e+03 -4.653345e+03 3.438353e+02 8.957046e+03
6.816837e-01 8.941686e+05 3.558696e+02 -1.487270e+04 9.921862e+03 9.110233e+03
6.879601e-01 8.847901e+05 -5.017331e+02 -1.039773e+04 -5.145644e+03 1.099827e+04
6.942351e-01 8.925283e+05 -1.532130e+03 -1.147235e+04 2.837208e+03 9.294747e+03
7.005176e-01 8.896258e+05 -1.189438e+03 -1.004078e+04 3.526067e+03 3.004540e+04
7.068125e-01 8.918195e+05 -3.300691e+02 -6.529423e+03 -4.063739e+03 2.984504e+04
7.131020e-01 8.908009e+05 2.501294e+03 -3.797350e+03 1.405219e+03 2.905988e+04
7.193919e-01 8.957895e+05 1.196669e+02 -2.359304e+03 -4.554175e+03 3.188977e+04
7.256834e-01 8.920840e+05 1.094695e+03 -1.453493e+04 -1.816658e+03 2.521600e+04
7.319668e-01 8.938914e+05 3.157658e+03 -1.940080e+04 -2.699255e+03 1.358233e+04
7.382523e-01 8.961912e+05 3.037812e+03 -1.844721e+04 5.202472e+03 1.612347e+04
7.445266e-01 8.954591e+05 -5.052902e+03 -6.709242e+03 8.709762e+02 3.529323e+04
7.507872e-01 8.959569e+05 1.860026e+03 9.142244e+02 1.462023e+03 4.083319e+04
7.570759e-01 8.978816e+05 -7.838442e+02 -1.039202e+04 -3.438630e+03 2.318000e+04
7.633642e-01 9.007578e+05 7.676066e+02 -7.860475e+03 5.124904e+03 1.715176e+04
7.696464e-01 8.982701e+05 -1.601666e+02 -1.752988e+04 2.357346e+03 3.044812e+04
7.759395e-01 8.966107e+05 2.006538e+03 -1.896652e+04 2.717317e+03 1.514767e+04
7.822335e-01 8.918584e+05 -8.073824e+02 -1.846390e+04 -9.446958e+03 2.539692e+04
7.885323e-01 8.959772e+05 -5.319117e+02 -1.227264e+04 1.757245e+03 2.542653e+04
7.947900e-01 8.954721e+05 -6.611757e+02 -1.275719e+04 2.829509e+02 2.206147e+04
8.010492e-01 8.880039e+05 2.446757e+02 -1.064640e+04 -9.136832e+02 2.011039e+04
8.073365e-01 8.886781e+05 -1.313820e+03 -1.473600e+04 3.793819e+03 2.738394e+04
8.136230e-01 8.933218e+05 5.551107e+02 -6.521727e+03 -2.861227e+02 1.534014e+04
8.199154e-01 9.048572e+05 -1.659452e+03 -1.577495e+04 -2.391273e+03 3.987492e+04
8.261953e-01 8.901173e+05 2.277453e+03 -1.618549e+04 4.868605e+02 2.175743e+04
8.324898e-01 8.988042e+05 -3.727629e+01 -1.075000e+04 1.904061e+03 2.862975e+04
8.387960e-01 8.930487e+05 -4.487755e+01 -1.110424e+04 4.455428e+02 2.615449e+04
8.450635e-01 9.005234e+05 4.643254e+01 -9.685227e+03 5.262721e+03 3.450743e+04
8.513284e-01 8.938788e+05 -2.094985e+03 -9.590908e+03 -5.911951e+02 1.136067e+04
8.576199e-01 8.924437e+05 1.510359e+03 -7.662472e+03 -3.448982e+03 2.051427e+04
8.639059e-01 8.956688e+05 7.312598e+02 -2.186113e+04 -4.007377e+03 9.569188e+03
8.701839e-01 8.906159e+05 1.964886e+03 -6.315917e+03 -2.161240e+03 1.340223e+04
8.764642e-01 8.914221e+05 -1.261418e+03 -3.145934e+03 -2.164680e+03 1.386645e+04
8.827505e-01 8.854033e+05 2.040159e+03 -9.431394e+02 5.769060e+03 1.297248e+04
8.890333e-01 8.891541e+05 6.763067e+02 -8.363866e+03 -1.062502e+03 1.922187e+04
8.953085e-01 8.880973e+05 -1.575133e+03 -9.010412e+03 3.345578e+03 2.614431e+04
9.015957e-01 8.902461e+05 2.686286e+02 -1.497150e+04 -4.465700e+03 2.392383e+04
9.078834e-01 8.903586e+05 1.699394e+03 1.975399e+03 -3.006648e+02 2.442697e+04
9.141745e-01 8.929579e+05 -3.286110e+02 -3.680070e+03 -1.171190e+03 1.124296e+04
9.204632e-01 8.930257e+05 1.316195e+03 -2.025898e+03 -7.881633e+02 1.913085e+04
9.267435e-01 8.944223e+05 -4.234379e+02 -1.046920e+04 1.754432e+03 1.192731e+04
9.330325e-01 8.936912e+05 -2.410510e+03 -4.048848e+03 -1.221646e+03 1.329521e+04
9.393266e-01 8.879512e+05 -3.711304e+02 -1.078203e+04 2.998147e+03 1.398730e+04
9.455976e-01 8.889048e+05 -9.936591e+02 -3.450423e+03 1.559840e+02 1.489075e+04
9.518661e-01 8.894382e+05 1.527899e+03 -1.515908e+04 1.791348e+03 8.161366e+03
9.581414e-01 8.930909e+05 -1.921736e+03 -1.620709e+04 6.668026e+02 1.736078e+04
9.644352e-01 8.937208e+05 -2.348359e+02 -1.243723e+04 2.020176e+03 1.881648e+04
9.707356e-01 8.891353e+05 6.291749e+02 -5.389111e+03 7.415431e+02 2.304429e+04
9.770081e-01 8.882249e+05 -4.895472e+01 -1.444163e+04 -5.708618e+03 2.000774e+04
9.832824e-01 8.928448e+05 -2.728299e+02 -3.220484e+03 1.695736e+03 1.980301e+04
9.895570e-01 8.874849e+05 1.157764e+03 -6.311913e+03 -5.856949e+02 5.906679e+03
9.958457e-01 8.852454e+05 -1.096856e+03 -7.919383e+03 -8.049760e+02 1.049857e+04
1.002136e+00 8.877891e+05 1.626664e+03 -2.615167e+03 1.651003e+03 8.410787e+03
1.008405e+00 8.860161e+05 -7.717321e+02 -3.364438e+03 1.638298e+03 9.759013e+03
1.014694e+00 8.870692e+05 7.479398e+02 -4.931084e+03 -5.649614e+02 7.005313e+03
1.020993e+00 8.835796e+05 -5.917030e+02 -6.707211e+03 -2.100804e+02 1.019937e+04
1.027274e+00 8.861382e+05 -9.946972e+02 2.482061e+03 -6.669593e+03 1.913711e+04
1.033561e+00 8.865214e+05 6.478011e+02 -7.658044e+03 7.284917e+03 1.341016e+04
1.039849e+00 8.898224e+05 -1.697298e+02 -1.341593e+04 -3.676067e+03 1.254226e+04
1.046127e+00 8.888989e+05 -1.706317e+03 -1.355829e+04 1.429424e+03 1.274373e+04
1.052404e+00 8.862625e+05 1.807759e+03 -8.760479e+03 -6.838707e+03 4.269236e+03
1.058681e+00 8.843402e+05 -2.067384e+03 -3.143653e+03 3.833743e+03 1.468643e+04
1.064964e+00 8.894265e+05 -1.754806e+02 8.284056e+03 2.571153e+03 1.444136e+04
1.071257e+00 8.880748e+05 9.179482e+02 -1.166621e+04 1.944405e+03 1.028139e+04
1.077544e+00 8.871334e+05 1.654523e+02 -8.545782e+03 -7.684562e+03 8.545114e+03
1.083826e+00 8.860871e+05 3.472565e+02 -5.761777e+02 1.822499e+02 6.392533e+03
1.090109e+00 8.847861e+05 7.865059e+01 3.353743e+03 1.830666e+03 1.301529e+02
1.096390e+00 8.871920e+05 1.112142e+03 3.060684e+03 1.846630e+03 3.952265e+03
1.102681e+00 8.840631e+05 4.849842e+01 -2.863749e+03 2.027351e+03 3.262881e+03
1.108963e+00 8.882071e+05 1.568165e+03 -9.521141e+03 -4.804505e+03 2.146903e+03
1.115226e+00 8.845264e+05 -7.844778e+01 -5.328059e+03 1.150073e+03 5.012533e+03
1.121502e+00 8.885071e+05 -1.292739e+03 -6.845009e+03 4.368891e+03 7.719238e+03
1.127793e+00 8.825306e+05 1.232656e+03 -1.134998e+04 -3.575674e+03 1.171489e+04
1.134090e+00 8.834824e+05 -1.092150e+03 -1.996988e+03 3.814957e+03 6.217732e+03
1.140364e+00 8.896206e+05 2.736491e+02 -6.872361e+03 -5.816157e+03 8.474454e+03
1.146639e+00 8.824319e+05 6.999294e+02 -1.579908e+03 9.449110e+02 9.889738e+03
1.152943e+00 8.832920e+05 -1.601820e+03 -1.628916e+03 3.339096e+03 7.095098e+03
1.159229e+00 8.864662e+05 -1.993791e+03 -4.871595e+01 -1.675688e+03 1.596766e+04
1.165509e+00 8.845903e+05 5.481573e+02 -2.714634e+03 7.393273e+03 9.581997e+03
1.171793e+00 8.874058e+05 -1.483488e+02 3.595125e+03 -3.961606e+03 1.510998e+04
1.178088e+00 8.864776e+05 9.683013e+02 -4.936756e+03 4.731364e+03 6.706522e+03
1.184368e+00 8.877544e+05 -6.998077e+02 -4.196673e+03 -3.203706e+03 6.198706e+03
1.190635e+00 8.848211e+05 5.589947e+02 3.880219e+03 -1.977953e+03 -2.322029e+02
1.196912e+00 8.855029e+05 -1.793435e+01 -2.008225e+03 7.306219e+02 4.424463e+02
1.203202e+00 8.864739e+05 7.469574e+01 -7.462208e+03 -9.622299e+02 5.124060e+03
1.209487e+00 8.892239e+05 7.547301e+02 -5.559757e+02 -8.284588e+02 4.005278e+03
1.215764e+00 8.855232e+05 -7.064475e+02 -3.308699e+03 1.720654e+03 3.824603e+03
1.222051e+00 8.873981e+05 4.845128e+02 -2.072278e+03 4.422123e+03 7.303605e+03
1.228341e+00 8.839058e+05 -2.686275e+02 -8.237122e+02 -2.565017e+03 6.164228e+03
1.234633e+00 8.825893e+05 -5.304479e+02 -4.295002e+03 -8.288643e+02 3.674271e+03
1.240903e+00 8.863389e+05 -1.433085e+02 -2.400747e+02 3.071156e+03 3.561018e+03
1.247175e+00 8.877214e+05 1.388876e+03 -1.697736e+03 -3.953574e+03 8.254818e+03
1.253466e+00 8.863859e+05 -9.433063e+02 -5.428871e+03 -1.403771e+02 7.679108e+03
1.259750e+00 8.848841e+05 -1.516075e+03 3.453325e+02 2.182631e+02 5.796406e+03
1.266032e+00 8.864592e+05 1.193032e+03 3.880513e+02 3.341974e+03 4.719004e+02
1.272317e+00 8.866256e+05 1.160243e+03 -7.436036e+02 2.274440e+03 2.131970e+03
1.278605e+00 8.849534e+05 -6.682788e+02 -3.190644e+02 -1.869655e+03 9.536503e+02
1.284887e+00 8.852631e+05 -4.255689e+02 -7.608516e+03 -1.339229e+03 -1.969038e+03
1.291176e+00 8.870526e+05 1.643461e+02 -2.673614e+02 -2.928258e+03 3.746138e+03
1.297466e+00 8.840689e+05 -7.118315e+02 -6.559449e+03 6.157008e+03 7.507523e+03
1.303742e+00 8.817671e+05 -2.530639e+01 -4.135504e+03 -8.566319e+02 1.281878e+03
1.310018e+00 8.863415e+05 1.039568e+03 6.922444e+03 1.074068e+03 4.013984e+03
1.316302e+00 8.870972e+05 3.713986e+02 1.079287e+03 -2.124138e+02 1.309462e+03
1.322587e+00 8.844598e+05 -1.843401e+03 -9.713414e+02 -2.035440e+03 2.179341e+03
1.328866e+00 8.856436e+05 1.806514e+03 -4.983974e+02 -3.059036e+03 5.332186e+03
1.335145e+00 8.912521e+05 2.625735e+02 -4.334228e+03 -2.688301e+03 2.044015e+03
1.341441e+00 8.857739e+05 -4.349638e+02 4.953456e+02 2.618116e+03 2.720242e+03
1.347731e+00 8.862479e+05 -9.332031e+02 -1.054665e+03 5.376879e+02 3.270647e+03
1.354002e+00 8.857639e+05 -4.351969e+02 -3.535189e+03 -1.045868e+03 7.987029e+03
1.360283e+00 8.864996e+05 2.872112e+02 -5.393738e+03 -1.583086e+03 6.643982e+03
1.366566e+00 8.866770e+05 9.220834e+01 -1.884135e+03 -1.408953e+03 -1.632649e+03
1.372852e+00 8.854769e+05 7.341545e+02 -3.590109e+03 3.384168e+03 3.648638e+03
1.379136e+00 8.817825e+05 -3.454164e+02 -7.978273e+02 -5.281911e+03 -1.315335e+03
1.385410e+00 8.844812e+05 -6.043923e+02 1.081322e+03 9.495225e+02 4.765659e+03
1.391699e+00 8.894612e+05 -1.013326e+03 -1.340338e+03 2.162678e+03 3.362567e+03
1.397985e+00 8.840780e+05 1.798869e+02 -3.669370e+03 3.697230e+02 4.833207e+03
1.404268e+00 8.863178e+05 -1.059094e+03 1.451230e+03 3.690101e+03 -8.481475e+02
1.410555e+00 8.876678e+05 -4.349111e+02 -5.834168e+03 -3.906152e+01 4.111082e+03
1.416838e+00 8.869462e+05 1.289207e+03 -2.184168e+02 1.806052e+03 8.464160e+03
1.423118e+00 8.873714e+05 -9.148768e+02 -1.013497e+03 -1.365512e+03 9.542791e+03
1.429398e+00 8.855149e+05 3.214754e+02 -4.422284e+03 -2.931159e+03 5.152546e+03
1.435687e+00 8.877532e+05 4.490827e+02 -1.407769e+02 1.379356e+01 7.264059e+01
1.441977e+00 8.864738e+05 5.126199e+02 2.335399e+03 1.464152e+03 -8.565208e+01
1.448254e+00 8.856698e+05 -7.833071e+02 -3.169776e+03 -4.759201e+02 1.139469e+04
1.454532e+00 8.852445e+05 4.979461e+02 -2.589197e+03 -2.457863e+03 4.285030e+03
1.460819e+00 8.836056e+05 1.179859e+03 1.400601e+03 6.808380e+02 3.703849e+03
1.467111e+00 8.850591e+05 -8.941015e+02 5.000050e+03 1.414832e+03 1.204161e+04
1.473393e+00 8.823072e+05 9.973144e+02 -4.494124e+03 -7.319674e+02 1.301906e+03
1.479670e+00 8.864202e+05 7.885203e+01 7.434215e+02 -1.401604e+02 -1.712987e+03
1.485956e+00 8.849952e+05 7.926589e+02 4.912766e+03 -9.686979e+02 -2.550765e+02
1.492234e+00 8.844741e+05 -1.035516e+03 4.092573e+03 1.842716e+03 3.210456e+03
1.498503e+00 8.858139e+05 -1.002378e+03 -1.962635e+03 2.065931e+03 6.444312e+03
1.504786e+00 8.871371e+05 -2.846506e+02 -1.398718e+03 -1.039931e+03 3.365190e+03
1.511076e+00 8.832472e+05 9.677465e+02 1.500617e+03 7.216486e+02 9.445831e+03
1.517362e+00 8.820920e+05 1.014476e+03 1.110661e+03 -2.068670e+03 5.783721e+03
1.523650e+00 8.857509e+05 -4.958311e+02 7.392782e+02 8.116510e+02 1.147646e+04
1.529939e+00 8.857127e+05 -8.880950e+02 -1.092929e+02 1.298604e+02 5.474840e+03
1.536230e+00 8.821184e+05 -1.149499e+03 1.915641e+03 -2.078383e+03 2.155751e+03
1.542511e+00 8.856349e+05 1.868218e+03 4.912565e+03 5.394336e+02 -3.926451e+03
1.548784e+00 8.856818e+05 5.247282e+02 -2.766050e+03 -1.167087e+03 4.408091e+02
1.555073e+00 8.859768e+05 -1.181759e+02 -1.931857e+03 1.162592e+03 -6.703289e+02
1.561357e+00 8.821256e+05 1.868539e+02 5.443233e+02 7.319691e+01 2.630176e+03
1.567629e+00 8.855032e+05 5.303880e+02 1.570339e+03 -7.049345e+02 -6.084656e+02
1.573914e+00 8.832637e+05 -1.430469e+03 4.208662e+02 -6.054466e+02 1.334440e+03
1.580204e+00 8.833128e+05 -8.537544e+02 -4.351805e+03 5.435517e+03 5.678283e+03
1.586486e+00 8.831678e+05 -3.168954e+02 1.266996e+03 -9.907750e+02 9.326313e+03
1.592760e+00 8.802160e+05 -7.486954e+01 -8.652197e+03 -3.139561e+03 3.578641e+03
1.599047e+00 8.855858e+05 -3.841572e+01 -5.825605e+03 4.028124e+03 3.595373e+03
1.605342e+00 8.852949e+05 -7.427691e+02 -4.666307e+02 -1.955914e+03 5.575161e+03
1.611620e+00 8.848905e+05 -9.017282e+02 2.315645e+03 2.695358e+03 1.984107e+03
1.617898e+00 8.821434e+05 -8.162400e+01 5.010832e+01 1.965930e+03 3.951173e+03
1.624183e+00 8.832862e+05 7.462899e+02 1.606763e+03 -3.258273e+03 4.122904e+03
1.630465e+00 8.845455e+05 4.078094e+02 4.171130e+03 3.957263e+02 5.573370e+03
1.636749e+00 8.849129e+05 8.747749e+02 -1.287031e+03 -9.110446e+02 3.848099e+03
1.643031e+00 8.860750e+05 -2.280388e+03 -3.547904e+03 1.177863e+03 2.458374e+02
1.649309e+00 8.827201e+05 6.224669e+02 2.040177e+03 -2.210708e+03 -2.910355e+03
1.655594e+00 8.852618e+05 -4.873831e+02 -3.152803e+02 5.528534e+02 2.260041e+03
1.661880e+00 8.858732e+05 1.016165e+03 -3.246943e-01 1.268352e+03 -1.320013e+03
1.668169e+00 8.867296e+05 1.750269e+03 2.224196e+03 -6.959562e+02 -1.230624e+03
1.674450e+00 8.841008e+05 5.730521e+02 1.245766e+03 -5.377980e+03 -3.147170e+03
1.680723e+00 8.852508e+05 -4.186670e+02 7.021353e+02 2.999850e+03 -4.394706e+03
1.687014e+00 8.841933e+05 -2.124045e+02 -4.629712e+03 2.471403e+03 -4.783256e+02
1.693309e+00 8.836483e+05 7.685831e+01 -1.286923e+03 -2.308754e+01 -8.468999e+02
1.699582e+00 8.860922e+05 -9.760476e+02 -3.805788e+03 1.171925e+03 1.582930e+02
1.705864e+00 8.835090e+05 -1.561414e+03 -3.365562e+03 -1.454989e+03 -3.927747e+03
1.712155e+00 8.821338e+05 1.458456e+03 -6.150983e+02 -6.008622e+02 1.398725e+03
1.718439e+00 8.831769e+05 -1.238919e+01 6.008512e+03 1.086659e+03 -1.083623e+03
1.724721e+00 8.833744e+05 3.462599e+02 1.829784e+03 2.501697e+03 3.569632e+03
1.730998e+00 8.870126e+05 1.896945e+02 3.026480e+03 -1.808007e+03 2.326728e+03
1.737287e+00 8.864897e+05 -2.558690e+02 -5.505630e+03 -8.257297e+02 1.875380e+03
1.743568e+00 8.856742e+05 3.227610e+02 2.045793e+03 -2.750550e+03 3.277887e+02
1.749841e+00 8.832711e+05 -6.479457e+02 2.394084e+03 2.559206e+03 1.242415e+03
1.756129e+00 8.845876e+05 -1.309410e+02 1.966137e+03 -2.575940e+03 4.110970e+03
1.762414e+00 8.855252e+05 -1.265141e+02 4.139594e+02 -8.742001e+02 -2.171129e+03
1.768696e+00 8.850306e+05 -1.508348e+03 -2.206168e+03 3.167029e+03 -4.721504e+03
1.774979e+00 8.846559e+05 -5.164563e+02 -1.916758e+02 6.463967e+02 4.179166e+01
1.781266e+00 8.819165e+05 3.678732e+02 1.405127e+03 -3.428291e+03 3.807414e+03
1.787550e+00 8.859102e+05 -1.101915e+02 2.625430e+03 8.548444e+02 3.104360e+03
1.793834e+00 8.835994e+05 -7.408986e+02 -3.408845e+03 -1.594354e+03 2.446681e+03
1.800115e+00 8.841858e+05 3.061704e+02 -2.030247e+02 -1.055097e+03 -1.663470e+03
1.806394e+00 8.843725e+05 -7.595998e+01 7.466021e+02 3.613699e+03 -4.547383e+02
1.812674e+00 8.846776e+05 9.212401e+02 2.740177e+02 -2.272409e+03 5.114907e+03
1.818957e+00 8.847739e+05 6.082877e+02 -1.199839e+03 9.865526e+02 -1.458479e+03
1.825244e+00 8.841434e+05 1.067568e+03 -3.135689e+03 1.552991e+03 -3.299841e+03
1.831527e+00 8.848952e+05 -7.072831e+02 1.141478e+03 -1.230907e+03 2.024184e+03
1.837811e+00 8.844419e+05 -4.275703e+02 3.176508e+03 1.201997e+03 5.512385e+03
1.844101e+00 8.858504e+05 -2.032626e+02 -1.717447e+01 -3.987362e+03 2.793606e+03
1.850385e+00 8.862410e+05 2.248661e+02 -2.935948e+03 1.907887e+03 -5.965837e+02
1.856666e+00 8.862974e+05 -2.680400e+02 -5.687656e+03 -9.859573e+02 5.683678e+03
1.862948e+00 8.851591e+05 9.271801e+02 -1.398735e+03 2.148319e+03 3.739644e+02
1.869229e+00 8.834608e+05 2.756532e+02 3.378191e+03 -1.254930e+03 2.930667e+03
1.875518e+00 8.834005e+05 -8.021821e+02 -1.018241e+03 -1.135229e+03 9.712635e+02
1.881801e+00 8.851422e+05 -2.582438e+02 -1.929466e+03 4.065903e+03 -2.390100e+03
1.888079e+00 8.847794e+05 1.071193e+03 -8.009441e+03 -1.122748e+03 5.359791e+03
1.894354e+00 8.870158e+05 -6.928504e+02 -8.374261e+02 -1.899563e+03 -1.869567e+02
1.900643e+00 8.834510e+05 -4.613211e+02 -5.120280e+03 5.625888e+02 -1.592844e+03
1.906934e+00 8.840466e+05 -1.408643e+02 -1.242295e+03 1.295397e+03 -2.461856e+03
1.913208e+00 8.841311e+05 -3.315719e+02 7.835439e+02 2.225677e+03 3.684387e+03
1.919491e+00 8.829207e+05 -3.827961e+02 3.043540e+03 -3.460501e+03 -1.840928e+03
1.925777e+00 8.825692e+05 -2.772310e+02 -4.549098e+03 2.211411e+03 4.580347e+03
1.932065e+00 8.847473e+05 -8.947352e+00 -1.731357e+02 -1.952706e+02 2.015757e+03
1.938343e+00 8.848432e+05 6.712276e+02 -1.324663e+03 8.579302e+02 3.013874e+03
1.944619e+00 8.849669e+05 9.433438e+02 4.590529e+02 -4.378246e+03 -2.759104e+03
1.950906e+00 8.850274e+05 -6.609337e+02 1.739027e+02 2.007703e+03 -3.632975e+03
1.957195e+00 8.851255e+05 1.547765e+02 1.434305e+03 3.698248e+03 6.309267e+02
1.963480e+00 8.848824e+05 -9.559800e+02 -7.123181e+02 4.031504e+02 5.955891e+03
1.969761e+00 8.833928e+05 3.667349e+02 2.461975e+03 -1.945031e+03 2.746734e+03
1.976049e+00 8.834024e+05 -6.119262e+02 3.090061e+03 1.094440e+02 -2.760597e+03
1.982338e+00 8.846642e+05 -5.224004e+01 8.326974e+02 -2.698820e+02 1.934120e+03
1.988618e+00 8.863518e+05 9.338159e+02 -1.293406e+03 -1.116931e+03 2.128355e+01
1.994896e+00 8.852618e+05 -1.201379e+03 -7.672827e+02 2.302885e+03 2.272820e+03
2.001180e+00 8.849786e+05 2.873327e+02 -2.790366e+03 5.578364e+02 -3.285967e+02
2.007460e+00 8.826413e+05 1.059492e+03 -3.213166e+03 -2.849619e+02 -4.428173e+03
2.013738e+00 8.829086e+05 -8.904492e+02 -4.974176e+03 -4.848939e+02 -6.685403e+02
2.020017e+00 8.861231e+05 -4.341388e+02 -1.196146e+03 -9.418655e+02 -3.954403e+03
2.026310e+00 8.864076e+05 4.270284e+02 -2.431832e+03 1.353745e+03 -1.724521e+03
2.032601e+00 8.862817e+05 5.425596e+02 -1.226455e+03 7.242662e+01 9.385475e+01
2.038874e+00 8.808019e+05 -5.423535e+02 1.531166e+03 9.132800e+02 -1.378724e+03
2.045154e+00 8.825454e+05 -6.919767e+02 -1.331377e+03 3.872976e+02 -2.929812e+02
2.051445e+00 8.843316e+05 -1.381900e+02 -3.197156e+03 1.603684e+03 3.804896e+02
2.057731e+00 8.844248e+05 -9.398673e+01 3.000484e+01 -1.228841e+03 -1.011702e+02
2.064014e+00 8.845155e+05 6.802231e+02 3.154833e+02 -8.645714e+02 1.744921e+03
2.070301e+00 8.831344e+05 -2.165046e+02 -3.320923e+03 -1.284191e+02 -1.731496e+03
2.076590e+00 8.844502e+05 -2.474771e+02 2.949802e+03 -1.111372e+02 -1.675857e+03
2.082866e+00 8.842644e+05 7.971202e+02 3.000966e+03 -1.788774e+03 -9.577666e+02
2.089135e+00 8.845008e+05 6.436968e+02 4.598617e+02 1.752931e+03 -7.751866e+02
2.095424e+00 8.830483e+05 4.100187e+01 3.555089e+03 -9.573982e+02 2.550236e+03
2.101708e+00 8.851649e+05 -8.235703e+02 -1.307667e+03 5.757731e+02 2.991719e+03
2.107987e+00 8.850672e+05 3.077116e+02 -2.199472e+03 1.909547e+02 6.080793e+03
2.114272e+00 8.877751e+05 -1.369592e+01 -2.024760e+03 -2.618897e+02 -6.923772e+02
2.120553e+00 8.849565e+05 1.020883e+03 -6.446551e+01 -2.514679e+02 1.534082e+03
2.126837e+00 8.857568e+05 -5.846489e+02 -2.196096e+03 2.004535e+03 -4.260071e+03
2.133122e+00 8.841573e+05 -5.274854e+02 -6.833467e+02 -5.293503e+02 8.813842e+02
2.139412e+00 8.863637e+05 9.309063e+01 2.959070e+02 -5.318186e+03 -3.786593e+03
2.145697e+00 8.840431e+05 -2.761481e+02 2.659318e+03 4.300848e+03 -2.667620e+03
2.151974e+00 8.845342e+05 7.431777e+01 8.080751e+02 8.761840e+02 -3.396441e+03
2.158260e+00 8.844718e+05 2.137789e+02 -2.025464e+03 2.324712e+03 -8.778945e+02
2.164546e+00 8.840279e+05 8.404347e+01 -4.443437e+03 -2.859822e+02 -2.779260e+03
2.170831e+00 8.836758e+05 3.303389e+02 -2.177629e+03 9.602982e+01 5.005663e+02
2.177115e+00 8.843251e+05 -8.230620e+02 -3.830084e+03 3.885321e+02 -1.912728e+03
2.183388e+00 8.822174e+05 1.385234e+02 -2.833296e+03 2.153232e+03 2.268131e+03
2.189670e+00 8.837287e+05 4.439376e+01 -2.351680e+03 -1.126179e+03 4.057687e+03
2.195960e+00 8.842179e+05 -1.520529e+02 -5.503469e+03 9.995046e+01 7.964115e+02
2.202243e+00 8.849138e+05 1.468479e+02 -8.732824e+02 -4.122417e+02 4.145332e+03
2.208522e+00 8.831974e+05 -1.447149e+03 -2.776881e+02 -5.110645e+02 2.889514e+03
2.214805e+00 8.851939e+05 3.766208e+02 -1.864444e+03 -6.390879e+01 5.063727e+02
2.221093e+00 8.830489e+05 8.686783e+02 8.848877e+02 -1.334297e+00 2.573629e+03
2.227373e+00 8.853565e+05 -5.843074e+02 -2.762297e+03 5.567028e+02 -4.816396e+02
2.233657e+00 8.861616e+05 9.114921e+01 -7.876273e+02 -1.951221e+03 2.368989e+03
2.239944e+00 8.857618e+05 -1.078053e+03 3.231940e+02 -1.250562e+03 -2.553918e+03
2.246224e+00 8.841001e+05 9.150453e+02 1.063153e+03 1.570223e+03 6.274951e+01
2.252507e+00 8.851378e+05 -5.568137e+02 7.198710e+02 -5.652885e+02 2.100672e+03
2.258784e+00 8.853571e+05 1.280830e+02 4.416635e+02 7.813229e+02 3.786044e+03
2.265069e+00 8.840319e+05 1.341568e+02 1.035114e+03 -1.137733e+02 -1.290285e+03
2.271351e+00 8.817577e+05 5.273217e+02 2.039281e+03 -5.635334e+02 -1.248247e+03
2.277634e+00 8.814222e+05 -2.343395e+02 -1.859496e+03 1.993640e+02 -3.627377e+03
2.283923e+00 8.838872e+05 2.813715e+02 -1.048541e+03 -4.118165e+02 -8.708173e+01
2.290203e+00 8.830304e+05 -5.758816e+02 3.269613e+02 6.056552e+02 1.652857e+03
2.296491e+00 8.869426e+05 2.798602e+02 1.209461e+03 -1.438489e+03 2.328526e+03
2.302772e+00 8.844238e+05 2.845824e+02 3.154118e+03 3.486388e+02 1.964958e+03
2.309052e+00 8.839017e+05 -2.450728e+02 -1.452483e+03 7.772872e+02 -1.010813e+03
2.315339e+00 8.844698e+05 2.765349e+02 -4.114415e+01 1.269260e+03 3.591119e+00
2.321628e+00 8.854041e+05 -8.607145e+02 -2.191956e+03 2.274586e+03 -5.729536e+02
2.327912e+00 8.853361e+05 4.404031e+02 -2.534896e+03 -3.615878e+02 -2.581941e+03
2.334187e+00 8.852483e+05 8.363351e+02 -1.205165e+03 -4.076413e+03 -2.608884e+03
2.340468e+00 8.855970e+05 -2.286029e+02 -2.756142e+03 2.547114e+03 1.491113e+03
2.346757e+00 8.866338e+05 6.301664e+02 -3.329050e+03 -2.431892e+03 1.658289e+03
2.353045e+00 8.836009e+05 -4.303647e+02 -4.043092e+03 5.677313e+02 -8.995999e+02
2.359328e+00 8.853769e+05 2.084076e+02 -6.653552e+02 -7.149497e+02 2.677385e+02
2.365603e+00 8.833309e+05 2.800640e+01 -4.885601e+02 5.108194e+02 1.925375e+03
2.371886e+00 8.849024e+05 4.887975e+02 -2.227573e+02 -9.312264e+02 1.708680e+03
2.378173e+00 8.848482e+05 -9.259108e+02 7.296234e+02 3.549059e+03 2.321036e+03
2.384454e+00 8.853154e+05 -2.912374e+02 2.102574e+03 -3.052214e+03 1.205112e+03
2.390737e+00 8.859106e+05 6.007386e+02 -1.457110e+03 1.035078e+03 1.003449e+03
2.397014e+00 8.860219e+05 -4.775287e+02 -1.703474e+03 -1.428212e+03 -1.149430e+02
2.403296e+00 8.835943e+05 1.835098e+02 3.626930e+03 2.040478e+03 3.403511e+03
2.409585e+00 8.857698e+05 2.206853e+02 2.555016e+03 -8.270165e+02 3.143204e+03
2.415872e+00 8.854203e+05 -1.166640e+02 8.559713e+02 -1.145226e+03 1.869603e+03
2.422161e+00 8.848792e+05 -4.702092e+02 7.082523e+02 1.627383e+02 1.938295e+03
2.428441e+00 8.840614e+05 -4.045943e+02 -1.888537e+03 6.042334e+02 2.142852e+03
2.434718e+00 8.833509e+05 -1.716340e+02 -7.884279e+02 5.959319e+02 5.421902e+03
2.441003e+00 8.840286e+05 8.542803e+02 1.255414e+03 1.013550e+03 -2.126988e+03
2.447290e+00 8.850419e+05 1.345384e+02 -1.994543e+03 -8.857805e+02 6.178744e+02
2.453572e+00 8.844187e+05 -4.631626e+02 1.491407e+03 -4.306421e+01 -6.944758e+03
2.459853e+00 8.840543e+05 -5.817374e+01 4.299110e+02 1.075013e+03 1.475643e+03
2.466140e+00 8.849044e+05 -3.041651e+02 1.026743e+03 1.377835e+01 4.653047e+03
2.472422e+00 8.834290e+05 1.184050e+03 -1.884024e+03 -1.245792e+03 4.920977e+02
2.478699e+00 8.822718e+05 -1.370568e+01 -1.670695e+02 8.335208e+02 1.304257e+03
2.484981e+00 8.842586e+05 -1.530112e+02 2.246855e+03 2.838391e+02 1.517292e+03
2.491270e+00 8.855028e+05 -4.320871e+02 -4.952334e+03 8.358438e+02 -2.044621e+03
2.497549e+00 8.825542e+05 -1.907875e+02 -2.024887e+03 -1.859029e+03 -7.936425e+02
2.503832e+00 8.840712e+05 -5.558443e+02 -4.833988e+02 -4.208161e+02 3.438698e+02
2.510118e+00 8.842443e+05 -9.634612e+02 -1.217639e+03 6.141646e+02 -4.451106e+01
2.516401e+00 8.846385e+05 -1.672408e+02 -1.060411e+02 1.320256e+03 2.267445e+03
2.522688e+00 8.858508e+05 7.205397e+02 -7.487704e+02 -2.662085e+03 7.713228e+03
2.528972e+00 8.835941e+05 -3.000459e+02 2.351305e+03 3.945173e+02 -1.244458e+03
2.535252e+00 8.846229e+05 -1.633789e+02 -2.062763e+03 7.097031e+02 1.846022e+03
2.541538e+00 8.835962e+05 -1.186751e+03 -8.866319e+02 -1.910316e+03 2.230644e+03
2.547823e+00 8.844594e+05 8.448608e+02 1.357947e+03 1.582464e+03 -2.691722e+03
2.554101e+00 8.850024e+05 4.774673e+01 2.677607e+02 -1.189434e+03 6.510365e+02
2.560377e+00 8.850486e+05 5.080806e+02 -7.363472e+02 -8.692184e+02 -2.378757e+03
2.566668e+00 8.851154e+05 -7.619767e+02 4.087991e+03 1.765158e+03 2.723110e+03
2.572955e+00 8.838448e+05 2.969896e+02 -1.452590e+03 -1.088587e+03 2.037094e+03
2.579234e+00 8.849312e+05 -2.393530e+02 3.567361e+03 -9.032526e+02 9.700037e+02
2.585521e+00 8.823219e+05 6.032877e+02 1.064824e+03 3.150268e+03 3.317112e+03
2.591805e+00 8.854226e+05 -2.383215e+02 7.686608e+02 -2.085648e+03 1.158334e+03
2.598084e+00 8.849551e+05 -3.609541e+02 -1.002015e+03 1.389549e+03 2.663485e+03
2.604361e+00 8.851831e+05 3.007959e+02 -3.376110e+03 -1.158993e+03 -4.084471e+02
2.610647e+00 8.842975e+05 -5.094585e+02 1.013781e+03 -9.293135e+02 1.165675e+03
2.616932e+00 8.830039e+05 -6.669022e+00 3.791481e+03 1.947498e+03 -1.546051e+03
2.623206e+00 8.827989e+05 -3.381559e+02 -1.276413e+03 1.058844e+03 1.299357e+03
2.629492e+00 8.829461e+05 6.911741e+02 -3.555542e+03 8.153301e+01 3.371722e+03
2.635779e+00 8.845098e+05 -8.219028e+01 -1.623539e+03 3.783854e+01 3.965599e+02
2.642061e+00 8.843892e+05 -2.966462e+02 -5.890569e+02 9.898039e+02 -1.548957e+03
2.648344e+00 8.835218e+05 1.345392e+01 2.164576e+02 -1.047709e+03 -2.236308e+03
2.654632e+00 8.852634e+05 6.321457e+02 -1.041162e+03 1.563908e+03 -1.802223e+03
2.660919e+00 8.850152e+05 -1.236009e+02 -5.954348e+02 1.172077e+03 3.392142e+01
2.667199e+00 8.857842e+05 -1.088168e+02 -3.025348e+02 -3.809657e+03 6.247315e+02
2.673485e+00 8.839509e+05 -5.774244e+02 1.403299e+03 -7.010823e+02 4.097715e+02
2.679774e+00 8.858521e+05 -4.664889e+02 1.709712e+03 1.238350e+03 8.784606e+02
2.686058e+00 8.845216e+05 -4.261904e+01 2.902538e+03 1.188578e+03 5.473231e+03
2.692339e+00 8.832338e+05 9.230907e+02 1.306770e+03 -1.394283e+03 3.714603e+03
2.698618e+00 8.825265e+05 -7.393376e+02 3.237445e+03 1.573796e+03 2.671833e+03
2.704896e+00 8.847516e+05 6.110394e+02 -6.720181e+01 -4.238502e+02 -2.876002e+02
2.711176e+00 8.838071e+05 -6.150419e+02 3.328076e+03 -1.020966e+03 -9.721201e+02
2.717460e+00 8.853559e+05 -2.594546e+02 1.551507e+02 8.634229e+01 2.668837e+03
2.723746e+00 8.845839e+05 4.692261e+02 -1.063691e+03 -6.829422e+01 4.436327e+03
2.730039e+00 8.846522e+05 -1.787253e+02 2.802155e+02 -7.505668e+02 -2.130425e+03
2.736319e+00 8.858228e+05 -1.490225e+02 -2.630897e+03 1.501952e+03 -1.492362e+03
2.742592e+00 8.852285e+05 3.885238e+02 5.383560e+02 5.864952e+02 3.268635e+03
2.748880e+00 8.843012e+05 1.599012e+02 -1.584896e+03 2.738829e+01 4.865696e+03
2.755164e+00 8.850097e+05 2.345864e+02 -2.659715e+03 -2.426279e+00 -2.240168e+03
2.761447e+00 8.850151e+05 -6.263167e+02 2.657339e+03 4.447339e+02 4.937855e+03
2.767733e+00 8.835371e+05 -7.339789e+01 2.626050e+03 1.804130e+02 2.131985e+03
2.774016e+00 8.842087e+05 9.988644e+01 2.229534e+03 -6.751951e+02 3.435179e+03
2.780299e+00 8.852451e+05 -7.016412e+02 -1.625752e+03 -1.511921e+03 1.527330e+03
2.786578e+00 8.839401e+05 3.620308e+02 -3.352482e+02 -4.574455e+02 -5.141943e+02
2.792858e+00 8.851711e+05 4.023736e+02 -4.388575e+02 3.693298e+02 -3.846041e+02
2.799144e+00 8.844030e+05 -1.429560e+02 -2.796142e+03 1.461365e+03 3.825949e+03
2.805430e+00 8.849458e+05 2.351767e+01 3.971592e+02 -2.351768e+03 3.244138e+03
2.811715e+00 8.843940e+05 -8.303568e+01 -8.022449e+02 -3.102376e+02 -4.729432e+02
2.817989e+00 8.849435e+05 -3.231922e+02 -3.913622e+02 1.696416e+03 9.185274e+02
2.824269e+00 8.840982e+05 -1.042899e+03 -2.332123e+03 -6.330746e+02 3.578513e+03
2.830563e+00 8.849477e+05 5.732827e+02 -6.951238e+02 -1.327249e+03 -8.738609e+01
2.836849e+00 8.829934e+05 -5.692790e+02 -1.979621e+03 2.689715e+03 -1.371964e+02
2.843130e+00 8.844445e+05 3.361572e+02 -2.446554e+03 -1.155174e+03 -7.856626e+01
2.849414e+00 8.838761e+05 1.113415e+02 -4.294819e+02 1.064859e+03 -2.697462e+03
2.855698e+00 8.841334e+05 -1.046153e+02 2.823462e+03 -2.908942e+03 -2.371828e+03
2.861979e+00 8.849712e+05 1.056505e+02 5.038761e+02 5.351452e+02 -3.434827e+03
2.868263e+00 8.846138e+05 -3.321261e+02 1.197461e+03 -5.634067e+02 -1.664579e+02
2.874548e+00 8.837004e+05 4.851802e+02 -5.097610e+02 1.946178e+03 1.028134e+03
2.880831e+00 8.834398e+05 -5.452546e+02 3.835399e+03 1.299506e+03 2.714882e+03
2.887114e+00 8.842301e+05 -1.671337e+01 3.095535e+03 -1.618977e+03 2.401537e+03
2.893395e+00 8.841652e+05 -1.309517e+02 -1.006831e+03 2.948540e+03 -5.448932e+01
2.899674e+00 8.845171e+05 -1.748880e+02 -1.897902e+03 -2.853210e+03 4.946194e+03
2.905954e+00 8.828549e+05 5.409314e+02 -6.791540e+02 1.033134e+03 4.653542e+03
2.912241e+00 8.844583e+05 -1.343465e+02 1.963511e+03 -1.250723e+03 3.690761e+03
2.918527e+00 8.839041e+05 6.455182e+02 1.402664e+03 -1.422169e+03 9.719498e+02
2.924810e+00 8.830400e+05 -5.133280e+02 1.804522e+03 1.895106e+03 -2.385676e+03
2.931096e+00 8.835803e+05 -7.364310e+02 -2.656767e+03 -2.963080e+02 -1.210759e+03
2.937378e+00 8.835139e+05 5.268537e+02 -4.048674e+03 -9.014700e+02 3.514395e+02
2.943660e+00 8.844797e+05 -1.458467e+02 -2.638271e+03 2.464663e+03 1.459748e+03
2.949947e+00 8.833222e+05 -5.509236e+02 -2.435797e+03 2.392812e+02 2.892137e+03
2.956228e+00 8.837775e+05 -1.548792e+02 -1.137582e+03 -2.106467e+03 -1.968118e+03
2.962511e+00 8.851563e+05 -2.381947e+01 -5.449791e+02 1.051646e+03 -8.268174e+02
2.968797e+00 8.846572e+05 -2.782266e+02 1.857429e+03 -8.169744e+02 1.381990e+03
2.975078e+00 8.831218e+05 4.670931e+02 -1.973974e+02 -4.080410e+02 3.592214e+02
2.981360e+00 8.842468e+05 -2.342163e+02 3.248696e+02 1.385438e+03 4.271957e+03
2.987647e+00 8.852082e+05 8.522892e+02 1.793329e+02 -6.848205e+02 -1.223717e+03
2.993930e+00 8.841387e+05 -8.067007e+02 1.470858e+02 2.751164e+03 -1.940870e+02
3.000207e+00 8.844519e+05 -1.983338e+02 -1.107584e+02 -3.848958e+02 2.828365e+02
3.006486e+00 8.845381e+05 -5.568392e+02 -1.879846e+03 -3.718596e+02 1.331841e+03
3.012770e+00 8.850287e+05 7.124268e+02 -4.983205e+02 -1.096823e+03 2.571086e+02
3.019053e+00 8.845781e+05 5.525629e+02 3.443098e+03 1.387733e+02 1.304173e+03
3.025338e+00 8.845311e+05 -5.798004e+02 1.181985e+03 1.213397e+02 3.543282e+03
3.031624e+00 8.849302e+05 2.150515e+01 -8.319568e+02 -6.730526e+02 1.585847e+03
3.037909e+00 8.836354e+05 2.794993e+02 -1.086428e+02 1.032500e+03 4.216181e+02
3.044195e+00 8.838211e+05 -9.495389e+02 2.947568e+02 6.938788e+02 1.968286e+03
3.050476e+00 8.854825e+05 5.254532e+01 -7.154157e+02 5.774484e+02 3.585303e+03
3.056755e+00 8.846152e+05 -3.563844e+02 -4.861834e+02 -1.888091e+03 2.872834e+03
3.063041e+00 8.852371e+05 -2.508312e+01 -1.921047e+03 -1.539251e+02 8.220702e+00
3.069324e+00 8.857966e+05 4.913990e+02 3.624717e+02 2.295530e+02 -8.623743e+02
3.075611e+00 8.847221e+05 -3.573700e+02 1.045351e+03 9.833646e+02 3.656938e+03
3.081894e+00 8.854978e+05 5.658444e+02 2.836122e+03 6.498875e+02 1.969697e+03
3.088175e+00 8.845514e+05 6.476346e+02 -8.226562e+02 -1.355255e+02 3.249984e+02
3.094459e+00 8.853178e+05 3.193755e+02 1.943097e+03 -1.320416e+03 -1.100451e+03
3.100744e+00 8.853947e+05 -2.148023e+02 1.276387e+03 1.596485e+03 7.635862e+02
3.107028e+00 8.848434e+05 -1.245787e+03 -5.588961e+02 -7.664435e+02 2.525780e+02
3.113310e+00 8.852142e+05 1.084418e+03 -3.088327e+03 -9.207661e+02 -1.061767e+03
3.119591e+00 8.845698e+05 6.497511e+01 -5.882462e+02 -1.457222e+03 2.363178e+02
3.125874e+00 8.835748e+05 -2.410601e+02 -1.982074e+03 7.796449e+02 -2.433730e+03
3.132159e+00 8.843794e+05 5.377866e+02 3.038579e+03 7.804758e+02 -8.824296e+02
3.138439e+00 8.841899e+05 5.057145e+02 2.378790e+03 1.253924e+03 -4.432268e+03
3.144724e+00 8.849634e+05 -3.163607e+02 2.102869e+03 6.348636e+02 1.037538e+03
3.151004e+00 8.855824e+05 -4.594950e+02 -4.673616e+01 -6.897066e+02 -3.859427e+02
3.157284e+00 8.845337e+05 -9.365279e+01 2.227584e+03 -2.859105e+02 -4.222694e+02
3.163570e+00 8.851393e+05 -5.643388e+02 -1.713590e+03 9.066288e+02 9.325739e+02
3.169852e+00 8.835545e+05 3.015359e+02 6.996671e+01 -7.291240e+02 1.829878e+03
3.176138e+00 8.844292e+05 -3.061878e+02 2.324101e+02 1.334243e+03 -5.383331e+01
3.182421e+00 8.842518e+05 -4.945478e+02 -2.687541e+03 2.174882e+02 -5.049832e+02
3.188703e+00 8.848151e+05 -1.260601e+01 1.891482e+01 -5.948321e+02 1.074473e+03
3.194991e+00 8.843184e+05 -3.745096e+02 -1.841779e+03 -8.840487e+02 -1.256852e+03
3.201276e+00 8.844894e+05 2.354673e+02 -2.614695e+02 1.130119e+02 -2.350696e+03
3.207552e+00 8.847722e+05 8.073596e+01 1.287866e+03 -5.155329e+02 7.090811e+02
3.213835e+00 8.837077e+05 -3.198550e+02 2.353091e+03 1.007101e+02 7.303173e+02
