# k, q0, q1/i, q2, q3/i, q4, norm, alpha = 0.2755865845459939, 0.020160886971027085
0.000000e+00 1.239704e+10 0.000000e+00 0.000000e+00 0.000000e+00 -4.146199e+09
8.899642e-03 1.962440e+08 -2.148741e+07 2.704467e+08 7.869924e+08 -5.716757e+08
1.507912e-02 1.546864e+07 5.227026e+06 1.462144e+07 2.865298e+07 1.739483e+07
2.144790e-02 1.701898e+06 -1.557578e+06 6.638428e+05 -1.277987e+05 2.587378e+06
2.783661e-02 8.847194e+05 -4.668561e+05 1.803182e+06 1.220053e+05 2.890273e+06
3.435100e-02 2.698436e+05 -1.249264e+05 3.907128e+05 2.651046e+05 3.088349e+05
4.047887e-02 2.101477e+05 -1.734889e+05 4.506235e+05 -2.093675e+05 5.668351e+05
4.676717e-02 1.220478e+05 -2.054366e+04 2.323092e+05 9.991302e+04 1.807720e+05
5.308226e-02 6.028950e+04 -4.486646e+04 6.526387e+04 -6.333844e+04 2.521175e+04
5.945363e-02 5.439743e+04 -1.651545e+04 9.971505e+04 -1.029726e+02 1.061197e+05
6.576225e-02 2.895493e+04 -6.807594e+03 2.463906e+04 5.253960e+03 1.076603e+04
7.196633e-02 2.692288e+04 -1.068171e+04 4.237469e+04 -1.610171e+04 5.553534e+04
7.827861e-02 1.883709e+04 1.804546e+03 2.244392e+04 1.281166e+04 3.420068e+04
8.470400e-02 1.254101e+04 -2.460328e+03 8.341850e+03 -7.949551e+03 1.876197e+04
9.096855e-02 1.298049e+04 8.737890e+02 2.131529e+04 5.062001e+03 3.489489e+04
9.720791e-02 7.082852e+03 2.577184e+02 2.251933e+03 -2.038240e+01 8.859254e+03
1.034763e-01 7.940218e+03 -8.872751e+02 1.092821e+04 -2.122657e+03 2.300942e+04
1.097577e-01 5.185984e+03 1.134531e+03 3.068952e+03 3.805823e+03 1.015619e+04
1.160543e-01 4.713258e+03 -1.075201e+03 2.456062e+03 -2.824040e+03 1.006188e+04
1.223670e-01 4.629166e+03 7.431123e+02 4.022808e+03 3.073942e+03 1.156315e+04
1.287014e-01 3.133388e+03 -5.293150e+02 -1.758842e+01 -7.951946e+02 4.219700e+03
1.349669e-01 3.325413e+03 -1.096113e+02 2.344824e+03 2.405241e+02 7.343980e+03
1.411950e-01 2.522741e+03 4.022308e+01 9.932163e+01 1.037856e+03 3.301002e+03
1.475134e-01 2.755273e+03 -5.993936e+02 1.632889e+03 -8.042241e+02 5.007276e+03
1.537865e-01 2.493934e+03 5.726708e+01 1.156573e+03 1.097299e+03 3.620148e+03
1.600658e-01 2.025728e+03 -3.419409e+02 5.495914e+02 -7.862148e+02 2.269930e+03
1.663991e-01 2.098321e+03 4.040967e+01 1.135660e+03 4.312129e+02 3.046752e+03
1.727196e-01 1.745312e+03 -1.174662e+02 -1.000867e+02 -2.086957e+02 9.892699e+02
1.789765e-01 1.721987e+03 -7.412829e+01 4.083862e+02 -2.648878e+02 1.531834e+03
1.852354e-01 1.580680e+03 8.133733e+01 3.920450e+02 2.829590e+02 1.157578e+03
1.914807e-01 1.502566e+03 -1.000812e+02 1.912162e+02 -2.819070e+02 8.144236e+02
1.977890e-01 1.677259e+03 1.053242e+02 1.008226e+03 2.718034e+02 2.174989e+03
2.040938e-01 1.414096e+03 -4.889104e+01 7.501936e+01 -1.756730e+02 6.270682e+02
2.103939e-01 1.518750e+03 2.506102e+01 6.590056e+02 -7.478591e+01 1.743350e+03
2.166910e-01 1.312390e+03 2.453802e+01 -6.083134e+00 7.829973e+01 6.569432e+02
2.229700e-01 1.295343e+03 -3.768093e+01 9.087930e+01 -7.848875e+01 8.064612e+02
2.292620e-01 1.420746e+03 8.321932e+01 5.784627e+02 2.780516e+02 1.653461e+03
2.355142e-01 1.251317e+03 -5.315147e+01 9.894888e+01 -2.476962e+02 7.280021e+02
2.417911e-01 1.259733e+03 1.971616e+01 1.613272e+02 4.211403e+00 7.433133e+02
2.480857e-01 1.176233e+03 2.620958e+01 -3.568135e+01 9.765073e+01 3.133462e+02
2.543492e-01 1.198983e+03 -2.271328e+01 2.092237e+02 -9.354436e+01 7.059614e+02
2.606382e-01 1.144743e+03 2.352215e+01 9.857142e+01 9.026974e+01 3.269285e+02
2.669301e-01 1.121644e+03 -5.632795e+00 2.420781e+01 -2.348185e+01 2.776888e+02
2.732424e-01 1.155412e+03 3.965553e+00 1.430102e+02 1.790988e+01 5.762881e+02
2.795530e-01 1.122316e+03 2.044142e+01 2.094342e+01 5.550494e+01 3.218452e+02
2.858367e-01 1.173945e+03 -2.167947e+01 1.582276e+02 -6.000210e+01 5.765564e+02
2.920934e-01 1.133151e+03 2.354412e+01 1.510046e+01 8.238538e+01 3.187432e+02
2.983501e-01 1.114542e+03 -2.622987e+01 7.952293e+01 -8.854939e+01 3.919417e+02
3.046383e-01 1.123565e+03 2.748960e+01 1.014000e+02 8.752518e+01 4.163784e+02
3.109279e-01 1.092004e+03 -1.862155e+01 1.525675e+01 -5.977141e+01 2.334710e+02
3.172168e-01 1.100656e+03 -2.227053e+00 7.399367e+01 1.376045e+01 3.369454e+02
3.235188e-01 1.062860e+03 -8.030287e+00 -4.030597e+01 -6.239690e+00 1.761369e+02
3.298168e-01 1.077758e+03 -9.412139e+00 1.888227e+01 -3.695329e+01 1.835545e+02
3.361177e-01 1.070922e+03 3.264331e+01 3.253753e+01 7.831715e+01 2.673791e+02
3.423729e-01 1.057537e+03 -2.667621e+01 4.758369e+00 -5.880764e+01 2.163080e+02
3.486504e-01 1.068052e+03 9.215175e+00 2.725619e+01 3.380449e+01 2.261419e+02
3.549412e-01 1.033113e+03 -6.716820e+00 -7.702172e+00 -2.984529e+01 1.238995e+02
3.611917e-01 1.036252e+03 1.171363e+00 -2.165441e+01 -5.488099e+00 1.360842e+02
3.674767e-01 1.057995e+03 1.321190e+01 2.059555e+01 6.252335e+01 2.233111e+02
3.737648e-01 1.057511e+03 -2.660579e+01 3.147679e+01 -3.230346e+01 2.657945e+02
3.800654e-01 1.030765e+03 8.145854e+00 -2.735212e+00 -1.187831e+00 1.372553e+02
3.863540e-01 1.015623e+03 -4.886923e-01 -1.395934e+00 2.417665e+01 1.269298e+02
3.926151e-01 1.047946e+03 1.498584e+00 7.228564e+01 -5.390468e+00 2.343461e+02
3.989274e-01 1.021235e+03 1.482339e+00 -7.778216e+00 -9.122807e-01 1.410127e+02
4.052074e-01 1.039834e+03 -1.208471e+01 2.466164e+01 -1.637074e+01 1.988028e+02
4.114917e-01 1.017271e+03 4.807006e+00 -1.417433e+01 2.527711e+01 8.006048e+01
4.177815e-01 1.020658e+03 -1.147404e+01 1.325817e+01 -8.029588e+00 1.526419e+02
4.240401e-01 1.007424e+03 6.732520e+00 -1.292488e+01 6.458697e-01 7.980906e+01
4.303426e-01 1.013209e+03 2.375294e+00 -4.945898e+01 -6.465545e+00 7.068259e+01
4.366359e-01 1.005015e+03 -8.134911e+00 -2.147484e+01 -1.401608e+01 6.983405e+01
4.428997e-01 1.001196e+03 2.557646e+00 -3.029195e+01 2.826336e+01 1.080172e+02
4.491635e-01 9.980053e+02 -7.944895e+00 5.006322e+00 -2.118803e+01 1.012371e+02
4.554415e-01 1.011498e+03 7.106934e-01 -1.934180e+01 2.679457e+01 5.456799e+01
4.617635e-01 1.006431e+03 -1.487676e+00 -1.355041e+01 -1.239074e+01 2.974448e+01
4.680645e-01 9.991893e+02 4.522499e+00 -1.041068e+01 -5.550402e-01 4.272389e+01
4.743486e-01 1.011592e+03 2.540421e+00 -1.763756e+01 1.049427e+01 4.363073e+01
4.806356e-01 9.941800e+02 1.410261e+00 -1.902813e+01 -3.023668e+01 3.263630e+01
4.869020e-01 1.004954e+03 4.857818e+00 1.058246e+01 1.244113e+01 1.827009e+01
4.931697e-01 9.978515e+02 -1.030814e+00 -1.143259e+01 8.865086e+00 3.606356e+01
4.994507e-01 9.957585e+02 5.007348e+00 -1.472673e+01 -3.935986e+00 3.526685e+01
5.057159e-01 9.963936e+02 2.482700e+00 7.197573e+00 9.621076e+00 5.439023e+01
5.119924e-01 1.002421e+03 -2.077095e+00 3.332176e+01 1.338319e+01 9.863948e+01
5.183126e-01 9.884798e+02 4.057043e+00 -2.939930e+01 -1.155890e+01 2.920072e+01
5.246102e-01 9.923663e+02 4.375337e+00 2.035742e+01 -6.349605e+00 4.570774e+01
5.308769e-01 9.931417e+02 -2.952018e+00 -1.515713e-02 4.022448e+00 1.304725e+01
5.371574e-01 9.926320e+02 3.157717e+00 1.799349e+00 8.451865e+00 2.334154e+01
5.434580e-01 9.980963e+02 -8.433511e-01 1.469309e+01 -1.183560e+01 5.431379e+01
5.497431e-01 9.856135e+02 -1.745069e-01 -9.863795e+00 1.242913e+01 2.302457e+01
5.559938e-01 9.996133e+02 -8.090422e+00 9.771367e+00 -1.138419e+00 7.515990e+01
5.622855e-01 9.897914e+02 5.857502e+00 -8.993450e+00 5.188052e-01 3.577233e+01
5.686012e-01 9.928784e+02 -6.014888e-01 -8.622607e+00 -8.751436e+00 1.675727e+01
5.748805e-01 9.882241e+02 -1.515288e+00 4.535076e-01 4.565807e+00 5.251965e+01
5.811551e-01 9.858891e+02 -9.805297e-01 -2.670490e+01 9.748616e+00 2.143227e+01
5.874409e-01 9.927913e+02 -3.310303e+00 -1.604129e+00 -6.899997e+00 4.081594e+01
5.937190e-01 9.807014e+02 1.609680e-03 -2.660031e+01 -9.808741e-01 8.003068e+00
5.999972e-01 9.944659e+02 3.156961e+00 -4.042246e+00 1.288311e+01 5.765542e+01
6.062680e-01 9.944147e+02 4.312340e+00 9.689898e+00 -7.689878e+00 8.674804e+01
6.125470e-01 9.850059e+02 -1.206516e+00 -5.129343e+00 -7.694790e+00 2.742518e+01
6.188487e-01 9.859683e+02 -2.261038e+00 1.325194e+01 7.561438e+00 4.180477e+01
6.251319e-01 9.893322e+02 -3.215107e+00 9.557725e-01 -9.620377e-02 1.518395e+01
6.314028e-01 9.870471e+02 1.559752e+00 2.487267e+00 -2.243203e+00 3.731573e+01
6.377004e-01 9.815652e+02 1.480022e+00 -3.456985e+00 -1.679752e+00 2.585441e+01
6.439858e-01 9.859044e+02 1.620801e+00 -1.170941e+01 2.051191e+00 1.756739e+01
6.502686e-01 9.832048e+02 2.727112e+00 6.920943e-01 8.308327e+00 3.848429e+01
6.565587e-01 9.953353e+02 -2.508643e+00 5.077665e+00 -3.319583e+00 2.290274e+01
6.628370e-01 9.839461e+02 2.368083e+00 -4.464493e+00 8.438785e+00 4.407027e+01
6.691186e-01 9.816356e+02 -9.087784e-01 -1.462167e+01 -7.244074e+00 2.421291e+01
6.754071e-01 9.790159e+02 -2.354851e+00 -5.765603e+00 -2.045842e+00 9.596081e+00
6.816837e-01 9.850187e+02 -1.674554e+00 -1.553319e+01 1.250454e+01 7.459493e+00
6.879601e-01 9.766049e+02 3.746753e-01 -1.049538e+01 -4.730339e+00 1.414632e+01
6.942351e-01 9.836324e+02 -2.086695e+00 -1.371947e+01 1.812470e+00 8.710163e+00
7.005176e-01 9.818521e+02 -1.990020e+00 -1.272312e+01 5.963860e+00 3.466880e+01
7.068125e-01 9.838943e+02 -1.485424e+00 -6.724404e+00 -6.754450e+00 3.689555e+01
7.131020e-01 9.818662e+02 3.644345e+00 -1.574038e+00 2.231098e+00 3.695920e+01
7.193919e-01 9.873977e+02 -9.140766e-01 -3.801204e+00 -6.902209e+00 3.535691e+01
7.256834e-01 9.835722e+02 1.731441e+00 -1.491628e+01 -3.592144e+00 2.912310e+01
7.319668e-01 9.847083e+02 3.590425e+00 -2.168768e+01 -2.577071e+00 1.541408e+01
7.382523e-01 9.875930e+02 3.452376e+00 -1.900206e+01 5.855372e+00 1.851788e+01
7.445266e-01 9.872509e+02 -3.599394e+00 -4.207126e+00 2.196054e+00 3.651377e+01
7.507872e-01 9.881692e+02 1.395658e+00 1.338660e+00 -3.283551e-01 4.115589e+01
7.570759e-01 9.897784e+02 -4.673406e-01 -1.125713e+01 -2.895206e+00 2.589304e+01
7.633642e-01 9.928315e+02 -1.245309e+00 -1.043921e+01 6.116868e+00 1.634266e+01
7.696464e-01 9.901513e+02 7.974276e-01 -1.949305e+01 2.734394e+00 3.503132e+01
7.759395e-01 9.878138e+02 2.549139e+00 -1.866505e+01 4.282302e+00 1.866403e+01
7.822335e-01 9.818853e+02 -1.455418e+00 -1.911997e+01 -1.104725e+01 2.790958e+01
7.885323e-01 9.864783e+02 -4.100440e-02 -1.259278e+01 4.625533e+00 2.785932e+01
7.947900e-01 9.863289e+02 -1.568141e+00 -1.593618e+01 -6.205876e-01 2.316396e+01
8.010492e-01 9.787528e+02 6.852371e-01 -1.276926e+01 -1.476823e+00 2.089633e+01
8.073365e-01 9.784974e+02 -1.804902e+00 -1.476509e+01 3.920525e+00 2.927237e+01
8.136230e-01 9.840872e+02 1.484487e+00 -6.011419e+00 -9.658864e-01 1.565000e+01
8.199154e-01 9.976774e+02 -9.474989e-01 -1.647968e+01 -2.773525e+00 4.428178e+01
8.261953e-01 9.814822e+02 2.781510e+00 -1.605425e+01 6.243528e-02 2.117908e+01
8.324898e-01 9.915937e+02 4.728325e-01 -1.020730e+01 2.863297e+00 3.093862e+01
8.387960e-01 9.847880e+02 -2.376802e-01 -1.273371e+01 9.000092e-01 3.007818e+01
8.450635e-01 9.934858e+02 4.445783e-01 -8.462288e+00 4.692116e+00 3.959455e+01
8.513284e-01 9.854629e+02 -2.536408e+00 -1.116347e+01 -2.596403e+00 9.340267e+00
8.576199e-01 9.844102e+02 8.846825e-01 -8.855732e+00 -2.098051e+00 2.195844e+01
8.639059e-01 9.878377e+02 6.191260e-01 -2.498083e+01 -4.169131e+00 1.173499e+01
8.701839e-01 9.816886e+02 1.811064e+00 -6.890478e+00 -2.553983e+00 1.351804e+01
8.764642e-01 9.827269e+02 -2.198125e+00 -3.150703e+00 -2.896330e+00 1.617917e+01
8.827505e-01 9.754437e+02 1.832966e+00 -1.032826e+00 7.270816e+00 1.510249e+01
8.890333e-01 9.805804e+02 1.684427e+00 -8.706234e+00 -1.646946e+00 2.179537e+01
8.953085e-01 9.794805e+02 -1.180595e+00 -1.011044e+01 4.028455e+00 2.825798e+01
9.015957e-01 9.825091e+02 4.563423e-01 -1.603728e+01 -4.731403e+00 2.662887e+01
9.078834e-01 9.823630e+02 2.035265e+00 3.255172e+00 -1.253992e-01 2.892641e+01
9.141745e-01 9.850739e+02 -9.450039e-01 -4.659987e+00 -3.800688e+00 1.329411e+01
9.204632e-01 9.853456e+02 1.022582e+00 -1.246581e+00 9.325229e-02 2.117063e+01
9.267435e-01 9.872327e+02 -6.881942e-01 -1.115203e+01 6.168352e-01 1.210995e+01
9.330325e-01 9.861331e+02 -2.734591e+00 -5.999250e+00 -1.607118e+00 1.369681e+01
9.393266e-01 9.803311e+02 9.348229e-01 -1.224767e+01 2.641997e+00 1.359502e+01
9.455976e-01 9.807170e+02 -4.734229e-01 -4.176878e+00 -3.587129e-02 1.563740e+01
9.518661e-01 9.818293e+02 5.127956e-01 -1.745741e+01 2.377466e+00 9.431417e+00
9.581414e-01 9.854769e+02 -1.533347e+00 -1.961789e+01 7.257875e-01 1.955818e+01
9.644352e-01 9.861716e+02 -3.953838e-01 -1.436658e+01 1.681103e+00 2.054819e+01
9.707356e-01 9.815703e+02 3.896986e-03 -7.897675e+00 1.499497e+00 2.603185e+01
9.770081e-01 9.802904e+02 4.963401e-02 -1.599323e+01 -6.121249e+00 2.187465e+01
9.832824e-01 9.842260e+02 -4.802228e-01 -3.118882e+00 1.448780e+00 2.329766e+01
9.895570e-01 9.786776e+02 8.834640e-01 -7.199652e+00 -1.649787e+00 7.206601e+00
9.958457e-01 9.758756e+02 -6.439568e-01 -8.657305e+00 -3.019837e-01 1.407211e+01
1.002136e+00 9.795488e+02 1.173798e+00 -2.708447e+00 1.472497e+00 9.215578e+00
1.008405e+00 9.776503e+02 -1.320220e+00 -4.061627e+00 7.415650e-01 1.344471e+01
1.014694e+00 9.784302e+02 2.902751e-01 -5.815192e+00 -1.824861e+00 1.001746e+01
1.020993e+00 9.745233e+02 -9.600000e-01 -8.536918e+00 2.449088e-01 1.235237e+01
1.027274e+00 9.771710e+02 -4.608394e-01 1.352765e+00 -6.378161e+00 2.240063e+01
1.033561e+00 9.777855e+02 7.364799e-01 -8.508249e+00 8.456572e+00 1.662327e+01
1.039849e+00 9.815613e+02 1.958656e-01 -1.537631e+01 -5.849077e+00 1.413840e+01
1.046127e+00 9.809563e+02 -1.891801e+00 -1.641323e+01 1.330066e+00 1.189957e+01
1.052404e+00 9.775123e+02 2.098084e+00 -1.087673e+01 -4.916616e+00 3.824990e+00
1.058681e+00 9.752541e+02 -1.586156e+00 -4.578500e+00 4.047851e+00 1.775191e+01
1.064964e+00 9.810628e+02 -7.862462e-01 7.259737e+00 3.699558e+00 1.500089e+01
1.071257e+00 9.796180e+02 5.110984e-01 -1.431107e+01 2.624957e+00 1.233592e+01
1.077544e+00 9.782234e+02 -2.383382e-01 -9.120703e+00 -8.659673e+00 9.489865e+00
1.083826e+00 9.785712e+02 5.004549e-02 -3.396247e-01 -2.380012e-01 8.199209e+00
1.090109e+00 9.765174e+02 -1.023975e+00 3.100123e+00 1.947412e+00 1.523988e+00
1.096390e+00 9.785524e+02 1.295762e+00 2.628960e+00 2.051683e+00 5.422196e+00
1.102681e+00 9.761965e+02 2.986661e-01 -5.079720e+00 2.459960e+00 6.043709e+00
1.108963e+00 9.801041e+02 2.205139e+00 -1.104389e+01 -4.541421e+00 6.011977e+00
1.115226e+00 9.752386e+02 -3.575245e-01 -5.319874e+00 1.721328e-01 6.529402e+00
1.121502e+00 9.801091e+02 -1.382384e+00 -8.244915e+00 6.159213e+00 1.010695e+01
1.127793e+00 9.734531e+02 1.326529e+00 -1.345625e+01 -4.809063e+00 1.474312e+01
1.134090e+00 9.745387e+02 -7.001609e-01 -1.909615e+00 4.626386e+00 5.897852e+00
1.140364e+00 9.814972e+02 3.874219e-02 -9.043426e+00 -6.685259e+00 9.228928e+00
1.146639e+00 9.739864e+02 1.005206e+00 -2.862017e+00 4.994643e-01 1.124697e+01
1.152943e+00 9.748843e+02 -1.017152e+00 -1.970121e+00 3.322582e+00 1.055318e+01
1.159229e+00 9.781771e+02 -2.447948e+00 5.273156e-01 -2.525391e+00 1.968347e+01
1.165509e+00 9.755828e+02 1.301738e-01 -3.343520e+00 8.189324e+00 1.081992e+01
1.171793e+00 9.789279e+02 1.914884e-01 3.174943e+00 -5.615749e+00 1.695880e+01
1.178088e+00 9.781513e+02 3.517468e-01 -5.446709e+00 4.859694e+00 7.184098e+00
1.184368e+00 9.784828e+02 2.050228e-01 -5.321389e+00 -2.914125e+00 6.865066e+00
1.190635e+00 9.760119e+02 1.296475e+00 4.899691e+00 -1.244178e+00 7.192940e-01
1.196912e+00 9.766854e+02 -7.503432e-01 -2.690295e+00 1.892208e+00 1.401287e+00
1.203202e+00 9.778314e+02 2.429870e-01 -8.747966e+00 -8.486311e-01 6.622731e+00
1.209487e+00 9.807148e+02 1.214296e+00 7.562874e-02 -7.187830e-01 7.387684e+00
1.215764e+00 9.771357e+02 -1.818192e+00 -3.746006e+00 7.976571e-01 4.361033e+00
1.222051e+00 9.788834e+02 5.713809e-01 -2.562222e+00 4.583816e+00 9.618226e+00
1.228341e+00 9.755538e+02 -7.521247e-01 -8.556422e-01 -3.345746e+00 6.866703e+00
1.234633e+00 9.737401e+02 -6.428069e-01 -4.769690e+00 2.500464e-03 5.074608e+00
1.240903e+00 9.781730e+02 1.130328e-01 -1.234373e-01 4.046028e+00 4.881986e+00
1.247175e+00 9.790677e+02 1.138099e+00 -1.774373e+00 -3.694929e+00 9.400048e+00
1.253466e+00 9.777504e+02 -1.204449e+00 -6.995019e+00 -2.673019e-01 7.813365e+00
1.259750e+00 9.758935e+02 -1.141507e+00 -2.054774e+00 4.279382e-01 6.966487e+00
1.266032e+00 9.771367e+02 1.026708e+00 -9.032727e-01 4.361267e+00 3.692619e-01
1.272317e+00 9.781039e+02 1.552532e+00 -1.756361e+00 2.845262e+00 2.276198e+00
1.278605e+00 9.762271e+02 -1.130087e-01 -1.239969e+00 -2.801363e+00 1.488750e+00
1.284887e+00 9.769229e+02 -6.254625e-01 -8.916727e+00 1.592850e-01 -2.317805e+00
1.291176e+00 9.787723e+02 -2.229606e-02 -6.424035e-01 -3.537385e+00 3.714757e+00
1.297466e+00 9.752213e+02 -1.116616e+00 -8.327059e+00 6.338837e+00 8.771210e+00
1.303742e+00 9.724572e+02 1.079999e+00 -4.590798e+00 -8.173076e-02 2.145613e+00
1.310018e+00 9.772510e+02 1.963163e+00 8.662170e+00 -4.049920e-01 4.026892e+00
1.316302e+00 9.791146e+02 2.310707e-01 2.780603e+00 2.392287e-01 2.787908e+00
1.322587e+00 9.762813e+02 -2.112099e+00 -7.577279e-01 -3.326463e-01 5.079816e+00
1.328866e+00 9.772546e+02 1.978849e+00 -8.356777e-01 -3.917074e+00 7.866283e+00
1.335145e+00 9.831930e+02 1.155076e-01 -5.343922e+00 -2.626000e+00 2.599092e+00
1.341441e+00 9.769213e+02 -4.086374e-01 -3.020230e-01 1.673049e+00 3.215871e+00
1.347731e+00 9.777885e+02 -1.569019e+00 -1.329121e+00 1.680951e+00 4.503294e+00
1.354002e+00 9.770302e+02 -3.923338e-01 -3.726876e+00 -1.374990e+00 9.278848e+00
1.360283e+00 9.782017e+02 -2.714089e-01 -7.041143e+00 -4.957143e-01 7.752991e+00
1.366566e+00 9.778920e+02 1.862703e-01 -2.946929e+00 -6.461283e-01 -1.372331e+00
1.372852e+00 9.771967e+02 1.122643e+00 -4.783733e+00 3.770702e+00 3.440845e+00
1.379136e+00 9.727424e+02 -2.056986e-01 -1.583483e+00 -6.293307e+00 -1.170560e+00
1.385410e+00 9.756418e+02 -2.497837e-01 1.030389e+00 1.602337e+00 5.972318e+00
1.391699e+00 9.810769e+02 -1.257506e+00 -1.422152e+00 2.246205e+00 3.596360e+00
1.397985e+00 9.751583e+02 -2.690597e-01 -3.743486e+00 5.671065e-01 5.305339e+00
1.404268e+00 9.779490e+02 -1.398231e+00 7.038949e-01 2.914436e+00 -3.836493e-01
1.410555e+00 9.794402e+02 -2.200764e-01 -6.451520e+00 -6.592526e-01 5.159595e+00
1.416838e+00 9.783865e+02 1.215051e+00 -5.270743e-01 2.383488e+00 8.622997e+00
1.423118e+00 9.788552e+02 -1.351687e+00 -7.039962e-01 -2.031733e+00 1.115224e+01
1.429398e+00 9.769070e+02 7.599683e-01 -4.144774e+00 -3.867002e+00 5.828837e+00
1.435687e+00 9.790328e+02 2.799309e-01 -2.727403e-01 5.042472e-01 4.448148e-01
1.441977e+00 9.774019e+02 -1.939204e-01 1.634489e+00 1.964815e+00 -8.592964e-01
1.448254e+00 9.765956e+02 -1.823839e+00 -2.881416e+00 -7.454003e-03 1.159626e+01
1.454532e+00 9.767132e+02 8.742774e-01 -2.794666e+00 -2.791656e+00 5.659014e+00
1.460819e+00 9.745980e+02 1.133703e+00 2.702490e+00 1.335248e+00 4.520493e+00
1.467111e+00 9.766019e+02 -8.999643e-01 7.223592e+00 1.017037e+00 1.334278e+01
1.473393e+00 9.730227e+02 7.787724e-01 -4.876904e+00 -1.334636e+00 1.680200e+00
1.479670e+00 9.775053e+02 5.906441e-01 7.129182e-01 -3.211129e-01 -8.346781e-01
1.485956e+00 9.765380e+02 1.351551e+00 5.366583e+00 -7.026475e-01 -7.137223e-01
1.492234e+00 9.759896e+02 -1.248081e+00 5.202199e+00 1.977168e+00 3.239877e+00
1.498503e+00 9.771155e+02 -1.082165e+00 -1.748754e+00 2.388856e+00 7.538028e+00
1.504786e+00 9.788422e+02 -5.964695e-01 -2.102489e+00 -1.358253e+00 5.183907e+00
1.511076e+00 9.743798e+02 6.709139e-01 2.261739e+00 1.609865e+00 1.073999e+01
1.517362e+00 9.733104e+02 7.556421e-01 1.043174e+00 -2.712706e+00 7.128450e+00
1.523650e+00 9.770322e+02 -4.295066e-01 1.328162e-01 5.221301e-01 1.411337e+01
1.529939e+00 9.768523e+02 -1.548665e+00 -5.096025e-01 8.326823e-01 6.339741e+00
1.536230e+00 9.727753e+02 -1.757113e+00 2.089224e+00 -1.971412e+00 3.183774e+00
1.542511e+00 9.766767e+02 2.904346e+00 4.943516e+00 8.023800e-01 -4.106957e+00
1.548784e+00 9.768086e+02 2.405191e-01 -2.888751e+00 -2.381020e+00 -5.811467e-01
1.555073e+00 9.768890e+02 -1.858291e-01 -2.458962e+00 1.426183e+00 -8.126024e-01
1.561357e+00 9.729108e+02 5.262511e-01 1.102888e+00 3.677526e-02 3.190929e+00
1.567629e+00 9.770759e+02 1.057198e+00 1.482804e+00 -4.999092e-01 6.751612e-01
1.573914e+00 9.743914e+02 -2.025738e+00 8.099908e-01 -7.154317e-01 1.894316e+00
1.580204e+00 9.744871e+02 -2.512426e-01 -5.205576e+00 6.809805e+00 6.887282e+00
1.586486e+00 9.743084e+02 -5.750785e-01 1.792102e+00 -2.679593e-01 1.029408e+01
1.592760e+00 9.714068e+02 2.174522e-01 -1.023578e+01 -4.692649e+00 3.701480e+00
1.599047e+00 9.771494e+02 -2.691754e-01 -6.627547e+00 4.734986e+00 4.231089e+00
1.605342e+00 9.767943e+02 -1.095129e+00 -1.043162e+00 -1.958455e+00 5.427438e+00
1.611620e+00 9.761935e+02 -1.141924e+00 2.318802e+00 2.914536e+00 2.596085e+00
1.617898e+00 9.734684e+02 1.788860e-01 -3.462693e-01 2.600217e+00 5.845082e+00
1.624183e+00 9.745417e+02 8.407261e-01 1.663561e+00 -4.282153e+00 5.933288e+00
1.630465e+00 9.752399e+02 6.567692e-01 4.979420e+00 1.756078e-01 6.765050e+00
1.636749e+00 9.764547e+02 5.818204e-01 -1.107027e+00 -1.372133e+00 2.974127e+00
1.643031e+00 9.773323e+02 -2.476284e+00 -3.457437e+00 1.226963e+00 7.813307e-01
1.649309e+00 9.735381e+02 1.050627e+00 2.947162e+00 -3.055586e+00 -4.352252e+00
1.655594e+00 9.762666e+02 -6.362155e-01 -2.054767e-01 5.453779e-01 2.310232e+00
1.661880e+00 9.771278e+02 1.026872e+00 -2.732402e-03 1.844394e+00 -9.511712e-01
1.668169e+00 9.781772e+02 2.118848e+00 1.905281e+00 -9.134343e-01 -1.427941e+00
1.674450e+00 9.753575e+02 5.607721e-01 -1.652589e-01 -5.841447e+00 -3.718178e+00
1.680723e+00 9.763846e+02 -9.052723e-01 6.059414e-01 2.853585e+00 -3.742000e+00
1.687014e+00 9.749511e+02 7.705233e-02 -4.772024e+00 2.160452e+00 -1.771891e-01
1.693309e+00 9.743866e+02 2.497383e-01 -2.052016e+00 -1.545615e-01 -5.545570e-01
1.699582e+00 9.767598e+02 -1.021035e+00 -4.701600e+00 1.713181e+00 -1.136259e+00
1.705864e+00 9.746687e+02 -1.288776e+00 -4.695765e+00 -1.452347e+00 -4.490292e+00
1.712155e+00 9.732083e+02 1.368026e+00 -1.527138e+00 -4.153808e-01 2.107890e+00
1.718439e+00 9.742985e+02 -1.500576e-01 7.052998e+00 6.032163e-01 -5.446229e-01
1.724721e+00 9.742192e+02 3.471788e-01 2.713330e+00 3.119803e+00 4.376274e+00
1.730998e+00 9.783498e+02 -8.058517e-02 3.944311e+00 -1.674244e+00 2.694430e+00
1.737287e+00 9.777091e+02 -3.233293e-01 -5.565079e+00 -1.003906e+00 2.746904e+00
1.743568e+00 9.766580e+02 1.827413e-01 1.916207e+00 -3.825436e+00 2.992594e-01
1.749841e+00 9.744307e+02 -4.395747e-01 2.644193e+00 2.069896e+00 1.078119e+00
1.756129e+00 9.754886e+02 2.839276e-01 2.187288e+00 -2.820824e+00 5.025573e+00
1.762414e+00 9.766174e+02 -3.322191e-01 1.278777e+00 -7.711887e-01 -3.255318e+00
1.768696e+00 9.760551e+02 -1.770060e+00 -1.502642e+00 3.168233e+00 -4.956138e+00
1.774979e+00 9.758322e+02 -5.666198e-01 -2.497837e-01 5.731984e-01 1.145342e+00
1.781266e+00 9.724320e+02 1.000780e+00 1.799107e+00 -4.111216e+00 4.374445e+00
1.787550e+00 9.767501e+02 -7.084329e-02 3.079615e+00 1.019009e+00 4.289019e+00
1.793834e+00 9.746437e+02 -1.208398e+00 -3.869241e+00 -1.432126e+00 2.082879e+00
1.800115e+00 9.751133e+02 -1.189677e-01 -7.156233e-01 -1.655961e+00 -2.042007e+00
1.806394e+00 9.753676e+02 -4.532485e-03 1.039674e+00 4.333549e+00 7.342868e-01
1.812674e+00 9.757188e+02 1.374812e+00 -6.931304e-01 -3.038719e+00 5.353673e+00
1.818957e+00 9.759866e+02 6.620384e-01 -9.395437e-01 9.046195e-01 -1.301130e+00
1.825244e+00 9.751965e+02 1.194917e+00 -4.514236e+00 2.165712e+00 -4.270211e+00
1.831527e+00 9.762121e+02 -6.964049e-01 1.182218e+00 -8.473235e-01 2.775666e+00
1.837811e+00 9.759167e+02 -3.752358e-01 3.160890e+00 1.338226e+00 5.898643e+00
1.844101e+00 9.770388e+02 -3.448644e-01 1.093453e-01 -4.383607e+00 3.544347e+00
1.850385e+00 9.773651e+02 -4.261591e-01 -3.034121e+00 1.681655e+00 -2.117071e-02
1.856666e+00 9.771815e+02 1.052010e-01 -5.222099e+00 -1.493558e+00 6.213874e+00
1.862948e+00 9.761584e+02 1.196731e+00 -1.234284e+00 2.938795e+00 1.925313e+00
1.869229e+00 9.744862e+02 5.669293e-01 3.716230e+00 -9.372181e-01 3.835710e+00
1.875518e+00 9.742590e+02 -1.030635e+00 -1.235936e+00 -1.376731e+00 1.406083e+00
1.881801e+00 9.765969e+02 -2.315427e-01 -2.434044e+00 4.253283e+00 -3.822195e+00
1.888079e+00 9.760923e+02 1.200953e+00 -9.237995e+00 -5.664846e-01 5.925798e+00
1.894354e+00 9.782169e+02 -5.810952e-01 -7.467020e-01 -2.269723e+00 -2.019805e-01
1.900643e+00 9.745173e+02 -4.371921e-01 -5.161167e+00 9.058645e-01 -2.179279e+00
1.906934e+00 9.750695e+02 -5.221841e-01 -1.371633e+00 2.492764e+00 -2.592732e+00
1.913208e+00 9.750293e+02 -3.469446e-01 5.577427e-01 2.401004e+00 4.547204e+00
1.919491e+00 9.735936e+02 -1.174171e-01 3.521553e+00 -4.240438e+00 -1.701165e+00
1.925777e+00 9.736043e+02 -1.373863e-01 -4.964438e+00 2.193964e+00 4.927975e+00
1.932065e+00 9.763033e+02 2.202439e-01 -3.131723e-01 4.365832e-01 2.460711e+00
1.938343e+00 9.757754e+02 7.356522e-01 -1.276920e+00 7.901860e-01 4.207407e+00
1.944619e+00 9.764225e+02 9.319465e-01 8.630685e-01 -5.370957e+00 -2.917882e+00
1.950906e+00 9.761006e+02 -3.861724e-01 3.263023e-01 3.097049e+00 -3.661900e+00
1.957195e+00 9.761378e+02 8.669736e-02 2.079747e+00 4.310324e+00 5.763661e-01
1.963480e+00 9.764072e+02 -8.680773e-01 -1.101486e+00 8.288722e-01 6.867176e+00
1.969761e+00 9.740372e+02 1.634134e-01 1.951633e+00 -2.680694e+00 2.747065e+00
1.976049e+00 9.743578e+02 -5.269347e-01 2.784017e+00 -5.160340e-02 -3.206433e+00
1.982338e+00 9.759506e+02 -3.715214e-02 9.426570e-01 3.077440e-01 2.357004e+00
1.988618e+00 9.772911e+02 1.212024e+00 -1.298378e+00 -1.385512e+00 1.124829e-01
1.994896e+00 9.761364e+02 -1.638377e+00 -9.544266e-01 2.676791e+00 2.879535e+00
2.001180e+00 9.760919e+02 -2.965497e-02 -3.794428e+00 2.319027e-01 -6.474602e-01
2.007460e+00 9.736236e+02 9.656407e-01 -2.949106e+00 -9.576927e-03 -4.988668e+00
2.013738e+00 9.739868e+02 -8.926055e-01 -4.556594e+00 1.996160e-01 -3.565005e-01
2.020017e+00 9.776013e+02 -1.864198e-01 -1.296885e+00 -2.123341e+00 -3.941482e+00
2.026310e+00 9.776104e+02 -2.099249e-02 -2.159337e+00 1.633221e+00 -2.036723e+00
2.032601e+00 9.773575e+02 9.678723e-01 -9.367989e-01 1.074009e+00 6.272708e-01
2.038874e+00 9.714847e+02 -8.663809e-01 1.839372e+00 7.839118e-01 -1.186373e+00
2.045154e+00 9.734020e+02 -5.226730e-01 -1.679056e+00 7.498236e-01 2.531455e-01
2.051445e+00 9.754246e+02 -2.986367e-01 -3.634458e+00 2.221360e+00 1.422344e+00
2.057731e+00 9.756647e+02 -1.968385e-01 -9.351902e-01 -9.498789e-01 -4.580427e-01
2.064014e+00 9.756438e+02 6.332913e-01 2.183351e-01 -1.238838e+00 2.220513e+00
2.070301e+00 9.741199e+02 -1.483793e-02 -2.751734e+00 -8.782575e-02 -1.163526e+00
2.076590e+00 9.755132e+02 9.506891e-02 4.019186e+00 2.903385e-01 -2.269543e+00
2.082866e+00 9.753322e+02 1.256109e+00 3.340697e+00 -1.894627e+00 -6.822414e-01
2.089135e+00 9.760197e+02 9.364581e-01 5.373105e-01 1.792131e+00 -4.455618e-01
2.095424e+00 9.739731e+02 3.271413e-01 4.182260e+00 -1.368424e+00 3.057729e+00
2.101708e+00 9.759608e+02 -5.814652e-01 -1.754997e+00 5.668788e-01 3.802827e+00
2.107987e+00 9.759752e+02 -1.760940e-01 -2.505995e+00 -2.310133e-01 7.226201e+00
2.114272e+00 9.789589e+02 3.067783e-01 -3.160818e+00 -4.449527e-02 -8.378326e-01
2.120553e+00 9.757427e+02 1.126333e+00 -1.585544e-01 -4.644617e-01 1.746583e+00
2.126837e+00 9.769539e+02 -5.960228e-01 -2.275542e+00 2.012798e+00 -5.020247e+00
2.133122e+00 9.749957e+02 -6.552598e-01 -5.521845e-01 -6.447748e-01 4.706308e-01
2.139412e+00 9.775653e+02 1.313692e-01 3.365729e-01 -5.601277e+00 -4.599516e+00
2.145697e+00 9.748724e+02 -5.128925e-01 2.710456e+00 5.377416e+00 -2.509915e+00
2.151974e+00 9.754206e+02 -8.941162e-02 1.337762e+00 4.433013e-01 -3.116862e+00
2.158260e+00 9.753460e+02 3.386427e-01 -2.064591e+00 2.068630e+00 -7.893517e-01
2.164546e+00 9.750755e+02 7.147323e-02 -5.051216e+00 -5.956113e-02 -3.021153e+00
2.170831e+00 9.748337e+02 3.006346e-01 -2.503421e+00 1.901442e-01 4.717281e-01
2.177115e+00 9.753473e+02 -2.937519e-01 -3.752233e+00 1.971922e-01 -1.990739e+00
2.183388e+00 9.732506e+02 -1.463988e-02 -2.799978e+00 2.586606e+00 3.214154e+00
2.189670e+00 9.747009e+02 -1.524101e-03 -2.255993e+00 -1.607467e+00 5.150766e+00
2.195960e+00 9.753361e+02 -1.390453e-01 -5.368451e+00 8.372819e-02 7.269887e-01
2.202243e+00 9.758652e+02 8.264150e-02 -3.968513e-01 -5.995066e-01 5.050102e+00
2.208522e+00 9.739525e+02 -1.915020e+00 4.296725e-01 -5.432402e-01 3.719857e+00
2.214805e+00 9.765506e+02 2.638501e-01 -2.149187e+00 -6.393204e-01 1.717541e-01
2.221093e+00 9.741255e+02 1.073295e+00 1.369535e+00 1.987504e-01 2.705758e+00
2.227373e+00 9.766378e+02 -6.259049e-01 -3.099778e+00 -2.195507e-01 -4.925624e-01
2.233657e+00 9.777241e+02 -3.575664e-02 -1.266157e+00 -1.297052e+00 2.287632e+00
2.239944e+00 9.772305e+02 -1.632218e+00 -7.442299e-02 -1.391403e+00 -2.797690e+00
2.246224e+00 9.753389e+02 1.094806e+00 1.282089e+00 1.533528e+00 -5.177545e-01
2.252507e+00 9.762275e+02 -8.510053e-01 9.387797e-01 -3.658172e-01 2.047292e+00
2.258784e+00 9.764940e+02 -2.859788e-02 5.288011e-01 1.041047e+00 4.361453e+00
2.265069e+00 9.752075e+02 -3.105657e-01 1.557586e+00 -1.278614e+00 -1.254064e+00
2.271351e+00 9.727527e+02 6.798730e-01 2.781890e+00 -1.211105e-01 -2.152777e+00
2.277634e+00 9.721805e+02 -3.666668e-01 -1.729048e+00 -4.303451e-01 -3.510272e+00
2.283923e+00 9.750484e+02 4.313881e-01 -9.478948e-01 -2.634603e-01 7.545386e-01
2.290203e+00 9.739052e+02 -1.073056e+00 7.975010e-01 2.440283e-01 2.115197e+00
2.296491e+00 9.782237e+02 4.514684e-01 1.402644e+00 -1.219694e+00 2.311410e+00
2.302772e+00 9.754450e+02 2.667493e-01 2.675253e+00 3.922915e-01 1.456705e+00
2.309052e+00 9.749590e+02 -2.714173e-01 -1.830180e+00 1.031156e+00 -1.408439e+00
2.315339e+00 9.755845e+02 4.401045e-01 -2.666684e-01 1.745181e+00 7.442170e-01
2.321628e+00 9.766418e+02 -1.079081e+00 -2.457128e+00 2.899766e+00 -2.964157e-01
2.327912e+00 9.765799e+02 5.337080e-01 -3.038663e+00 -5.864612e-01 -3.483272e+00
2.334187e+00 9.763486e+02 1.260688e+00 -9.570826e-01 -5.595195e+00 -2.795445e+00
2.340468e+00 9.767953e+02 -9.488902e-01 -2.839836e+00 2.794792e+00 1.789730e+00
2.346757e+00 9.781687e+02 7.145561e-01 -3.434445e+00 -2.315568e+00 2.347739e+00
2.353045e+00 9.745967e+02 -6.685311e-01 -4.229352e+00 5.047040e-01 -3.730236e-02
2.359328e+00 9.765398e+02 3.963000e-01 -6.714271e-01 -1.289114e+00 4.547838e-01
2.365603e+00 9.742831e+02 -3.620757e-01 -4.982650e-01 7.451774e-01 2.009690e+00
2.371886e+00 9.759452e+02 2.695617e-01 -7.512150e-02 -6.267977e-01 1.931798e+00
2.378173e+00 9.760643e+02 -1.006723e+00 9.718141e-01 4.213120e+00 3.433461e+00
2.384454e+00 9.764254e+02 3.160447e-01 2.883596e+00 -3.910652e+00 1.545078e+00
2.390737e+00 9.770590e+02 5.787116e-01 -1.164925e+00 1.691915e+00 1.365747e+00
2.397014e+00 9.775153e+02 -7.182878e-01 -1.518044e+00 -1.740161e+00 -4.344205e-01
2.403296e+00 9.749331e+02 1.915264e-01 3.959492e+00 2.014467e+00 3.688898e+00
2.409585e+00 9.769434e+02 3.894803e-01 3.446015e+00 -1.538741e+00 2.746936e+00
2.415872e+00 9.767728e+02 -2.622770e-01 1.527694e+00 -1.032029e+00 2.074620e+00
2.422161e+00 9.762852e+02 -1.002828e+00 6.766253e-01 -2.365731e-01 1.365408e+00
2.428441e+00 9.753625e+02 -6.357414e-01 -1.844888e+00 3.099694e-01 1.795197e+00
2.434718e+00 9.741556e+02 -2.089287e-01 -4.312916e-01 4.367688e-01 6.392285e+00
2.441003e+00 9.751667e+02 9.199505e-01 2.437413e+00 8.093942e-01 -1.472158e+00
2.447290e+00 9.761723e+02 -2.428859e-01 -1.762489e+00 -1.055305e+00 1.672584e+00
2.453572e+00 9.758180e+02 -3.946247e-01 1.753831e+00 -2.782057e-01 -7.566556e+00
2.459853e+00 9.750432e+02 8.019707e-02 8.985049e-01 1.308435e+00 1.411798e+00
2.466140e+00 9.759390e+02 -3.467040e-01 1.260486e+00 5.029263e-01 5.542062e+00
2.472422e+00 9.741020e+02 1.262967e+00 -1.922240e+00 -1.577735e+00 5.579246e-01
2.478699e+00 9.729150e+02 -2.096883e-01 -6.263033e-02 1.201569e+00 2.394496e+00
2.484981e+00 9.753501e+02 -1.673523e-02 2.921040e+00 1.518873e-01 2.068647e+00
2.491270e+00 9.768519e+02 -7.888150e-01 -5.578808e+00 8.583302e-01 -2.273643e+00
2.497549e+00 9.732264e+02 -2.086055e-01 -2.028082e+00 -1.735472e+00 -7.485206e-01
2.503832e+00 9.749702e+02 -3.894048e-01 -7.729785e-01 -6.484876e-01 1.370486e-01
2.510118e+00 9.750889e+02 -1.340465e+00 -1.351691e+00 1.181526e+00 7.187762e-01
2.516401e+00 9.756306e+02 -3.802996e-01 2.226734e-01 1.535185e+00 2.933938e+00
2.522688e+00 9.770878e+02 6.541861e-01 -1.011464e+00 -3.529089e+00 8.692207e+00
2.528972e+00 9.746099e+02 -2.174026e-01 2.760250e+00 -3.283363e-02 -7.744457e-01
2.535252e+00 9.757486e+02 -2.292087e-01 -1.900337e+00 3.595843e-01 2.416512e+00
2.541538e+00 9.743199e+02 -1.302999e+00 -1.414196e+00 -2.691534e+00 2.420490e+00
2.547823e+00 9.756025e+02 5.345837e-01 1.155790e+00 2.364093e+00 -2.359462e+00
2.554101e+00 9.763412e+02 2.748628e-01 -2.873200e-01 -1.108674e+00 2.628461e-01
2.560377e+00 9.764696e+02 7.057116e-01 -3.901269e-01 -9.512941e-01 -2.641009e+00
2.566668e+00 9.761385e+02 -6.270553e-01 4.916724e+00 1.338899e+00 2.637596e+00
2.572955e+00 9.747142e+02 2.336267e-01 -1.917338e+00 -1.313970e+00 2.344342e+00
2.579234e+00 9.761619e+02 -6.062645e-02 4.372043e+00 -1.361691e+00 6.268268e-01
2.585521e+00 9.731992e+02 1.883667e-01 1.358546e+00 4.082995e+00 3.573357e+00
2.591805e+00 9.766805e+02 -5.606279e-02 7.640257e-01 -2.623085e+00 1.484560e+00
2.598084e+00 9.759322e+02 -6.366633e-01 -8.135437e-01 1.486462e+00 3.543131e+00
2.604361e+00 9.766066e+02 2.526294e-02 -3.570096e+00 -1.813209e+00 -5.120020e-02
2.610647e+00 9.757355e+02 -6.948792e-01 9.890602e-01 -1.298701e+00 1.724966e+00
2.616932e+00 9.741727e+02 -3.259071e-01 4.282340e+00 2.374511e+00 -1.190862e+00
2.623206e+00 9.737142e+02 -9.413249e-01 -1.359691e+00 4.388979e-01 1.495023e+00
2.629492e+00 9.738859e+02 1.090079e+00 -3.761223e+00 2.408488e-01 3.207924e+00
2.635779e+00 9.757814e+02 -4.937404e-01 -1.390975e+00 -2.824305e-01 2.699572e-01
2.642061e+00 9.756754e+02 -2.975143e-01 -5.068011e-01 1.100892e+00 -1.528488e+00
2.648344e+00 9.745083e+02 5.917923e-01 -4.116535e-02 -7.400546e-01 -2.164202e+00
2.654632e+00 9.764987e+02 6.366184e-01 -1.624802e+00 2.201673e+00 -1.796003e+00
2.660919e+00 9.763593e+02 5.035790e-02 -8.992971e-01 1.500673e+00 1.235020e+00
2.667199e+00 9.771442e+02 -2.638474e-01 -4.553872e-01 -4.503424e+00 1.053152e+00
2.673485e+00 9.747959e+02 -6.187831e-01 1.403310e+00 -4.140751e-01 1.225784e+00
2.679774e+00 9.768859e+02 -4.499307e-01 1.701568e+00 1.095245e+00 1.057990e+00
2.686058e+00 9.753488e+02 -1.958418e-01 3.211818e+00 1.317654e+00 6.350051e+00
2.692339e+00 9.737979e+02 1.349513e+00 1.794929e+00 -1.600624e+00 3.986738e+00
2.698618e+00 9.733801e+02 -9.221896e-01 3.359814e+00 1.697520e+00 3.067937e+00
2.704896e+00 9.760304e+02 8.104219e-01 -1.415472e-02 -2.685087e-01 7.764799e-02
2.711176e+00 9.747286e+02 -7.952123e-01 3.805126e+00 -1.589962e+00 -9.963016e-01
2.717460e+00 9.760681e+02 -4.437901e-01 -1.140787e-01 1.355621e-01 2.948364e+00
2.723746e+00 9.753795e+02 8.473305e-01 -9.718246e-01 -1.563684e-01 5.037571e+00
2.730039e+00 9.756962e+02 -1.246016e-01 5.527718e-02 -6.254743e-01 -1.999358e+00
2.736319e+00 9.770820e+02 -2.677608e-01 -3.322990e+00 1.983065e+00 -1.171091e+00
2.742592e+00 9.767624e+02 5.261430e-01 2.892783e-01 3.772754e-01 3.529152e+00
2.748880e+00 9.755526e+02 6.231213e-01 -1.568986e+00 3.073629e-01 5.303758e+00
2.755164e+00 9.760684e+02 7.270201e-02 -3.261303e+00 -1.715764e-01 -2.856398e+00
2.761447e+00 9.760658e+02 -7.838372e-01 2.798582e+00 6.818025e-01 5.221714e+00
2.767733e+00 9.743069e+02 1.201149e-01 2.738727e+00 1.550414e-01 1.767629e+00
2.774016e+00 9.752142e+02 6.141900e-02 2.654687e+00 -2.533162e-01 4.153969e+00
2.780299e+00 9.765215e+02 -1.074133e+00 -1.740047e+00 -1.478455e+00 1.496075e+00
2.786578e+00 9.750546e+02 1.381975e-01 -6.244183e-01 -3.220758e-01 -6.208834e-01
2.792858e+00 9.762618e+02 3.424689e-01 -8.252048e-01 6.490240e-01 -1.508137e-01
2.799144e+00 9.755662e+02 -5.171056e-01 -2.977826e+00 1.937276e+00 4.190650e+00
2.805430e+00 9.760821e+02 4.771186e-01 3.701797e-01 -3.137478e+00 4.540127e+00
2.811715e+00 9.756906e+02 -3.624364e-01 -6.985156e-01 -6.390467e-01 -5.711823e-01
2.817989e+00 9.759134e+02 -8.277071e-01 1.966802e-01 1.503346e+00 1.208222e+00
2.824269e+00 9.751520e+02 -8.303145e-01 -2.412984e+00 -5.767185e-01 3.949073e+00
2.830563e+00 9.761419e+02 8.027961e-01 -2.765905e-01 -1.727421e+00 2.848904e-01
2.836849e+00 9.739158e+02 -6.450961e-01 -2.016355e+00 2.560992e+00 -3.652833e-01
2.843130e+00 9.754001e+02 2.048999e-01 -2.204886e+00 -1.526846e+00 -2.205451e-01
2.849414e+00 9.750175e+02 1.163773e-01 -3.661140e-01 1.354288e+00 -2.787979e+00
2.855698e+00 9.752845e+02 -3.202345e-01 3.096788e+00 -3.253804e+00 -3.428623e+00
2.861979e+00 9.760272e+02 -1.927621e-01 8.218496e-01 5.717514e-01 -3.139439e+00
2.868263e+00 9.755282e+02 -4.570174e-01 1.259996e+00 -9.469337e-01 -5.279321e-01
2.874548e+00 9.746698e+02 4.089700e-01 -2.122222e-01 2.275453e+00 8.456030e-01
2.880831e+00 9.746684e+02 -7.422444e-01 4.090600e+00 1.137265e+00 2.544950e+00
2.887114e+00 9.751325e+02 -1.523702e-02 3.768497e+00 -2.029096e+00 2.770131e+00
2.893395e+00 9.751739e+02 -2.473582e-01 -7.840486e-01 3.407671e+00 6.582027e-01
2.899674e+00 9.754605e+02 -5.056217e-02 -2.065814e+00 -3.176675e+00 5.276679e+00
2.905954e+00 9.737955e+02 6.213385e-01 -9.877058e-01 1.529234e+00 4.929114e+00
2.912241e+00 9.756108e+02 -1.328929e-01 2.926181e+00 -1.458251e+00 4.125381e+00
2.918527e+00 9.752148e+02 4.840995e-01 1.636810e+00 -1.700775e+00 6.983930e-01
2.924810e+00 9.738729e+02 -8.329125e-01 2.076659e+00 2.544062e+00 -2.058388e+00
2.931096e+00 9.746422e+02 -1.027887e+00 -3.420194e+00 -6.223598e-01 -1.399370e+00
2.937378e+00 9.744749e+02 4.783182e-01 -4.476076e+00 -1.035938e+00 8.702188e-01
2.943660e+00 9.755997e+02 5.518033e-02 -2.637813e+00 2.977456e+00 9.022504e-01
2.949947e+00 9.743942e+02 -5.961246e-01 -2.534110e+00 5.831421e-01 2.747853e+00
2.956228e+00 9.749598e+02 -2.453037e-01 -9.958926e-01 -2.798346e+00 -2.488399e+00
2.962511e+00 9.764473e+02 1.903316e-01 -7.539061e-01 1.447642e+00 -8.324925e-01
2.968797e+00 9.757727e+02 -4.094354e-01 2.160435e+00 -8.296407e-01 1.020366e+00
2.975078e+00 9.740366e+02 2.803658e-01 -2.298993e-01 -4.684188e-01 4.684091e-01
2.981360e+00 9.753807e+02 2.076425e-03 5.841572e-01 1.438590e+00 5.251334e+00
2.987647e+00 9.763922e+02 7.608230e-01 -5.924963e-04 -6.368901e-01 -1.435750e+00
2.993930e+00 9.750989e+02 -7.128398e-01 3.525667e-01 2.721084e+00 -4.137097e-01
3.000207e+00 9.755812e+02 1.150473e-01 -2.163292e-01 -7.605744e-01 7.608472e-01
3.006486e+00 9.757522e+02 -6.503379e-01 -2.367342e+00 -4.868176e-01 1.887358e+00
3.012770e+00 9.760512e+02 7.956360e-01 -5.721124e-01 -1.227213e+00 9.158295e-01
3.019053e+00 9.756801e+02 7.476708e-01 4.110862e+00 2.661221e-01 1.131732e+00
3.025338e+00 9.755224e+02 -6.882032e-01 1.447012e+00 1.924049e-01 3.982126e+00
3.031624e+00 9.760318e+02 -5.550283e-01 -8.207535e-01 -1.419045e+00 1.928181e+00
3.037909e+00 9.746730e+02 3.443499e-01 -9.070417e-02 1.447939e+00 2.595560e-01
3.044195e+00 9.749016e+02 -9.912658e-01 5.109474e-02 5.276542e-01 2.413690e+00
3.050476e+00 9.766845e+02 2.016404e-01 -1.177381e+00 7.692632e-01 4.133055e+00
3.056755e+00 9.755666e+02 -6.128873e-01 -8.899984e-01 -2.158831e+00 3.189496e+00
3.063041e+00 9.761862e+02 2.660435e-01 -2.404759e+00 -3.320354e-01 -1.132748e-01
3.069324e+00 9.771390e+02 4.133584e-01 5.059252e-01 7.054403e-02 -1.324136e+00
3.075611e+00 9.758831e+02 -2.988597e-01 8.087949e-01 1.678168e+00 4.480251e+00
3.081894e+00 9.767319e+02 6.425455e-01 2.653670e+00 6.534685e-01 2.428972e+00
3.088175e+00 9.756140e+02 7.981846e-01 -7.182764e-01 -2.084007e-01 5.471163e-01
3.094459e+00 9.768027e+02 -1.561582e-02 2.143212e+00 -1.329901e+00 -1.143070e+00
3.100744e+00 9.763074e+02 -5.564433e-01 1.785002e+00 2.048862e+00 8.842949e-01
3.107028e+00 9.759945e+02 -1.814468e+00 -5.382917e-01 -9.805339e-01 6.427640e-01
3.113310e+00 9.763420e+02 1.817786e+00 -3.028506e+00 -9.054924e-01 -3.943041e-01
3.119591e+00 9.757155e+02 -3.119711e-02 -7.307165e-01 -1.642029e+00 2.975284e-01
3.125874e+00 9.749260e+02 -1.859666e-01 -2.102721e+00 1.105784e+00 -2.747682e+00
3.132159e+00 9.756033e+02 1.670044e-01 3.192804e+00 9.273602e-01 -2.347574e-01
3.138439e+00 9.753304e+02 5.808488e-01 2.931686e+00 8.490402e-01 -4.508577e+00
3.144724e+00 9.761784e+02 -5.177081e-01 2.401576e+00 1.983534e-01 1.327901e+00
3.151004e+00 9.767695e+02 -5.792804e-01 3.090039e-02 -6.512747e-01 -1.487771e-01
3.157284e+00 9.756623e+02 -1.415933e-01 2.760375e+00 -4.950908e-01 -9.295226e-01
3.163570e+00 9.763218e+02 -7.566240e-01 -1.797213e+00 9.704123e-01 1.085143e+00
3.169852e+00 9.746487e+02 5.085755e-01 4.509389e-01 -6.128404e-01 2.404760e+00
3.176138e+00 9.753879e+02 -4.800678e-01 2.733740e-01 1.236585e+00 7.123002e-02
3.182421e+00 9.750869e+02 -6.635258e-01 -2.881452e+00 3.207776e-01 -1.028773e-01
3.188703e+00 9.759591e+02 -2.060478e-01 1.468841e-02 -8.208266e-01 1.266339e+00
3.194991e+00 9.753870e+02 -3.350891e-01 -2.154548e+00 -1.284267e+00 -1.717429e+00
3.201276e+00 9.754991e+02 3.686144e-01 -5.325884e-01 4.024047e-01 -2.219441e+00
3.207552e+00 9.757516e+02 1.731789e-01 1.399078e+00 -2.929136e-01 8.928406e-01
3.213835e+00 9.748916e+02 -3.174422e-01 2.580256e+00 -3.660078e-01 1.365854e+00
