# k, q0, q1/i, q2, q3/i, q4, norm, alpha = 95.29458797698169, 0.020396601297980627
0.000000e+00 1.550992e+12 0.000000e+00 0.000000e+00 0.000000e+00 7.467350e+11
8.899642e-03 8.186432e+10 3.048434e+10 1.077694e+11 1.559611e+10 1.297985e+11
1.507912e-02 6.856701e+09 -1.086969e+09 -3.096813e+09 3.229882e+09 1.045779e+10
2.144790e-02 1.116222e+09 3.468159e+08 -2.922061e+08 -6.463540e+08 2.968799e+09
2.783661e-02 4.894887e+08 2.702641e+07 6.319746e+08 1.595272e+08 1.979860e+09
3.435100e-02 1.703958e+08 -1.931854e+06 -7.478539e+07 -6.304480e+06 4.576494e+08
4.047887e-02 1.041980e+08 -1.312914e+07 5.362926e+07 2.824627e+07 4.223352e+08
4.676717e-02 5.523589e+07 7.073428e+06 3.254578e+04 -7.406684e+06 2.034911e+08
5.308226e-02 3.412465e+07 -1.728553e+06 -2.077111e+07 1.001935e+06 1.018115e+08
5.945363e-02 2.598172e+07 8.678335e+03 9.461525e+06 3.677220e+06 1.040304e+08
6.576225e-02 1.604407e+07 3.490902e+05 -1.461089e+07 9.295219e+05 5.144724e+07
7.196633e-02 1.181839e+07 7.551772e+05 -2.825333e+06 -2.277164e+06 4.228686e+07
7.827861e-02 8.563224e+06 -2.833769e+05 -5.287292e+06 2.552812e+06 2.913328e+07
8.470400e-02 6.707488e+06 -8.316259e+03 -3.713368e+06 -5.291465e+05 2.394565e+07
9.096855e-02 5.817266e+06 3.320860e+05 3.663818e+05 3.108439e+05 2.251170e+07
9.720791e-02 3.853088e+06 -1.982498e+05 -4.083234e+06 9.240646e+04 1.148678e+07
1.034763e-01 3.453287e+06 3.174823e+04 -9.871791e+05 -1.602195e+05 1.225618e+07
1.097577e-01 2.530677e+06 1.606100e+04 -2.152326e+06 2.363377e+05 7.303256e+06
1.160543e-01 2.215436e+06 2.360985e+03 -1.219542e+06 -1.663091e+05 6.999854e+06
1.223670e-01 2.057719e+06 4.131295e+04 -2.311392e+05 1.706992e+05 6.925292e+06
1.287014e-01 1.640517e+06 8.560168e+03 -1.070976e+06 -7.856682e+04 4.598912e+06
1.349669e-01 1.526896e+06 6.263498e+04 1.016093e+05 -8.869185e+04 5.213278e+06
1.411950e-01 1.136063e+06 -1.662653e+04 -9.789536e+05 6.396874e+04 2.840584e+06
1.475134e-01 1.116775e+06 5.437246e+04 -4.749812e+05 -1.174940e+05 3.034545e+06
1.537865e-01 9.304838e+05 -2.779217e+04 -6.058942e+05 8.679846e+04 2.168200e+06
1.600658e-01 8.368141e+05 1.607169e+04 -6.908494e+05 -3.346923e+04 1.753719e+06
1.663991e-01 8.280561e+05 -1.295620e+04 -2.342777e+05 7.538098e+04 1.994366e+06
1.727196e-01 6.919239e+05 1.377338e+04 -5.503535e+05 -2.426185e+04 1.294691e+06
1.789765e-01 6.525439e+05 -9.419971e+03 -4.511320e+05 -3.233747e+03 1.277892e+06
1.852354e-01 6.955948e+05 9.634859e+03 6.707330e+03 9.863314e+04 1.752131e+06
1.914807e-01 6.668186e+05 6.036516e+03 -8.023483e+04 -7.380132e+04 1.491054e+06
1.977890e-01 5.862595e+05 6.944248e+03 -1.357239e+05 2.299922e+04 1.142836e+06
2.040938e-01 5.297152e+05 7.966871e+03 -2.648077e+05 -1.428883e+04 8.097326e+05
2.103939e-01 5.310733e+05 -4.423845e+03 -1.499661e+05 1.367092e+04 9.269513e+05
2.166910e-01 4.733034e+05 8.785348e+03 -2.369539e+05 -1.745822e+04 6.329191e+05
2.229700e-01 4.710948e+05 -4.400201e+03 -1.661058e+05 1.116532e+04 6.738839e+05
2.292620e-01 4.600050e+05 4.824549e+03 -1.647216e+05 1.164092e+04 6.124328e+05
2.355142e-01 4.372858e+05 -9.923549e+03 -1.848215e+05 4.194209e+03 4.780130e+05
2.417911e-01 4.383230e+05 5.773281e+03 -1.338201e+05 -9.382687e+02 5.214715e+05
2.480857e-01 4.024145e+05 6.143030e+03 -1.290376e+05 -7.549420e+03 3.951146e+05
2.543492e-01 4.123059e+05 -6.950178e+03 -6.477984e+04 1.333811e+04 4.599949e+05
2.606382e-01 3.936080e+05 1.952944e+03 -1.261451e+05 2.440511e+03 3.437800e+05
2.669301e-01 3.807995e+05 -1.226516e+03 -9.898845e+04 -2.403433e+03 3.124358e+05
2.732424e-01 3.823335e+05 -7.943678e+02 -6.204812e+04 4.425260e+03 3.383658e+05
2.795530e-01 3.613366e+05 -2.066035e+03 -9.353136e+04 1.169099e+03 2.252254e+05
2.858367e-01 3.714652e+05 1.194445e+03 -6.216278e+04 6.498974e+03 2.922462e+05
2.920934e-01 3.613863e+05 -7.030275e+02 -7.988115e+04 1.189889e+04 2.291280e+05
2.983501e-01 3.597102e+05 1.245830e+03 -7.149994e+04 -2.565539e+03 2.482255e+05
3.046383e-01 3.532934e+05 4.156320e+03 -5.557816e+04 -4.664324e+03 2.059520e+05
3.109279e-01 3.457880e+05 -1.907396e+03 -7.886065e+04 5.060756e+03 1.484746e+05
3.172168e-01 3.511508e+05 3.537770e+03 -3.520014e+04 -8.846573e+03 2.326445e+05
3.235188e-01 3.356782e+05 -7.318911e+01 -5.134594e+04 2.523575e+03 1.628015e+05
3.298168e-01 3.418586e+05 -1.353910e+03 -2.160761e+04 2.743339e+03 1.901461e+05
3.361177e-01 3.402851e+05 2.621460e+03 -4.784353e+04 -4.974434e+03 1.542732e+05
3.423729e-01 3.303086e+05 2.702445e+02 -4.669738e+04 3.188640e+02 1.303921e+05
3.486504e-01 3.360828e+05 1.243828e+03 -8.070381e+03 5.448634e+03 1.984512e+05
3.549412e-01 3.303850e+05 1.612781e+03 -9.558044e+03 -5.459890e+03 1.621439e+05
3.611917e-01 3.258994e+05 -2.499509e+03 -3.659726e+04 -1.818099e+03 1.235503e+05
3.674767e-01 3.252611e+05 7.271022e+02 -4.584275e+04 5.440190e+03 1.062424e+05
3.737648e-01 3.199017e+05 -1.738126e+03 -1.710705e+04 4.634748e+02 1.335802e+05
3.800654e-01 3.161465e+05 1.531313e+03 -2.091194e+04 -4.554394e+02 1.089345e+05
3.863540e-01 3.135489e+05 -1.522973e+03 -3.043611e+04 3.772151e+02 9.038221e+04
3.926151e-01 3.236525e+05 3.810989e+02 -1.147797e+04 1.333124e+03 1.165833e+05
3.989274e-01 3.189395e+05 -4.643035e+02 -3.069281e+04 -2.721146e+03 7.944995e+04
4.052074e-01 3.159974e+05 -7.459060e+02 -3.857268e+04 -2.552293e+03 7.266849e+04
4.114917e-01 3.173779e+05 -2.279893e+02 -3.065798e+04 2.987397e+03 7.784611e+04
4.177815e-01 3.144301e+05 6.976320e+02 -3.505707e+04 -1.821648e+03 7.159610e+04
4.240401e-01 3.133023e+05 2.037871e+03 -2.634451e+04 -1.759354e+03 6.830251e+04
4.303426e-01 3.078554e+05 1.270235e+03 -2.651385e+04 9.339521e+02 6.009614e+04
4.366359e-01 3.122396e+05 -6.564587e+02 -1.736751e+04 -7.292283e+03 6.380846e+04
4.428997e-01 3.103267e+05 -1.616082e+01 -1.307264e+04 3.007634e+03 5.756647e+04
4.491635e-01 3.100095e+05 1.053668e+03 9.276413e+02 -3.063112e+03 6.460271e+04
4.554415e-01 3.042186e+05 -3.557557e+02 -1.969438e+04 2.163194e+03 3.731046e+04
4.617635e-01 3.047611e+05 1.741573e+03 -1.506530e+04 -4.943357e+03 3.475395e+04
4.680645e-01 3.074077e+05 8.455140e+02 -9.018701e+02 -4.238512e+02 5.612314e+04
4.743486e-01 3.035837e+05 -5.747241e+02 -1.388727e+04 3.931045e+03 4.380304e+04
4.806356e-01 3.046695e+05 4.015824e+02 -2.036533e+04 1.858198e+03 3.448404e+04
4.869020e-01 3.040764e+05 1.127657e+02 -1.413919e+04 2.116876e+03 4.597507e+04
4.931697e-01 3.045278e+05 1.840666e+02 -1.325888e+04 7.591864e+02 4.314195e+04
4.994507e-01 3.088947e+05 5.245438e+02 -2.269269e+03 -3.786078e+03 6.374612e+04
5.057159e-01 3.060404e+05 -1.304056e+02 -1.938289e+04 2.059081e+03 3.618553e+04
5.119924e-01 3.050643e+05 2.813661e+02 -4.920865e+03 -3.876272e+02 5.472509e+04
5.183126e-01 3.069780e+05 4.012808e+02 -6.810755e+03 -2.043808e+03 3.623605e+04
5.246102e-01 3.003470e+05 -1.049353e+03 -1.185089e+04 6.804250e+02 2.694279e+04
5.308769e-01 3.020242e+05 -3.398259e+02 -2.104841e+04 -1.315151e+03 2.036956e+04
5.371574e-01 2.991757e+05 9.211401e+02 -1.313594e+04 -1.158529e+02 2.824221e+04
5.434580e-01 3.001933e+05 -1.313633e+03 -3.262480e+03 2.796212e+03 3.764505e+04
5.497431e-01 2.998996e+05 2.873679e+02 -1.565681e+04 1.284242e+03 2.603408e+04
5.559938e-01 2.998726e+05 -1.454072e+03 -1.083172e+04 2.736985e+03 2.872577e+04
5.622855e-01 3.021602e+05 3.544169e+02 -1.526970e+04 -1.803173e+03 3.275124e+04
5.686012e-01 2.996962e+05 -1.057177e+03 -8.488384e+03 -2.097027e+03 2.185984e+04
5.748805e-01 3.033938e+05 3.261415e+02 9.951944e+03 3.025401e+03 5.047974e+04
5.811551e-01 2.970888e+05 1.188134e+03 2.932542e+02 -3.106384e+03 3.083618e+04
5.874409e-01 2.972618e+05 3.524771e+01 -9.403470e+03 -1.892491e+03 2.249627e+04
5.937190e-01 2.984579e+05 1.618759e+02 -8.063053e+03 2.795983e+03 2.717649e+04
5.999972e-01 2.973974e+05 1.091552e+03 -5.308261e+03 1.218844e+03 3.414791e+04
6.062680e-01 2.961290e+05 -1.591566e+03 -1.471575e+04 -2.151639e+02 1.529916e+04
6.125470e-01 2.972503e+05 -3.919440e+02 -1.304691e+04 -2.849225e+02 1.274734e+04
6.188487e-01 2.987841e+05 3.064480e+02 -1.025190e+04 -4.313550e+03 1.952191e+04
6.251319e-01 2.946315e+05 -4.375490e+02 -5.776618e+03 1.144354e+03 1.493965e+04
6.314028e-01 2.984016e+05 -4.588579e+01 -4.095242e+03 2.549563e+03 1.762864e+04
6.377004e-01 2.969922e+05 6.827216e+02 -6.644683e+03 -1.075073e+03 1.732662e+04
6.439858e-01 2.965009e+05 -4.851091e+01 -9.573099e+03 -1.346325e+02 1.228640e+04
6.502686e-01 2.969064e+05 -2.488296e+02 -4.172559e+03 -1.516274e+03 1.803262e+04
6.565587e-01 2.977329e+05 1.415563e+02 -5.394980e+03 -7.849916e+02 1.538799e+04
6.628370e-01 2.966776e+05 4.915631e+02 -6.306538e+03 3.168910e+03 2.202733e+04
6.691186e-01 2.981022e+05 -3.111714e+02 2.406944e+03 2.325675e+03 3.043592e+04
6.754071e-01 2.962008e+05 4.258833e+02 -1.651916e+03 -9.270772e+02 2.257932e+04
6.816837e-01 2.987599e+05 -8.118672e+02 2.308762e+03 6.433253e+02 3.580790e+04
6.879601e-01 2.970635e+05 8.671948e+02 -5.976138e+03 -5.944830e+02 9.945658e+03
6.942351e-01 2.975423e+05 -5.343627e+02 -1.874631e+03 6.365110e+01 2.043499e+04
7.005176e-01 2.978696e+05 1.376453e+03 9.230829e+02 -7.811424e+02 1.627813e+04
7.068125e-01 2.972366e+05 -1.500976e+03 -2.603384e+03 1.094356e+03 1.895326e+04
7.131020e-01 2.979130e+05 2.389611e+02 -1.002432e+04 -5.338367e+02 1.354641e+04
7.193919e-01 2.990587e+05 5.387591e+02 -9.476765e+03 -2.497356e+02 1.458318e+04
7.256834e-01 2.994722e+05 2.227111e+02 -1.110004e+04 9.244971e+02 1.886836e+04
7.319668e-01 2.971217e+05 5.618118e+02 -1.160686e+04 1.501529e+03 1.336576e+04
7.382523e-01 2.988954e+05 -1.129758e+03 -8.227084e+03 6.706258e+02 1.961609e+04
7.445266e-01 2.983798e+05 5.584805e+02 -7.730267e+03 -2.647631e+03 2.016931e+04
7.507872e-01 2.961544e+05 -8.482613e+00 -3.820208e+03 -2.726135e+02 1.921612e+04
7.570759e-01 2.953561e+05 3.450189e+02 -9.279849e+03 -4.280739e+02 1.117066e+04
7.633642e-01 2.971100e+05 -4.990393e+02 -1.176576e+04 8.785264e+02 1.195508e+04
7.696464e-01 2.999296e+05 -9.060601e+01 -1.099266e+04 -2.749837e+03 1.927576e+04
7.759395e-01 2.983056e+05 3.832467e+02 -1.619314e+04 1.565814e+03 1.464789e+04
7.822335e-01 2.967436e+05 -4.517376e+02 -1.130426e+04 2.077403e+03 1.474375e+04
7.885323e-01 2.983830e+05 8.672902e+02 -1.008527e+04 8.480638e+02 2.072977e+04
7.947900e-01 2.966592e+05 -1.974804e+02 -1.078213e+04 2.832122e+02 1.519097e+04
8.010492e-01 2.986599e+05 5.092089e+01 -3.396535e+03 -5.303582e+02 1.802231e+04
8.073365e-01 2.970489e+05 2.314058e+02 -3.149881e+03 -4.858940e+02 1.688738e+04
8.136230e-01 2.960590e+05 3.913962e+01 -1.037168e+04 1.293302e+03 1.916454e+04
8.199154e-01 2.957635e+05 -2.570743e+02 -1.286271e+04 1.563441e+03 1.769530e+04
8.261953e-01 2.948593e+05 7.948382e+02 -8.823813e+03 -1.458256e+03 1.637760e+04
8.324898e-01 2.949084e+05 -3.399027e+02 -7.745805e+03 7.356314e+02 1.660305e+04
8.387960e-01 2.960296e+05 3.766270e+02 -8.802612e+03 8.880997e+02 1.205804e+04
8.450635e-01 2.970228e+05 -4.394602e+02 -7.721436e+03 8.594338e+02 1.699899e+04
8.513284e-01 2.957309e+05 2.967829e+02 -6.759870e+03 -1.091104e+03 1.853343e+04
8.576199e-01 2.972004e+05 -8.748182e+01 -6.065117e+03 2.083046e+01 1.748380e+04
8.639059e-01 2.949038e+05 3.036355e+02 -7.647284e+03 2.108772e+02 1.198972e+04
8.701839e-01 2.958331e+05 2.182834e+02 -8.887004e+03 -1.636312e+03 1.362388e+04
8.764642e-01 2.946572e+05 -7.883030e+02 -1.189908e+04 6.826600e+02 9.365373e+03
8.827505e-01 2.956994e+05 -4.723614e+01 -8.378456e+03 5.991570e+02 1.400464e+04
8.890333e-01 2.966125e+05 1.050473e+03 -1.117070e+04 7.374660e+01 1.289119e+04
8.953085e-01 2.973924e+05 2.851969e+02 -9.982762e+03 9.495447e+02 9.180511e+03
9.015957e-01 2.962741e+05 6.007907e+02 -6.357143e+03 -1.789813e+03 1.108625e+04
9.078834e-01 2.967445e+05 -2.783185e+01 -3.905820e+03 -1.178163e+03 1.922700e+04
9.141745e-01 2.953559e+05 2.756262e+02 -4.970981e+03 1.450559e+03 1.120456e+04
9.204632e-01 2.962919e+05 3.939433e+02 -7.061115e+03 -1.666430e+03 1.384469e+04
9.267435e-01 2.948315e+05 -3.239055e+02 -2.860176e+03 -9.345981e+02 1.159442e+04
9.330325e-01 2.969039e+05 -4.315654e+02 -7.363867e+03 -1.482061e+02 1.272385e+04
9.393266e-01 2.947276e+05 2.131620e+02 -1.053665e+04 -6.872914e+02 1.185478e+04
9.455976e-01 2.944735e+05 -1.441217e+02 -7.725859e+03 -7.357754e+02 7.829631e+03
9.518661e-01 2.971176e+05 1.819959e+02 -2.747511e+03 -5.269872e+02 1.298169e+04
9.581414e-01 2.961134e+05 5.805461e+02 -3.115994e+03 -1.743473e+01 7.428967e+03
9.644352e-01 2.946288e+05 -3.344808e+02 -7.461257e+03 2.646153e+03 4.374771e+03
9.707356e-01 2.961409e+05 2.125422e+02 -8.266197e+03 -1.217832e+03 6.407191e+03
9.770081e-01 2.937297e+05 1.637526e+03 -3.800470e+03 -3.261180e+01 6.043892e+03
9.832824e-01 2.947507e+05 -2.376306e+02 -2.740413e+03 -1.150640e+02 7.072509e+03
9.895570e-01 2.951668e+05 -6.028149e+02 -2.796942e+03 9.971930e+02 6.617773e+03
9.958457e-01 2.964331e+05 1.375334e+02 -4.048565e+03 1.189053e+03 1.110034e+04
1.002136e+00 2.950198e+05 3.253651e+02 -4.478790e+03 -9.427513e+02 8.556230e+03
1.008405e+00 2.932607e+05 6.166185e+02 -1.385716e+03 -2.114344e+03 4.905320e+03
1.014694e+00 2.951970e+05 2.255139e+02 -6.154357e+03 -1.553439e+02 -1.740037e+03
1.020993e+00 2.937532e+05 -3.043183e+02 -4.261070e+03 9.129606e+02 4.543807e+03
1.027274e+00 2.946808e+05 6.208262e+02 -4.422438e+03 -1.127388e+02 7.923431e+03
1.033561e+00 2.940942e+05 -4.636888e+02 -1.123083e+03 1.771308e+03 5.304426e+03
1.039849e+00 2.950877e+05 1.043632e+02 -4.766112e+03 -1.387253e+03 4.138948e+03
1.046127e+00 2.936046e+05 -1.901652e+02 -1.696512e+03 5.554592e+02 6.017323e+03
1.052404e+00 2.931687e+05 1.891687e+02 -1.777402e+03 6.068644e+02 7.787113e+03
1.058681e+00 2.945032e+05 -3.644858e+00 -4.327807e+03 1.658602e+03 1.041025e+04
1.064964e+00 2.960938e+05 -3.835826e+01 -2.623497e+03 -1.221751e+03 3.639710e+03
1.071257e+00 2.947803e+05 7.120846e+02 -3.497658e+03 1.534672e+01 3.372061e+03
1.077544e+00 2.953761e+05 -3.399663e+02 -1.677843e+03 8.376075e+02 7.640381e+03
1.083826e+00 2.940048e+05 3.163837e+01 -8.890247e+02 -9.454816e+02 7.283538e+03
1.090109e+00 2.941122e+05 -7.281959e+02 -1.633729e+03 1.085514e+02 8.581262e+03
1.096390e+00 2.960840e+05 3.866399e+02 -2.450137e+03 2.976555e+02 7.496778e+03
1.102681e+00 2.946244e+05 5.703167e+02 -2.401652e+03 9.213176e+02 9.377212e+03
1.108963e+00 2.950365e+05 -8.136211e+01 -2.281323e+03 -1.879469e+03 4.950000e+03
1.115226e+00 2.944713e+05 1.363022e+02 -6.896327e+02 3.111465e+02 1.966034e+03
1.121502e+00 2.943431e+05 -7.877998e+01 -1.349241e+03 2.180956e+02 2.992825e+03
1.127793e+00 2.938226e+05 9.121842e+01 -1.358980e+03 -9.148486e+02 2.373397e+03
1.134090e+00 2.953876e+05 -3.479483e+02 -9.235439e+01 9.547964e+02 1.805848e+03
1.140364e+00 2.933223e+05 5.316664e+02 -1.680321e+03 -5.530858e+02 3.841510e+03
1.146639e+00 2.939943e+05 3.730767e+01 1.387328e+03 1.064694e+03 7.864826e+03
1.152943e+00 2.944485e+05 -1.347656e+02 7.021999e+01 3.485936e+02 8.175683e+03
1.159229e+00 2.941693e+05 -3.919693e+02 -2.066335e+03 -7.217678e+02 3.410832e+03
1.165509e+00 2.934482e+05 6.676509e+02 -1.391758e+03 1.771137e+02 4.432982e+03
1.171793e+00 2.946507e+05 1.488370e+02 -7.866766e+02 -9.494826e+02 5.784621e+03
1.178088e+00 2.937125e+05 8.071534e+02 6.509188e+02 -8.031528e+02 3.440692e+03
1.184368e+00 2.929608e+05 -6.131467e+01 -2.515259e+02 -4.865072e+02 1.738378e+03
1.190635e+00 2.935750e+05 -1.601190e+02 -3.106577e+03 2.039521e+03 2.341243e+03
1.196912e+00 2.930846e+05 5.928831e+02 -2.244376e+03 9.855654e+00 6.051250e+03
1.203202e+00 2.942431e+05 1.587901e+02 -1.604936e+03 -6.802842e+02 7.677085e+03
1.209487e+00 2.930831e+05 -7.076252e+02 -2.808343e+03 1.479896e+03 5.830691e+03
1.215764e+00 2.931038e+05 1.796820e+02 -6.472529e+03 -9.037142e+02 2.523124e+03
1.222051e+00 2.928990e+05 -4.193275e+02 -3.100897e+03 4.921447e+02 5.524234e+03
1.228341e+00 2.943833e+05 3.195183e+02 -6.905684e+02 -1.167913e+03 2.448677e+03
1.234633e+00 2.922337e+05 2.508297e+02 -2.570629e+02 -5.190622e+01 1.189827e+03
1.240903e+00 2.930186e+05 5.438237e+02 1.840100e+03 1.858590e+02 4.153232e+03
1.247175e+00 2.929113e+05 2.014121e+02 1.202170e+03 8.336562e+01 3.986604e+03
1.253466e+00 2.949025e+05 -2.929921e+02 -2.832326e+03 5.986739e+00 1.363279e+03
1.259750e+00 2.936899e+05 -1.875116e+02 -1.938770e+01 -1.709340e+01 1.113241e+03
1.266032e+00 2.924916e+05 5.316747e+02 6.170988e+02 6.695301e+02 5.025269e+03
1.272317e+00 2.931205e+05 3.235150e+02 -4.914071e+02 -1.031027e+03 2.887333e+03
1.278605e+00 2.923720e+05 1.573480e+02 -3.754807e+03 8.657909e+01 1.308458e+03
1.284887e+00 2.923660e+05 -5.473288e+02 -3.829588e+03 1.835263e+03 5.435466e+03
1.291176e+00 2.921005e+05 3.498333e+02 -4.034959e+03 -1.217329e+03 5.359630e+03
1.297466e+00 2.929930e+05 9.677404e+01 7.026977e+02 -7.800114e+02 5.473845e+03
1.303742e+00 2.936482e+05 -1.428862e+02 -1.332605e+03 -1.950351e+02 4.308642e+03
1.310018e+00 2.951255e+05 -1.818132e+02 -1.552024e+03 1.210437e+03 4.205321e+03
1.316302e+00 2.951985e+05 1.494304e+02 -2.065719e+03 3.420189e+02 6.480057e+03
1.322587e+00 2.938169e+05 -2.731570e+02 -3.833192e+02 9.662597e+01 6.370765e+03
1.328866e+00 2.936606e+05 8.149580e+02 -7.773813e+02 3.738958e+02 6.242088e+03
1.335145e+00 2.938565e+05 2.682967e+02 -2.713253e+03 -4.151782e+02 3.526218e+03
1.341441e+00 2.934155e+05 -2.719351e+02 -1.794803e+03 -9.659717e+02 1.990580e+03
1.347731e+00 2.943918e+05 -2.756645e+02 -1.411007e+03 1.842508e+02 2.594944e+03
1.354002e+00 2.929032e+05 2.986426e+02 9.265157e+02 -1.000093e+03 1.169919e+03
1.360283e+00 2.936724e+05 1.220267e+02 1.519300e+03 -9.824728e+01 2.963947e+03
1.366566e+00 2.928796e+05 3.647255e+02 -1.215008e+03 8.498436e+02 6.979649e+01
1.372852e+00 2.922109e+05 -1.873045e+02 -1.997854e+03 6.668297e+02 1.069134e+03
1.379136e+00 2.910342e+05 -1.417283e+02 4.234490e+02 -2.196128e+02 4.424170e+02
1.385410e+00 2.934309e+05 3.973312e+02 3.285601e+02 2.723267e+02 4.926493e+03
1.391699e+00 2.921548e+05 5.068212e+02 -1.040659e+02 -1.659112e+03 3.837037e+03
1.397985e+00 2.920768e+05 -2.814060e+02 -2.811914e+02 -7.697701e+02 1.718036e+03
1.404268e+00 2.927885e+05 3.382250e+02 -1.104367e+03 4.972971e+02 8.802025e+02
1.410555e+00 2.926804e+05 1.652025e+02 1.117788e+03 4.048695e+02 -1.747920e+03
1.416838e+00 2.940785e+05 6.519108e+00 3.212784e+02 9.555122e+02 2.569692e+03
1.423118e+00 2.936603e+05 9.700069e+01 -2.567270e+03 -2.367771e+02 1.143299e+03
1.429398e+00 2.939091e+05 3.050041e+02 -4.316288e+03 7.232145e+02 2.140977e+03
1.435687e+00 2.931112e+05 6.413844e+02 -2.974813e+03 -4.933687e+02 4.050365e+03
1.441977e+00 2.935542e+05 -1.663031e+02 -1.321392e+03 -2.793234e+02 3.721701e+03
1.448254e+00 2.936695e+05 1.951119e+02 1.750497e+03 7.203765e+02 3.103853e+03
1.454532e+00 2.930272e+05 3.423429e+02 -1.634242e+02 -1.221276e+03 1.319425e+03
1.460819e+00 2.921535e+05 -3.460906e+02 1.390204e+02 -5.489905e+02 2.871211e+03
1.467111e+00 2.931583e+05 3.265152e+01 -1.623282e+03 2.202683e+02 1.665359e+03
1.473393e+00 2.938919e+05 2.858828e+02 -4.576982e+02 -3.846686e+02 2.492231e+03
1.479670e+00 2.926314e+05 1.528658e+02 8.763085e+02 4.259033e+01 -1.088022e+03
1.485956e+00 2.925514e+05 1.090378e+02 2.656661e+03 -3.297009e+01 -1.428891e+03
1.492234e+00 2.931429e+05 3.434190e+02 1.846299e+03 7.152155e+02 9.541896e+02
1.498503e+00 2.925096e+05 3.259506e+02 -2.005289e+03 -1.911572e+02 -4.923428e+02
1.504786e+00 2.921917e+05 5.427871e+01 -2.666666e+02 -2.070755e+02 -7.026725e-01
1.511076e+00 2.935276e+05 4.375282e+01 4.629590e+02 4.489753e+02 4.444694e+03
1.517362e+00 2.933665e+05 -3.351657e+02 -4.358609e+02 -1.343315e+03 2.256874e+03
1.523650e+00 2.933394e+05 -1.744662e+01 -1.505570e+03 -9.974089e+01 -2.583498e+03
1.529939e+00 2.931668e+05 2.559803e+02 -1.673114e+03 -8.027668e+02 -2.014270e+03
1.536230e+00 2.921520e+05 -6.412736e+01 -6.906366e+02 3.457039e+02 -1.744325e+03
1.542511e+00 2.922289e+05 4.452885e+02 -2.931524e+03 6.428535e+02 3.209076e+02
1.548784e+00 2.928605e+05 -4.557849e+02 -2.577861e+03 4.999309e+01 1.676034e+02
1.555073e+00 2.935432e+05 6.245243e+02 2.147389e+02 -1.106877e+03 1.138707e+03
1.561357e+00 2.931063e+05 3.398840e+02 1.520657e+03 8.770137e+02 1.614369e+03
1.567629e+00 2.928485e+05 3.781197e+02 3.110330e+01 -9.047575e+01 -1.218856e+03
1.573914e+00 2.924081e+05 -7.261893e+01 -9.532360e+02 2.577377e+01 3.758116e+02
1.580204e+00 2.937922e+05 -1.229770e+02 -8.242712e+02 8.012975e+02 -1.230109e+03
1.586486e+00 2.935758e+05 1.112777e+02 -1.289023e+03 1.845147e+01 -2.825847e+02
1.592760e+00 2.939854e+05 -6.908101e+01 -1.470420e+03 2.357903e+02 8.668848e+02
1.599047e+00 2.935778e+05 -3.424059e+02 -6.119278e+02 -7.911971e+01 6.033239e+01
1.605342e+00 2.928685e+05 3.892742e+02 -6.258344e+02 -3.969998e+02 1.757182e+03
1.611620e+00 2.937838e+05 -1.578977e+02 -1.905268e+03 1.075925e+03 1.222155e+02
1.617898e+00 2.931812e+05 -4.391531e+01 -1.980901e+03 -3.195799e+02 2.144065e+03
1.624183e+00 2.931946e+05 3.628787e+02 3.564639e+02 -1.916234e+03 1.700833e+03
1.630465e+00 2.928608e+05 3.187909e+02 1.140282e+03 4.700473e+02 -2.100773e+03
1.636749e+00 2.934033e+05 -8.972417e+01 -1.137607e+03 1.645191e+03 -1.682007e+03
1.643031e+00 2.921391e+05 1.616047e+02 -1.237528e+03 -6.475854e+02 5.843743e+00
1.649309e+00 2.932082e+05 -3.386228e+00 -1.020944e+03 4.602146e+02 5.019419e+02
1.655594e+00 2.929979e+05 3.286530e+02 -9.689313e+02 5.151536e+02 2.996652e+03
1.661880e+00 2.923380e+05 1.147313e+01 -1.266238e+03 3.332536e+02 2.861134e+03
1.668169e+00 2.926623e+05 -7.141035e+01 -6.505776e+02 1.482616e+02 1.883821e+03
1.674450e+00 2.930287e+05 3.845469e+02 1.046504e+03 -1.318890e+03 -5.713439e+02
1.680723e+00 2.936030e+05 4.333015e+02 -5.375464e+02 2.622823e+02 -2.993680e+02
1.687014e+00 2.927549e+05 3.735282e+02 6.012662e+02 -7.658149e+02 4.674790e+01
1.693309e+00 2.926333e+05 4.624436e+02 -3.862618e+02 2.296990e+02 3.472002e+02
1.699582e+00 2.941828e+05 3.546605e+02 -1.198170e+03 5.334719e+02 2.347959e+03
1.705864e+00 2.935261e+05 4.732181e+01 2.573689e+02 7.227604e+02 4.250653e+03
1.712155e+00 2.933291e+05 -2.280766e+02 5.615684e+00 -8.476982e+01 2.166254e+03
1.718439e+00 2.930224e+05 3.464038e+02 6.967733e+02 8.438045e+02 4.617508e+03
1.724721e+00 2.929542e+05 3.621358e+02 9.907853e+02 -9.724747e+02 3.645793e+03
1.730998e+00 2.918028e+05 -3.185737e+02 -9.251736e+01 -3.250773e+02 -1.059584e+03
1.737287e+00 2.914400e+05 6.482008e+01 -2.786407e+02 7.342731e+02 -1.672742e+02
1.743568e+00 2.919158e+05 9.210901e+01 -1.263856e+03 -3.458421e+02 2.364641e+03
1.749841e+00 2.928218e+05 5.914888e+01 -9.972757e+02 -1.321033e+01 2.459406e+03
1.756129e+00 2.925424e+05 -2.181558e+02 1.011830e+02 -1.340784e+02 1.762045e+03
1.762414e+00 2.920060e+05 5.510421e+02 -1.210295e+03 -8.358663e+02 1.836375e+03
1.768696e+00 2.933554e+05 1.059263e+02 -2.425315e+03 1.885079e+02 1.915742e+03
1.774979e+00 2.930886e+05 2.530007e+02 -3.020556e+03 3.104565e+02 1.598601e+03
1.781266e+00 2.934190e+05 -3.484232e+02 -1.361506e+03 4.902346e+01 2.681629e+03
1.787550e+00 2.925456e+05 5.086900e+01 -7.934485e+02 -5.078969e+02 2.741948e+03
1.793834e+00 2.918148e+05 3.151667e+02 2.072868e+02 1.284051e+02 3.161103e+03
1.800115e+00 2.925742e+05 2.179333e+02 -3.443600e+02 -8.928327e+01 3.111386e+03
1.806394e+00 2.923652e+05 3.134856e+02 1.847141e+03 1.194260e+02 -1.153587e+02
1.812674e+00 2.921729e+05 3.814566e+02 -4.175776e+02 8.346064e+02 1.306962e+03
1.818957e+00 2.916018e+05 3.788690e+02 1.422907e+03 3.095198e+01 1.475906e+03
1.825244e+00 2.924380e+05 -1.708280e+02 1.210265e+03 -8.066592e+02 -6.700255e+02
1.831527e+00 2.930909e+05 5.515915e+01 8.092258e+02 6.363279e+02 -2.639936e+03
1.837811e+00 2.936086e+05 -1.482278e+02 -3.942360e+02 -1.090517e+02 -6.071681e+02
1.844101e+00 2.927986e+05 1.536024e+02 9.326262e+01 6.070353e+01 1.367212e+03
1.850385e+00 2.920683e+05 4.596522e+02 -3.724969e+01 4.213826e+02 1.190099e+03
1.856666e+00 2.924306e+05 1.090697e+02 -5.184703e+01 5.462188e+01 4.835294e+02
1.862948e+00 2.928696e+05 6.801784e+01 -9.607897e+02 -4.606322e+02 1.055353e+03
1.869229e+00 2.921118e+05 -1.929720e+01 -1.019661e+03 6.238722e+01 6.777742e+02
1.875518e+00 2.933347e+05 4.417047e+02 -1.272399e+03 1.958854e+02 9.742621e+02
1.881801e+00 2.923142e+05 2.381866e+02 5.787721e+02 6.307039e+02 2.226350e+03
1.888079e+00 2.928473e+05 4.062473e+01 9.773546e+02 -5.905566e+02 1.920234e+03
1.894354e+00 2.928027e+05 1.450199e+01 2.189626e+03 3.354486e+01 2.025308e+03
1.900643e+00 2.929793e+05 3.324698e+02 2.230368e+03 -2.413839e+02 1.523658e+03
1.906934e+00 2.927192e+05 -1.358494e+02 3.284421e+02 1.182908e+03 -1.276299e+03
1.913208e+00 2.922428e+05 5.676172e+02 3.893799e+02 -5.545849e+02 -4.805502e+02
1.919491e+00 2.928802e+05 9.591642e+00 -3.390528e+02 3.966176e+02 1.345307e+03
1.925777e+00 2.924343e+05 2.463873e+02 -4.143103e+02 -7.613603e+02 1.441728e+03
1.932065e+00 2.928719e+05 -7.504588e+01 -1.416246e+02 1.190164e+03 -1.648557e+03
1.938343e+00 2.928268e+05 4.327753e+02 -1.388948e+03 -3.425938e+02 4.725684e+02
1.944619e+00 2.927704e+05 1.820491e+02 -7.220162e+02 -4.701131e+02 1.125326e+03
1.950906e+00 2.933476e+05 1.657959e+02 3.577921e+02 -5.225885e+02 1.799839e+03
1.957195e+00 2.936758e+05 1.179456e+01 -1.640783e+03 1.187200e+03 1.676916e+03
1.963480e+00 2.926847e+05 1.656974e+02 -1.155024e+03 -6.049672e+02 1.354236e+03
1.969761e+00 2.925697e+05 1.918869e+02 -7.639430e+02 -4.743983e+02 1.509636e+03
1.976049e+00 2.925766e+05 1.691038e+02 -1.212869e+03 -2.239672e+02 3.024046e+03
1.982338e+00 2.925736e+05 1.672531e+02 7.558490e+02 -8.351818e+01 3.024138e+03
1.988618e+00 2.919791e+05 -3.842199e-01 -1.437823e+03 8.811627e+02 5.569333e+02
1.994896e+00 2.921778e+05 2.519725e+02 -2.840251e+03 -5.852150e+02 -1.962626e+03
2.001180e+00 2.925473e+05 -3.610855e+01 8.570316e+02 -1.638758e+02 -5.679869e+02
2.007460e+00 2.928177e+05 3.737163e+02 6.128023e+02 2.823647e+02 -6.353292e+02
2.013738e+00 2.925505e+05 3.038804e+02 -8.506750e+02 1.437649e+02 2.703428e+03
2.020017e+00 2.924947e+05 -1.566881e+02 3.437706e+02 -2.918921e+02 1.354812e+03
2.026310e+00 2.933604e+05 2.030216e+02 -1.838528e+02 3.296217e+01 -3.980830e+02
2.032601e+00 2.931390e+05 2.747527e+02 8.623530e+02 -4.199007e+02 2.503288e+03
2.038874e+00 2.931355e+05 1.082370e+02 -3.195264e+02 -2.107188e+01 2.608987e+03
2.045154e+00 2.930957e+05 2.757408e+02 -1.866306e+03 1.343684e+02 2.641370e+03
2.051445e+00 2.927943e+05 1.360565e+02 -9.538352e+02 9.686774e+01 2.764224e+03
2.057731e+00 2.920223e+05 -5.569035e+01 1.666638e+03 -3.268943e+02 5.294836e+02
2.064014e+00 2.922739e+05 2.088680e+02 9.162707e+02 4.172154e+02 -5.453727e+02
2.070301e+00 2.915325e+05 3.893758e+01 1.062628e+03 -1.970291e+02 -1.348226e+02
2.076590e+00 2.919634e+05 1.838794e+02 1.367596e+03 7.808026e+02 1.319475e+03
2.082866e+00 2.925761e+05 1.405841e+02 2.933039e+02 5.387399e+01 1.587151e+03
2.089135e+00 2.928313e+05 -1.069893e+02 1.744885e+03 4.493249e+02 3.504023e+02
2.095424e+00 2.929274e+05 4.997991e+02 -3.659115e+02 5.373551e+02 -1.099717e+02
2.101708e+00 2.922128e+05 4.036360e+02 -6.922974e+02 -8.680226e+02 1.213400e+03
2.107987e+00 2.923231e+05 9.681876e+01 6.892054e+02 -1.282873e+03 8.563401e+02
2.114272e+00 2.923318e+05 6.302312e+01 1.290678e+03 7.830187e+02 1.203562e+03
2.120553e+00 2.922117e+05 2.656403e+02 1.432598e+03 3.330673e+02 1.898181e+03
2.126837e+00 2.924852e+05 9.965191e+00 2.530717e+02 -1.413618e+02 6.919202e+02
2.133122e+00 2.932492e+05 -1.426457e+02 2.456720e+02 -5.711600e+02 -8.218522e+01
2.139412e+00 2.928488e+05 5.013530e+02 -1.609539e+03 3.069849e+02 1.513896e+02
2.145697e+00 2.926997e+05 3.077503e+02 -1.432874e+02 -1.642187e+02 -4.387093e+01
2.151974e+00 2.925089e+05 3.292353e+02 9.134886e+02 7.584863e+01 1.625800e+03
2.158260e+00 2.920779e+05 4.008149e+02 -1.246134e+03 7.948286e+02 -1.644807e+03
2.164546e+00 2.930902e+05 6.365408e+01 -1.197997e+03 -5.860538e+01 2.645455e+02
2.170831e+00 2.933112e+05 1.568901e+02 1.253205e+03 -2.209206e+02 6.102002e+02
2.177115e+00 2.929318e+05 3.504052e+02 5.174128e+02 -1.996129e+02 -5.795645e+02
2.183388e+00 2.925977e+05 -7.643375e+01 1.408112e+03 4.303993e+01 -5.191100e+02
2.189670e+00 2.932385e+05 2.290560e+02 -4.965805e+02 5.971914e+02 1.818394e+03
2.195960e+00 2.922842e+05 3.049377e+02 -5.811272e+02 -9.221469e+02 2.700374e+02
2.202243e+00 2.924350e+05 1.249465e+02 -3.539975e+02 -2.830945e+02 1.747835e+03
2.208522e+00 2.919881e+05 5.551532e+01 9.630533e+00 3.726544e+02 1.407834e+03
2.214805e+00 2.922459e+05 1.971951e+02 -5.965085e+02 2.112858e+02 1.652232e+03
2.221093e+00 2.925733e+05 1.898214e+02 -2.114352e+02 2.569245e+02 -4.895959e+02
2.227373e+00 2.926774e+05 3.071941e+02 8.703341e+00 5.165168e+02 -5.331562e+02
2.233657e+00 2.930197e+05 -6.709819e+01 -3.628499e+02 3.393220e+02 9.684128e+02
2.239944e+00 2.924207e+05 -1.829528e+02 -6.071046e+02 5.883105e+02 2.112163e+03
2.246224e+00 2.925811e+05 4.163799e+02 1.707590e+03 -1.005380e+03 1.973089e+03
2.252507e+00 2.929752e+05 1.456904e+02 -5.902319e+02 2.757997e+02 1.660283e+02
2.258784e+00 2.932407e+05 1.212999e+02 -1.003749e+03 5.613436e+01 9.931362e+02
2.265069e+00 2.932275e+05 6.673415e+02 6.762473e+01 -6.175256e+02 -1.555331e+03
2.271351e+00 2.923159e+05 1.993173e+02 2.156147e+02 3.288640e+02 -6.377919e+02
2.277634e+00 2.918483e+05 -1.086133e+01 3.416263e+02 9.903315e+02 -8.719483e+02
2.283923e+00 2.918982e+05 4.560209e+02 -3.250812e+02 -4.219383e+02 2.572128e+02
2.290203e+00 2.922272e+05 2.382934e+02 -8.625698e+02 -7.904438e+02 1.436126e+03
2.296491e+00 2.918276e+05 4.058544e+02 4.471536e+02 4.247468e+02 1.267350e+03
2.302772e+00 2.924874e+05 1.957170e+02 -4.334440e+02 -7.419804e+00 1.477998e+03
2.309052e+00 2.936664e+05 2.188300e+02 -1.169010e+03 5.221521e+02 1.839948e+03
2.315339e+00 2.922077e+05 3.463440e+02 -9.719495e+02 -1.398471e+02 1.775413e+03
2.321628e+00 2.927139e+05 -8.606893e+01 -1.196107e+03 4.058941e+02 1.917205e+03
2.327912e+00 2.924301e+05 1.811389e+01 -3.581034e+02 -7.970305e+02 2.905713e+03
2.334187e+00 2.922552e+05 3.108039e+02 3.455231e+02 -1.908248e+02 1.158962e+03
2.340468e+00 2.925683e+05 1.556409e+02 1.399292e+02 -5.073951e+02 -5.079610e+01
2.346757e+00 2.926028e+05 -1.711035e+02 -3.967427e+02 1.053465e+03 9.497054e+02
2.353045e+00 2.922695e+05 2.407079e+02 -4.932248e+02 -2.791600e+02 3.567921e+02
2.359328e+00 2.922517e+05 6.977952e+01 1.464376e+03 -1.397837e+01 -9.117439e+01
2.365603e+00 2.930339e+05 -2.658204e+01 4.901092e+02 -3.529940e+02 2.116352e+02
2.371886e+00 2.931281e+05 1.598604e+02 6.581683e+02 4.419091e+02 -2.365362e+02
2.378173e+00 2.923190e+05 3.400395e+02 -6.524224e+02 -1.830567e+02 3.768048e+02
2.384454e+00 2.919689e+05 6.760802e+01 -7.414257e+02 8.772432e+02 -3.328376e+02
2.390737e+00 2.916887e+05 2.818895e+02 -5.629960e+02 -5.451101e+02 1.621358e+03
2.397014e+00 2.924579e+05 3.165008e+02 -1.038573e+03 -4.433836e+02 1.579817e+03
2.403296e+00 2.925355e+05 1.796298e+02 1.691082e+02 1.600735e+02 3.809926e+02
2.409585e+00 2.918192e+05 2.644618e+02 9.633323e+02 -1.146252e+01 9.931893e+02
2.415872e+00 2.925366e+05 4.644877e+02 3.286609e+02 -6.214421e+02 3.662932e+02
2.422161e+00 2.927706e+05 9.091705e+01 -1.524151e+03 1.002999e+02 -1.554510e+03
2.428441e+00 2.926227e+05 3.150703e+02 -1.911581e+03 -5.823170e+02 -1.012057e+03
2.434718e+00 2.924282e+05 7.579678e+01 -1.065754e+03 -8.198126e+01 -1.693112e+03
2.441003e+00 2.927617e+05 3.691269e+01 5.214039e+02 3.146827e+02 -1.908552e+02
2.447290e+00 2.934476e+05 2.174633e+02 -1.403386e+02 -1.886209e+02 -2.218107e+03
2.453572e+00 2.929660e+05 5.014869e+01 2.164251e+02 -8.065610e+01 -6.477388e+02
2.459853e+00 2.926118e+05 3.513563e+02 3.476670e+02 8.522609e+02 6.638361e+02
2.466140e+00 2.933198e+05 -5.353266e+01 1.710621e+02 -5.718278e+01 3.668978e+02
2.472422e+00 2.927440e+05 4.206770e+02 -3.441686e+02 -3.190530e+02 -6.488576e+02
2.478699e+00 2.928870e+05 1.348410e+02 6.054448e+02 6.974456e+02 -4.927493e+02
2.484981e+00 2.928145e+05 2.081164e+02 4.274982e+02 4.473882e+02 -2.968306e+02
2.491270e+00 2.922171e+05 -4.641307e+01 -1.230335e+03 1.054348e+02 1.973388e+02
2.497549e+00 2.929593e+05 2.450693e+02 6.681451e+02 5.504585e+01 1.725211e+03
2.503832e+00 2.927586e+05 1.339152e+02 -3.598289e+02 -5.522275e+02 5.019831e+02
2.510118e+00 2.928480e+05 2.060528e+02 -7.341809e+02 5.495002e+02 -7.139910e+02
2.516401e+00 2.930527e+05 4.112676e+02 -1.271975e+02 -4.675041e+02 1.281568e+03
2.522688e+00 2.927538e+05 3.398216e+02 -1.069494e+03 5.039172e+02 -1.875836e+02
2.528972e+00 2.927287e+05 2.265661e+02 -1.038787e+03 -2.709608e+02 3.151844e+02
2.535252e+00 2.923180e+05 3.560497e+02 8.461362e+01 -2.885652e+02 5.893063e+02
2.541538e+00 2.923554e+05 2.312025e+02 6.792523e+02 2.333365e+02 1.940554e+03
2.547823e+00 2.914666e+05 1.687380e+02 9.827925e+02 -6.969286e+02 1.882664e+02
2.554101e+00 2.923558e+05 4.156174e+01 1.017254e+03 2.528369e+02 1.091711e+03
2.560377e+00 2.923216e+05 2.621342e+02 1.430343e+03 1.484538e+02 3.548089e+02
2.566668e+00 2.922432e+05 -1.101861e+02 -1.043801e+03 -2.484274e+02 -2.894366e+02
2.572955e+00 2.921503e+05 3.387556e+02 -3.934019e+02 5.275219e+01 6.840009e+02
2.579234e+00 2.921464e+05 1.061693e+02 4.642007e+02 -2.050279e+02 3.217137e+03
2.585521e+00 2.924355e+05 3.618527e+02 -4.773571e+02 -3.139308e+02 2.661235e+03
2.591805e+00 2.926658e+05 2.208925e+02 3.881247e+02 2.904469e+02 2.241542e+03
2.598084e+00 2.924994e+05 2.761574e+02 2.131521e+02 1.045663e+02 1.724688e+03
2.604361e+00 2.925826e+05 4.429590e+02 6.309346e+02 1.404439e+02 4.767685e+02
2.610647e+00 2.931075e+05 7.134096e+00 9.182845e+02 -3.052878e+02 3.242530e+02
2.616932e+00 2.926309e+05 3.709262e+02 1.302760e+03 -1.682851e+02 2.489608e+02
2.623206e+00 2.928730e+05 1.492611e+02 8.920826e+02 7.024274e+02 2.697497e+03
2.629492e+00 2.928742e+05 3.324296e+01 6.271722e+02 -1.230821e+00 -2.400777e+02
2.635779e+00 2.926256e+05 1.099237e+02 7.266387e+02 -2.502205e+02 -7.368679e+02
2.642061e+00 2.921531e+05 2.886836e+02 3.758859e+02 -1.622108e+02 -9.265009e+02
2.648344e+00 2.926579e+05 9.639842e+01 -3.238842e+02 4.702430e+02 2.378749e+02
2.654632e+00 2.920246e+05 3.575677e+02 -6.949398e+02 1.865248e+02 1.133426e+03
2.660919e+00 2.915488e+05 2.302082e+02 -5.525659e+02 -7.559139e+02 -2.817705e+02
2.667199e+00 2.919247e+05 3.202062e+02 -1.600323e+02 -1.542461e+02 -1.232444e+03
2.673485e+00 2.924050e+05 3.140780e+02 -1.546271e+02 8.106969e+01 -1.178758e+03
2.679774e+00 2.924380e+05 2.748596e+02 1.436047e+03 6.911144e+02 -6.288040e+02
2.686058e+00 2.926721e+05 1.594128e+02 9.353840e+02 -1.902653e+02 3.142548e+02
2.692339e+00 2.924056e+05 6.928880e+01 -6.638736e+01 -1.120606e+02 6.330095e+02
2.698618e+00 2.923145e+05 2.560472e+02 1.079735e+03 -5.023649e+02 -4.913278e+02
2.704896e+00 2.925389e+05 1.688043e+01 1.148875e+03 4.406327e+02 9.393132e+01
2.711176e+00 2.920336e+05 2.665692e+02 -3.390008e+02 -4.806105e+02 1.043418e+03
2.717460e+00 2.923565e+05 5.495768e+02 -6.464854e+02 5.275482e+01 1.101494e+02
2.723746e+00 2.920994e+05 4.517061e+02 -8.444898e+01 -4.364426e+02 -9.825436e+02
2.730039e+00 2.923170e+05 1.425506e+02 1.860047e+02 3.358855e+02 4.258673e+02
2.736319e+00 2.923552e+05 2.913813e+02 3.963517e+02 -3.468211e+02 1.705333e+03
2.742592e+00 2.922001e+05 2.514671e+02 4.873907e+02 2.492554e+02 1.864671e+03
2.748880e+00 2.925954e+05 8.395098e+01 -9.240289e+02 -6.850430e+01 2.370557e+02
2.755164e+00 2.920305e+05 2.132545e+02 -4.070363e+02 4.947268e+02 1.503174e+03
2.761447e+00 2.918697e+05 2.696564e+02 -8.527155e+02 5.773462e+01 1.035908e+03
2.767733e+00 2.925443e+05 2.215559e+02 -3.022470e+02 2.597540e+02 1.650648e+03
2.774016e+00 2.924887e+05 3.108068e+02 3.116045e+02 -5.676075e+01 1.363249e+03
2.780299e+00 2.929169e+05 -2.814313e+01 -1.187933e+03 2.772842e+02 1.049712e+03
2.786578e+00 2.919822e+05 1.968201e+02 7.121693e+01 -2.895089e+02 4.747128e+02
2.792858e+00 2.927062e+05 2.908817e+02 -7.428908e+02 -6.639238e+02 -5.749042e+02
2.799144e+00 2.925160e+05 2.044904e+02 -8.363159e+02 3.994123e+02 -8.019361e+02
2.805430e+00 2.930817e+05 1.486109e+02 -1.543694e+02 4.873231e+02 1.316235e+03
2.811715e+00 2.924415e+05 3.740376e+02 2.876853e+02 -1.175587e+02 1.052508e+03
2.817989e+00 2.919728e+05 2.603251e+02 -8.442715e+02 -2.130189e+02 -1.635532e+02
2.824269e+00 2.924449e+05 1.946368e+02 -2.177827e+02 1.726208e+02 -4.029365e+02
2.830563e+00 2.927914e+05 4.427665e+02 -1.822666e+02 3.932068e+02 1.031140e+03
2.836849e+00 2.924502e+05 -5.043801e+01 -8.352579e+02 6.993667e+02 1.663950e+02
2.843130e+00 2.928283e+05 4.547909e+02 -2.296643e+02 -4.522573e+02 8.521583e+02
2.849414e+00 2.931458e+05 3.195796e+02 -2.372437e+01 7.406348e+01 3.965196e+02
2.855698e+00 2.931792e+05 9.149846e+01 -1.865072e+03 -2.740723e+02 1.074268e+03
2.861979e+00 2.926929e+05 1.405234e+02 -5.610233e+02 3.729349e+02 -4.976022e+02
2.868263e+00 2.933620e+05 4.675348e+02 2.705853e+02 -2.030465e+02 -3.880523e+02
2.874548e+00 2.929589e+05 1.501055e+02 1.639635e+02 -2.434264e+02 1.215025e+03
2.880831e+00 2.929867e+05 3.578255e+02 9.950574e+01 -1.549214e+02 2.456280e+02
2.887114e+00 2.924837e+05 2.227230e+02 -6.156258e+01 -5.976224e+02 -3.411593e+02
2.893395e+00 2.926525e+05 1.008948e+02 -5.077970e+02 -3.107804e+01 9.937933e+02
2.899674e+00 2.923948e+05 4.610473e+02 -1.159672e+03 5.459628e+02 4.184705e+02
2.905954e+00 2.928233e+05 2.754870e+02 -3.092884e+02 -5.881976e+02 1.161057e+03
2.912241e+00 2.923859e+05 1.383924e+02 3.422349e+02 -1.567488e+02 1.682635e+02
2.918527e+00 2.926212e+05 2.481751e+02 -1.068615e+03 8.029419e+01 -1.046655e+03
2.924810e+00 2.927355e+05 2.771320e+02 1.908870e+02 8.477241e+02 2.500354e+02
2.931096e+00 2.930850e+05 1.340128e+02 -9.277342e+01 -1.945784e+01 1.266710e+03
2.937378e+00 2.927691e+05 8.848961e+01 -3.951042e+02 -4.917745e+02 7.879071e+01
2.943660e+00 2.926884e+05 5.103977e+02 -1.137248e+02 -1.734768e+02 -1.477533e+03
2.949947e+00 2.927952e+05 3.181685e+01 -4.354697e+02 4.867584e+02 -8.689122e+02
2.956228e+00 2.926815e+05 1.264826e+02 -1.172245e+03 3.253820e+02 1.556036e+03
2.962511e+00 2.925656e+05 2.451514e+02 -1.653209e+02 -4.345512e+02 1.669702e+03
2.968797e+00 2.930298e+05 1.831410e+02 -3.823368e+02 -1.517637e+02 7.845466e+02
2.975078e+00 2.933421e+05 4.217306e+02 3.241828e+02 -1.346368e+02 5.316354e+02
2.981360e+00 2.926945e+05 4.023521e+02 7.300481e+02 5.463071e+01 6.130671e+02
2.987647e+00 2.930980e+05 1.817270e+02 1.686978e+02 3.613972e+02 8.072063e+02
2.993930e+00 2.925525e+05 3.231283e+02 -5.615496e+02 -7.426573e+02 -2.658545e+02
3.000207e+00 2.925633e+05 1.699427e+02 -8.877012e+02 -1.045855e+01 -4.337140e+02
3.006486e+00 2.922669e+05 2.373872e+02 -1.320203e+03 -1.991793e+02 -1.475874e+03
3.012770e+00 2.927200e+05 1.075615e+02 -4.339827e+01 4.238088e+01 -1.211966e+03
3.019053e+00 2.927405e+05 3.267703e+02 7.349132e+01 8.251482e+02 -1.365362e+03
3.025338e+00 2.933427e+05 2.932607e+02 -7.230187e+02 2.369593e+02 1.609970e+03
3.031624e+00 2.931154e+05 2.666205e+02 -5.124909e+02 -4.556941e+02 1.884277e+03
3.037909e+00 2.918670e+05 3.097975e+02 -2.596433e+02 -5.429980e+02 -3.539654e+02
3.044195e+00 2.921140e+05 1.260196e+02 -7.072717e+02 -1.257503e+02 -2.934403e+02
3.050476e+00 2.925099e+05 2.761389e+02 -5.423649e+02 -3.274343e+02 -1.275758e+03
3.056755e+00 2.926366e+05 5.280826e+02 4.698582e+02 -3.527490e+02 -6.228908e+01
3.063041e+00 2.923328e+05 3.037810e+02 8.372641e+02 -1.019255e+02 6.806995e+02
3.069324e+00 2.929216e+05 2.452291e+02 8.207882e+02 1.234101e+03 9.238384e+02
3.075611e+00 2.925887e+05 9.330261e+01 -7.189968e+01 -3.387628e+02 -9.302343e+01
3.081894e+00 2.923734e+05 3.624534e+02 -8.559136e+02 1.100170e+02 1.238734e+02
3.088175e+00 2.923806e+05 1.754716e+02 -5.083294e+01 -2.784848e+02 1.744112e+02
3.094459e+00 2.927595e+05 3.699590e+02 -5.478937e+02 -8.211488e+01 2.476051e+02
3.100744e+00 2.922579e+05 4.787527e+02 -1.021619e+03 -1.575949e+02 -8.495765e+02
3.107028e+00 2.926486e+05 1.906835e+02 -4.286207e+01 4.599543e+02 6.389818e+02
3.113310e+00 2.925092e+05 5.248994e+02 -5.659893e+01 -6.108101e+02 -4.407669e+02
3.119591e+00 2.927065e+05 2.496572e+02 -6.808093e+02 5.035183e+02 7.310231e+02
3.125874e+00 2.928414e+05 3.026992e+02 9.478604e+02 -1.577987e+02 9.778247e+02
3.132159e+00 2.930024e+05 1.877455e+02 -6.157425e+02 5.654167e+02 1.425283e+03
3.138439e+00 2.924374e+05 3.874322e+02 -2.181600e+02 -4.543491e+02 6.404288e+02
3.144724e+00 2.924912e+05 2.210277e+02 6.731476e+02 2.124259e+02 4.283557e+02
3.151004e+00 2.922769e+05 2.004515e+02 1.390719e+02 -8.998760e+01 -1.853186e+02
3.157284e+00 2.929585e+05 1.403096e+02 4.506023e+01 2.308085e+02 -8.707636e+02
3.163570e+00 2.930463e+05 2.851704e+02 -1.075014e+03 -4.402118e+02 -1.217623e+03
3.169852e+00 2.925673e+05 3.260296e+02 -1.115941e+03 7.213573e+01 5.244493e+01
3.176138e+00 2.928190e+05 2.265238e+02 -8.024880e+01 2.258287e+01 2.426339e+02
3.182421e+00 2.928211e+05 1.388338e+02 -3.121175e+02 -2.371292e+02 -4.244064e+02
3.188703e+00 2.926079e+05 3.370604e+02 -1.510679e+02 1.687471e+02 -1.211986e+02
3.194991e+00 2.921818e+05 3.892048e+02 1.035802e+03 2.693780e+02 1.317326e+03
3.201276e+00 2.923801e+05 4.388951e+01 5.024950e+02 1.161945e+02 2.301112e+03
3.207552e+00 2.924327e+05 5.542734e+02 -4.304409e+02 2.010404e+02 1.865720e+03
3.213835e+00 2.928860e+05 2.832315e+02 -4.207161e+02 -3.841139e+02 1.582275e+03
