# k, q0, q1/i, q2, q3/i, q4, norm, alpha = 0.40345691268593964, 0.019180352441928786
0.000000e+00 4.794263e+10 0.000000e+00 0.000000e+00 0.000000e+00 -3.648665e+10
8.899642e-03 1.079190e+08 -1.321256e+07 1.963301e+08 -4.544780e+08 2.767699e+08
1.507912e-02 1.229062e+07 3.227740e+06 2.883612e+07 3.991347e+07 -1.931420e+07
2.144790e-02 2.529430e+06 8.775891e+05 -2.664344e+06 2.598576e+06 -2.674189e+06
2.783661e-02 1.115540e+06 -7.279959e+05 1.742391e+06 -1.249256e+06 -8.639184e+04
3.435100e-02 3.780745e+05 1.369605e+05 6.399366e+05 2.262322e+05 -4.550393e+05
4.047887e-02 2.319166e+05 4.407627e+04 -8.591041e+04 1.634722e+05 7.538391e+04
4.676717e-02 1.270774e+05 -4.392295e+04 9.926028e+04 -3.599723e+04 -1.958755e+04
5.308226e-02 6.024277e+04 4.666578e+03 6.106536e+04 -1.087778e+03 -8.930048e+04
5.945363e-02 5.364975e+04 7.473203e+02 2.458822e+04 3.548547e+03 2.152227e+04
6.576225e-02 3.417022e+04 7.190063e+02 1.697187e+04 7.841190e+03 -7.522844e+03
7.196633e-02 2.751864e+04 1.890937e+03 1.018580e+04 4.274796e+03 -1.787783e+04
7.827861e-02 1.962053e+04 -2.306807e+03 9.426452e+02 -5.188725e+03 3.713000e+03
8.470400e-02 1.350527e+04 -1.832690e+03 9.207039e+03 -7.283104e+02 -1.266976e+04
9.096855e-02 1.235840e+04 2.228865e+03 7.311362e+03 3.554823e+03 -5.350447e+03
9.720791e-02 7.540722e+03 -4.597438e+01 -3.543237e+03 -1.103175e+03 2.047800e+03
1.034763e-01 6.940339e+03 -8.159965e+02 5.001187e+03 -7.115925e+02 -2.757351e+03
1.097577e-01 6.280730e+03 1.388908e+03 1.875965e+03 2.052933e+03 -2.266330e+03
1.160543e-01 4.756979e+03 -3.026173e+02 -1.588020e+03 -7.353900e+02 -1.860594e+02
1.223670e-01 5.142881e+03 -2.353504e+02 2.059790e+03 -2.715410e+02 -9.548968e+02
1.287014e-01 4.076839e+03 3.798627e+02 1.110061e+02 -3.486543e+01 -8.305592e+02
1.349669e-01 4.025726e+03 -2.567277e+02 3.043565e+02 -7.410146e+02 7.707814e+02
1.411950e-01 3.700462e+03 -1.542434e+02 1.046986e+03 -4.326741e+01 -8.507263e+02
1.475134e-01 3.384450e+03 1.567944e+02 1.724385e+02 4.115399e+02 -1.152422e+03
1.537865e-01 3.471700e+03 7.122154e+01 2.731187e+02 4.917230e+01 9.947292e+01
1.600658e-01 2.835701e+03 -9.781400e+01 -8.505327e+01 1.631575e+02 -5.960402e+02
1.663991e-01 2.885848e+03 1.383469e+01 3.856135e+02 -1.310235e+02 -6.773823e+02
1.727196e-01 2.682622e+03 6.214305e+01 2.122814e+02 -9.067719e+00 3.319169e+02
1.789765e-01 2.601242e+03 -3.626143e+01 1.871876e+02 4.561217e+01 -3.203719e+02
1.852354e-01 2.494779e+03 3.568200e+01 -1.891345e+01 8.504704e+01 -4.335762e+02
1.914807e-01 2.346868e+03 1.743093e+01 -1.387888e+02 -1.403487e+02 -2.155018e+02
1.977890e-01 2.435684e+03 -5.292484e+00 1.462069e+02 -2.600777e+01 -2.636739e+01
2.040938e-01 2.261599e+03 2.556062e+01 -8.449178e+01 4.919718e+01 -2.208511e+02
2.103939e-01 2.213898e+03 3.259553e+01 6.245331e+01 1.819743e+01 9.687998e+01
2.166910e-01 2.139266e+03 -1.555074e+01 -1.552210e+02 -6.066373e+00 2.592578e+01
2.229700e-01 2.101630e+03 -1.760252e+01 -4.488358e+01 -2.056332e+01 -2.163419e+02
2.292620e-01 2.146072e+03 9.455486e+00 7.736063e+01 -1.372367e+01 -1.177246e+00
2.355142e-01 2.029469e+03 2.512629e+01 -5.102423e+01 4.916395e+01 4.319949e+01
2.417911e-01 2.054998e+03 -6.759802e+00 -2.407123e+01 2.876527e+01 -2.057833e+02
2.480857e-01 2.043578e+03 1.971243e+00 3.450549e+01 -1.171873e+01 -1.621457e+01
2.543492e-01 1.990692e+03 -2.026011e+00 -1.199191e+01 6.576300e+00 -9.697383e+01
2.606382e-01 1.979964e+03 -9.028552e+00 -5.314333e+00 2.727332e+01 2.868961e+01
2.669301e-01 1.965790e+03 2.123800e+01 3.648778e+01 6.323853e+00 -5.477453e+01
2.732424e-01 1.992728e+03 -1.763227e+01 -4.106498e+01 1.513127e+01 2.252763e+01
2.795530e-01 1.937292e+03 1.301725e+01 1.708412e+00 -3.423933e+01 -1.471336e+01
2.858367e-01 1.910532e+03 -1.440787e+01 -7.684415e+01 -5.672842e+01 -2.296474e+01
2.920934e-01 1.934034e+03 4.483656e+00 6.510204e+01 -8.390181e+00 7.505108e+01
2.983501e-01 1.903125e+03 3.732228e+00 -8.925977e+01 2.311272e+01 -2.840076e+01
3.046383e-01 1.895453e+03 -1.581518e+00 -1.403100e+01 2.256394e+01 -7.777112e+00
3.109279e-01 1.877812e+03 5.369329e+00 -3.843900e+01 -3.802446e+01 -3.726631e+00
3.172168e-01 1.855703e+03 -3.160955e+00 2.983763e+01 -3.878676e+00 -5.022643e+01
3.235188e-01 1.869472e+03 1.075083e+01 -4.012241e+01 4.034716e+01 -4.414669e+01
3.298168e-01 1.843854e+03 1.199615e+00 -3.985106e+01 -2.551290e+01 -1.962402e+01
3.361177e-01 1.864229e+03 -3.010211e+00 -4.746555e+01 5.143895e+00 -7.965040e+00
3.423729e-01 1.809602e+03 -1.210875e+01 -6.069580e+01 2.602334e+01 -3.525764e+01
3.486504e-01 1.826537e+03 -1.839169e+00 -6.648940e+01 3.223941e+01 -3.243182e+00
3.549412e-01 1.839765e+03 1.189245e+00 2.977031e+01 -2.370635e+01 -5.020998e+01
3.611917e-01 1.816678e+03 8.012568e+00 1.161152e+01 -4.401270e+00 -7.085432e+01
3.674767e-01 1.815866e+03 -2.325913e+00 -2.619353e+01 7.666657e+00 -2.433578e+01
3.737648e-01 1.802534e+03 -8.221513e+00 -1.731865e+01 5.646337e+00 -1.510789e+01
3.800654e-01 1.801772e+03 -5.974514e-01 -4.198646e+01 -2.391531e+00 -7.997380e+01
3.863540e-01 1.816115e+03 8.243951e+00 -2.395653e+01 -1.507222e+01 -3.633669e+01
3.926151e-01 1.786018e+03 4.774713e+00 -4.393972e+01 -8.967768e+00 -2.276693e+01
3.989274e-01 1.816817e+03 -1.747281e+00 2.949027e+01 1.109413e+01 -2.755303e+01
4.052074e-01 1.826382e+03 1.144735e+01 3.410141e+01 -8.278079e+00 -9.904372e+00
4.114917e-01 1.791852e+03 -3.499942e+00 1.072536e+01 -1.938739e+00 -5.437280e+01
4.177815e-01 1.791078e+03 5.277705e+00 -1.012869e+01 -2.283606e+01 -5.665648e+01
4.240401e-01 1.789305e+03 -1.220946e+01 -2.837702e+01 2.418218e+00 2.395845e+01
4.303426e-01 1.797139e+03 4.027455e+00 1.081882e+00 -1.217557e+01 -1.578801e+00
4.366359e-01 1.779017e+03 6.578763e+00 -2.868048e+01 2.644002e+01 1.256332e+01
4.428997e-01 1.778277e+03 -5.338319e+00 4.070065e+00 1.095597e+01 2.914318e+01
4.491635e-01 1.798829e+03 3.355564e+00 -7.390430e+01 -1.310991e+01 -7.901004e+00
4.554415e-01 1.796069e+03 -6.097131e+00 -5.303722e+00 -2.256747e+00 -1.720030e+01
4.617635e-01 1.767373e+03 -8.143544e+00 2.872166e+01 1.339259e+01 -2.967410e+01
4.680645e-01 1.770431e+03 -3.574261e+00 2.040245e+00 -3.907639e+00 3.339728e+01
4.743486e-01 1.778676e+03 1.874139e-01 -3.071565e+01 -1.919807e+01 -8.884975e+00
4.806356e-01 1.786019e+03 -3.577768e+00 3.855610e+00 -6.798004e-02 8.089132e+00
4.869020e-01 1.760711e+03 7.399475e+00 4.634978e-01 -1.688591e+00 3.059108e+01
4.931697e-01 1.792082e+03 7.574033e-01 1.167279e+01 1.286647e+01 -4.251567e+01
4.994507e-01 1.794154e+03 1.423765e+00 4.476039e+00 1.445272e+01 -2.030062e+01
5.057159e-01 1.806448e+03 -3.124873e+00 2.529808e+00 -2.912702e+01 -2.132347e+01
5.119924e-01 1.794737e+03 6.873435e-01 3.859355e-01 1.252541e+01 -5.577545e+01
5.183126e-01 1.768689e+03 2.874032e+00 5.272065e+00 1.657702e+01 2.936082e+01
5.246102e-01 1.792912e+03 -6.628562e-01 -2.264967e+01 -6.365345e+00 5.351784e+01
5.308769e-01 1.771927e+03 -4.244045e+00 -4.575203e+01 -1.018991e+01 -1.839145e+01
5.371574e-01 1.786542e+03 3.497955e+00 1.857610e+01 1.407452e+01 2.921066e+01
5.434580e-01 1.808862e+03 -2.793486e+00 -4.139798e+01 2.109630e+00 -3.697882e+01
5.497431e-01 1.792720e+03 1.691913e+00 -1.590727e+01 7.164963e+00 -5.833102e+00
5.559938e-01 1.791169e+03 -1.670912e+00 -1.297980e+01 -1.126205e+01 6.692955e+00
5.622855e-01 1.777692e+03 -2.915431e+00 -2.605767e+01 -3.589587e+00 -2.484026e+01
5.686012e-01 1.800427e+03 3.737309e+00 -3.605492e+01 4.289207e+00 1.084469e+01
5.748805e-01 1.804696e+03 7.513720e+00 -1.291008e+01 1.653953e+01 -1.906111e+01
5.811551e-01 1.798836e+03 -3.623896e+00 -2.351797e+01 -1.115674e+01 -2.875211e+01
5.874409e-01 1.792242e+03 -3.230670e+00 -1.587626e+01 6.462911e-01 -1.196365e+01
5.937190e-01 1.782604e+03 5.423488e+00 -1.920197e+01 1.275398e+01 -3.145132e+01
5.999972e-01 1.780322e+03 2.604126e+00 -1.739291e+01 -1.752638e+01 -2.302399e+01
6.062680e-01 1.772440e+03 -1.774743e+00 -2.791424e+01 -2.243507e+00 1.082943e+01
6.125470e-01 1.785249e+03 1.395941e+00 -5.043874e+01 1.400290e+01 -3.197837e+00
6.188487e-01 1.774021e+03 2.860320e+00 -1.770662e+01 -2.106764e+00 7.946458e+00
6.251319e-01 1.772782e+03 1.509139e+00 -3.203863e+01 -5.438182e+00 -2.541028e+01
6.314028e-01 1.776682e+03 -7.346683e+00 -9.734882e+00 -6.113227e+00 -3.368903e+01
6.377004e-01 1.772626e+03 2.465629e+00 -3.386549e+01 2.793166e+00 1.310639e+01
6.439858e-01 1.772925e+03 -1.777265e+00 -2.227138e+01 1.579132e+01 -4.868780e+01
6.502686e-01 1.766496e+03 3.144159e+00 -6.863100e+01 -3.992748e+00 1.841993e+00
6.565587e-01 1.785458e+03 -3.627588e+00 -2.049142e+01 -1.194400e+01 -3.885027e+01
6.628370e-01 1.762367e+03 1.295431e+00 -2.741068e+01 9.246181e-01 -4.889581e+01
6.691186e-01 1.755620e+03 3.742165e-01 -2.539055e+01 -8.197466e-01 -8.366209e+00
6.754071e-01 1.766965e+03 1.437224e+00 3.613343e+00 -8.300084e+00 -2.061466e+01
6.816837e-01 1.764222e+03 -4.899487e+00 -6.690448e+00 1.309968e+01 -9.457195e+00
6.879601e-01 1.761096e+03 -2.506642e-01 -2.090383e+01 3.336264e+00 -2.124691e+01
6.942351e-01 1.750362e+03 -9.790168e-01 -1.694396e+01 -6.773344e+00 -2.832439e+01
7.005176e-01 1.763158e+03 1.519971e+00 -4.191788e+01 -4.920232e+00 -3.224907e+01
7.068125e-01 1.765586e+03 -7.668290e+00 -4.237752e+01 9.932164e+00 -1.262457e+01
7.131020e-01 1.752399e+03 2.118919e+00 -5.108841e+01 -7.286548e+00 1.167256e+01
7.193919e-01 1.747789e+03 1.255524e+00 -1.484121e+01 -3.791260e+00 4.653966e+00
7.256834e-01 1.745365e+03 1.915451e-01 -1.773733e+01 -2.259402e+00 3.588228e+00
7.319668e-01 1.746115e+03 -1.194252e+00 1.109436e+01 -2.432064e+00 1.501412e+00
7.382523e-01 1.751785e+03 1.803608e-01 -1.960343e+01 -8.637934e+00 1.348584e+01
7.445266e-01 1.747074e+03 1.844552e+00 1.831553e+00 1.442388e+01 -1.117001e+01
7.507872e-01 1.751728e+03 1.430444e+00 -8.857580e+00 5.527754e+00 -8.759287e+00
7.570759e-01 1.742109e+03 -9.201519e-01 -8.234385e-01 -2.815803e+00 5.763746e+00
7.633642e-01 1.738058e+03 -1.483959e+00 -8.433149e+00 -5.054583e+00 -1.655451e+01
7.696464e-01 1.753244e+03 -2.621973e+00 3.700976e+00 6.433500e+00 1.367180e+00
7.759395e-01 1.741242e+03 -4.341323e+00 -1.671977e+01 5.929724e+00 1.301555e+01
7.822335e-01 1.748202e+03 1.241607e+00 -3.795527e+00 8.168322e-01 -2.326478e+01
7.885323e-01 1.739745e+03 3.881486e+00 5.422686e+00 1.566383e+00 3.292995e+01
7.947900e-01 1.745078e+03 2.411782e+00 -4.789665e+00 -2.659743e+00 6.314774e+00
8.010492e-01 1.733768e+03 -3.636163e+00 -1.826417e+01 2.225522e+00 -9.741774e+00
8.073365e-01 1.731289e+03 -1.049819e+00 -1.270251e+01 -1.112186e+01 -1.676895e+01
8.136230e-01 1.748270e+03 4.019168e+00 -2.694474e+01 8.137723e+00 -1.288317e+01
8.199154e-01 1.746718e+03 -1.359208e+00 1.142199e+01 6.607171e-01 -1.112701e+00
8.261953e-01 1.736785e+03 -1.915061e+00 -1.112384e+01 4.791791e+00 1.902421e+01
8.324898e-01 1.746673e+03 5.531569e+00 -7.274438e+00 -6.083610e+00 9.037537e+00
8.387960e-01 1.746523e+03 -5.957599e-02 1.531903e-01 -6.116716e-01 -2.930639e+00
8.450635e-01 1.737896e+03 -2.588575e+00 1.481097e+00 6.461429e+00 1.325270e+01
8.513284e-01 1.739243e+03 -2.807226e+00 -2.486362e+01 -8.396963e+00 8.109115e+00
8.576199e-01 1.750384e+03 -8.596595e-01 -1.246813e+01 8.947939e-01 -6.042386e-01
8.639059e-01 1.740355e+03 2.729829e+00 2.535089e+00 -4.900201e+00 -1.504940e+00
8.701839e-01 1.735336e+03 1.424196e+00 -4.075519e+00 2.471358e+00 1.844213e+00
8.764642e-01 1.739969e+03 -1.248216e+00 8.603856e+00 7.152431e+00 1.141312e+01
8.827505e-01 1.749359e+03 -1.060707e+00 -1.495557e+01 8.396459e+00 8.882936e+00
8.890333e-01 1.738392e+03 6.256076e-01 -2.990748e+00 -3.033858e+00 -2.042310e+01
8.953085e-01 1.749896e+03 9.475476e-01 -1.415058e+01 7.987590e+00 5.729699e+00
9.015957e-01 1.744643e+03 3.182982e+00 -1.377565e+01 -4.153190e+00 -3.747160e+00
9.078834e-01 1.739316e+03 -1.253992e+00 -4.590855e+00 -3.990662e+00 1.140485e+00
9.141745e-01 1.743486e+03 9.075294e-02 7.195995e+00 -1.544168e+00 5.555896e-01
9.204632e-01 1.740924e+03 -9.488677e-01 6.124686e+00 -1.524212e+00 9.104223e+00
9.267435e-01 1.740134e+03 9.314752e-02 -2.991179e+00 -8.614440e+00 -1.299989e+01
9.330325e-01 1.745316e+03 1.456135e+00 -8.757356e+00 -3.273704e-01 -7.703670e+00
9.393266e-01 1.737892e+03 2.027851e-01 -2.228202e+00 5.849525e+00 -1.971916e+01
9.455976e-01 1.744298e+03 3.496692e-01 1.000672e+01 6.511158e+00 -4.788781e+00
9.518661e-01 1.744003e+03 -1.623394e+00 9.801937e+00 -1.979282e+00 9.317591e+00
9.581414e-01 1.740823e+03 -1.571289e+00 4.980276e+00 5.507540e+00 -1.913103e+01
9.644352e-01 1.746376e+03 -8.158381e-01 6.919759e+00 -8.168058e+00 9.030032e+00
9.707356e-01 1.742604e+03 4.769279e-02 -4.092662e+00 -4.857058e+00 -1.513189e+00
9.770081e-01 1.734984e+03 -2.595815e+00 -4.119845e+00 -2.288754e+00 1.731861e+01
9.832824e-01 1.743408e+03 1.068421e+00 -2.044380e+01 5.019404e+00 -2.782896e+00
9.895570e-01 1.741143e+03 3.028023e+00 -8.547069e+00 -3.559771e+00 5.688099e+00
9.958457e-01 1.740422e+03 -3.080066e+00 -1.602014e+00 5.576851e+00 -2.257981e+01
1.002136e+00 1.741828e+03 1.428892e+00 1.360746e+00 -5.997959e-01 -1.081285e+00
1.008405e+00 1.744929e+03 -3.205006e+00 -1.081254e+01 -1.756676e+00 -1.935275e+00
1.014694e+00 1.742839e+03 9.250771e-01 -4.081337e+00 5.270572e+00 -3.562835e+00
1.020993e+00 1.733332e+03 1.534381e-01 1.318527e+01 -8.155920e+00 -1.658585e+00
1.027274e+00 1.740601e+03 -1.035490e+00 -7.383951e+00 1.582575e-01 -2.828541e+00
1.033561e+00 1.740072e+03 -3.062387e+00 -2.364848e+00 4.776214e+00 5.958397e+00
1.039849e+00 1.742571e+03 9.480829e-01 -1.896273e+01 -5.098469e+00 -4.133069e+00
1.046127e+00 1.737456e+03 -2.418549e+00 -2.569641e+00 4.381400e+00 -2.693943e+01
1.052404e+00 1.735537e+03 1.031461e+00 -1.857528e+00 -7.665967e-01 4.563339e+00
1.058681e+00 1.741221e+03 -1.675017e+00 -2.249120e+00 2.406369e+00 -1.412626e+00
1.064964e+00 1.745817e+03 4.963603e-01 -6.044068e+00 -5.310647e-01 -1.570752e+01
1.071257e+00 1.750360e+03 2.072835e+00 -3.274616e+00 -1.491058e+00 -5.904067e+00
1.077544e+00 1.742824e+03 2.382722e+00 1.667389e+01 7.915691e+00 3.226044e+01
1.083826e+00 1.736641e+03 -4.258355e+00 -9.261519e+00 -3.328685e+00 1.572418e+01
1.090109e+00 1.740094e+03 1.178273e+00 -5.065369e+00 -5.425281e+00 6.260134e+00
1.096390e+00 1.744004e+03 -2.038306e+00 -1.738428e+01 2.261847e+00 1.096269e+01
1.102681e+00 1.736217e+03 6.691852e-01 -7.151381e+00 -2.850449e+00 -8.265740e+00
1.108963e+00 1.742403e+03 -2.822886e+00 2.381997e+00 4.783434e+00 -1.861748e+01
1.115226e+00 1.736492e+03 8.113238e-01 -6.590172e+00 3.566174e+00 4.192832e+00
1.121502e+00 1.734163e+03 2.061152e+00 -5.881340e+00 -1.283508e+00 1.727085e+00
1.127793e+00 1.741649e+03 -1.148719e+00 6.726506e+00 -8.376327e+00 -3.819520e+00
1.134090e+00 1.739325e+03 7.423309e-01 -1.597140e+00 3.532781e+00 -7.520463e+00
1.140364e+00 1.743445e+03 -3.812966e-01 1.305262e+00 2.815927e+00 2.391065e+00
1.146639e+00 1.742102e+03 1.786565e+00 -1.743696e+01 -3.239578e+00 8.775288e+00
1.152943e+00 1.737561e+03 -3.739989e+00 5.286593e+00 5.264208e-01 -1.365116e+01
1.159229e+00 1.736573e+03 4.332376e-01 1.395020e+00 8.008069e-01 -4.097007e+00
1.165509e+00 1.743280e+03 3.227485e-01 -4.833267e+00 6.514867e+00 9.991848e+00
1.171793e+00 1.734793e+03 -3.817602e-01 -1.091096e+01 -2.870470e+00 1.437917e+01
1.178088e+00 1.735097e+03 9.683860e-01 -7.281811e+00 3.258878e+00 1.414090e+01
1.184368e+00 1.732862e+03 -1.552450e-01 1.290358e+01 -2.917208e+00 -1.041160e+01
1.190635e+00 1.742392e+03 -5.113676e-01 -1.768976e+01 4.188654e-01 -2.316312e+00
1.196912e+00 1.739980e+03 -1.816281e-01 -3.921066e+00 -2.937546e+00 -4.452912e+00
1.203202e+00 1.744859e+03 9.866130e-01 1.072084e+01 1.075485e+00 -1.484297e+01
1.209487e+00 1.737772e+03 -1.482539e+00 1.062232e+01 -2.091691e+00 5.468401e+00
1.215764e+00 1.739833e+03 7.123158e-02 -1.081300e+01 7.357651e+00 8.350451e-01
1.222051e+00 1.731991e+03 1.387013e+00 7.813568e+00 2.268750e+00 6.179780e+00
1.228341e+00 1.737918e+03 8.105846e-02 -1.273617e+01 -2.185126e+00 3.791376e+00
1.234633e+00 1.739931e+03 9.304942e-01 -1.046880e+01 -6.823946e-01 3.624478e+00
1.240903e+00 1.735645e+03 -1.079587e+00 -7.493248e+00 3.918183e+00 1.062251e+01
1.247175e+00 1.737230e+03 8.757681e-01 6.061763e+00 -5.256761e+00 -7.495485e+00
1.253466e+00 1.734739e+03 5.426729e-01 -3.492245e+00 1.531424e+00 -9.614017e+00
1.259750e+00 1.732250e+03 -1.622601e-01 -4.163634e+00 -3.696275e+00 7.458633e+00
1.266032e+00 1.736828e+03 5.699250e-01 2.742145e+00 -2.569312e+00 7.689291e-01
1.272317e+00 1.743820e+03 -8.820347e-01 1.204691e+01 8.991038e-01 -7.796890e+00
1.278605e+00 1.743864e+03 -1.011793e+00 2.654276e-01 1.338786e+00 9.522937e+00
1.284887e+00 1.734479e+03 2.910051e+00 9.662855e+00 -3.500916e+00 1.935529e+00
1.291176e+00 1.741269e+03 3.008486e-01 2.309417e+00 -2.886432e+00 -1.331872e+00
1.297466e+00 1.733134e+03 -9.166886e-01 -8.079577e+00 2.956143e+00 1.684810e+00
1.303742e+00 1.738156e+03 -3.331471e-01 -6.141188e+00 2.507960e+00 1.074913e+01
1.310018e+00 1.735797e+03 -1.642269e+00 -3.349352e+00 -1.677143e+00 4.766088e+00
1.316302e+00 1.738242e+03 4.967669e-01 6.403457e+00 3.794499e+00 -1.291717e+00
1.322587e+00 1.738428e+03 -6.976100e-01 3.437070e+00 -2.632586e+00 1.298933e+01
1.328866e+00 1.737829e+03 7.916771e-02 9.677634e+00 1.978329e+00 2.259794e+00
1.335145e+00 1.743062e+03 -1.105360e+00 -7.374777e+00 -9.748328e-01 5.659003e-01
1.341441e+00 1.738622e+03 3.308155e-01 -1.300354e+01 -2.612171e+00 -5.349237e+00
1.347731e+00 1.738512e+03 1.398733e+00 5.550963e+00 7.581678e-01 4.470711e+00
1.354002e+00 1.734488e+03 7.828419e-01 -1.149647e+01 -2.160348e+00 4.835643e+00
1.360283e+00 1.733444e+03 -1.525698e-01 -5.101270e+00 3.985149e+00 5.467267e+00
1.366566e+00 1.731266e+03 6.998619e-01 -7.363070e+00 2.171171e+00 2.140177e+01
1.372852e+00 1.738504e+03 1.092445e-01 4.220767e+00 3.931031e+00 1.435612e+00
1.379136e+00 1.735047e+03 -1.013556e+00 -1.622050e+00 8.683901e-01 1.822050e-01
1.385410e+00 1.734989e+03 7.449931e-01 -8.855007e+00 -4.671790e+00 1.048311e+00
1.391699e+00 1.736878e+03 3.655834e-01 -2.669043e+00 -5.014349e+00 -8.457385e+00
1.397985e+00 1.734395e+03 -1.144149e+00 -8.411299e+00 -1.341350e+00 -5.485436e+00
1.404268e+00 1.736838e+03 7.263506e-01 1.885403e+00 8.049797e-01 -4.182542e+00
1.410555e+00 1.732962e+03 1.991075e+00 2.630579e+00 -6.598530e-01 -6.607416e+00
1.416838e+00 1.735432e+03 -2.032093e+00 6.094296e+00 3.221989e+00 1.411907e+00
1.423118e+00 1.738035e+03 -6.223763e-01 -8.228798e+00 6.622895e-03 9.170167e+00
1.429398e+00 1.729860e+03 1.275882e+00 3.463237e+00 -2.217851e+00 -9.094028e+00
1.435687e+00 1.740451e+03 7.027296e-01 -4.799790e+00 3.518573e+00 8.388066e+00
1.441977e+00 1.741113e+03 6.222215e-01 -4.756509e+00 -3.821118e-01 1.906477e+01
1.448254e+00 1.740557e+03 5.726905e-01 -6.625298e+00 -1.584415e+00 3.602073e+00
1.454532e+00 1.732563e+03 -1.791044e-01 -8.443377e+00 -6.618497e-01 5.537604e+00
1.460819e+00 1.738313e+03 9.398944e-01 -2.420966e+00 1.283229e-01 -6.928449e-01
1.467111e+00 1.736763e+03 -4.706496e-01 -3.894503e+00 5.868787e+00 4.432983e+00
1.473393e+00 1.736022e+03 -1.869488e+00 8.396151e+00 -4.912805e+00 -2.974282e+00
1.479670e+00 1.747797e+03 1.278554e-01 -6.556815e+00 -2.691475e+00 -1.442002e+01
1.485956e+00 1.739665e+03 -1.003334e+00 -3.367613e+00 3.204289e+00 -1.328041e+01
1.492234e+00 1.739803e+03 7.562753e-01 1.373282e+01 -3.699244e+00 6.729443e+00
1.498503e+00 1.736685e+03 -1.248329e+00 3.736448e+00 -3.134564e+00 -5.844219e+00
1.504786e+00 1.737375e+03 -3.551795e-01 -2.989622e+00 8.871649e+00 7.540096e+00
1.511076e+00 1.739967e+03 2.140213e+00 -2.085239e+00 -5.122246e+00 1.399710e+01
1.517362e+00 1.737276e+03 -8.833352e-01 -5.125096e+00 7.420998e-01 2.911921e+00
1.523650e+00 1.740580e+03 8.000428e-01 2.817756e+00 -1.158494e-01 -2.422255e+00
1.529939e+00 1.736075e+03 1.105516e-01 -1.092126e+01 4.247842e+00 -6.511249e+00
1.536230e+00 1.733893e+03 -1.482740e+00 -7.897471e+00 -1.005872e+01 -6.157625e+00
1.542511e+00 1.734329e+03 1.445390e+00 1.706480e+00 1.535217e+00 -6.688313e+00
1.548784e+00 1.742677e+03 -1.402222e-01 5.832850e+00 6.944414e+00 -3.621255e+00
1.555073e+00 1.741318e+03 -6.383992e-01 -8.674527e+00 -6.232317e-01 4.671288e+00
1.561357e+00 1.735579e+03 3.179524e-01 -8.482137e-01 -3.466403e+00 -6.101031e+00
1.567629e+00 1.737464e+03 -5.736596e-02 1.120427e+00 -8.378115e-01 1.259510e-01
1.573914e+00 1.742126e+03 1.744459e-01 -4.969896e+00 1.471191e+00 1.793768e+00
1.580204e+00 1.737368e+03 -1.321195e+00 -3.260783e+00 -1.232486e+00 -2.337768e+00
1.586486e+00 1.734518e+03 1.709052e+00 -9.965791e-01 -2.124747e+00 7.184817e+00
1.592760e+00 1.741486e+03 -3.621216e-01 -3.882882e-01 -2.473101e+00 -1.177963e+00
1.599047e+00 1.738195e+03 5.316179e-02 -4.039089e+00 1.996601e+00 -1.380817e+01
1.605342e+00 1.736640e+03 -3.031932e-01 -4.620690e-01 1.222188e+00 1.106587e+00
1.611620e+00 1.740269e+03 6.500312e-01 -1.895289e+00 -5.768624e-01 3.477057e-01
1.617898e+00 1.735091e+03 4.118113e-01 -5.780762e+00 7.666706e-02 3.933210e+00
1.624183e+00 1.737111e+03 -1.356281e-01 -2.473754e-01 -3.862947e+00 7.742742e+00
1.630465e+00 1.738825e+03 -1.457540e+00 1.373601e+00 3.814283e+00 -6.128485e-01
1.636749e+00 1.734462e+03 -1.149248e-01 -3.347128e+00 -1.162384e-01 -3.792141e+00
1.643031e+00 1.739757e+03 5.349942e-01 2.840043e+00 1.951122e+00 6.764028e+00
1.649309e+00 1.740252e+03 2.160593e-01 -4.982959e+00 -2.789857e+00 1.716792e+01
1.655594e+00 1.743800e+03 1.174705e+00 -1.680859e+00 -3.271971e+00 3.584574e-01
1.661880e+00 1.735149e+03 2.887411e-01 -5.041106e+00 1.898390e+00 9.143278e+00
1.668169e+00 1.741827e+03 -8.820364e-02 6.463893e+00 1.394750e+00 8.828622e+00
1.674450e+00 1.737123e+03 2.008442e+00 -4.673431e+00 -2.860456e+00 4.785357e+00
1.680723e+00 1.736407e+03 -9.074798e-01 -2.128714e+00 6.894718e-01 3.316431e+00
1.687014e+00 1.739341e+03 2.040557e-01 -5.634940e+00 3.925105e+00 3.684575e+00
1.693309e+00 1.738208e+03 -1.027812e+00 -1.069961e-01 1.856712e+00 1.139079e+01
1.699582e+00 1.738539e+03 -4.429854e-01 -4.692285e-01 1.840093e+00 1.585606e+01
1.705864e+00 1.738438e+03 -6.982464e-01 -7.742194e+00 -4.497516e+00 -6.656485e+00
1.712155e+00 1.739284e+03 3.501216e-01 -6.914072e+00 1.556362e+00 -2.664592e-02
1.718439e+00 1.733501e+03 2.186887e-01 -2.189111e+00 -1.597352e+00 9.233982e+00
1.724721e+00 1.736338e+03 8.001968e-01 -4.670366e+00 -3.367913e-01 3.480343e+00
1.730998e+00 1.741826e+03 7.079810e-01 -4.591354e+00 3.443666e-01 2.691508e+00
1.737287e+00 1.739411e+03 -1.486440e+00 1.059294e+01 3.221028e+00 -4.557836e+00
1.743568e+00 1.740404e+03 -9.031516e-01 5.316772e+00 -1.637159e+00 -1.402993e+00
1.749841e+00 1.739088e+03 -2.714857e-02 -2.615232e+00 -2.632470e-01 6.920655e+00
1.756129e+00 1.743239e+03 -7.360991e-02 1.609291e+00 3.275313e+00 -2.654911e+00
1.762414e+00 1.737119e+03 8.889838e-01 3.413600e+00 -2.792165e+00 -9.948720e+00
1.768696e+00 1.734909e+03 -9.823958e-01 2.785118e+00 3.605745e+00 3.280626e-01
1.774979e+00 1.734171e+03 1.373652e+00 2.162030e+00 -5.833998e+00 9.342282e+00
1.781266e+00 1.735387e+03 -2.161170e+00 8.798846e-01 5.483189e+00 -2.458760e+00
1.787550e+00 1.738967e+03 8.868197e-01 -3.549984e+00 -4.426431e+00 6.708732e-01
1.793834e+00 1.736149e+03 1.450358e-01 1.455522e+00 1.274534e+00 8.833795e+00
1.800115e+00 1.737977e+03 -2.790136e-01 -7.460114e+00 1.149310e+00 -3.428300e+00
1.806394e+00 1.739847e+03 4.701634e-02 -1.224673e+01 1.920762e+00 3.799601e+00
1.812674e+00 1.734603e+03 2.522491e+00 -9.692524e-01 2.319800e+00 7.579144e+00
1.818957e+00 1.735380e+03 -9.884575e-01 -2.210074e+00 6.959970e-01 -7.092840e+00
1.825244e+00 1.738376e+03 -6.295532e-01 -2.816785e+00 1.121143e+00 -4.925154e+00
1.831527e+00 1.739736e+03 4.908876e-01 -7.467475e-01 -1.519360e+00 -3.016667e+00
1.837811e+00 1.736677e+03 6.961034e-01 -4.085239e+00 -5.981772e-01 -1.511887e+00
1.844101e+00 1.739108e+03 8.400652e-01 -5.079751e+00 3.537513e+00 -5.596702e+00
1.850385e+00 1.737917e+03 -3.826569e-02 -3.689548e+00 -1.451222e+00 -3.592010e+00
1.856666e+00 1.736898e+03 8.316108e-01 8.225839e+00 -2.778354e+00 9.502964e+00
1.862948e+00 1.740349e+03 1.930710e-01 -4.471980e+00 2.684857e+00 -5.906610e+00
1.869229e+00 1.737030e+03 -3.575399e-02 2.306002e+00 -3.039429e+00 -6.201171e-01
1.875518e+00 1.736491e+03 -5.330741e-01 3.217787e+00 2.230845e+00 2.680589e+00
1.881801e+00 1.737270e+03 -1.035028e+00 1.128930e+01 -1.707913e+00 -8.053866e+00
1.888079e+00 1.732203e+03 -1.357160e-01 1.205455e-01 -1.370885e-01 -3.579994e+00
1.894354e+00 1.736106e+03 -7.587917e-01 1.984167e+00 3.615099e+00 1.121035e+00
1.900643e+00 1.735217e+03 5.400795e-01 1.100720e+00 2.040142e-02 -4.091283e+00
1.906934e+00 1.738329e+03 -5.932329e-01 2.871729e+00 -4.884368e-01 2.632054e+00
1.913208e+00 1.736299e+03 2.948805e-01 -2.128312e+00 -3.306157e+00 2.244186e+00
1.919491e+00 1.732217e+03 9.149004e-01 3.217523e+00 2.471471e+00 9.162411e-01
1.925777e+00 1.735643e+03 -4.245537e-01 2.860062e+00 1.305809e+00 1.338839e+00
1.932065e+00 1.738752e+03 -7.842063e-01 4.815369e-01 8.441387e-01 -4.138034e+00
1.938343e+00 1.739616e+03 1.230618e-01 -4.973997e+00 1.240291e+00 -6.059145e+00
1.944619e+00 1.739209e+03 -7.464391e-01 1.235023e+00 3.803607e-01 -6.782664e+00
1.950906e+00 1.737890e+03 1.210136e+00 -1.162238e+00 1.121357e+00 4.419707e+00
1.957195e+00 1.737174e+03 -4.583635e-01 -6.237486e+00 -4.589141e+00 3.515229e+00
1.963480e+00 1.734969e+03 -3.043125e-01 3.796309e+00 2.688334e+00 -5.777034e+00
1.969761e+00 1.735097e+03 8.608193e-01 -1.717876e+00 -1.698033e+00 -2.831883e+00
1.976049e+00 1.737309e+03 -5.203381e-02 1.100548e+00 4.385894e+00 -1.702723e+00
1.982338e+00 1.734488e+03 2.491625e-01 9.156492e-01 -1.029047e+00 -7.951147e+00
1.988618e+00 1.740819e+03 1.224732e+00 -5.899858e+00 -7.891197e-01 -3.625788e+00
1.994896e+00 1.736148e+03 -6.125691e-01 -2.582654e+00 1.646369e+00 -3.143546e+00
2.001180e+00 1.733798e+03 -7.351215e-01 -7.037613e+00 -1.565384e-01 -2.974468e+00
2.007460e+00 1.737465e+03 9.465417e-01 4.468605e+00 -1.385082e+00 -2.814435e-01
2.013738e+00 1.738991e+03 -1.579467e+00 8.290825e+00 3.325394e+00 -2.971249e+00
2.020017e+00 1.736393e+03 -1.098654e+00 -2.721489e+00 2.414873e+00 -4.132264e-02
2.026310e+00 1.734180e+03 1.747342e+00 6.158553e+00 -3.923641e+00 6.883829e+00
2.032601e+00 1.737928e+03 -1.225694e+00 -6.938310e+00 2.891587e+00 -8.808150e-01
2.038874e+00 1.738124e+03 1.569748e-01 -7.252638e+00 -3.140983e+00 3.985051e+00
2.045154e+00 1.737694e+03 -1.515796e-01 3.335750e+00 -4.394826e+00 -5.580474e+00
2.051445e+00 1.738492e+03 1.799511e+00 -7.507601e+00 -1.239596e+00 1.016884e+01
2.057731e+00 1.736103e+03 5.951288e-02 -1.733458e+00 8.589773e-01 6.342040e+00
2.064014e+00 1.739367e+03 -1.076676e+00 -1.495115e+00 -8.994443e-01 5.964299e+00
2.070301e+00 1.735512e+03 -1.087656e+00 2.011428e+00 -8.857266e-01 -2.344286e+00
2.076590e+00 1.738167e+03 3.704564e-01 -3.800727e+00 1.614560e+00 -1.296550e-01
2.082866e+00 1.741477e+03 2.344580e-01 -4.252193e+00 -2.494574e+00 -3.314732e+00
2.089135e+00 1.741295e+03 -2.792287e-02 -5.379173e+00 1.317990e+00 -4.349693e+00
2.095424e+00 1.736498e+03 8.407726e-01 -6.639985e+00 -1.678269e+00 4.684008e+00
2.101708e+00 1.740776e+03 -1.153730e+00 3.684107e+00 2.208143e+00 4.640232e+00
2.107987e+00 1.737117e+03 -1.641900e+00 -7.014963e+00 2.776308e+00 -8.650760e+00
2.114272e+00 1.735229e+03 1.019791e+00 -2.597439e+00 -6.517831e-01 4.699750e-01
2.120553e+00 1.740834e+03 -4.612514e-01 -4.343519e+00 -7.579448e-01 3.252663e+00
2.126837e+00 1.738771e+03 -1.011631e-01 -7.476888e-01 -2.268568e+00 1.193228e+01
2.133122e+00 1.737863e+03 -1.121890e-01 -1.796790e+00 6.286147e-01 -1.445734e+01
2.139412e+00 1.737660e+03 -4.823771e-01 -6.160406e+00 -2.332582e+00 -1.101365e+01
2.145697e+00 1.735870e+03 1.038663e-01 -8.418165e+00 3.638355e-01 -1.972527e+00
2.151974e+00 1.737051e+03 1.113622e+00 -3.109725e+00 6.647121e-01 -3.889887e-01
2.158260e+00 1.740339e+03 -7.210966e-01 4.330206e+00 1.699883e+00 9.293870e-01
2.164546e+00 1.734249e+03 4.640308e-01 3.019852e+00 1.984765e+00 6.440361e+00
2.170831e+00 1.738975e+03 -2.335267e-02 -3.538895e+00 -4.054160e-01 -9.800010e-01
2.177115e+00 1.735652e+03 -5.702482e-01 -1.358175e+00 -9.276500e-01 -6.424317e+00
2.183388e+00 1.736235e+03 2.615925e-01 -2.882520e+00 2.494864e+00 2.149776e+00
2.189670e+00 1.736471e+03 -5.246182e-01 4.701550e+00 -6.746116e-02 3.363357e+00
2.195960e+00 1.735917e+03 4.702219e-01 -2.896424e+00 -2.332696e+00 -6.453828e-01
2.202243e+00 1.738514e+03 4.581918e-01 7.875260e-01 1.111674e-01 -4.408722e-01
2.208522e+00 1.736323e+03 1.735156e-01 -5.883124e-02 -1.792886e+00 -3.325070e+00
2.214805e+00 1.736776e+03 1.152743e-01 3.472698e-01 -7.225923e-01 8.666327e+00
2.221093e+00 1.740639e+03 1.078834e+00 2.422538e+00 1.467966e+00 6.313921e+00
2.227373e+00 1.740341e+03 -1.371444e+00 -1.107240e+00 -1.569292e+00 6.643165e+00
2.233657e+00 1.737713e+03 7.271674e-01 -3.086575e+00 -4.148161e-01 -4.847228e-01
2.239944e+00 1.739139e+03 4.303907e-01 6.730356e+00 9.135278e-01 -1.273216e+01
2.246224e+00 1.735990e+03 3.458107e-01 1.305848e+00 1.653659e+00 -8.372676e+00
2.252507e+00 1.736811e+03 -8.375533e-01 2.854278e+00 -1.149550e+00 -6.652366e+00
2.258784e+00 1.735981e+03 5.637429e-01 4.473257e+00 4.818323e-01 1.870170e+00
2.265069e+00 1.735125e+03 -2.038128e-03 4.821996e-01 -2.086743e+00 -9.069182e-01
2.271351e+00 1.737171e+03 1.051620e-01 -3.026508e-02 -3.724434e-01 1.013703e+01
2.277634e+00 1.737552e+03 4.291214e-01 6.152543e+00 1.206492e+00 4.105220e+00
2.283923e+00 1.741276e+03 5.407077e-01 -3.510505e+00 1.541462e+00 -4.297586e+00
2.290203e+00 1.735981e+03 -1.161657e-01 1.576544e+00 -2.879311e-01 -7.372512e+00
2.296491e+00 1.739298e+03 -4.980946e-01 -2.216953e+00 -1.115793e+00 3.568233e+00
2.302772e+00 1.738639e+03 -7.292384e-01 2.335613e+00 1.984964e+00 1.592400e+00
2.309052e+00 1.741854e+03 -7.398781e-01 -2.300418e+00 4.153052e+00 6.225946e-01
2.315339e+00 1.737005e+03 -5.482666e-01 3.320088e+00 4.282857e-02 5.940887e+00
2.321628e+00 1.736121e+03 -1.428835e-01 -2.921191e+00 -2.701219e+00 2.538467e+00
2.327912e+00 1.739297e+03 -5.432893e-01 -2.214576e+00 9.042006e-01 4.407688e+00
2.334187e+00 1.735104e+03 1.223267e+00 2.059663e+00 -1.449131e+00 7.590008e+00
2.340468e+00 1.737955e+03 -1.258875e-01 -9.011593e+00 1.893385e+00 2.267539e+00
2.346757e+00 1.734050e+03 -3.301686e-01 -3.610724e+00 -6.796197e-01 9.077982e-01
2.353045e+00 1.733257e+03 1.828726e-01 -2.604978e+00 7.280426e-01 1.530068e+00
2.359328e+00 1.738239e+03 -3.669557e-01 2.323857e+00 2.203061e+00 -7.880172e-01
2.365603e+00 1.739186e+03 5.308354e-01 -2.169502e+00 1.373264e+00 7.598756e-01
2.371886e+00 1.733469e+03 -4.668812e-01 4.750792e-01 -7.788488e-01 -4.280327e+00
2.378173e+00 1.735596e+03 -4.153222e-01 2.259588e+00 3.960064e+00 -2.804738e+00
2.384454e+00 1.736885e+03 1.071149e+00 7.426012e-01 -2.489969e+00 -1.955223e+00
2.390737e+00 1.737367e+03 1.119054e+00 1.748738e+00 -3.932935e+00 1.698380e+00
2.397014e+00 1.736620e+03 -6.410523e-02 -3.127152e+00 4.340101e+00 6.875329e+00
2.403296e+00 1.735597e+03 -5.076802e-02 2.600266e+00 -2.962402e+00 -7.350903e+00
2.409585e+00 1.737327e+03 4.209751e-01 1.367915e+00 3.221700e-01 -3.948329e+00
2.415872e+00 1.737226e+03 -1.624558e-01 8.132936e-01 -3.648233e-01 7.618063e+00
2.422161e+00 1.734146e+03 -3.442776e-01 -2.533210e+00 -1.374851e+00 -3.053118e+00
2.428441e+00 1.737324e+03 -3.531564e-01 3.701631e+00 3.221762e+00 -2.247786e+00
2.434718e+00 1.738147e+03 8.817032e-01 2.920522e+00 -1.790767e-01 -2.823209e+00
2.441003e+00 1.731027e+03 2.112587e-01 3.204655e+00 -9.671364e-01 3.160540e+00
2.447290e+00 1.736010e+03 -9.503068e-01 -5.022799e-01 -4.307355e-01 -1.845368e-01
2.453572e+00 1.735222e+03 -6.774952e-01 1.075482e+00 2.601243e+00 -4.083434e-01
2.459853e+00 1.736608e+03 2.715085e-01 6.298681e-01 1.037766e+00 3.817165e+00
2.466140e+00 1.737407e+03 4.894010e-01 4.107661e+00 1.286736e-01 2.672340e+00
2.472422e+00 1.737197e+03 -1.318992e-02 2.953721e+00 1.728927e+00 1.694661e+00
2.478699e+00 1.736003e+03 1.276154e-01 3.097472e+00 -1.822441e+00 -4.308324e+00
2.484981e+00 1.738159e+03 -5.760207e-01 3.155870e+00 3.800157e-01 1.338926e+00
2.491270e+00 1.737614e+03 -1.215729e+00 6.323178e+00 -2.728761e+00 2.242620e+00
2.497549e+00 1.738072e+03 7.662640e-01 5.510999e+00 -2.600076e+00 7.851408e+00
2.503832e+00 1.735433e+03 -4.181134e-01 1.888686e+00 1.588908e+00 -1.241558e+00
2.510118e+00 1.739983e+03 -2.197296e-01 2.550341e+00 -9.692160e-01 4.691432e-01
2.516401e+00 1.736858e+03 1.021781e+00 -1.134170e+00 -6.578783e-01 7.634968e+00
2.522688e+00 1.733531e+03 -2.913825e-01 3.350101e+00 -2.100792e+00 7.777319e+00
2.528972e+00 1.736511e+03 -4.006112e-01 1.283736e+00 7.752580e-01 2.232103e+00
2.535252e+00 1.741116e+03 9.287562e-01 2.975144e+00 3.477296e+00 -2.298252e+00
2.541538e+00 1.739221e+03 -6.154146e-01 -1.447035e+00 -1.603478e+00 -8.699275e-01
2.547823e+00 1.736741e+03 7.029234e-02 -4.307407e+00 4.122514e-01 5.393629e+00
2.554101e+00 1.739526e+03 -3.559765e-01 1.561215e+00 -2.569281e+00 -1.107938e+01
2.560377e+00 1.737431e+03 -6.111576e-01 2.396744e+00 2.225362e+00 -3.060604e-01
2.566668e+00 1.740304e+03 3.533886e-01 -2.654939e+00 -7.360479e-01 -3.396707e+00
2.572955e+00 1.736628e+03 -1.484782e-01 1.583261e+00 2.132974e+00 4.151990e+00
2.579234e+00 1.740622e+03 -4.387481e-01 2.396922e+00 4.584497e-01 -5.398561e-01
2.585521e+00 1.739616e+03 7.954555e-01 5.827456e-03 -6.219236e-01 -1.885849e+00
2.591805e+00 1.737028e+03 1.049090e+00 2.554537e+00 1.743524e+00 2.364685e-01
2.598084e+00 1.736188e+03 4.663416e-01 2.857164e+00 -2.598378e+00 4.942381e-02
2.604361e+00 1.736823e+03 -3.464464e-01 3.032182e+00 -3.193332e+00 -4.736470e+00
2.610647e+00 1.738341e+03 -1.590317e+00 7.010699e+00 1.547699e+00 -4.767518e+00
2.616932e+00 1.736706e+03 1.063650e+00 -3.771358e+00 1.700671e+00 3.515952e+00
2.623206e+00 1.737515e+03 -2.852853e-01 2.571967e+00 -1.179246e+00 9.458866e+00
2.629492e+00 1.741408e+03 6.005570e-01 -4.353029e+00 4.427668e-01 2.066248e+00
2.635779e+00 1.735718e+03 -3.815421e-01 -2.484758e+00 1.449854e+00 7.255871e-01
2.642061e+00 1.737284e+03 3.419422e-01 -6.655756e+00 -6.837116e-01 -1.476759e+00
2.648344e+00 1.737180e+03 -5.336304e-01 -9.841432e-01 -9.788674e-01 -7.009444e+00
2.654632e+00 1.737864e+03 8.121083e-01 -6.302240e+00 -8.709850e-02 -1.172479e+00
2.660919e+00 1.737138e+03 -1.343986e-01 -2.194874e+00 -1.477586e+00 1.526866e-01
2.667199e+00 1.737792e+03 7.612837e-01 -4.552209e+00 2.735880e+00 -4.092565e+00
2.673485e+00 1.736962e+03 8.464406e-01 -4.294233e+00 -5.651447e+00 4.776437e-01
2.679774e+00 1.736230e+03 -7.724462e-01 -4.471410e+00 1.544052e+00 -1.544641e+00
2.686058e+00 1.738073e+03 6.389175e-01 -8.762925e-01 -3.568893e-01 -5.681626e-01
2.692339e+00 1.738560e+03 -4.015868e-01 -1.271610e+00 -1.203851e+00 2.456146e+00
2.698618e+00 1.736418e+03 9.992341e-01 1.516610e+00 6.934995e-01 3.468375e+00
2.704896e+00 1.739272e+03 -1.030700e+00 -1.003997e+00 1.471832e+00 -9.352281e-01
2.711176e+00 1.735910e+03 -1.852138e-01 -2.662927e+00 -3.284384e+00 -2.352062e+00
2.717460e+00 1.737933e+03 2.385996e-01 5.078416e-01 -1.881276e+00 -6.716223e+00
2.723746e+00 1.736492e+03 -1.395777e-01 -1.228013e+00 3.665496e+00 -1.076009e+01
2.730039e+00 1.735464e+03 1.061587e+00 -2.576692e+00 -1.935279e+00 -3.075612e+00
2.736319e+00 1.734959e+03 -6.619166e-01 -5.207349e+00 2.945743e+00 -3.998231e+00
2.742592e+00 1.736757e+03 3.081395e-01 -3.262415e+00 -1.963502e+00 -2.990994e+00
2.748880e+00 1.736384e+03 -2.235457e-01 4.987630e+00 2.549264e-01 1.746517e+00
2.755164e+00 1.734692e+03 6.597342e-01 8.923005e+00 2.990267e-01 1.281200e+00
2.761447e+00 1.739619e+03 1.545808e-01 -5.679117e+00 6.153849e-01 4.351117e+00
2.767733e+00 1.739575e+03 -6.788217e-01 -8.182462e+00 7.795350e-01 -6.371856e+00
2.774016e+00 1.737843e+03 -3.260389e-01 4.944593e+00 6.500885e-04 1.086639e+01
2.780299e+00 1.735014e+03 2.449101e-01 -1.464257e+00 1.256126e+00 1.123330e+01
2.786578e+00 1.736437e+03 -1.829763e+00 -5.121919e+00 5.158589e-01 2.235273e+00
2.792858e+00 1.736072e+03 1.648929e-01 -3.159046e+00 -3.117053e+00 1.123837e+00
2.799144e+00 1.737016e+03 1.387147e+00 4.384416e+00 -1.317608e+00 1.850185e+00
2.805430e+00 1.734833e+03 -4.343765e-02 3.117412e+00 2.936970e+00 -3.510663e+00
2.811715e+00 1.735212e+03 9.555433e-03 -4.035426e+00 -1.186589e+00 3.541936e+00
2.817989e+00 1.740202e+03 2.382234e-01 -5.139917e-01 -8.994102e-02 3.471901e-01
2.824269e+00 1.736508e+03 -7.318760e-01 1.121294e+00 -6.364460e-02 -7.425404e-01
2.830563e+00 1.737326e+03 -8.532726e-01 1.417946e+00 7.374764e-01 -9.547389e-01
2.836849e+00 1.738602e+03 1.889668e+00 -1.457467e+00 -2.986528e-01 -2.476762e+00
2.843130e+00 1.738464e+03 -4.330556e-01 1.483199e+00 8.464904e-02 6.029206e+00
2.849414e+00 1.737922e+03 -6.041569e-01 6.210541e+00 -9.492339e-01 -9.263378e-01
2.855698e+00 1.739138e+03 -7.490315e-01 2.696164e+00 2.772948e-01 5.315910e+00
2.861979e+00 1.738889e+03 -2.641822e-01 -2.665567e-01 -5.306647e-01 -3.724564e+00
2.868263e+00 1.735391e+03 9.434927e-01 4.723891e+00 -1.909692e+00 2.841062e+00
2.874548e+00 1.740402e+03 -1.628309e-01 1.569461e+00 2.512018e-01 -4.017465e+00
2.880831e+00 1.739023e+03 3.973381e-01 -7.059147e+00 1.989097e+00 -1.440795e+00
2.887114e+00 1.738873e+03 -4.466291e-02 -8.456915e-01 1.888352e+00 -8.501232e-01
2.893395e+00 1.740936e+03 -3.390140e-01 1.064826e+00 3.681483e+00 7.037913e-01
2.899674e+00 1.737751e+03 -8.953696e-01 -7.667233e-01 -1.207802e+00 -1.084106e+00
2.905954e+00 1.739626e+03 -2.218560e-01 8.694151e+00 2.163460e+00 -3.097591e+00
2.912241e+00 1.739062e+03 8.813148e-01 5.091373e+00 -9.085613e-01 -4.023317e+00
2.918527e+00 1.736434e+03 2.070199e-01 9.342919e-01 1.199115e+00 6.643353e+00
2.924810e+00 1.738427e+03 4.172120e-01 -4.709456e+00 -2.299771e+00 1.203933e-01
2.931096e+00 1.737708e+03 -1.090654e+00 -2.343936e+00 2.821387e+00 -6.042455e+00
2.937378e+00 1.736073e+03 -1.314523e-02 -2.328599e+00 -2.213024e+00 7.131028e-01
2.943660e+00 1.739389e+03 1.237254e-01 -3.731855e+00 -7.798457e-01 -4.473409e+00
2.949947e+00 1.738090e+03 -3.794776e-01 -9.739962e-01 6.413042e-01 -3.492805e+00
2.956228e+00 1.737509e+03 -5.670249e-01 2.145085e+00 -3.642863e+00 -4.698082e+00
2.962511e+00 1.736777e+03 8.396906e-01 7.223744e+00 9.841841e-01 7.110561e+00
2.968797e+00 1.737015e+03 -7.245272e-01 1.187190e+00 3.378276e+00 4.526191e+00
2.975078e+00 1.738708e+03 1.244964e+00 -2.981287e+00 2.803066e-01 1.637922e+00
2.981360e+00 1.737622e+03 -8.996956e-01 4.226953e-01 -7.939653e-01 -8.547753e+00
2.987647e+00 1.737833e+03 1.026434e+00 5.248739e+00 -4.539551e-01 3.383567e+00
2.993930e+00 1.736811e+03 -9.176066e-01 3.319492e-01 5.974379e-01 -9.863064e-01
3.000207e+00 1.739053e+03 8.588511e-01 1.460754e+00 -4.820300e-03 -3.757588e+00
3.006486e+00 1.735157e+03 -1.604371e+00 4.418248e+00 1.801140e+00 -3.368828e+00
3.012770e+00 1.734256e+03 -1.052898e+00 5.414546e+00 -8.339614e-01 1.833393e+00
3.019053e+00 1.737130e+03 6.237395e-01 4.600970e-01 -1.329925e+00 3.509951e+00
3.025338e+00 1.737490e+03 -6.110235e-03 -7.348213e-02 8.729423e-01 -3.519165e+00
3.031624e+00 1.735651e+03 8.300626e-01 3.179070e+00 4.429937e-01 -6.182374e+00
3.037909e+00 1.736724e+03 -2.980843e-01 4.604562e+00 1.260372e+00 -4.101673e-01
3.044195e+00 1.739242e+03 1.011806e+00 -3.609172e+00 5.697903e-01 -7.802126e+00
3.050476e+00 1.738193e+03 -1.285761e+00 1.108535e+00 -1.555072e-01 -2.177217e+00
3.056755e+00 1.739444e+03 6.622553e-01 1.087623e-01 -9.418338e-02 -3.286580e+00
3.063041e+00 1.739579e+03 -5.302402e-01 2.951378e-02 6.457115e-01 -4.278354e-01
3.069324e+00 1.735564e+03 8.728468e-02 1.988539e+00 -1.132538e+00 -5.247070e-01
3.075611e+00 1.736403e+03 7.404523e-02 5.814217e+00 -2.297340e+00 -7.204950e-01
3.081894e+00 1.737869e+03 4.602727e-01 6.936491e+00 2.468091e+00 -3.840367e+00
3.088175e+00 1.736836e+03 3.063555e-01 2.425071e+00 2.977041e-01 -1.143912e+00
3.094459e+00 1.737713e+03 -5.475613e-01 -6.649483e+00 4.456663e-01 -4.655062e+00
3.100744e+00 1.738104e+03 4.252937e-01 -2.851028e+00 -1.206499e+00 5.067870e+00
3.107028e+00 1.740778e+03 8.601016e-01 -3.611653e+00 -1.728705e+00 -4.975319e+00
3.113310e+00 1.735769e+03 -1.387317e-01 1.980046e+00 1.219225e+00 2.736813e-02
3.119591e+00 1.739417e+03 1.325262e-01 1.704956e+00 3.141063e-01 2.776092e+00
3.125874e+00 1.739042e+03 2.570270e-01 3.441193e-01 -2.764217e+00 -4.857560e-01
3.132159e+00 1.738707e+03 5.996819e-01 -1.226765e+00 9.045927e-01 -3.423772e+00
3.138439e+00 1.738160e+03 7.128869e-02 1.159853e+00 2.930470e+00 4.282622e+00
3.144724e+00 1.739364e+03 -1.470749e-02 -7.628059e-01 -1.127515e+00 5.176218e+00
3.151004e+00 1.738859e+03 1.366458e+00 -1.732003e+00 1.273696e+00 1.032278e+00
3.157284e+00 1.737294e+03 2.984593e-03 -1.488703e+00 -8.848888e-01 -1.122365e+00
3.163570e+00 1.738436e+03 5.324366e-01 3.389817e-01 1.105098e-01 4.934516e+00
3.169852e+00 1.739323e+03 -1.282042e+00 -5.016845e-01 2.636928e-01 -2.372271e+00
3.176138e+00 1.736137e+03 3.429914e-01 3.795737e-01 -1.176191e+00 -4.364880e+00
3.182421e+00 1.739524e+03 1.967101e-01 -1.380133e+00 7.846366e-01 -5.129349e+00
3.188703e+00 1.741055e+03 -7.045040e-01 -2.313457e+00 6.839003e-02 -4.704119e+00
3.194991e+00 1.738088e+03 4.131726e-02 -5.586326e+00 -1.132357e-01 -3.537093e+00
3.201276e+00 1.738805e+03 1.460960e-01 4.094624e-01 -7.083818e-01 4.785512e+00
3.207552e+00 1.738942e+03 -2.873894e-01 2.266770e-02 2.812109e+00 4.637531e+00
3.213835e+00 1.738568e+03 1.154672e-01 -2.959173e+00 3.368924e-01 1.620840e+00
