# k, q0, q1/i, q2, q3/i, q4, norm, alpha = 204.77085121873222, 0.01987432793133251
0.000000e+00 8.870822e+12 0.000000e+00 0.000000e+00 0.000000e+00 3.666160e+12
8.899642e-03 2.163068e+11 -2.083385e+10 6.959305e+11 2.203874e+11 7.729588e+11
1.507912e-02 6.502201e+09 -1.888824e+09 -3.065761e+09 2.976072e+09 9.236576e+09
2.144790e-02 1.533433e+09 4.005102e+08 8.282045e+08 -6.480692e+08 1.653600e+09
2.783661e-02 7.143059e+08 -3.357742e+07 8.223708e+08 1.842938e+08 1.638488e+09
3.435100e-02 2.515771e+08 2.911793e+07 -1.264638e+07 -4.794970e+07 7.506855e+07
4.047887e-02 1.544842e+08 6.184300e+07 3.353207e+07 -1.278971e+08 2.120514e+08
4.676717e-02 8.701756e+07 1.065332e+07 4.623710e+07 -9.488566e+06 5.400737e+07
5.308226e-02 4.988440e+07 -4.380258e+06 -1.595085e+07 6.793395e+06 4.526199e+07
5.945363e-02 3.776413e+07 -2.734060e+06 -3.399615e+06 8.232862e+06 6.323220e+07
6.576225e-02 2.307992e+07 -1.400807e+06 -1.634261e+07 2.756267e+06 3.379801e+07
7.196633e-02 1.683301e+07 -2.126146e+06 -4.687743e+06 3.842468e+06 2.682180e+07
7.827861e-02 1.258798e+07 -1.384098e+06 -3.336328e+06 3.673037e+06 1.817302e+07
8.470400e-02 9.000862e+06 -6.520600e+05 -6.149688e+06 1.122346e+06 1.291175e+07
9.096855e-02 9.222684e+06 -1.008021e+06 -8.136549e+05 2.543458e+06 1.788315e+07
9.720791e-02 6.398371e+06 1.515566e+05 -5.682445e+06 3.725985e+05 1.032152e+07
1.034763e-01 5.777029e+06 1.239617e+05 -2.331749e+06 -4.456823e+04 1.091508e+07
1.097577e-01 4.457500e+06 3.272532e+05 -2.021440e+06 -3.271900e+05 7.331393e+06
1.160543e-01 3.985398e+06 5.908698e+04 -3.155825e+06 1.429579e+04 6.046368e+06
1.223670e-01 3.805691e+06 2.723636e+05 -5.544158e+05 -3.990121e+05 6.367894e+06
1.287014e-01 2.949670e+06 2.554038e+05 -2.196883e+06 -5.133757e+05 2.761536e+06
1.349669e-01 2.759428e+06 -3.894026e+04 -7.673978e+05 1.134213e+05 2.971053e+06
1.411950e-01 2.465727e+06 3.703420e+04 -9.161177e+05 4.879141e+04 2.504960e+06
1.475134e-01 2.148160e+06 -4.097366e+04 -1.164174e+06 7.749394e+04 1.659085e+06
1.537865e-01 2.177268e+06 -3.136508e+04 -4.835475e+05 1.028340e+05 2.326752e+06
1.600658e-01 1.790368e+06 3.472559e+04 -7.710789e+05 -3.931539e+04 1.462552e+06
1.663991e-01 1.670380e+06 -2.799647e+04 -4.809277e+05 7.097566e+04 1.416544e+06
1.727196e-01 1.563206e+06 2.356989e+04 -4.968606e+05 -4.126138e+04 1.034416e+06
1.789765e-01 1.548357e+06 -2.175705e+04 -4.328786e+05 1.959485e+04 1.211184e+06
1.852354e-01 1.481723e+06 2.480059e+04 -4.849564e+05 -2.360303e+04 1.089177e+06
1.914807e-01 1.409534e+06 -1.480956e+04 -5.201837e+05 8.754154e+04 7.959329e+05
1.977890e-01 1.423603e+06 -1.221665e+04 -2.190867e+05 7.641449e+03 1.015496e+06
2.040938e-01 1.308540e+06 -1.810763e+04 -3.557808e+05 6.946039e+04 7.041559e+05
2.103939e-01 1.273670e+06 4.540486e+03 -2.578375e+05 -4.000984e+04 6.614931e+05
2.166910e-01 1.264471e+06 -3.716067e+03 -1.658466e+05 2.720842e+04 6.090273e+05
2.229700e-01 1.213026e+06 1.524996e+04 -2.968809e+05 -4.978776e+04 4.492449e+05
2.292620e-01 1.216490e+06 -2.601398e+03 -1.464428e+05 1.983484e+04 5.645891e+05
2.355142e-01 1.172931e+06 1.187301e+04 -2.917591e+05 -5.397697e+04 3.191897e+05
2.417911e-01 1.138869e+06 7.620306e+03 -2.441897e+05 1.063214e+04 2.651667e+05
2.480857e-01 1.128360e+06 5.967939e+02 -2.324706e+05 1.449452e+04 2.799127e+05
2.543492e-01 1.094083e+06 -3.907350e+03 -1.903536e+05 1.356255e+04 2.488818e+05
2.606382e-01 1.148247e+06 2.451647e+03 -2.922415e+04 -9.048786e+03 4.374313e+05
2.669301e-01 1.083350e+06 6.320042e+03 -1.783164e+05 -2.328011e+03 1.639257e+05
2.732424e-01 1.085453e+06 -6.121024e+03 -7.307734e+04 3.619688e+03 2.420009e+05
2.795530e-01 1.070594e+06 7.589285e+03 -9.954473e+04 -2.686043e+03 2.984950e+05
2.858367e-01 1.060439e+06 5.817064e+03 -8.447579e+04 -1.304281e+04 2.220632e+05
2.920934e-01 1.042695e+06 4.678171e+03 -6.842258e+04 -1.245764e+04 1.954715e+05
2.983501e-01 1.029682e+06 -4.170891e+02 -7.784853e+04 -5.570310e+03 1.452325e+05
3.046383e-01 1.059133e+06 -1.664717e+03 -3.611386e+04 9.223479e+01 2.331035e+05
3.109279e-01 1.006472e+06 -3.609028e+03 -1.021671e+05 9.067821e+03 1.096843e+05
3.172168e-01 1.023276e+06 -6.862357e+03 -1.070318e+05 1.348610e+04 1.447834e+05
3.235188e-01 1.016853e+06 -1.582101e+03 -6.043941e+04 7.933597e+03 1.578104e+05
3.298168e-01 1.005713e+06 -1.138265e+03 -1.039428e+05 3.341448e+03 1.203824e+05
3.361177e-01 9.948519e+05 9.076586e+02 -7.153123e+04 -6.606461e+03 5.487518e+04
3.423729e-01 1.000855e+06 -8.309584e+02 -7.817381e+04 8.568171e+03 1.264237e+05
3.486504e-01 9.968165e+05 6.433511e+03 -5.575224e+04 -4.419598e+03 1.329010e+05
3.549412e-01 9.894912e+05 1.570561e+03 -6.214181e+04 -5.003133e+03 6.525361e+04
3.611917e-01 9.959031e+05 -2.836191e+03 -8.644187e+04 6.817247e+03 1.212738e+05
3.674767e-01 9.999896e+05 -3.609842e+03 -7.903238e+04 -1.365092e+04 1.007043e+05
3.737648e-01 9.839294e+05 1.818460e+03 -5.767965e+04 -2.588072e+03 9.539911e+04
3.800654e-01 9.655866e+05 -3.293787e+02 -5.980984e+04 -7.616534e+03 4.980024e+04
3.863540e-01 9.749406e+05 -2.515169e+03 -2.554474e+03 9.719874e+03 1.245349e+05
3.926151e-01 9.804172e+05 5.965601e+03 -7.034055e+04 1.953198e+03 9.149351e+04
3.989274e-01 9.769902e+05 2.351894e+03 -1.726592e+04 -8.128354e+02 6.775026e+04
4.052074e-01 9.730138e+05 -5.824426e+02 5.730890e+03 -3.898729e+03 7.437662e+04
4.114917e-01 9.634269e+05 2.788186e+03 -2.043863e+04 2.307841e+03 4.482842e+04
4.177815e-01 9.748861e+05 -4.829044e+02 -4.547463e+04 7.251945e+02 8.452009e+04
4.240401e-01 9.649172e+05 7.810269e+01 -5.560653e+04 -2.850352e+03 4.035394e+04
4.303426e-01 9.641322e+05 -8.207537e+01 -1.579856e+04 -8.589324e+03 6.340801e+04
4.366359e-01 9.644717e+05 3.322410e+03 -4.949598e+04 -2.706987e+02 2.731396e+04
4.428997e-01 9.600406e+05 1.135302e+02 -5.002371e+04 -2.771297e+03 3.970345e+04
4.491635e-01 9.752304e+05 -7.612000e+02 -3.143711e+04 2.667745e+03 2.388737e+04
4.554415e-01 9.591562e+05 5.107741e+02 -3.743558e+04 1.848489e+03 5.193441e+04
4.617635e-01 9.584431e+05 4.417165e+02 -4.823652e+04 1.195280e+02 5.057518e+04
4.680645e-01 9.539716e+05 -5.744490e+02 -3.743754e+04 -7.620218e+03 5.917819e+04
4.743486e-01 9.547752e+05 1.398118e+03 -1.588546e+04 2.016958e+03 3.584791e+04
4.806356e-01 9.647624e+05 -1.902806e+03 -4.454834e+04 1.136846e+04 5.550361e+04
4.869020e-01 9.557348e+05 2.722764e+03 -2.665514e+04 -1.171940e+04 5.347737e+04
4.931697e-01 9.543334e+05 3.217748e+03 -4.143082e+04 -1.603529e+03 5.831553e+04
4.994507e-01 9.621068e+05 -1.468773e+02 -6.607172e+04 5.009938e+03 7.853488e+04
5.057159e-01 9.613646e+05 -9.992609e+02 -5.919220e+04 -5.404532e+03 7.686755e+04
5.119924e-01 9.657225e+05 1.240533e+03 -4.638188e+04 1.083787e+03 6.222996e+04
5.183126e-01 9.597648e+05 -3.219374e+03 -4.603649e+04 7.197461e+03 6.472291e+04
5.246102e-01 9.574276e+05 2.025585e+03 -6.014524e+04 -3.122251e+03 7.256776e+04
5.308769e-01 9.659467e+05 -3.199942e+03 -8.398100e+04 2.722933e+03 7.600052e+04
5.371574e-01 9.730880e+05 1.551392e+03 -6.486006e+04 -3.126936e+03 8.961562e+04
5.434580e-01 9.647002e+05 -2.745859e+03 -6.443611e+04 7.516491e+03 7.308630e+04
5.497431e-01 9.586742e+05 -1.074090e+03 -8.121725e+04 1.504657e+03 6.209798e+04
5.559938e-01 9.718221e+05 1.336570e+03 -7.048150e+04 3.596086e+03 7.534741e+04
5.622855e-01 9.690506e+05 3.076275e+03 -7.064112e+04 -3.015443e+03 8.807372e+04
5.686012e-01 9.651354e+05 -4.471058e+01 -5.832958e+04 -2.032874e+01 9.527762e+04
5.748805e-01 9.577276e+05 -3.545491e+03 -5.860212e+04 3.042526e+02 8.580822e+04
5.811551e-01 9.699770e+05 6.096008e+02 -7.820982e+04 -4.173766e+03 1.044720e+05
5.874409e-01 9.558702e+05 1.714641e+03 -5.539420e+04 -1.474333e+03 9.549130e+04
5.937190e-01 9.608546e+05 -2.020629e+03 -6.029556e+04 2.230546e+03 6.781738e+04
5.999972e-01 9.585461e+05 2.191380e+03 -6.912954e+04 -2.629379e+03 8.450995e+04
6.062680e-01 9.587885e+05 -1.536800e+03 -6.959570e+04 4.551289e+03 7.763762e+04
6.125470e-01 9.559138e+05 3.498429e+02 -6.515147e+04 1.067218e+03 7.505411e+04
6.188487e-01 9.518689e+05 -1.521635e+03 -5.125758e+04 -1.872726e+03 5.675811e+04
6.251319e-01 9.494615e+05 -1.040223e+02 -5.998343e+04 -5.265046e+03 7.201605e+04
6.314028e-01 9.622441e+05 1.478629e+03 -4.173225e+04 4.894504e+02 6.238636e+04
6.377004e-01 9.562545e+05 -1.022308e+03 -3.529134e+04 1.631828e+03 4.084906e+04
6.439858e-01 9.596309e+05 9.440109e+02 -2.721891e+04 4.818216e+02 6.264362e+04
6.502686e-01 9.563443e+05 4.447739e+02 -2.495520e+04 2.742062e+03 6.341175e+04
6.565587e-01 9.486454e+05 8.707711e+02 -3.174562e+04 3.276079e+03 4.528639e+04
6.628370e-01 9.547888e+05 -1.168979e+03 -3.804457e+04 -4.387431e+03 4.379166e+04
6.691186e-01 9.471019e+05 8.596699e+02 -3.518996e+04 -2.806812e+03 3.629950e+04
6.754071e-01 9.479918e+05 -7.524043e+02 -3.237871e+04 -5.354338e+03 1.503863e+04
6.816837e-01 9.464012e+05 2.572365e+03 -1.890088e+04 -1.700080e+03 4.469173e+04
6.879601e-01 9.467447e+05 -5.568070e+02 -3.335574e+04 -1.410879e+03 4.687691e+04
6.942351e-01 9.435392e+05 2.548774e+03 -7.626271e+03 5.103739e+02 4.297077e+04
7.005176e-01 9.444190e+05 -2.299607e+02 -2.108467e+04 -2.368318e+03 2.236639e+04
7.068125e-01 9.507128e+05 -4.010086e+02 -2.499804e+04 4.108020e+03 2.474647e+04
7.131020e-01 9.514048e+05 -2.050903e+02 -2.251057e+04 -6.311271e+02 3.895761e+04
7.193919e-01 9.439702e+05 -2.178084e+03 -1.659944e+04 8.389144e+02 1.745840e+04
7.256834e-01 9.406579e+05 -1.310307e+03 -2.236297e+04 1.553952e+03 4.347021e+04
7.319668e-01 9.429693e+05 -2.970966e+02 -2.892219e+04 -5.449642e+03 2.507223e+04
7.382523e-01 9.436788e+05 -2.490218e+02 -3.284298e+03 -2.706861e+03 2.834571e+04
7.445266e-01 9.470859e+05 1.707547e+03 -9.618765e+03 4.481758e+03 2.364484e+04
7.507872e-01 9.484764e+05 -4.653728e+02 -1.742405e+04 1.659586e+03 2.970241e+04
7.570759e-01 9.372993e+05 -1.598804e+03 -2.269572e+04 5.204012e+03 9.249708e+03
7.633642e-01 9.431024e+05 -4.534775e+02 -1.483058e+03 -1.786968e+03 1.783494e+04
7.696464e-01 9.399874e+05 1.017366e+03 -5.569911e+03 -3.017921e+03 3.221638e+04
7.759395e-01 9.396959e+05 1.165061e+03 -1.558639e+04 -2.646587e+03 3.002238e+04
7.822335e-01 9.332825e+05 -2.507707e+03 -1.027570e+04 3.204723e+03 1.705475e+04
7.885323e-01 9.391708e+05 1.494233e+03 -9.004051e+03 -6.630397e+03 1.664296e+04
7.947900e-01 9.400835e+05 1.712377e+02 -1.035536e+04 9.067912e+01 1.621615e+04
8.010492e-01 9.337646e+05 5.327052e+00 -7.833229e+03 -7.306153e+03 1.237758e+04
8.073365e-01 9.337422e+05 2.332614e+02 -6.363001e+03 8.438873e+03 1.689320e+04
8.136230e-01 9.371984e+05 2.678715e+02 1.395625e+04 1.942429e+03 2.122347e+04
8.199154e-01 9.364424e+05 -1.459151e+03 -8.196941e+03 -4.086406e+02 2.167513e+04
8.261953e-01 9.320284e+05 -6.268726e+01 -8.390283e+03 2.022616e+03 1.278466e+04
8.324898e-01 9.390644e+05 3.147634e+03 -6.539066e+03 -2.505760e+03 2.177938e+04
8.387960e-01 9.386620e+05 -1.446864e+02 2.085958e+03 2.599343e+03 5.418975e+03
8.450635e-01 9.323840e+05 -7.844176e+02 -5.359394e+03 -7.161370e+03 -6.839346e+03
8.513284e-01 9.390146e+05 8.162629e+02 -3.630290e+02 3.606292e+03 1.058088e+04
8.576199e-01 9.338956e+05 -1.941755e+03 -3.368195e+02 -9.375698e+02 8.370261e+03
8.639059e-01 9.354497e+05 1.276731e+03 -4.237012e+03 -2.194323e+03 4.254041e+03
8.701839e-01 9.315570e+05 -4.634383e+02 5.831371e+02 5.028331e+03 -1.559489e+03
8.764642e-01 9.338654e+05 6.296891e+02 1.276291e+03 -4.177367e+03 1.119551e+04
8.827505e-01 9.320658e+05 2.299424e+02 -1.835515e+03 1.938167e+03 9.052547e+03
8.890333e-01 9.342938e+05 -1.182535e+02 -5.334402e+03 -5.470352e+03 7.402756e+03
8.953085e-01 9.335140e+05 6.924722e+02 -1.179367e+04 2.665976e+03 -3.134831e+03
9.015957e-01 9.351549e+05 -2.179536e+03 2.442295e+01 5.667725e+03 1.185243e+04
9.078834e-01 9.347441e+05 -2.611573e+02 7.025755e+03 -9.875637e+02 2.429270e+02
9.141745e-01 9.337731e+05 2.531043e+01 -1.965065e+03 -1.854389e+03 -2.517994e+03
9.204632e-01 9.320193e+05 1.572502e+03 -3.353256e+03 5.123388e+03 3.972323e+03
9.267435e-01 9.394389e+05 4.948926e+01 1.110687e+04 -2.459029e+03 3.119539e+03
9.330325e-01 9.319419e+05 -8.233293e+02 1.032242e+04 -1.684109e+02 -2.888284e+03
9.393266e-01 9.359729e+05 1.672020e+02 -3.901432e+03 4.262589e+02 8.095915e+03
9.455976e-01 9.357956e+05 -3.891741e+01 -1.517684e+04 -3.508214e+03 3.326812e+03
9.518661e-01 9.350522e+05 -6.907827e+02 -2.264803e+02 -2.253312e+03 1.399886e+04
9.581414e-01 9.361083e+05 7.169565e+02 -6.201401e+02 -9.562606e+02 -2.567026e+03
9.644352e-01 9.309078e+05 -3.163705e+02 6.018350e+03 -4.108076e+02 1.944218e+03
9.707356e-01 9.333646e+05 1.038100e+03 1.556954e+03 5.337624e+03 -3.337871e+03
9.770081e-01 9.276707e+05 2.704408e+02 -2.426147e+02 -4.490101e+03 6.090192e+03
9.832824e-01 9.357116e+05 3.881359e+02 -3.410277e+03 2.957014e+02 1.102819e+04
9.895570e-01 9.387756e+05 -1.425758e+03 -2.374726e+03 4.184889e+03 8.563323e+03
9.958457e-01 9.363051e+05 -6.649363e+02 -4.485291e+03 -3.561662e+03 1.790692e+04
1.002136e+00 9.314704e+05 -5.743411e+02 -3.092439e+03 3.993033e+03 1.645833e+04
1.008405e+00 9.345097e+05 -9.793401e+02 3.599919e+02 3.242686e+02 2.241259e+04
1.014694e+00 9.265517e+05 -7.948970e+02 -1.388384e+03 -3.031320e+03 1.086908e+04
1.020993e+00 9.335792e+05 2.595942e+01 2.149250e+03 1.035341e+03 -1.694434e+03
1.027274e+00 9.275225e+05 2.023483e+03 6.204614e+03 1.822121e+01 -2.995626e+03
1.033561e+00 9.314217e+05 -8.316286e+02 -2.782623e+03 1.421291e+03 2.961177e+03
1.039849e+00 9.365198e+05 -1.329408e+02 2.794044e+02 -9.543801e+02 -1.020605e+03
1.046127e+00 9.343149e+05 2.146823e+02 7.561674e+03 1.583892e+03 2.953401e+03
1.052404e+00 9.324264e+05 1.250247e+03 4.807963e+03 -1.706811e+01 2.507322e+02
1.058681e+00 9.373548e+05 6.694886e+02 -8.284987e+02 -2.260413e+03 7.464250e+03
1.064964e+00 9.340018e+05 -3.478613e+02 -2.810207e+03 1.162787e+03 8.313751e+03
1.071257e+00 9.315466e+05 5.855451e+02 -5.127149e+03 1.768364e+03 -3.865596e+03
1.077544e+00 9.312953e+05 4.310848e+02 1.581616e+03 -3.818033e+03 6.998884e+02
1.083826e+00 9.318324e+05 3.892763e+01 -1.653738e+03 2.281865e+03 -6.534735e+03
1.090109e+00 9.271836e+05 1.114986e+02 2.687553e+03 -2.421657e+02 1.539810e+03
1.096390e+00 9.350772e+05 -2.170784e+02 -7.255568e+03 -2.178225e+03 -7.609479e+03
1.102681e+00 9.337818e+05 -7.687775e+02 6.109893e+02 2.382161e+03 -1.299975e+03
1.108963e+00 9.314549e+05 -3.181851e+02 -3.684922e+03 -3.168969e+03 4.789585e+03
1.115226e+00 9.346909e+05 8.249519e+01 -2.542333e+03 2.479258e+03 -1.143345e+03
1.121502e+00 9.332741e+05 -8.296687e+01 -8.426287e+03 9.282130e+02 1.794328e+03
1.127793e+00 9.382036e+05 -1.170560e+03 -9.042352e+03 -7.570820e+02 -5.959708e+03
1.134090e+00 9.337401e+05 1.052963e+03 -2.744150e+03 1.792292e+03 1.041442e+04
1.140364e+00 9.382806e+05 -1.438462e+02 -5.631260e+02 -1.425618e+03 -8.187444e+02
1.146639e+00 9.325904e+05 -7.074033e+02 5.032634e+03 -2.186017e+03 -2.809607e+03
1.152943e+00 9.339981e+05 -1.509077e+03 2.061029e+03 1.806256e+03 -5.380409e+03
1.159229e+00 9.351955e+05 3.678044e+02 -6.162889e+03 -6.147565e+02 8.632415e+03
1.165509e+00 9.320748e+05 9.758816e+01 -9.847173e+03 5.554012e+02 7.324882e+03
1.171793e+00 9.347414e+05 7.265328e+02 -3.016981e+03 -8.410027e+02 -7.005849e+02
1.178088e+00 9.335996e+05 -1.267786e+02 -2.655083e+03 -7.812786e+02 7.971131e+03
1.184368e+00 9.332084e+05 3.306777e+02 -1.159969e+04 1.044068e+03 1.265170e+04
1.190635e+00 9.374679e+05 8.736343e+02 -5.124086e+03 -3.973935e+01 6.995192e+03
1.196912e+00 9.320651e+05 5.093931e+02 -2.460072e+03 -3.184852e+03 -6.475566e+02
1.203202e+00 9.311988e+05 5.565727e+02 4.629534e+03 -3.432113e+03 -3.586710e+03
1.209487e+00 9.326203e+05 -4.606705e+02 4.634775e+03 6.413101e+01 -3.433518e+03
1.215764e+00 9.326465e+05 7.498502e+02 -2.547701e+03 1.551126e+03 9.768966e+03
1.222051e+00 9.307644e+05 -1.349364e+02 2.725769e+03 2.071988e+03 -9.223317e+02
1.228341e+00 9.325521e+05 -1.799928e+02 1.171043e+03 4.752451e+02 6.917890e+03
1.234633e+00 9.341177e+05 -1.488372e+01 1.079362e+03 -2.547419e+03 1.549559e+03
1.240903e+00 9.303863e+05 8.763326e+01 -2.156208e+03 7.941697e+02 2.911573e+02
1.247175e+00 9.321159e+05 -6.033691e+02 -4.310375e+03 4.056686e+03 -1.340787e+03
1.253466e+00 9.320916e+05 8.977239e+02 2.172000e+03 -1.097782e+03 8.448300e+03
1.259750e+00 9.323434e+05 -1.638448e+02 1.025787e+03 2.008092e+03 4.988222e+03
1.266032e+00 9.306651e+05 -6.987258e+02 3.852940e+02 -1.933650e+02 7.062479e+03
1.272317e+00 9.338364e+05 -1.185886e+02 -3.448636e+03 2.084948e+02 5.295486e+03
1.278605e+00 9.324372e+05 -6.823941e+02 2.813892e+03 -9.345726e+02 -2.109705e+03
1.284887e+00 9.327414e+05 3.582063e+01 4.568526e+03 -1.709859e+03 8.020425e+03
1.291176e+00 9.308373e+05 -1.373434e+03 -8.092297e+02 -6.646982e+02 -2.736357e+03
1.297466e+00 9.317577e+05 9.053167e+02 2.512326e+03 3.704295e+02 -8.805284e+02
1.303742e+00 9.302171e+05 -7.338138e+02 -5.310270e+01 2.673611e+03 -1.253695e+03
1.310018e+00 9.316239e+05 3.677548e+02 -1.060672e+04 -2.101989e+03 1.401372e+03
1.316302e+00 9.326574e+05 3.847816e+02 2.261175e+03 -1.160378e+03 1.212654e+04
1.322587e+00 9.306594e+05 -2.826549e+02 1.042500e+04 2.559463e+03 6.601188e+03
1.328866e+00 9.302118e+05 2.410410e+02 -2.135273e+03 5.182036e+02 7.486763e+03
1.335145e+00 9.292042e+05 -6.077940e+02 -7.304710e+03 -1.531493e+02 4.412583e+03
1.341441e+00 9.292846e+05 8.339039e+02 -4.925781e+03 -1.330843e+03 1.072142e+03
1.347731e+00 9.333128e+05 -4.582056e+02 -5.247697e+03 9.052986e+02 4.277833e+03
1.354002e+00 9.346016e+05 -4.904927e+02 5.739012e+02 1.614276e+03 2.940439e+03
1.360283e+00 9.318027e+05 8.554771e+02 1.835291e+03 -1.909601e+03 4.053631e+03
1.366566e+00 9.317942e+05 -2.754937e+02 -1.230466e+04 -1.258648e+03 6.384304e+03
1.372852e+00 9.322171e+05 -9.505496e+02 -1.148398e+03 4.267005e+03 3.828015e+03
1.379136e+00 9.306318e+05 1.621806e+02 -4.460145e+03 2.228132e+03 1.539878e+04
1.385410e+00 9.345112e+05 -5.628633e+02 -1.157926e+04 -1.277083e+03 8.359846e+03
1.391699e+00 9.324385e+05 1.125937e+03 -4.059993e+01 -3.069780e+03 -2.215184e+03
1.397985e+00 9.301947e+05 3.352859e+01 -5.499600e+03 5.191527e+02 1.333711e+04
1.404268e+00 9.305829e+05 5.051060e+02 2.836362e+03 1.189842e+02 3.693152e+03
1.410555e+00 9.313996e+05 -4.404819e+02 -3.689588e+03 6.251086e+02 7.621079e+03
1.416838e+00 9.312094e+05 -3.473958e+02 5.994483e+01 2.575041e+02 2.000010e+03
1.423118e+00 9.313629e+05 -4.443993e+02 -1.773624e+03 -5.295398e+01 -1.296204e+03
1.429398e+00 9.319387e+05 8.887375e+02 -2.991535e+03 -2.888402e+03 9.717148e+02
1.435687e+00 9.291580e+05 -4.726573e+02 -2.148385e+03 2.970961e+03 -4.224067e+03
1.441977e+00 9.297586e+05 -3.298428e+02 -1.412711e+03 -1.650331e+03 -1.872869e+03
1.448254e+00 9.288046e+05 1.282402e+03 4.660940e+02 -1.528159e+03 2.098091e+03
1.454532e+00 9.290474e+05 -2.054954e+02 1.977846e+03 1.026193e+03 -7.862795e+02
1.460819e+00 9.294386e+05 -2.209356e+02 4.398394e+03 2.121066e+03 -2.233289e+03
1.467111e+00 9.330304e+05 5.053514e+00 3.499508e+03 3.186534e+01 -1.633297e+03
1.473393e+00 9.333601e+05 -1.648072e+02 4.512024e+01 -9.318260e+02 -8.262061e+03
1.479670e+00 9.328101e+05 2.220103e+02 3.414619e+03 2.491391e+02 4.535483e+02
1.485956e+00 9.310900e+05 1.106710e+02 2.281502e+03 -4.372796e+03 -4.404869e+03
1.492234e+00 9.317614e+05 -4.326675e+02 -5.494251e+03 3.999090e+03 2.792106e+03
1.498503e+00 9.296951e+05 3.203197e+02 -2.432480e+03 1.692453e+03 6.879635e+03
1.504786e+00 9.330581e+05 -7.304172e+01 5.115203e+03 -3.299255e+03 -6.840804e+02
1.511076e+00 9.317338e+05 -9.681965e+01 5.894772e+03 -1.515739e+03 -4.014908e+03
1.517362e+00 9.302957e+05 -4.184981e+02 -5.041931e+03 -1.038258e+03 -1.233549e+03
1.523650e+00 9.284588e+05 -1.123723e+02 4.090899e+02 -9.661945e+01 -2.181072e+03
1.529939e+00 9.315411e+05 -4.898911e+02 -1.412583e+03 3.978224e+03 2.521999e+03
1.536230e+00 9.277921e+05 -4.665232e+02 6.390609e+03 8.062626e+01 1.276551e+03
1.542511e+00 9.313174e+05 -1.676631e+02 -2.142236e+03 -6.342725e+02 5.145072e+03
1.548784e+00 9.337071e+05 6.436385e+02 1.082558e+03 1.057531e+03 6.349411e+03
1.555073e+00 9.285892e+05 1.238263e+02 3.058094e+03 -1.302026e+03 -3.026939e+03
1.561357e+00 9.329247e+05 1.041299e+02 6.672380e+02 1.648993e+03 2.083438e+03
1.567629e+00 9.321279e+05 -1.310650e+02 -1.635074e+03 -1.889993e+03 -1.414883e+03
1.573914e+00 9.283756e+05 -1.293891e+03 -2.444637e+03 3.425019e+03 -3.766868e+02
1.580204e+00 9.347719e+05 -1.767022e+02 2.546854e+03 -1.645819e+03 -1.097945e+03
1.586486e+00 9.324983e+05 1.376227e+01 1.715050e+03 -3.515647e+02 2.266436e+03
1.592760e+00 9.322577e+05 2.202423e+02 6.259457e+03 8.428532e+01 7.537422e+03
1.599047e+00 9.314619e+05 7.242626e+02 5.523214e+03 -1.278939e+03 7.871442e+03
1.605342e+00 9.319355e+05 4.108588e+02 2.051900e+03 4.500189e+02 -1.245887e+03
1.611620e+00 9.313453e+05 -5.864028e+02 2.466383e+03 1.328137e+03 1.329139e+03
1.617898e+00 9.303026e+05 -1.919042e+02 -2.090346e+03 -8.118624e+02 3.852090e+03
1.624183e+00 9.314401e+05 -5.106504e+02 -5.717006e+02 2.981352e+02 -4.025080e+03
1.630465e+00 9.293185e+05 -1.275977e+03 -4.740857e+03 1.863611e+03 1.105570e+02
1.636749e+00 9.308852e+05 8.662248e+02 -1.149574e+03 -3.330183e+03 5.102896e+03
1.643031e+00 9.318358e+05 -4.082792e+02 -4.795621e+03 1.040387e+03 3.905030e+03
1.649309e+00 9.331600e+05 1.493298e+02 -4.242562e+02 3.652641e+02 4.216979e+03
1.655594e+00 9.325422e+05 9.247766e+01 -6.394562e+02 -6.714193e+01 2.426791e+03
1.661880e+00 9.317355e+05 -3.464916e+02 -1.660851e+03 7.430759e+02 4.862328e+03
1.668169e+00 9.311538e+05 9.055632e+02 -1.296511e+03 1.944338e+02 -4.114455e+03
1.674450e+00 9.302972e+05 4.161312e+02 -5.536395e+03 -3.048608e+02 1.045182e+03
1.680723e+00 9.288036e+05 -3.529764e+02 2.637327e+03 -6.694640e+02 -8.341439e+03
1.687014e+00 9.315648e+05 5.739539e+02 5.207976e+03 1.101618e+03 1.030246e+03
1.693309e+00 9.306484e+05 -6.803889e+01 3.976732e+03 -3.523053e+03 -5.839791e+03
1.699582e+00 9.303972e+05 2.014306e+02 -2.348633e+03 5.962449e+02 8.001758e+02
1.705864e+00 9.326032e+05 1.026455e+01 -7.024240e+02 1.106274e+03 2.431896e+03
1.712155e+00 9.308108e+05 -5.402812e+02 8.068098e+02 -7.147102e+02 6.401193e+03
1.718439e+00 9.317757e+05 -3.216761e+02 -5.875497e+02 3.003793e+03 1.902274e+03
1.724721e+00 9.315498e+05 -5.493269e+02 4.013825e+03 -1.123417e+03 2.591237e+03
1.730998e+00 9.340039e+05 3.354982e+02 -4.754103e+03 -1.591830e+02 3.118748e+03
1.737287e+00 9.324621e+05 -1.143317e+02 -2.066167e+03 4.071974e+02 -8.614659e+02
1.743568e+00 9.325038e+05 8.375909e+02 -7.109816e+02 -6.830264e+02 3.004900e+03
1.749841e+00 9.311759e+05 -6.641641e+01 2.536202e+03 -2.615661e+03 -5.643067e+03
1.756129e+00 9.318535e+05 9.235078e+01 2.761031e+03 1.352388e+03 -1.118460e+03
1.762414e+00 9.304094e+05 -5.198598e+02 -4.473691e+03 -1.523018e+03 -4.823028e+03
1.768696e+00 9.312688e+05 4.647580e+02 -2.005658e+03 8.540712e+02 3.123232e+03
1.774979e+00 9.298606e+05 -9.054313e+02 -3.768459e+02 1.406720e+03 -5.116704e+03
1.781266e+00 9.310679e+05 2.479960e+02 -2.311856e+03 -1.223126e+03 -1.273674e+03
1.787550e+00 9.303454e+05 1.108843e+02 -1.244773e+03 1.956034e+03 -6.375469e+03
1.793834e+00 9.316296e+05 -8.295338e+01 -5.538858e+03 5.783959e+01 -4.146133e+03
1.800115e+00 9.323411e+05 7.962350e+02 9.856620e+02 -9.678550e+01 -2.024248e+03
1.806394e+00 9.283510e+05 -5.467831e+02 5.302280e+03 -1.840336e+03 8.211705e+03
1.812674e+00 9.301641e+05 -3.809855e+01 6.505437e+03 3.613073e+02 -3.165149e+03
1.818957e+00 9.266288e+05 5.006992e+02 3.240996e+03 1.469904e+01 -2.895064e+02
1.825244e+00 9.289366e+05 5.699119e+01 -9.990096e+02 1.350810e+03 -3.726422e+02
1.831527e+00 9.273346e+05 -1.162703e+02 4.697138e+02 -4.915886e+02 -1.669101e+03
1.837811e+00 9.325876e+05 -1.198844e+02 -2.149768e+03 -2.015696e+03 -4.290484e+03
1.844101e+00 9.338018e+05 4.899990e+02 -3.713303e+03 8.921921e+02 4.719587e+03
1.850385e+00 9.301796e+05 -5.071495e+02 -3.951214e+03 6.885838e+01 -1.422654e+03
1.856666e+00 9.325713e+05 3.349018e+01 -2.339693e+03 3.022682e+01 3.842454e+03
1.862948e+00 9.309874e+05 3.282499e+02 -4.734752e+03 -4.916472e+02 1.873103e+03
1.869229e+00 9.301838e+05 4.832046e+02 -1.943013e+03 1.604429e+03 -3.528529e+03
1.875518e+00 9.316293e+05 -4.569179e+02 -6.849405e+03 2.517116e+02 -1.713860e+03
1.881801e+00 9.319768e+05 -1.214668e+02 -2.257982e+03 -1.550110e+02 1.678668e+02
1.888079e+00 9.335902e+05 3.245176e+02 -1.380796e+02 -9.867128e+02 1.249087e+03
1.894354e+00 9.321911e+05 -4.444695e+02 -2.419585e+03 -1.300131e+02 -9.788461e+02
1.900643e+00 9.310379e+05 7.915962e+02 -3.654086e+03 1.303312e+03 7.471800e+02
1.906934e+00 9.304342e+05 -5.549480e+02 9.055190e+02 -2.063127e+02 -2.519033e+03
1.913208e+00 9.297889e+05 3.750090e+02 3.232638e+02 6.741862e+02 3.855072e+03
1.919491e+00 9.303749e+05 4.557068e+02 -2.229696e+03 -5.420821e+02 2.536327e+03
1.925777e+00 9.284579e+05 -7.144618e+01 4.692666e+02 1.047896e+03 -8.450010e+02
1.932065e+00 9.312583e+05 -5.755703e+02 -1.036722e+03 -2.407620e+03 3.591572e+03
1.938343e+00 9.299210e+05 2.239254e+02 -2.377026e+03 -1.800258e+03 4.306284e+02
1.944619e+00 9.327041e+05 -4.676214e+02 -4.445900e+03 1.899946e+03 -3.109613e+03
1.950906e+00 9.311056e+05 -2.185960e+02 2.569503e+03 8.969711e+02 1.196301e+03
1.957195e+00 9.307394e+05 1.563379e+02 3.431322e+03 7.057957e+02 -1.912632e+02
1.963480e+00 9.303082e+05 -2.866003e+02 -5.720754e+03 1.705924e+02 1.274682e+03
1.969761e+00 9.274983e+05 -9.049809e+02 -5.976738e+03 -7.651051e+02 3.002932e+03
1.976049e+00 9.287732e+05 1.519823e+02 6.824449e+02 -1.488212e+03 6.856922e+02
1.982338e+00 9.268919e+05 -5.897762e+02 1.911186e+03 4.901046e+02 -3.416050e+03
1.988618e+00 9.316364e+05 2.225911e+02 -3.166236e+03 3.645448e+02 -1.830551e+03
1.994896e+00 9.310170e+05 -4.253740e+02 2.171445e+03 4.020009e+02 5.560684e+02
2.001180e+00 9.306571e+05 6.421014e+02 -5.281244e+03 -1.010847e+03 7.539671e+02
2.007460e+00 9.309014e+05 -3.455583e+02 -1.848764e+03 1.300041e+03 -1.869606e+03
2.013738e+00 9.305494e+05 2.605789e+02 -3.869122e+03 -2.404957e+02 2.285400e+03
2.020017e+00 9.296801e+05 -8.041601e+02 -7.124155e+02 1.504395e+03 1.823678e+03
2.026310e+00 9.316391e+05 4.863468e+02 -2.704459e+03 -7.346374e+02 -9.231627e+02
2.032601e+00 9.326927e+05 6.940647e+02 2.998571e+03 -1.328014e+02 7.712145e+02
2.038874e+00 9.327558e+05 -7.698890e+02 1.902015e+03 -1.779554e+03 3.966150e+02
2.045154e+00 9.310002e+05 3.838057e+01 -2.225076e+03 -2.235637e+03 -4.148116e+03
2.051445e+00 9.335798e+05 1.324287e+02 -3.821335e+03 2.457130e+03 -5.035963e+03
2.057731e+00 9.332276e+05 -1.665469e+02 5.135175e+02 -6.102953e+02 7.221924e+02
2.064014e+00 9.322434e+05 1.814042e+02 -1.849713e+03 -1.221197e+03 2.191218e+03
2.070301e+00 9.282649e+05 -6.399048e+02 1.284386e+02 -6.273351e+02 -3.174680e+03
2.076590e+00 9.309911e+05 2.108907e+01 2.235549e+03 5.609122e+02 -6.715319e+03
2.082866e+00 9.287515e+05 -1.613601e+02 9.632963e+01 2.140642e+03 -3.313796e+03
2.089135e+00 9.315798e+05 6.026088e+02 3.677498e+03 1.117029e+02 -5.362384e+03
2.095424e+00 9.308402e+05 2.704746e+02 -3.378148e+03 5.035532e+02 -1.212425e+03
2.101708e+00 9.315763e+05 8.777104e+01 -3.303667e+02 -1.180030e+03 5.539811e+03
2.107987e+00 9.322730e+05 -4.438432e+02 -8.015163e+02 -1.229752e+03 1.540534e+03
2.114272e+00 9.292274e+05 -1.110693e+02 -2.476830e+03 1.035532e+03 3.236924e+02
2.120553e+00 9.308400e+05 2.477668e+02 -1.051077e+03 -4.823577e+01 -2.721181e+03
2.126837e+00 9.316428e+05 -3.041484e+02 -4.623719e+02 -4.415022e+01 -2.571084e+03
2.133122e+00 9.312455e+05 -7.068745e+00 5.729329e+02 1.343617e+03 -9.243635e+02
2.139412e+00 9.328041e+05 -8.407246e+01 -2.482868e+03 4.831138e+02 2.206591e+03
2.145697e+00 9.313384e+05 -1.006151e+02 -1.204778e+03 3.078671e+02 2.199740e+00
2.151974e+00 9.312987e+05 -2.280225e+02 -2.555796e+03 -1.572096e+03 4.285331e+03
2.158260e+00 9.305127e+05 -1.590042e+02 1.824004e+03 -3.331639e+02 5.463722e+03
2.164546e+00 9.320221e+05 1.647854e+02 5.295660e+03 7.348378e+02 3.017719e+03
2.170831e+00 9.303326e+05 -1.822928e+02 1.769334e+03 -1.055072e+02 -1.477383e+03
2.177115e+00 9.323174e+05 6.555985e+02 3.127449e+02 -9.008077e+02 -2.255921e+03
2.183388e+00 9.316591e+05 -1.358697e+02 1.055477e+02 -7.032413e+02 -1.949597e+03
2.189670e+00 9.309821e+05 -7.334615e+01 -1.092116e+03 -4.033511e+02 5.162051e+03
2.195960e+00 9.310338e+05 -6.343058e+01 -3.038960e+03 -9.288883e+02 -4.409662e+03
2.202243e+00 9.311041e+05 1.642750e+02 -3.710223e+02 -3.393555e+02 -9.188819e+03
2.208522e+00 9.299381e+05 -1.216415e+02 3.923467e+03 2.591979e+03 2.251736e+03
2.214805e+00 9.318118e+05 2.394254e+02 -3.069549e+02 -7.303422e+02 1.435809e+03
2.221093e+00 9.273811e+05 -1.295726e+02 4.054948e+03 2.223605e+03 -1.133638e+03
2.227373e+00 9.320436e+05 4.714702e+00 1.266641e+03 -1.185954e+03 -6.433499e+02
2.233657e+00 9.321245e+05 -1.692555e+02 3.123588e+03 8.270281e+02 1.138359e+03
2.239944e+00 9.340191e+05 -6.707020e+02 -2.744413e+03 -5.284253e+02 4.830249e+03
2.246224e+00 9.314088e+05 4.234270e+02 9.988334e+02 2.037459e+02 -2.139112e+02
2.252507e+00 9.310478e+05 1.609302e+02 -3.131024e+02 -9.369193e+02 2.009668e+03
2.258784e+00 9.322000e+05 -3.055587e+02 -1.406189e+02 6.405642e+02 -7.407614e+02
2.265069e+00 9.314220e+05 5.651394e+01 -3.781367e+03 1.826935e+02 1.979321e+02
2.271351e+00 9.310695e+05 2.524625e+02 9.635379e+02 -1.121265e+02 -2.750276e+03
2.277634e+00 9.312289e+05 -1.654850e+02 -2.779917e+03 -1.710496e+02 -2.143961e+03
2.283923e+00 9.306728e+05 -8.958919e+02 1.542679e+03 4.083477e+02 4.633973e+03
2.290203e+00 9.312650e+05 -1.302753e+02 -2.871475e+03 1.513566e+02 1.769709e+03
2.296491e+00 9.287731e+05 4.109074e+02 2.753500e+03 -2.377244e+03 -3.522605e+02
2.302772e+00 9.300455e+05 1.830119e+02 2.997146e+03 -1.412217e+03 2.905861e+03
2.309052e+00 9.315234e+05 6.299269e+02 1.842752e+03 1.664861e+03 1.945909e+03
2.315339e+00 9.299221e+05 1.468222e+02 1.377471e+03 6.691201e+02 1.895625e+03
2.321628e+00 9.299251e+05 -1.199719e+02 2.311355e+03 -2.642178e+02 -1.997931e+03
2.327912e+00 9.317309e+05 -3.961145e+02 8.128459e+02 2.064178e+03 -1.801584e+03
2.334187e+00 9.310111e+05 -1.225428e+02 1.301290e+01 1.447156e+03 3.045595e+03
2.340468e+00 9.304668e+05 7.057518e+02 3.118756e+03 -2.677918e+03 1.182125e+03
2.346757e+00 9.309968e+05 -3.974745e+02 3.267923e+03 -5.279028e+02 -6.163505e+02
2.353045e+00 9.312439e+05 5.212200e+01 2.859709e+03 2.796216e+02 -4.802667e+03
2.359328e+00 9.320538e+05 -3.753356e+02 -5.246714e+02 -2.020543e+03 2.689193e+02
2.365603e+00 9.294966e+05 2.016189e+02 -7.306005e+02 7.216730e+02 -2.472340e+02
2.371886e+00 9.301842e+05 -4.101094e+02 2.849327e+03 -4.299452e+02 -1.830472e+03
2.378173e+00 9.306164e+05 -1.575608e+00 -2.714562e+03 2.621145e+02 -1.399945e+02
2.384454e+00 9.315326e+05 4.424284e+02 -3.854302e+02 -9.118566e+02 -3.410762e+03
2.390737e+00 9.299370e+05 -2.640680e+02 3.829853e+02 1.506004e+03 -5.530448e+03
2.397014e+00 9.297575e+05 -4.056839e+02 3.028837e+02 4.075544e+02 -1.547703e+03
2.403296e+00 9.331048e+05 -2.575340e+02 -1.755454e+03 -5.390994e+02 3.681281e+03
2.409585e+00 9.324082e+05 2.807601e+02 -1.687054e+03 4.145770e+02 1.193450e+03
2.415872e+00 9.296049e+05 3.229063e+02 1.942233e+02 -1.364211e+02 -7.645200e+03
2.422161e+00 9.299594e+05 -3.604310e+02 -2.926211e+03 3.177229e+03 -6.074764e+02
2.428441e+00 9.316491e+05 -5.275209e+02 -4.869934e+03 -1.213864e+03 1.548463e+03
2.434718e+00 9.298839e+05 9.656582e+01 8.927040e+02 5.647742e+02 -2.060473e+02
2.441003e+00 9.308794e+05 4.322638e+01 1.889588e+03 -1.612096e+03 1.291538e+03
2.447290e+00 9.319447e+05 -1.793082e+02 2.459715e+02 -1.187088e+03 -3.646428e+03
2.453572e+00 9.294269e+05 -1.561712e+01 -3.563627e+03 5.586455e+02 -2.897913e+02
2.459853e+00 9.307624e+05 2.941018e+02 -4.389062e+03 -1.141566e+03 -2.640544e+03
2.466140e+00 9.317448e+05 -1.035097e+02 -3.727677e+03 2.007128e+03 -3.225062e+03
2.472422e+00 9.314985e+05 3.773468e+02 8.622989e+02 2.443401e+02 -6.588276e+03
2.478699e+00 9.315994e+05 5.839517e+02 2.012795e+02 -9.209185e+01 6.071988e+02
2.484981e+00 9.327296e+05 -3.297032e+02 3.783409e+03 -2.922484e+02 -1.578251e+03
2.491270e+00 9.314101e+05 -3.163907e+02 4.395705e+03 -2.202452e+02 -9.494974e+03
2.497549e+00 9.285880e+05 -3.640346e+02 4.694173e+03 1.909880e+03 -1.215565e+03
2.503832e+00 9.304715e+05 3.969029e+02 -2.822617e+03 1.662580e+03 -7.936169e+02
2.510118e+00 9.298034e+05 -6.812827e+01 1.214116e+03 -8.866082e+02 8.377230e+02
2.516401e+00 9.296039e+05 -8.560910e+02 -1.122771e+03 8.675693e+02 -2.467669e+03
2.522688e+00 9.291114e+05 -9.398201e+01 -1.757711e+02 -7.712969e+02 -1.489906e+03
2.528972e+00 9.296325e+05 6.333691e+02 -2.252500e+03 -7.889236e+02 -1.574699e+03
2.535252e+00 9.300848e+05 1.644980e+02 1.353124e+02 8.778188e+02 -2.613356e+03
2.541538e+00 9.302672e+05 4.096009e+02 -3.643217e+03 -7.859631e+02 -1.135424e+03
2.547823e+00 9.306145e+05 -3.573346e+02 1.250610e+02 -6.298045e+02 2.710253e+03
2.554101e+00 9.306531e+05 -5.099817e+02 -1.032737e+03 8.087681e+02 -3.326165e+03
2.560377e+00 9.312626e+05 -6.772632e+02 -1.107914e+03 -1.772559e+02 -3.187837e+03
2.566668e+00 9.312270e+05 8.140565e+01 -2.238764e+03 -1.163240e+03 -6.202071e+03
2.572955e+00 9.319212e+05 1.152636e+01 1.280276e+03 -4.734146e+02 -7.680396e+02
2.579234e+00 9.319238e+05 2.579927e+02 9.454580e+02 4.227316e+02 -5.715238e+02
2.585521e+00 9.304336e+05 -5.997203e+02 -1.542229e+03 1.591549e+02 -2.128912e+03
2.591805e+00 9.297658e+05 4.147522e+02 -7.509053e+02 1.786732e+03 -1.409730e+03
2.598084e+00 9.303272e+05 5.570558e+01 -1.758835e+03 -4.861998e+02 8.371024e+03
2.604361e+00 9.302203e+05 1.791057e+02 -5.988866e+03 4.724125e+01 4.927013e+02
2.610647e+00 9.315972e+05 -9.745940e+01 1.277562e+03 -5.145396e+02 1.206516e+03
2.616932e+00 9.309731e+05 4.751775e+02 -2.273815e+03 1.262270e+02 1.182404e+03
2.623206e+00 9.311206e+05 -6.275646e+02 -1.693702e+03 -1.946410e+02 4.131075e+02
2.629492e+00 9.321647e+05 -3.855056e+02 -5.317381e+02 5.633730e+02 -1.343429e+03
2.635779e+00 9.323398e+05 2.315315e+02 -6.588137e+03 3.310474e+02 4.382966e+03
2.642061e+00 9.310367e+05 -3.191981e+02 9.516847e+02 -1.708254e+03 5.035058e+03
2.648344e+00 9.300967e+05 -3.981221e+02 -4.639112e+02 9.403977e+02 5.303520e+02
2.654632e+00 9.305148e+05 4.086359e+02 -3.829162e+03 1.933122e+03 -1.339333e+03
2.660919e+00 9.309012e+05 -1.927337e+02 -9.700124e+02 -6.666758e+02 -1.417328e+03
2.667199e+00 9.299354e+05 -2.332875e+01 -1.455551e+03 -1.387961e+02 3.301281e+03
2.673485e+00 9.309731e+05 2.754437e+02 -4.103951e+03 -3.691657e+00 4.233203e+03
2.679774e+00 9.317320e+05 3.286755e+02 -9.149342e+01 3.236416e+02 2.475154e+03
2.686058e+00 9.316277e+05 -2.703606e+02 -5.024675e+02 4.483220e+02 -4.199627e+03
2.692339e+00 9.295935e+05 8.981990e+01 -1.098942e+03 -1.887597e+03 -1.653799e+03
2.698618e+00 9.312442e+05 -2.041533e+02 -1.284101e+03 6.179897e+02 -4.845439e+03
2.704896e+00 9.303421e+05 2.098754e+01 -2.084994e+02 -4.374564e+01 -6.420084e+02
2.711176e+00 9.301479e+05 1.296129e+02 2.365057e+03 4.426023e+02 2.268482e+03
2.717460e+00 9.325961e+05 -3.861938e+02 -2.696516e+03 1.144499e+02 3.848529e+03
2.723746e+00 9.318289e+05 2.900898e+02 6.075137e+02 4.557991e+02 -2.927163e+03
2.730039e+00 9.309034e+05 2.088532e+02 -2.995554e+02 -6.939370e+02 -8.608832e+02
2.736319e+00 9.301795e+05 -2.462701e+02 2.163201e+02 -2.052319e+02 1.882504e+03
2.742592e+00 9.291907e+05 -3.593668e+01 1.419766e+03 -1.534349e+03 1.559676e+03
2.748880e+00 9.310641e+05 -7.588924e+01 1.351944e+03 1.048296e+03 -4.644740e+03
2.755164e+00 9.320898e+05 -2.689941e+02 -2.958491e+03 1.117837e+02 -2.269590e+03
2.761447e+00 9.316111e+05 -2.649864e+02 -2.738936e+03 -1.628135e+03 1.463822e+03
2.767733e+00 9.304911e+05 -6.783300e+01 -1.015977e+03 -6.889365e+02 2.367534e+03
2.774016e+00 9.310347e+05 -4.038230e+01 -1.313973e+03 -6.587762e+02 -3.639528e+03
2.780299e+00 9.318798e+05 1.851156e+02 -8.232642e+02 -3.230527e+01 2.305900e+03
2.786578e+00 9.302467e+05 5.774920e+01 2.161519e+03 -1.364712e+03 5.854523e+02
2.792858e+00 9.314928e+05 -3.485617e+02 4.175964e+02 -1.443584e+02 3.874460e+02
2.799144e+00 9.321589e+05 3.930685e+02 1.390976e+03 7.768671e+02 1.960416e+03
2.805430e+00 9.298932e+05 9.976324e+01 1.515490e+02 1.599583e+03 -4.799080e+03
2.811715e+00 9.293534e+05 -2.944901e+02 -1.258279e+03 1.167456e+03 -2.209466e+03
2.817989e+00 9.313338e+05 1.279822e+02 2.280323e+03 1.294344e+02 3.326820e+02
2.824269e+00 9.331429e+05 5.738659e+01 5.942319e+02 -8.168369e+02 -1.215810e+03
2.830563e+00 9.307761e+05 -2.017419e+02 9.539863e+01 4.418040e+02 1.003562e+03
2.836849e+00 9.303701e+05 -3.445840e+01 -6.413994e+02 -5.512535e+02 2.168704e+03
2.843130e+00 9.316111e+05 1.161432e+02 2.776546e+03 1.551552e+03 4.495746e+02
2.849414e+00 9.316618e+05 -1.426504e+02 -1.463217e+03 -1.539553e+03 2.262164e+03
2.855698e+00 9.311980e+05 1.021656e+02 5.416895e+02 -5.901726e+02 -2.685775e+03
2.861979e+00 9.306010e+05 -3.121629e+02 -1.048237e+03 1.764864e+03 1.019320e+03
2.868263e+00 9.303443e+05 -2.868260e+02 -1.980669e+03 -5.537546e+02 6.561464e+02
2.874548e+00 9.322014e+05 1.828600e+02 -6.251490e+02 7.108227e+02 1.271670e+03
2.880831e+00 9.300613e+05 -1.352305e+02 3.051689e+03 -6.643853e+02 -1.615755e+03
2.887114e+00 9.318232e+05 -7.240586e+01 3.044986e+03 4.441503e+02 9.098367e+01
2.893395e+00 9.304948e+05 -1.816960e+02 7.436277e+02 -5.518878e+02 1.951702e+03
2.899674e+00 9.324366e+05 1.801355e+02 6.688953e+02 1.363281e+03 2.489188e+03
2.905954e+00 9.309142e+05 -5.294620e+02 -1.989675e+02 -3.716765e+02 5.060861e+03
2.912241e+00 9.304798e+05 5.200959e+02 -2.186375e+03 -2.674276e+02 2.936301e+03
2.918527e+00 9.299072e+05 -7.962319e+01 6.586747e+02 -1.608930e+02 6.210018e+02
2.924810e+00 9.305716e+05 8.488766e+01 1.040642e+03 -7.364434e+02 3.826662e+03
2.931096e+00 9.307618e+05 -4.917307e+02 -2.356765e+03 6.191486e+02 2.451219e+03
2.937378e+00 9.315672e+05 8.172118e+00 -2.512941e+03 1.051226e+03 2.888294e+03
2.943660e+00 9.299750e+05 4.042878e+01 1.554782e+03 -6.273949e+02 4.104138e+03
2.949947e+00 9.301234e+05 3.019781e+01 2.597144e+03 -6.994844e+02 1.276059e+03
2.956228e+00 9.312197e+05 -1.115148e+02 -2.329619e+03 2.359561e+03 2.827582e+02
2.962511e+00 9.312728e+05 1.283072e+02 -1.954204e+03 -4.333564e+02 1.743033e+03
2.968797e+00 9.302011e+05 -7.022972e+01 -2.187355e+02 1.054304e+03 1.131873e+03
2.975078e+00 9.309375e+05 -2.829005e+02 -1.065674e+03 -1.016478e+03 3.496839e+03
2.981360e+00 9.306942e+05 -2.096465e+01 1.462918e+03 -1.154540e+03 3.306752e+03
2.987647e+00 9.310774e+05 2.638268e+01 -8.899000e+02 1.450609e+02 -5.196766e+02
2.993930e+00 9.336824e+05 5.681189e+01 -1.613369e+03 1.518433e+02 -3.122304e+02
3.000207e+00 9.313989e+05 3.314173e+02 1.708177e+02 -1.273034e+03 2.564411e+03
3.006486e+00 9.296481e+05 -2.977496e+02 1.838971e+02 1.110006e+03 1.745960e+03
3.012770e+00 9.298015e+05 1.826918e+01 2.077425e+03 -2.546151e+02 5.948948e+02
3.019053e+00 9.300731e+05 -5.312468e+01 2.576301e+03 -6.277520e+01 -1.401535e+03
3.025338e+00 9.306716e+05 7.018819e+01 -1.357661e+03 -3.328137e+02 9.933730e+02
3.031624e+00 9.327886e+05 2.551243e+02 -9.510638e+02 3.297441e+02 2.206142e+03
3.037909e+00 9.315497e+05 1.386772e+02 -6.046381e+02 -7.277151e+02 -1.068812e+03
3.044195e+00 9.322746e+05 -2.856283e+02 -9.492148e+02 6.051337e+02 2.485901e+03
3.050476e+00 9.308105e+05 -3.834337e+02 -3.927209e+02 -3.543856e+02 -1.300089e+03
3.056755e+00 9.318164e+05 4.996663e+02 -4.635504e+02 2.453907e+02 -2.254211e+02
3.063041e+00 9.307827e+05 -1.285074e+02 4.235860e+02 -7.184485e+02 1.437238e+02
3.069324e+00 9.315919e+05 -4.943706e+02 7.806439e+02 -3.984561e+02 6.273062e+02
3.075611e+00 9.318846e+05 -2.625322e+02 5.378430e+02 3.149761e+02 4.376426e+02
3.081894e+00 9.319214e+05 2.233482e+02 4.318049e+02 -2.068797e+02 1.345066e+03
3.088175e+00 9.315411e+05 -3.059644e+02 -1.044118e+03 -2.137450e+02 -3.106211e+03
3.094459e+00 9.301285e+05 3.732396e+02 -1.617857e+03 -2.960104e+01 -1.042003e+03
3.100744e+00 9.321540e+05 -7.460712e+02 2.673034e+03 3.034978e+02 -2.591363e+03
3.107028e+00 9.321991e+05 2.020047e+02 2.134156e+03 -2.163793e+02 -3.084473e+03
3.113310e+00 9.308794e+05 9.056330e+01 6.867185e+02 3.406680e+02 -3.154551e+02
3.119591e+00 9.316692e+05 -3.430490e+01 -6.307050e+02 -4.570227e+02 -3.278858e+02
3.125874e+00 9.316618e+05 -4.174738e+02 -5.760618e+01 1.441600e+03 -1.357343e+03
3.132159e+00 9.311849e+05 3.136491e+02 -8.979263e+02 -1.479882e+03 5.038810e+02
3.138439e+00 9.312026e+05 3.707614e+02 3.555822e+02 4.962996e+02 -5.550865e+02
3.144724e+00 9.314268e+05 -1.280090e+02 1.782104e+03 3.128890e+02 -1.325849e+03
3.151004e+00 9.311068e+05 -1.603976e+02 -2.270035e+03 -2.509198e+02 3.625683e+03
3.157284e+00 9.312461e+05 1.867766e+02 -2.110953e+03 2.266739e+01 -1.723767e+01
3.163570e+00 9.315709e+05 -5.670395e+02 1.544176e+03 5.675583e+02 -3.160497e+02
3.169852e+00 9.320401e+05 -1.772850e+02 1.062342e+03 2.638486e+02 3.207912e+03
3.176138e+00 9.312580e+05 -2.574296e+01 -3.595456e+03 -3.699972e+02 1.102362e+03
3.182421e+00 9.318621e+05 -6.968881e+01 -9.075806e+02 1.604860e+02 3.541913e+03
3.188703e+00 9.321620e+05 3.864702e+02 -2.071901e+03 -7.780385e+02 2.723041e+02
3.194991e+00 9.307999e+05 -2.636328e+02 6.708393e+02 2.241888e+01 -2.955173e+03
3.201276e+00 9.305312e+05 6.113385e+01 2.103827e+02 -2.331338e+02 2.320421e+03
3.207552e+00 9.324301e+05 -6.004421e+02 -3.727434e+02 -5.132537e+02 -2.442931e+03
3.213835e+00 9.323742e+05 2.509151e+02 -5.239824e+02 -6.703442e+02 2.045173e+03
