# k, q0, q1/i, q2, q3/i, q4, norm, alpha = 0.10795670106711949, 0.020396601297980627
0.000000e+00 1.744332e+09 0.000000e+00 0.000000e+00 0.000000e+00 8.405321e+08
8.899642e-03 9.088050e+07 2.051505e+03 1.153004e+08 -1.547605e+07 1.531692e+08
1.507912e-02 7.338354e+06 -8.631238e+05 -4.755881e+06 7.259198e+06 8.740485e+06
2.144790e-02 1.281428e+06 8.771829e+04 -5.594669e+05 -9.361202e+05 3.336103e+06
2.783661e-02 5.762527e+05 2.536913e+04 7.259004e+05 3.169217e+05 2.238094e+06
3.435100e-02 1.910642e+05 7.706964e+02 -1.292634e+05 1.806919e+04 4.976366e+05
4.047887e-02 1.180660e+05 -3.531064e+04 6.200314e+04 -4.135966e+03 4.973022e+05
4.676717e-02 6.272126e+04 1.452370e+04 -4.703684e+03 1.655034e+04 2.228760e+05
5.308226e-02 3.838667e+04 -7.585032e+03 -3.100591e+04 -6.714126e+03 1.169016e+05
5.945363e-02 3.028627e+04 8.594471e+02 1.066927e+04 7.563156e+03 1.239846e+05
6.576225e-02 1.783012e+04 4.533765e+02 -1.997943e+04 2.321157e+03 5.500929e+04
7.196633e-02 1.357936e+04 -6.476786e+02 -2.715114e+03 -3.747275e+03 5.141645e+04
7.827861e-02 9.864143e+03 7.250070e+02 -6.185973e+03 5.540314e+03 3.420264e+04
8.470400e-02 7.530052e+03 -9.217093e+02 -4.978679e+03 -2.024180e+03 2.715371e+04
9.096855e-02 6.675769e+03 6.630509e+02 4.285049e+02 1.590491e+03 2.656727e+04
9.720791e-02 4.332696e+03 -4.456064e+02 -5.163454e+03 -1.739866e+02 1.301924e+04
1.034763e-01 3.972143e+03 -1.560139e+02 -1.020961e+03 -2.680328e+02 1.479498e+04
1.097577e-01 2.885554e+03 1.912133e+02 -2.767538e+03 7.605684e+02 8.414538e+03
1.160543e-01 2.487690e+03 -2.457541e+02 -1.662933e+03 -5.807569e+02 8.027350e+03
1.223670e-01 2.329675e+03 1.889370e+02 -4.919080e+02 6.257926e+02 7.960954e+03
1.287014e-01 1.820166e+03 -9.961998e+01 -1.628079e+03 -2.772878e+02 4.981420e+03
1.349669e-01 1.724497e+03 5.300962e+01 9.560892e+00 -2.384866e+01 6.087588e+03
1.411950e-01 1.259812e+03 3.992592e-01 -1.323186e+03 1.411040e+02 3.091811e+03
1.475134e-01 1.258232e+03 -1.355678e+01 -6.157117e+02 -2.345338e+02 3.531844e+03
1.537865e-01 1.040927e+03 1.605753e+01 -7.872433e+02 2.254442e+02 2.469916e+03
1.600658e-01 9.349789e+02 -1.612770e+01 -8.592563e+02 -1.010058e+02 2.002146e+03
1.663991e-01 9.367600e+02 -5.138043e+00 -2.859600e+02 1.243068e+02 2.373866e+03
1.727196e-01 7.667805e+02 1.426858e+01 -6.962870e+02 -1.737931e+01 1.440735e+03
1.789765e-01 7.353124e+02 -3.457112e+01 -5.298240e+02 -3.280689e+01 1.518048e+03
1.852354e-01 7.878625e+02 8.281706e+01 4.413851e+00 2.686393e+02 2.078323e+03
1.914807e-01 7.465203e+02 -6.852792e+01 -1.025818e+02 -2.248963e+02 1.773994e+03
1.977890e-01 6.593781e+02 3.833008e+01 -1.564957e+02 9.855215e+01 1.368451e+03
2.040938e-01 5.871416e+02 -1.416908e+01 -3.317957e+02 -6.064993e+01 9.199637e+02
2.103939e-01 5.999438e+02 -1.594470e-01 -1.421827e+02 3.916823e+01 1.146470e+03
2.166910e-01 5.351403e+02 1.496914e+01 -2.551107e+02 -4.610989e-01 7.847814e+02
2.229700e-01 5.258034e+02 -2.321865e+01 -1.894735e+02 -2.151027e+01 8.046278e+02
2.292620e-01 5.125881e+02 1.960502e+01 -1.923142e+02 4.995140e+01 7.168018e+02
2.355142e-01 4.874175e+02 -2.348020e+01 -2.230765e+02 -1.814961e+01 5.616852e+02
2.417911e-01 4.892541e+02 9.116492e+00 -1.525483e+02 6.458938e+00 6.236154e+02
2.480857e-01 4.446933e+02 1.007920e+01 -1.695511e+02 3.671910e+00 4.314610e+02
2.543492e-01 4.594547e+02 -1.621853e+01 -7.539318e+01 -2.506939e+00 5.531913e+02
2.606382e-01 4.367957e+02 9.770959e+00 -1.455551e+02 2.102691e+01 4.074940e+02
2.669301e-01 4.214446e+02 -9.524454e+00 -1.215176e+02 -2.247798e+01 3.592196e+02
2.732424e-01 4.252738e+02 5.048797e+00 -7.142374e+01 2.137282e+01 4.020546e+02
2.795530e-01 4.011960e+02 -4.028132e+00 -1.075849e+02 -3.153935e+00 2.721070e+02
2.858367e-01 4.114470e+02 -1.815002e+00 -6.948813e+01 2.120087e+00 3.492180e+02
2.920934e-01 3.979348e+02 2.539995e+00 -9.935246e+01 2.496193e+01 2.558509e+02
2.983501e-01 3.977388e+02 -4.447220e+00 -8.805310e+01 -1.330898e+01 2.911700e+02
3.046383e-01 3.899525e+02 8.142907e+00 -6.978765e+01 3.715270e+00 2.422212e+02
3.109279e-01 3.812146e+02 -4.204658e+00 -9.756506e+01 1.320783e+00 1.723758e+02
3.172168e-01 3.906218e+02 4.996300e+00 -3.660037e+01 -9.690405e-01 2.909753e+02
3.235188e-01 3.733901e+02 2.505947e+00 -5.411443e+01 6.583792e+00 2.074072e+02
3.298168e-01 3.792905e+02 -5.850206e+00 -2.260615e+01 -6.475697e+00 2.350556e+02
3.361177e-01 3.766786e+02 5.774784e+00 -5.686324e+01 3.533312e+00 1.814095e+02
3.423729e-01 3.651183e+02 -2.788419e+00 -5.377339e+01 -4.981566e+00 1.591680e+02
3.486504e-01 3.713766e+02 5.124853e+00 -7.911645e+00 1.366832e+01 2.361170e+02
3.549412e-01 3.625132e+02 -2.676945e+00 -2.308390e+01 -1.351669e+01 1.734639e+02
3.611917e-01 3.585099e+02 -3.117791e+00 -4.618851e+01 -4.186097e+00 1.392947e+02
3.674767e-01 3.588550e+02 4.725120e+00 -5.216460e+01 1.458127e+01 1.245347e+02
3.737648e-01 3.552525e+02 -4.159545e+00 -1.351945e+01 -1.586554e+00 1.691353e+02
3.800654e-01 3.500575e+02 2.323400e+00 -1.948177e+01 -1.854612e-01 1.366872e+02
3.863540e-01 3.446076e+02 -2.610381e+00 -3.772608e+01 -3.644928e+00 9.914910e+01
3.926151e-01 3.563207e+02 1.594357e+00 -1.243409e+01 5.795985e+00 1.354419e+02
3.989274e-01 3.503130e+02 -2.637605e+00 -3.779562e+01 -5.068016e+00 8.905936e+01
4.052074e-01 3.473971e+02 -1.781894e+00 -4.391404e+01 -3.276601e+00 8.164088e+01
4.114917e-01 3.490514e+02 8.983331e-01 -3.725913e+01 5.338981e+00 8.823174e+01
4.177815e-01 3.445894e+02 -1.001450e+00 -4.205030e+01 -2.563355e+00 8.078645e+01
4.240401e-01 3.443008e+02 2.898142e+00 -3.070653e+01 -4.075669e-01 8.222765e+01
4.303426e-01 3.387459e+02 1.857192e+00 -3.054195e+01 2.856664e+00 7.284028e+01
4.366359e-01 3.440536e+02 -5.299459e-01 -1.761165e+01 -1.121999e+01 8.065001e+01
4.428997e-01 3.418088e+02 1.932790e+00 -1.350954e+01 9.254858e+00 7.201175e+01
4.491635e-01 3.420260e+02 -1.508208e+00 2.498119e+00 -8.899735e+00 8.266169e+01
4.554415e-01 3.351384e+02 7.644562e-02 -2.261840e+01 3.585335e+00 4.529639e+01
4.617635e-01 3.353849e+02 2.411133e+00 -1.804062e+01 -4.795475e+00 4.281428e+01
4.680645e-01 3.380217e+02 5.196398e-01 -1.412478e-01 2.979899e-01 6.667934e+01
4.743486e-01 3.335289e+02 -9.285744e-01 -1.628438e+01 2.624651e+00 4.863474e+01
4.806356e-01 3.350044e+02 4.362823e-02 -2.408645e+01 1.961341e+00 3.899260e+01
4.869020e-01 3.342794e+02 9.988309e-01 -1.648377e+01 2.840613e+00 5.244920e+01
4.931697e-01 3.341308e+02 -8.517701e-03 -1.821241e+01 2.080542e+00 4.566304e+01
4.994507e-01 3.395751e+02 8.063379e-01 -2.620463e+00 -4.054889e+00 7.396352e+01
5.057159e-01 3.364588e+02 -5.825245e-01 -2.325234e+01 1.521273e+00 3.977914e+01
5.119924e-01 3.349131e+02 7.893532e-01 -6.548253e+00 -3.704111e-01 6.254811e+01
5.183126e-01 3.362931e+02 3.397405e-01 -1.066875e+01 -1.822848e+00 3.916453e+01
5.246102e-01 3.296447e+02 -1.757110e+00 -1.458335e+01 -9.939261e-01 3.151748e+01
5.308769e-01 3.315321e+02 -2.561072e-01 -2.458557e+01 -8.548842e-01 2.500656e+01
5.371574e-01 3.289813e+02 2.039698e+00 -1.444947e+01 2.320530e+00 3.417525e+01
5.434580e-01 3.302963e+02 -2.397062e+00 -2.858783e+00 1.026857e+00 4.518785e+01
5.497431e-01 3.292425e+02 1.259456e+00 -1.679627e+01 3.234493e+00 3.213142e+01
5.559938e-01 3.298704e+02 -2.451429e+00 -1.012215e+01 1.341969e+00 3.599900e+01
5.622855e-01 3.322571e+02 1.611148e+00 -1.435136e+01 5.504030e-01 4.122818e+01
5.686012e-01 3.291879e+02 -1.396499e+00 -8.560744e+00 -3.506281e+00 2.658969e+01
5.748805e-01 3.338327e+02 1.392068e+00 1.193330e+01 5.076368e+00 5.952696e+01
5.811551e-01 3.265633e+02 -3.297895e-01 -4.576651e-01 -5.570912e+00 3.342797e+01
5.874409e-01 3.265906e+02 -7.231300e-02 -1.145519e+01 -2.405125e+00 2.474146e+01
5.937190e-01 3.278081e+02 1.097169e+00 -9.878269e+00 4.301008e+00 2.866939e+01
5.999972e-01 3.266546e+02 4.133106e-01 -4.874003e+00 1.078663e-01 3.879929e+01
6.062680e-01 3.253225e+02 -1.891071e+00 -1.711108e+01 -1.191655e-02 1.750571e+01
6.125470e-01 3.272987e+02 2.126406e-01 -1.423745e+01 1.574781e-01 1.548670e+01
6.188487e-01 3.286243e+02 2.350942e-01 -1.100026e+01 -5.218970e+00 2.165111e+01
6.251319e-01 3.239823e+02 -1.252206e-01 -6.147057e+00 2.781997e+00 1.598173e+01
6.314028e-01 3.277984e+02 -3.954009e-01 -5.355546e+00 1.774039e+00 1.913119e+01
6.377004e-01 3.265247e+02 7.109348e-01 -8.645271e+00 -5.171748e-01 1.878892e+01
6.439858e-01 3.260987e+02 -1.920702e-01 -1.191217e+01 3.989469e-01 1.429011e+01
6.502686e-01 3.261575e+02 -2.166559e-01 -5.354332e+00 -1.850504e+00 2.107918e+01
6.565587e-01 3.267195e+02 2.370799e-01 -6.485697e+00 -1.603730e+00 1.682881e+01
6.628370e-01 3.253629e+02 7.205631e-01 -8.185832e+00 4.128293e+00 2.257352e+01
6.691186e-01 3.270370e+02 -2.618165e-01 2.199596e+00 2.827613e+00 3.321546e+01
6.754071e-01 3.248969e+02 1.485820e-01 -4.707841e+00 -9.821123e-01 2.223956e+01
6.816837e-01 3.283613e+02 -3.390681e-01 2.166936e+00 1.137073e+00 4.090090e+01
6.879601e-01 3.263329e+02 3.000864e-01 -6.798790e+00 -1.720404e+00 1.061821e+01
6.942351e-01 3.266244e+02 -4.347314e-01 -9.106674e-01 1.045728e+00 2.455914e+01
7.005176e-01 3.271641e+02 1.866379e+00 1.390679e+00 -6.890661e-01 1.873694e+01
7.068125e-01 3.263521e+02 -1.809702e+00 -1.552281e+00 8.540297e-01 2.306500e+01
7.131020e-01 3.272189e+02 1.090016e-01 -1.053417e+01 -1.003829e+00 1.481507e+01
7.193919e-01 3.285940e+02 6.499893e-01 -9.217599e+00 8.913305e-02 1.488117e+01
7.256834e-01 3.285939e+02 -2.961687e-01 -1.136318e+01 5.876896e-01 2.112685e+01
7.319668e-01 3.257067e+02 5.230615e-01 -1.270497e+01 2.185548e+00 1.293250e+01
7.382523e-01 3.282097e+02 -7.944214e-01 -8.427890e+00 9.518457e-01 2.375599e+01
7.445266e-01 3.274229e+02 8.043228e-01 -7.322176e+00 -2.052596e+00 2.421981e+01
7.507872e-01 3.248622e+02 -3.436464e-01 -3.178236e+00 -1.176264e+00 2.158197e+01
7.570759e-01 3.239193e+02 3.699017e-01 -9.020186e+00 -8.599464e-01 1.216493e+01
7.633642e-01 3.257017e+02 -4.802713e-01 -1.240325e+01 1.257924e+00 1.253433e+01
7.696464e-01 3.286449e+02 6.005107e-02 -1.083361e+01 -2.792478e+00 2.008142e+01
7.759395e-01 3.268486e+02 9.091777e-02 -1.676477e+01 1.472779e+00 1.567945e+01
7.822335e-01 3.254676e+02 -1.175745e-01 -1.226344e+01 2.579784e+00 1.554898e+01
7.885323e-01 3.270963e+02 9.756846e-01 -9.648591e+00 1.390182e+00 2.273035e+01
7.947900e-01 3.253479e+02 -3.760984e-01 -1.053209e+01 9.320070e-02 1.566334e+01
8.010492e-01 3.279194e+02 6.027264e-01 -3.808367e+00 -3.574336e-01 1.966407e+01
8.073365e-01 3.256994e+02 -4.725647e-01 -3.402694e+00 -1.439641e+00 1.674646e+01
8.136230e-01 3.246591e+02 -3.520299e-02 -1.059544e+01 1.756961e+00 1.936445e+01
8.199154e-01 3.245278e+02 -4.880741e-01 -1.346318e+01 2.003358e+00 1.967558e+01
8.261953e-01 3.237047e+02 1.016871e+00 -9.375061e+00 -1.213725e+00 1.760872e+01
8.324898e-01 3.237548e+02 -1.028997e-01 -7.748470e+00 5.059454e-02 1.829339e+01
8.387960e-01 3.248285e+02 4.665900e-01 -9.187945e+00 1.298233e+00 1.209547e+01
8.450635e-01 3.261410e+02 -4.159085e-01 -7.849023e+00 1.395589e+00 1.911144e+01
8.513284e-01 3.247827e+02 5.721214e-01 -6.337095e+00 -7.713424e-01 2.115282e+01
8.576199e-01 3.261817e+02 -5.251790e-01 -6.524366e+00 -7.551932e-01 1.895937e+01
8.639059e-01 3.235187e+02 2.224467e-01 -9.236949e+00 4.590100e-01 1.237702e+01
8.701839e-01 3.245403e+02 -1.253875e-02 -9.545906e+00 -1.953970e+00 1.427809e+01
8.764642e-01 3.233173e+02 -5.956445e-01 -1.279135e+01 7.421093e-01 9.211894e+00
8.827505e-01 3.245650e+02 1.289151e-01 -8.154769e+00 7.893201e-01 1.466537e+01
8.890333e-01 3.252957e+02 1.060887e+00 -1.152823e+01 -5.000737e-01 1.334732e+01
8.953085e-01 3.261693e+02 2.238077e-01 -1.037496e+01 1.352032e+00 1.021397e+01
9.015957e-01 3.250797e+02 6.809727e-01 -6.883514e+00 -9.954155e-01 1.185550e+01
9.078834e-01 3.254034e+02 -2.699556e-02 -3.924001e+00 -1.510803e+00 2.237790e+01
9.141745e-01 3.243690e+02 2.183140e-01 -6.520898e+00 1.500994e+00 1.233725e+01
9.204632e-01 3.252737e+02 3.486248e-01 -8.413440e+00 -2.027740e+00 1.545162e+01
9.267435e-01 3.236276e+02 1.328991e-01 -3.895539e+00 -3.279111e-01 1.251367e+01
9.330325e-01 3.259154e+02 -7.778513e-01 -7.590191e+00 -8.644827e-01 1.420448e+01
9.393266e-01 3.236323e+02 2.064404e-01 -1.104108e+01 -5.231869e-01 1.286445e+01
9.455976e-01 3.233426e+02 8.929722e-02 -8.292142e+00 -8.133841e-01 8.665621e+00
9.518661e-01 3.265921e+02 3.223986e-01 -2.504423e+00 1.223354e-01 1.606471e+01
9.581414e-01 3.252972e+02 2.536649e-01 -2.818271e+00 -5.429771e-01 9.899690e+00
9.644352e-01 3.236326e+02 -2.546409e-01 -8.471159e+00 2.423463e+00 5.387926e+00
9.707356e-01 3.254679e+02 4.380586e-01 -9.017487e+00 -1.140534e+00 7.502011e+00
9.770081e-01 3.226224e+02 1.597102e+00 -4.687794e+00 2.052015e-01 7.019435e+00
9.832824e-01 3.236735e+02 -1.228463e-01 -3.857623e+00 -1.735693e-01 8.784165e+00
9.895570e-01 3.239015e+02 -3.692843e-01 -3.205538e+00 5.665062e-01 7.534762e+00
9.958457e-01 3.257731e+02 1.859304e-01 -3.940249e+00 1.467061e+00 1.392392e+01
1.002136e+00 3.243478e+02 1.821785e-01 -4.859226e+00 -1.027009e+00 9.817315e+00
1.008405e+00 3.222667e+02 7.306686e-01 -1.320349e+00 -2.892843e+00 6.855285e+00
1.014694e+00 3.242948e+02 3.099745e-01 -6.931418e+00 -1.543260e-01 -1.941806e+00
1.020993e+00 3.225331e+02 -3.333453e-01 -4.632463e+00 1.626806e+00 5.661824e+00
1.027274e+00 3.235811e+02 7.957601e-01 -5.133114e+00 -4.257994e-01 8.943828e+00
1.033561e+00 3.230439e+02 -5.512149e-01 -1.407915e+00 2.113093e+00 7.262292e+00
1.039849e+00 3.238850e+02 7.129087e-02 -5.169326e+00 -1.676128e+00 5.593184e+00
1.046127e+00 3.226031e+02 4.066469e-02 -1.480926e+00 9.183562e-01 8.078020e+00
1.052404e+00 3.219839e+02 3.038277e-01 -2.392548e+00 1.171060e-01 9.089528e+00
1.058681e+00 3.235867e+02 2.250212e-01 -4.010238e+00 1.633810e+00 1.115097e+01
1.064964e+00 3.252522e+02 3.134390e-02 -2.511735e+00 -1.579125e+00 3.813016e+00
1.071257e+00 3.237068e+02 2.690911e-01 -3.988379e+00 5.487875e-01 3.258420e+00
1.077544e+00 3.243265e+02 1.805733e-01 -1.503527e+00 1.510348e+00 9.408541e+00
1.083826e+00 3.228068e+02 -5.570965e-01 -8.868100e-01 -1.530993e+00 8.864650e+00
1.090109e+00 3.227480e+02 -4.183228e-01 -1.565100e+00 7.799269e-01 1.090080e+01
1.096390e+00 3.251870e+02 4.016394e-01 -2.921144e+00 -3.936374e-01 9.702477e+00
1.102681e+00 3.236869e+02 5.521228e-01 -2.549187e+00 1.030323e+00 1.098194e+01
1.108963e+00 3.241442e+02 2.373880e-02 -2.843039e+00 -2.070213e+00 5.747577e+00
1.115226e+00 3.234884e+02 1.668670e-01 -6.696414e-01 4.257976e-01 2.324078e+00
1.121502e+00 3.233862e+02 -1.345450e-01 -2.021084e+00 2.019788e-01 4.268859e+00
1.127793e+00 3.225381e+02 4.052735e-01 -1.627128e+00 -1.197691e+00 2.813558e+00
1.134090e+00 3.244233e+02 -5.374918e-01 -9.868906e-02 7.580383e-01 2.556078e+00
1.140364e+00 3.219544e+02 6.961946e-01 -1.791179e+00 5.860629e-02 5.261894e+00
1.146639e+00 3.229570e+02 1.233098e-01 2.268827e+00 1.125632e+00 9.383678e+00
1.152943e+00 3.234718e+02 -2.703384e-01 4.871328e-01 3.166366e-01 1.064308e+01
1.159229e+00 3.230126e+02 -5.507715e-01 -2.399824e+00 -1.192630e+00 4.538572e+00
1.165509e+00 3.224683e+02 8.725767e-01 -2.058259e+00 6.500420e-01 6.373156e+00
1.171793e+00 3.237089e+02 5.262433e-01 -7.932197e-01 -1.593156e+00 6.517568e+00
1.178088e+00 3.226210e+02 5.715885e-01 5.900388e-01 -8.398326e-01 3.841769e+00
1.184368e+00 3.218326e+02 -1.681340e-01 -7.571171e-01 -4.469085e-01 2.592398e+00
1.190635e+00 3.225329e+02 -2.806095e-01 -3.475199e+00 2.171180e+00 3.315862e+00
1.196912e+00 3.221030e+02 8.623689e-01 -2.810837e+00 3.779286e-01 7.904140e+00
1.203202e+00 3.231157e+02 2.724379e-01 -1.042275e+00 -8.779686e-01 9.915527e+00
1.209487e+00 3.220582e+02 -1.141541e+00 -2.592724e+00 1.205456e+00 7.502497e+00
1.215764e+00 3.218306e+02 2.541468e-01 -7.455289e+00 -8.388134e-01 3.233367e+00
1.222051e+00 3.216361e+02 -8.667997e-02 -3.418220e+00 7.364821e-01 6.947619e+00
1.228341e+00 3.234364e+02 3.670084e-01 -7.595970e-01 -1.253061e+00 3.173264e+00
1.234633e+00 3.212915e+02 2.651417e-01 -4.943472e-01 3.519190e-01 2.385560e+00
1.240903e+00 3.219919e+02 7.498544e-01 2.057274e+00 2.001205e-01 6.132950e+00
1.247175e+00 3.217650e+02 2.610821e-01 9.871177e-01 -4.994758e-01 5.096700e+00
1.253466e+00 3.239682e+02 -2.956159e-01 -3.281986e+00 -1.323430e-01 1.388310e+00
1.259750e+00 3.225980e+02 -7.961304e-02 -3.664235e-01 5.977815e-01 2.101867e+00
1.266032e+00 3.212197e+02 4.244808e-01 4.345294e-01 8.563573e-01 6.361575e+00
1.272317e+00 3.219096e+02 1.797134e-01 -1.070277e+00 -1.253717e+00 4.122811e+00
1.278605e+00 3.210928e+02 -3.722153e-02 -4.178920e+00 -1.656423e-01 2.031280e+00
1.284887e+00 3.209755e+02 -5.227643e-01 -4.090620e+00 2.155866e+00 6.159288e+00
1.291176e+00 3.206365e+02 5.188814e-01 -4.684496e+00 -1.552098e+00 6.200776e+00
1.297466e+00 3.217313e+02 3.214875e-01 9.359105e-01 -6.098663e-01 6.350140e+00
1.303742e+00 3.223775e+02 -1.685695e-01 -1.377694e+00 -5.319551e-01 5.565036e+00
1.310018e+00 3.240956e+02 -1.297664e-01 -1.975348e+00 1.577293e+00 5.424045e+00
1.316302e+00 3.240438e+02 2.364590e-01 -2.306508e+00 2.932065e-01 7.995126e+00
1.322587e+00 3.226702e+02 -4.265964e-01 -2.151926e-01 3.170981e-01 8.047317e+00
1.328866e+00 3.227145e+02 1.038301e+00 -9.577633e-01 2.267276e-01 7.698040e+00
1.335145e+00 3.228318e+02 2.003632e-01 -2.807809e+00 -6.993370e-01 3.879076e+00
1.341441e+00 3.222636e+02 -2.700614e-01 -1.913151e+00 -8.704832e-01 2.930593e+00
1.347731e+00 3.232281e+02 -1.903051e-01 -1.805004e+00 3.479349e-01 3.704076e+00
1.354002e+00 3.217820e+02 3.829446e-01 7.787524e-01 -1.018543e+00 2.123284e+00
1.360283e+00 3.226997e+02 1.716947e-01 1.454903e+00 2.924501e-02 3.625327e+00
1.366566e+00 3.217902e+02 3.801489e-01 -1.615780e+00 5.031173e-01 4.562581e-01
1.372852e+00 3.209286e+02 -2.550133e-01 -2.333047e+00 6.987485e-01 1.809388e+00
1.379136e+00 3.198472e+02 1.244737e-01 4.529623e-01 -1.604660e-01 5.282853e-01
1.385410e+00 3.225523e+02 3.181426e-01 5.032830e-01 5.713735e-01 5.927837e+00
1.391699e+00 3.209541e+02 5.927727e-01 -2.841121e-01 -1.855252e+00 4.274582e+00
1.397985e+00 3.207339e+02 -3.263837e-01 -1.417361e-01 -8.637972e-01 2.197237e+00
1.404268e+00 3.213467e+02 4.231042e-01 -1.325068e+00 1.841868e-01 1.444655e+00
1.410555e+00 3.213826e+02 2.470610e-01 4.906470e-01 7.041731e-01 -1.258588e+00
1.416838e+00 3.228137e+02 -2.134633e-02 2.274911e-01 8.417119e-01 3.376516e+00
1.423118e+00 3.224144e+02 4.576531e-02 -2.978534e+00 -2.374713e-01 1.673662e+00
1.429398e+00 3.226139e+02 6.130233e-01 -4.850475e+00 6.212730e-01 3.003980e+00
1.435687e+00 3.218627e+02 5.501896e-01 -2.985023e+00 -1.372670e-01 5.129905e+00
1.441977e+00 3.225711e+02 1.958003e-01 -1.190659e+00 -2.956767e-01 4.231816e+00
1.448254e+00 3.226314e+02 1.502624e-01 1.996591e+00 7.628466e-01 3.579903e+00
1.454532e+00 3.218365e+02 1.901228e-01 -8.647281e-01 -9.702477e-01 1.763086e+00
1.460819e+00 3.208910e+02 -3.868724e-01 -8.880604e-03 -9.010799e-01 3.584621e+00
1.467111e+00 3.220217e+02 2.098442e-01 -1.667029e+00 2.527220e-01 2.008872e+00
1.473393e+00 3.226265e+02 2.225577e-01 -6.033567e-01 -6.010652e-01 2.576250e+00
1.479670e+00 3.212454e+02 1.425023e-01 6.160275e-01 2.798687e-01 -1.219167e+00
1.485956e+00 3.213604e+02 2.551814e-01 2.486310e+00 1.487641e-01 -1.143550e+00
1.492234e+00 3.219813e+02 2.114645e-01 1.540412e+00 5.232842e-01 1.507798e+00
1.498503e+00 3.210838e+02 2.012048e-01 -2.367095e+00 -5.172517e-01 -8.595515e-01
1.504786e+00 3.207745e+02 2.977052e-01 -7.666540e-01 1.748569e-01 -3.890503e-01
1.511076e+00 3.222809e+02 4.947354e-02 2.005654e-01 8.827193e-01 5.104247e+00
1.517362e+00 3.220672e+02 -4.202612e-01 -7.327822e-01 -1.825202e+00 2.350136e+00
1.523650e+00 3.221051e+02 2.114099e-01 -2.115349e+00 -2.201810e-01 -2.610870e+00
1.529939e+00 3.217174e+02 2.030503e-01 -1.798990e+00 -4.264351e-01 -1.973322e+00
1.536230e+00 3.207018e+02 -7.761923e-02 -6.073711e-01 1.911484e-01 -1.310812e+00
1.542511e+00 3.210131e+02 4.785554e-01 -3.127972e+00 6.010261e-01 7.683171e-01
1.548784e+00 3.215237e+02 -4.123073e-01 -2.841686e+00 1.154619e-02 8.364987e-02
1.555073e+00 3.221290e+02 8.603792e-01 1.214017e-01 -9.056209e-01 1.195852e+00
1.561357e+00 3.217530e+02 3.879302e-01 1.723228e+00 9.184025e-01 1.675419e+00
1.567629e+00 3.215329e+02 2.535185e-01 8.612094e-02 -2.022434e-01 -1.016592e+00
1.573914e+00 3.211569e+02 1.722961e-01 -7.635878e-01 1.936842e-02 5.292057e-01
1.580204e+00 3.226171e+02 -2.098464e-01 -5.783377e-01 6.534358e-01 -1.380275e+00
1.586486e+00 3.222655e+02 5.443515e-02 -1.217154e+00 3.975158e-01 2.112422e-01
1.592760e+00 3.227635e+02 -5.406410e-02 -1.441027e+00 3.148087e-01 1.335612e+00
1.599047e+00 3.224135e+02 -3.326300e-01 -5.399097e-01 -2.555467e-02 7.617062e-01
1.605342e+00 3.215988e+02 4.197319e-01 -4.086180e-01 -4.452854e-01 2.077917e+00
1.611620e+00 3.226464e+02 -2.233215e-01 -2.168562e+00 1.067743e+00 1.282224e-01
1.617898e+00 3.219076e+02 -9.181268e-03 -2.540370e+00 -3.197049e-02 2.424784e+00
1.624183e+00 3.219555e+02 5.328717e-01 1.864977e-01 -2.308095e+00 1.837778e+00
1.630465e+00 3.214977e+02 3.613161e-01 9.320101e-01 2.858134e-01 -2.437351e+00
1.636749e+00 3.219638e+02 -1.983563e-01 -1.294624e+00 1.846052e+00 -1.798011e+00
1.643031e+00 3.207279e+02 1.941318e-01 -1.631122e+00 -7.689739e-01 -3.640319e-01
1.649309e+00 3.218791e+02 1.136598e-01 -1.265990e+00 7.707687e-01 6.035286e-01
1.655594e+00 3.217686e+02 2.594509e-01 -1.295353e+00 8.052229e-01 3.619267e+00
1.661880e+00 3.209980e+02 2.681580e-02 -1.574176e+00 1.985722e-01 3.669521e+00
1.668169e+00 3.213691e+02 -5.289555e-02 -9.906244e-01 -1.402753e-03 2.205494e+00
1.674450e+00 3.216026e+02 5.928115e-01 1.082946e+00 -1.647424e+00 -6.425889e-01
1.680723e+00 3.222096e+02 3.255510e-01 -5.764354e-01 7.183508e-01 -3.807123e-01
1.687014e+00 3.213295e+02 4.896572e-01 3.764103e-01 -9.902872e-01 1.694018e-01
1.693309e+00 3.211886e+02 4.768047e-01 -3.210288e-01 2.832123e-01 2.318886e-01
1.699582e+00 3.229980e+02 5.047502e-01 -1.419699e+00 9.331584e-01 2.330686e+00
1.705864e+00 3.221816e+02 6.414010e-02 3.364458e-01 5.560043e-01 4.773790e+00
1.712155e+00 3.219863e+02 -1.957850e-01 -4.142346e-02 -9.930376e-03 2.590464e+00
1.718439e+00 3.218015e+02 4.851015e-01 7.945365e-01 9.802348e-01 5.535070e+00
1.724721e+00 3.216556e+02 2.246883e-01 1.199356e+00 -1.503750e+00 4.077806e+00
1.730998e+00 3.203582e+02 -3.361028e-01 -3.810893e-01 -5.452380e-01 -1.254715e+00
1.737287e+00 3.200328e+02 2.273035e-02 -2.517023e-01 1.194368e+00 -1.043245e-01
1.743568e+00 3.205965e+02 1.638096e-01 -1.014930e+00 -4.637008e-01 2.950331e+00
1.749841e+00 3.214518e+02 2.155255e-01 -7.852648e-01 6.159915e-02 3.076190e+00
1.756129e+00 3.211935e+02 -4.284244e-01 1.870791e-01 -1.667643e-02 1.908277e+00
1.762414e+00 3.206171e+02 5.470252e-01 -1.502005e+00 -9.391555e-01 1.991068e+00
1.768696e+00 3.221186e+02 4.778064e-02 -2.829628e+00 7.304534e-02 1.868937e+00
1.774979e+00 3.218163e+02 4.435704e-01 -3.545844e+00 5.437012e-01 1.660798e+00
1.781266e+00 3.220834e+02 -3.296386e-01 -1.302633e+00 2.029650e-01 3.181742e+00
1.787550e+00 3.210627e+02 3.212947e-02 -9.912385e-01 -7.361600e-01 3.566505e+00
1.793834e+00 3.202750e+02 3.371125e-01 2.129411e-01 1.402590e-01 3.734522e+00
1.800115e+00 3.211615e+02 3.461115e-01 -1.789705e-01 -3.309821e-01 3.625494e+00
1.806394e+00 3.210192e+02 2.684949e-01 2.000760e+00 3.022437e-01 -1.048729e-01
1.812674e+00 3.207261e+02 3.719129e-01 -7.173076e-01 7.690859e-01 1.627383e+00
1.818957e+00 3.202015e+02 5.519233e-01 1.344323e+00 1.279940e-01 1.619913e+00
1.825244e+00 3.212615e+02 -2.099245e-01 1.047377e+00 -1.145393e+00 -6.975435e-01
1.831527e+00 3.220014e+02 2.755013e-01 7.850385e-01 6.161208e-01 -2.801962e+00
1.837811e+00 3.225303e+02 -3.107926e-01 -2.819296e-01 -4.336523e-02 -5.376477e-01
1.844101e+00 3.215231e+02 1.950410e-01 4.334492e-01 4.954658e-02 1.867196e+00
1.850385e+00 3.207627e+02 5.147856e-01 1.144428e-01 4.718072e-01 1.156226e+00
1.856666e+00 3.211193e+02 1.242970e-01 1.744468e-01 7.757459e-02 3.676311e-01
1.862948e+00 3.215294e+02 -2.793013e-02 -8.466173e-01 -1.708001e-01 1.488001e+00
1.869229e+00 3.206228e+02 8.554767e-02 -1.076493e+00 -2.206432e-01 8.158163e-01
1.875518e+00 3.220175e+02 5.204345e-01 -1.356474e+00 3.136584e-01 1.161133e+00
1.881801e+00 3.208077e+02 2.900279e-01 8.927762e-01 7.548186e-01 2.655195e+00
1.888079e+00 3.215766e+02 1.733648e-01 1.173645e+00 -6.245428e-01 2.717134e+00
1.894354e+00 3.214434e+02 5.262036e-03 2.693728e+00 1.231302e-02 2.251256e+00
1.900643e+00 3.216842e+02 2.455610e-01 2.779731e+00 -3.947136e-01 1.807835e+00
1.906934e+00 3.212902e+02 -2.610354e-01 2.841236e-01 1.172623e+00 -1.404515e+00
1.913208e+00 3.208912e+02 7.386434e-01 5.518610e-01 -4.589309e-01 -1.522133e-01
1.919491e+00 3.215958e+02 3.764665e-03 -5.616826e-01 4.651757e-01 1.519904e+00
1.925777e+00 3.210096e+02 3.259672e-01 -3.881999e-01 -8.157424e-01 1.872480e+00
1.932065e+00 3.215776e+02 -1.104327e-01 -3.949202e-01 1.215788e+00 -1.700113e+00
1.938343e+00 3.214184e+02 4.638652e-01 -1.680093e+00 -4.026298e-01 6.762790e-01
1.944619e+00 3.212643e+02 2.695955e-01 -7.963170e-01 -3.853152e-01 7.285973e-01
1.950906e+00 3.220367e+02 4.044771e-01 4.340550e-01 -5.013229e-01 2.174565e+00
1.957195e+00 3.224211e+02 -2.150819e-01 -1.884076e+00 1.163680e+00 1.825111e+00
1.963480e+00 3.212957e+02 4.610530e-01 -1.174330e+00 -6.211662e-01 1.345744e+00
1.969761e+00 3.212107e+02 2.068648e-02 -6.655876e-01 -3.294109e-01 1.599420e+00
1.976049e+00 3.213020e+02 2.059456e-01 -1.434494e+00 -1.639734e-01 3.526627e+00
1.982338e+00 3.214424e+02 1.886303e-01 6.769745e-01 -2.257963e-01 3.580572e+00
1.988618e+00 3.206065e+02 -1.270818e-01 -1.855429e+00 6.022999e-01 9.610509e-01
1.994896e+00 3.207865e+02 3.555174e-01 -3.274687e+00 -5.634735e-01 -2.055054e+00
2.001180e+00 3.211759e+02 1.841918e-01 1.036227e+00 1.225088e-01 -4.041508e-01
2.007460e+00 3.214960e+02 2.852509e-01 7.977082e-01 2.882906e-01 1.225292e-01
2.013738e+00 3.211879e+02 4.235941e-01 -5.730564e-01 4.587586e-01 3.726197e+00
2.020017e+00 3.210670e+02 -2.244106e-01 5.566458e-01 -6.413087e-01 2.376691e+00
2.026310e+00 3.219505e+02 3.953687e-01 -3.226985e-01 9.658483e-02 8.578822e-02
2.032601e+00 3.217746e+02 1.901056e-01 9.394352e-01 -2.641737e-01 2.709445e+00
2.038874e+00 3.218733e+02 8.295466e-02 -3.146963e-01 -5.028592e-02 2.766583e+00
2.045154e+00 3.217377e+02 2.032008e-01 -1.994285e+00 -8.729609e-02 3.186113e+00
2.051445e+00 3.214731e+02 2.985290e-01 -8.252630e-01 2.366922e-01 2.899866e+00
2.057731e+00 3.206121e+02 -2.969898e-02 2.050261e+00 -3.704587e-01 8.428054e-01
2.064014e+00 3.209083e+02 2.499995e-01 1.141673e+00 2.591695e-01 -3.130707e-01
2.070301e+00 3.199974e+02 1.202825e-01 1.060974e+00 -1.810028e-01 -1.051893e-01
2.076590e+00 3.205589e+02 2.529504e-01 1.663237e+00 8.871737e-01 1.684947e+00
2.082866e+00 3.212156e+02 1.710606e-01 3.863976e-01 -4.009542e-02 1.763197e+00
2.089135e+00 3.214524e+02 -5.485395e-02 1.785233e+00 2.663186e-01 3.558708e-01
2.095424e+00 3.216854e+02 4.504345e-01 -3.695908e-01 4.395780e-01 -3.239855e-01
2.101708e+00 3.208489e+02 4.882143e-01 -6.693594e-01 -7.640554e-01 9.222943e-01
2.107987e+00 3.208563e+02 2.057712e-01 9.018178e-01 -1.378650e+00 6.662731e-01
2.114272e+00 3.209076e+02 1.541929e-01 1.508537e+00 1.153342e+00 1.275826e+00
2.120553e+00 3.207850e+02 2.918332e-01 1.604210e+00 2.512625e-01 2.062063e+00
2.126837e+00 3.210898e+02 1.470485e-01 2.740917e-01 -2.004917e-01 6.005386e-01
2.133122e+00 3.219232e+02 -2.066298e-01 4.089617e-01 -6.872191e-01 -3.833456e-02
2.139412e+00 3.215300e+02 5.593428e-01 -1.742878e+00 6.211874e-01 4.763987e-01
2.145697e+00 3.213387e+02 3.449858e-01 -3.561979e-02 9.664811e-03 2.721643e-01
2.151974e+00 3.210708e+02 3.105610e-01 1.095364e+00 -1.548794e-01 1.989349e+00
2.158260e+00 3.206454e+02 3.883533e-01 -1.513716e+00 5.808062e-01 -1.688982e+00
2.164546e+00 3.217515e+02 2.472548e-01 -1.335045e+00 1.419501e-01 2.729776e-01
2.170831e+00 3.220393e+02 2.583421e-01 1.197358e+00 -2.405054e-01 7.187513e-01
2.177115e+00 3.216201e+02 2.827900e-01 3.417367e-01 -4.381525e-01 -9.411188e-01
2.183388e+00 3.211365e+02 -3.257579e-03 1.497846e+00 2.791394e-01 -7.171611e-01
2.189670e+00 3.217313e+02 1.981994e-01 -3.503970e-01 7.376366e-01 2.096957e+00
2.195960e+00 3.208844e+02 3.626284e-01 -8.846728e-01 -1.090245e+00 7.920191e-01
2.202243e+00 3.210398e+02 1.831415e-01 -1.593387e-01 -3.353730e-01 1.796109e+00
2.208522e+00 3.205863e+02 1.615791e-01 1.702161e-01 4.744034e-01 1.686413e+00
2.214805e+00 3.208851e+02 1.526734e-01 -5.575055e-01 3.126186e-01 1.865603e+00
2.221093e+00 3.212745e+02 2.403857e-01 -2.328444e-01 1.578850e-01 -3.006025e-01
2.227373e+00 3.213693e+02 4.568065e-01 1.990101e-01 4.040169e-01 -5.528610e-01
2.233657e+00 3.216512e+02 -2.044090e-01 -2.719902e-01 3.624434e-01 8.911117e-01
2.239944e+00 3.210879e+02 -8.757937e-02 -8.543493e-01 7.591860e-01 2.146542e+00
2.246224e+00 3.214021e+02 5.757971e-01 1.949288e+00 -1.242180e+00 2.268820e+00
2.252507e+00 3.215825e+02 1.233462e-01 -3.288728e-01 1.773293e-01 1.976440e-01
2.258784e+00 3.219807e+02 1.447850e-01 -1.038498e+00 1.179154e-01 1.504921e+00
2.265069e+00 3.219874e+02 8.422862e-01 9.433862e-02 -7.136740e-01 -1.733367e+00
2.271351e+00 3.209826e+02 4.731482e-03 2.996276e-01 4.410160e-01 -7.089485e-01
2.277634e+00 3.203814e+02 7.132079e-02 2.640021e-01 9.721400e-01 -8.768045e-01
2.283923e+00 3.203948e+02 4.520358e-01 -3.301357e-01 -4.825489e-01 3.143634e-01
2.290203e+00 3.207466e+02 3.022511e-01 -7.531486e-01 -7.353403e-01 1.825466e+00
2.296491e+00 3.204564e+02 4.368590e-01 5.136243e-01 7.096727e-01 1.480628e+00
2.302772e+00 3.210732e+02 2.288505e-01 -4.018662e-01 -1.017722e-02 1.929712e+00
2.309052e+00 3.224121e+02 3.492057e-01 -1.405182e+00 4.762065e-01 2.117245e+00
2.315339e+00 3.208001e+02 3.093462e-01 -1.360714e+00 -1.259765e-01 1.899488e+00
2.321628e+00 3.213747e+02 -3.471024e-03 -1.516227e+00 3.790570e-01 2.051504e+00
2.327912e+00 3.210508e+02 3.237983e-02 -6.100374e-01 -7.418635e-01 3.232791e+00
2.334187e+00 3.208633e+02 4.101655e-01 1.318374e-01 -1.589539e-01 1.384957e+00
2.340468e+00 3.212739e+02 2.346468e-01 4.595895e-03 -5.808778e-01 -7.040520e-02
2.346757e+00 3.213500e+02 -2.098008e-01 -4.374870e-01 1.083808e+00 1.140175e+00
2.353045e+00 3.208857e+02 3.145603e-01 -6.047130e-01 -2.833850e-01 5.329357e-01
2.359328e+00 3.209206e+02 1.444188e-01 1.656608e+00 -4.153830e-02 -2.033144e-01
2.365603e+00 3.216888e+02 9.042420e-02 5.535692e-01 -3.646261e-01 3.234463e-01
2.371886e+00 3.218848e+02 1.515257e-01 6.499187e-01 3.125550e-01 -8.700213e-02
2.378173e+00 3.209368e+02 2.959909e-01 -6.872678e-01 -3.128028e-01 2.016970e-01
2.384454e+00 3.205617e+02 1.058751e-01 -9.940721e-01 1.023182e+00 -6.930941e-01
2.390737e+00 3.202690e+02 3.231249e-01 -6.824982e-01 -4.322348e-01 1.998582e+00
2.397014e+00 3.209398e+02 3.933905e-01 -8.048483e-01 -4.724199e-01 1.871035e+00
2.403296e+00 3.211158e+02 2.933541e-01 3.018394e-01 4.925423e-02 6.812701e-01
2.409585e+00 3.202940e+02 3.544253e-01 1.310847e+00 5.933123e-02 1.029261e+00
2.415872e+00 3.212040e+02 5.329595e-01 6.659249e-01 -8.668627e-01 1.659772e-01
2.422161e+00 3.213917e+02 5.057232e-02 -1.402556e+00 1.444712e-01 -1.820456e+00
2.428441e+00 3.212453e+02 2.940943e-01 -2.026035e+00 -5.337367e-01 -1.158804e+00
2.434718e+00 3.211021e+02 2.330171e-01 -1.197600e+00 9.773174e-02 -1.553169e+00
2.441003e+00 3.214763e+02 1.499280e-01 6.549717e-01 2.218138e-01 -1.832043e-01
2.447290e+00 3.221911e+02 3.868620e-01 -1.561815e-01 -2.112570e-01 -2.652160e+00
2.453572e+00 3.217178e+02 -7.131492e-02 5.442215e-02 3.158735e-02 -1.062623e+00
2.459853e+00 3.211550e+02 5.176185e-01 2.405303e-01 9.802476e-01 3.572606e-01
2.466140e+00 3.219625e+02 -5.203260e-02 1.881016e-01 -1.649666e-01 1.973600e-01
2.472422e+00 3.213380e+02 4.469519e-01 -3.131533e-01 -2.401087e-01 -8.374727e-01
2.478699e+00 3.214863e+02 2.314802e-01 8.309786e-01 8.366234e-01 -5.857098e-01
2.484981e+00 3.215410e+02 1.364009e-01 4.914310e-01 4.456278e-01 1.364220e-02
2.491270e+00 3.208869e+02 9.042849e-02 -1.484230e+00 1.752918e-01 1.900811e-01
2.497549e+00 3.216142e+02 2.619955e-01 8.037896e-01 4.734505e-02 1.972033e+00
2.503832e+00 3.214056e+02 2.014793e-01 -5.337393e-01 -8.792227e-01 3.100645e-01
2.510118e+00 3.215900e+02 2.523128e-01 -8.696565e-01 7.987816e-01 -7.592217e-01
2.516401e+00 3.217666e+02 4.843446e-01 1.764417e-01 -5.433775e-01 1.600817e+00
2.522688e+00 3.214275e+02 2.688777e-01 -1.136944e+00 4.563118e-01 -6.884190e-02
2.528972e+00 3.213902e+02 3.622645e-01 -1.081875e+00 -3.275212e-01 5.850760e-01
2.535252e+00 3.210086e+02 4.063660e-01 1.356404e-01 -1.802655e-01 5.118790e-01
2.541538e+00 3.209083e+02 2.490281e-01 8.302506e-01 2.863262e-01 2.309691e+00
2.547823e+00 3.199837e+02 3.224095e-01 8.256912e-01 -8.787490e-01 1.110270e-01
2.554101e+00 3.209677e+02 1.715791e-01 1.178320e+00 3.015078e-01 9.648025e-01
2.560377e+00 3.208856e+02 1.733720e-01 1.400670e+00 1.510959e-01 2.187944e-01
2.566668e+00 3.208066e+02 -1.345976e-01 -1.282993e+00 -3.053391e-01 -1.595668e-01
2.572955e+00 3.208092e+02 5.071126e-01 -6.095799e-01 2.884347e-01 5.775610e-01
2.579234e+00 3.207822e+02 4.880641e-02 5.288261e-01 -1.580877e-01 3.412598e+00
2.585521e+00 3.211642e+02 4.248556e-01 -4.753372e-01 -3.118491e-01 2.721961e+00
2.591805e+00 3.214375e+02 3.386711e-01 4.067449e-01 3.465644e-01 2.336545e+00
2.598084e+00 3.211653e+02 2.521756e-01 5.405946e-02 3.556225e-02 2.224980e+00
2.604361e+00 3.212698e+02 6.129097e-01 7.047670e-01 1.573095e-01 7.699111e-01
2.610647e+00 3.219530e+02 3.527224e-02 8.201013e-01 -3.463448e-01 6.255876e-01
2.616932e+00 3.213220e+02 3.644314e-01 1.137822e+00 7.269507e-02 7.654240e-01
2.623206e+00 3.215674e+02 2.472749e-01 7.560224e-01 6.090838e-01 3.006554e+00
2.629492e+00 3.215490e+02 9.270872e-02 5.581297e-01 -1.807595e-01 -1.870547e-01
2.635779e+00 3.212898e+02 1.758551e-01 6.420341e-01 -1.712275e-01 -7.863936e-01
2.642061e+00 3.208040e+02 3.165804e-01 3.671005e-01 -2.986929e-01 -9.389899e-01
2.648344e+00 3.213018e+02 1.307106e-01 -3.827848e-01 6.049417e-01 2.373906e-01
2.654632e+00 3.207075e+02 3.787017e-01 -7.876897e-01 1.856702e-01 1.235785e+00
2.660919e+00 3.201321e+02 3.168211e-01 -6.629155e-01 -9.767592e-01 -3.243642e-01
2.667199e+00 3.205008e+02 5.099747e-01 -1.985929e-01 -1.449444e-01 -1.367317e+00
2.673485e+00 3.210386e+02 3.319754e-01 -3.197495e-01 1.730409e-01 -1.105738e+00
2.679774e+00 3.210809e+02 5.253678e-01 1.436929e+00 7.190839e-01 -5.339472e-01
2.686058e+00 3.213819e+02 1.329651e-01 9.690986e-01 -1.348491e-01 3.363191e-01
2.692339e+00 3.210334e+02 1.262769e-01 -6.963535e-02 -2.122293e-01 6.636701e-01
2.698618e+00 3.209354e+02 4.700401e-01 1.208276e+00 -4.985029e-01 -6.242821e-01
2.704896e+00 3.211873e+02 -2.798563e-02 1.519939e+00 4.667159e-01 8.331909e-02
2.711176e+00 3.206767e+02 2.937282e-01 -3.583462e-01 -5.675406e-01 6.360982e-01
2.717460e+00 3.209615e+02 6.627464e-01 -7.108447e-01 5.614300e-02 -1.045169e-01
2.723746e+00 3.206479e+02 5.738975e-01 -1.848563e-02 -3.823966e-01 -1.226250e+00
2.730039e+00 3.209015e+02 1.708418e-01 1.375539e-01 4.992883e-01 3.248677e-01
2.736319e+00 3.209796e+02 3.423350e-01 3.591477e-01 -3.252472e-01 1.868290e+00
2.742592e+00 3.208222e+02 3.132013e-01 4.716688e-01 1.845051e-01 2.045892e+00
2.748880e+00 3.213328e+02 6.749954e-02 -1.119992e+00 -1.194955e-01 2.269583e-01
2.755164e+00 3.206993e+02 2.258333e-01 -6.528155e-01 6.672479e-01 1.724553e+00
2.761447e+00 3.205290e+02 3.471736e-01 -1.119931e+00 -1.248016e-01 1.365835e+00
2.767733e+00 3.211840e+02 4.154611e-01 -3.209828e-01 3.933333e-01 1.962610e+00
2.774016e+00 3.210096e+02 2.925318e-01 5.769156e-01 -1.391063e-01 1.330399e+00
2.780299e+00 3.215113e+02 -3.354677e-02 -1.173318e+00 2.497309e-01 9.742137e-01
2.786578e+00 3.205238e+02 3.453916e-01 1.624233e-01 -3.182330e-01 6.948318e-01
2.792858e+00 3.212128e+02 3.627515e-01 -5.996717e-01 -8.660930e-01 -7.451519e-01
2.799144e+00 3.211181e+02 3.209322e-01 -6.739904e-01 6.375051e-01 -8.062804e-01
2.805430e+00 3.217900e+02 2.317777e-01 -1.084125e-01 5.697081e-01 1.711068e+00
2.811715e+00 3.211282e+02 3.539521e-01 3.809313e-01 -1.868913e-01 1.163294e+00
2.817989e+00 3.205574e+02 3.147543e-01 -9.170011e-01 -2.275967e-01 -2.501729e-01
2.824269e+00 3.211102e+02 2.551143e-01 -3.392288e-01 2.710975e-01 -4.898786e-01
2.830563e+00 3.214019e+02 4.652674e-01 -1.278297e-01 3.844930e-01 1.213540e+00
2.836849e+00 3.210751e+02 2.715346e-02 -1.004671e+00 7.702081e-01 6.557383e-02
2.843130e+00 3.215659e+02 5.604838e-01 -3.559467e-01 -3.993869e-01 8.891550e-01
2.849414e+00 3.218300e+02 3.267507e-01 -1.628007e-01 -5.937875e-02 2.935112e-01
2.855698e+00 3.218154e+02 9.847337e-04 -2.072028e+00 -4.307732e-01 8.982247e-01
2.861979e+00 3.213496e+02 3.757571e-01 -6.095459e-01 4.903479e-01 -5.987315e-01
2.868263e+00 3.221060e+02 5.345384e-01 4.122674e-01 -5.199826e-02 -3.076043e-01
2.874548e+00 3.216599e+02 2.776375e-01 9.686592e-02 -1.995908e-01 1.577955e+00
2.880831e+00 3.216382e+02 3.268192e-01 2.693101e-01 -1.948832e-01 3.412965e-01
2.887114e+00 3.210929e+02 3.754348e-01 4.816280e-02 -5.706342e-01 -3.724276e-01
2.893395e+00 3.212749e+02 6.813316e-02 -3.484983e-01 -1.207446e-01 9.168834e-01
2.899674e+00 3.210351e+02 4.784708e-01 -1.155376e+00 6.246006e-01 4.629146e-01
2.905954e+00 3.214925e+02 4.052797e-01 -3.235098e-01 -5.605277e-01 1.307643e+00
2.912241e+00 3.209635e+02 1.105284e-01 3.623078e-01 -2.911814e-01 1.993184e-01
2.918527e+00 3.213109e+02 3.971090e-01 -1.214883e+00 -1.751376e-02 -1.204626e+00
2.924810e+00 3.214759e+02 3.787270e-01 2.086840e-01 1.021353e+00 2.284484e-01
2.931096e+00 3.217705e+02 2.376855e-01 1.320901e-02 -1.602184e-01 1.078637e+00
2.937378e+00 3.214227e+02 6.517430e-02 -6.924577e-01 -4.301925e-01 -1.255348e-01
2.943660e+00 3.212784e+02 6.520940e-01 -3.375283e-01 -2.457811e-01 -1.617108e+00
2.949947e+00 3.214546e+02 9.488294e-02 -5.012509e-01 5.903448e-01 -1.150944e+00
2.956228e+00 3.213694e+02 1.291319e-01 -1.189425e+00 4.364845e-01 1.951289e+00
2.962511e+00 3.212623e+02 3.718300e-01 -6.631774e-02 -4.554168e-01 1.812860e+00
2.968797e+00 3.216472e+02 2.190004e-01 -5.309744e-01 -2.491187e-01 9.835894e-01
2.975078e+00 3.219929e+02 5.444732e-01 4.088372e-01 -1.144558e-01 5.842350e-01
2.981360e+00 3.213173e+02 4.005695e-01 7.431387e-01 -4.539586e-03 9.192672e-01
2.987647e+00 3.216970e+02 2.214716e-01 3.101257e-01 2.530607e-01 7.845852e-01
2.993930e+00 3.211721e+02 2.244816e-01 -6.593573e-01 -8.262465e-01 -3.675292e-01
3.000207e+00 3.212225e+02 2.492662e-01 -1.031845e+00 -8.351640e-02 -6.706561e-01
3.006486e+00 3.208953e+02 3.431103e-01 -1.433195e+00 -5.665390e-02 -1.591768e+00
3.012770e+00 3.213474e+02 2.425537e-01 -3.037989e-02 -9.143262e-03 -1.335015e+00
3.019053e+00 3.213321e+02 4.391242e-01 -1.985396e-02 9.999201e-01 -1.631293e+00
3.025338e+00 3.220409e+02 3.991958e-01 -7.002549e-01 3.126493e-01 1.723774e+00
3.031624e+00 3.218483e+02 2.643506e-01 -5.339838e-01 -5.185674e-01 1.765831e+00
3.037909e+00 3.204928e+02 2.537570e-01 -3.563862e-01 -5.381401e-01 -2.304002e-01
3.044195e+00 3.207503e+02 2.562727e-01 -8.632113e-01 -2.306190e-01 -2.722076e-01
3.050476e+00 3.212086e+02 3.900076e-01 -7.927992e-01 -3.542474e-01 -1.444098e+00
3.056755e+00 3.213255e+02 6.383959e-01 3.301550e-01 -2.650801e-01 -3.589502e-01
3.063041e+00 3.209773e+02 4.686515e-01 9.107041e-01 -1.907208e-01 2.579657e-01
3.069324e+00 3.216538e+02 2.628303e-01 8.613806e-01 1.290532e+00 8.240231e-01
3.075611e+00 3.212959e+02 8.251105e-02 -1.595903e-01 -4.922807e-01 -3.860407e-01
3.081894e+00 3.210898e+02 3.996096e-01 -9.773027e-01 1.949525e-01 -2.161076e-01
3.088175e+00 3.210151e+02 2.586647e-01 -2.141304e-02 -2.312378e-01 2.806183e-01
3.094459e+00 3.214480e+02 3.471614e-01 -5.776420e-01 -1.131591e-01 5.598911e-01
3.100744e+00 3.208816e+02 5.815482e-01 -1.083856e+00 -1.472080e-01 -6.704503e-01
3.107028e+00 3.213035e+02 2.707737e-01 -6.368010e-02 4.854190e-01 1.138426e+00
3.113310e+00 3.210852e+02 5.519791e-01 -7.921345e-02 -8.320292e-01 -3.737955e-01
3.119591e+00 3.213242e+02 3.360555e-01 -5.933837e-01 6.618409e-01 8.661557e-01
3.125874e+00 3.214687e+02 3.567123e-01 1.089435e+00 -1.747116e-01 1.191836e+00
3.132159e+00 3.216202e+02 1.852622e-01 -6.499305e-01 5.648040e-01 1.960436e+00
3.138439e+00 3.211235e+02 5.641335e-01 -2.060782e-01 -5.421429e-01 7.471760e-01
3.144724e+00 3.210833e+02 2.815083e-01 9.682865e-01 1.615769e-01 5.693544e-01
3.151004e+00 3.209308e+02 2.368242e-01 1.816614e-01 -1.409403e-01 -2.165723e-01
3.157284e+00 3.216099e+02 1.674068e-01 2.221246e-02 8.330623e-02 -1.076085e+00
3.163570e+00 3.216943e+02 3.361472e-01 -1.164868e+00 -4.060083e-01 -1.401643e+00
3.169852e+00 3.212017e+02 4.112153e-01 -1.152977e+00 1.800693e-01 -1.746864e-01
3.176138e+00 3.214996e+02 2.996407e-01 -5.085062e-02 4.632737e-02 3.627047e-01
3.182421e+00 3.215028e+02 1.407674e-01 -5.445536e-01 -3.298406e-01 -5.217731e-01
3.188703e+00 3.212087e+02 4.569791e-01 -2.436918e-01 2.791571e-01 -5.764272e-02
3.194991e+00 3.207147e+02 4.109324e-01 1.073589e+00 3.549733e-01 1.219125e+00
3.201276e+00 3.209868e+02 1.063828e-01 4.858018e-01 1.168709e-01 2.431546e+00
3.207552e+00 3.210379e+02 6.024241e-01 -5.745516e-01 2.042299e-01 1.971506e+00
3.213835e+00 3.215292e+02 4.171918e-01 -5.102475e-01 -4.661758e-01 1.622575e+00
