# k, q0, q1/i, q2, q3/i, q4, norm, alpha = 0.00032332352494034096, 0.020160886971027085
5.385587e-04 1.393980e+07 2.051145e+06 -6.533471e+04 3.628683e+05 -8.412205e+06
1.034961e-03 1.286422e+07 3.633610e+06 9.954425e+04 1.318520e+05 9.327549e+05
1.650345e-03 1.077051e+07 4.762312e+06 3.857079e+05 3.393560e+05 5.883011e+05
2.219461e-03 8.566521e+06 4.816610e+06 6.492187e+05 1.034315e+06 -7.147011e+05
2.824187e-03 6.225862e+06 4.161927e+06 1.221832e+06 1.560230e+06 -5.414966e+05
3.476178e-03 4.143063e+06 2.882733e+06 1.793334e+06 2.330862e+06 -1.156977e+06
4.066840e-03 2.750904e+06 1.695411e+06 2.204986e+06 2.902163e+06 -1.663658e+06
4.679538e-03 1.726324e+06 7.567321e+05 2.421493e+06 2.932450e+06 -1.656272e+06
5.338852e-03 1.049749e+06 1.207472e+05 2.309005e+06 2.698032e+06 -1.521488e+06
5.972931e-03 6.515342e+05 -1.598285e+05 1.945685e+06 2.178025e+06 -1.130158e+06
6.592959e-03 4.209527e+05 -2.250025e+05 1.463405e+06 1.602053e+06 -7.008637e+05
7.211547e-03 2.512219e+05 -2.302720e+05 9.819880e+05 9.406094e+05 -2.000880e+05
7.844333e-03 1.571392e+05 -1.868421e+05 5.999377e+05 5.284789e+05 6.957473e+04
8.479886e-03 9.052118e+04 -1.432721e+05 3.075469e+05 1.988795e+05 2.243416e+05
9.100686e-03 5.509707e+04 -1.012991e+05 1.326787e+05 3.980011e+04 2.290007e+05
9.724355e-03 3.547337e+04 -6.202897e+04 3.164584e+04 -2.985588e+04 1.706241e+05
1.035816e-02 2.346053e+04 -2.929698e+04 -2.271577e+04 -4.911065e+04 1.015962e+05
1.099013e-02 1.832442e+04 -3.579709e+03 -4.216738e+04 -2.957633e+04 2.789848e+04
1.161954e-02 1.469839e+04 9.968743e+03 -3.996306e+04 -8.694091e+03 -4.567828e+03
1.224543e-02 1.353951e+04 1.688631e+04 -2.606487e+04 1.490488e+04 -2.005762e+04
1.287347e-02 1.345587e+04 1.767534e+04 -7.670470e+03 3.246858e+04 -1.612787e+04
1.350110e-02 1.426847e+04 1.570618e+04 8.940875e+03 4.313449e+04 -5.415027e+03
1.412539e-02 1.486189e+04 1.247718e+04 2.296830e+04 4.616383e+04 1.190297e+04
1.475576e-02 1.483645e+04 8.654288e+03 3.136965e+04 4.201154e+04 2.871024e+04
1.538306e-02 1.430009e+04 4.950684e+03 3.528328e+04 3.475553e+04 4.228965e+04
1.601201e-02 1.283206e+04 1.744979e+03 3.392409e+04 2.483129e+04 5.031248e+04
1.664797e-02 1.100428e+04 -1.069088e+03 3.083654e+04 1.563033e+04 5.324041e+04
1.727684e-02 8.951743e+03 -3.420953e+03 2.575031e+04 7.375498e+03 5.107527e+04
1.790148e-02 6.961219e+03 -4.659172e+03 1.949378e+04 1.517009e+03 4.411366e+04
1.852764e-02 5.127710e+03 -5.076232e+03 1.354433e+04 -2.170551e+03 3.444086e+04
1.915179e-02 3.782401e+03 -4.673861e+03 7.991841e+03 -4.224375e+03 2.524345e+04
1.978148e-02 2.581301e+03 -3.681638e+03 3.251061e+03 -4.684971e+03 1.599680e+04
2.041144e-02 1.774643e+03 -2.444596e+03 -2.772407e+02 -4.073402e+03 8.834634e+03
2.104337e-02 1.252733e+03 -1.239251e+03 -2.235032e+03 -2.752395e+03 3.878557e+03
2.167611e-02 1.022611e+03 -1.197688e+02 -2.999316e+03 -9.189510e+02 8.645067e+02
2.230308e-02 9.895876e+02 7.629643e+02 -2.589592e+03 1.007045e+03 -2.466617e+02
2.292974e-02 1.083227e+03 1.346224e+03 -1.455219e+03 2.697600e+03 6.984840e+01
2.355539e-02 1.260016e+03 1.636476e+03 1.922956e+01 3.895299e+03 1.502784e+03
2.418150e-02 1.441649e+03 1.630054e+03 1.586345e+03 4.498801e+03 3.521390e+03
2.480946e-02 1.606907e+03 1.382298e+03 3.031342e+03 4.565592e+03 5.724870e+03
2.543879e-02 1.715319e+03 1.008436e+03 4.084260e+03 4.125471e+03 7.641793e+03
2.606741e-02 1.737843e+03 5.601528e+02 4.705714e+03 3.336937e+03 9.004469e+03
2.669501e-02 1.701517e+03 1.196961e+02 4.890782e+03 2.337592e+03 9.757533e+03
2.732628e-02 1.546207e+03 -2.696419e+02 4.523490e+03 1.247437e+03 9.593312e+03
2.795771e-02 1.352356e+03 -5.613126e+02 3.914656e+03 2.907746e+02 8.936479e+03
2.858621e-02 1.118766e+03 -7.559177e+02 3.061372e+03 -5.036837e+02 7.732771e+03
2.921223e-02 8.656878e+02 -8.310652e+02 2.098306e+03 -1.015740e+03 6.150225e+03
2.983725e-02 6.462739e+02 -8.083608e+02 1.193936e+03 -1.275935e+03 4.541188e+03
3.046693e-02 4.597670e+02 -6.779646e+02 4.162857e+02 -1.248079e+03 2.975529e+03
3.109608e-02 3.226339e+02 -4.833192e+02 -1.820682e+02 -1.019682e+03 1.677842e+03
3.172270e-02 2.369124e+02 -2.496286e+02 -5.633276e+02 -6.463687e+02 7.265395e+02
3.235285e-02 1.974431e+02 -2.552740e+01 -7.020897e+02 -2.105178e+02 1.881586e+02
3.298394e-02 1.998084e+02 1.666046e+02 -6.394130e+02 2.299445e+02 3.467596e+01
3.361458e-02 2.330086e+02 3.083657e+02 -3.940650e+02 6.154912e+02 1.986524e+02
3.424083e-02 2.860510e+02 3.862498e+02 -4.394554e+01 9.006606e+02 6.174263e+02
3.486711e-02 3.460566e+02 4.047495e+02 3.363669e+02 1.060249e+03 1.156378e+03
3.549614e-02 3.990096e+02 3.688037e+02 7.143191e+02 1.089962e+03 1.734462e+03
3.612198e-02 4.400000e+02 2.853745e+02 1.001940e+03 9.854576e+02 2.251679e+03
3.674992e-02 4.607346e+02 1.807583e+02 1.208323e+03 8.014041e+02 2.646736e+03
3.737802e-02 4.592829e+02 5.948491e+01 1.284539e+03 5.449062e+02 2.854477e+03
3.800827e-02 4.371216e+02 -5.173484e+01 1.255600e+03 2.718064e+02 2.879996e+03
3.863754e-02 3.950670e+02 -1.441059e+02 1.108410e+03 1.481757e+01 2.699867e+03
3.926550e-02 3.394183e+02 -2.085584e+02 8.971937e+02 -1.985549e+02 2.373560e+03
3.989588e-02 2.772407e+02 -2.381710e+02 6.398000e+02 -3.420166e+02 1.944287e+03
4.052254e-02 2.149738e+02 -2.387787e+02 3.729363e+02 -4.128488e+02 1.471284e+03
4.115124e-02 1.596074e+02 -2.103138e+02 1.307772e+02 -4.099284e+02 1.008580e+03
4.177955e-02 1.157768e+02 -1.613283e+02 -6.207603e+01 -3.427207e+02 6.095820e+02
4.240547e-02 8.695647e+01 -9.917747e+01 -1.885470e+02 -2.308927e+02 3.107363e+02
4.303621e-02 7.346758e+01 -3.034806e+01 -2.501103e+02 -8.894212e+01 1.281476e+02
4.366615e-02 7.316428e+01 3.342302e+01 -2.419591e+02 5.512353e+01 6.657252e+01
4.429168e-02 8.267277e+01 8.296130e+01 -1.781133e+02 1.793010e+02 1.140940e+02
4.491727e-02 1.002503e+02 1.166595e+02 -7.486633e+01 2.784416e+02 2.447942e+02
4.554613e-02 1.214755e+02 1.293541e+02 4.916115e+01 3.328917e+02 4.303935e+02
4.617836e-02 1.407865e+02 1.228170e+02 1.750048e+02 3.457769e+02 6.285676e+02
4.680927e-02 1.576725e+02 1.007557e+02 2.853757e+02 3.177861e+02 8.172043e+02
4.743756e-02 1.666369e+02 6.714909e+01 3.623778e+02 2.559581e+02 9.558408e+02
4.806661e-02 1.691710e+02 2.700023e+01 3.986114e+02 1.692363e+02 1.038966e+03
4.869280e-02 1.630451e+02 -1.278765e+01 3.962435e+02 7.591685e+01 1.049943e+03
4.931779e-02 1.510720e+02 -4.733531e+01 3.592061e+02 -1.430977e+01 1.000138e+03
4.994581e-02 1.329558e+02 -7.260361e+01 2.906862e+02 -8.991479e+01 8.889421e+02
5.057480e-02 1.120243e+02 -8.616488e+01 2.024976e+02 -1.422838e+02 7.364185e+02
5.120302e-02 9.062386e+01 -8.706033e+01 1.090334e+02 -1.665051e+02 5.666750e+02
5.183209e-02 6.947065e+01 -7.771574e+01 2.308676e+01 -1.640198e+02 3.952946e+02
5.246116e-02 5.274891e+01 -5.911161e+01 -4.868197e+01 -1.363328e+02 2.463183e+02
5.308896e-02 4.094438e+01 -3.548954e+01 -9.670315e+01 -9.040343e+01 1.342310e+02
5.371721e-02 3.531811e+01 -9.883060e+00 -1.185449e+02 -3.434802e+01 6.826672e+01
5.434780e-02 3.487157e+01 1.484162e+01 -1.130150e+02 2.407841e+01 4.832207e+01
5.497604e-02 3.915477e+01 3.516453e+01 -8.491265e+01 7.639337e+01 7.247786e+01
5.560013e-02 4.701725e+01 4.897538e+01 -4.173073e+01 1.152315e+02 1.320695e+02
5.622954e-02 5.602425e+01 5.526305e+01 1.194553e+01 1.387621e+02 2.125406e+02
5.686173e-02 6.503542e+01 5.315552e+01 6.633033e+01 1.429078e+02 3.014263e+02
5.748940e-02 7.246608e+01 4.412746e+01 1.136972e+02 1.302769e+02 3.831332e+02
5.811669e-02 7.697642e+01 2.953643e+01 1.476594e+02 1.027225e+02 4.440404e+02
5.874554e-02 7.852824e+01 1.237173e+01 1.668829e+02 6.624481e+01 4.808734e+02
5.937282e-02 7.634033e+01 -5.292722e+00 1.664059e+02 2.488821e+01 4.852655e+02
6.000021e-02 7.109699e+01 -2.102598e+01 1.503679e+02 -1.464747e+01 4.607959e+02
6.062750e-02 6.341726e+01 -3.292307e+01 1.201657e+02 -4.809026e+01 4.104934e+02
6.125597e-02 5.417085e+01 -3.970084e+01 8.123809e+01 -7.116997e+01 3.416461e+02
6.188682e-02 4.462741e+01 -4.084865e+01 3.871445e+01 -8.167169e+01 2.636191e+02
6.251462e-02 3.573777e+01 -3.638878e+01 -1.395375e+00 -7.895071e+01 1.863109e+02
6.314049e-02 2.832631e+01 -2.777837e+01 -3.355696e+01 -6.530943e+01 1.194632e+02
6.377015e-02 2.289397e+01 -1.588276e+01 -5.536403e+01 -4.213718e+01 6.805748e+01
6.439971e-02 2.012336e+01 -3.081309e+00 -6.483732e+01 -1.437707e+01 3.881460e+01
6.502803e-02 1.991081e+01 9.082748e+00 -6.116868e+01 1.444370e+01 3.244926e+01
6.565852e-02 2.188071e+01 1.914365e+01 -4.603802e+01 4.021392e+01 4.692398e+01
6.628652e-02 2.572998e+01 2.596273e+01 -2.315749e+01 5.991478e+01 7.895187e+01
6.691319e-02 3.031005e+01 2.888041e+01 4.910429e+00 7.128525e+01 1.208249e+02
6.754195e-02 3.500106e+01 2.778531e+01 3.342986e+01 7.314843e+01 1.667571e+02
6.816923e-02 3.901171e+01 2.332187e+01 5.806082e+01 6.657019e+01 2.088254e+02
6.879707e-02 4.182096e+01 1.590639e+01 7.695316e+01 5.218069e+01 2.425828e+02
6.942589e-02 4.283420e+01 6.902341e+00 8.619467e+01 3.279603e+01 2.611259e+02
7.005350e-02 4.197856e+01 -2.359560e+00 8.656464e+01 1.143331e+01 2.637335e+02
7.068149e-02 3.956414e+01 -1.078266e+01 7.834204e+01 -9.439085e+00 2.515395e+02
7.131092e-02 3.559984e+01 -1.733723e+01 6.227253e+01 -2.687841e+01 2.241710e+02
7.194060e-02 3.074240e+01 -2.106651e+01 4.123959e+01 -3.867826e+01 1.869316e+02
7.256947e-02 2.565225e+01 -2.193595e+01 1.854827e+01 -4.390554e+01 1.451403e+02
7.319738e-02 2.074023e+01 -1.995304e+01 -3.090211e+00 -4.256714e+01 1.032135e+02
7.382604e-02 1.684176e+01 -1.537203e+01 -2.111789e+01 -3.460373e+01 6.715425e+01
7.445392e-02 1.397203e+01 -9.103121e+00 -3.308883e+01 -2.201027e+01 3.991498e+01
7.507965e-02 1.267083e+01 -2.075677e+00 -3.853892e+01 -6.762762e+00 2.483288e+01
7.570782e-02 1.265189e+01 4.824213e+00 -3.649743e+01 9.184522e+00 2.202324e+01
7.633697e-02 1.399634e+01 1.069620e+01 -2.832632e+01 2.345132e+01 3.151894e+01
7.696614e-02 1.627279e+01 1.480264e+01 -1.543309e+01 3.438338e+01 5.045666e+01
7.759521e-02 1.907514e+01 1.662483e+01 7.184058e-01 4.061744e+01 7.577996e+01
7.822404e-02 2.185213e+01 1.618204e+01 1.705647e+01 4.155780e+01 1.026098e+02
7.885455e-02 2.429285e+01 1.362955e+01 3.187173e+01 3.755605e+01 1.277079e+02
7.948034e-02 2.606442e+01 9.419253e+00 4.299194e+01 2.918778e+01 1.475908e+02
8.010544e-02 2.667881e+01 4.260635e+00 4.918233e+01 1.795821e+01 1.587578e+02
8.073519e-02 2.630247e+01 -1.249478e+00 4.977982e+01 5.212580e+00 1.607225e+02
8.136420e-02 2.483217e+01 -6.277935e+00 4.525257e+01 -7.062367e+00 1.532952e+02
8.199246e-02 2.252134e+01 -1.022827e+01 3.588551e+01 -1.749444e+01 1.372261e+02
8.262013e-02 1.963007e+01 -1.262648e+01 2.387785e+01 -2.459340e+01 1.154130e+02
8.325004e-02 1.649173e+01 -1.321738e+01 1.020198e+01 -2.767135e+01 8.988357e+01
8.388076e-02 1.349682e+01 -1.209868e+01 -2.839090e+00 -2.672052e+01 6.457612e+01
8.450772e-02 1.099358e+01 -9.439290e+00 -1.385875e+01 -2.188240e+01 4.232925e+01
8.513407e-02 9.239417e+00 -5.658385e+00 -2.127036e+01 -1.407800e+01 2.581025e+01
8.576290e-02 8.369670e+00 -1.324151e+00 -2.466059e+01 -4.430329e+00 1.644191e+01
8.639170e-02 8.402041e+00 2.999755e+00 -2.350027e+01 5.682488e+00 1.499808e+01
8.701933e-02 9.243222e+00 6.739851e+00 -1.841294e+01 1.484529e+01 2.102108e+01
8.764729e-02 1.078035e+01 9.471352e+00 -1.020552e+01 2.204984e+01 3.345454e+01
8.827546e-02 1.255707e+01 1.083797e+01 1.345816e-01 2.634437e+01 4.958087e+01
8.890360e-02 1.454147e+01 1.071337e+01 1.071700e+01 2.720749e+01 6.776409e+01
8.953185e-02 1.619739e+01 9.269053e+00 2.063706e+01 2.500436e+01 8.451746e+01
9.016049e-02 1.746458e+01 6.653216e+00 2.832297e+01 1.985648e+01 9.823647e+01
9.078921e-02 1.808096e+01 3.299696e+00 3.280836e+01 1.260996e+01 1.066347e+02
9.141859e-02 1.794737e+01 -2.933036e-01 3.399775e+01 4.456702e+00 1.089331e+02
9.204760e-02 1.719525e+01 -3.711936e+00 3.151126e+01 -3.716673e+00 1.051252e+02
9.267535e-02 1.577197e+01 -6.485990e+00 2.597744e+01 -1.082861e+01 9.534319e+01
9.330406e-02 1.399869e+01 -8.324720e+00 1.811908e+01 -1.598949e+01 8.145886e+01
9.393390e-02 1.195115e+01 -8.998214e+00 9.201699e+00 -1.864767e+01 6.475209e+01
9.456102e-02 1.002285e+01 -8.540441e+00 2.061754e-01 -1.864360e+01 4.798845e+01
9.518740e-02 8.296692e+00 -6.980095e+00 -7.558888e+00 -1.599743e+01 3.258533e+01
9.581568e-02 7.027557e+00 -4.656590e+00 -1.340638e+01 -1.131151e+01 2.057300e+01
9.644552e-02 6.275343e+00 -1.826453e+00 -1.655315e+01 -5.157603e+00 1.295732e+01
9.707482e-02 6.113375e+00 1.040914e+00 -1.679787e+01 1.460021e+00 1.050234e+01
9.770146e-02 6.523630e+00 3.639977e+00 -1.435067e+01 7.717527e+00 1.306123e+01
9.832882e-02 7.353253e+00 5.651349e+00 -9.578429e+00 1.281941e+01 1.989779e+01
9.895640e-02 8.440153e+00 6.826783e+00 -3.241005e+00 1.615421e+01 2.966352e+01
9.958504e-02 9.663541e+00 7.079096e+00 3.627249e+00 1.737442e+01 4.111894e+01
1.002139e-01 1.078007e+01 6.403161e+00 1.024794e+01 1.651273e+01 5.231164e+01
1.008411e-01 1.167888e+01 4.905855e+00 1.563756e+01 1.364564e+01 6.183772e+01
1.014708e-01 1.219219e+01 2.838176e+00 1.922806e+01 9.315261e+00 6.819540e+01
1.021003e-01 1.227998e+01 5.512929e-01 2.057690e+01 4.152701e+00 7.076324e+01
1.027279e-01 1.198388e+01 -1.677280e+00 1.965634e+01 -1.165609e+00 6.950150e+01
1.033572e-01 1.117105e+01 -3.562016e+00 1.665957e+01 -5.988205e+00 6.401703e+01
1.039858e-01 1.007600e+01 -4.852521e+00 1.208124e+01 -9.617003e+00 5.563425e+01
1.046130e-01 8.823359e+00 -5.462243e+00 6.528655e+00 -1.175796e+01 4.550288e+01
1.052407e-01 7.498714e+00 -5.333551e+00 8.311753e-01 -1.212788e+01 3.457030e+01
1.058684e-01 6.310737e+00 -4.525446e+00 -4.264080e+00 -1.075926e+01 2.445600e+01
1.064969e-01 5.385159e+00 -3.163622e+00 -8.237950e+00 -7.926838e+00 1.616268e+01
1.071273e-01 4.819971e+00 -1.451126e+00 -1.058725e+01 -4.091279e+00 1.071568e+01
1.077558e-01 4.631132e+00 3.681287e-01 -1.105081e+01 1.836839e-01 8.536419e+00
1.083828e-01 4.822444e+00 2.070760e+00 -9.681076e+00 4.288617e+00 9.661987e+00
1.090114e-01 5.349142e+00 3.426770e+00 -6.841651e+00 7.732687e+00 1.382504e+01
1.096397e-01 6.067048e+00 4.297826e+00 -2.866383e+00 1.004031e+01 2.011596e+01
1.102684e-01 6.872177e+00 4.571316e+00 1.681037e+00 1.106464e+01 2.755652e+01
1.108970e-01 7.629548e+00 4.221693e+00 6.108954e+00 1.059410e+01 3.505433e+01
1.115233e-01 8.235620e+00 3.349763e+00 9.869715e+00 8.885598e+00 4.150457e+01
1.121508e-01 8.613414e+00 2.041776e+00 1.241821e+01 6.081185e+00 4.609416e+01
1.127798e-01 8.677757e+00 5.249825e-01 1.362353e+01 2.706552e+00 4.813796e+01
1.134097e-01 8.471283e+00 -1.017708e+00 1.318739e+01 -8.705472e-01 4.750211e+01
1.140373e-01 7.983337e+00 -2.377671e+00 1.136830e+01 -4.130161e+00 4.421878e+01
1.146647e-01 7.270658e+00 -3.348487e+00 8.365543e+00 -6.642866e+00 3.873526e+01
1.152948e-01 6.454128e+00 -3.865866e+00 4.622677e+00 -8.175741e+00 3.187220e+01
1.159235e-01 5.591982e+00 -3.865350e+00 6.532829e-01 -8.558362e+00 2.441632e+01
1.165517e-01 4.804751e+00 -3.340710e+00 -3.000730e+00 -7.699221e+00 1.736090e+01
1.171799e-01 4.189557e+00 -2.431988e+00 -5.948335e+00 -5.863324e+00 1.156402e+01
1.178092e-01 3.761140e+00 -1.218049e+00 -7.744049e+00 -3.238291e+00 7.510247e+00
1.184382e-01 3.614246e+00 9.661146e-02 -8.276229e+00 -2.507846e-01 5.781757e+00
1.190649e-01 3.707059e+00 1.351012e+00 -7.513254e+00 2.700707e+00 6.316492e+00
1.196918e-01 4.017003e+00 2.393641e+00 -5.571810e+00 5.259348e+00 8.957199e+00
1.203206e-01 4.499403e+00 3.106543e+00 -2.803880e+00 7.117715e+00 1.329048e+01
1.209492e-01 5.055483e+00 3.386714e+00 4.747680e-01 8.043447e+00 1.852978e+01
1.215770e-01 5.617832e+00 3.225078e+00 3.746215e+00 7.934999e+00 2.398607e+01
1.222060e-01 6.123207e+00 2.679080e+00 6.668482e+00 6.924129e+00 2.898144e+01
1.228351e-01 6.457425e+00 1.800084e+00 8.799000e+00 5.077034e+00 3.261374e+01
1.234639e-01 6.629314e+00 7.651492e-01 9.997361e+00 2.740721e+00 3.474397e+01
1.240910e-01 6.578069e+00 -3.108612e-01 1.004269e+01 2.162629e-01 3.487910e+01
1.247182e-01 6.319750e+00 -1.315114e+00 9.076656e+00 -2.258202e+00 3.317871e+01
1.253470e-01 5.881020e+00 -2.087796e+00 7.160123e+00 -4.240922e+00 2.975459e+01
1.259754e-01 5.317710e+00 -2.565177e+00 4.685993e+00 -5.601519e+00 2.521711e+01
1.266036e-01 4.692182e+00 -2.692942e+00 1.932087e+00 -6.130229e+00 1.999145e+01
1.272319e-01 4.092536e+00 -2.484928e+00 -7.514789e-01 -5.880652e+00 1.485812e+01
1.278607e-01 3.553942e+00 -1.964508e+00 -3.015860e+00 -4.857806e+00 1.023892e+01
1.284890e-01 3.165631e+00 -1.237317e+00 -4.645153e+00 -3.280339e+00 6.829786e+00
1.291182e-01 2.937214e+00 -3.994566e-01 -5.439170e+00 -1.356628e+00 4.814477e+00
1.297470e-01 2.894886e+00 4.237838e-01 -5.376120e+00 6.254517e-01 4.400452e+00
1.303744e-01 3.021821e+00 1.127561e+00 -4.549410e+00 2.416585e+00 5.462585e+00
1.310022e-01 3.282075e+00 1.626989e+00 -3.081240e+00 3.753994e+00 7.697607e+00
1.316312e-01 3.624114e+00 1.879373e+00 -1.229739e+00 4.545155e+00 1.072489e+01
1.322597e-01 3.993833e+00 1.859420e+00 6.991451e-01 4.680526e+00 1.401852e+01
1.328871e-01 4.326657e+00 1.572170e+00 2.447835e+00 4.132916e+00 1.710246e+01
1.335151e-01 4.562651e+00 1.083101e+00 3.794155e+00 3.065802e+00 1.946665e+01
1.341448e-01 4.670850e+00 4.667660e-01 4.555109e+00 1.626015e+00 2.082300e+01
1.347734e-01 4.635934e+00 -1.936742e-01 4.658296e+00 2.477045e-02 2.098736e+01
1.354003e-01 4.449684e+00 -7.938483e-01 4.081879e+00 -1.501450e+00 1.987253e+01
1.360284e-01 4.153763e+00 -1.263307e+00 2.970618e+00 -2.731982e+00 1.777662e+01
1.366568e-01 3.780355e+00 -1.549848e+00 1.464101e+00 -3.552239e+00 1.493491e+01
1.372858e-01 3.373778e+00 -1.603669e+00 -2.145097e-01 -3.805304e+00 1.170034e+01
1.379142e-01 3.001935e+00 -1.424275e+00 -1.817010e+00 -3.494952e+00 8.579100e+00
1.385416e-01 2.692122e+00 -1.047274e+00 -3.093426e+00 -2.687819e+00 5.939289e+00
1.391708e-01 2.493499e+00 -5.141351e-01 -3.929218e+00 -1.484929e+00 4.111366e+00
1.397994e-01 2.421157e+00 8.936892e-02 -4.163231e+00 -7.485111e-02 3.344049e+00
1.404273e-01 2.465781e+00 6.893955e-01 -3.779328e+00 1.352875e+00 3.671217e+00
1.410561e-01 2.637788e+00 1.189838e+00 -2.854639e+00 2.626879e+00 5.063466e+00
1.416844e-01 2.889096e+00 1.539878e+00 -1.474910e+00 3.562312e+00 7.269814e+00
1.423121e-01 3.193088e+00 1.687110e+00 1.418706e-01 4.046264e+00 9.975116e+00
1.429401e-01 3.499967e+00 1.625459e+00 1.810782e+00 4.038068e+00 1.280316e+01
1.435692e-01 3.774012e+00 1.367992e+00 3.309662e+00 3.512204e+00 1.539942e+01
1.441983e-01 3.968356e+00 9.442374e-01 4.422301e+00 2.569253e+00 1.740013e+01
1.448262e-01 4.056314e+00 4.202808e-01 5.078506e+00 1.341329e+00 1.855611e+01
1.454539e-01 4.024664e+00 -1.452346e-01 5.134865e+00 4.082094e-03 1.870635e+01
1.460823e-01 3.888335e+00 -6.813263e-01 4.667992e+00 -1.298780e+00 1.786524e+01
1.467115e-01 3.645266e+00 -1.117652e+00 3.705659e+00 -2.363865e+00 1.609174e+01
1.473399e-01 3.353013e+00 -1.400083e+00 2.373383e+00 -3.084406e+00 1.366649e+01
1.479676e-01 3.024976e+00 -1.499239e+00 8.910931e-01 -3.374879e+00 1.086803e+01
1.485964e-01 2.716628e+00 -1.405019e+00 -6.110622e-01 -3.221990e+00 8.081456e+00
1.492243e-01 2.452631e+00 -1.138649e+00 -1.895059e+00 -2.645708e+00 5.596611e+00
1.498507e-01 2.268740e+00 -7.409384e-01 -2.852319e+00 -1.762506e+00 3.716329e+00
1.504788e-01 2.174836e+00 -2.553995e-01 -3.328970e+00 -6.725119e-01 2.633799e+00
1.511078e-01 2.180279e+00 2.488563e-01 -3.314853e+00 4.677140e-01 2.434634e+00
1.517364e-01 2.269083e+00 7.047319e-01 -2.822025e+00 1.498860e+00 3.091390e+00
1.523652e-01 2.428763e+00 1.058616e+00 -1.910017e+00 2.315053e+00 4.496772e+00
1.529942e-01 2.625283e+00 1.268921e+00 -7.364181e-01 2.813021e+00 6.387743e+00
1.536237e-01 2.840869e+00 1.303680e+00 5.331343e-01 2.939001e+00 8.535419e+00
1.542519e-01 3.039198e+00 1.166896e+00 1.758272e+00 2.694412e+00 1.060481e+01
1.548791e-01 3.192512e+00 8.865697e-01 2.739775e+00 2.118706e+00 1.228258e+01
1.555078e-01 3.289582e+00 5.093222e-01 3.418278e+00 1.303730e+00 1.342065e+01
1.561363e-01 3.307894e+00 8.179575e-02 3.675958e+00 3.412326e-01 1.384851e+01
1.567636e-01 3.245728e+00 -3.277173e-01 3.508222e+00 -6.292543e-01 1.350671e+01
1.573916e-01 3.105272e+00 -6.736740e-01 2.954194e+00 -1.482622e+00 1.246732e+01
1.580207e-01 2.901222e+00 -9.224371e-01 2.094708e+00 -2.122024e+00 1.087841e+01
1.586492e-01 2.664639e+00 -1.043865e+00 1.055520e+00 -2.465381e+00 8.941191e+00
1.592766e-01 2.418215e+00 -1.034576e+00 -2.763984e-02 -2.480712e+00 6.875540e+00
1.599049e-01 2.198607e+00 -8.930812e-01 -1.015852e+00 -2.176941e+00 4.954096e+00
1.605344e-01 2.021856e+00 -6.458632e-01 -1.781452e+00 -1.617486e+00 3.361541e+00
1.611623e-01 1.913019e+00 -3.208034e-01 -2.265258e+00 -8.777143e-01 2.322755e+00
1.617904e-01 1.874409e+00 2.746448e-02 -2.403016e+00 -7.106143e-02 1.889800e+00
1.624191e-01 1.902658e+00 3.577709e-01 -2.208941e+00 7.046116e-01 2.098824e+00
1.630470e-01 1.991828e+00 6.210015e-01 -1.717892e+00 1.347146e+00 2.858708e+00
1.636756e-01 2.123702e+00 7.853761e-01 -1.009068e+00 1.785491e+00 4.042150e+00
1.643038e-01 2.281016e+00 8.404468e-01 -1.943847e-01 1.976420e+00 5.447049e+00
1.649313e-01 2.437799e+00 7.791287e-01 6.247630e-01 1.894399e+00 6.879475e+00
1.655596e-01 2.565825e+00 6.222218e-01 1.335674e+00 1.570439e+00 8.122754e+00
1.661885e-01 2.649960e+00 3.952748e-01 1.827601e+00 1.063281e+00 9.007023e+00
1.668177e-01 2.684952e+00 1.205315e-01 2.070664e+00 4.240598e-01 9.470604e+00
1.674456e-01 2.652259e+00 -1.602012e-01 2.011915e+00 -2.365923e-01 9.368420e+00
1.680727e-01 2.569751e+00 -4.094643e-01 1.703691e+00 -8.421391e-01 8.820666e+00
1.687016e-01 2.447639e+00 -5.973728e-01 1.183803e+00 -1.318799e+00 7.849638e+00
1.693313e-01 2.294833e+00 -6.988584e-01 5.106122e-01 -1.605253e+00 6.602962e+00
1.699587e-01 2.138324e+00 -7.045572e-01 -2.032299e-01 -1.671283e+00 5.260211e+00
1.705866e-01 1.987757e+00 -6.221285e-01 -8.860980e-01 -1.524050e+00 3.960378e+00
1.712159e-01 1.866899e+00 -4.698799e-01 -1.435310e+00 -1.188944e+00 2.872477e+00
1.718445e-01 1.790352e+00 -2.693609e-01 -1.810342e+00 -7.257261e-01 2.121585e+00
1.724727e-01 1.759218e+00 -4.831001e-02 -1.957639e+00 -2.019140e-01 1.744681e+00
1.731002e-01 1.773905e+00 1.623902e-01 -1.880443e+00 3.115195e-01 1.764462e+00
1.737290e-01 1.828540e+00 3.410417e-01 -1.610644e+00 7.397399e-01 2.139641e+00
1.743571e-01 1.907829e+00 4.590188e-01 -1.212085e+00 1.024145e+00 2.792570e+00
1.749848e-01 1.998378e+00 5.060371e-01 -7.344229e-01 1.145610e+00 3.590560e+00
1.756135e-01 2.081203e+00 4.748034e-01 -2.602515e-01 1.084075e+00 4.401261e+00
1.762417e-01 2.146302e+00 3.778022e-01 1.429908e-01 8.612835e-01 5.104684e+00
1.768700e-01 2.181517e+00 2.301221e-01 4.163738e-01 5.243704e-01 5.552818e+00
1.774983e-01 2.182034e+00 5.793024e-02 5.189031e-01 1.252250e-01 5.726934e+00
1.781269e-01 2.144924e+00 -1.117759e-01 4.561582e-01 -2.781256e-01 5.562105e+00
1.787551e-01 2.080482e+00 -2.573423e-01 2.213693e-01 -6.278139e-01 5.097200e+00
1.793837e-01 1.993044e+00 -3.539243e-01 -1.266101e-01 -8.821399e-01 4.428694e+00
1.800121e-01 1.897620e+00 -3.845905e-01 -5.343333e-01 -9.897475e-01 3.619032e+00
1.806398e-01 1.803226e+00 -3.505577e-01 -9.423285e-01 -9.581459e-01 2.820539e+00
1.812676e-01 1.724871e+00 -2.507059e-01 -1.281628e+00 -7.704805e-01 2.129153e+00
1.818961e-01 1.666898e+00 -1.049059e-01 -1.502126e+00 -4.710296e-01 1.651540e+00
1.825251e-01 1.636247e+00 5.974102e-02 -1.560112e+00 -9.801112e-02 1.448784e+00
1.831533e-01 1.642154e+00 2.239913e-01 -1.452456e+00 3.024939e-01 1.534758e+00
1.837813e-01 1.675098e+00 3.616525e-01 -1.184652e+00 6.611372e-01 1.909357e+00
1.844104e-01 1.736733e+00 4.518949e-01 -7.890404e-01 9.341901e-01 2.503194e+00
1.850389e-01 1.814971e+00 4.865886e-01 -3.242888e-01 1.074063e+00 3.237520e+00
1.856669e-01 1.896688e+00 4.597450e-01 1.475501e-01 1.066556e+00 4.002575e+00
1.862953e-01 1.971028e+00 3.775003e-01 5.568917e-01 9.097783e-01 4.699246e+00
1.869236e-01 2.024000e+00 2.444070e-01 8.608117e-01 6.223096e-01 5.214420e+00
1.875520e-01 2.049491e+00 8.671020e-02 1.009180e+00 2.575727e-01 5.494200e+00
1.881803e-01 2.039724e+00 -8.354872e-02 9.877983e-01 -1.406313e-01 5.466402e+00
1.888083e-01 2.001451e+00 -2.370717e-01 7.990198e-01 -5.072875e-01 5.150034e+00
1.894359e-01 1.932050e+00 -3.541227e-01 4.713397e-01 -8.008218e-01 4.568973e+00
1.900648e-01 1.844316e+00 -4.195556e-01 5.097873e-02 -9.688258e-01 3.802776e+00
1.906937e-01 1.753846e+00 -4.239688e-01 -4.051974e-01 -1.001222e+00 2.973554e+00
1.913208e-01 1.666986e+00 -3.606356e-01 -8.272866e-01 -8.730541e-01 2.171460e+00
1.919495e-01 1.601361e+00 -2.442726e-01 -1.164206e+00 -6.161495e-01 1.525779e+00
1.925783e-01 1.562373e+00 -8.627076e-02 -1.352444e+00 -2.528589e-01 1.130564e+00
1.932069e-01 1.563473e+00 9.762572e-02 -1.371094e+00 1.704669e-01 1.041218e+00
1.938350e-01 1.596780e+00 2.810149e-01 -1.201394e+00 5.921754e-01 1.282973e+00
1.944626e-01 1.660538e+00 4.413284e-01 -8.614287e-01 9.714521e-01 1.829721e+00
1.950912e-01 1.749920e+00 5.581962e-01 -3.924117e-01 1.242294e+00 2.628734e+00
1.957198e-01 1.852250e+00 6.150363e-01 1.623818e-01 1.386009e+00 3.586275e+00
1.963481e-01 1.951835e+00 6.023782e-01 7.380688e-01 1.368795e+00 4.575864e+00
1.969763e-01 2.041986e+00 5.219630e-01 1.267042e+00 1.198208e+00 5.485094e+00
1.976057e-01 2.107151e+00 3.853981e-01 1.681999e+00 8.945121e-01 6.196444e+00
1.982346e-01 2.142478e+00 2.095509e-01 1.947247e+00 4.893354e-01 6.636352e+00
1.988621e-01 2.142483e+00 1.635528e-02 2.018235e+00 3.883528e-02 6.743574e+00
1.994900e-01 2.103293e+00 -1.721131e-01 1.905114e+00 -4.175156e-01 6.514155e+00
2.001183e-01 2.032462e+00 -3.328520e-01 1.601000e+00 -8.086065e-01 5.967807e+00
2.007462e-01 1.936667e+00 -4.524326e-01 1.171787e+00 -1.097730e+00 5.180261e+00
2.013743e-01 1.826366e+00 -5.142660e-01 6.573439e-01 -1.252892e+00 4.232511e+00
2.020025e-01 1.713148e+00 -5.096918e-01 1.141140e-01 -1.244957e+00 3.227974e+00
2.026313e-01 1.611253e+00 -4.463536e-01 -3.801201e-01 -1.093001e+00 2.299796e+00
2.032604e-01 1.529223e+00 -3.292665e-01 -7.815465e-01 -8.144462e-01 1.522274e+00
2.038879e-01 1.475226e+00 -1.767216e-01 -1.039177e+00 -4.482284e-01 1.001934e+00
2.045158e-01 1.457336e+00 -5.966511e-03 -1.135087e+00 -3.953450e-02 7.705092e-01
2.051449e-01 1.470040e+00 1.605643e-01 -1.059154e+00 3.552263e-01 8.471717e-01
2.057735e-01 1.514273e+00 3.037413e-01 -8.288535e-01 6.905300e-01 1.204937e+00
2.064017e-01 1.578351e+00 4.105101e-01 -4.848377e-01 9.308147e-01 1.788536e+00
2.070305e-01 1.656077e+00 4.655764e-01 -5.982698e-02 1.046257e+00 2.519326e+00
2.076594e-01 1.734024e+00 4.642178e-01 3.737445e-01 1.038060e+00 3.291522e+00
2.082867e-01 1.800134e+00 4.068484e-01 7.697411e-01 9.071789e-01 3.994750e+00
2.089139e-01 1.850459e+00 3.062966e-01 1.087242e+00 6.829814e-01 4.558693e+00
2.095429e-01 1.876072e+00 1.715579e-01 1.279408e+00 3.940769e-01 4.902290e+00
2.101711e-01 1.879125e+00 2.611036e-02 1.334268e+00 7.331107e-02 4.988468e+00
2.107990e-01 1.852142e+00 -1.119772e-01 1.246002e+00 -2.357694e-01 4.817020e+00
2.114275e-01 1.806961e+00 -2.272270e-01 1.035027e+00 -5.019218e-01 4.426194e+00
2.120557e-01 1.741811e+00 -3.076239e-01 7.320428e-01 -6.945629e-01 3.863026e+00
2.126842e-01 1.668257e+00 -3.435033e-01 3.673289e-01 -7.874030e-01 3.202604e+00
2.133127e-01 1.593454e+00 -3.348523e-01 3.080986e-03 -7.842544e-01 2.525968e+00
2.139414e-01 1.530144e+00 -2.865052e-01 -3.280323e-01 -6.855786e-01 1.920172e+00
2.145702e-01 1.478298e+00 -2.073862e-01 -5.817836e-01 -5.112272e-01 1.436206e+00
2.151979e-01 1.446888e+00 -1.057478e-01 -7.426599e-01 -2.908080e-01 1.120063e+00
2.158262e-01 1.434511e+00 7.244949e-04 -7.993906e-01 -5.632901e-02 9.923778e-01
2.164548e-01 1.440374e+00 9.901572e-02 -7.527407e-01 1.603035e-01 1.048738e+00
2.170834e-01 1.461970e+00 1.769774e-01 -6.220791e-01 3.277733e-01 1.260618e+00
2.177116e-01 1.487325e+00 2.182540e-01 -4.329735e-01 4.270857e-01 1.562891e+00
2.183390e-01 1.520412e+00 2.267282e-01 -2.252089e-01 4.510570e-01 1.915460e+00
2.189672e-01 1.548588e+00 1.990085e-01 -2.298479e-02 3.983742e-01 2.236577e+00
2.195962e-01 1.571106e+00 1.452320e-01 1.344642e-01 2.873362e-01 2.487689e+00
2.202247e-01 1.580111e+00 7.839448e-02 2.339533e-01 1.311640e-01 2.616717e+00
2.208525e-01 1.576873e+00 5.452141e-03 2.435652e-01 -3.643167e-02 2.612395e+00
2.214806e-01 1.559555e+00 -5.789595e-02 1.854051e-01 -1.933912e-01 2.481237e+00
2.221096e-01 1.531731e+00 -1.046160e-01 6.036394e-02 -3.050914e-01 2.252767e+00
2.227377e-01 1.497370e+00 -1.283997e-01 -1.091309e-01 -3.597702e-01 1.951194e+00
2.233660e-01 1.464681e+00 -1.245791e-01 -2.813137e-01 -3.395894e-01 1.633564e+00
2.239949e-01 1.438616e+00 -9.085988e-02 -4.341995e-01 -2.515537e-01 1.350490e+00
2.246230e-01 1.424670e+00 -3.071249e-02 -5.303484e-01 -9.763650e-02 1.147418e+00
2.252510e-01 1.423639e+00 5.057853e-02 -5.512863e-01 8.790766e-02 1.073728e+00
2.258786e-01 1.439424e+00 1.405590e-01 -4.810690e-01 2.867198e-01 1.149438e+00
2.265070e-01 1.466576e+00 2.257614e-01 -3.231651e-01 4.705138e-01 1.382132e+00
2.271353e-01 1.505521e+00 2.965061e-01 -9.249199e-02 6.169931e-01 1.756054e+00
2.277640e-01 1.552304e+00 3.341702e-01 1.952664e-01 7.036876e-01 2.244993e+00
2.283928e-01 1.601656e+00 3.375046e-01 5.031205e-01 7.242103e-01 2.780898e+00
2.290206e-01 1.649100e+00 2.998882e-01 7.989188e-01 6.674091e-01 3.297325e+00
2.296494e-01 1.691915e+00 2.304481e-01 1.045042e+00 5.381031e-01 3.744074e+00
2.302775e-01 1.723189e+00 1.368853e-01 1.220801e+00 3.517714e-01 4.065907e+00
2.309053e-01 1.737484e+00 3.163620e-02 1.291183e+00 1.245405e-01 4.208038e+00
2.315342e-01 1.731824e+00 -7.444405e-02 1.264664e+00 -1.181954e-01 4.175279e+00
2.321633e-01 1.707299e+00 -1.669692e-01 1.134194e+00 -3.538778e-01 3.954773e+00
2.327917e-01 1.661594e+00 -2.401786e-01 9.188169e-01 -5.482050e-01 3.573598e+00
2.334191e-01 1.601780e+00 -2.853237e-01 6.408143e-01 -6.816798e-01 3.074355e+00
2.340471e-01 1.534866e+00 -3.007888e-01 3.317055e-01 -7.413146e-01 2.502651e+00
2.346760e-01 1.466850e+00 -2.858115e-01 2.945255e-02 -7.179375e-01 1.932379e+00
2.353048e-01 1.406916e+00 -2.430791e-01 -2.456795e-01 -6.206141e-01 1.413335e+00
2.359331e-01 1.360079e+00 -1.780006e-01 -4.621484e-01 -4.608252e-01 9.913388e-01
2.365605e-01 1.333860e+00 -9.983137e-02 -6.043988e-01 -2.671772e-01 7.159358e-01
2.371890e-01 1.325607e+00 -1.564686e-02 -6.633753e-01 -6.458021e-02 5.869091e-01
2.378178e-01 1.335343e+00 6.440695e-02 -6.430227e-01 1.255252e-01 6.192360e-01
2.384456e-01 1.358193e+00 1.281469e-01 -5.558893e-01 2.710179e-01 7.765608e-01
2.390742e-01 1.390632e+00 1.700634e-01 -4.125941e-01 3.614331e-01 1.028991e+00
2.397020e-01 1.424893e+00 1.867848e-01 -2.441214e-01 3.925400e-01 1.328227e+00
2.403299e-01 1.457980e+00 1.756898e-01 -7.290131e-02 3.609604e-01 1.622563e+00
2.409587e-01 1.482176e+00 1.426809e-01 7.511517e-02 2.703809e-01 1.868892e+00
2.415875e-01 1.497163e+00 9.172431e-02 1.742796e-01 1.503140e-01 2.031881e+00
2.422165e-01 1.497856e+00 3.158898e-02 2.209732e-01 4.534972e-03 2.086990e+00
2.428445e-01 1.487519e+00 -2.874133e-02 1.984615e-01 -1.358724e-01 2.031420e+00
2.434722e-01 1.465738e+00 -7.951330e-02 1.209520e-01 -2.580042e-01 1.870546e+00
2.441005e-01 1.435566e+00 -1.121364e-01 5.905282e-04 -3.441857e-01 1.632430e+00
2.447295e-01 1.400543e+00 -1.255764e-01 -1.470680e-01 -3.785163e-01 1.350611e+00
2.453575e-01 1.364681e+00 -1.157781e-01 -2.971080e-01 -3.589684e-01 1.069596e+00
2.459854e-01 1.331970e+00 -8.630878e-02 -4.291794e-01 -2.885596e-01 8.250322e-01
2.466143e-01 1.307981e+00 -4.765293e-02 -5.230322e-01 -1.731960e-01 6.501084e-01
2.472426e-01 1.295729e+00 2.767488e-03 -5.656589e-01 -3.008898e-02 5.613355e-01
2.478702e-01 1.299038e+00 5.341203e-02 -5.506874e-01 1.168554e-01 5.747831e-01
2.484984e-01 1.312357e+00 1.038645e-01 -4.782542e-01 2.506151e-01 6.815740e-01
2.491273e-01 1.337988e+00 1.444325e-01 -3.598135e-01 3.472849e-01 8.757254e-01
2.497552e-01 1.365250e+00 1.712104e-01 -2.176312e-01 3.958715e-01 1.130814e+00
2.503834e-01 1.395155e+00 1.766106e-01 -5.930929e-02 3.893532e-01 1.416221e+00
2.510119e-01 1.419960e+00 1.607239e-01 8.870343e-02 3.360674e-01 1.685695e+00
2.516403e-01 1.439696e+00 1.264529e-01 2.155661e-01 2.438280e-01 1.912089e+00
2.522691e-01 1.451420e+00 7.923584e-02 2.992807e-01 1.205891e-01 2.055262e+00
2.528974e-01 1.450755e+00 2.680104e-02 3.316038e-01 -1.298902e-02 2.093495e+00
2.535254e-01 1.441735e+00 -2.256881e-02 3.151675e-01 -1.451893e-01 2.034777e+00
2.541542e-01 1.418912e+00 -6.389253e-02 2.425993e-01 -2.604098e-01 1.874774e+00
2.547828e-01 1.390735e+00 -9.278357e-02 1.390435e-01 -3.438967e-01 1.651838e+00
2.554104e-01 1.357186e+00 -1.040692e-01 7.713041e-03 -3.835354e-01 1.385090e+00
2.560379e-01 1.323213e+00 -1.042596e-01 -1.262736e-01 -3.791256e-01 1.113796e+00
2.566670e-01 1.294871e+00 -8.764824e-02 -2.489447e-01 -3.213875e-01 8.621292e-01
2.572958e-01 1.275451e+00 -6.073861e-02 -3.463349e-01 -2.311430e-01 6.670667e-01
2.579236e-01 1.268196e+00 -2.676117e-02 -4.068078e-01 -1.179157e-01 5.399305e-01
2.585522e-01 1.270376e+00 1.199225e-02 -4.253991e-01 -8.038705e-04 4.867984e-01
2.591808e-01 1.282901e+00 5.079865e-02 -4.013172e-01 1.027685e-01 5.152977e-01
2.598086e-01 1.301090e+00 8.330411e-02 -3.408926e-01 1.783181e-01 6.124904e-01
2.604363e-01 1.319619e+00 1.055064e-01 -2.544792e-01 2.142213e-01 7.600432e-01
2.610650e-01 1.335037e+00 1.118330e-01 -1.585967e-01 2.155957e-01 9.312096e-01
2.616935e-01 1.347345e+00 1.021897e-01 -6.540134e-02 1.851154e-01 1.095778e+00
2.623210e-01 1.353745e+00 7.635777e-02 5.448043e-03 1.281424e-01 1.225818e+00
2.629494e-01 1.353924e+00 3.933723e-02 4.711882e-02 5.442205e-02 1.304725e+00
2.635781e-01 1.349633e+00 -3.079079e-03 4.609133e-02 -2.824185e-02 1.307251e+00
2.642065e-01 1.341389e+00 -4.042156e-02 4.044236e-03 -1.075967e-01 1.247446e+00
2.648347e-01 1.330646e+00 -6.789202e-02 -6.467067e-02 -1.730306e-01 1.129473e+00
2.654637e-01 1.315575e+00 -8.093295e-02 -1.569959e-01 -2.158734e-01 9.762013e-01
2.660924e-01 1.301288e+00 -7.540440e-02 -2.554352e-01 -2.257199e-01 8.086417e-01
2.667201e-01 1.286581e+00 -5.654822e-02 -3.438461e-01 -1.993475e-01 6.522616e-01
2.673488e-01 1.274522e+00 -2.356383e-02 -4.062100e-01 -1.384867e-01 5.318360e-01
2.679778e-01 1.268059e+00 1.612828e-02 -4.338975e-01 -5.290518e-02 4.610618e-01
2.686062e-01 1.267064e+00 6.050318e-02 -4.189675e-01 4.839613e-02 4.621724e-01
2.692341e-01 1.274519e+00 1.006373e-01 -3.630076e-01 1.481808e-01 5.305079e-01
2.698620e-01 1.285966e+00 1.325351e-01 -2.755725e-01 2.316428e-01 6.658764e-01
2.704897e-01 1.302803e+00 1.498296e-01 -1.624496e-01 2.870993e-01 8.475099e-01
2.711178e-01 1.324164e+00 1.506338e-01 -3.886076e-02 3.072487e-01 1.059198e+00
2.717462e-01 1.344042e+00 1.359708e-01 8.294162e-02 2.883470e-01 1.264982e+00
2.723748e-01 1.363445e+00 1.091297e-01 1.831301e-01 2.341290e-01 1.441375e+00
2.730040e-01 1.377260e+00 7.235866e-02 2.498575e-01 1.510964e-01 1.567400e+00
2.736320e-01 1.382121e+00 3.109828e-02 2.712588e-01 4.972239e-02 1.619464e+00
2.742595e-01 1.379502e+00 -1.229443e-02 2.500402e-01 -5.897658e-02 1.599692e+00
2.748883e-01 1.367399e+00 -5.035720e-02 1.854479e-01 -1.563682e-01 1.496742e+00
2.755167e-01 1.349900e+00 -7.790110e-02 9.149776e-02 -2.332117e-01 1.331262e+00
2.761449e-01 1.326108e+00 -9.037820e-02 -2.391528e-02 -2.770186e-01 1.119718e+00
2.767736e-01 1.301472e+00 -8.615852e-02 -1.390052e-01 -2.829508e-01 8.976890e-01
2.774020e-01 1.277327e+00 -6.553085e-02 -2.438647e-01 -2.464549e-01 6.889611e-01
2.780301e-01 1.257467e+00 -3.271111e-02 -3.247549e-01 -1.730328e-01 5.245156e-01
2.786580e-01 1.244197e+00 9.024576e-03 -3.654996e-01 -7.816476e-02 4.244582e-01
2.792860e-01 1.242002e+00 5.302846e-02 -3.641944e-01 3.400286e-02 4.063999e-01
2.799146e-01 1.249582e+00 9.450773e-02 -3.156862e-01 1.435047e-01 4.707547e-01
2.805434e-01 1.266233e+00 1.276061e-01 -2.290956e-01 2.368031e-01 6.118965e-01
2.811718e-01 1.290042e+00 1.492693e-01 -1.118301e-01 2.999617e-01 8.127875e-01
2.817991e-01 1.319335e+00 1.553790e-01 2.432160e-02 3.294132e-01 1.043251e+00
2.824272e-01 1.347906e+00 1.470204e-01 1.591298e-01 3.156556e-01 1.282246e+00
2.830565e-01 1.373623e+00 1.229294e-01 2.803971e-01 2.633385e-01 1.486023e+00
2.836849e-01 1.392338e+00 8.865158e-02 3.652605e-01 1.740741e-01 1.641502e+00
2.843133e-01 1.401046e+00 4.479213e-02 4.091268e-01 6.864282e-02 1.723845e+00
2.849417e-01 1.401522e+00 -3.217987e-03 4.043212e-01 -4.775224e-02 1.725580e+00
2.855699e-01 1.390117e+00 -4.888564e-02 3.485525e-01 -1.559111e-01 1.641931e+00
2.861980e-01 1.372436e+00 -8.852100e-02 2.557367e-01 -2.432275e-01 1.477925e+00
2.868264e-01 1.350454e+00 -1.144958e-01 1.298887e-01 -3.018449e-01 1.260839e+00
2.874550e-01 1.325405e+00 -1.202718e-01 -5.302438e-03 -3.202271e-01 1.010003e+00
2.880834e-01 1.300548e+00 -1.074746e-01 -1.395910e-01 -3.031176e-01 7.633227e-01
2.887116e-01 1.276039e+00 -7.673655e-02 -2.557646e-01 -2.444756e-01 5.478573e-01
2.893396e-01 1.255776e+00 -3.399546e-02 -3.363897e-01 -1.596285e-01 3.920927e-01
2.899676e-01 1.242001e+00 1.279023e-02 -3.783961e-01 -5.546627e-02 3.140160e-01
2.905957e-01 1.237262e+00 5.867796e-02 -3.639940e-01 5.760437e-02 3.137538e-01
2.912243e-01 1.242370e+00 1.005421e-01 -3.078534e-01 1.586682e-01 3.997669e-01
2.918528e-01 1.254998e+00 1.331396e-01 -2.100608e-01 2.404963e-01 5.494740e-01
2.924811e-01 1.273999e+00 1.512296e-01 -8.742189e-02 2.904516e-01 7.501399e-01
2.931098e-01 1.295879e+00 1.551635e-01 4.242237e-02 3.013344e-01 9.754703e-01
2.937380e-01 1.318240e+00 1.398269e-01 1.647425e-01 2.774768e-01 1.197070e+00
2.943663e-01 1.337650e+00 1.104475e-01 2.643157e-01 2.154161e-01 1.386185e+00
2.949950e-01 1.352872e+00 6.799157e-02 3.304443e-01 1.315885e-01 1.513027e+00
2.956230e-01 1.361017e+00 2.280457e-02 3.565985e-01 2.815231e-02 1.567524e+00
2.962512e-01 1.360777e+00 -2.118899e-02 3.357083e-01 -7.652605e-02 1.538763e+00
2.968799e-01 1.349912e+00 -5.603618e-02 2.758684e-01 -1.712581e-01 1.432793e+00
2.975081e-01 1.329578e+00 -8.085742e-02 1.809844e-01 -2.447609e-01 1.263180e+00
2.981363e-01 1.304447e+00 -9.335455e-02 6.458001e-02 -2.881204e-01 1.056276e+00
2.987649e-01 1.275328e+00 -9.420913e-02 -5.465470e-02 -2.912133e-01 8.292016e-01
2.993933e-01 1.249433e+00 -8.078449e-02 -1.683480e-01 -2.594119e-01 6.126978e-01
3.000210e-01 1.228680e+00 -5.625410e-02 -2.549311e-01 -1.924568e-01 4.319747e-01
3.006489e-01 1.216406e+00 -1.955035e-02 -3.108239e-01 -1.064240e-01 3.070690e-01
3.012772e-01 1.212394e+00 2.396742e-02 -3.267690e-01 -5.961966e-03 2.551820e-01
3.019055e-01 1.216977e+00 6.789608e-02 -3.047073e-01 8.893897e-02 2.837918e-01
3.025339e-01 1.228714e+00 1.054450e-01 -2.444051e-01 1.716947e-01 3.875997e-01
3.031628e-01 1.245790e+00 1.313467e-01 -1.558169e-01 2.304831e-01 5.503822e-01
3.037913e-01 1.266477e+00 1.416359e-01 -4.553458e-02 2.647252e-01 7.502917e-01
3.044197e-01 1.287268e+00 1.379334e-01 6.823966e-02 2.639858e-01 9.619080e-01
3.050478e-01 1.307457e+00 1.203661e-01 1.725122e-01 2.374595e-01 1.156594e+00
3.056758e-01 1.322644e+00 9.015427e-02 2.548310e-01 1.810659e-01 1.309506e+00
3.063043e-01 1.332734e+00 5.261246e-02 3.002413e-01 1.040870e-01 1.397761e+00
3.069326e-01 1.334737e+00 1.176623e-02 3.116769e-01 1.077694e-02 1.418304e+00
3.075614e-01 1.330231e+00 -2.485661e-02 2.877656e-01 -8.129273e-02 1.368819e+00
3.081897e-01 1.318743e+00 -5.371506e-02 2.264246e-01 -1.678615e-01 1.251895e+00
3.088177e-01 1.299972e+00 -7.032950e-02 1.427693e-01 -2.318976e-01 1.093698e+00
3.094460e-01 1.277606e+00 -7.663184e-02 3.879325e-02 -2.658793e-01 9.081091e-01
3.100746e-01 1.254618e+00 -7.207775e-02 -6.548049e-02 -2.657517e-01 7.190664e-01
3.107034e-01 1.233179e+00 -6.013601e-02 -1.619434e-01 -2.341271e-01 5.416113e-01
3.113314e-01 1.218210e+00 -3.954770e-02 -2.388553e-01 -1.750045e-01 3.962482e-01
3.119592e-01 1.212580e+00 -1.294679e-02 -2.857640e-01 -1.011515e-01 2.983339e-01
3.125877e-01 1.211954e+00 1.927222e-02 -3.002067e-01 -2.020104e-02 2.582563e-01
3.132162e-01 1.219082e+00 5.122052e-02 -2.835840e-01 5.504981e-02 2.768107e-01
3.138441e-01 1.229337e+00 7.966316e-02 -2.387699e-01 1.169939e-01 3.505757e-01
3.144726e-01 1.242259e+00 9.867935e-02 -1.741527e-01 1.564290e-01 4.638576e-01
3.151006e-01 1.256180e+00 1.076077e-01 -9.712441e-02 1.745958e-01 5.987837e-01
3.157285e-01 1.267533e+00 1.038064e-01 -1.600027e-02 1.672181e-01 7.335253e-01
3.163571e-01 1.277129e+00 9.106147e-02 5.386812e-02 1.384124e-01 8.482941e-01
3.169854e-01 1.281211e+00 7.005649e-02 1.067396e-01 8.894507e-02 9.285826e-01
3.176141e-01 1.281286e+00 4.359642e-02 1.336754e-01 3.138398e-02 9.619903e-01
3.182425e-01 1.277064e+00 1.561010e-02 1.349693e-01 -3.056014e-02 9.519473e-01
3.188706e-01 1.269804e+00 -9.420353e-03 1.103307e-01 -9.005366e-02 8.978468e-01
3.194993e-01 1.259570e+00 -2.849355e-02 6.483553e-02 -1.376284e-01 8.026244e-01
3.201278e-01 1.247638e+00 -3.657366e-02 4.924340e-03 -1.666373e-01 6.873905e-01
3.207553e-01 1.235060e+00 -3.443421e-02 -5.626023e-02 -1.837141e-01 5.669489e-01
3.213837e-01 1.223397e+00 -1.562053e-02 -1.052774e-01 -1.678360e-01 4.686251e-01
