# k, q0, q1/i, q2, q3/i, q4, norm, alpha = 0.10795670106711949, 0.020396601297980627
5.385587e-04 1.712193e+09 1.133615e+08 1.790530e+07 -2.611236e+08 2.008720e+09
1.034961e-03 1.642675e+09 2.089040e+08 2.645113e+07 2.683918e+07 -1.975081e+08
1.650345e-03 1.498734e+09 3.014232e+08 5.133557e+07 1.044013e+08 -2.349600e+08
2.219461e-03 1.330183e+09 3.491644e+08 1.028112e+08 1.970949e+07 7.995898e+07
2.824187e-03 1.125529e+09 3.673753e+08 1.333109e+08 1.251523e+08 -1.029686e+08
3.476178e-03 9.022926e+08 3.427800e+08 1.775972e+08 1.379414e+08 -4.936744e+07
4.066840e-03 7.135659e+08 2.930056e+08 2.137386e+08 1.396630e+08 1.478456e+07
4.679538e-03 5.382640e+08 2.346605e+08 2.171381e+08 1.896427e+08 -5.470383e+07
5.338852e-03 3.839627e+08 1.668765e+08 2.125280e+08 1.966658e+08 -5.561246e+07
5.972931e-03 2.679652e+08 1.100699e+08 1.912890e+08 1.878878e+08 -5.501156e+07
6.592959e-03 1.860469e+08 6.502801e+07 1.656075e+08 1.627269e+08 -4.161414e+07
7.211547e-03 1.224526e+08 3.588506e+07 1.254064e+08 1.290213e+08 -3.057112e+07
7.844333e-03 8.057344e+07 1.594732e+07 9.048804e+07 9.764473e+07 -2.381894e+07
8.479886e-03 5.126762e+07 5.170284e+06 5.720905e+07 6.374990e+07 -6.454456e+06
9.100686e-03 3.254225e+07 2.397595e+05 3.055467e+07 3.877006e+07 9.537578e+05
9.724355e-03 2.042877e+07 -1.527671e+06 1.036132e+07 2.052558e+07 6.255112e+06
1.035816e-02 1.337812e+07 -1.757012e+06 -3.036886e+06 8.607457e+06 1.014189e+07
1.099013e-02 9.767547e+06 -1.156510e+06 -9.293556e+06 4.194110e+06 7.549521e+06
1.161954e-02 8.307182e+06 -2.967531e+05 -1.212726e+07 1.807035e+06 8.286588e+06
1.224543e-02 7.648862e+06 6.533665e+05 -1.112250e+07 1.884747e+06 7.802779e+06
1.287347e-02 7.679260e+06 1.520814e+06 -8.816007e+06 2.826068e+06 8.485085e+06
1.350110e-02 7.752130e+06 2.077479e+06 -5.544612e+06 4.218881e+06 9.693225e+06
1.412539e-02 7.421777e+06 2.269446e+06 -2.363312e+06 4.769245e+06 1.151936e+07
1.475576e-02 7.008104e+06 2.219770e+06 3.832169e+05 5.227916e+06 1.305456e+07
1.538306e-02 6.321472e+06 1.808138e+06 2.232774e+06 4.983674e+06 1.416933e+07
1.601201e-02 5.598430e+06 1.323946e+06 3.496942e+06 4.529811e+06 1.462121e+07
1.664797e-02 4.810966e+06 8.042782e+05 3.602342e+06 3.654126e+06 1.414037e+07
1.727684e-02 3.992920e+06 3.328675e+05 3.286782e+06 2.557262e+06 1.308518e+07
1.790148e-02 3.309502e+06 7.590213e+03 2.525144e+06 1.530918e+06 1.157376e+07
1.852764e-02 2.686988e+06 -2.078884e+05 1.469218e+06 5.758655e+05 9.794452e+06
1.915179e-02 2.197361e+06 -2.584712e+05 4.137706e+05 -1.451145e+05 7.942718e+06
1.978148e-02 1.753746e+06 -2.390650e+05 -5.023155e+05 -6.100951e+05 6.066997e+06
2.041144e-02 1.443513e+06 -1.628383e+05 -1.194074e+06 -8.267349e+05 4.541127e+06
2.104337e-02 1.187117e+06 -4.465514e+04 -1.601535e+06 -7.812571e+05 3.194989e+06
2.167611e-02 1.025854e+06 7.115580e+04 -1.766950e+06 -6.172861e+05 2.323231e+06
2.230308e-02 9.105131e+05 1.770296e+05 -1.651019e+06 -3.535269e+05 1.770231e+06
2.292974e-02 8.472992e+05 2.465427e+05 -1.379730e+06 -6.928055e+04 1.597302e+06
2.355539e-02 8.017196e+05 2.996220e+05 -9.802622e+05 1.815425e+05 1.652751e+06
2.418150e-02 7.769380e+05 3.096495e+05 -5.573639e+05 3.546622e+05 1.921805e+06
2.480946e-02 7.551838e+05 2.913696e+05 -1.513925e+05 4.774878e+05 2.216734e+06
2.543879e-02 7.269019e+05 2.518546e+05 2.094753e+05 5.086365e+05 2.524166e+06
2.606741e-02 7.004832e+05 1.895381e+05 4.387032e+05 4.859031e+05 2.733474e+06
2.669501e-02 6.537701e+05 1.252686e+05 5.951558e+05 3.940932e+05 2.811413e+06
2.732628e-02 6.078681e+05 6.134496e+04 6.316438e+05 2.958058e+05 2.767214e+06
2.795771e-02 5.462011e+05 6.700334e+03 5.736909e+05 1.675320e+05 2.573381e+06
2.858621e-02 4.838493e+05 -3.422921e+04 4.565309e+05 5.486568e+04 2.293035e+06
2.921223e-02 4.249704e+05 -5.971553e+04 2.809540e+05 -3.566982e+04 1.954373e+06
2.983725e-02 3.591173e+05 -6.949562e+04 1.129005e+05 -9.265376e+04 1.574097e+06
3.046693e-02 3.077781e+05 -6.573298e+04 -6.854647e+04 -1.232782e+05 1.220282e+06
3.109608e-02 2.602600e+05 -5.162187e+04 -1.959050e+05 -1.177371e+05 9.072294e+05
3.172270e-02 2.258643e+05 -3.230628e+04 -2.936692e+05 -9.296962e+04 6.681792e+05
3.235285e-02 2.029128e+05 -7.971683e+03 -3.457622e+05 -4.897043e+04 5.055814e+05
3.298394e-02 1.871117e+05 1.422617e+04 -3.425612e+05 -2.054819e+03 4.232518e+05
3.361458e-02 1.846021e+05 3.334366e+04 -3.119019e+05 4.300590e+04 4.221934e+05
3.424083e-02 1.840708e+05 4.685326e+04 -2.411037e+05 8.261658e+04 4.701944e+05
3.486711e-02 1.894083e+05 5.414299e+04 -1.584330e+05 1.079742e+05 5.577937e+05
3.549614e-02 1.936071e+05 5.510359e+04 -7.634858e+04 1.176646e+05 6.550809e+05
3.612198e-02 1.974469e+05 5.163226e+04 8.733952e+03 1.197981e+05 7.536671e+05
3.674992e-02 1.963288e+05 4.181925e+04 6.121771e+04 1.018841e+05 8.182855e+05
3.737802e-02 1.906855e+05 2.936343e+04 1.038171e+05 8.169827e+04 8.522598e+05
3.800827e-02 1.792155e+05 1.516565e+04 1.153028e+05 5.379479e+04 8.379675e+05
3.863754e-02 1.676037e+05 1.588670e+03 1.065853e+05 2.435039e+04 8.024865e+05
3.926550e-02 1.509231e+05 -9.747618e+03 7.948432e+04 -1.705617e+03 7.223218e+05
3.989588e-02 1.340312e+05 -1.762456e+04 3.669349e+04 -2.462825e+04 6.246443e+05
4.052254e-02 1.173628e+05 -2.078450e+04 -1.029357e+04 -3.988428e+04 5.183627e+05
4.115124e-02 1.022729e+05 -1.983611e+04 -5.723689e+04 -4.706661e+04 4.139097e+05
4.177955e-02 8.909094e+04 -1.539236e+04 -9.296059e+04 -4.645041e+04 3.238523e+05
4.240547e-02 7.824770e+04 -8.451635e+03 -1.180614e+05 -3.839046e+04 2.508159e+05
4.303621e-02 7.111805e+04 -3.255286e+01 -1.312897e+05 -2.460891e+04 2.041427e+05
4.366615e-02 6.555516e+04 7.754332e+03 -1.257005e+05 -7.718397e+03 1.788935e+05
4.429168e-02 6.382194e+04 1.394532e+04 -1.119540e+05 9.511874e+03 1.795058e+05
4.491727e-02 6.343223e+04 1.805293e+04 -8.611238e+04 2.473992e+04 1.966350e+05
4.554613e-02 6.509614e+04 1.949207e+04 -5.672166e+04 3.641197e+04 2.272147e+05
4.617836e-02 6.753999e+04 1.878764e+04 -2.578764e+04 4.299468e+04 2.635340e+05
4.680927e-02 6.944632e+04 1.577579e+04 1.155909e+03 4.331446e+04 2.959640e+05
4.743756e-02 7.086592e+04 1.170920e+04 2.232748e+04 3.883151e+04 3.213183e+05
4.806661e-02 7.119492e+04 6.810374e+03 3.498118e+04 3.037935e+04 3.368717e+05
4.869280e-02 6.977641e+04 2.085300e+03 3.661648e+04 1.898695e+04 3.360078e+05
4.931779e-02 6.574614e+04 -2.204789e+03 3.166519e+04 7.068589e+03 3.182848e+05
4.994581e-02 6.125225e+04 -5.475536e+03 2.019719e+04 -3.734260e+03 2.925262e+05
5.057480e-02 5.503847e+04 -7.578908e+03 3.392233e+03 -1.294345e+04 2.546214e+05
5.120302e-02 4.894585e+04 -8.301907e+03 -1.535872e+04 -1.897301e+04 2.140022e+05
5.183209e-02 4.247431e+04 -7.533399e+03 -3.302378e+04 -2.096623e+04 1.713340e+05
5.246116e-02 3.714810e+04 -5.732315e+03 -4.782839e+04 -1.989930e+04 1.348240e+05
5.308896e-02 3.306065e+04 -3.044825e+03 -5.779863e+04 -1.590910e+04 1.066135e+05
5.371721e-02 3.034859e+04 1.772414e+01 -6.190932e+04 -9.628282e+03 8.861060e+04
5.434780e-02 2.911092e+04 3.177967e+03 -5.994649e+04 -2.321931e+03 8.139108e+04
5.497604e-02 2.908754e+04 5.927896e+03 -5.248301e+04 5.071461e+03 8.447664e+04
5.560013e-02 3.013761e+04 8.077659e+03 -4.084109e+04 1.148158e+04 9.617662e+04
5.622954e-02 3.156694e+04 9.226888e+03 -2.624391e+04 1.626898e+04 1.130511e+05
5.686173e-02 3.324640e+04 9.497892e+03 -1.142209e+04 1.876697e+04 1.324768e+05
5.748940e-02 3.451613e+04 8.689969e+03 2.800637e+03 1.872536e+04 1.508759e+05
5.811669e-02 3.542299e+04 7.093618e+03 1.406234e+04 1.668419e+04 1.659013e+05
5.874554e-02 3.512477e+04 4.845773e+03 2.188873e+04 1.285892e+04 1.734465e+05
5.937282e-02 3.441123e+04 2.355345e+03 2.474661e+04 7.493933e+03 1.753626e+05
6.000021e-02 3.276830e+04 -6.907945e+01 2.382606e+04 1.942435e+03 1.695597e+05
6.062750e-02 3.045336e+04 -2.134901e+03 1.887232e+04 -3.330240e+03 1.569435e+05
6.125597e-02 2.776867e+04 -3.646356e+03 1.087649e+04 -7.671931e+03 1.395678e+05
6.188682e-02 2.488734e+04 -4.471681e+03 1.814355e+03 -1.060546e+04 1.195825e+05
6.251462e-02 2.208899e+04 -4.469645e+03 -8.278263e+03 -1.175239e+04 9.848454e+04
6.314049e-02 1.948224e+04 -3.836757e+03 -1.684157e+04 -1.112738e+04 7.878912e+04
6.377015e-02 1.742616e+04 -2.714106e+03 -2.365738e+04 -9.065896e+03 6.269331e+04
6.439971e-02 1.597042e+04 -1.246598e+03 -2.798898e+04 -5.949359e+03 5.115721e+04
6.502803e-02 1.509802e+04 2.928506e+02 -2.930265e+04 -2.252912e+03 4.486801e+04
6.565852e-02 1.479047e+04 1.694751e+03 -2.772956e+04 1.436183e+03 4.353538e+04
6.628652e-02 1.504725e+04 2.816628e+03 -2.403562e+04 4.685044e+03 4.691676e+04
6.691319e-02 1.559501e+04 3.538106e+03 -1.876745e+04 6.991178e+03 5.330591e+04
6.754195e-02 1.631221e+04 3.806479e+03 -1.259106e+04 8.261637e+03 6.156874e+04
6.816923e-02 1.695836e+04 3.590350e+03 -6.690274e+03 8.252296e+03 6.977267e+04
6.879707e-02 1.736914e+04 2.958561e+03 -1.844892e+03 7.250775e+03 7.625235e+04
6.942589e-02 1.756127e+04 2.073801e+03 1.617799e+03 5.389608e+03 8.084116e+04
7.005350e-02 1.730632e+04 9.744323e+02 3.137773e+03 2.953828e+03 8.182922e+04
7.068149e-02 1.661705e+04 -9.586909e+01 2.754274e+03 3.915451e+02 7.905925e+04
7.131092e-02 1.566101e+04 -1.009724e+03 5.049464e+02 -2.037214e+03 7.349133e+04
7.194060e-02 1.446203e+04 -1.672607e+03 -2.943747e+03 -3.979823e+03 6.557627e+04
7.256947e-02 1.313400e+04 -1.982659e+03 -7.117220e+03 -5.202188e+03 5.626709e+04
7.319738e-02 1.177290e+04 -1.908157e+03 -1.142967e+04 -5.568015e+03 4.646341e+04
7.382604e-02 1.058550e+04 -1.530417e+03 -1.507221e+04 -5.134053e+03 3.785204e+04
7.445392e-02 9.640388e+03 -8.797649e+02 -1.775521e+04 -3.953857e+03 3.099725e+04
7.507965e-02 8.981929e+03 -7.467723e+01 -1.897725e+04 -2.267621e+03 2.660225e+04
7.570782e-02 8.620709e+03 7.409672e+02 -1.854225e+04 -2.797228e+02 2.481926e+04
7.633697e-02 8.654313e+03 1.487459e+03 -1.684515e+04 1.688623e+03 2.599731e+04
7.696614e-02 8.916398e+03 2.048968e+03 -1.376223e+04 3.412681e+03 2.931197e+04
7.759521e-02 9.382170e+03 2.355254e+03 -1.001330e+04 4.613437e+03 3.428668e+04
7.822404e-02 9.936714e+03 2.399977e+03 -5.833742e+03 5.235141e+03 4.008014e+04
7.885455e-02 1.044987e+04 2.159682e+03 -1.952471e+03 5.151772e+03 4.556906e+04
7.948034e-02 1.086495e+04 1.726799e+03 1.282178e+03 4.498034e+03 5.024696e+04
8.010544e-02 1.101884e+04 1.122708e+03 3.488372e+03 3.276682e+03 5.304370e+04
8.073519e-02 1.097371e+04 4.482585e+02 4.413524e+03 1.794215e+03 5.392457e+04
8.136420e-02 1.063497e+04 -2.145778e+02 4.252182e+03 1.577726e+02 5.263957e+04
8.199246e-02 1.007836e+04 -7.806718e+02 2.786484e+03 -1.338690e+03 4.929061e+04
8.262013e-02 9.296082e+03 -1.201133e+03 4.909902e+02 -2.573651e+03 4.409547e+04
8.325004e-02 8.460938e+03 -1.425605e+03 -2.292492e+03 -3.372944e+03 3.821758e+04
8.388076e-02 7.607337e+03 -1.432457e+03 -5.276901e+03 -3.640735e+03 3.187157e+04
8.450772e-02 6.856895e+03 -1.240775e+03 -7.941416e+03 -3.419652e+03 2.611189e+04
8.513407e-02 6.260388e+03 -8.706795e+02 -1.000819e+04 -2.723951e+03 2.135135e+04
8.576290e-02 5.859180e+03 -3.783378e+02 -1.117040e+04 -1.691635e+03 1.810707e+04
8.639170e-02 5.698885e+03 1.778135e+02 -1.140957e+04 -4.674496e+02 1.669841e+04
8.701933e-02 5.706175e+03 7.227430e+02 -1.059024e+04 7.795002e+02 1.694958e+04
8.764729e-02 5.893790e+03 1.184448e+03 -8.951861e+03 1.886108e+03 1.880312e+04
8.827546e-02 6.191443e+03 1.508478e+03 -6.718519e+03 2.707574e+03 2.182596e+04
8.890360e-02 6.517096e+03 1.642733e+03 -4.119096e+03 3.203582e+03 2.543696e+04
8.953185e-02 6.821625e+03 1.584386e+03 -1.554047e+03 3.241075e+03 2.904976e+04
9.016049e-02 7.045375e+03 1.353620e+03 7.032692e+02 2.943617e+03 3.215475e+04
9.078921e-02 7.186143e+03 9.831610e+02 2.397856e+03 2.272754e+03 3.451805e+04
9.141859e-02 7.160512e+03 5.308860e+02 3.242969e+03 1.375135e+03 3.538974e+04
9.204760e-02 6.990183e+03 4.976099e+01 3.337041e+03 3.711307e+02 3.496539e+04
9.267535e-02 6.693369e+03 -3.740846e+02 2.587038e+03 -6.071927e+02 3.321101e+04
9.330406e-02 6.269527e+03 -7.168223e+02 1.277235e+03 -1.452391e+03 3.028446e+04
9.393390e-02 5.787715e+03 -9.205742e+02 -5.320770e+02 -2.055718e+03 2.661956e+04
9.456102e-02 5.267291e+03 -9.793528e+02 -2.521405e+03 -2.350686e+03 2.254322e+04
9.518740e-02 4.768867e+03 -8.978701e+02 -4.395377e+03 -2.334228e+03 1.859289e+04
9.581568e-02 4.355753e+03 -6.975168e+02 -6.043677e+03 -2.031550e+03 1.519050e+04
9.644552e-02 4.008699e+03 -4.098073e+02 -7.123176e+03 -1.482806e+03 1.251074e+04
9.707482e-02 3.796732e+03 -7.657462e+01 -7.655664e+03 -7.882936e+02 1.091341e+04
9.770146e-02 3.711862e+03 2.549741e+02 -7.571959e+03 -5.793877e+01 1.041478e+04
9.832882e-02 3.721707e+03 5.389855e+02 -6.899772e+03 6.187109e+02 1.086921e+04
9.895640e-02 3.844739e+03 7.466932e+02 -5.857880e+03 1.157436e+03 1.221888e+04
9.958504e-02 3.989409e+03 8.545676e+02 -4.472759e+03 1.483343e+03 1.398951e+04
1.002139e-01 4.162047e+03 8.458613e+02 -3.080863e+03 1.576972e+03 1.595546e+04
1.008411e-01 4.301578e+03 7.447978e+02 -1.763291e+03 1.456120e+03 1.773864e+04
1.014708e-01 4.402119e+03 5.546934e+02 -7.174358e+02 1.105263e+03 1.913853e+04
1.021003e-01 4.419768e+03 3.175736e+02 -1.329702e+02 6.278311e+02 1.980872e+04
1.027279e-01 4.347102e+03 6.336937e+01 7.367322e+01 7.159121e+01 1.973302e+04
1.033572e-01 4.195267e+03 -1.662241e+02 -2.410516e+02 -4.708138e+02 1.885737e+04
1.039858e-01 3.972989e+03 -3.571763e+02 -8.378532e+02 -9.347159e+02 1.738316e+04
1.046130e-01 3.702615e+03 -4.693604e+02 -1.753143e+03 -1.248058e+03 1.540921e+04
1.052407e-01 3.413351e+03 -5.045901e+02 -2.775938e+03 -1.393010e+03 1.321974e+04
1.058684e-01 3.136125e+03 -4.572100e+02 -3.736919e+03 -1.345331e+03 1.106611e+04
1.064969e-01 2.906706e+03 -3.361826e+02 -4.566078e+03 -1.121181e+03 9.259552e+03
1.071273e-01 2.730254e+03 -1.659415e+02 -5.078423e+03 -7.741223e+02 7.897099e+03
1.077558e-01 2.629793e+03 3.139785e+01 -5.254743e+03 -3.390152e+02 7.187266e+03
1.083828e-01 2.606297e+03 2.293689e+02 -5.067139e+03 1.138628e+02 7.123103e+03
1.090114e-01 2.647988e+03 3.955605e+02 -4.548189e+03 5.270873e+02 7.675166e+03
1.096397e-01 2.746205e+03 5.109514e+02 -3.782288e+03 8.485760e+02 8.713208e+03
1.102684e-01 2.866037e+03 5.624594e+02 -2.849851e+03 1.037024e+03 1.000844e+04
1.108970e-01 2.998119e+03 5.430813e+02 -1.930782e+03 1.074663e+03 1.139168e+04
1.115233e-01 3.109940e+03 4.640273e+02 -1.098933e+03 9.643243e+02 1.262225e+04
1.121508e-01 3.179792e+03 3.335542e+02 -4.318999e+02 7.276147e+02 1.354204e+04
1.127798e-01 3.193485e+03 1.736916e+02 -8.089276e+01 3.920959e+02 1.394960e+04
1.134097e-01 3.147931e+03 5.127642e+00 9.471151e+00 1.602191e+01 1.388113e+04
1.140373e-01 3.048344e+03 -1.461163e+02 -2.592052e+02 -3.641971e+02 1.326743e+04
1.146647e-01 2.890029e+03 -2.662227e+02 -7.010527e+02 -6.611530e+02 1.222199e+04
1.152948e-01 2.708059e+03 -3.357158e+02 -1.338570e+03 -8.796263e+02 1.089229e+04
1.159235e-01 2.515884e+03 -3.505794e+02 -2.051918e+03 -9.593842e+02 9.424225e+03
1.165517e-01 2.329774e+03 -3.103530e+02 -2.701428e+03 -9.086174e+02 7.999524e+03
1.171799e-01 2.185304e+03 -2.180456e+02 -3.248932e+03 -7.287281e+02 6.840235e+03
1.178092e-01 2.074951e+03 -9.554709e+01 -3.557705e+03 -4.515180e+02 5.992288e+03
1.184382e-01 2.029451e+03 4.734451e+01 -3.641678e+03 -1.177871e+02 5.638818e+03
1.190649e-01 2.033654e+03 1.888444e+02 -3.445062e+03 2.282790e+02 5.726725e+03
1.196918e-01 2.086990e+03 3.082104e+02 -3.017061e+03 5.410131e+02 6.252337e+03
1.203206e-01 2.179492e+03 3.930952e+02 -2.409263e+03 7.768917e+02 7.122895e+03
1.209492e-01 2.291360e+03 4.341007e+02 -1.690403e+03 9.160664e+02 8.190746e+03
1.215770e-01 2.407602e+03 4.246530e+02 -9.736720e+02 9.301241e+02 9.321627e+03
1.222060e-01 2.498387e+03 3.687375e+02 -3.109696e+02 8.205812e+02 1.031123e+04
1.228351e-01 2.563040e+03 2.748053e+02 2.004482e+02 6.187764e+02 1.106680e+04
1.234639e-01 2.582607e+03 1.571483e+02 5.078192e+02 3.487234e+02 1.147102e+04
1.240910e-01 2.549716e+03 2.770524e+01 5.804068e+02 3.258228e+01 1.143987e+04
1.247182e-01 2.472563e+03 -9.214789e+01 4.155885e+02 -2.732876e+02 1.099167e+04
1.253470e-01 2.359405e+03 -1.926440e+02 7.408727e+01 -5.377112e+02 1.021790e+04
1.259754e-01 2.218600e+03 -2.569805e+02 -4.244668e+02 -7.269036e+02 9.164594e+03
1.266036e-01 2.063419e+03 -2.821433e+02 -9.948220e+02 -8.196545e+02 7.952126e+03
1.272319e-01 1.916410e+03 -2.637409e+02 -1.550020e+03 -8.107131e+02 6.758320e+03
1.278607e-01 1.793185e+03 -2.058302e+02 -2.035033e+03 -7.106768e+02 5.718111e+03
1.284890e-01 1.697020e+03 -1.164446e+02 -2.371488e+03 -5.271909e+02 4.908396e+03
1.291182e-01 1.639600e+03 -6.546299e+00 -2.525699e+03 -2.936212e+02 4.431861e+03
1.297470e-01 1.617970e+03 1.090263e+02 -2.472130e+03 -4.017567e+01 4.299613e+03
1.303744e-01 1.629388e+03 2.146035e+02 -2.234099e+03 1.994627e+02 4.518520e+03
1.310022e-01 1.670734e+03 2.976749e+02 -1.846856e+03 3.949094e+02 5.023605e+03
1.316312e-01 1.719463e+03 3.460037e+02 -1.343830e+03 5.272960e+02 5.692460e+03
1.322597e-01 1.777385e+03 3.545138e+02 -8.211829e+02 5.757510e+02 6.459405e+03
1.328871e-01 1.827255e+03 3.235267e+02 -3.082533e+02 5.416456e+02 7.186278e+03
1.335151e-01 1.863856e+03 2.566875e+02 9.378217e+01 4.338310e+02 7.772445e+03
1.341448e-01 1.869093e+03 1.663347e+02 3.675403e+02 2.657974e+02 8.092698e+03
1.347734e-01 1.853779e+03 6.289987e+01 4.822706e+02 6.103311e+01 8.170138e+03
1.354003e-01 1.813049e+03 -3.736409e+01 4.022348e+02 -1.492173e+02 7.953079e+03
1.360284e-01 1.743912e+03 -1.230950e+02 2.064214e+02 -3.353669e+02 7.471423e+03
1.366568e-01 1.659109e+03 -1.842624e+02 -1.527430e+02 -4.792312e+02 6.768729e+03
1.372858e-01 1.558412e+03 -2.130906e+02 -5.559852e+02 -5.592648e+02 5.933250e+03
1.379142e-01 1.461801e+03 -2.109647e+02 -9.873681e+02 -5.726626e+02 5.079329e+03
1.385416e-01 1.368023e+03 -1.784648e+02 -1.373595e+03 -5.166797e+02 4.267933e+03
1.391708e-01 1.288166e+03 -1.233964e+02 -1.675081e+03 -4.047850e+02 3.598095e+03
1.397994e-01 1.236461e+03 -5.261242e+01 -1.869618e+03 -2.540512e+02 3.144533e+03
1.404273e-01 1.205239e+03 2.035049e+01 -1.916163e+03 -8.521194e+01 2.913035e+03
1.410561e-01 1.201080e+03 8.920466e+01 -1.838882e+03 7.716296e+01 2.925665e+03
1.416844e-01 1.222376e+03 1.430717e+02 -1.650940e+03 2.148002e+02 3.155746e+03
1.423121e-01 1.259110e+03 1.783353e+02 -1.379824e+03 3.115645e+02 3.532635e+03
1.429401e-01 1.303700e+03 1.896713e+02 -1.074523e+03 3.517534e+02 3.990593e+03
1.435692e-01 1.348823e+03 1.776883e+02 -7.643051e+02 3.444877e+02 4.454166e+03
1.441983e-01 1.385249e+03 1.455887e+02 -5.097459e+02 2.825831e+02 4.849282e+03
1.448262e-01 1.406770e+03 9.900333e+01 -3.214240e+02 1.814735e+02 5.118343e+03
1.454539e-01 1.406883e+03 4.341729e+01 -2.328936e+02 5.594851e+01 5.207527e+03
1.460823e-01 1.385265e+03 -9.961276e+00 -2.544884e+02 -7.785588e+01 5.107776e+03
1.467115e-01 1.344494e+03 -5.737492e+01 -3.593984e+02 -2.016208e+02 4.851128e+03
1.473399e-01 1.288367e+03 -9.134863e+01 -5.428274e+02 -2.994475e+02 4.451927e+03
1.479676e-01 1.222687e+03 -1.077664e+02 -7.695458e+02 -3.577372e+02 3.967593e+03
1.485964e-01 1.153921e+03 -1.050901e+02 -1.006162e+03 -3.733712e+02 3.451796e+03
1.492243e-01 1.092454e+03 -8.679637e+01 -1.222865e+03 -3.444663e+02 2.984324e+03
1.498507e-01 1.042507e+03 -5.269646e+01 -1.382297e+03 -2.770832e+02 2.600765e+03
1.504788e-01 1.008311e+03 -1.087969e+01 -1.473460e+03 -1.796814e+02 2.348036e+03
1.511078e-01 9.923674e+02 3.463607e+01 -1.475223e+03 -7.220653e+01 2.239054e+03
1.517364e-01 9.938790e+02 7.640576e+01 -1.403992e+03 3.816404e+01 2.286635e+03
1.523652e-01 1.011037e+03 1.083687e+02 -1.263292e+03 1.305020e+02 2.458449e+03
1.529942e-01 1.035543e+03 1.274779e+02 -1.076226e+03 1.952666e+02 2.718295e+03
1.536237e-01 1.067192e+03 1.294759e+02 -8.736187e+02 2.258371e+02 3.020971e+03
1.542519e-01 1.092554e+03 1.167467e+02 -6.760757e+02 2.185682e+02 3.307580e+03
1.548791e-01 1.116178e+03 8.877737e+01 -5.267015e+02 1.779153e+02 3.544743e+03
1.555078e-01 1.122143e+03 5.399261e+01 -4.173362e+02 1.040576e+02 3.669955e+03
1.561363e-01 1.117800e+03 1.279489e+01 -3.919292e+02 1.695924e+01 3.680435e+03
1.567636e-01 1.099171e+03 -2.288846e+01 -4.276299e+02 -7.650011e+01 3.568552e+03
1.573916e-01 1.066610e+03 -5.477518e+01 -5.246974e+02 -1.657899e+02 3.342981e+03
1.580207e-01 1.027076e+03 -7.168912e+01 -6.714152e+02 -2.290400e+02 3.036597e+03
1.586492e-01 9.797288e+02 -7.668144e+01 -8.320328e+02 -2.658479e+02 2.682759e+03
1.592766e-01 9.352798e+02 -6.728297e+01 -9.941964e+02 -2.694668e+02 2.333290e+03
1.599049e-01 8.929028e+02 -4.575354e+01 -1.121140e+03 -2.365652e+02 2.025626e+03
1.605344e-01 8.623126e+02 -1.446294e+01 -1.205281e+03 -1.759691e+02 1.802722e+03
1.611623e-01 8.438332e+02 2.055770e+01 -1.225672e+03 -9.435497e+01 1.683924e+03
1.617904e-01 8.373433e+02 5.505512e+01 -1.181296e+03 -2.765021e+00 1.681010e+03
1.624191e-01 8.473109e+02 8.458920e+01 -1.079331e+03 8.341581e+01 1.795898e+03
1.630470e-01 8.664281e+02 1.044511e+02 -9.285344e+02 1.556297e+02 1.997564e+03
1.636756e-01 8.943770e+02 1.121698e+02 -7.524572e+02 2.003768e+02 2.260346e+03
1.643038e-01 9.246271e+02 1.080396e+02 -5.695040e+02 2.142674e+02 2.542351e+03
1.649313e-01 9.531140e+02 9.181434e+01 -4.039511e+02 1.976690e+02 2.801646e+03
1.655596e-01 9.767592e+02 6.780502e+01 -2.757359e+02 1.478060e+02 3.009774e+03
1.661885e-01 9.889790e+02 3.686992e+01 -1.981676e+02 7.982660e+01 3.125290e+03
1.668177e-01 9.864462e+02 5.858296e+00 -1.809577e+02 -1.743998e+00 3.130406e+03
1.674456e-01 9.747064e+02 -2.317532e+01 -2.210425e+02 -8.269508e+01 3.045203e+03
1.680727e-01 9.480824e+02 -4.694399e+01 -3.085421e+02 -1.521659e+02 2.858576e+03
1.687016e-01 9.135633e+02 -6.079801e+01 -4.375514e+02 -2.004372e+02 2.598884e+03
1.693313e-01 8.732371e+02 -6.572102e+01 -5.806130e+02 -2.229912e+02 2.297855e+03
1.699587e-01 8.339926e+02 -5.939627e+01 -7.234621e+02 -2.180315e+02 2.004577e+03
1.705866e-01 7.979705e+02 -4.388881e+01 -8.427433e+02 -1.878215e+02 1.742495e+03
1.712159e-01 7.705999e+02 -2.086680e+01 -9.281804e+02 -1.370357e+02 1.544097e+03
1.718445e-01 7.514003e+02 5.814104e+00 -9.644387e+02 -7.511092e+01 1.426470e+03
1.724727e-01 7.434025e+02 3.276543e+01 -9.525822e+02 -1.030635e+01 1.400637e+03
1.731002e-01 7.453307e+02 5.586786e+01 -8.959172e+02 4.906908e+01 1.462705e+03
1.737290e-01 7.533787e+02 7.130826e+01 -8.025327e+02 9.415031e+01 1.586350e+03
1.743571e-01 7.679622e+02 7.675443e+01 -6.922098e+02 1.192689e+02 1.752634e+03
1.749848e-01 7.811740e+02 7.276307e+01 -5.774230e+02 1.236319e+02 1.917939e+03
1.756135e-01 7.940489e+02 5.872691e+01 -4.777423e+02 1.048178e+02 2.065821e+03
1.762417e-01 8.025100e+02 3.758997e+01 -4.125854e+02 6.586646e+01 2.163814e+03
1.768700e-01 8.015591e+02 1.387485e+01 -3.833538e+02 1.389667e+01 2.185592e+03
1.774983e-01 7.947988e+02 -1.009238e+01 -4.035131e+02 -4.163823e+01 2.137218e+03
1.781269e-01 7.774421e+02 -2.951051e+01 -4.593867e+02 -9.586449e+01 2.012576e+03
1.787551e-01 7.548154e+02 -4.094761e+01 -5.439730e+02 -1.354929e+02 1.834085e+03
1.793837e-01 7.285581e+02 -4.405432e+01 -6.488972e+02 -1.545754e+02 1.628329e+03
1.800121e-01 7.008120e+02 -3.647759e+01 -7.433140e+02 -1.485663e+02 1.417922e+03
1.806398e-01 6.778168e+02 -1.887196e+01 -8.194044e+02 -1.176884e+02 1.246753e+03
1.812676e-01 6.626407e+02 5.309151e+00 -8.544948e+02 -6.367006e+01 1.141924e+03
1.818961e-01 6.571487e+02 3.586975e+01 -8.372394e+02 7.435680e+00 1.122400e+03
1.825251e-01 6.658845e+02 6.667852e+01 -7.653468e+02 8.617856e+01 1.210904e+03
1.831533e-01 6.843203e+02 9.597247e+01 -6.309358e+02 1.626640e+02 1.393096e+03
1.837813e-01 7.165298e+02 1.193349e+02 -4.550423e+02 2.275185e+02 1.676335e+03
1.844104e-01 7.559020e+02 1.337054e+02 -2.409843e+02 2.722632e+02 2.023169e+03
1.850389e-01 7.988112e+02 1.371263e+02 -1.283669e+01 2.921442e+02 2.399899e+03
1.856669e-01 8.401879e+02 1.281971e+02 2.045960e+02 2.813311e+02 2.763569e+03
1.862953e-01 8.762935e+02 1.082579e+02 3.966936e+02 2.455933e+02 3.089439e+03
1.869236e-01 9.027152e+02 7.799337e+01 5.375060e+02 1.841628e+02 3.329537e+03
1.875520e-01 9.152735e+02 4.177743e+01 6.168577e+02 1.051668e+02 3.453065e+03
1.881803e-01 9.136431e+02 1.696696e+00 6.217275e+02 1.760521e+01 3.453965e+03
1.888083e-01 8.975499e+02 -3.653548e+01 5.624022e+02 -7.109180e+01 3.331694e+03
1.894359e-01 8.703328e+02 -6.877368e+01 4.360933e+02 -1.512920e+02 3.101357e+03
1.900648e-01 8.307404e+02 -9.227412e+01 2.635485e+02 -2.122575e+02 2.771200e+03
1.906937e-01 7.856580e+02 -1.036844e+02 5.922435e+01 -2.515221e+02 2.389077e+03
1.913208e-01 7.397788e+02 -1.021779e+02 -1.507177e+02 -2.622289e+02 1.993517e+03
1.919495e-01 6.962991e+02 -8.950516e+01 -3.422159e+02 -2.502014e+02 1.625500e+03
1.925783e-01 6.574542e+02 -6.531122e+01 -5.036591e+02 -2.091573e+02 1.302260e+03
1.932069e-01 6.292028e+02 -3.545843e+01 -6.119510e+02 -1.520639e+02 1.070157e+03
1.938350e-01 6.115385e+02 -2.115195e+00 -6.638678e+02 -8.448847e+01 9.351273e+02
1.944626e-01 6.054459e+02 3.058763e+01 -6.570569e+02 -1.414037e+01 9.071004e+02
1.950912e-01 6.097942e+02 5.780337e+01 -5.945553e+02 5.008945e+01 9.717057e+02
1.957198e-01 6.227045e+02 7.808008e+01 -4.908444e+02 1.004826e+02 1.116812e+03
1.963481e-01 6.417771e+02 8.831535e+01 -3.609090e+02 1.322114e+02 1.312444e+03
1.969763e-01 6.625538e+02 8.790678e+01 -2.235753e+02 1.410021e+02 1.529190e+03
1.976057e-01 6.818171e+02 7.817874e+01 -9.561497e+01 1.311762e+02 1.732719e+03
1.982346e-01 6.968901e+02 6.050391e+01 7.603891e+00 9.947166e+01 1.894900e+03
1.988621e-01 7.041840e+02 3.701207e+01 7.132249e+01 5.431644e+01 1.992838e+03
1.994900e-01 7.035656e+02 1.253750e+01 9.337357e+01 2.745443e+00 2.015055e+03
2.001183e-01 6.932139e+02 -1.168214e+01 7.138612e+01 -5.090911e+01 1.956907e+03
2.007462e-01 6.754755e+02 -3.144022e+01 8.044976e+00 -9.752263e+01 1.829893e+03
2.013743e-01 6.513834e+02 -4.546489e+01 -8.227779e+01 -1.314331e+02 1.647949e+03
2.020025e-01 6.247192e+02 -5.189145e+01 -1.927070e+02 -1.503556e+02 1.435266e+03
2.026313e-01 5.981642e+02 -5.091729e+01 -3.028924e+02 -1.495581e+02 1.218367e+03
2.032604e-01 5.757149e+02 -4.239009e+01 -4.044836e+02 -1.337267e+02 1.021787e+03
2.038879e-01 5.580964e+02 -2.775761e+01 -4.808927e+02 -1.018953e+02 8.655847e+02
2.045158e-01 5.478151e+02 -8.859095e+00 -5.247666e+02 -6.161252e+01 7.669083e+02
2.051449e-01 5.453083e+02 1.174620e+01 -5.339972e+02 -1.736641e+01 7.355397e+02
2.057735e-01 5.488546e+02 3.140300e+01 -5.061708e+02 2.522541e+01 7.653812e+02
2.064017e-01 5.593015e+02 4.766065e+01 -4.496361e+02 6.233370e+01 8.534932e+02
2.070305e-01 5.706077e+02 5.786337e+01 -3.696278e+02 8.711263e+01 9.746269e+02
2.076594e-01 5.852722e+02 6.155110e+01 -2.824862e+02 1.000351e+02 1.120042e+03
2.082867e-01 5.981027e+02 5.732960e+01 -1.956524e+02 9.717561e+01 1.258456e+03
2.089139e-01 6.074905e+02 4.785542e+01 -1.226081e+02 8.324776e+01 1.371852e+03
2.095429e-01 6.126694e+02 3.330356e+01 -7.366957e+01 5.581488e+01 1.444968e+03
2.101711e-01 6.131192e+02 1.638979e+01 -5.111770e+01 2.124018e+01 1.471675e+03
2.107990e-01 6.081370e+02 -1.208633e-01 -5.796383e+01 -1.595343e+01 1.445039e+03
2.114275e-01 5.982729e+02 -1.437663e+01 -9.205039e+01 -5.067772e+01 1.370758e+03
2.120557e-01 5.846354e+02 -2.452197e+01 -1.487510e+02 -7.850800e+01 1.257159e+03
2.126842e-01 5.692395e+02 -2.957930e+01 -2.171609e+02 -9.505408e+01 1.122911e+03
2.133127e-01 5.539973e+02 -2.936855e+01 -2.865697e+02 -9.967674e+01 9.843271e+02
2.139414e-01 5.404009e+02 -2.360428e+01 -3.510163e+02 -9.023349e+01 8.567341e+02
2.145702e-01 5.296058e+02 -1.357365e+01 -3.974975e+02 -7.007228e+01 7.528923e+02
2.151979e-01 5.232424e+02 -5.808500e-01 -4.241981e+02 -4.365787e+01 6.885084e+02
2.158262e-01 5.206364e+02 1.377847e+01 -4.235445e+02 -1.398902e+01 6.663995e+02
2.164548e-01 5.224529e+02 2.676695e+01 -4.007661e+02 1.351251e+01 6.872043e+02
2.170834e-01 5.266777e+02 3.786237e+01 -3.554771e+02 3.579043e+01 7.423746e+02
2.177116e-01 5.333795e+02 4.413902e+01 -2.973771e+02 4.864705e+01 8.257373e+02
2.183390e-01 5.399205e+02 4.535395e+01 -2.343198e+02 5.107960e+01 9.179128e+02
2.189672e-01 5.458834e+02 4.145295e+01 -1.720281e+02 4.449854e+01 1.008760e+03
2.195962e-01 5.499272e+02 3.257158e+01 -1.222571e+02 2.757430e+01 1.077897e+03
2.202247e-01 5.504270e+02 2.052386e+01 -9.061757e+01 5.312049e+00 1.120039e+03
2.208525e-01 5.486763e+02 6.993741e+00 -8.104724e+01 -1.963345e+01 1.124877e+03
2.214806e-01 5.431204e+02 -6.009938e+00 -9.217938e+01 -4.466622e+01 1.093234e+03
2.221096e-01 5.347106e+02 -1.721887e+01 -1.249774e+02 -6.389142e+01 1.026422e+03
2.227377e-01 5.240768e+02 -2.441674e+01 -1.723594e+02 -7.654163e+01 9.347906e+02
2.233660e-01 5.131656e+02 -2.763820e+01 -2.289256e+02 -7.946204e+01 8.318610e+02
2.239949e-01 5.021714e+02 -2.582766e+01 -2.848332e+02 -7.250223e+01 7.270953e+02
2.246230e-01 4.932966e+02 -1.974928e+01 -3.332267e+02 -5.712898e+01 6.380984e+02
2.252510e-01 4.865468e+02 -9.999362e+00 -3.665778e+02 -3.462422e+01 5.699754e+02
2.258786e-01 4.840641e+02 1.802134e+00 -3.818900e+02 -8.890379e+00 5.383303e+02
2.265070e-01 4.849560e+02 1.479308e+01 -3.751548e+02 1.716672e+01 5.418141e+02
2.271353e-01 4.890919e+02 2.636380e+01 -3.483643e+02 4.001268e+01 5.799333e+02
2.277640e-01 4.962421e+02 3.534324e+01 -3.057278e+02 5.522561e+01 6.474844e+02
2.283928e-01 5.049615e+02 4.060115e+01 -2.506439e+02 6.366870e+01 7.339318e+02
2.290206e-01 5.138329e+02 4.145892e+01 -1.930353e+02 6.302191e+01 8.283967e+02
2.296494e-01 5.220584e+02 3.784172e+01 -1.367397e+02 5.344733e+01 9.164632e+02
2.302775e-01 5.279818e+02 3.042095e+01 -9.288409e+01 3.641442e+01 9.845842e+02
2.309053e-01 5.311173e+02 2.018274e+01 -6.442246e+01 1.506521e+01 1.027860e+03
2.315342e-01 5.303698e+02 8.685787e+00 -5.485344e+01 -8.550823e+00 1.034974e+03
2.321633e-01 5.257371e+02 -2.673917e+00 -6.640112e+01 -3.148402e+01 1.006947e+03
2.327917e-01 5.182853e+02 -1.241386e+01 -9.369474e+01 -5.068805e+01 9.475820e+02
2.334191e-01 5.081006e+02 -1.921627e+01 -1.358416e+02 -6.461394e+01 8.627086e+02
2.340471e-01 4.965537e+02 -2.229145e+01 -1.863144e+02 -7.088786e+01 7.641837e+02
2.346760e-01 4.851490e+02 -2.127342e+01 -2.367490e+02 -6.960304e+01 6.635956e+02
2.353048e-01 4.751547e+02 -1.644957e+01 -2.830086e+02 -6.116306e+01 5.727039e+02
2.359331e-01 4.673324e+02 -8.506532e+00 -3.166700e+02 -4.629157e+01 5.022262e+02
2.365605e-01 4.625527e+02 1.605796e+00 -3.356489e+02 -2.834179e+01 4.613118e+02
2.371890e-01 4.612482e+02 1.253243e+01 -3.363518e+02 -8.051398e+00 4.508576e+02
2.378178e-01 4.626470e+02 2.221593e+01 -3.186255e+02 1.045878e+01 4.707852e+02
2.384456e-01 4.666465e+02 3.010934e+01 -2.876101e+02 2.549947e+01 5.180026e+02
2.390742e-01 4.726431e+02 3.472660e+01 -2.443494e+02 3.666520e+01 5.819279e+02
2.397020e-01 4.786479e+02 3.542870e+01 -1.979091e+02 3.863943e+01 6.542440e+02
2.403299e-01 4.850265e+02 3.286517e+01 -1.527638e+02 3.597236e+01 7.244888e+02
2.409587e-01 4.899581e+02 2.661427e+01 -1.133708e+02 2.571120e+01 7.822748e+02
2.415875e-01 4.921554e+02 1.845987e+01 -8.796669e+01 9.847008e+00 8.173859e+02
2.422165e-01 4.922176e+02 9.612453e+00 -7.629564e+01 -8.624767e+00 8.279565e+02
2.428445e-01 4.897249e+02 7.357320e-01 -8.144270e+01 -2.777870e+01 8.121942e+02
2.434722e-01 4.837766e+02 -6.320540e+00 -9.821231e+01 -4.549413e+01 7.697175e+02
2.441005e-01 4.765027e+02 -1.076034e+01 -1.274670e+02 -5.776495e+01 7.105063e+02
2.447295e-01 4.668931e+02 -1.246995e+01 -1.617728e+02 -6.470476e+01 6.379659e+02
2.453575e-01 4.576815e+02 -1.083149e+01 -1.968674e+02 -6.413519e+01 5.641074e+02
2.459854e-01 4.492996e+02 -6.631276e+00 -2.268964e+02 -5.521243e+01 4.982968e+02
2.466143e-01 4.424241e+02 -1.615544e-01 -2.470318e+02 -4.157186e+01 4.472230e+02
2.472426e-01 4.382422e+02 7.382157e+00 -2.554051e+02 -2.308202e+01 4.188616e+02
2.478702e-01 4.371558e+02 1.518151e+01 -2.493007e+02 -3.510292e+00 4.147633e+02
2.484984e-01 4.390435e+02 2.254861e+01 -2.291003e+02 1.484123e+01 4.353661e+02
2.491273e-01 4.437061e+02 2.789229e+01 -1.984823e+02 2.875601e+01 4.771323e+02
2.497552e-01 4.495793e+02 3.120860e+01 -1.593205e+02 3.799286e+01 5.337930e+02
2.503834e-01 4.571730e+02 3.106113e+01 -1.187574e+02 4.014588e+01 5.992794e+02
2.510119e-01 4.636358e+02 2.865566e+01 -7.923219e+01 3.654807e+01 6.586553e+02
2.516403e-01 4.697614e+02 2.312582e+01 -4.832684e+01 2.666370e+01 7.097422e+02
2.522691e-01 4.734130e+02 1.548657e+01 -2.878740e+01 1.350805e+01 7.418768e+02
2.528974e-01 4.747335e+02 7.090459e+00 -2.226982e+01 -1.824219e+00 7.496254e+02
2.535254e-01 4.738087e+02 -8.141617e-01 -3.074905e+01 -1.749788e+01 7.330870e+02
2.541542e-01 4.690361e+02 -8.088431e+00 -5.143708e+01 -3.114748e+01 6.922766e+02
2.547828e-01 4.629066e+02 -1.231391e+01 -8.299630e+01 -4.071273e+01 6.339342e+02
2.554104e-01 4.551733e+02 -1.459040e+01 -1.215457e+02 -4.560357e+01 5.646097e+02
2.560379e-01 4.460038e+02 -1.356589e+01 -1.598554e+02 -4.488435e+01 4.908948e+02
2.566670e-01 4.377809e+02 -1.014358e+01 -1.956621e+02 -3.995239e+01 4.249934e+02
2.572958e-01 4.306963e+02 -4.849918e+00 -2.239551e+02 -3.009155e+01 3.710858e+02
2.579236e-01 4.261297e+02 2.153707e+00 -2.409454e+02 -1.764723e+01 3.393674e+02
2.585522e-01 4.234804e+02 9.221960e+00 -2.453571e+02 -4.135428e+00 3.273173e+02
2.591808e-01 4.238878e+02 1.583697e+01 -2.363428e+02 8.581827e+00 3.400462e+02
2.598086e-01 4.266127e+02 2.153257e+01 -2.162027e+02 1.811463e+01 3.722404e+02
2.604363e-01 4.312458e+02 2.521766e+01 -1.872178e+02 2.442886e+01 4.175597e+02
2.610650e-01 4.363666e+02 2.685671e+01 -1.529981e+02 2.590475e+01 4.713559e+02
2.616935e-01 4.416323e+02 2.613102e+01 -1.193449e+02 2.191920e+01 5.213477e+02
2.623210e-01 4.457872e+02 2.341979e+01 -8.926616e+01 1.346855e+01 5.651177e+02
2.629494e-01 4.475108e+02 1.884116e+01 -6.712328e+01 6.706755e-01 5.910480e+02
2.635781e-01 4.473783e+02 1.298829e+01 -5.446059e+01 -1.275490e+01 6.000427e+02
2.642065e-01 4.444972e+02 6.436605e+00 -5.349444e+01 -2.659891e+01 5.888698e+02
2.648347e-01 4.399608e+02 5.056760e-02 -6.408335e+01 -3.834917e+01 5.586598e+02
2.654637e-01 4.336160e+02 -5.307716e+00 -8.372581e+01 -4.620195e+01 5.120789e+02
2.660924e-01 4.272661e+02 -8.619171e+00 -1.095035e+02 -4.958064e+01 4.577284e+02
2.667201e-01 4.207421e+02 -9.717290e+00 -1.382759e+02 -4.750731e+01 3.995958e+02
2.673488e-01 4.151625e+02 -8.167253e+00 -1.647595e+02 -4.165065e+01 3.470608e+02
2.679778e-01 4.110308e+02 -3.967526e+00 -1.864828e+02 -3.109182e+01 3.027522e+02
2.686062e-01 4.085199e+02 1.568534e+00 -1.983409e+02 -1.834776e+01 2.755087e+02
2.692341e-01 4.078638e+02 8.475061e+00 -2.004964e+02 -5.667870e+00 2.658676e+02
2.698620e-01 4.091907e+02 1.512752e+01 -1.916909e+02 6.820598e+00 2.758114e+02
2.704897e-01 4.120602e+02 2.046448e+01 -1.719811e+02 1.673589e+01 3.013802e+02
2.711178e-01 4.158931e+02 2.445345e+01 -1.451337e+02 2.390553e+01 3.406639e+02
2.717462e-01 4.209290e+02 2.571410e+01 -1.136009e+02 2.634423e+01 3.873756e+02
2.723748e-01 4.252391e+02 2.510568e+01 -8.221072e+01 2.545490e+01 4.343232e+02
2.730040e-01 4.296696e+02 2.208102e+01 -5.453861e+01 1.964113e+01 4.766173e+02
2.736320e-01 4.323940e+02 1.748551e+01 -3.364507e+01 1.218768e+01 5.059466e+02
2.742595e-01 4.336133e+02 1.184812e+01 -2.194080e+01 2.382465e+00 5.205795e+02
2.748883e-01 4.333567e+02 6.432353e+00 -2.070341e+01 -7.993024e+00 5.187031e+02
2.755167e-01 4.298716e+02 8.248188e-01 -2.927741e+01 -1.827134e+01 4.982625e+02
2.761449e-01 4.259863e+02 -2.573865e+00 -4.731360e+01 -2.566032e+01 4.640569e+02
2.767736e-01 4.197708e+02 -5.075694e+00 -7.016609e+01 -3.082412e+01 4.197942e+02
2.774020e-01 4.130282e+02 -5.261026e+00 -9.605292e+01 -3.244527e+01 3.710999e+02
2.780301e-01 4.066775e+02 -4.082724e+00 -1.211896e+02 -2.940688e+01 3.256792e+02
2.786580e-01 4.011404e+02 -1.343345e+00 -1.426613e+02 -2.426013e+01 2.874072e+02
2.792860e-01 3.968006e+02 2.384456e+00 -1.562247e+02 -1.502822e+01 2.607241e+02
2.799146e-01 3.951517e+02 6.282567e+00 -1.625632e+02 -5.407127e+00 2.489261e+02
2.805434e-01 3.949517e+02 1.030637e+01 -1.607719e+02 4.481050e+00 2.531472e+02
2.811718e-01 3.971967e+02 1.408994e+01 -1.504943e+02 1.300107e+01 2.709584e+02
2.817991e-01 4.007822e+02 1.627646e+01 -1.337303e+02 1.821538e+01 2.999371e+02
2.824272e-01 4.050089e+02 1.782660e+01 -1.135366e+02 2.079087e+01 3.344997e+02
2.830565e-01 4.098805e+02 1.771420e+01 -9.245885e+01 1.874259e+01 3.730646e+02
2.836849e-01 4.133904e+02 1.614141e+01 -7.228796e+01 1.383205e+01 4.052662e+02
2.843133e-01 4.159792e+02 1.357290e+01 -5.785678e+01 6.432995e+00 4.296625e+02
2.849417e-01 4.169182e+02 9.883453e+00 -4.930095e+01 -2.502499e+00 4.424323e+02
2.855699e-01 4.155144e+02 6.031714e+00 -4.783446e+01 -1.164761e+01 4.408905e+02
2.861980e-01 4.132624e+02 2.176237e+00 -5.418139e+01 -1.953365e+01 4.265775e+02
2.868264e-01 4.091446e+02 -6.509133e-01 -6.704427e+01 -2.579459e+01 4.001686e+02
2.874550e-01 4.041089e+02 -2.383970e+00 -8.363840e+01 -2.830139e+01 3.671982e+02
2.880834e-01 3.993997e+02 -2.924551e+00 -1.028494e+02 -2.879273e+01 3.313539e+02
2.887116e-01 3.942658e+02 -1.894982e+00 -1.205948e+02 -2.430134e+01 2.971396e+02
2.893396e-01 3.909916e+02 1.752306e-01 -1.350883e+02 -1.839425e+01 2.705205e+02
2.899676e-01 3.888983e+02 3.035967e+00 -1.445014e+02 -8.891523e+00 2.532164e+02
2.905957e-01 3.885350e+02 6.496840e+00 -1.466652e+02 1.119392e+00 2.494747e+02
2.912243e-01 3.902720e+02 9.968331e+00 -1.421410e+02 9.685995e+00 2.567171e+02
2.918528e-01 3.932078e+02 1.329740e+01 -1.301841e+02 1.764273e+01 2.758766e+02
2.924811e-01 3.974044e+02 1.604133e+01 -1.137562e+02 2.124372e+01 3.034728e+02
2.931098e-01 4.017744e+02 1.759365e+01 -9.464939e+01 2.187367e+01 3.362699e+02
2.937380e-01 4.060336e+02 1.807199e+01 -7.423531e+01 1.927861e+01 3.702556e+02
2.943663e-01 4.093931e+02 1.667937e+01 -5.640702e+01 1.403633e+01 3.993812e+02
2.949950e-01 4.112819e+02 1.379493e+01 -4.364520e+01 6.772038e+00 4.211914e+02
2.956230e-01 4.120399e+02 9.921727e+00 -3.720042e+01 -1.037670e+00 4.320687e+02
2.962512e-01 4.109683e+02 5.078597e+00 -3.793676e+01 -7.688592e+00 4.290871e+02
2.968799e-01 4.091291e+02 4.449038e-01 -4.629981e+01 -1.424693e+01 4.135536e+02
2.975081e-01 4.064633e+02 -3.199953e+00 -6.083404e+01 -1.917572e+01 3.861650e+02
2.981363e-01 4.026339e+02 -5.285691e+00 -7.952714e+01 -2.259745e+01 3.527179e+02
2.987649e-01 3.990364e+02 -5.260897e+00 -1.003106e+02 -2.419578e+01 3.147950e+02
2.993933e-01 3.948805e+02 -3.357722e+00 -1.197831e+02 -2.362214e+01 2.786901e+02
3.000210e-01 3.913385e+02 -2.196351e-01 -1.359176e+02 -2.191889e+01 2.485636e+02
3.006489e-01 3.882470e+02 4.187871e+00 -1.463881e+02 -1.796044e+01 2.270091e+02
3.012772e-01 3.863625e+02 8.426092e+00 -1.506390e+02 -1.224422e+01 2.178056e+02
3.019055e-01 3.859698e+02 1.222068e+01 -1.473152e+02 -5.949156e+00 2.185733e+02
3.025339e-01 3.863917e+02 1.517703e+01 -1.375694e+02 1.507553e-02 2.298652e+02
3.031628e-01 3.884210e+02 1.725599e+01 -1.231275e+02 4.583085e+00 2.477507e+02
3.037913e-01 3.908644e+02 1.821951e+01 -1.058434e+02 6.818225e+00 2.713646e+02
3.044197e-01 3.933305e+02 1.835953e+01 -8.757078e+01 5.681882e+00 2.941284e+02
3.050478e-01 3.952419e+02 1.746507e+01 -7.046129e+01 2.668035e+00 3.133492e+02
3.056758e-01 3.959073e+02 1.576086e+01 -5.776732e+01 -4.180878e+00 3.275469e+02
3.063043e-01 3.954132e+02 1.300550e+01 -5.003201e+01 -1.072788e+01 3.332816e+02
3.069326e-01 3.930834e+02 9.633903e+00 -4.890335e+01 -1.778802e+01 3.282983e+02
3.075614e-01 3.898875e+02 5.773913e+00 -5.290849e+01 -2.333654e+01 3.131031e+02
3.081897e-01 3.863077e+02 1.943865e+00 -6.341572e+01 -2.544903e+01 2.898319e+02
3.088177e-01 3.823719e+02 -1.118953e+00 -7.681029e+01 -2.594268e+01 2.607565e+02
3.094460e-01 3.793878e+02 -3.093325e+00 -9.291635e+01 -2.271374e+01 2.297022e+02
3.100746e-01 3.771408e+02 -3.404758e+00 -1.085198e+02 -1.706934e+01 2.008059e+02
3.107034e-01 3.763600e+02 -1.991392e+00 -1.214359e+02 -9.954434e+00 1.778788e+02
3.113314e-01 3.767353e+02 8.504095e-01 -1.306711e+02 -1.767486e+00 1.655750e+02
3.119592e-01 3.783564e+02 4.475333e+00 -1.335974e+02 6.746212e+00 1.629046e+02
3.125877e-01 3.811186e+02 8.755275e+00 -1.309678e+02 1.430864e+01 1.741852e+02
3.132162e-01 3.844672e+02 1.259324e+01 -1.219596e+02 2.041059e+01 1.953859e+02
3.138441e-01 3.883888e+02 1.553151e+01 -1.079819e+02 2.489305e+01 2.250624e+02
3.144726e-01 3.920706e+02 1.781104e+01 -9.147266e+01 2.651595e+01 2.596377e+02
3.151006e-01 3.954059e+02 1.850523e+01 -7.248423e+01 2.489259e+01 2.940098e+02
3.157285e-01 3.978855e+02 1.829022e+01 -5.555832e+01 2.021987e+01 3.250276e+02
3.163571e-01 3.992475e+02 1.688995e+01 -4.141904e+01 1.273524e+01 3.468429e+02
3.169854e-01 3.986626e+02 1.469133e+01 -3.151346e+01 2.690098e+00 3.592116e+02
3.176141e-01 3.973003e+02 1.212641e+01 -2.798000e+01 -9.272860e+00 3.588853e+02
3.182425e-01 3.943835e+02 9.145247e+00 -2.793852e+01 -2.053580e+01 3.477018e+02
3.188706e-01 3.901295e+02 6.419139e+00 -3.504789e+01 -3.074168e+01 3.233376e+02
3.194993e-01 3.855769e+02 4.239734e+00 -4.427319e+01 -3.861040e+01 2.929065e+02
3.201278e-01 3.813831e+02 3.297021e+00 -5.567232e+01 -4.388744e+01 2.577214e+02
3.207553e-01 3.774649e+02 3.484304e+00 -6.551923e+01 -4.642251e+01 2.229551e+02
3.213837e-01 3.747633e+02 7.619325e+00 -7.186877e+01 -4.283293e+01 1.978968e+02
