# k, q0, q1/i, q2, q3/i, q4, norm, alpha = 0.14460352411006988, 0.01987432793133251
5.385587e-04 5.906804e+09 7.054759e+08 2.290780e+08 -1.345816e+09 7.143293e+09
1.034961e-03 5.374071e+09 1.234630e+09 3.297971e+08 2.399117e+08 -7.055436e+08
1.650345e-03 4.365631e+09 1.568427e+09 6.089882e+08 6.974350e+08 -8.673055e+08
2.219461e-03 3.364311e+09 1.502561e+09 1.119560e+09 6.041075e+08 1.724389e+08
2.824187e-03 2.354715e+09 1.238573e+09 1.301948e+09 1.163549e+09 -4.587424e+08
3.476178e-03 1.535935e+09 8.146098e+08 1.494589e+09 1.302064e+09 -3.044136e+08
4.066840e-03 1.033700e+09 4.787865e+08 1.527684e+09 1.309506e+09 -1.087096e+08
4.679538e-03 6.659432e+08 2.578715e+08 1.287653e+09 1.180354e+09 -1.520848e+08
5.338852e-03 4.275402e+08 1.170629e+08 1.018681e+09 9.136493e+08 9.967953e+06
5.972931e-03 2.795625e+08 4.810883e+07 7.459527e+08 6.454194e+08 1.389295e+08
6.592959e-03 1.917058e+08 1.229599e+07 5.292146e+08 4.358131e+08 2.026680e+08
7.211547e-03 1.310971e+08 -9.650244e+06 3.421062e+08 2.666536e+08 2.155330e+08
7.844333e-03 9.127949e+07 -1.375527e+07 2.050665e+08 1.596438e+08 1.657968e+08
8.479886e-03 6.825062e+07 -1.274901e+07 1.124948e+08 7.975359e+07 1.289130e+08
9.100686e-03 4.982866e+07 -6.862163e+06 5.192060e+07 3.374553e+07 8.604854e+07
9.724355e-03 3.446910e+07 -1.860342e+06 1.505833e+07 7.174809e+06 5.295725e+07
1.035816e-02 2.330577e+07 6.948441e+05 -3.251466e+06 -3.830580e+06 3.078944e+07
1.099013e-02 1.605071e+07 1.512308e+06 -1.141411e+07 -4.922508e+06 1.453074e+07
1.161954e-02 1.098314e+07 1.742311e+06 -1.242768e+07 -3.060164e+06 6.342539e+06
1.224543e-02 8.442249e+06 1.614954e+06 -1.064914e+07 -1.572420e+04 3.758316e+06
1.287347e-02 6.853417e+06 1.607209e+06 -7.375441e+06 2.066468e+06 5.225015e+06
1.350110e-02 6.160964e+06 1.520052e+06 -3.995208e+06 3.398533e+06 8.769682e+06
1.412539e-02 5.802528e+06 1.350035e+06 -1.112545e+06 4.066000e+06 1.216630e+07
1.475576e-02 5.504744e+06 1.103935e+06 1.600629e+06 4.002767e+06 1.501525e+07
1.538306e-02 5.188850e+06 9.322062e+05 2.991196e+06 3.403350e+06 1.635923e+07
1.601201e-02 4.730042e+06 7.461704e+05 4.276960e+06 2.795430e+06 1.700704e+07
1.664797e-02 4.123776e+06 5.343542e+05 4.337238e+06 1.922777e+06 1.601041e+07
1.727684e-02 3.461970e+06 3.320436e+05 4.052861e+06 1.286726e+06 1.430412e+07
1.790148e-02 2.841798e+06 1.090042e+05 3.435957e+06 7.580437e+05 1.213980e+07
1.852764e-02 2.315346e+06 -2.121532e+04 2.409593e+06 3.274362e+05 9.789538e+06
1.915179e-02 1.844562e+06 -1.124040e+05 1.493361e+06 5.364718e+04 7.543838e+06
1.978148e-02 1.446271e+06 -1.318383e+05 5.370574e+05 -1.040332e+05 5.434379e+06
2.041144e-02 1.169691e+06 -1.342401e+05 -1.729662e+05 -1.099444e+05 3.942998e+06
2.104337e-02 9.546714e+05 -1.120200e+05 -6.998039e+05 -2.705301e+04 2.724940e+06
2.167611e-02 8.482890e+05 -7.175507e+04 -1.036772e+06 9.358832e+04 2.044920e+06
2.230308e-02 7.812769e+05 -2.162404e+04 -1.097608e+06 1.982814e+05 1.710198e+06
2.292974e-02 7.716972e+05 3.490194e+04 -1.037611e+06 2.646278e+05 1.747535e+06
2.355539e-02 7.511303e+05 8.680025e+04 -8.140152e+05 3.163900e+05 1.927926e+06
2.418150e-02 7.472592e+05 1.179054e+05 -5.479753e+05 3.414305e+05 2.259181e+06
2.480946e-02 7.272439e+05 1.198395e+05 -2.648058e+05 3.383578e+05 2.542990e+06
2.543879e-02 7.030772e+05 1.022207e+05 -1.422257e+03 3.250036e+05 2.764564e+06
2.606741e-02 6.828412e+05 7.664329e+04 1.534495e+05 2.811204e+05 2.874451e+06
2.669501e-02 6.447414e+05 4.808713e+04 2.684547e+05 2.017225e+05 2.836791e+06
2.732628e-02 6.056301e+05 2.569662e+04 2.775552e+05 1.208445e+05 2.705306e+06
2.795771e-02 5.438681e+05 9.328339e+03 2.347523e+05 4.063804e+04 2.432114e+06
2.858621e-02 4.784742e+05 -1.973673e+03 1.509887e+05 -2.593099e+04 2.107870e+06
2.921223e-02 4.159224e+05 -1.145156e+04 2.906801e+04 -7.282274e+04 1.768190e+06
2.983725e-02 3.447011e+05 -1.539906e+04 -7.976629e+04 -8.938175e+04 1.389955e+06
3.046693e-02 2.911927e+05 -1.567550e+04 -1.944976e+05 -9.166134e+04 1.080204e+06
3.109608e-02 2.414649e+05 -1.195881e+04 -2.663060e+05 -7.663263e+04 8.108024e+05
3.172270e-02 2.097540e+05 -4.997881e+03 -3.150069e+05 -5.335220e+04 6.290565e+05
3.235285e-02 1.900107e+05 5.433965e+03 -3.325098e+05 -2.650585e+04 5.249407e+05
3.298394e-02 1.749271e+05 1.572923e+04 -3.005755e+05 5.907736e+02 4.804659e+05
3.361458e-02 1.705912e+05 2.508483e+04 -2.535765e+05 2.236816e+04 5.017299e+05
3.424083e-02 1.684900e+05 3.000316e+04 -1.798045e+05 4.318243e+04 5.559615e+05
3.486711e-02 1.708284e+05 3.129377e+04 -1.040743e+05 5.546869e+04 6.351691e+05
3.549614e-02 1.707551e+05 2.855230e+04 -3.275050e+04 6.067837e+04 7.006122e+05
3.612198e-02 1.726454e+05 2.403127e+04 3.247691e+04 6.185782e+04 7.669773e+05
3.674992e-02 1.688691e+05 1.665365e+04 6.680898e+04 5.189522e+04 7.879094e+05
3.737802e-02 1.645772e+05 9.278931e+03 8.793991e+04 4.028981e+04 7.911783e+05
3.800827e-02 1.545064e+05 1.806972e+03 8.369343e+04 2.480861e+04 7.486517e+05
3.863754e-02 1.443680e+05 -3.882526e+03 6.374973e+04 9.793434e+03 6.915276e+05
3.926550e-02 1.297070e+05 -7.927545e+03 3.291298e+04 -3.539614e+03 6.040587e+05
3.989588e-02 1.153178e+05 -9.670304e+03 -8.429581e+03 -1.421310e+04 5.094159e+05
4.052254e-02 1.006754e+05 -9.506334e+03 -4.659789e+04 -2.018339e+04 4.161286e+05
4.115124e-02 8.799510e+04 -7.974614e+03 -8.288234e+04 -2.066549e+04 3.319751e+05
4.177955e-02 7.713362e+04 -5.441279e+03 -1.067568e+05 -1.739020e+04 2.644772e+05
4.240547e-02 6.968898e+04 -2.216748e+03 -1.203407e+05 -1.053000e+04 2.186790e+05
4.303621e-02 6.575600e+04 1.426609e+03 -1.234919e+05 -2.305701e+03 1.972809e+05
4.366615e-02 6.398203e+04 4.696881e+03 -1.128751e+05 7.169973e+03 1.951451e+05
4.429168e-02 6.508588e+04 7.467800e+03 -9.587160e+04 1.542532e+04 2.124593e+05
4.491727e-02 6.638502e+04 9.216805e+03 -7.095682e+04 2.104704e+04 2.383322e+05
4.554613e-02 6.897938e+04 9.873302e+03 -4.494971e+04 2.464098e+04 2.725292e+05
4.617836e-02 7.109208e+04 9.255599e+03 -1.958023e+04 2.539244e+04 3.046086e+05
4.680927e-02 7.181069e+04 7.636068e+03 1.549829e+03 2.325200e+04 3.270710e+05
4.743756e-02 7.191340e+04 5.393480e+03 1.534605e+04 1.856752e+04 3.408712e+05
4.806661e-02 7.020591e+04 3.132619e+03 2.408077e+04 1.270523e+04 3.424562e+05
4.869280e-02 6.706316e+04 8.008553e+02 2.191559e+04 6.207036e+03 3.290868e+05
4.931779e-02 6.221654e+04 -1.362530e+03 1.494427e+04 1.500808e+02 3.031541e+05
4.994581e-02 5.711080e+04 -3.130885e+03 3.162094e+03 -4.765368e+03 2.715364e+05
5.057480e-02 5.157078e+04 -4.083110e+03 -1.228119e+04 -8.036241e+03 2.334735e+05
5.120302e-02 4.622278e+04 -4.346539e+03 -2.736374e+04 -9.658136e+03 1.957002e+05
5.183209e-02 4.139862e+04 -3.727456e+03 -4.227897e+04 -9.783325e+03 1.603065e+05
5.246116e-02 3.731827e+04 -2.538215e+03 -5.294797e+04 -8.407942e+03 1.317322e+05
5.308896e-02 3.431216e+04 -1.013532e+03 -5.924998e+04 -5.870488e+03 1.116514e+05
5.371721e-02 3.215464e+04 4.915239e+02 -6.053015e+04 -2.584467e+03 1.000821e+05
5.434780e-02 3.104025e+04 1.996234e+03 -5.708074e+04 7.399531e+02 9.702884e+04
5.497604e-02 3.079578e+04 3.064054e+03 -5.040007e+04 3.736210e+03 1.013550e+05
5.560013e-02 3.097972e+04 3.806356e+03 -4.058860e+04 6.014027e+03 1.101926e+05
5.622954e-02 3.145077e+04 3.991010e+03 -2.970423e+04 7.254207e+03 1.215236e+05
5.686173e-02 3.204892e+04 3.698007e+03 -1.988102e+04 7.448337e+03 1.326968e+05
5.748940e-02 3.226890e+04 3.078288e+03 -1.109715e+04 6.647720e+03 1.414792e+05
5.811669e-02 3.232762e+04 2.170656e+03 -5.586913e+03 4.942578e+03 1.465067e+05
5.874554e-02 3.137692e+04 1.173106e+03 -2.147281e+03 2.851500e+03 1.450725e+05
5.937282e-02 3.023306e+04 1.978368e+02 -2.400979e+03 4.299171e+02 1.397825e+05
6.000021e-02 2.846296e+04 -5.298564e+02 -5.076370e+03 -1.841599e+03 1.294685e+05
6.062750e-02 2.632585e+04 -1.108046e+03 -9.592274e+03 -3.648845e+03 1.159198e+05
6.125597e-02 2.398223e+04 -1.315576e+03 -1.523049e+04 -4.748444e+03 1.005593e+05
6.188682e-02 2.173649e+04 -1.320760e+03 -2.049986e+04 -5.164909e+03 8.564840e+04
6.251462e-02 1.984258e+04 -1.025123e+03 -2.569371e+04 -4.755010e+03 7.225912e+04
6.314049e-02 1.815573e+04 -5.290109e+02 -2.877468e+04 -3.703292e+03 6.151465e+04
6.377015e-02 1.699303e+04 1.299309e+02 -2.999281e+04 -2.241896e+03 5.453606e+04
6.439971e-02 1.638046e+04 7.725239e+02 -2.932916e+04 -6.574937e+02 5.181022e+04
6.502803e-02 1.610661e+04 1.377576e+03 -2.649880e+04 9.770584e+02 5.261420e+04
6.565852e-02 1.619260e+04 1.826084e+03 -2.236122e+04 2.228124e+03 5.628914e+04
6.628652e-02 1.647392e+04 2.037016e+03 -1.704087e+04 3.249060e+03 6.190366e+04
6.691319e-02 1.680824e+04 2.047440e+03 -1.173618e+04 3.575069e+03 6.793709e+04
6.754195e-02 1.711777e+04 1.836642e+03 -6.689479e+03 3.476726e+03 7.373134e+04
6.816923e-02 1.719458e+04 1.452219e+03 -2.818149e+03 2.865923e+03 7.756107e+04
6.879707e-02 1.697461e+04 9.560126e+02 -3.868412e+02 1.878923e+03 7.889638e+04
6.942589e-02 1.654484e+04 3.931322e+02 6.335001e+02 8.299886e+02 7.813555e+04
7.005350e-02 1.583666e+04 -1.394171e+02 -1.487799e+02 -3.410062e+02 7.456120e+04
7.068149e-02 1.480790e+04 -6.075493e+02 -2.189614e+03 -1.238211e+03 6.817353e+04
7.131092e-02 1.376767e+04 -9.127210e+02 -5.318940e+03 -1.954434e+03 6.078069e+04
7.194060e-02 1.268297e+04 -1.054170e+03 -8.815376e+03 -2.311750e+03 5.266712e+04
7.256947e-02 1.165114e+04 -1.005365e+03 -1.226905e+04 -2.378095e+03 4.473233e+04
7.319738e-02 1.077431e+04 -7.819927e+02 -1.520974e+04 -2.125210e+03 3.783247e+04
7.382604e-02 1.009474e+04 -4.194808e+02 -1.709144e+04 -1.621002e+03 3.268148e+04
7.445392e-02 9.627034e+03 -1.466490e+00 -1.780777e+04 -9.388696e+02 2.953160e+04
7.507965e-02 9.402776e+03 4.313365e+02 -1.735464e+04 -1.580092e+02 2.861518e+04
7.570782e-02 9.309433e+03 8.031416e+02 -1.564136e+04 6.011161e+02 2.947517e+04
7.633697e-02 9.400568e+03 1.063871e+03 -1.324459e+04 1.215325e+03 3.198903e+04
7.696614e-02 9.543460e+03 1.178646e+03 -1.026587e+04 1.691714e+03 3.535624e+04
7.759521e-02 9.696814e+03 1.118893e+03 -7.290723e+03 1.902242e+03 3.877998e+04
7.822404e-02 9.862473e+03 9.078167e+02 -4.713515e+03 1.832454e+03 4.193888e+04
7.885455e-02 9.928219e+03 6.108726e+02 -2.783423e+03 1.495404e+03 4.390973e+04
7.948034e-02 9.893562e+03 2.863681e+02 -1.798166e+03 9.408969e+02 4.455042e+04
8.010544e-02 9.690277e+03 -1.271955e+01 -1.687325e+03 2.442814e+02 4.361600e+04
8.073519e-02 9.321097e+03 -2.647774e+02 -2.489247e+03 -4.803039e+02 4.119201e+04
8.136420e-02 8.816923e+03 -4.323611e+02 -3.873096e+03 -1.087393e+03 3.767901e+04
8.199246e-02 8.198969e+03 -5.254429e+02 -5.739243e+03 -1.495773e+03 3.330138e+04
8.262013e-02 7.531887e+03 -5.307331e+02 -7.687201e+03 -1.622247e+03 2.859231e+04
8.325004e-02 6.944732e+03 -4.679937e+02 -9.439360e+03 -1.522395e+03 2.434468e+04
8.388076e-02 6.462579e+03 -3.223994e+02 -1.082535e+04 -1.177547e+03 2.079288e+04
8.450772e-02 6.139635e+03 -1.087721e+02 -1.153666e+04 -6.852236e+02 1.852825e+04
8.513407e-02 5.978629e+03 1.288449e+02 -1.152954e+04 -9.420986e+01 1.755626e+04
8.576290e-02 5.970789e+03 3.714012e+02 -1.075439e+04 4.943581e+02 1.798842e+04
8.639170e-02 6.112396e+03 5.749736e+02 -9.395480e+03 1.021280e+03 1.965375e+04
8.701933e-02 6.306959e+03 7.154200e+02 -7.483502e+03 1.424097e+03 2.206817e+04
8.764729e-02 6.565375e+03 7.674730e+02 -5.396170e+03 1.658019e+03 2.499610e+04
8.827546e-02 6.816055e+03 7.382033e+02 -3.334440e+03 1.661255e+03 2.796054e+04
8.890360e-02 7.023548e+03 6.161158e+02 -1.574173e+03 1.474128e+03 3.042198e+04
8.953185e-02 7.107058e+03 4.349993e+02 -2.726352e+02 1.101012e+03 3.197915e+04
9.016049e-02 7.093608e+03 2.240432e+02 4.317874e+02 6.476096e+02 3.247870e+04
9.078921e-02 6.996162e+03 8.160845e+00 4.904860e+02 9.402878e+01 3.204076e+04
9.141859e-02 6.726140e+03 -1.774923e+02 -1.315367e+02 -4.142194e+02 3.022216e+04
9.204760e-02 6.369960e+03 -3.049620e+02 -1.172529e+03 -8.463695e+02 2.762024e+04
9.267535e-02 5.940512e+03 -3.830075e+02 -2.551651e+03 -1.176816e+03 2.441400e+04
9.330406e-02 5.468126e+03 -3.891533e+02 -3.984892e+03 -1.311362e+03 2.095941e+04
9.393390e-02 5.017998e+03 -3.310402e+02 -5.349670e+03 -1.285001e+03 1.769253e+04
9.456102e-02 4.631099e+03 -2.187135e+02 -6.435658e+03 -1.096013e+03 1.492356e+04
9.518740e-02 4.320788e+03 -7.841000e+01 -7.065910e+03 -7.911958e+02 1.292520e+04
9.581568e-02 4.137428e+03 7.616791e+01 -7.253407e+03 -3.962585e+02 1.188925e+04
9.644552e-02 4.064829e+03 2.304070e+02 -6.920402e+03 4.283834e+01 1.178344e+04
9.707482e-02 4.086312e+03 3.497445e+02 -6.136299e+03 4.353938e+02 1.248805e+04
9.770146e-02 4.190555e+03 4.283141e+02 -5.038733e+03 7.565328e+02 1.384812e+04
9.832882e-02 4.344899e+03 4.594592e+02 -3.765582e+03 9.465318e+02 1.557087e+04
9.895640e-02 4.544023e+03 4.361077e+02 -2.538490e+03 1.003548e+03 1.746741e+04
9.958504e-02 4.676322e+03 3.629917e+02 -1.392699e+03 9.119288e+02 1.899951e+04
1.002139e-01 4.777196e+03 2.624031e+02 -5.723458e+02 7.085801e+02 2.008468e+04
1.008411e-01 4.799333e+03 1.423065e+02 -9.070791e+01 4.099360e+02 2.057641e+04
1.014708e-01 4.735121e+03 2.376920e+01 4.175575e+00 6.196366e+01 2.034228e+04
1.021003e-01 4.577146e+03 -8.427412e+01 -3.513250e+02 -2.612054e+02 1.936998e+04
1.027279e-01 4.341154e+03 -1.772037e+02 -9.529273e+02 -5.310491e+02 1.782371e+04
1.033572e-01 4.057659e+03 -2.424803e+02 -1.833148e+03 -6.982079e+02 1.583329e+04
1.039858e-01 3.784477e+03 -2.692619e+02 -2.756768e+03 -7.562228e+02 1.379050e+04
1.046130e-01 3.520132e+03 -2.599617e+02 -3.672511e+03 -7.132844e+02 1.175553e+04
1.052407e-01 3.307006e+03 -1.981480e+02 -4.425098e+03 -5.949306e+02 1.003966e+04
1.058684e-01 3.149510e+03 -1.019753e+02 -4.907759e+03 -4.098388e+02 8.785523e+03
1.064969e-01 3.059806e+03 2.033009e+01 -5.076137e+03 -1.998187e+02 8.143906e+03
1.071273e-01 3.024472e+03 1.443026e+02 -4.885379e+03 1.661924e+01 8.086044e+03
1.077558e-01 3.033084e+03 2.489902e+02 -4.382780e+03 2.254581e+02 8.548213e+03
1.083828e-01 3.077710e+03 3.166808e+02 -3.638683e+03 3.944808e+02 9.419688e+03
1.090114e-01 3.155288e+03 3.412078e+02 -2.772517e+03 5.075930e+02 1.054940e+04
1.096397e-01 3.238196e+03 3.173396e+02 -1.909054e+03 5.557946e+02 1.171763e+04
1.102684e-01 3.317609e+03 2.555651e+02 -1.154690e+03 5.262263e+02 1.273316e+04
1.108970e-01 3.376639e+03 1.667891e+02 -6.207160e+02 4.307733e+02 1.343909e+04
1.115233e-01 3.400937e+03 6.835264e+01 -3.452765e+02 2.807207e+02 1.375633e+04
1.121508e-01 3.382435e+03 -2.967569e+01 -3.376502e+02 1.060824e+02 1.364953e+04
1.127798e-01 3.309642e+03 -1.134179e+02 -6.497416e+02 -7.150612e+01 1.300985e+04
1.134097e-01 3.196715e+03 -1.809905e+02 -1.123802e+03 -2.351916e+02 1.204446e+04
1.140373e-01 3.059169e+03 -2.068500e+02 -1.781326e+03 -3.517364e+02 1.079824e+04
1.146647e-01 2.901115e+03 -2.033024e+02 -2.421263e+03 -4.198730e+02 9.480755e+03
1.152948e-01 2.746674e+03 -1.611671e+02 -3.039395e+03 -4.272780e+02 8.231450e+03
1.159235e-01 2.606563e+03 -9.818778e+01 -3.500921e+03 -3.700781e+02 7.184937e+03
1.165517e-01 2.498259e+03 -2.016640e+01 -3.745732e+03 -2.493799e+02 6.487714e+03
1.171799e-01 2.438066e+03 5.815442e+01 -3.760464e+03 -9.053682e+01 6.191844e+03
1.178092e-01 2.420477e+03 1.346622e+02 -3.526084e+03 8.332885e+01 6.292753e+03
1.184382e-01 2.455181e+03 1.957063e+02 -3.103121e+03 2.460883e+02 6.801008e+03
1.190649e-01 2.517793e+03 2.384648e+02 -2.509486e+03 3.702473e+02 7.566655e+03
1.196918e-01 2.598260e+03 2.528568e+02 -1.843913e+03 4.410092e+02 8.496812e+03
1.203206e-01 2.685079e+03 2.403196e+02 -1.166017e+03 4.512249e+02 9.439455e+03
1.209492e-01 2.760666e+03 2.026271e+02 -5.730479e+02 3.989642e+02 1.026378e+04
1.215770e-01 2.810496e+03 1.535992e+02 -1.147789e+02 2.914156e+02 1.085686e+04
1.222060e-01 2.817123e+03 8.911034e+01 1.333630e+02 1.461701e+02 1.109560e+04
1.228351e-01 2.778940e+03 2.337568e+01 2.055834e+02 -1.827957e+01 1.099234e+04
1.234639e-01 2.700457e+03 -4.350924e+01 5.595700e+01 -1.688472e+02 1.052220e+04
1.240910e-01 2.587568e+03 -1.002478e+02 -2.858403e+02 -2.888560e+02 9.735510e+03
1.247182e-01 2.454445e+03 -1.419138e+02 -7.371011e+02 -3.763442e+02 8.722168e+03
1.253470e-01 2.318602e+03 -1.631948e+02 -1.274575e+03 -4.101055e+02 7.629214e+03
1.259754e-01 2.187494e+03 -1.644310e+02 -1.794741e+03 -3.958288e+02 6.532589e+03
1.266036e-01 2.078598e+03 -1.375336e+02 -2.272260e+03 -3.436350e+02 5.550156e+03
1.272319e-01 1.996415e+03 -9.218135e+01 -2.619661e+03 -2.617007e+02 4.787602e+03
1.278607e-01 1.942220e+03 -3.053460e+01 -2.811207e+03 -1.699588e+02 4.305995e+03
1.284890e-01 1.914192e+03 3.762500e+01 -2.824771e+03 -6.706149e+01 4.121458e+03
1.291182e-01 1.905920e+03 9.606516e+01 -2.665114e+03 3.224506e+01 4.214036e+03
1.297470e-01 1.918416e+03 1.392391e+02 -2.380135e+03 1.269101e+02 4.542204e+03
1.303744e-01 1.943481e+03 1.590243e+02 -1.998328e+03 1.968951e+02 5.017180e+03
1.310022e-01 1.978703e+03 1.600160e+02 -1.601460e+03 2.423121e+02 5.560578e+03
1.316312e-01 2.010294e+03 1.412416e+02 -1.212906e+03 2.446812e+02 6.069785e+03
1.322597e-01 2.039256e+03 1.088363e+02 -9.176047e+02 2.091134e+02 6.484588e+03
1.328871e-01 2.049462e+03 6.639894e+01 -7.122252e+02 1.492796e+02 6.734647e+03
1.335151e-01 2.045977e+03 2.421731e+01 -6.344392e+02 6.275692e+01 6.779524e+03
1.341448e-01 2.020441e+03 -1.516624e+01 -6.757727e+02 -2.154593e+01 6.612475e+03
1.347734e-01 1.975502e+03 -4.354785e+01 -8.140807e+02 -1.029161e+02 6.275100e+03
1.354003e-01 1.920377e+03 -5.995951e+01 -1.031058e+03 -1.614656e+02 5.818658e+03
1.360284e-01 1.851243e+03 -6.393186e+01 -1.258664e+03 -1.854784e+02 5.292710e+03
1.366568e-01 1.785608e+03 -5.728931e+01 -1.499345e+03 -1.824209e+02 4.768344e+03
1.372858e-01 1.727749e+03 -3.953049e+01 -1.687774e+03 -1.479037e+02 4.319132e+03
1.379142e-01 1.683572e+03 -1.646772e+01 -1.809161e+03 -9.356812e+01 4.000596e+03
1.385416e-01 1.659781e+03 1.124371e+01 -1.845672e+03 -2.353794e+01 3.841066e+03
1.391708e-01 1.656750e+03 3.477512e+01 -1.797230e+03 4.809841e+01 3.848722e+03
1.397994e-01 1.673098e+03 5.649067e+01 -1.666933e+03 1.044908e+02 4.000548e+03
1.404273e-01 1.700722e+03 7.409019e+01 -1.477642e+03 1.382602e+02 4.252601e+03
1.410561e-01 1.730213e+03 8.793761e+01 -1.251530e+03 1.423513e+02 4.557831e+03
1.416844e-01 1.753846e+03 9.266319e+01 -1.021203e+03 1.193576e+02 4.868470e+03
1.423121e-01 1.762344e+03 8.269620e+01 -8.203339e+02 7.540822e+01 5.107915e+03
1.429401e-01 1.753050e+03 6.081878e+01 -6.734040e+02 2.915229e+01 5.237295e+03
1.435692e-01 1.734503e+03 2.673208e+01 -6.086927e+02 -2.384694e+01 5.236214e+03
1.441983e-01 1.702450e+03 -1.052184e+01 -6.297516e+02 -6.550000e+01 5.081210e+03
1.448262e-01 1.665505e+03 -4.239536e+01 -7.448101e+02 -1.149393e+02 4.790776e+03
1.454539e-01 1.620507e+03 -6.285855e+01 -9.224855e+02 -1.525809e+02 4.391167e+03
1.460823e-01 1.571228e+03 -6.639924e+01 -1.138037e+03 -1.775940e+02 3.937601e+03
1.467115e-01 1.518440e+03 -5.958515e+01 -1.347118e+03 -1.894597e+02 3.485590e+03
1.473399e-01 1.468422e+03 -4.244857e+01 -1.532173e+03 -1.668009e+02 3.086467e+03
1.479676e-01 1.428438e+03 -2.098445e+01 -1.658762e+03 -1.216967e+02 2.778693e+03
1.485964e-01 1.402824e+03 3.000543e+00 -1.709432e+03 -6.038676e+01 2.592012e+03
1.492243e-01 1.399670e+03 2.790049e+01 -1.685985e+03 7.765642e+00 2.573008e+03
1.498507e-01 1.409645e+03 5.264907e+01 -1.571319e+03 7.019279e+01 2.683190e+03
1.504788e-01 1.437516e+03 7.406726e+01 -1.396712e+03 1.214557e+02 2.924209e+03
1.511078e-01 1.474105e+03 8.806461e+01 -1.175788e+03 1.540601e+02 3.258721e+03
1.517364e-01 1.511922e+03 9.626009e+01 -9.196305e+02 1.644766e+02 3.625332e+03
1.523652e-01 1.544172e+03 9.546587e+01 -6.725961e+02 1.496976e+02 3.981903e+03
1.529942e-01 1.563977e+03 8.687234e+01 -4.532138e+02 1.160665e+02 4.273861e+03
1.536237e-01 1.569259e+03 6.757045e+01 -2.951326e+02 6.948805e+01 4.463700e+03
1.542519e-01 1.558903e+03 4.121402e+01 -2.018435e+02 1.824284e+01 4.534047e+03
1.548791e-01 1.533943e+03 1.226416e+01 -1.891371e+02 -3.716860e+01 4.452614e+03
1.555078e-01 1.497645e+03 -1.462432e+01 -2.488916e+02 -8.621260e+01 4.249302e+03
1.561363e-01 1.453985e+03 -3.334116e+01 -3.774886e+02 -1.285858e+02 3.944530e+03
1.567636e-01 1.403418e+03 -4.361861e+01 -5.453051e+02 -1.542695e+02 3.574892e+03
1.573916e-01 1.352388e+03 -4.548903e+01 -7.251138e+02 -1.642075e+02 3.184415e+03
1.580207e-01 1.302421e+03 -3.856639e+01 -8.910222e+02 -1.515253e+02 2.812767e+03
1.586492e-01 1.260678e+03 -2.313683e+01 -1.031101e+03 -1.248288e+02 2.504685e+03
1.592766e-01 1.227270e+03 -5.046344e+00 -1.113594e+03 -8.429556e+01 2.282910e+03
1.599049e-01 1.206010e+03 1.254042e+01 -1.136475e+03 -3.866136e+01 2.166791e+03
1.605344e-01 1.201747e+03 2.879885e+01 -1.104810e+03 6.241827e+00 2.168888e+03
1.611623e-01 1.209047e+03 4.005683e+01 -1.022411e+03 4.514237e+01 2.256376e+03
1.617904e-01 1.228586e+03 4.808317e+01 -9.036057e+02 6.918106e+01 2.412188e+03
1.624191e-01 1.252185e+03 5.226193e+01 -7.616058e+02 7.518965e+01 2.605749e+03
1.630470e-01 1.274146e+03 5.387321e+01 -6.206625e+02 6.612994e+01 2.798303e+03
1.636756e-01 1.285714e+03 4.973492e+01 -4.948625e+02 3.889644e+01 2.947510e+03
1.643038e-01 1.285712e+03 4.027957e+01 -4.047388e+02 1.833796e+00 3.030562e+03
1.649313e-01 1.273900e+03 2.615979e+01 -3.542566e+02 -3.293845e+01 3.030594e+03
1.655596e-01 1.250350e+03 7.770258e+00 -3.563987e+02 -6.979768e+01 2.934072e+03
1.661885e-01 1.218484e+03 -1.007081e+01 -4.067079e+02 -9.634481e+01 2.764680e+03
1.668177e-01 1.184142e+03 -2.425101e+01 -5.036559e+02 -1.161597e+02 2.530347e+03
1.674456e-01 1.147921e+03 -3.245249e+01 -6.220825e+02 -1.190750e+02 2.267563e+03
1.680727e-01 1.111054e+03 -3.369539e+01 -7.465848e+02 -1.125301e+02 1.995510e+03
1.687016e-01 1.084178e+03 -2.771129e+01 -8.639572e+02 -9.173906e+01 1.759390e+03
1.693313e-01 1.058834e+03 -1.621938e+01 -9.483345e+02 -6.195200e+01 1.576614e+03
1.699587e-01 1.046595e+03 -3.202718e-01 -9.902139e+02 -2.859336e+01 1.470570e+03
1.705866e-01 1.040898e+03 1.812181e+01 -9.793370e+02 4.442212e+00 1.448623e+03
1.712159e-01 1.046384e+03 3.515432e+01 -9.218174e+02 3.392124e+01 1.522979e+03
1.718445e-01 1.059628e+03 4.892793e+01 -8.216273e+02 5.810590e+01 1.660568e+03
1.724727e-01 1.078467e+03 5.634710e+01 -6.895535e+02 7.719572e+01 1.854309e+03
1.731002e-01 1.101155e+03 5.757887e+01 -5.451941e+02 8.572839e+01 2.073021e+03
1.737290e-01 1.124450e+03 5.419347e+01 -3.974662e+02 8.627779e+01 2.279656e+03
1.743571e-01 1.143745e+03 4.638320e+01 -2.768704e+02 7.222660e+01 2.460549e+03
1.749848e-01 1.155285e+03 3.401815e+01 -1.890598e+02 5.052405e+01 2.574835e+03
1.756135e-01 1.157840e+03 2.002752e+01 -1.398296e+02 2.433368e+01 2.628770e+03
1.762417e-01 1.152818e+03 4.220123e+00 -1.364391e+02 -2.556978e+00 2.606617e+03
1.768700e-01 1.140475e+03 -1.018533e+01 -1.760215e+02 -2.864630e+01 2.510030e+03
1.774983e-01 1.120200e+03 -2.072681e+01 -2.526240e+02 -5.156134e+01 2.353136e+03
1.781269e-01 1.096465e+03 -2.526293e+01 -3.472664e+02 -6.764301e+01 2.158106e+03
1.787551e-01 1.070356e+03 -2.631673e+01 -4.502807e+02 -7.906528e+01 1.952589e+03
1.793837e-01 1.045511e+03 -2.245421e+01 -5.505922e+02 -7.270335e+01 1.755398e+03
1.800121e-01 1.024484e+03 -1.572261e+01 -6.302853e+02 -6.296285e+01 1.585166e+03
1.806398e-01 1.010122e+03 -6.824144e+00 -6.853250e+02 -3.992111e+01 1.468365e+03
1.812676e-01 1.003015e+03 1.869067e+00 -7.098129e+02 -1.617148e+01 1.408090e+03
1.818961e-01 1.001836e+03 1.095752e+01 -7.014487e+02 1.036173e+01 1.402757e+03
1.825251e-01 1.009033e+03 1.744512e+01 -6.708430e+02 3.378685e+01 1.450913e+03
1.831533e-01 1.019062e+03 2.102577e+01 -6.205411e+02 4.970152e+01 1.529984e+03
1.837813e-01 1.032153e+03 2.228714e+01 -5.595305e+02 5.280586e+01 1.627199e+03
1.844104e-01 1.043230e+03 2.142290e+01 -5.006206e+02 4.464941e+01 1.715427e+03
1.850389e-01 1.051095e+03 1.836785e+01 -4.527172e+02 2.505656e+01 1.782203e+03
1.856669e-01 1.052568e+03 1.510503e+01 -4.209725e+02 -1.785567e+00 1.807229e+03
1.862953e-01 1.046741e+03 1.013296e+01 -4.091390e+02 -3.143900e+01 1.791756e+03
1.869236e-01 1.034948e+03 5.259175e+00 -4.207686e+02 -6.025191e+01 1.728427e+03
1.875520e-01 1.015443e+03 2.190907e+00 -4.482229e+02 -8.080106e+01 1.619102e+03
1.881803e-01 9.926484e+02 -3.609052e-01 -4.929089e+02 -8.953251e+01 1.489201e+03
1.888083e-01 9.680380e+02 -2.414566e+00 -5.404941e+02 -8.518368e+01 1.344385e+03
1.894359e-01 9.464189e+02 -3.833114e+00 -5.909950e+02 -6.819399e+01 1.213428e+03
1.900648e-01 9.314175e+02 -3.776098e+00 -6.271243e+02 -4.235014e+01 1.104779e+03
1.906937e-01 9.263787e+02 -5.960064e-01 -6.490015e+02 -1.514489e+01 1.044101e+03
1.913208e-01 9.284773e+02 6.776549e+00 -6.506327e+02 1.059830e+01 1.036252e+03
1.919495e-01 9.364527e+02 1.661183e+01 -6.185869e+02 3.515967e+01 1.079347e+03
1.925783e-01 9.484645e+02 2.788555e+01 -5.640911e+02 4.744950e+01 1.169434e+03
1.932069e-01 9.610202e+02 3.704597e+01 -4.835104e+02 5.537002e+01 1.291211e+03
1.938350e-01 9.721796e+02 4.421735e+01 -3.878200e+02 5.521502e+01 1.431557e+03
1.944626e-01 9.814128e+02 4.614131e+01 -2.912482e+02 4.554306e+01 1.571327e+03
1.950912e-01 9.835417e+02 4.156831e+01 -2.006813e+02 3.407358e+01 1.687269e+03
1.957198e-01 9.859294e+02 3.120619e+01 -1.311455e+02 2.030931e+01 1.772073e+03
1.963481e-01 9.845862e+02 1.656220e+01 -9.658734e+01 4.295396e+00 1.805225e+03
1.969763e-01 9.811807e+02 2.234521e+00 -9.026937e+01 -1.095817e+01 1.790927e+03
1.976057e-01 9.736530e+02 -9.030938e+00 -1.197727e+02 -3.075572e+01 1.715568e+03
1.982346e-01 9.619137e+02 -1.618596e+01 -1.751730e+02 -4.696342e+01 1.603139e+03
1.988621e-01 9.473948e+02 -1.914458e+01 -2.481363e+02 -5.841221e+01 1.460757e+03
1.994900e-01 9.282379e+02 -1.901820e+01 -3.288923e+02 -6.623616e+01 1.304427e+03
2.001183e-01 9.092988e+02 -1.476004e+01 -4.045269e+02 -6.198690e+01 1.150739e+03
2.007462e-01 8.923467e+02 -9.874950e+00 -4.675030e+02 -5.042363e+01 1.026548e+03
2.013743e-01 8.822125e+02 -3.803802e+00 -5.143645e+02 -3.039773e+01 9.386202e+02
2.020025e-01 8.762356e+02 2.193077e+00 -5.340066e+02 -6.593455e+00 8.940385e+02
2.026313e-01 8.801179e+02 8.472247e+00 -5.307819e+02 1.813109e+01 8.990746e+02
2.032604e-01 8.907142e+02 1.533499e+01 -5.021705e+02 3.345366e+01 9.504026e+02
2.038879e-01 9.041782e+02 2.366133e+01 -4.534958e+02 4.462400e+01 1.036232e+03
2.045158e-01 9.178795e+02 2.958516e+01 -3.872218e+02 4.436927e+01 1.145095e+03
2.051449e-01 9.294194e+02 3.380890e+01 -3.126530e+02 3.738921e+01 1.258270e+03
2.057735e-01 9.358961e+02 3.307314e+01 -2.385687e+02 2.918423e+01 1.358194e+03
2.064017e-01 9.386594e+02 2.843551e+01 -1.800407e+02 1.300234e+01 1.430126e+03
2.070305e-01 9.347960e+02 2.150547e+01 -1.401322e+02 -3.745671e+00 1.456097e+03
2.076594e-01 9.282762e+02 1.290152e+01 -1.208733e+02 -2.245770e+01 1.449781e+03
2.082867e-01 9.163811e+02 3.851175e+00 -1.293801e+02 -3.921191e+01 1.396144e+03
2.089139e-01 9.025432e+02 -3.645923e+00 -1.613891e+02 -5.318576e+01 1.309329e+03
2.095429e-01 8.856393e+02 -8.348717e+00 -2.108164e+02 -5.891384e+01 1.194262e+03
2.101711e-01 8.694799e+02 -1.094103e+01 -2.679129e+02 -5.883678e+01 1.071840e+03
2.107990e-01 8.535155e+02 -1.100985e+01 -3.273807e+02 -5.051833e+01 9.506931e+02
2.114275e-01 8.399772e+02 -8.295229e+00 -3.765763e+02 -3.701776e+01 8.428066e+02
2.120557e-01 8.319232e+02 -3.221673e+00 -4.132605e+02 -2.059087e+01 7.701819e+02
2.126842e-01 8.263195e+02 4.297379e+00 -4.254236e+02 -3.519831e+00 7.313090e+02
2.133127e-01 8.271290e+02 1.316830e+01 -4.165578e+02 1.128605e+01 7.421282e+02
2.139414e-01 8.299205e+02 2.115504e+01 -3.862862e+02 2.330380e+01 7.910980e+02
2.145702e-01 8.375146e+02 2.674981e+01 -3.379442e+02 3.367534e+01 8.731254e+02
2.151979e-01 8.456361e+02 2.921566e+01 -2.770612e+02 4.094879e+01 9.761591e+02
2.158262e-01 8.563001e+02 2.825716e+01 -2.114673e+02 4.414163e+01 1.079762e+03
2.164548e-01 8.649376e+02 2.520705e+01 -1.527882e+02 4.126705e+01 1.176597e+03
2.170834e-01 8.723098e+02 1.993365e+01 -1.035079e+02 3.036396e+01 1.244930e+03
2.177116e-01 8.768361e+02 1.305614e+01 -7.483223e+01 1.409896e+01 1.286060e+03
2.183390e-01 8.777433e+02 6.600244e+00 -6.607052e+01 -4.577638e+00 1.288319e+03
2.189672e-01 8.738527e+02 -6.133503e-01 -7.875806e+01 -2.610973e+01 1.251705e+03
2.195962e-01 8.658008e+02 -5.214579e+00 -1.092710e+02 -4.362334e+01 1.176672e+03
2.202247e-01 8.544532e+02 -8.555158e+00 -1.523445e+02 -5.577070e+01 1.074182e+03
2.208525e-01 8.404235e+02 -8.754274e+00 -2.044769e+02 -6.330103e+01 9.601047e+02
2.214806e-01 8.243299e+02 -7.473104e+00 -2.560456e+02 -6.008097e+01 8.431149e+02
2.221096e-01 8.085235e+02 -4.598567e+00 -3.020482e+02 -4.830114e+01 7.398542e+02
2.227377e-01 7.966091e+02 -2.256574e+00 -3.402235e+02 -3.011309e+01 6.619211e+02
2.233660e-01 7.888284e+02 8.178623e-01 -3.636476e+02 -9.100418e+00 6.149430e+02
2.239949e-01 7.869426e+02 5.587249e+00 -3.684141e+02 9.662909e+00 6.009720e+02
2.246230e-01 7.895289e+02 1.225851e+01 -3.559644e+02 2.041221e+01 6.218190e+02
2.252510e-01 7.934281e+02 1.860918e+01 -3.262820e+02 2.671502e+01 6.715257e+02
2.258786e-01 8.001429e+02 2.345403e+01 -2.827729e+02 2.859960e+01 7.448819e+02
2.265070e-01 8.081128e+02 2.475982e+01 -2.324436e+02 2.891162e+01 8.293454e+02
2.271353e-01 8.157068e+02 2.210162e+01 -1.839324e+02 2.784197e+01 9.101273e+02
2.277640e-01 8.237529e+02 1.780228e+01 -1.403114e+02 2.503605e+01 9.749883e+02
2.283928e-01 8.299698e+02 1.275164e+01 -1.134118e+02 1.716347e+01 1.017408e+03
2.290206e-01 8.336877e+02 7.759521e+00 -9.579135e+01 5.914403e+00 1.037211e+03
2.296494e-01 8.337910e+02 2.773098e+00 -1.030520e+02 -6.468034e+00 1.028201e+03
2.302775e-01 8.305708e+02 -2.295085e+00 -1.210687e+02 -1.872314e+01 9.903576e+02
2.309053e-01 8.245577e+02 -6.932000e+00 -1.519701e+02 -2.726813e+01 9.306631e+02
2.315342e-01 8.187605e+02 -1.025587e+01 -1.946505e+02 -3.156859e+01 8.554662e+02
2.321633e-01 8.115598e+02 -1.060991e+01 -2.363653e+02 -3.483716e+01 7.697453e+02
2.327917e-01 8.045435e+02 -8.118518e+00 -2.792498e+02 -3.552377e+01 6.868534e+02
2.334191e-01 7.980139e+02 -3.985234e+00 -3.118462e+02 -3.400972e+01 6.125760e+02
2.340471e-01 7.919795e+02 2.122092e+00 -3.339729e+02 -3.067315e+01 5.582213e+02
2.346760e-01 7.870773e+02 8.035591e+00 -3.425091e+02 -2.522267e+01 5.243101e+02
2.353048e-01 7.850959e+02 1.177941e+01 -3.378232e+02 -1.584559e+01 5.130775e+02
2.359331e-01 7.838184e+02 1.443365e+01 -3.241173e+02 -5.829302e+00 5.231483e+02
2.365605e-01 7.860647e+02 1.442829e+01 -3.046295e+02 5.460473e+00 5.485052e+02
2.371890e-01 7.894384e+02 1.285649e+01 -2.815551e+02 1.569596e+01 5.828198e+02
2.378178e-01 7.946440e+02 1.063886e+01 -2.611614e+02 2.145302e+01 6.190899e+02
2.384456e-01 7.998003e+02 8.718433e+00 -2.467976e+02 1.954402e+01 6.505464e+02
2.390742e-01 8.019612e+02 7.736476e+00 -2.367688e+02 1.317883e+01 6.719128e+02
2.397020e-01 8.016566e+02 7.740776e+00 -2.337234e+02 2.195299e+00 6.797762e+02
2.403299e-01 7.964808e+02 8.640253e+00 -2.342552e+02 -1.183616e+01 6.701116e+02
2.409587e-01 7.876757e+02 9.274928e+00 -2.415509e+02 -2.324200e+01 6.472270e+02
2.415875e-01 7.766934e+02 9.841452e+00 -2.492207e+02 -3.166352e+01 6.090340e+02
2.422165e-01 7.637874e+02 8.433997e+00 -2.594424e+02 -3.361294e+01 5.722762e+02
2.428445e-01 7.539307e+02 7.243534e+00 -2.717884e+02 -2.948647e+01 5.325106e+02
2.434722e-01 7.464692e+02 5.248962e+00 -2.805974e+02 -2.030719e+01 4.993028e+02
2.441005e-01 7.429647e+02 4.477020e+00 -2.873272e+02 -1.009745e+01 4.795659e+02
2.447295e-01 7.437347e+02 4.492411e+00 -2.891503e+02 2.454759e+00 4.734389e+02
2.453575e-01 7.475344e+02 5.950924e+00 -2.864617e+02 1.182896e+01 4.873720e+02
2.459854e-01 7.523720e+02 7.637387e+00 -2.770035e+02 2.004522e+01 5.106868e+02
2.466143e-01 7.594933e+02 8.303448e+00 -2.638364e+02 2.363903e+01 5.475437e+02
2.472426e-01 7.671559e+02 9.566025e+00 -2.479204e+02 2.224519e+01 5.850719e+02
2.478702e-01 7.731675e+02 1.086123e+01 -2.294281e+02 1.394529e+01 6.162903e+02
2.484984e-01 7.761628e+02 1.197296e+01 -2.114126e+02 1.756317e+00 6.387206e+02
2.491273e-01 7.756348e+02 1.298023e+01 -1.976191e+02 -1.308932e+01 6.494947e+02
2.497552e-01 7.723586e+02 1.170067e+01 -1.889215e+02 -2.375778e+01 6.459708e+02
2.503834e-01 7.663972e+02 8.435057e+00 -1.880213e+02 -2.876262e+01 6.271694e+02
2.510119e-01 7.597345e+02 4.309299e+00 -1.961812e+02 -2.846556e+01 5.915880e+02
2.516403e-01 7.543647e+02 7.798029e-01 -2.100802e+02 -2.672889e+01 5.460674e+02
2.522691e-01 7.490773e+02 -2.657510e-01 -2.292250e+02 -2.462034e+01 4.932744e+02
2.528974e-01 7.440012e+02 1.879138e+00 -2.468716e+02 -2.584425e+01 4.467014e+02
2.535254e-01 7.395403e+02 5.134028e+00 -2.578369e+02 -2.426656e+01 4.072709e+02
2.541542e-01 7.358906e+02 8.602172e+00 -2.636725e+02 -2.043732e+01 3.856968e+02
2.547828e-01 7.355718e+02 1.086580e+01 -2.574181e+02 -1.087927e+01 3.836037e+02
2.554104e-01 7.376222e+02 1.251676e+01 -2.427523e+02 -3.127767e-02 3.967215e+02
2.560379e-01 7.427893e+02 1.492103e+01 -2.169086e+02 1.206495e+01 4.267373e+02
2.566670e-01 7.498143e+02 1.795025e+01 -1.859708e+02 1.921114e+01 4.753502e+02
2.572958e-01 7.561157e+02 2.048945e+01 -1.495705e+02 2.479634e+01 5.350173e+02
2.579236e-01 7.616110e+02 2.051093e+01 -1.117819e+02 2.771540e+01 6.010842e+02
2.585522e-01 7.670652e+02 1.730713e+01 -8.026693e+01 3.008608e+01 6.628554e+02
2.591808e-01 7.718918e+02 1.203354e+01 -5.532114e+01 2.982163e+01 7.114203e+02
2.598086e-01 7.756899e+02 6.999183e+00 -4.271357e+01 2.312962e+01 7.410115e+02
2.604363e-01 7.790443e+02 3.296058e+00 -4.445415e+01 1.228330e+01 7.502603e+02
2.610650e-01 7.786243e+02 3.813147e-01 -5.633801e+01 -3.702013e+00 7.369327e+02
2.616935e-01 7.746743e+02 -1.088665e+00 -7.889142e+01 -1.943288e+01 7.004330e+02
2.623210e-01 7.689673e+02 -2.220822e+00 -1.082622e+02 -3.144472e+01 6.479284e+02
2.629494e-01 7.601511e+02 -2.812060e+00 -1.384535e+02 -3.926877e+01 5.775090e+02
2.635781e-01 7.509681e+02 -1.682047e+00 -1.727696e+02 -4.200001e+01 5.073694e+02
2.642065e-01 7.422922e+02 2.527671e-01 -2.018838e+02 -3.909118e+01 4.372412e+02
2.648347e-01 7.333561e+02 2.694378e+00 -2.249355e+02 -3.197087e+01 3.805281e+02
2.654637e-01 7.272393e+02 5.450773e+00 -2.397438e+02 -2.202356e+01 3.398263e+02
2.660924e-01 7.237407e+02 8.506140e+00 -2.430854e+02 -1.086008e+01 3.222077e+02
2.667201e-01 7.231294e+02 1.128569e+01 -2.369806e+02 -8.280792e-01 3.239682e+02
2.673488e-01 7.244340e+02 1.439980e+01 -2.190022e+02 7.793233e+00 3.424883e+02
2.679778e-01 7.276227e+02 1.630149e+01 -1.953395e+02 1.264520e+01 3.780694e+02
2.686062e-01 7.332529e+02 1.732523e+01 -1.648701e+02 1.552108e+01 4.225623e+02
2.692341e-01 7.378988e+02 1.665433e+01 -1.352316e+02 1.443842e+01 4.696974e+02
2.698620e-01 7.438471e+02 1.533532e+01 -1.077803e+02 1.217735e+01 5.111147e+02
2.704897e-01 7.478138e+02 1.328678e+01 -8.620957e+01 7.536053e+00 5.442260e+02
2.711178e-01 7.495716e+02 1.079355e+01 -7.339069e+01 2.491899e+00 5.645920e+02
2.717462e-01 7.493651e+02 7.435490e+00 -7.027553e+01 -1.671972e+00 5.684989e+02
2.723748e-01 7.472303e+02 3.790743e+00 -7.739516e+01 -4.779492e+00 5.548519e+02
2.730040e-01 7.434473e+02 5.091950e-01 -9.281009e+01 -8.279361e+00 5.278257e+02
2.736320e-01 7.390447e+02 -1.062591e+00 -1.129510e+02 -1.174721e+01 4.889456e+02
2.742595e-01 7.341949e+02 -2.903742e-01 -1.361763e+02 -1.642472e+01 4.447411e+02
2.748883e-01 7.272065e+02 2.939874e+00 -1.551905e+02 -2.035197e+01 4.017356e+02
2.755167e-01 7.209570e+02 7.038732e+00 -1.694139e+02 -2.185650e+01 3.690848e+02
2.761449e-01 7.139691e+02 1.067979e+01 -1.764708e+02 -1.875671e+01 3.489297e+02
2.767736e-01 7.097779e+02 1.239118e+01 -1.740426e+02 -1.038500e+01 3.449745e+02
2.774020e-01 7.082242e+02 1.281939e+01 -1.647220e+02 1.544856e+00 3.552260e+02
2.780301e-01 7.098533e+02 1.239321e+01 -1.480403e+02 1.299130e+01 3.791951e+02
2.786580e-01 7.150622e+02 1.271838e+01 -1.273297e+02 2.133040e+01 4.136160e+02
2.792860e-01 7.216274e+02 1.260056e+01 -1.042357e+02 2.601918e+01 4.593974e+02
2.799146e-01 7.286013e+02 1.259682e+01 -8.190353e+01 2.453289e+01 5.055364e+02
2.805434e-01 7.358248e+02 1.123617e+01 -6.357428e+01 2.198179e+01 5.518401e+02
2.811718e-01 7.421914e+02 8.829401e+00 -4.883093e+01 1.367674e+01 5.836652e+02
2.817991e-01 7.463174e+02 7.064480e+00 -4.125917e+01 4.051357e+00 6.004598e+02
2.824272e-01 7.472546e+02 6.685537e+00 -4.038675e+01 -7.405568e+00 5.982266e+02
2.830565e-01 7.444797e+02 5.559632e+00 -4.412456e+01 -1.915779e+01 5.815099e+02
2.836849e-01 7.375240e+02 5.098049e+00 -5.731495e+01 -2.597748e+01 5.490125e+02
2.843133e-01 7.292593e+02 3.137492e+00 -7.549557e+01 -2.881824e+01 5.015210e+02
2.849417e-01 7.201348e+02 1.166932e+00 -9.749719e+01 -2.990255e+01 4.504912e+02
2.855699e-01 7.110667e+02 9.165956e-02 -1.217815e+02 -2.761810e+01 3.939892e+02
2.861980e-01 7.034969e+02 1.552940e+00 -1.438989e+02 -2.588460e+01 3.425736e+02
2.868264e-01 6.956872e+02 3.612139e+00 -1.625195e+02 -2.242011e+01 3.011429e+02
2.874550e-01 6.897934e+02 6.651217e+00 -1.736519e+02 -1.738091e+01 2.736335e+02
2.880834e-01 6.860049e+02 8.367874e+00 -1.786511e+02 -9.893111e+00 2.619259e+02
2.887116e-01 6.843829e+02 9.744806e+00 -1.762580e+02 -1.813203e+00 2.597350e+02
2.893396e-01 6.852251e+02 1.064719e+01 -1.672148e+02 5.890185e+00 2.732617e+02
2.899676e-01 6.885070e+02 1.162230e+01 -1.549269e+02 1.076246e+01 2.957376e+02
2.905957e-01 6.926127e+02 1.178059e+01 -1.393657e+02 1.320953e+01 3.218591e+02
2.912243e-01 6.972834e+02 1.142846e+01 -1.219431e+02 1.105838e+01 3.509271e+02
2.918528e-01 7.024634e+02 1.081552e+01 -1.083481e+02 7.018704e+00 3.721147e+02
2.924811e-01 7.061441e+02 9.756224e+00 -9.601169e+01 1.551284e+00 3.875926e+02
2.931098e-01 7.088837e+02 9.331824e+00 -8.865529e+01 -6.529333e+00 3.936869e+02
2.937380e-01 7.100114e+02 8.474466e+00 -8.679937e+01 -1.170163e+01 3.882875e+02
2.943663e-01 7.093829e+02 7.096590e+00 -8.844428e+01 -1.573046e+01 3.775125e+02
2.949950e-01 7.075664e+02 5.921015e+00 -9.499132e+01 -1.723613e+01 3.560903e+02
2.956230e-01 7.047031e+02 5.466716e+00 -1.034314e+02 -1.496003e+01 3.297825e+02
2.962512e-01 7.014846e+02 5.544593e+00 -1.118695e+02 -1.231996e+01 3.054909e+02
2.968799e-01 6.976896e+02 6.827094e+00 -1.197659e+02 -7.838096e+00 2.837280e+02
2.975081e-01 6.949474e+02 8.073926e+00 -1.234222e+02 -3.200484e+00 2.736014e+02
2.981363e-01 6.929346e+02 9.326601e+00 -1.231841e+02 2.446670e+00 2.720811e+02
2.987649e-01 6.923995e+02 1.063885e+01 -1.176077e+02 7.811266e+00 2.828805e+02
2.993933e-01 6.940477e+02 1.169510e+01 -1.064485e+02 1.196372e+01 3.050944e+02
3.000210e-01 6.971067e+02 1.274414e+01 -9.264461e+01 1.727586e+01 3.369923e+02
3.006489e-01 7.015333e+02 1.288818e+01 -7.493702e+01 1.794982e+01 3.728800e+02
3.012772e-01 7.065929e+02 1.290309e+01 -5.513462e+01 1.837343e+01 4.114296e+02
3.019055e-01 7.119520e+02 1.229984e+01 -3.727395e+01 1.477686e+01 4.465354e+02
3.025339e-01 7.158185e+02 1.213331e+01 -2.036175e+01 9.231964e+00 4.735448e+02
3.031628e-01 7.188248e+02 1.128684e+01 -8.881958e+00 2.854194e+00 4.933036e+02
3.037913e-01 7.196227e+02 8.718240e+00 -2.904151e+00 -2.471937e+00 4.990396e+02
3.044197e-01 7.197054e+02 6.107078e+00 -2.577476e+00 -7.578576e+00 4.943763e+02
3.050478e-01 7.197654e+02 3.176176e+00 -1.233257e+01 -1.162446e+01 4.755823e+02
3.056758e-01 7.168638e+02 1.276067e+00 -2.563185e+01 -1.552209e+01 4.438039e+02
3.063043e-01 7.148004e+02 1.188417e+00 -4.460088e+01 -1.929192e+01 4.077018e+02
3.069326e-01 7.092619e+02 2.183375e+00 -6.481897e+01 -2.301820e+01 3.658271e+02
3.075614e-01 7.038904e+02 4.083064e+00 -8.226897e+01 -2.583297e+01 3.222686e+02
3.081897e-01 6.964919e+02 6.050014e+00 -9.853317e+01 -2.689837e+01 2.814569e+02
3.088177e-01 6.895869e+02 7.447255e+00 -1.090313e+02 -2.455439e+01 2.483682e+02
3.094460e-01 6.841128e+02 7.962340e+00 -1.165762e+02 -1.979212e+01 2.215871e+02
3.100746e-01 6.800023e+02 7.954546e+00 -1.191583e+02 -1.245999e+01 2.037876e+02
3.107034e-01 6.791147e+02 7.494586e+00 -1.203728e+02 -5.361120e+00 1.977535e+02
3.113314e-01 6.801330e+02 6.836252e+00 -1.189786e+02 2.541038e+00 2.000468e+02
3.119592e-01 6.829792e+02 6.528056e+00 -1.164696e+02 6.626985e+00 2.079110e+02
3.125877e-01 6.866824e+02 6.586648e+00 -1.137723e+02 9.844539e+00 2.213828e+02
3.132162e-01 6.897806e+02 6.781896e+00 -1.103930e+02 9.462417e+00 2.350737e+02
3.138441e-01 6.927162e+02 7.292102e+00 -1.071465e+02 7.698151e+00 2.476312e+02
3.144726e-01 6.937617e+02 7.491637e+00 -1.059768e+02 2.261094e+00 2.533143e+02
3.151006e-01 6.935345e+02 7.205815e+00 -1.070166e+02 -1.160110e+00 2.565042e+02
3.157285e-01 6.932241e+02 6.071591e+00 -1.105080e+02 -4.208169e+00 2.544755e+02
3.163571e-01 6.921127e+02 4.675323e+00 -1.161237e+02 -6.336163e+00 2.468784e+02
3.169854e-01 6.922012e+02 3.446077e+00 -1.257644e+02 -6.535944e+00 2.348858e+02
3.176141e-01 6.918611e+02 3.711645e+00 -1.344055e+02 -7.485413e+00 2.200613e+02
3.182425e-01 6.919672e+02 4.950520e+00 -1.428855e+02 -1.013779e+01 2.048713e+02
3.188706e-01 6.905001e+02 8.542307e+00 -1.458665e+02 -1.307538e+01 1.905558e+02
3.194993e-01 6.881760e+02 1.212356e+01 -1.447301e+02 -1.700632e+01 1.787452e+02
3.201278e-01 6.839293e+02 1.554215e+01 -1.375236e+02 -1.855749e+01 1.726481e+02
3.207553e-01 6.797551e+02 1.638828e+01 -1.250722e+02 -1.989895e+01 1.704506e+02
3.213837e-01 6.774840e+02 1.894074e+01 -1.061867e+02 -1.675479e+01 1.779864e+02
