# k, q0, q1/i, q2, q3/i, q4, norm, alpha = 0.0001269817568386293, 0.020396601297980627
5.385587e-04 1.999923e+06 9.696985e+04 1.942846e+04 -3.253358e+05 2.343682e+06
1.034961e-03 1.920196e+06 1.782063e+05 3.504930e+04 3.172817e+04 -2.312909e+05
1.650345e-03 1.754888e+06 2.550281e+05 7.294100e+04 1.264419e+05 -2.730541e+05
2.219461e-03 1.560657e+06 2.886258e+05 1.357868e+05 1.351137e+04 9.629005e+04
2.824187e-03 1.324166e+06 2.967451e+05 1.816582e+05 1.392592e+05 -1.144942e+05
3.476178e-03 1.064693e+06 2.631904e+05 2.376431e+05 1.441174e+05 -4.787573e+04
4.066840e-03 8.438222e+05 2.073549e+05 2.797020e+05 1.332402e+05 3.213141e+04
4.679538e-03 6.377879e+05 1.493372e+05 2.862928e+05 1.904317e+05 -4.354103e+04
5.338852e-03 4.550244e+05 8.448048e+04 2.783537e+05 1.938183e+05 -3.978594e+04
5.972931e-03 3.168544e+05 3.435989e+04 2.493630e+05 1.820717e+05 -3.667702e+04
6.592959e-03 2.184479e+05 -3.393227e+03 2.128962e+05 1.513365e+05 -1.963692e+04
7.211547e-03 1.424945e+05 -2.048962e+04 1.601691e+05 1.156339e+05 -1.038389e+04
7.844333e-03 9.224504e+04 -2.988158e+04 1.139992e+05 8.365559e+04 -5.482504e+03
8.479886e-03 5.736907e+04 -2.960851e+04 6.978673e+04 4.851959e+04 9.682190e+03
9.100686e-03 3.538222e+04 -2.466592e+04 3.507467e+04 2.546990e+04 1.250756e+04
9.724355e-03 2.147187e+04 -1.770977e+04 9.233491e+03 1.045446e+04 1.348677e+04
1.035816e-02 1.359107e+04 -1.101375e+04 -7.764297e+03 2.183387e+03 1.368573e+04
1.099013e-02 9.802156e+03 -5.672508e+03 -1.504736e+04 2.515976e+03 6.678232e+03
1.161954e-02 8.500145e+03 -1.388478e+03 -1.807556e+04 3.874773e+03 5.280023e+03
1.224543e-02 8.166247e+03 1.412822e+03 -1.590262e+04 6.778375e+03 3.803356e+03
1.287347e-02 8.563003e+03 3.171165e+03 -1.221968e+04 9.633749e+03 4.330718e+03
1.350110e-02 8.953974e+03 3.906586e+03 -7.337341e+03 1.203739e+04 6.129117e+03
1.412539e-02 8.813479e+03 3.738883e+03 -2.713115e+03 1.216278e+04 9.550188e+03
1.475576e-02 8.494019e+03 3.155584e+03 1.175010e+03 1.175770e+04 1.255420e+04
1.538306e-02 7.759606e+03 2.081714e+03 3.758200e+03 1.004346e+04 1.528145e+04
1.601201e-02 6.933972e+03 9.965577e+02 5.445183e+03 8.092404e+03 1.687575e+04
1.664797e-02 5.971986e+03 1.055065e+01 5.528746e+03 5.698834e+03 1.714844e+04
1.727684e-02 4.950701e+03 -7.722509e+02 4.959169e+03 3.273294e+03 1.642912e+04
1.790148e-02 4.083655e+03 -1.242170e+03 3.782411e+03 1.278791e+03 1.480053e+04
1.852764e-02 3.275807e+03 -1.456250e+03 2.212925e+03 -3.157565e+02 1.267589e+04
1.915179e-02 2.652522e+03 -1.373775e+03 6.581957e+02 -1.347708e+03 1.021744e+04
1.978148e-02 2.082948e+03 -1.134389e+03 -6.773089e+02 -1.819738e+03 7.687373e+03
2.041144e-02 1.689733e+03 -8.198497e+02 -1.678997e+03 -1.849745e+03 5.535675e+03
2.104337e-02 1.372630e+03 -4.378257e+02 -2.246385e+03 -1.435417e+03 3.631490e+03
2.167611e-02 1.181257e+03 -9.585429e+01 -2.460312e+03 -8.593514e+02 2.374291e+03
2.230308e-02 1.052719e+03 1.966102e+02 -2.281762e+03 -1.936775e+02 1.577999e+03
2.292974e-02 9.926424e+02 3.888491e+02 -1.871880e+03 4.280867e+02 1.344745e+03
2.355539e-02 9.583361e+02 5.193769e+02 -1.301596e+03 9.012066e+02 1.451112e+03
2.418150e-02 9.491124e+02 5.491826e+02 -6.962850e+02 1.167068e+03 1.897192e+03
2.480946e-02 9.396608e+02 5.068619e+02 -1.238843e+02 1.282775e+03 2.392154e+03
2.543879e-02 9.190676e+02 4.184881e+02 3.727061e+02 1.208215e+03 2.919390e+03
2.606741e-02 8.932993e+02 2.794946e+02 6.905574e+02 1.024273e+03 3.309384e+03
2.669501e-02 8.377662e+02 1.397898e+02 8.896628e+02 7.299506e+02 3.515777e+03
2.732628e-02 7.779415e+02 5.168781e-01 9.270274e+02 4.405662e+02 3.527815e+03
2.795771e-02 6.952833e+02 -1.136226e+02 8.275439e+02 1.361861e+02 3.317631e+03
2.858621e-02 6.103516e+02 -1.956164e+02 6.455286e+02 -1.101709e+02 2.966571e+03
2.921223e-02 5.288237e+02 -2.404140e+02 3.884037e+02 -2.807860e+02 2.508828e+03
2.983725e-02 4.391394e+02 -2.466486e+02 1.420227e+02 -3.713870e+02 1.992000e+03
3.046693e-02 3.686599e+02 -2.212178e+02 -1.158917e+02 -3.844991e+02 1.490502e+03
3.109608e-02 3.050339e+02 -1.736131e+02 -2.943580e+02 -3.303293e+02 1.052699e+03
3.172270e-02 2.588597e+02 -1.141956e+02 -4.280155e+02 -2.311864e+02 7.079803e+02
3.235285e-02 2.296374e+02 -4.617482e+01 -4.909249e+02 -9.705285e+01 4.763362e+02
3.298394e-02 2.111330e+02 1.532407e+01 -4.787972e+02 3.472641e+01 3.603257e+02
3.361458e-02 2.108068e+02 6.433659e+01 -4.239313e+02 1.504874e+02 3.638687e+02
3.424083e-02 2.136046e+02 9.886076e+01 -3.188550e+02 2.416606e+02 4.388412e+02
3.486711e-02 2.244113e+02 1.151628e+02 -1.962827e+02 2.949389e+02 5.751401e+02
3.549614e-02 2.339081e+02 1.133924e+02 -7.753249e+01 3.022517e+02 7.303878e+02
3.612198e-02 2.422308e+02 1.005822e+02 4.235287e+01 2.872151e+02 8.851203e+02
3.674992e-02 2.432883e+02 7.244454e+01 1.166988e+02 2.287963e+02 9.958456e+02
3.737802e-02 2.376383e+02 3.989407e+01 1.739558e+02 1.618485e+02 1.060928e+03
3.800827e-02 2.234460e+02 4.917881e+00 1.873240e+02 8.398090e+01 1.057107e+03
3.863754e-02 2.079337e+02 -2.668472e+01 1.718471e+02 8.562146e+00 1.018392e+03
3.926550e-02 1.853502e+02 -5.137906e+01 1.297884e+02 -5.272651e+01 9.154921e+02
3.989588e-02 1.622254e+02 -6.691377e+01 6.552392e+01 -9.914210e+01 7.843826e+02
4.052254e-02 1.393685e+02 -7.124094e+01 -4.526362e+00 -1.235295e+02 6.380646e+02
4.115124e-02 1.189766e+02 -6.554938e+01 -7.379567e+01 -1.252578e+02 4.925063e+02
4.177955e-02 1.015646e+02 -5.242828e+01 -1.272967e+02 -1.104405e+02 3.658559e+02
4.240547e-02 8.780567e+01 -3.341249e+01 -1.647243e+02 -7.887697e+01 2.629805e+02
4.303621e-02 7.937673e+01 -1.146292e+01 -1.836884e+02 -3.700924e+01 1.971297e+02
4.366615e-02 7.352370e+01 8.999534e+00 -1.763553e+02 7.170858e+00 1.628348e+02
4.429168e-02 7.273355e+01 2.528889e+01 -1.554603e+02 4.818037e+01 1.658053e+02
4.491727e-02 7.404285e+01 3.672032e+01 -1.178124e+02 8.101707e+01 1.942402e+02
4.554613e-02 7.778911e+01 4.165886e+01 -7.466225e+01 1.029963e+02 2.418988e+02
4.617836e-02 8.239874e+01 4.077214e+01 -2.962414e+01 1.109846e+02 2.993158e+02
4.680927e-02 8.607866e+01 3.399422e+01 9.359944e+00 1.041653e+02 3.526304e+02
4.743756e-02 8.875672e+01 2.388736e+01 3.987471e+01 8.688640e+01 3.956512e+02
4.806661e-02 8.955747e+01 1.137794e+01 5.771525e+01 6.120713e+01 4.242653e+02
4.869280e-02 8.782452e+01 -1.235040e+00 6.000222e+01 3.129974e+01 4.290953e+02
4.931779e-02 8.249622e+01 -1.246180e+01 5.220901e+01 1.950996e+00 4.094262e+02
4.994581e-02 7.638184e+01 -2.123849e+01 3.524316e+01 -2.299182e+01 3.764222e+02
5.057480e-02 6.791813e+01 -2.658232e+01 1.047093e+01 -4.191931e+01 3.251812e+02
5.120302e-02 5.961697e+01 -2.813528e+01 -1.705509e+01 -5.227054e+01 2.685177e+02
5.183209e-02 5.099746e+01 -2.555871e+01 -4.289119e+01 -5.253613e+01 2.085870e+02
5.246116e-02 4.394878e+01 -2.013839e+01 -6.459484e+01 -4.556762e+01 1.566271e+02
5.308896e-02 3.863799e+01 -1.238608e+01 -7.936273e+01 -3.201287e+01 1.158333e+02
5.371721e-02 3.526864e+01 -3.680164e+00 -8.552905e+01 -1.419862e+01 8.987257e+01
5.434780e-02 3.396102e+01 5.001604e+00 -8.296444e+01 4.890380e+00 7.942329e+01
5.497604e-02 3.435353e+01 1.236165e+01 -7.230511e+01 2.274027e+01 8.433135e+01
5.560013e-02 3.617819e+01 1.784224e+01 -5.573534e+01 3.718191e+01 1.015182e+02
5.622954e-02 3.849707e+01 2.058908e+01 -3.492064e+01 4.643526e+01 1.266114e+02
5.686173e-02 4.113965e+01 2.077008e+01 -1.370846e+01 4.956050e+01 1.557361e+02
5.748940e-02 4.317699e+01 1.835545e+01 6.554316e+00 4.652156e+01 1.836234e+02
5.811669e-02 4.460278e+01 1.390886e+01 2.257458e+01 3.858413e+01 2.067440e+02
5.874554e-02 4.433917e+01 8.006842e+00 3.343650e+01 2.658131e+01 2.193463e+02
5.937282e-02 4.338723e+01 1.649194e+00 3.719738e+01 1.215992e+01 2.236040e+02
6.000021e-02 4.114039e+01 -4.353382e+00 3.544547e+01 -2.114773e+00 2.166989e+02
6.062750e-02 3.792252e+01 -9.323446e+00 2.784762e+01 -1.481991e+01 1.997707e+02
6.125597e-02 3.416303e+01 -1.275121e+01 1.594879e+01 -2.440560e+01 1.756460e+02
6.188682e-02 3.014006e+01 -1.439373e+01 2.446280e+00 -3.020505e+01 1.474615e+02
6.251462e-02 2.625420e+01 -1.394553e+01 -1.220624e+01 -3.124010e+01 1.175703e+02
6.314049e-02 2.267657e+01 -1.188926e+01 -2.460512e+01 -2.806774e+01 8.961706e+01
6.377015e-02 1.988475e+01 -8.595525e+00 -3.428864e+01 -2.151782e+01 6.668067e+01
6.439971e-02 1.796835e+01 -4.506815e+00 -4.023906e+01 -1.259696e+01 5.033602e+01
6.502803e-02 1.689396e+01 -2.947370e-01 -4.171861e+01 -2.802440e+00 4.166885e+01
6.565852e-02 1.666514e+01 3.520828e+00 -3.892995e+01 6.678804e+00 4.046044e+01
6.628652e-02 1.720802e+01 6.513421e+00 -3.307923e+01 1.457564e+01 4.602127e+01
6.691319e-02 1.819915e+01 8.345578e+00 -2.497894e+01 1.977538e+01 5.626276e+01
6.754195e-02 1.942348e+01 8.965442e+00 -1.562427e+01 2.226301e+01 6.929826e+01
6.816923e-02 2.053523e+01 8.319921e+00 -6.685490e+00 2.149085e+01 8.245708e+01
6.879707e-02 2.129941e+01 6.554701e+00 6.495066e-01 1.811796e+01 9.318703e+01
6.942589e-02 2.172545e+01 4.152093e+00 5.888206e+00 1.285739e+01 1.011329e+02
7.005350e-02 2.149535e+01 1.288958e+00 8.279231e+00 6.363810e+00 1.038736e+02
7.068149e-02 2.064031e+01 -1.496211e+00 7.830422e+00 -1.885071e-01 1.011169e+02
7.131092e-02 1.937315e+01 -3.845502e+00 4.650772e+00 -6.098357e+00 9.410619e+01
7.194060e-02 1.776076e+01 -5.488268e+00 -3.608115e-01 -1.053740e+01 8.349992e+01
7.256947e-02 1.596092e+01 -6.234073e+00 -6.441446e+00 -1.302543e+01 7.072200e+01
7.319738e-02 1.410365e+01 -5.968256e+00 -1.274305e+01 -1.326861e+01 5.700219e+01
7.382604e-02 1.250859e+01 -4.933632e+00 -1.813181e+01 -1.157895e+01 4.486453e+01
7.445392e-02 1.125349e+01 -3.186404e+00 -2.211601e+01 -8.104531e+00 3.509166e+01
7.507965e-02 1.041208e+01 -1.068343e+00 -2.399973e+01 -3.574304e+00 2.879854e+01
7.570782e-02 9.994103e+00 1.097409e+00 -2.351984e+01 1.466002e+00 2.622089e+01
7.633697e-02 1.011851e+01 3.069372e+00 -2.115232e+01 6.266697e+00 2.786565e+01
7.696614e-02 1.057326e+01 4.555221e+00 -1.686729e+01 1.021443e+01 3.263531e+01
7.759521e-02 1.129549e+01 5.362417e+00 -1.159790e+01 1.270349e+01 3.985063e+01
7.822404e-02 1.213225e+01 5.475010e+00 -5.748433e+00 1.365895e+01 4.829086e+01
7.885455e-02 1.289780e+01 4.828409e+00 -3.492362e-01 1.281790e+01 5.636412e+01
7.948034e-02 1.350689e+01 3.644052e+00 4.095362e+00 1.057701e+01 6.326992e+01
8.010544e-02 1.375244e+01 2.026916e+00 7.024375e+00 7.087135e+00 6.754556e+01
8.073519e-02 1.369336e+01 2.236980e-01 8.138636e+00 3.035594e+00 6.899217e+01
8.136420e-02 1.322046e+01 -1.528601e+00 7.655935e+00 -1.187313e+00 6.730488e+01
8.199246e-02 1.243585e+01 -3.002975e+00 5.333679e+00 -4.911852e+00 6.259959e+01
8.262013e-02 1.133946e+01 -4.027921e+00 1.823518e+00 -7.748984e+00 5.521520e+01
8.325004e-02 1.016593e+01 -4.524369e+00 -2.353321e+00 -9.409082e+00 4.677710e+01
8.388076e-02 8.967056e+00 -4.409651e+00 -6.780333e+00 -9.624861e+00 3.762594e+01
8.450772e-02 7.920635e+00 -3.769929e+00 -1.073129e+01 -8.587079e+00 2.931231e+01
8.513407e-02 7.103669e+00 -2.668032e+00 -1.378129e+01 -6.379742e+00 2.245172e+01
8.576290e-02 6.564634e+00 -1.293086e+00 -1.552146e+01 -3.421178e+00 1.777462e+01
8.639170e-02 6.376737e+00 2.027225e-01 -1.588509e+01 -7.941222e-02 1.578490e+01
8.701933e-02 6.439806e+00 1.616905e+00 -1.471246e+01 3.174735e+00 1.625333e+01
8.764729e-02 6.762833e+00 2.767155e+00 -1.232986e+01 5.947217e+00 1.907321e+01
8.827546e-02 7.248442e+00 3.536108e+00 -9.076171e+00 7.868660e+00 2.361574e+01
8.890360e-02 7.773720e+00 3.819963e+00 -5.289075e+00 8.844759e+00 2.906522e+01
8.953185e-02 8.273724e+00 3.617194e+00 -1.543077e+00 8.653660e+00 3.458543e+01
9.016049e-02 8.650248e+00 2.985862e+00 1.743453e+00 7.534658e+00 3.939619e+01
9.078921e-02 8.902255e+00 2.028431e+00 4.213462e+00 5.566837e+00 4.314109e+01
9.141859e-02 8.907753e+00 8.715486e-01 5.459508e+00 3.057984e+00 4.477074e+01
9.204760e-02 8.701245e+00 -3.282144e-01 5.609835e+00 3.791589e-01 4.452355e+01
9.267535e-02 8.303980e+00 -1.388038e+00 4.542047e+00 -2.137986e+00 4.232998e+01
9.330406e-02 7.724344e+00 -2.223677e+00 2.660175e+00 -4.203039e+00 3.842603e+01
9.393390e-02 7.055465e+00 -2.714693e+00 7.172871e-02 -5.577363e+00 3.340908e+01
9.456102e-02 6.334621e+00 -2.830975e+00 -2.769173e+00 -6.104837e+00 2.776490e+01
9.518740e-02 5.649251e+00 -2.596535e+00 -5.439791e+00 -5.825617e+00 2.225911e+01
9.581568e-02 5.082296e+00 -2.051841e+00 -7.769571e+00 -4.806445e+00 1.749086e+01
9.644552e-02 4.622394e+00 -1.296042e+00 -9.287005e+00 -3.224828e+00 1.375681e+01
9.707482e-02 4.354868e+00 -4.243217e-01 -1.000905e+01 -1.319142e+00 1.156584e+01
9.770146e-02 4.270521e+00 4.293293e-01 -9.844085e+00 6.075234e-01 1.093987e+01
9.832882e-02 4.325352e+00 1.153789e+00 -8.853793e+00 2.314642e+00 1.170857e+01
9.895640e-02 4.535461e+00 1.675715e+00 -7.324382e+00 3.615783e+00 1.375089e+01
9.958504e-02 4.780323e+00 1.935044e+00 -5.325593e+00 4.332523e+00 1.642923e+01
1.002139e-01 5.061067e+00 1.898989e+00 -3.324289e+00 4.418490e+00 1.939402e+01
1.008411e-01 5.287962e+00 1.622140e+00 -1.453979e+00 3.937907e+00 2.208941e+01
1.014708e-01 5.456913e+00 1.128565e+00 1.307748e-02 2.923018e+00 2.424224e+01
1.021003e-01 5.499913e+00 5.126773e-01 8.093038e-01 1.585066e+00 2.533220e+01
1.027279e-01 5.412764e+00 -1.392723e-01 1.046355e+00 1.072215e-01 2.533940e+01
1.033572e-01 5.207451e+00 -7.264046e-01 5.370275e-01 -1.292340e+00 2.418161e+01
1.039858e-01 4.901219e+00 -1.197545e+00 -3.858791e-01 -2.445844e+00 2.213748e+01
1.046130e-01 4.525145e+00 -1.470528e+00 -1.750752e+00 -3.184548e+00 1.936006e+01
1.052407e-01 4.121696e+00 -1.530028e+00 -3.266650e+00 -3.451164e+00 1.625196e+01
1.058684e-01 3.738065e+00 -1.380225e+00 -4.683005e+00 -3.227049e+00 1.319339e+01
1.064969e-01 3.422654e+00 -1.045069e+00 -5.889090e+00 -2.555160e+00 1.061154e+01
1.071273e-01 3.185180e+00 -5.857561e-01 -6.643023e+00 -1.581142e+00 8.673765e+00
1.077558e-01 3.058653e+00 -6.036351e-02 -6.896132e+00 -4.107361e-01 7.672507e+00
1.083828e-01 3.043060e+00 4.509960e-01 -6.621283e+00 7.606300e-01 7.613278e+00
1.090114e-01 3.119770e+00 8.793785e-01 -5.873150e+00 1.790119e+00 8.434218e+00
1.096397e-01 3.277246e+00 1.172648e+00 -4.770125e+00 2.543714e+00 9.968457e+00
1.102684e-01 3.462989e+00 1.294857e+00 -3.436893e+00 2.925403e+00 1.187879e+01
1.108970e-01 3.662711e+00 1.232499e+00 -2.126849e+00 2.896728e+00 1.391511e+01
1.115233e-01 3.829444e+00 1.015726e+00 -9.527832e-01 2.494213e+00 1.572597e+01
1.121508e-01 3.933121e+00 6.662737e-01 -3.042369e-02 1.778791e+00 1.708447e+01
1.127798e-01 3.952526e+00 2.413599e-01 4.334705e-01 8.390709e-01 1.769726e+01
1.134097e-01 3.885271e+00 -2.001438e-01 5.087369e-01 -1.686209e-01 1.760463e+01
1.140373e-01 3.739211e+00 -5.923945e-01 7.031239e-02 -1.123237e+00 1.671867e+01
1.146647e-01 3.510935e+00 -8.955844e-01 -6.259550e-01 -1.866865e+00 1.519587e+01
1.152948e-01 3.247463e+00 -1.063399e+00 -1.603289e+00 -2.347918e+00 1.324650e+01
1.159235e-01 2.972717e+00 -1.080536e+00 -2.682136e+00 -2.471289e+00 1.109689e+01
1.165517e-01 2.708314e+00 -9.521590e-01 -3.667486e+00 -2.252666e+00 9.005822e+00
1.171799e-01 2.505248e+00 -6.923547e-01 -4.487974e+00 -1.716869e+00 7.302502e+00
1.178092e-01 2.353254e+00 -3.479893e-01 -4.960671e+00 -9.463983e-01 6.056381e+00
1.184382e-01 2.295201e+00 3.881661e-02 -5.094798e+00 -5.675445e-02 5.531353e+00
1.190649e-01 2.311012e+00 4.158080e-01 -4.819177e+00 8.372688e-01 5.662996e+00
1.196918e-01 2.397250e+00 7.304031e-01 -4.201648e+00 1.616172e+00 6.437795e+00
1.203206e-01 2.540810e+00 9.486343e-01 -3.322277e+00 2.181626e+00 7.726883e+00
1.209492e-01 2.710292e+00 1.044247e+00 -2.282839e+00 2.474839e+00 9.307541e+00
1.215770e-01 2.886044e+00 1.005204e+00 -1.248320e+00 2.445426e+00 1.098813e+01
1.222060e-01 3.026371e+00 8.427081e-01 -2.973308e-01 2.108278e+00 1.247804e+01
1.228351e-01 3.126429e+00 5.825681e-01 4.294035e-01 1.533534e+00 1.362148e+01
1.234639e-01 3.160873e+00 2.613038e-01 8.529112e-01 7.950588e-01 1.425129e+01
1.240910e-01 3.119467e+00 -8.252451e-02 9.362540e-01 -2.976974e-02 1.425179e+01
1.247182e-01 3.014012e+00 -3.962108e-01 6.696569e-01 -8.074404e-01 1.364009e+01
1.253470e-01 2.853435e+00 -6.534150e-01 1.520946e-01 -1.463212e+00 1.253845e+01
1.259754e-01 2.653488e+00 -8.105869e-01 -5.951304e-01 -1.904198e+00 1.102887e+01
1.266036e-01 2.433611e+00 -8.581510e-01 -1.439027e+00 -2.086071e+00 9.289582e+00
1.272319e-01 2.224401e+00 -7.928796e-01 -2.259508e+00 -2.000989e+00 7.569493e+00
1.278607e-01 2.048961e+00 -6.267117e-01 -2.971263e+00 -1.675540e+00 6.067064e+00
1.284890e-01 1.914687e+00 -3.824592e-01 -3.462708e+00 -1.145656e+00 4.907402e+00
1.291182e-01 1.838096e+00 -9.315530e-02 -3.686414e+00 -5.005497e-01 4.234732e+00
1.297470e-01 1.815437e+00 2.026080e-01 -3.605593e+00 1.760062e-01 4.071515e+00
1.303744e-01 1.842877e+00 4.668199e-01 -3.254794e+00 7.982359e-01 4.419327e+00
1.310022e-01 1.914140e+00 6.690996e-01 -2.680210e+00 1.288030e+00 5.187601e+00
1.316312e-01 1.999353e+00 7.815391e-01 -1.939467e+00 1.587613e+00 6.210904e+00
1.322597e-01 2.097467e+00 7.945746e-01 -1.165943e+00 1.664807e+00 7.377617e+00
1.328871e-01 2.182484e+00 7.128627e-01 -4.099938e-01 1.527384e+00 8.490031e+00
1.335151e-01 2.246285e+00 5.447124e-01 1.892125e-01 1.195873e+00 9.401556e+00
1.341448e-01 2.265217e+00 3.195451e-01 5.957283e-01 7.182824e-01 9.938477e+00
1.347734e-01 2.251258e+00 6.592147e-02 7.677335e-01 1.658118e-01 1.011672e+01
1.354003e-01 2.198209e+00 -1.788026e-01 6.592942e-01 -3.875157e-01 9.864700e+00
1.360284e-01 2.102982e+00 -3.891535e-01 3.736309e-01 -8.714231e-01 9.223015e+00
1.366568e-01 1.983872e+00 -5.352844e-01 -1.395041e-01 -1.227871e+00 8.259007e+00
1.372858e-01 1.842829e+00 -6.048062e-01 -7.225698e-01 -1.414172e+00 7.097984e+00
1.379142e-01 1.706097e+00 -5.951104e-01 -1.339433e+00 -1.421965e+00 5.899742e+00
1.385416e-01 1.575436e+00 -5.092422e-01 -1.890410e+00 -1.250732e+00 4.761979e+00
1.391708e-01 1.466070e+00 -3.650502e-01 -2.314537e+00 -9.354544e-01 3.824013e+00
1.397994e-01 1.398152e+00 -1.820804e-01 -2.578832e+00 -5.252529e-01 3.199057e+00
1.404273e-01 1.361527e+00 9.732241e-03 -2.633794e+00 -7.708935e-02 2.895824e+00
1.410561e-01 1.364681e+00 1.893934e-01 -2.506972e+00 3.468887e-01 2.946748e+00
1.416844e-01 1.403954e+00 3.309803e-01 -2.221020e+00 6.954125e-01 3.312875e+00
1.423121e-01 1.465655e+00 4.218719e-01 -1.818979e+00 9.275268e-01 3.895847e+00
1.429401e-01 1.538280e+00 4.494075e-01 -1.368959e+00 1.010707e+00 4.599504e+00
1.435692e-01 1.609817e+00 4.159618e-01 -9.163373e-01 9.601036e-01 5.308494e+00
1.441983e-01 1.666910e+00 3.280406e-01 -5.450521e-01 7.729279e-01 5.914536e+00
1.448262e-01 1.701329e+00 2.011915e-01 -2.740115e-01 4.891737e-01 6.336047e+00
1.454539e-01 1.703640e+00 5.281947e-02 -1.501206e-01 1.486420e-01 6.491069e+00
1.460823e-01 1.673775e+00 -9.210344e-02 -1.860928e-01 -2.019030e-01 6.368310e+00
1.467115e-01 1.615718e+00 -2.185550e-01 -3.463971e-01 -5.151178e-01 6.009436e+00
1.473399e-01 1.535306e+00 -3.077988e-01 -6.200109e-01 -7.515514e-01 5.438107e+00
1.479676e-01 1.442031e+00 -3.495304e-01 -9.581921e-01 -8.804806e-01 4.741238e+00
1.485964e-01 1.344935e+00 -3.392830e-01 -1.308586e+00 -8.923602e-01 3.998089e+00
1.492243e-01 1.258589e+00 -2.843331e-01 -1.628249e+00 -7.911754e-01 3.321023e+00
1.498507e-01 1.189858e+00 -1.900247e-01 -1.864353e+00 -5.942621e-01 2.769620e+00
1.504788e-01 1.144521e+00 -7.338600e-02 -1.995146e+00 -3.284571e-01 2.411536e+00
1.511078e-01 1.125761e+00 5.095716e-02 -1.997126e+00 -4.123013e-02 2.266642e+00
1.517364e-01 1.132792e+00 1.646797e-01 -1.886922e+00 2.388928e-01 2.352854e+00
1.523652e-01 1.162016e+00 2.515095e-01 -1.673107e+00 4.662263e-01 2.625256e+00
1.529942e-01 1.202804e+00 3.026172e-01 -1.391412e+00 6.144077e-01 3.032005e+00
1.536237e-01 1.252625e+00 3.090990e-01 -1.083981e+00 6.690251e-01 3.504048e+00
1.542519e-01 1.294049e+00 2.751310e-01 -7.858834e-01 6.243036e-01 3.956372e+00
1.548791e-01 1.331364e+00 2.034109e-01 -5.565127e-01 4.946183e-01 4.335059e+00
1.555078e-01 1.343980e+00 1.099884e-01 -3.902091e-01 2.911935e-01 4.554024e+00
1.561363e-01 1.340904e+00 2.901437e-03 -3.461810e-01 5.656505e-02 4.603382e+00
1.567636e-01 1.316700e+00 -9.486040e-02 -3.955500e-01 -1.815390e-01 4.469707e+00
1.573916e-01 1.272305e+00 -1.786661e-01 -5.372801e-01 -3.950875e-01 4.164070e+00
1.580207e-01 1.218206e+00 -2.279176e-01 -7.542771e-01 -5.406657e-01 3.737521e+00
1.586492e-01 1.153096e+00 -2.435054e-01 -9.954671e-01 -6.113409e-01 3.235348e+00
1.592766e-01 1.092281e+00 -2.215832e-01 -1.239941e+00 -5.954090e-01 2.733100e+00
1.599049e-01 1.035127e+00 -1.660343e-01 -1.436567e+00 -4.931208e-01 2.287073e+00
1.605344e-01 9.946123e-01 -8.527879e-02 -1.569110e+00 -3.252287e-01 1.960765e+00
1.611623e-01 9.719391e-01 8.252772e-03 -1.608768e+00 -1.140756e-01 1.786357e+00
1.617904e-01 9.663453e-01 1.014023e-01 -1.552447e+00 1.119991e-01 1.779462e+00
1.624191e-01 9.832299e-01 1.830589e-01 -1.410476e+00 3.175127e-01 1.943061e+00
1.630470e-01 1.012859e+00 2.402365e-01 -1.194755e+00 4.787304e-01 2.237159e+00
1.636756e-01 1.054159e+00 2.659561e-01 -9.404970e-01 5.691873e-01 2.622403e+00
1.643038e-01 1.098168e+00 2.592940e-01 -6.747855e-01 5.812438e-01 3.039476e+00
1.649313e-01 1.138529e+00 2.195836e-01 -4.347770e-01 5.158168e-01 3.424437e+00
1.655596e-01 1.171300e+00 1.558558e-01 -2.485035e-01 3.770151e-01 3.735660e+00
1.661885e-01 1.187642e+00 7.339065e-02 -1.376429e-01 1.932160e-01 3.913624e+00
1.668177e-01 1.183276e+00 -1.280367e-02 -1.146386e-01 -1.619396e-02 3.930339e+00
1.674456e-01 1.165032e+00 -9.381648e-02 -1.765033e-01 -2.187610e-01 3.810550e+00
1.680727e-01 1.126725e+00 -1.599384e-01 -3.089097e-01 -3.885519e-01 3.541970e+00
1.687016e-01 1.077227e+00 -1.999073e-01 -5.008103e-01 -5.018989e-01 3.166079e+00
1.693313e-01 1.020191e+00 -2.132454e-01 -7.135155e-01 -5.479392e-01 2.728365e+00
1.699587e-01 9.650054e-01 -1.961681e-01 -9.247984e-01 -5.218294e-01 2.301238e+00
1.705866e-01 9.151428e-01 -1.535493e-01 -1.101955e+00 -4.317084e-01 1.918063e+00
1.712159e-01 8.779979e-01 -9.088217e-02 -1.226749e+00 -2.900245e-01 1.631247e+00
1.718445e-01 8.538845e-01 -1.803191e-02 -1.278462e+00 -1.203925e-01 1.467409e+00
1.724727e-01 8.459761e-01 5.479612e-02 -1.257605e+00 5.290601e-02 1.439123e+00
1.731002e-01 8.529706e-01 1.180222e-01 -1.169743e+00 2.088317e-01 1.542247e+00
1.737290e-01 8.696067e-01 1.609553e-01 -1.025851e+00 3.223598e-01 1.742302e+00
1.743571e-01 8.954800e-01 1.791622e-01 -8.552535e-01 3.821708e-01 2.008583e+00
1.749848e-01 9.197583e-01 1.713297e-01 -6.774365e-01 3.814243e-01 2.278622e+00
1.756135e-01 9.426061e-01 1.386007e-01 -5.215554e-01 3.222997e-01 2.524217e+00
1.762417e-01 9.587870e-01 8.604752e-02 -4.158397e-01 2.125276e-01 2.698864e+00
1.768700e-01 9.608112e-01 2.437326e-02 -3.642535e-01 7.237455e-02 2.762177e+00
1.774983e-01 9.532638e-01 -3.898253e-02 -3.864377e-01 -7.501262e-02 2.718165e+00
1.781269e-01 9.301778e-01 -9.228566e-02 -4.650744e-01 -2.108064e-01 2.557562e+00
1.787551e-01 8.986449e-01 -1.273732e-01 -5.894801e-01 -3.077666e-01 2.310804e+00
1.793837e-01 8.611917e-01 -1.392798e-01 -7.468213e-01 -3.502133e-01 2.013340e+00
1.800121e-01 8.213884e-01 -1.234404e-01 -8.943783e-01 -3.286830e-01 1.701030e+00
1.806398e-01 7.877559e-01 -8.109633e-02 -1.018298e+00 -2.432494e-01 1.436239e+00
1.812676e-01 7.649762e-01 -1.876046e-02 -1.086668e+00 -1.032999e-01 1.259928e+00
1.818961e-01 7.556514e-01 6.092015e-02 -1.082525e+00 7.915056e-02 1.200439e+00
1.825251e-01 7.663996e-01 1.433814e-01 -9.993207e-01 2.763375e-01 1.296168e+00
1.831533e-01 7.911679e-01 2.217567e-01 -8.279944e-01 4.656107e-01 1.527066e+00
1.837813e-01 8.353832e-01 2.849429e-01 -5.947499e-01 6.226913e-01 1.904189e+00
1.844104e-01 8.898112e-01 3.244262e-01 -3.055665e-01 7.260299e-01 2.378242e+00
1.850389e-01 9.494497e-01 3.344747e-01 6.968000e-03 7.625097e-01 2.900478e+00
1.856669e-01 1.007268e+00 3.117823e-01 3.079543e-01 7.212267e-01 3.412836e+00
1.862953e-01 1.057430e+00 2.600078e-01 5.758546e-01 6.135734e-01 3.874872e+00
1.869236e-01 1.094025e+00 1.814436e-01 7.747246e-01 4.428454e-01 4.220890e+00
1.875520e-01 1.111096e+00 8.657393e-02 8.889562e-01 2.300218e-01 4.407007e+00
1.881803e-01 1.108141e+00 -1.655263e-02 9.006887e-01 -1.074224e-03 4.421707e+00
1.888083e-01 1.084787e+00 -1.150681e-01 8.215458e-01 -2.283968e-01 4.262888e+00
1.894359e-01 1.045862e+00 -1.984842e-01 6.485077e-01 -4.266808e-01 3.950573e+00
1.900648e-01 9.903413e-01 -2.584170e-01 4.097954e-01 -5.727280e-01 3.499059e+00
1.906937e-01 9.273770e-01 -2.878940e-01 1.257584e-01 -6.559788e-01 2.972169e+00
1.913208e-01 8.641222e-01 -2.846913e-01 -1.665372e-01 -6.660470e-01 2.426684e+00
1.919495e-01 8.046982e-01 -2.526291e-01 -4.346107e-01 -6.132722e-01 1.915871e+00
1.925783e-01 7.531243e-01 -1.915458e-01 -6.586084e-01 -4.912416e-01 1.472782e+00
1.932069e-01 7.165993e-01 -1.151964e-01 -8.082433e-01 -3.305575e-01 1.156624e+00
1.938350e-01 6.954295e-01 -3.008763e-02 -8.775535e-01 -1.462841e-01 9.775797e-01
1.944626e-01 6.908077e-01 5.314669e-02 -8.640189e-01 3.853124e-02 9.500954e-01
1.950912e-01 7.008192e-01 1.235601e-01 -7.705761e-01 2.021826e-01 1.055510e+00
1.957198e-01 7.227177e-01 1.753944e-01 -6.198302e-01 3.255819e-01 1.274230e+00
1.963481e-01 7.526199e-01 2.018362e-01 -4.318138e-01 3.967221e-01 1.564298e+00
1.969763e-01 7.845425e-01 2.012555e-01 -2.341595e-01 4.076198e-01 1.883747e+00
1.976057e-01 8.134934e-01 1.761604e-01 -5.157090e-02 3.652001e-01 2.181991e+00
1.982346e-01 8.359476e-01 1.302139e-01 9.524155e-02 2.711402e-01 2.421228e+00
1.988621e-01 8.468180e-01 6.988537e-02 1.845199e-01 1.432364e-01 2.565910e+00
1.994900e-01 8.458922e-01 5.535574e-03 2.137513e-01 1.167974e-03 2.600557e+00
2.001183e-01 8.309743e-01 -5.705320e-02 1.791703e-01 -1.403867e-01 2.518446e+00
2.007462e-01 8.053202e-01 -1.082478e-01 8.605311e-02 -2.609140e-01 2.335398e+00
2.013743e-01 7.708073e-01 -1.433474e-01 -4.607222e-02 -3.455569e-01 2.072437e+00
2.020025e-01 7.324508e-01 -1.579540e-01 -2.063763e-01 -3.870732e-01 1.764738e+00
2.026313e-01 6.944309e-01 -1.520785e-01 -3.653723e-01 -3.785987e-01 1.451324e+00
2.032604e-01 6.620732e-01 -1.265556e-01 -5.121413e-01 -3.276860e-01 1.167159e+00
2.038879e-01 6.370839e-01 -8.509093e-02 -6.218267e-01 -2.369733e-01 9.437912e-01
2.045158e-01 6.226788e-01 -3.420175e-02 -6.840199e-01 -1.248128e-01 8.044666e-01
2.051449e-01 6.197467e-01 1.993945e-02 -6.954798e-01 -3.565378e-03 7.636969e-01
2.057735e-01 6.260737e-01 7.005876e-02 -6.535294e-01 1.111214e-01 8.131456e-01
2.064017e-01 6.422833e-01 1.107680e-01 -5.695816e-01 2.069649e-01 9.464763e-01
2.070305e-01 6.607794e-01 1.353488e-01 -4.508592e-01 2.691652e-01 1.130721e+00
2.076594e-01 6.837429e-01 1.436523e-01 -3.209237e-01 2.963826e-01 1.349230e+00
2.082867e-01 7.044957e-01 1.329223e-01 -1.909210e-01 2.826169e-01 1.560897e+00
2.089139e-01 7.200977e-01 1.083959e-01 -8.068955e-02 2.370776e-01 1.736767e+00
2.095429e-01 7.295844e-01 7.173422e-02 -4.216491e-03 1.601854e-01 1.856159e+00
2.101711e-01 7.319183e-01 2.974427e-02 3.389258e-02 6.829775e-02 1.908461e+00
2.107990e-01 7.264438e-01 -1.178877e-02 2.930814e-02 -2.741353e-02 1.884703e+00
2.114275e-01 7.136800e-01 -4.755248e-02 -1.503540e-02 -1.138911e-01 1.791415e+00
2.120557e-01 6.955194e-01 -7.299251e-02 -9.252077e-02 -1.797559e-01 1.640997e+00
2.126842e-01 6.746637e-01 -8.544914e-02 -1.877915e-01 -2.165080e-01 1.459517e+00
2.133127e-01 6.539846e-01 -8.472882e-02 -2.855566e-01 -2.224821e-01 1.270565e+00
2.139414e-01 6.354645e-01 -7.026002e-02 -3.765827e-01 -1.950336e-01 1.096047e+00
2.145702e-01 6.209317e-01 -4.535985e-02 -4.425912e-01 -1.414269e-01 9.546027e-01
2.151979e-01 6.124949e-01 -1.410047e-02 -4.809581e-01 -7.309056e-02 8.674628e-01
2.158262e-01 6.095968e-01 1.953794e-02 -4.811507e-01 1.873914e-03 8.398872e-01
2.164548e-01 6.126925e-01 4.962267e-02 -4.490724e-01 7.032795e-02 8.717953e-01
2.170834e-01 6.193370e-01 7.376052e-02 -3.866621e-01 1.240042e-01 9.511454e-01
2.177116e-01 6.294328e-01 8.646861e-02 -3.062274e-01 1.535943e-01 1.068349e+00
2.183390e-01 6.393234e-01 8.721313e-02 -2.196775e-01 1.554268e-01 1.196987e+00
2.189672e-01 6.481525e-01 7.583419e-02 -1.357341e-01 1.323259e-01 1.321442e+00
2.195962e-01 6.538413e-01 5.358250e-02 -7.052980e-02 8.397630e-02 1.413991e+00
2.202247e-01 6.543860e-01 2.447304e-02 -3.237489e-02 2.102884e-02 1.466148e+00
2.208525e-01 6.511732e-01 -7.780448e-03 -2.610160e-02 -4.842225e-02 1.464734e+00
2.214806e-01 6.423685e-01 -3.825734e-02 -5.048047e-02 -1.156626e-01 1.410479e+00
2.221096e-01 6.292565e-01 -6.358737e-02 -1.048791e-01 -1.684206e-01 1.305483e+00
2.227377e-01 6.128613e-01 -7.921931e-02 -1.798808e-01 -2.014534e-01 1.165511e+00
2.233660e-01 5.961425e-01 -8.433717e-02 -2.671465e-01 -2.089671e-01 1.009528e+00
2.239949e-01 5.794730e-01 -7.743192e-02 -3.522790e-01 -1.900214e-01 8.523515e-01
2.246230e-01 5.658632e-01 -6.011391e-02 -4.249936e-01 -1.479965e-01 7.183309e-01
2.252510e-01 5.558593e-01 -3.392624e-02 -4.749297e-01 -8.664221e-02 6.168375e-01
2.258786e-01 5.520837e-01 -3.399614e-03 -4.971754e-01 -1.689842e-02 5.689105e-01
2.265070e-01 5.535577e-01 2.907781e-02 -4.872465e-01 5.455089e-02 5.728187e-01
2.271353e-01 5.600508e-01 5.776832e-02 -4.474700e-01 1.174076e-01 6.285748e-01
2.277640e-01 5.710523e-01 7.939667e-02 -3.842392e-01 1.616646e-01 7.284921e-01
2.283928e-01 5.844958e-01 9.155991e-02 -3.035605e-01 1.864594e-01 8.562303e-01
2.290206e-01 5.983979e-01 9.242924e-02 -2.194761e-01 1.863120e-01 9.967131e-01
2.296494e-01 6.112446e-01 8.232185e-02 -1.381662e-01 1.624752e-01 1.128690e+00
2.302775e-01 6.208852e-01 6.253549e-02 -7.489166e-02 1.178581e-01 1.232397e+00
2.309053e-01 6.261827e-01 3.594674e-02 -3.430818e-02 6.023494e-02 1.300008e+00
2.315342e-01 6.260106e-01 6.561130e-03 -2.175741e-02 -4.011891e-03 1.315689e+00
2.321633e-01 6.200620e-01 -2.222503e-02 -3.930437e-02 -6.659698e-02 1.280080e+00
2.327917e-01 6.097640e-01 -4.661741e-02 -7.998711e-02 -1.192324e-01 1.198770e+00
2.334191e-01 5.955372e-01 -6.315412e-02 -1.416117e-01 -1.568511e-01 1.080142e+00
2.340471e-01 5.792282e-01 -6.993593e-02 -2.151052e-01 -1.732626e-01 9.411616e-01
2.346760e-01 5.631319e-01 -6.652795e-02 -2.880991e-01 -1.689917e-01 7.989312e-01
2.353048e-01 5.489410e-01 -5.365756e-02 -3.545312e-01 -1.445465e-01 6.702341e-01
2.359331e-01 5.379609e-01 -3.287792e-02 -4.028531e-01 -1.025183e-01 5.704720e-01
2.365605e-01 5.314659e-01 -7.480449e-03 -4.293754e-01 -5.190369e-02 5.127478e-01
2.371890e-01 5.299963e-01 1.951890e-02 -4.298979e-01 3.155472e-03 4.993430e-01
2.378178e-01 5.325999e-01 4.359971e-02 -4.035069e-01 5.401830e-02 5.291427e-01
2.384456e-01 5.390553e-01 6.235337e-02 -3.576305e-01 9.374972e-02 5.984326e-01
2.390742e-01 5.482433e-01 7.333680e-02 -2.954477e-01 1.200939e-01 6.909588e-01
2.397020e-01 5.576695e-01 7.457065e-02 -2.279985e-01 1.238096e-01 7.956176e-01
2.403299e-01 5.672289e-01 6.730337e-02 -1.636689e-01 1.117774e-01 8.966213e-01
2.409587e-01 5.746813e-01 5.171334e-02 -1.081336e-01 8.124705e-02 9.793246e-01
2.415875e-01 5.780516e-01 3.078949e-02 -7.368491e-02 3.688412e-02 1.028990e+00
2.422165e-01 5.780648e-01 7.844721e-03 -5.965637e-02 -1.350681e-02 1.042460e+00
2.428445e-01 5.741516e-01 -1.495271e-02 -7.044461e-02 -6.389084e-02 1.017187e+00
2.434722e-01 5.654321e-01 -3.343678e-02 -9.927239e-02 -1.079411e-01 9.530243e-01
2.441005e-01 5.546239e-01 -4.554844e-02 -1.459006e-01 -1.379467e-01 8.636926e-01
2.447295e-01 5.406482e-01 -5.020040e-02 -2.000048e-01 -1.520132e-01 7.549282e-01
2.453575e-01 5.273110e-01 -4.635366e-02 -2.550335e-01 -1.469319e-01 6.439509e-01
2.459854e-01 5.152182e-01 -3.517830e-02 -3.023843e-01 -1.220952e-01 5.449563e-01
2.466143e-01 5.054931e-01 -1.766217e-02 -3.346812e-01 -8.412331e-02 4.676937e-01
2.472426e-01 4.997207e-01 3.105120e-03 -3.485844e-01 -3.558795e-02 4.246046e-01
2.478702e-01 4.983577e-01 2.484503e-02 -3.411304e-01 1.550439e-02 4.173462e-01
2.484984e-01 5.014244e-01 4.513185e-02 -3.121058e-01 6.279995e-02 4.479637e-01
2.491273e-01 5.083674e-01 6.045733e-02 -2.671801e-01 9.946965e-02 5.103863e-01
2.497552e-01 5.173815e-01 6.992196e-02 -2.092880e-01 1.225858e-01 5.963835e-01
2.503834e-01 5.286225e-01 7.110022e-02 -1.484811e-01 1.281367e-01 6.955612e-01
2.510119e-01 5.385514e-01 6.504919e-02 -8.950874e-02 1.168725e-01 7.883527e-01
2.516403e-01 5.478028e-01 5.178704e-02 -4.235946e-02 9.005137e-02 8.692208e-01
2.522691e-01 5.536712e-01 3.280904e-02 -1.179012e-02 5.273878e-02 9.231988e-01
2.528974e-01 5.560758e-01 1.164760e-02 6.795589e-06 9.398512e-03 9.425181e-01
2.535254e-01 5.550668e-01 -9.101403e-03 -1.017603e-02 -3.436708e-02 9.261281e-01
2.541542e-01 5.488900e-01 -2.792355e-02 -3.808678e-02 -7.292037e-02 8.745742e-01
2.547828e-01 5.403905e-01 -4.015608e-02 -8.128833e-02 -1.004875e-01 7.961543e-01
2.554104e-01 5.296639e-01 -4.686436e-02 -1.346217e-01 -1.150552e-01 7.006649e-01
2.560379e-01 5.169731e-01 -4.562873e-02 -1.877696e-01 -1.139284e-01 5.983894e-01
2.566670e-01 5.054790e-01 -3.764868e-02 -2.373223e-01 -9.953742e-02 5.057016e-01
2.572958e-01 4.955328e-01 -2.456165e-02 -2.758843e-01 -7.221975e-02 4.300178e-01
2.579236e-01 4.891494e-01 -7.017288e-03 -2.986565e-01 -3.688779e-02 3.853376e-01
2.585522e-01 4.857014e-01 1.125910e-02 -3.035292e-01 1.518196e-03 3.693682e-01
2.591808e-01 4.864461e-01 2.845525e-02 -2.899496e-01 3.769745e-02 3.883335e-01
2.598086e-01 4.906155e-01 4.289063e-02 -2.606744e-01 6.586713e-02 4.353835e-01
2.604363e-01 4.974180e-01 5.204975e-02 -2.193208e-01 8.389509e-02 5.011439e-01
2.610650e-01 5.050005e-01 5.556732e-02 -1.710266e-01 8.831339e-02 5.789807e-01
2.616935e-01 5.128025e-01 5.266634e-02 -1.237347e-01 7.835630e-02 6.515944e-01
2.623210e-01 5.189002e-01 4.417897e-02 -8.209109e-02 5.590261e-02 7.143146e-01
2.629494e-01 5.217142e-01 3.107753e-02 -5.218802e-02 2.305945e-02 7.514830e-01
2.635781e-01 5.218012e-01 1.513944e-02 -3.614629e-02 -1.348347e-02 7.634906e-01
2.642065e-01 5.179195e-01 -1.768021e-03 -3.723081e-02 -5.030178e-02 7.458363e-01
2.648347e-01 5.116673e-01 -1.740224e-02 -5.499901e-02 -8.252060e-02 7.004898e-01
2.654637e-01 5.027338e-01 -2.935300e-02 -8.606596e-02 -1.045765e-01 6.318077e-01
2.660924e-01 4.934884e-01 -3.614679e-02 -1.258395e-01 -1.152069e-01 5.516296e-01
2.667201e-01 4.839797e-01 -3.687318e-02 -1.694658e-01 -1.117293e-01 4.665465e-01
2.673488e-01 4.755714e-01 -3.150844e-02 -2.098493e-01 -9.680030e-02 3.895110e-01
2.679778e-01 4.693316e-01 -1.994624e-02 -2.421274e-01 -6.951960e-02 3.255911e-01
2.686062e-01 4.654039e-01 -5.471808e-03 -2.603583e-01 -3.595254e-02 2.863816e-01
2.692341e-01 4.643081e-01 1.175773e-02 -2.638365e-01 2.603901e-04 2.728501e-01
2.698620e-01 4.663513e-01 2.810582e-02 -2.508211e-01 3.506570e-02 2.884932e-01
2.704897e-01 4.707923e-01 4.153252e-02 -2.225644e-01 6.393826e-02 3.271587e-01
2.711178e-01 4.770229e-01 5.113919e-02 -1.836885e-01 8.454259e-02 3.862409e-01
2.717462e-01 4.850658e-01 5.476682e-02 -1.381020e-01 9.264161e-02 4.570324e-01
2.723748e-01 4.923921e-01 5.306385e-02 -9.290248e-02 8.991808e-02 5.282516e-01
2.730040e-01 4.997871e-01 4.577726e-02 -5.288624e-02 7.421795e-02 5.934137e-01
2.736320e-01 5.047601e-01 3.443689e-02 -2.282575e-02 5.135099e-02 6.404530e-01
2.742595e-01 5.074177e-01 2.037180e-02 -5.526899e-03 2.220648e-02 6.665607e-01
2.748883e-01 5.076261e-01 6.159216e-03 -2.926574e-03 -8.699147e-03 6.685007e-01
2.755167e-01 5.033216e-01 -7.872769e-03 -1.408326e-02 -3.815733e-02 6.437182e-01
2.761449e-01 4.980078e-01 -1.771128e-02 -3.844487e-02 -6.058411e-02 5.982288e-01
2.767736e-01 4.894360e-01 -2.436693e-02 -6.931921e-02 -7.513265e-02 5.380431e-01
2.774020e-01 4.800449e-01 -2.566438e-02 -1.045794e-01 -7.945810e-02 4.703179e-01
2.780301e-01 4.711899e-01 -2.263694e-02 -1.385477e-01 -7.241939e-02 4.064805e-01
2.786580e-01 4.633966e-01 -1.551838e-02 -1.674126e-01 -5.784842e-02 3.521406e-01
2.792860e-01 4.574337e-01 -5.378275e-03 -1.855749e-01 -3.451225e-02 3.143023e-01
2.799146e-01 4.550324e-01 5.693568e-03 -1.931905e-01 -9.195564e-03 2.977110e-01
2.805434e-01 4.547523e-01 1.686017e-02 -1.897701e-01 1.643307e-02 3.036339e-01
2.811718e-01 4.577606e-01 2.673453e-02 -1.744120e-01 3.836798e-02 3.292796e-01
2.817991e-01 4.625601e-01 3.271046e-02 -1.506954e-01 5.257473e-02 3.702080e-01
2.824272e-01 4.683256e-01 3.584104e-02 -1.221767e-01 5.889333e-02 4.194488e-01
2.830565e-01 4.748646e-01 3.443101e-02 -9.312572e-02 5.451592e-02 4.728922e-01
2.836849e-01 4.795319e-01 2.918081e-02 -6.619840e-02 4.180411e-02 5.170263e-01
2.843133e-01 4.829236e-01 2.101432e-02 -4.756911e-02 2.205397e-02 5.493179e-01
2.849417e-01 4.838934e-01 1.052536e-02 -3.792026e-02 -2.074578e-03 5.641705e-01
2.855699e-01 4.816260e-01 -1.187648e-04 -3.860680e-02 -2.689607e-02 5.579485e-01
2.861980e-01 4.779820e-01 -1.025581e-02 -5.055697e-02 -4.897238e-02 5.332229e-01
2.868264e-01 4.717343e-01 -1.749398e-02 -7.162340e-02 -6.582931e-02 4.910702e-01
2.874550e-01 4.642904e-01 -2.150283e-02 -9.778430e-02 -7.327051e-02 4.395752e-01
2.880834e-01 4.571694e-01 -2.191125e-02 -1.275340e-01 -7.348796e-02 3.837922e-01
2.887116e-01 4.498729e-01 -1.807116e-02 -1.544818e-01 -6.215055e-02 3.313329e-01
2.893396e-01 4.450403e-01 -1.109494e-02 -1.763505e-01 -4.505339e-02 2.901527e-01
2.899676e-01 4.419742e-01 -1.861430e-03 -1.903868e-01 -2.058040e-02 2.631500e-01
2.905957e-01 4.415830e-01 8.699155e-03 -1.934080e-01 5.935565e-03 2.567987e-01
2.912243e-01 4.440350e-01 1.899502e-02 -1.866302e-01 2.999838e-02 2.676233e-01
2.918528e-01 4.483797e-01 2.820016e-02 -1.687427e-01 5.114540e-02 2.965978e-01
2.924811e-01 4.545216e-01 3.471408e-02 -1.444049e-01 6.312785e-02 3.386560e-01
2.931098e-01 4.609870e-01 3.773693e-02 -1.157601e-01 6.713799e-02 3.886094e-01
2.937380e-01 4.675110e-01 3.713482e-02 -8.604186e-02 6.207353e-02 4.401397e-01
2.943663e-01 4.727319e-01 3.227191e-02 -6.014926e-02 4.915762e-02 4.845860e-01
2.949950e-01 4.760528e-01 2.384468e-02 -4.145400e-02 2.972526e-02 5.180857e-01
2.956230e-01 4.775174e-01 1.336714e-02 -3.227835e-02 7.156528e-03 5.353659e-01
2.962512e-01 4.763473e-01 1.502978e-03 -3.361976e-02 -1.455120e-02 5.324919e-01
2.968799e-01 4.737854e-01 -9.560582e-03 -4.591545e-02 -3.528992e-02 5.112065e-01
2.975081e-01 4.696254e-01 -1.808063e-02 -6.710114e-02 -5.108784e-02 4.727632e-01
2.981363e-01 4.639156e-01 -2.319467e-02 -9.426048e-02 -6.108670e-02 4.251486e-01
2.987649e-01 4.582755e-01 -2.357254e-02 -1.243611e-01 -6.411194e-02 3.713604e-01
2.993933e-01 4.520136e-01 -1.972412e-02 -1.523964e-01 -5.948926e-02 3.196951e-01
3.000210e-01 4.467712e-01 -1.258031e-02 -1.758620e-01 -4.968434e-02 2.764711e-01
3.006489e-01 4.424267e-01 -2.454371e-03 -1.908738e-01 -3.409793e-02 2.461166e-01
3.012772e-01 4.399724e-01 8.189441e-03 -1.968967e-01 -1.504409e-02 2.335113e-01
3.019055e-01 4.397156e-01 1.829988e-02 -1.919452e-01 4.631555e-03 2.358038e-01
3.025339e-01 4.408142e-01 2.669311e-02 -1.776637e-01 2.186040e-02 2.544592e-01
3.031628e-01 4.441159e-01 3.264360e-02 -1.564892e-01 3.451270e-02 2.832024e-01
3.037913e-01 4.480056e-01 3.552023e-02 -1.308144e-01 4.044922e-02 3.206718e-01
3.044197e-01 4.520375e-01 3.524858e-02 -1.040021e-01 3.810189e-02 3.573636e-01
3.050478e-01 4.552270e-01 3.180110e-02 -7.873163e-02 2.942737e-02 3.889459e-01
3.056758e-01 4.567411e-01 2.595008e-02 -5.998286e-02 1.273588e-02 4.127780e-01
3.063043e-01 4.566321e-01 1.770297e-02 -4.836126e-02 -5.629210e-03 4.235192e-01
3.069326e-01 4.539342e-01 8.563723e-03 -4.646692e-02 -2.543688e-02 4.182947e-01
3.075614e-01 4.499597e-01 -7.027537e-04 -5.255104e-02 -4.257669e-02 3.975981e-01
3.081897e-01 4.451848e-01 -8.786735e-03 -6.794828e-02 -5.324229e-02 3.645076e-01
3.088177e-01 4.397157e-01 -1.430311e-02 -8.804428e-02 -5.895189e-02 3.224314e-01
3.094460e-01 4.353247e-01 -1.668772e-02 -1.120061e-01 -5.560039e-02 2.770295e-01
3.100746e-01 4.317913e-01 -1.522278e-02 -1.354355e-01 -4.551578e-02 2.346546e-01
3.107034e-01 4.301174e-01 -1.017981e-02 -1.549791e-01 -2.983845e-02 2.001414e-01
3.113314e-01 4.300390e-01 -2.254558e-03 -1.688643e-01 -9.781332e-03 1.808323e-01
3.119592e-01 4.318083e-01 7.118890e-03 -1.735338e-01 1.232822e-02 1.757216e-01
3.125877e-01 4.352596e-01 1.713526e-02 -1.698786e-01 3.323546e-02 1.903599e-01
3.132162e-01 4.397431e-01 2.602338e-02 -1.566743e-01 5.120821e-02 2.199673e-01
3.138441e-01 4.452548e-01 3.251095e-02 -1.360666e-01 6.454512e-02 2.623935e-01
3.144726e-01 4.506016e-01 3.683263e-02 -1.113406e-01 7.107127e-02 3.126494e-01
3.151006e-01 4.557249e-01 3.739738e-02 -8.294204e-02 6.951706e-02 3.638212e-01
3.157285e-01 4.597811e-01 3.544958e-02 -5.726873e-02 6.030375e-02 4.107898e-01
3.163571e-01 4.623533e-01 3.038901e-02 -3.539212e-02 4.428180e-02 4.455550e-01
3.169854e-01 4.625027e-01 2.364797e-02 -1.968800e-02 2.245697e-02 4.671814e-01
3.176141e-01 4.613968e-01 1.583720e-02 -1.294903e-02 -2.936187e-03 4.708931e-01
3.182425e-01 4.582216e-01 8.038067e-03 -1.170639e-02 -2.737192e-02 4.589237e-01
3.188706e-01 4.532040e-01 1.264538e-03 -2.067705e-02 -4.925301e-02 4.284150e-01
3.194993e-01 4.475497e-01 -3.624527e-03 -3.300406e-02 -6.558708e-02 3.888572e-01
3.201278e-01 4.422233e-01 -5.386649e-03 -4.897817e-02 -7.540713e-02 3.423245e-01
3.207553e-01 4.371070e-01 -4.354735e-03 -6.321676e-02 -7.787479e-02 2.960352e-01
3.213837e-01 4.334779e-01 2.904497e-03 -7.338662e-02 -6.918204e-02 2.620517e-01
