# k, q0, q1/i, q2, q3/i, q4, norm, alpha = 571.4117399094032, 0.019180352441928786
5.385587e-04 6.306369e+13 1.764131e+13 -1.087058e+12 2.000006e+12 -3.726886e+13
1.034961e-03 5.162677e+13 2.808669e+13 8.675603e+11 3.061934e+12 3.748779e+12
1.650345e-03 3.339040e+13 2.804749e+13 4.588810e+12 7.913970e+12 -1.687293e+12
2.219461e-03 1.991260e+13 1.932750e+13 8.798831e+12 1.562265e+13 -9.519064e+12
2.824187e-03 1.063232e+13 9.918660e+12 1.369878e+13 1.993927e+13 -1.115698e+13
3.476178e-03 6.161148e+12 4.043871e+12 1.452724e+13 2.046225e+13 -1.190117e+13
4.066840e-03 4.011899e+12 2.305095e+12 1.183967e+13 1.674047e+13 -8.984862e+12
4.679538e-03 2.610993e+12 1.352432e+12 8.643063e+12 1.136529e+13 -3.535685e+12
5.338852e-03 1.663047e+12 7.116823e+11 5.708782e+12 6.797612e+12 1.910227e+11
5.972931e-03 1.133103e+12 3.338390e+11 3.951749e+12 4.049083e+12 1.634225e+12
6.592959e-03 7.682287e+11 2.477503e+11 2.597861e+12 2.487301e+12 1.577170e+12
7.211547e-03 5.277001e+11 2.063349e+11 1.748665e+12 1.498571e+12 1.523271e+12
7.844333e-03 3.018635e+11 1.199681e+11 9.963377e+11 8.309505e+11 1.078180e+12
8.479886e-03 1.902177e+11 4.703742e+10 5.985097e+11 4.669320e+11 7.413703e+11
9.100686e-03 1.201998e+11 2.293081e+10 3.297777e+11 2.733634e+11 4.117195e+11
9.724355e-03 7.603976e+10 1.827805e+10 1.559510e+11 1.410359e+11 2.068476e+11
1.035816e-02 4.500934e+10 1.414987e+10 4.993131e+10 5.407179e+10 9.215395e+10
1.099013e-02 2.658595e+10 9.665607e+09 -3.430260e+09 9.366764e+09 3.601426e+10
1.161954e-02 1.727425e+10 6.057000e+09 -1.727145e+10 -7.212717e+08 1.313499e+10
1.224543e-02 1.307801e+10 3.337834e+09 -1.585489e+10 -7.819367e+08 8.363019e+09
1.287347e-02 1.233307e+10 2.195543e+09 -5.233765e+09 2.926199e+09 1.720910e+10
1.350110e-02 1.312876e+10 2.469084e+09 6.934281e+09 6.678486e+09 3.279800e+10
1.412539e-02 1.357168e+10 2.791343e+09 1.889236e+10 1.013638e+10 4.918044e+10
1.475576e-02 1.355043e+10 2.634999e+09 2.756748e+10 1.211453e+10 6.213019e+10
1.538306e-02 1.314159e+10 2.389200e+09 3.252327e+10 1.380109e+10 6.829072e+10
1.601201e-02 1.218873e+10 1.894247e+09 3.310267e+10 1.307281e+10 6.818097e+10
1.664797e-02 1.103438e+10 1.812381e+09 3.162100e+10 1.272353e+10 6.397193e+10
1.727684e-02 9.371988e+09 1.433862e+09 2.715309e+10 1.026498e+10 5.610199e+10
1.790148e-02 7.692209e+09 1.058741e+09 2.140718e+10 7.962588e+09 4.656786e+10
1.852764e-02 6.091341e+09 7.090823e+08 1.583095e+10 5.895479e+09 3.605291e+10
1.915179e-02 4.745739e+09 5.762671e+08 1.027014e+10 4.238881e+09 2.631696e+10
1.978148e-02 3.452520e+09 4.414453e+08 5.538153e+09 2.564715e+09 1.743395e+10
2.041144e-02 2.546595e+09 3.237451e+08 1.788509e+09 1.296701e+09 1.087524e+10
2.104337e-02 1.829690e+09 2.344909e+08 -4.597771e+08 5.189024e+08 6.315402e+09
2.167611e-02 1.427031e+09 1.694501e+08 -1.672356e+09 1.328901e+08 3.768079e+09
2.230308e-02 1.244456e+09 1.314174e+08 -1.889807e+09 3.236807e+07 2.901428e+09
2.292974e-02 1.221722e+09 1.045025e+08 -1.364488e+09 1.111313e+08 3.269928e+09
2.355539e-02 1.306351e+09 1.138431e+08 -4.411533e+08 2.749854e+08 4.449294e+09
2.418150e-02 1.426712e+09 1.248963e+08 6.614588e+08 4.699249e+08 6.010192e+09
2.480946e-02 1.540464e+09 1.446065e+08 1.714745e+09 6.692048e+08 7.510395e+09
2.543879e-02 1.622296e+09 1.428479e+08 2.554495e+09 7.615462e+08 8.736080e+09
2.606741e-02 1.627607e+09 1.624423e+08 3.082430e+09 9.317540e+08 9.332692e+09
2.669501e-02 1.597119e+09 1.384491e+08 3.275540e+09 9.122766e+08 9.520973e+09
2.732628e-02 1.478446e+09 1.163753e+08 3.060635e+09 8.506393e+08 8.906094e+09
2.795771e-02 1.339818e+09 1.002820e+08 2.653200e+09 7.466424e+08 8.006549e+09
2.858621e-02 1.163602e+09 9.491858e+07 2.053536e+09 6.062334e+08 6.776561e+09
2.921223e-02 9.760989e+08 7.461769e+07 1.338065e+09 4.249377e+08 5.395331e+09
2.983725e-02 8.021259e+08 5.673980e+07 6.737467e+08 2.693420e+08 4.104710e+09
3.046693e-02 6.399761e+08 4.683976e+07 1.028603e+08 1.430873e+08 2.905066e+09
3.109608e-02 5.197480e+08 4.217091e+07 -3.306632e+08 5.280615e+07 2.003483e+09
3.172270e-02 4.313531e+08 3.924560e+07 -5.989241e+08 -1.031973e+07 1.389280e+09
3.235285e-02 3.763730e+08 3.386330e+07 -6.777436e+08 -4.578408e+07 1.085888e+09
3.298394e-02 3.587401e+08 2.984539e+07 -6.006697e+08 -4.176356e+07 1.067131e+09
3.361458e-02 3.623076e+08 3.045826e+07 -3.953141e+08 -1.178496e+07 1.251559e+09
3.424083e-02 3.873092e+08 3.031171e+07 -1.459028e+08 2.569405e+07 1.584505e+09
3.486711e-02 4.167284e+08 3.389770e+07 1.312939e+08 7.350994e+07 1.952968e+09
3.549614e-02 4.442126e+08 3.050150e+07 3.913551e+08 1.082082e+08 2.312986e+09
3.612198e-02 4.635335e+08 2.990629e+07 5.805450e+08 1.391125e+08 2.569581e+09
3.674992e-02 4.681232e+08 2.792857e+07 7.094066e+08 1.556067e+08 2.705862e+09
3.737802e-02 4.593888e+08 2.591002e+07 7.379907e+08 1.570847e+08 2.696851e+09
3.800827e-02 4.333482e+08 2.649801e+07 6.963996e+08 1.483006e+08 2.551390e+09
3.863754e-02 3.938507e+08 2.581473e+07 5.665128e+08 1.241825e+08 2.275636e+09
3.926550e-02 3.455251e+08 2.371681e+07 4.116913e+08 9.477282e+07 1.935861e+09
3.989588e-02 2.937634e+08 1.982441e+07 2.284631e+08 6.364667e+07 1.555795e+09
4.052254e-02 2.451955e+08 1.587236e+07 5.361077e+07 3.474068e+07 1.190389e+09
4.115124e-02 2.019937e+08 1.388395e+07 -9.479048e+07 1.109943e+07 8.656628e+08
4.177955e-02 1.703012e+08 1.074239e+07 -2.017335e+08 -7.288434e+06 6.254861e+08
4.240547e-02 1.478707e+08 1.013636e+07 -2.549921e+08 -1.630239e+07 4.714330e+08
4.303621e-02 1.369387e+08 1.004372e+07 -2.601194e+08 -1.914670e+07 4.136898e+08
4.366615e-02 1.351669e+08 9.705767e+06 -2.175944e+08 -1.489275e+07 4.406503e+08
4.429168e-02 1.405309e+08 9.226736e+06 -1.392119e+08 -3.926637e+06 5.298424e+08
4.491727e-02 1.520280e+08 9.101341e+06 -4.213160e+07 8.611467e+06 6.643405e+08
4.554613e-02 1.651733e+08 8.966012e+06 5.673751e+07 2.239834e+07 8.085784e+08
4.617836e-02 1.760067e+08 9.206559e+06 1.504524e+08 3.455241e+07 9.377252e+08
4.680927e-02 1.850171e+08 8.667519e+06 2.222364e+08 4.111015e+07 1.040246e+09
4.743756e-02 1.861250e+08 9.181230e+06 2.631416e+08 4.702756e+07 1.082337e+09
4.806661e-02 1.836178e+08 8.672239e+06 2.711324e+08 4.489839e+07 1.080454e+09
4.869280e-02 1.738965e+08 8.699623e+06 2.494255e+08 4.254017e+07 1.019807e+09
4.931779e-02 1.596783e+08 7.573268e+06 2.066710e+08 3.565735e+07 9.206716e+08
4.994581e-02 1.416735e+08 7.131232e+06 1.424845e+08 2.852044e+07 7.843692e+08
5.057480e-02 1.234108e+08 6.196243e+06 7.062470e+07 1.913505e+07 6.398770e+08
5.120302e-02 1.051872e+08 5.293455e+06 2.510285e+06 9.528481e+06 4.973984e+08
5.183209e-02 8.838382e+07 4.608242e+06 -5.522783e+07 2.972248e+06 3.699833e+08
5.246116e-02 7.665931e+07 4.152214e+06 -9.764299e+07 -2.833245e+06 2.794994e+08
5.308896e-02 6.867799e+07 3.786985e+06 -1.192480e+08 -5.556974e+06 2.231160e+08
5.371721e-02 6.488756e+07 3.412619e+06 -1.202568e+08 -5.821688e+06 2.042024e+08
5.434780e-02 6.492582e+07 3.023880e+06 -1.009976e+08 -4.078394e+06 2.188186e+08
5.497604e-02 6.877794e+07 2.867287e+06 -6.938428e+07 -6.042794e+05 2.618691e+08
5.560013e-02 7.375736e+07 3.191416e+06 -2.907183e+07 3.051050e+06 3.172697e+08
5.622954e-02 7.981302e+07 3.485072e+06 1.423611e+07 7.231188e+06 3.810510e+08
5.686173e-02 8.489743e+07 3.832560e+06 5.307615e+07 1.053593e+07 4.381468e+08
5.748940e-02 8.790606e+07 4.013894e+06 8.329053e+07 1.313282e+07 4.787140e+08
5.811669e-02 8.850014e+07 3.938142e+06 9.957482e+07 1.497524e+07 4.975760e+08
5.874554e-02 8.680345e+07 3.706268e+06 1.038718e+08 1.570314e+07 4.947063e+08
5.937282e-02 8.251609e+07 3.046314e+06 9.314567e+07 1.420538e+07 4.670595e+08
6.000021e-02 7.602302e+07 2.772221e+06 7.179572e+07 1.297906e+07 4.188464e+08
6.062750e-02 6.866369e+07 2.242345e+06 4.342809e+07 9.790360e+06 3.603138e+08
6.125597e-02 6.070916e+07 1.989836e+06 1.053682e+07 6.505650e+06 2.951629e+08
6.188682e-02 5.270542e+07 1.910004e+06 -2.019795e+07 3.373857e+06 2.309277e+08
6.251462e-02 4.616982e+07 1.618084e+06 -4.666178e+07 5.572232e+05 1.780630e+08
6.314049e-02 4.122856e+07 1.532140e+06 -6.409605e+07 -1.510770e+06 1.391195e+08
6.377015e-02 3.780748e+07 1.335679e+06 -7.099786e+07 -2.715837e+06 1.163477e+08
6.439971e-02 3.700192e+07 1.524361e+06 -6.913470e+07 -2.968969e+06 1.134538e+08
6.502803e-02 3.761532e+07 1.550808e+06 -5.734497e+07 -2.189810e+06 1.259171e+08
6.565852e-02 3.981629e+07 1.641345e+06 -3.873530e+07 -7.266623e+05 1.515785e+08
6.628652e-02 4.268738e+07 1.694458e+06 -1.632914e+07 9.566478e+05 1.838865e+08
6.691319e-02 4.588246e+07 1.770780e+06 6.383556e+06 3.126980e+06 2.183837e+08
6.754195e-02 4.868884e+07 1.743688e+06 2.719539e+07 4.951677e+06 2.491959e+08
6.816923e-02 5.056943e+07 1.554190e+06 4.266999e+07 6.305192e+06 2.708872e+08
6.879707e-02 5.132524e+07 1.615534e+06 5.191568e+07 7.033178e+06 2.820799e+08
6.942589e-02 5.061657e+07 1.685851e+06 5.325494e+07 7.212956e+06 2.797076e+08
7.005350e-02 4.845130e+07 1.509960e+06 4.784334e+07 6.037719e+06 2.650867e+08
7.068149e-02 4.512227e+07 1.543888e+06 3.634928e+07 5.162004e+06 2.400871e+08
7.131092e-02 4.096677e+07 1.476191e+06 2.098653e+07 4.038994e+06 2.077069e+08
7.194060e-02 3.639940e+07 1.235520e+06 3.558007e+06 2.281776e+06 1.717193e+08
7.256947e-02 3.209494e+07 1.057021e+06 -1.340810e+07 8.746148e+05 1.368138e+08
7.319738e-02 2.827219e+07 9.667881e+05 -2.752160e+07 -3.793929e+05 1.061640e+08
7.382604e-02 2.542298e+07 9.107518e+05 -3.778533e+07 -1.510764e+06 8.346272e+07
7.445392e-02 2.352181e+07 9.277249e+05 -4.268082e+07 -2.254534e+06 6.981830e+07
7.507965e-02 2.270440e+07 9.848698e+05 -4.226960e+07 -2.459698e+06 6.600210e+07
7.570782e-02 2.270123e+07 9.967762e+05 -3.658856e+07 -2.146060e+06 7.065244e+07
7.633697e-02 2.363705e+07 9.893036e+05 -2.750168e+07 -1.433478e+06 8.256280e+07
7.696614e-02 2.497298e+07 9.736740e+05 -1.605593e+07 -4.288189e+05 9.854321e+07
7.759521e-02 2.653211e+07 1.009708e+06 -4.116021e+06 7.416058e+05 1.159663e+08
7.822404e-02 2.795376e+07 8.776960e+05 6.449490e+06 1.515434e+06 1.315427e+08
7.885455e-02 2.894821e+07 8.048194e+05 1.485566e+07 2.193265e+06 1.429400e+08
7.948034e-02 2.938129e+07 8.541579e+05 1.952516e+07 2.386155e+06 1.485428e+08
8.010544e-02 2.886318e+07 9.759754e+05 2.097664e+07 2.283500e+06 1.470971e+08
8.073519e-02 2.763482e+07 1.018318e+06 1.852590e+07 1.964927e+06 1.395013e+08
8.136420e-02 2.575095e+07 9.273184e+05 1.286674e+07 1.150816e+06 1.260268e+08
8.199246e-02 2.355972e+07 9.401515e+05 5.258938e+06 7.130628e+05 1.092767e+08
8.262013e-02 2.117321e+07 8.545511e+05 -3.085191e+06 8.661070e+04 9.101526e+07
8.325004e-02 1.881200e+07 7.603128e+05 -1.128566e+07 -5.600450e+05 7.290904e+07
8.388076e-02 1.683081e+07 6.431095e+05 -1.797964e+07 -7.566884e+05 5.794380e+07
8.450772e-02 1.541162e+07 4.804504e+05 -2.238043e+07 -9.065939e+05 4.719851e+07
8.513407e-02 1.467134e+07 4.195145e+05 -2.403812e+07 -9.721604e+05 4.166061e+07
8.576290e-02 1.453464e+07 4.180343e+05 -2.281209e+07 -8.840829e+05 4.146623e+07
8.639170e-02 1.489260e+07 4.644614e+05 -1.900094e+07 -7.281666e+05 4.617637e+07
8.701933e-02 1.559471e+07 5.056263e+05 -1.308524e+07 -4.621914e+05 5.434428e+07
8.764729e-02 1.661750e+07 5.317226e+05 -6.265712e+06 4.625004e+04 6.491179e+07
8.827546e-02 1.750170e+07 5.163782e+05 1.011932e+06 3.403531e+05 7.513566e+07
8.890360e-02 1.843299e+07 5.520473e+05 7.089818e+06 8.315268e+05 8.457003e+07
8.953185e-02 1.889935e+07 5.716743e+05 1.185413e+07 1.036149e+06 9.072187e+07
9.016049e-02 1.903579e+07 5.868387e+05 1.433681e+07 1.134980e+06 9.338598e+07
9.078921e-02 1.871894e+07 6.164021e+05 1.441143e+07 1.075370e+06 9.197633e+07
9.141859e-02 1.776756e+07 5.754298e+05 1.257388e+07 8.525301e+05 8.608293e+07
9.204760e-02 1.665445e+07 5.742209e+05 8.539061e+06 6.267148e+05 7.756301e+07
9.267535e-02 1.519933e+07 5.011469e+05 3.538017e+06 2.888754e+05 6.634436e+07
9.330406e-02 1.369788e+07 4.386316e+05 -2.096769e+06 1.351951e+03 5.457482e+07
9.393390e-02 1.231170e+07 3.647940e+05 -7.498156e+06 -3.128768e+05 4.323286e+07
9.456102e-02 1.114861e+07 3.031833e+05 -1.197846e+07 -5.105207e+05 3.385352e+07
9.518740e-02 1.031619e+07 2.489895e+05 -1.488571e+07 -6.139810e+05 2.715394e+07
9.581568e-02 9.818227e+06 2.223343e+05 -1.608898e+07 -6.583701e+05 2.350988e+07
9.644552e-02 9.762844e+06 2.258803e+05 -1.555944e+07 -6.355988e+05 2.334486e+07
9.707482e-02 9.945165e+06 2.651774e+05 -1.327379e+07 -5.686463e+05 2.597467e+07
9.770146e-02 1.037370e+07 2.905579e+05 -9.872499e+06 -4.312057e+05 3.083836e+07
9.832882e-02 1.096680e+07 3.001310e+05 -5.813368e+06 -2.480223e+05 3.706455e+07
9.895640e-02 1.154326e+07 3.191739e+05 -1.597680e+06 4.163983e+03 4.329401e+07
9.958504e-02 1.205999e+07 3.082749e+05 1.991875e+06 1.362138e+05 4.867739e+07
1.002139e-01 1.234260e+07 3.812125e+05 4.764156e+06 2.989576e+05 5.227447e+07
1.008411e-01 1.234103e+07 4.209002e+05 6.164029e+06 3.379493e+05 5.364589e+07
1.014708e-01 1.204281e+07 4.109424e+05 6.152488e+06 2.814824e+05 5.255135e+07
1.021003e-01 1.149637e+07 3.675767e+05 4.871274e+06 2.808975e+05 4.915653e+07
1.027279e-01 1.078080e+07 3.021122e+05 2.468175e+06 2.761383e+05 4.392602e+07
1.033572e-01 9.965559e+06 2.140477e+05 -5.672431e+05 2.325396e+05 3.746518e+07
1.039858e-01 9.161578e+06 1.281579e+05 -3.921993e+06 1.616777e+05 3.068185e+07
1.046130e-01 8.486565e+06 5.982349e+04 -7.017208e+06 -3.314771e+04 2.451921e+07
1.052407e-01 7.956472e+06 6.050637e+04 -9.301585e+06 -1.879736e+05 1.964539e+07
1.058684e-01 7.646970e+06 8.472641e+04 -1.070034e+07 -3.164260e+05 1.675050e+07
1.064969e-01 7.535386e+06 9.840520e+04 -1.088632e+07 -3.311206e+05 1.590315e+07
1.071273e-01 7.660972e+06 1.121394e+05 -9.830613e+06 -3.112079e+05 1.709392e+07
1.077558e-01 7.960436e+06 1.601886e+05 -7.751326e+06 -2.604322e+05 2.000378e+07
1.083828e-01 8.352388e+06 2.343296e+05 -4.978372e+06 -2.115468e+05 2.416923e+07
1.090114e-01 8.768035e+06 2.931903e+05 -1.868480e+06 -1.314472e+05 2.903131e+07
1.096397e-01 9.144075e+06 2.873053e+05 1.181719e+06 3.461403e+04 3.367056e+07
1.102684e-01 9.477537e+06 2.375262e+05 3.680548e+06 2.315707e+05 3.759994e+07
1.108970e-01 9.651040e+06 1.880287e+05 5.378150e+06 4.573192e+05 3.997994e+07
1.115233e-01 9.694440e+06 1.462625e+05 6.039616e+06 5.983599e+05 4.069793e+07
1.121508e-01 9.550381e+06 1.093054e+05 5.672160e+06 6.253132e+05 3.957011e+07
1.127798e-01 9.222228e+06 1.192452e+05 4.304288e+06 5.595849e+05 3.678780e+07
1.134097e-01 8.739832e+06 1.315911e+05 2.165348e+06 3.806469e+05 3.268964e+07
1.140373e-01 8.153170e+06 1.287389e+05 -2.962342e+05 2.229338e+05 2.788357e+07
1.146647e-01 7.567192e+06 9.752217e+04 -2.905353e+06 7.699854e+04 2.291041e+07
1.152948e-01 7.031714e+06 7.604429e+04 -5.210656e+06 -4.408844e+04 1.826132e+07
1.159235e-01 6.605562e+06 8.385634e+04 -7.023839e+06 -1.580128e+05 1.459533e+07
1.165517e-01 6.333698e+06 1.216837e+05 -8.026804e+06 -2.350914e+05 1.236855e+07
1.171799e-01 6.186526e+06 1.344363e+05 -8.149194e+06 -2.749432e+05 1.165824e+07
1.178092e-01 6.208467e+06 1.382038e+05 -7.450292e+06 -2.380330e+05 1.248220e+07
1.184382e-01 6.392102e+06 1.149285e+05 -6.027392e+06 -1.763720e+05 1.455357e+07
1.190649e-01 6.693365e+06 1.026664e+05 -4.096306e+06 -8.035771e+04 1.754847e+07
1.196918e-01 7.050838e+06 1.006369e+05 -1.920136e+06 4.619410e+03 2.094447e+07
1.203206e-01 7.400947e+06 1.073478e+05 1.404938e+05 1.016138e+05 2.432897e+07
1.209492e-01 7.698981e+06 9.815654e+04 1.842916e+06 2.063747e+05 2.712063e+07
1.215770e-01 7.901516e+06 7.457348e+04 3.052722e+06 2.707643e+05 2.892396e+07
1.222060e-01 7.969079e+06 8.627531e+04 3.593276e+06 3.366157e+05 2.948296e+07
1.228351e-01 7.872610e+06 1.250869e+05 3.406208e+06 2.627500e+05 2.870308e+07
1.234639e-01 7.608070e+06 1.792646e+05 2.561515e+06 1.855040e+05 2.684039e+07
1.240910e-01 7.227839e+06 1.845969e+05 1.225281e+06 1.138987e+05 2.416982e+07
1.247182e-01 6.772652e+06 1.523742e+05 -3.757332e+05 7.860421e+04 2.088834e+07
1.253470e-01 6.332706e+06 1.202410e+05 -2.114396e+06 4.721053e+04 1.739991e+07
1.259754e-01 5.940961e+06 9.185732e+04 -3.680544e+06 1.951041e+04 1.428202e+07
1.266036e-01 5.630904e+06 6.261527e+04 -4.916086e+06 -1.405766e+04 1.181369e+07
1.272319e-01 5.457251e+06 3.229111e+04 -5.670294e+06 -2.261398e+04 1.036341e+07
1.278607e-01 5.408450e+06 1.657922e+04 -5.814877e+06 4.465591e+03 9.897934e+06
1.284890e-01 5.492826e+06 1.171396e+04 -5.408533e+06 2.287883e+04 1.051038e+07
1.291182e-01 5.668183e+06 3.502061e+04 -4.507112e+06 3.020849e+04 1.200272e+07
1.297470e-01 5.898990e+06 5.538285e+04 -3.217109e+06 3.999942e+04 1.411897e+07
1.303744e-01 6.137998e+06 8.413974e+04 -1.760135e+06 4.433712e+04 1.649065e+07
1.310022e-01 6.366842e+06 1.117815e+05 -3.707948e+05 7.400155e+04 1.878113e+07
1.316312e-01 6.527185e+06 1.186723e+05 8.689987e+05 9.675927e+04 2.067747e+07
1.322597e-01 6.605894e+06 1.111137e+05 1.667897e+06 1.460567e+05 2.182508e+07
1.328871e-01 6.611560e+06 9.712469e+04 1.977253e+06 1.761062e+05 2.213972e+07
1.335151e-01 6.526812e+06 7.972819e+04 1.813936e+06 1.934277e+05 2.153922e+07
1.341448e-01 6.354758e+06 7.337242e+04 1.162045e+06 1.609342e+05 2.012016e+07
1.347734e-01 6.113332e+06 7.559538e+04 1.438873e+05 1.229385e+05 1.806548e+07
1.354003e-01 5.825385e+06 6.662262e+04 -1.079250e+06 4.803150e+04 1.566579e+07
1.360284e-01 5.542336e+06 6.092144e+04 -2.348885e+06 1.776591e+04 1.324009e+07
1.366568e-01 5.293662e+06 3.912813e+04 -3.503448e+06 5.499956e+03 1.103855e+07
1.372858e-01 5.098478e+06 2.015400e+04 -4.395300e+06 -1.056468e+04 9.273870e+06
1.379142e-01 4.995566e+06 1.646935e+04 -4.919498e+06 -1.920150e+04 8.188678e+06
1.385416e-01 4.954558e+06 3.265782e+04 -5.002210e+06 -4.077405e+04 7.821350e+06
1.391708e-01 4.986298e+06 6.876509e+04 -4.700604e+06 -7.725979e+04 8.224044e+06
1.397994e-01 5.071351e+06 8.898255e+04 -4.029669e+06 -1.032046e+05 9.247490e+06
1.404273e-01 5.181318e+06 9.290066e+04 -3.112003e+06 -1.234031e+05 1.063834e+07
1.410561e-01 5.318294e+06 1.065118e+05 -2.093496e+06 -9.000707e+04 1.218219e+07
1.416844e-01 5.443490e+06 1.068880e+05 -1.107722e+06 -7.024631e+04 1.364076e+07
1.423121e-01 5.521762e+06 1.042426e+05 -3.275971e+05 -5.413466e+04 1.474091e+07
1.429401e-01 5.550830e+06 1.009035e+05 2.127718e+05 -4.518341e+03 1.538442e+07
1.435692e-01 5.530342e+06 9.265739e+04 3.675450e+05 4.021050e+04 1.543926e+07
1.441983e-01 5.431358e+06 7.907223e+04 1.870913e+05 7.346878e+04 1.488495e+07
1.448262e-01 5.303170e+06 4.821898e+04 -3.368312e+05 1.029160e+05 1.382511e+07
1.454539e-01 5.144856e+06 2.681259e+04 -1.088441e+06 1.196321e+05 1.239727e+07
1.460823e-01 4.984082e+06 9.184184e+03 -1.943010e+06 8.121698e+04 1.078249e+07
1.467115e-01 4.818718e+06 6.901436e+03 -2.766691e+06 4.076085e+04 9.185228e+06
1.473399e-01 4.687466e+06 2.589329e+04 -3.425566e+06 -4.419446e+04 7.833272e+06
1.479676e-01 4.587798e+06 5.928396e+04 -3.838082e+06 -1.338741e+05 6.959245e+06
1.485964e-01 4.519192e+06 9.900295e+04 -3.893539e+06 -1.929705e+05 6.591572e+06
1.492243e-01 4.496302e+06 1.016583e+05 -3.637516e+06 -1.967781e+05 6.831717e+06
1.498507e-01 4.537350e+06 9.136780e+04 -3.071866e+06 -1.378495e+05 7.606118e+06
1.504788e-01 4.633320e+06 6.699247e+04 -2.274532e+06 -8.516441e+04 8.707511e+06
1.511078e-01 4.780638e+06 5.831668e+04 -1.382480e+06 -7.326463e+03 1.010513e+07
1.517364e-01 4.921241e+06 6.263264e+04 -4.732198e+05 2.328645e+04 1.151462e+07
1.523652e-01 5.050173e+06 7.038712e+04 3.122484e+05 4.246314e+04 1.285597e+07
1.529942e-01 5.138343e+06 5.945934e+04 9.175969e+05 7.550514e+04 1.380535e+07
1.536237e-01 5.180222e+06 5.049521e+04 1.256427e+06 1.064163e+05 1.427594e+07
1.542519e-01 5.157513e+06 4.608562e+04 1.248129e+06 1.348202e+05 1.414380e+07
1.548791e-01 5.084038e+06 4.977484e+04 9.578951e+05 1.016353e+05 1.344634e+07
1.555078e-01 4.938103e+06 6.608373e+04 4.210833e+05 4.121312e+04 1.229395e+07
1.561363e-01 4.753566e+06 8.590213e+04 -3.102798e+05 -2.436337e+04 1.085111e+07
1.567636e-01 4.535096e+06 9.055552e+04 -1.098294e+06 -7.766870e+04 9.240168e+06
1.573916e-01 4.329687e+06 7.570780e+04 -1.897268e+06 -9.092994e+04 7.698021e+06
1.580207e-01 4.155614e+06 4.388254e+04 -2.551253e+06 -7.280277e+04 6.324460e+06
1.586492e-01 4.045474e+06 2.649008e+04 -3.032769e+06 -5.219041e+04 5.319205e+06
1.592766e-01 3.992918e+06 2.226521e+04 -3.269146e+06 -4.041474e+04 4.776666e+06
1.599049e-01 3.993214e+06 3.392139e+04 -3.211268e+06 -6.316522e+04 4.756412e+06
1.605344e-01 4.038081e+06 4.223491e+04 -2.907172e+06 -7.665048e+04 5.238760e+06
1.611623e-01 4.126812e+06 4.846951e+04 -2.356348e+06 -7.342675e+04 6.098576e+06
1.617904e-01 4.231843e+06 5.595109e+04 -1.679812e+06 -5.834152e+04 7.194228e+06
1.624191e-01 4.346278e+06 6.161986e+04 -9.474957e+05 -5.558716e+04 8.331230e+06
1.630470e-01 4.444416e+06 7.420037e+04 -2.538091e+05 -3.829243e+04 9.384471e+06
1.636756e-01 4.505079e+06 8.583144e+04 2.993322e+05 -5.067823e+04 1.020120e+07
1.643038e-01 4.535060e+06 8.460415e+04 6.766847e+05 -4.051937e+04 1.067929e+07
1.649313e-01 4.508147e+06 8.025888e+04 8.056508e+05 -2.680613e+04 1.073478e+07
1.655596e-01 4.443008e+06 6.783534e+04 6.891942e+05 -4.330178e+03 1.035535e+07
1.661885e-01 4.346380e+06 5.631475e+04 3.562051e+05 1.431938e+04 9.610993e+06
1.668177e-01 4.222909e+06 4.494616e+04 -1.447696e+05 3.610025e+04 8.607845e+06
1.674456e-01 4.094469e+06 2.950070e+04 -7.442249e+05 4.268978e+04 7.472288e+06
1.680727e-01 3.970534e+06 1.946018e+04 -1.335056e+06 3.154878e+04 6.353051e+06
1.687016e-01 3.870034e+06 2.334076e+04 -1.847774e+06 1.619090e+04 5.384394e+06
1.693313e-01 3.799742e+06 2.588072e+04 -2.214108e+06 -1.563500e+04 4.705396e+06
1.699587e-01 3.759828e+06 2.476775e+04 -2.372382e+06 -3.762660e+04 4.378832e+06
1.705866e-01 3.768794e+06 2.388533e+04 -2.316049e+06 -4.604843e+04 4.415298e+06
1.712159e-01 3.815010e+06 2.620768e+04 -2.032465e+06 -5.210436e+04 4.783772e+06
1.718445e-01 3.891674e+06 4.527744e+04 -1.601390e+06 -5.016670e+04 5.465366e+06
1.724727e-01 3.979321e+06 5.185356e+04 -1.061591e+06 -5.506396e+04 6.317176e+06
1.731002e-01 4.073382e+06 5.413897e+04 -4.818521e+05 -5.625430e+04 7.243662e+06
1.737290e-01 4.152862e+06 4.992736e+04 6.632613e+04 -1.853978e+04 8.089060e+06
1.743571e-01 4.218608e+06 5.037948e+04 4.963650e+05 9.470067e+03 8.745833e+06
1.749848e-01 4.248792e+06 4.948269e+04 7.605131e+05 3.968211e+04 9.090638e+06
1.756135e-01 4.242700e+06 4.747022e+04 8.188455e+05 4.506197e+04 9.130530e+06
1.762417e-01 4.194133e+06 4.613918e+04 6.973185e+05 4.848018e+04 8.809820e+06
1.768700e-01 4.119536e+06 3.845400e+04 3.927951e+05 5.083882e+04 8.220288e+06
1.774983e-01 4.018121e+06 2.991179e+04 -4.819068e+04 5.478222e+04 7.366200e+06
1.781269e-01 3.908802e+06 2.349704e+04 -5.824436e+05 4.649152e+04 6.387915e+06
1.787551e-01 3.797456e+06 2.079998e+04 -1.109407e+06 2.688364e+04 5.403870e+06
1.793837e-01 3.702964e+06 2.043733e+04 -1.588476e+06 -2.189083e+03 4.524546e+06
1.800121e-01 3.625730e+06 3.062193e+04 -1.955864e+06 -1.531868e+04 3.837497e+06
1.806398e-01 3.566236e+06 4.058784e+04 -2.169644e+06 -4.070044e+04 3.404354e+06
1.812676e-01 3.541265e+06 4.304476e+04 -2.227068e+06 -6.023566e+04 3.268678e+06
1.818961e-01 3.540403e+06 4.414002e+04 -2.100289e+06 -8.108628e+04 3.363396e+06
1.825251e-01 3.571527e+06 5.010921e+04 -1.849878e+06 -8.853969e+04 3.702322e+06
1.831533e-01 3.612557e+06 5.056354e+04 -1.504026e+06 -9.810977e+04 4.204942e+06
1.837813e-01 3.660708e+06 4.351331e+04 -1.121090e+06 -9.123527e+04 4.745757e+06
1.844104e-01 3.719804e+06 3.138458e+04 -7.819267e+05 -6.573020e+04 5.267134e+06
1.850389e-01 3.769838e+06 3.096057e+04 -4.837214e+05 -3.282709e+04 5.649308e+06
1.856669e-01 3.799332e+06 3.124214e+04 -3.273587e+05 -3.430120e+04 5.830490e+06
1.862953e-01 3.800563e+06 4.418576e+04 -2.802784e+05 -2.434257e+04 5.828542e+06
1.869236e-01 3.766712e+06 4.482749e+04 -3.722619e+05 -3.097377e+04 5.588034e+06
1.875520e-01 3.715834e+06 3.724172e+04 -5.796175e+05 -2.114779e+04 5.186206e+06
1.881803e-01 3.652882e+06 2.876833e+04 -8.338417e+05 -3.154071e+04 4.614198e+06
1.888083e-01 3.582385e+06 3.590855e+04 -1.146971e+06 -4.157151e+04 3.980422e+06
1.894359e-01 3.505966e+06 4.858314e+04 -1.431804e+06 -5.760790e+04 3.389184e+06
1.900648e-01 3.432780e+06 5.454743e+04 -1.639050e+06 -7.177459e+04 2.915842e+06
1.906937e-01 3.381972e+06 5.101991e+04 -1.776212e+06 -7.308999e+04 2.630038e+06
1.913208e-01 3.356609e+06 4.308246e+04 -1.761416e+06 -5.904107e+04 2.539569e+06
1.919495e-01 3.359026e+06 3.670956e+04 -1.640493e+06 -4.624056e+04 2.687404e+06
1.925783e-01 3.394767e+06 3.432624e+04 -1.411410e+06 -3.027097e+04 3.062130e+06
1.932069e-01 3.451324e+06 2.219721e+04 -1.094213e+06 -4.369281e+03 3.591456e+06
1.938350e-01 3.528037e+06 1.773060e+04 -7.259211e+05 2.301106e+03 4.207470e+06
1.944626e-01 3.597439e+06 2.793477e+04 -3.397182e+05 -1.181488e+04 4.814468e+06
1.950912e-01 3.661046e+06 4.545241e+04 6.939598e+03 -1.968528e+04 5.380793e+06
1.957198e-01 3.694957e+06 5.320716e+04 2.745289e+05 -3.068726e+04 5.817842e+06
1.963481e-01 3.703718e+06 4.869109e+04 4.387251e+05 -9.318984e+03 6.050136e+06
1.969763e-01 3.699310e+06 3.348240e+04 4.701992e+05 1.715841e+04 6.065024e+06
1.976057e-01 3.669428e+06 2.715386e+04 3.678830e+05 4.558237e+04 5.811187e+06
1.982346e-01 3.627673e+06 2.166572e+04 1.361011e+05 5.345179e+04 5.403202e+06
1.988621e-01 3.569335e+06 1.922493e+04 -1.722816e+05 4.871003e+04 4.828374e+06
1.994900e-01 3.504560e+06 2.014716e+04 -5.221149e+05 2.693018e+04 4.205430e+06
2.001183e-01 3.431244e+06 3.006768e+04 -8.664422e+05 -3.735148e+03 3.557720e+06
2.007462e-01 3.363184e+06 4.207357e+04 -1.162257e+06 -3.103365e+04 3.011975e+06
2.013743e-01 3.306379e+06 4.255779e+04 -1.386820e+06 -4.447811e+04 2.614201e+06
2.020025e-01 3.268752e+06 3.006445e+04 -1.497322e+06 -5.052119e+04 2.358003e+06
2.026313e-01 3.265456e+06 1.967033e+04 -1.486180e+06 -4.777352e+04 2.274583e+06
2.032604e-01 3.283786e+06 2.971298e+04 -1.365035e+06 -6.259154e+04 2.375906e+06
2.038879e-01 3.309088e+06 4.982531e+04 -1.163205e+06 -7.769472e+04 2.663561e+06
2.045158e-01 3.340225e+06 5.208146e+04 -9.064018e+05 -8.747209e+04 3.061020e+06
2.051449e-01 3.380763e+06 4.598482e+04 -5.951559e+05 -8.505791e+04 3.512434e+06
2.057735e-01 3.419542e+06 5.025568e+04 -2.980942e+05 -7.037812e+04 3.919562e+06
2.064017e-01 3.441140e+06 5.726386e+04 -5.610386e+04 -4.923088e+04 4.262760e+06
2.070305e-01 3.447219e+06 5.329052e+04 1.135657e+05 -3.184047e+04 4.471187e+06
2.076594e-01 3.443172e+06 3.781743e+04 1.873383e+05 -1.533935e+04 4.540036e+06
2.082867e-01 3.424817e+06 3.230675e+04 1.855951e+05 5.332240e+03 4.431460e+06
2.089139e-01 3.394703e+06 3.271165e+04 6.465093e+04 2.336387e+04 4.196178e+06
2.095429e-01 3.348333e+06 2.711101e+04 -1.246985e+05 3.217144e+04 3.864283e+06
2.101711e-01 3.306553e+06 1.328330e+04 -3.721041e+05 4.312517e+04 3.453478e+06
2.107990e-01 3.269170e+06 6.949032e+03 -6.217759e+05 4.258575e+04 3.020410e+06
2.114275e-01 3.230286e+06 9.433922e+03 -8.438022e+05 1.420030e+04 2.584748e+06
2.120557e-01 3.198740e+06 2.645475e+04 -1.025915e+06 -2.808603e+04 2.244944e+06
2.126842e-01 3.166372e+06 4.533224e+04 -1.118668e+06 -6.346284e+04 2.023920e+06
2.133127e-01 3.140454e+06 4.563653e+04 -1.147432e+06 -6.800511e+04 1.934995e+06
2.139414e-01 3.131865e+06 3.668123e+04 -1.121343e+06 -4.441601e+04 1.974034e+06
2.145702e-01 3.149955e+06 1.321742e+04 -1.037418e+06 -1.512030e+04 2.077259e+06
2.151979e-01 3.182406e+06 4.164663e+03 -9.230356e+05 7.296506e+03 2.255554e+06
2.158262e-01 3.217038e+06 1.494722e+04 -7.964357e+05 1.176918e+04 2.454978e+06
2.164548e-01 3.241801e+06 2.917875e+04 -6.849381e+05 7.525959e+03 2.667804e+06
2.170834e-01 3.253392e+06 3.487900e+04 -5.937657e+05 3.936121e+03 2.850272e+06
2.177116e-01 3.254009e+06 3.442816e+04 -5.445848e+05 3.297561e+03 2.943445e+06
2.183390e-01 3.247248e+06 2.635306e+04 -5.481093e+05 1.386258e+04 2.928139e+06
2.189672e-01 3.232241e+06 2.726578e+04 -5.952531e+05 -2.062766e+03 2.810055e+06
2.195962e-01 3.211864e+06 3.088847e+04 -6.784557e+05 -1.931907e+04 2.625904e+06
2.202247e-01 3.177500e+06 4.121093e+04 -7.815131e+05 -4.191301e+04 2.401806e+06
2.208525e-01 3.139412e+06 4.486983e+04 -9.063934e+05 -4.354196e+04 2.155551e+06
2.214806e-01 3.108564e+06 3.304171e+04 -1.001252e+06 -5.298646e+04 1.935605e+06
2.221096e-01 3.087944e+06 2.701702e+04 -1.061396e+06 -4.959028e+04 1.756046e+06
2.227377e-01 3.083823e+06 2.713967e+04 -1.088974e+06 -3.069014e+04 1.670339e+06
2.233660e-01 3.081154e+06 2.945371e+04 -1.059880e+06 -3.068797e+04 1.681249e+06
2.239949e-01 3.095070e+06 2.921306e+04 -9.836322e+05 -3.982164e+04 1.782490e+06
2.246230e-01 3.115471e+06 3.400776e+04 -8.443042e+05 -4.671562e+04 1.963301e+06
2.252510e-01 3.133986e+06 4.094115e+04 -6.745056e+05 -5.385525e+04 2.208296e+06
2.258786e-01 3.156393e+06 4.307090e+04 -4.957832e+05 -4.341708e+04 2.481730e+06
2.265070e-01 3.172012e+06 3.511631e+04 -3.291768e+05 -2.731570e+04 2.732137e+06
2.271353e-01 3.196552e+06 2.805006e+04 -1.987341e+05 -1.871799e+04 2.915951e+06
2.277640e-01 3.207344e+06 3.061647e+04 -1.044700e+05 -1.655715e+04 3.026726e+06
2.283928e-01 3.205928e+06 3.607508e+04 -7.916064e+04 -2.130611e+04 3.038558e+06
2.290206e-01 3.190828e+06 3.581295e+04 -1.041585e+05 -2.147708e+04 2.945497e+06
2.296494e-01 3.163526e+06 3.456622e+04 -1.860473e+05 -1.501690e+04 2.756678e+06
2.302775e-01 3.130842e+06 2.919771e+04 -3.171936e+05 -1.125057e+04 2.498607e+06
2.309053e-01 3.099079e+06 2.208837e+04 -4.705073e+05 -1.170442e+04 2.187078e+06
2.315342e-01 3.065529e+06 2.453587e+04 -6.235995e+05 -2.682466e+04 1.863398e+06
2.321633e-01 3.034897e+06 3.757291e+04 -7.491846e+05 -4.895548e+04 1.571782e+06
2.327917e-01 2.999596e+06 4.801991e+04 -8.424089e+05 -6.454345e+04 1.369302e+06
2.334191e-01 2.972381e+06 4.272644e+04 -8.855866e+05 -5.852580e+04 1.269957e+06
2.340471e-01 2.963758e+06 2.872573e+04 -8.745263e+05 -1.947088e+04 1.264784e+06
2.346760e-01 2.979427e+06 1.220723e+04 -8.287987e+05 1.623855e+04 1.347054e+06
2.353048e-01 3.006956e+06 6.284100e+03 -7.328895e+05 3.057627e+04 1.503219e+06
2.359331e-01 3.043608e+06 1.626625e+04 -6.091200e+05 2.052249e+04 1.738578e+06
2.365605e-01 3.073891e+06 3.204100e+04 -4.692829e+05 -4.901265e+02 2.015308e+06
2.371890e-01 3.094457e+06 4.223837e+04 -3.282276e+05 -1.519656e+04 2.279297e+06
2.378178e-01 3.107452e+06 3.723505e+04 -2.070834e+05 -1.322173e+04 2.509596e+06
2.384456e-01 3.119120e+06 2.615397e+04 -1.225806e+05 -4.415495e+03 2.646124e+06
2.390742e-01 3.128192e+06 1.587853e+04 -9.898091e+04 1.633526e+04 2.697552e+06
2.397020e-01 3.131769e+06 1.063313e+04 -1.298207e+05 3.082459e+04 2.641097e+06
2.403299e-01 3.126358e+06 1.415124e+04 -2.167891e+05 2.587067e+04 2.494477e+06
2.409587e-01 3.109212e+06 2.384873e+04 -3.384796e+05 1.446015e+04 2.288719e+06
2.415875e-01 3.081236e+06 3.428901e+04 -4.712813e+05 -2.126240e+04 2.035550e+06
2.422165e-01 3.041294e+06 4.370811e+04 -5.995211e+05 -4.855250e+04 1.761244e+06
2.428445e-01 2.997851e+06 4.895660e+04 -6.958482e+05 -6.449779e+04 1.515155e+06
2.434722e-01 2.964519e+06 5.036982e+04 -7.654269e+05 -6.828409e+04 1.326917e+06
2.441005e-01 2.935455e+06 4.286572e+04 -8.099922e+05 -4.870161e+04 1.200841e+06
2.447295e-01 2.932240e+06 2.809410e+04 -8.059363e+05 -3.345717e+04 1.167814e+06
2.453575e-01 2.943031e+06 1.560796e+04 -7.633584e+05 -1.790642e+04 1.209776e+06
2.459854e-01 2.959549e+06 2.352049e+04 -6.791435e+05 -1.541271e+04 1.324348e+06
2.466143e-01 2.983558e+06 2.726686e+04 -5.704126e+05 -1.074255e+04 1.510389e+06
2.472426e-01 3.002297e+06 2.714808e+04 -4.526508e+05 -1.401475e+04 1.710651e+06
2.478702e-01 3.024780e+06 2.492311e+04 -3.226881e+05 -5.038623e+03 1.902726e+06
2.484984e-01 3.043226e+06 3.040156e+04 -2.162365e+05 -5.737826e+03 2.070890e+06
2.491273e-01 3.051816e+06 3.140971e+04 -1.519231e+05 -1.459493e+03 2.189482e+06
2.497552e-01 3.054640e+06 2.924998e+04 -1.335578e+05 7.717526e+03 2.248040e+06
2.503834e-01 3.056558e+06 1.866148e+04 -1.591755e+05 7.520030e+03 2.209292e+06
2.510119e-01 3.049843e+06 1.927105e+04 -2.188440e+05 1.048078e+04 2.106590e+06
2.516403e-01 3.036680e+06 2.284275e+04 -3.146269e+05 6.366807e+03 1.952568e+06
2.522691e-01 3.014646e+06 2.196662e+04 -4.314184e+05 1.272691e+04 1.749470e+06
2.528974e-01 2.998050e+06 1.751819e+04 -5.500127e+05 4.531002e+03 1.534338e+06
2.535254e-01 2.980706e+06 2.230689e+04 -6.443052e+05 -1.238166e+04 1.320333e+06
2.541542e-01 2.963657e+06 3.656032e+04 -7.170136e+05 -3.720312e+04 1.160459e+06
2.547828e-01 2.944538e+06 4.515993e+04 -7.462516e+05 -5.979035e+04 1.067898e+06
2.554104e-01 2.930331e+06 4.842165e+04 -7.358796e+05 -6.914173e+04 1.050520e+06
2.560379e-01 2.926578e+06 4.116104e+04 -6.878536e+05 -5.527720e+04 1.095481e+06
2.566670e-01 2.928670e+06 3.270514e+04 -6.045016e+05 -3.293303e+04 1.185407e+06
2.572958e-01 2.947043e+06 2.344571e+04 -5.185781e+05 -8.296989e+03 1.322804e+06
2.579236e-01 2.967546e+06 1.918774e+04 -4.307715e+05 8.786201e+03 1.465914e+06
2.585522e-01 2.991756e+06 2.150953e+04 -3.439198e+05 4.216108e+03 1.601217e+06
2.591808e-01 3.003624e+06 3.085476e+04 -2.758140e+05 -1.400031e+04 1.719214e+06
2.598086e-01 3.008535e+06 3.997683e+04 -2.276790e+05 -2.686779e+04 1.795997e+06
2.604363e-01 2.997893e+06 4.260755e+04 -2.097261e+05 -3.338105e+04 1.803119e+06
2.610650e-01 2.984216e+06 4.011267e+04 -2.142797e+05 -3.048860e+04 1.740917e+06
2.616935e-01 2.963006e+06 4.166551e+04 -2.506224e+05 -3.435242e+04 1.625064e+06
2.623210e-01 2.938397e+06 4.231297e+04 -3.134056e+05 -3.206097e+04 1.476978e+06
2.629494e-01 2.908620e+06 4.099187e+04 -3.823098e+05 -2.718476e+04 1.326416e+06
2.635781e-01 2.883651e+06 3.674223e+04 -4.565998e+05 -1.446258e+04 1.176823e+06
2.642065e-01 2.867321e+06 2.916327e+04 -5.113400e+05 -1.346059e+03 1.060488e+06
2.648347e-01 2.858966e+06 2.443240e+04 -5.557104e+05 7.967556e+03 9.963404e+05
2.654637e-01 2.861273e+06 2.103655e+04 -5.621021e+05 1.248738e+04 9.924502e+05
2.660924e-01 2.875913e+06 1.788219e+04 -5.347184e+05 5.289536e+03 1.064855e+06
2.667201e-01 2.895034e+06 2.033203e+04 -4.660391e+05 -6.149300e+03 1.185388e+06
2.673488e-01 2.920445e+06 2.530662e+04 -3.681698e+05 -1.427988e+04 1.363880e+06
2.679778e-01 2.942284e+06 3.033787e+04 -2.411742e+05 -2.678167e+04 1.561893e+06
2.686062e-01 2.962053e+06 3.950916e+04 -1.071233e+05 -3.545449e+04 1.759731e+06
2.692341e-01 2.974377e+06 4.739611e+04 1.487375e+04 -3.324001e+04 1.952895e+06
2.698620e-01 2.980299e+06 4.344901e+04 1.162700e+05 -1.777444e+04 2.114596e+06
2.704897e-01 2.983564e+06 2.910173e+04 1.726890e+05 -1.743928e+03 2.185270e+06
2.711178e-01 2.990358e+06 2.295884e+04 1.940875e+05 2.490162e+03 2.172523e+06
2.717462e-01 2.986708e+06 2.742863e+04 1.711484e+05 -8.268098e+03 2.090416e+06
2.723748e-01 2.971956e+06 3.158499e+04 9.503736e+04 -8.898017e+03 1.969469e+06
2.730040e-01 2.956176e+06 2.130242e+04 -9.626694e+03 -5.287729e+03 1.811209e+06
2.736320e-01 2.938645e+06 1.113342e+04 -1.306399e+05 9.933760e+03 1.587335e+06
2.742595e-01 2.928759e+06 1.171372e+04 -2.541570e+05 1.900480e+04 1.348210e+06
2.748883e-01 2.911550e+06 2.771182e+04 -3.674204e+05 3.871887e+03 1.125443e+06
2.755167e-01 2.887108e+06 4.489957e+04 -4.574090e+05 -2.085823e+04 9.587099e+05
2.761449e-01 2.861087e+06 5.274625e+04 -5.055240e+05 -4.545405e+04 8.601996e+05
2.767736e-01 2.836487e+06 5.489621e+04 -5.154038e+05 -4.488921e+04 8.168770e+05
2.774020e-01 2.821387e+06 4.552357e+04 -4.914714e+05 -2.716813e+04 8.436648e+05
2.780301e-01 2.823198e+06 2.959049e+04 -4.525188e+05 -1.282785e+03 9.138014e+05
2.786580e-01 2.837546e+06 1.313271e+04 -3.966325e+05 1.743614e+04 1.019709e+06
2.792860e-01 2.860966e+06 1.136379e+04 -3.324196e+05 2.740555e+04 1.128265e+06
2.799146e-01 2.884415e+06 2.189517e+04 -2.750038e+05 1.589989e+04 1.245864e+06
2.805434e-01 2.894918e+06 3.339432e+04 -2.257305e+05 4.683010e+03 1.366899e+06
2.811718e-01 2.901066e+06 3.089866e+04 -2.051057e+05 2.391919e+03 1.458122e+06
2.817991e-01 2.903050e+06 2.095110e+04 -1.940702e+05 7.177993e+03 1.478134e+06
2.824272e-01 2.907671e+06 2.007117e+04 -2.144852e+05 1.060503e+04 1.427268e+06
2.830565e-01 2.901133e+06 3.235906e+04 -2.574557e+05 -5.005127e+03 1.336105e+06
2.836849e-01 2.884526e+06 4.048733e+04 -3.244469e+05 -2.277002e+04 1.224552e+06
2.843133e-01 2.861540e+06 3.597771e+04 -3.929567e+05 -3.393455e+04 1.097096e+06
2.849417e-01 2.841956e+06 3.063118e+04 -4.416406e+05 -3.498975e+04 9.500042e+05
2.855699e-01 2.827851e+06 3.730725e+04 -4.810947e+05 -3.777756e+04 8.051388e+05
2.861980e-01 2.808486e+06 4.751079e+04 -5.105583e+05 -3.664716e+04 7.212831e+05
2.868264e-01 2.791575e+06 4.847365e+04 -5.053596e+05 -3.960418e+04 6.977918e+05
2.874550e-01 2.786178e+06 3.802922e+04 -4.740511e+05 -3.477953e+04 7.266604e+05
2.880834e-01 2.790168e+06 3.314929e+04 -4.037041e+05 -2.569392e+04 7.984061e+05
2.887116e-01 2.804213e+06 3.447868e+04 -3.233773e+05 -2.075744e+04 9.122780e+05
2.893396e-01 2.818513e+06 3.677984e+04 -2.225470e+05 -2.343424e+04 1.080068e+06
2.899676e-01 2.835263e+06 3.374889e+04 -1.238083e+05 -1.481615e+04 1.257522e+06
2.905957e-01 2.855629e+06 2.292447e+04 -2.623798e+04 -2.438897e+03 1.429943e+06
2.912243e-01 2.877786e+06 1.538479e+04 5.070059e+04 1.064491e+04 1.551982e+06
2.918528e-01 2.900322e+06 1.749591e+04 1.044087e+05 1.422976e+04 1.626172e+06
2.924811e-01 2.909836e+06 2.823167e+04 1.228488e+05 7.054778e+03 1.665941e+06
2.931098e-01 2.908627e+06 3.352802e+04 1.056303e+05 1.943835e+03 1.663809e+06
2.937380e-01 2.901547e+06 2.716279e+04 5.672277e+04 1.232281e+04 1.614817e+06
2.943663e-01 2.892254e+06 1.811948e+04 -1.333875e+04 2.422331e+04 1.496544e+06
2.949950e-01 2.882424e+06 1.936445e+04 -1.017937e+05 2.658765e+04 1.333852e+06
2.956230e-01 2.867922e+06 2.982637e+04 -1.978781e+05 1.137771e+04 1.159572e+06
2.962512e-01 2.845978e+06 4.297266e+04 -2.790090e+05 -1.764297e+04 9.957634e+05
2.968799e-01 2.816842e+06 5.131895e+04 -3.520527e+05 -4.405393e+04 8.673429e+05
2.975081e-01 2.791288e+06 5.050745e+04 -3.894377e+05 -4.985259e+04 7.607521e+05
2.981363e-01 2.772242e+06 4.457739e+04 -4.040484e+05 -5.298266e+04 6.927269e+05
2.987649e-01 2.762613e+06 3.984557e+04 -3.922675e+05 -4.617795e+04 6.516482e+05
2.993933e-01 2.760426e+06 3.635447e+04 -3.567409e+05 -4.382259e+04 6.495441e+05
3.000210e-01 2.760996e+06 3.878431e+04 -3.070887e+05 -3.678917e+04 6.961542e+05
3.006489e-01 2.764167e+06 3.807695e+04 -2.597612e+05 -2.202352e+04 7.672609e+05
3.012772e-01 2.773813e+06 2.611524e+04 -2.162198e+05 4.030611e+02 8.514026e+05
3.019055e-01 2.788334e+06 1.525991e+04 -1.789698e+05 1.480525e+04 9.179124e+05
3.025339e-01 2.803472e+06 1.493713e+04 -1.504002e+05 2.084477e+04 9.563235e+05
3.031628e-01 2.814693e+06 2.588779e+04 -1.467998e+05 1.249889e+04 9.798178e+05
3.037913e-01 2.813140e+06 3.608829e+04 -1.587737e+05 9.255025e+02 9.827979e+05
3.044197e-01 2.805194e+06 3.695771e+04 -1.864563e+05 -6.852213e+03 9.591410e+05
3.050478e-01 2.796412e+06 3.166159e+04 -2.196652e+05 -1.273359e+04 8.991538e+05
3.056758e-01 2.788299e+06 3.152629e+04 -2.533598e+05 -1.288900e+04 8.079961e+05
3.063043e-01 2.774793e+06 3.874186e+04 -2.859808e+05 -1.783918e+04 7.196575e+05
3.069326e-01 2.763049e+06 3.856658e+04 -3.254916e+05 -1.733129e+04 6.686524e+05
3.075614e-01 2.754760e+06 3.018217e+04 -3.450414e+05 -1.277488e+04 6.275659e+05
3.081897e-01 2.758290e+06 2.266548e+04 -3.420898e+05 -5.097165e+03 6.163473e+05
3.088177e-01 2.765542e+06 2.794778e+04 -3.156355e+05 -7.784896e+03 6.274638e+05
3.094460e-01 2.773470e+06 3.823930e+04 -2.794415e+05 -1.650823e+04 6.915988e+05
3.100746e-01 2.778896e+06 3.933379e+04 -2.188653e+05 -2.229699e+04 8.068403e+05
3.107034e-01 2.789178e+06 3.039983e+04 -1.457350e+05 -1.463977e+04 9.310687e+05
3.113314e-01 2.805493e+06 2.604451e+04 -6.604852e+04 -1.892114e+03 1.046965e+06
3.119592e-01 2.822952e+06 2.873144e+04 5.939022e+03 8.701467e+03 1.162691e+06
3.125877e-01 2.835382e+06 3.410204e+04 5.476435e+04 1.396150e+03 1.263204e+06
3.132162e-01 2.841401e+06 3.531260e+04 9.382411e+04 -5.431147e+03 1.339844e+06
3.138441e-01 2.842150e+06 3.659802e+04 1.112186e+05 -6.019055e+03 1.369032e+06
3.144726e-01 2.833609e+06 3.889958e+04 1.101879e+05 -3.960335e+03 1.362119e+06
3.151006e-01 2.824034e+06 3.751636e+04 7.882877e+04 4.530767e+03 1.312188e+06
3.157285e-01 2.807947e+06 3.126496e+04 2.199597e+04 1.597167e+04 1.216196e+06
3.163571e-01 2.798868e+06 2.719002e+04 -4.339186e+04 1.379827e+04 1.092981e+06
3.169854e-01 2.783127e+06 3.260999e+04 -1.224807e+05 3.665711e+03 9.473243e+05
3.176141e-01 2.767190e+06 3.653814e+04 -1.916000e+05 -1.305304e+04 8.185995e+05
3.182425e-01 2.751114e+06 3.818700e+04 -2.547498e+05 -2.804825e+04 7.064989e+05
3.188706e-01 2.736354e+06 3.344395e+04 -3.036915e+05 -1.806556e+04 6.238704e+05
3.194993e-01 2.734720e+06 2.354492e+04 -3.354728e+05 -5.345521e+03 5.633364e+05
3.201278e-01 2.739239e+06 1.695471e+04 -3.525856e+05 2.401552e+03 5.038206e+05
3.207553e-01 2.752298e+06 2.601926e+04 -3.406225e+05 -2.976068e+04 4.744179e+05
3.213837e-01 2.754147e+06 5.733859e+04 -2.935691e+05 -6.900662e+04 4.957381e+05
