# k, q0, q1/i, q2, q3/i, q4, norm, alpha = 0.00010325879791149288, 0.01987432793133251
5.385587e-04 4.157548e+06 4.558355e+05 1.602258e+05 -9.715500e+05 5.024629e+06
1.034961e-03 3.786256e+06 7.968556e+05 2.432523e+05 1.672572e+05 -4.968183e+05
1.650345e-03 3.082250e+06 1.007796e+06 4.568086e+05 4.914783e+05 -6.065747e+05
2.219461e-03 2.380872e+06 9.495433e+05 8.233112e+05 4.038367e+05 1.349602e+05
2.824187e-03 1.671359e+06 7.673316e+05 9.639190e+05 7.968821e+05 -3.001797e+05
3.476178e-03 1.092629e+06 4.767970e+05 1.101080e+06 8.802439e+05 -1.778110e+05
4.066840e-03 7.356941e+05 2.481587e+05 1.121827e+06 8.724204e+05 -2.675681e+04
4.679538e-03 4.739198e+05 1.065002e+05 9.483164e+05 7.831024e+05 -5.348716e+04
5.338852e-03 3.038037e+05 2.012947e+04 7.512247e+05 5.944328e+05 6.195315e+04
5.972931e-03 1.982907e+05 -1.603071e+04 5.512679e+05 4.080227e+05 1.495037e+05
6.592959e-03 1.355887e+05 -3.145378e+04 3.918261e+05 2.642481e+05 1.888371e+05
7.211547e-03 9.222547e+04 -3.746756e+04 2.535403e+05 1.517491e+05 1.908312e+05
7.844333e-03 6.400647e+04 -3.253167e+04 1.528857e+05 8.496402e+04 1.466520e+05
8.479886e-03 4.772625e+04 -2.625349e+04 8.413575e+04 3.545682e+04 1.123376e+05
9.100686e-03 3.493980e+04 -1.731043e+04 3.952853e+04 9.637495e+03 7.524300e+04
9.724355e-03 2.430710e+04 -9.661077e+03 1.223767e+04 -3.619020e+03 4.605494e+04
1.035816e-02 1.655025e+04 -4.841616e+03 -1.391677e+03 -7.506419e+03 2.653473e+04
1.099013e-02 1.148153e+04 -2.056679e+03 -7.425059e+03 -5.186854e+03 1.253884e+04
1.161954e-02 7.928083e+03 -3.357914e+02 -8.234967e+03 -1.838358e+03 5.321853e+03
1.224543e-02 6.144483e+03 4.862123e+02 -6.924943e+03 1.560333e+03 2.807797e+03
1.287347e-02 5.030158e+03 1.060784e+03 -4.584065e+03 3.625693e+03 3.567663e+03
1.350110e-02 4.549591e+03 1.274062e+03 -2.139700e+03 4.694331e+03 6.119618e+03
1.412539e-02 4.290572e+03 1.211895e+03 -9.052362e+01 4.947034e+03 8.680365e+03
1.475576e-02 4.070777e+03 9.644830e+02 1.824614e+03 4.526917e+03 1.095894e+04
1.538306e-02 3.837565e+03 7.122620e+02 2.758404e+03 3.633686e+03 1.205901e+04
1.601201e-02 3.504414e+03 4.361442e+02 3.625808e+03 2.739821e+03 1.267234e+04
1.664797e-02 3.063946e+03 1.620541e+02 3.592305e+03 1.689084e+03 1.199630e+04
1.727684e-02 2.578669e+03 -5.427990e+01 3.317864e+03 8.987420e+02 1.078632e+04
1.790148e-02 2.119663e+03 -2.517853e+02 2.812268e+03 2.925344e+02 9.217909e+03
1.852764e-02 1.726049e+03 -3.443236e+02 2.013740e+03 -1.285731e+02 7.486359e+03
1.915179e-02 1.373156e+03 -3.861852e+02 1.305064e+03 -3.586043e+02 5.816075e+03
1.978148e-02 1.074988e+03 -3.475806e+02 5.711111e+02 -4.175859e+02 4.216759e+03
2.041144e-02 8.666597e+02 -2.962412e+02 3.634945e+01 -3.452075e+02 3.085330e+03
2.104337e-02 7.034849e+02 -2.161233e+02 -3.644384e+02 -1.704908e+02 2.139636e+03
2.167611e-02 6.210770e+02 -1.291579e+02 -6.182643e+02 3.776055e+01 1.601035e+03
2.230308e-02 5.701685e+02 -4.891075e+01 -6.708112e+02 2.140775e+02 1.325049e+03
2.292974e-02 5.628452e+02 2.362827e+01 -6.329185e+02 3.367152e+02 1.332743e+03
2.355539e-02 5.496173e+02 8.109180e+01 -4.783531e+02 4.188696e+02 1.451268e+03
2.418150e-02 5.489479e+02 1.114703e+02 -2.911830e+02 4.514246e+02 1.689094e+03
2.480946e-02 5.367267e+02 1.110546e+02 -9.201970e+01 4.331892e+02 1.897447e+03
2.543879e-02 5.206230e+02 9.019830e+01 9.222321e+01 3.911172e+02 2.064745e+03
2.606741e-02 5.063271e+02 5.831263e+01 1.960023e+02 3.144836e+02 2.149559e+03
2.669501e-02 4.789210e+02 2.254443e+01 2.695969e+02 2.084938e+02 2.128635e+03
2.732628e-02 4.499269e+02 -8.196897e+00 2.664185e+02 1.058164e+02 2.035735e+03
2.795771e-02 4.041875e+02 -3.121909e+01 2.250850e+02 1.058104e+01 1.836153e+03
2.858621e-02 3.558475e+02 -4.629517e+01 1.549071e+02 -6.321562e+01 1.596347e+03
2.921223e-02 3.090653e+02 -5.557998e+01 5.857488e+01 -1.105508e+02 1.341996e+03
2.983725e-02 2.560469e+02 -5.543436e+01 -2.677641e+01 -1.233839e+02 1.057619e+03
3.046693e-02 2.160260e+02 -4.936884e+01 -1.149587e+02 -1.161992e+02 8.229172e+02
3.109608e-02 1.789418e+02 -3.751447e+01 -1.706106e+02 -8.984186e+01 6.183740e+02
3.172270e-02 1.552709e+02 -2.250024e+01 -2.082356e+02 -5.367140e+01 4.789838e+02
3.235285e-02 1.403451e+02 -4.782557e+00 -2.225012e+02 -1.365408e+01 3.968298e+02
3.298394e-02 1.293544e+02 1.121018e+01 -1.998328e+02 2.314649e+01 3.615446e+02
3.361458e-02 1.262000e+02 2.425827e+01 -1.659728e+02 5.182630e+01 3.744889e+02
3.424083e-02 1.248492e+02 3.170247e+01 -1.118031e+02 7.440095e+01 4.137925e+02
3.486711e-02 1.267318e+02 3.386472e+01 -5.620857e+01 8.505708e+01 4.722583e+02
3.549614e-02 1.267622e+02 3.060105e+01 -4.357849e+00 8.421103e+01 5.212209e+02
3.612198e-02 1.282066e+02 2.459493e+01 4.345037e+01 7.758729e+01 5.718364e+02
3.674992e-02 1.252353e+02 1.496269e+01 6.769028e+01 5.913704e+01 5.887468e+02
3.737802e-02 1.219131e+02 5.009734e+00 8.237658e+01 3.943900e+01 5.927065e+02
3.800827e-02 1.142446e+02 -4.748504e+00 7.792284e+01 1.746849e+01 5.621385e+02
3.863754e-02 1.066062e+02 -1.249946e+01 6.204639e+01 -2.192295e+00 5.204274e+02
3.926550e-02 9.565322e+01 -1.765767e+01 3.792302e+01 -1.773140e+01 4.556911e+02
3.989588e-02 8.494043e+01 -1.974542e+01 6.016179e+00 -2.810472e+01 3.848864e+02
4.052254e-02 7.409466e+01 -1.898653e+01 -2.332538e+01 -3.217304e+01 3.148304e+02
4.115124e-02 6.467992e+01 -1.601378e+01 -5.109793e+01 -2.912284e+01 2.510722e+02
4.177955e-02 5.665741e+01 -1.148246e+01 -6.948442e+01 -2.183016e+01 1.998509e+02
4.240547e-02 5.114503e+01 -6.042431e+00 -8.008479e+01 -1.064611e+01 1.646099e+02
4.303621e-02 4.823009e+01 -3.094537e-01 -8.281518e+01 1.631373e+00 1.477081e+02
4.366615e-02 4.691584e+01 4.753222e+00 -7.512045e+01 1.417044e+01 1.453771e+02
4.429168e-02 4.769672e+01 8.714360e+00 -6.264598e+01 2.439477e+01 1.575137e+02
4.491727e-02 4.866470e+01 1.107267e+01 -4.425813e+01 3.074675e+01 1.765277e+02
4.554613e-02 5.057343e+01 1.180527e+01 -2.499228e+01 3.396150e+01 2.019253e+02
4.617836e-02 5.214100e+01 1.076556e+01 -6.260012e+00 3.320331e+01 2.259413e+02
4.680927e-02 5.268412e+01 8.323825e+00 9.143082e+00 2.876949e+01 2.430414e+02
4.743756e-02 5.278198e+01 5.041384e+00 1.907335e+01 2.159186e+01 2.537552e+02
4.806661e-02 5.157698e+01 1.619902e+00 2.512189e+01 1.309464e+01 2.554856e+02
4.869280e-02 4.927670e+01 -1.756978e+00 2.305540e+01 4.268532e+00 2.458748e+02
4.931779e-02 4.572579e+01 -4.657596e+00 1.736473e+01 -3.578482e+00 2.268591e+02
4.994581e-02 4.197863e+01 -6.837683e+00 8.163005e+00 -9.626389e+00 2.035519e+02
5.057480e-02 3.787185e+01 -7.858783e+00 -3.716231e+00 -1.320827e+01 1.752556e+02
5.120302e-02 3.392008e+01 -7.908864e+00 -1.529799e+01 -1.443798e+01 1.471558e+02
5.183209e-02 3.033012e+01 -6.804600e+00 -2.672951e+01 -1.328194e+01 1.206255e+02
5.246116e-02 2.732019e+01 -5.001285e+00 -3.495215e+01 -1.029575e+01 9.919920e+01
5.308896e-02 2.512124e+01 -2.772880e+00 -3.984697e+01 -5.971311e+00 8.403430e+01
5.371721e-02 2.355410e+01 -5.417401e-01 -4.096741e+01 -1.012066e+00 7.519677e+01
5.434780e-02 2.278716e+01 1.598595e+00 -3.856631e+01 3.749808e+00 7.275809e+01
5.497604e-02 2.265331e+01 3.171120e+00 -3.374125e+01 7.674578e+00 7.582674e+01
5.560013e-02 2.284982e+01 4.224725e+00 -2.655859e+01 1.036036e+01 8.240443e+01
5.622954e-02 2.324035e+01 4.526551e+00 -1.856457e+01 1.148884e+01 9.093479e+01
5.686173e-02 2.371420e+01 4.146445e+00 -1.138642e+01 1.108046e+01 9.937003e+01
5.748940e-02 2.389268e+01 3.275581e+00 -4.972381e+00 9.377245e+00 1.061139e+02
5.811669e-02 2.394230e+01 1.998515e+00 -9.736212e-01 6.631927e+00 1.100481e+02
5.874554e-02 2.323973e+01 5.927192e-01 1.449824e+00 3.414260e+00 1.091611e+02
5.937282e-02 2.239193e+01 -7.738649e-01 1.125893e+00 7.272498e-02 1.053477e+02
6.000021e-02 2.107384e+01 -1.820749e+00 -9.922065e-01 -2.906621e+00 9.775031e+01
6.062750e-02 1.948537e+01 -2.581098e+00 -4.485397e+00 -5.124752e+00 8.766890e+01
6.125597e-02 1.774097e+01 -2.842477e+00 -8.802702e+00 -6.288606e+00 7.618388e+01
6.188682e-02 1.607111e+01 -2.751981e+00 -1.282052e+01 -6.504622e+00 6.501400e+01
6.251462e-02 1.466142e+01 -2.226203e+00 -1.679518e+01 -5.610622e+00 5.491070e+01
6.314049e-02 1.340110e+01 -1.424021e+00 -1.915830e+01 -3.926859e+00 4.675493e+01
6.377015e-02 1.253498e+01 -4.367744e-01 -2.013447e+01 -1.776286e+00 4.143085e+01
6.439971e-02 1.207413e+01 5.263500e-01 -1.969089e+01 4.748630e-01 3.927118e+01
6.502803e-02 1.186835e+01 1.401765e+00 -1.762220e+01 2.643491e+00 3.976424e+01
6.565852e-02 1.193200e+01 2.029877e+00 -1.459525e+01 4.236711e+00 4.240940e+01
6.628652e-02 1.214140e+01 2.341259e+00 -1.067599e+01 5.348551e+00 4.654251e+01
6.691319e-02 1.239380e+01 2.337616e+00 -6.794407e+00 5.541248e+00 5.101719e+01
6.754195e-02 1.262271e+01 2.029603e+00 -3.096104e+00 5.111424e+00 5.534266e+01
6.816923e-02 1.268095e+01 1.474321e+00 -2.924292e-01 4.006368e+00 5.821804e+01
6.879707e-02 1.251805e+01 7.677212e-01 1.420198e+00 2.468528e+00 5.922629e+01
6.942589e-02 1.219848e+01 -6.228823e-03 2.099732e+00 8.204423e-01 5.867882e+01
7.005350e-02 1.166875e+01 -7.260939e-01 1.429625e+00 -8.537812e-01 5.601647e+01
7.068149e-02 1.089857e+01 -1.316235e+00 -1.760668e-01 -2.146950e+00 5.123468e+01
7.131092e-02 1.011837e+01 -1.682983e+00 -2.576104e+00 -3.074182e+00 4.568449e+01
7.194060e-02 9.304317e+00 -1.816382e+00 -5.242341e+00 -3.463959e+00 3.959431e+01
7.256947e-02 8.528661e+00 -1.688121e+00 -7.863274e+00 -3.363451e+00 3.362505e+01
7.319738e-02 7.870541e+00 -1.334392e+00 -1.010464e+01 -2.778318e+00 2.841587e+01
7.382604e-02 7.362787e+00 -8.186798e-01 -1.153708e+01 -1.848437e+00 2.453329e+01
7.445392e-02 7.015753e+00 -2.359432e-01 -1.210887e+01 -7.109216e-01 2.214072e+01
7.507965e-02 6.854117e+00 3.492509e-01 -1.180266e+01 4.941799e-01 2.141541e+01
7.570782e-02 6.794037e+00 8.412839e-01 -1.055622e+01 1.576554e+00 2.203293e+01
7.633697e-02 6.871889e+00 1.181305e+00 -8.792797e+00 2.381983e+00 2.388439e+01
7.696614e-02 6.989080e+00 1.334878e+00 -6.595266e+00 2.886739e+00 2.637995e+01
7.759521e-02 7.111259e+00 1.269413e+00 -4.399213e+00 2.967668e+00 2.892495e+01
7.822404e-02 7.238758e+00 1.016961e+00 -2.499984e+00 2.655783e+00 3.129565e+01
7.885455e-02 7.287072e+00 6.410812e-01 -1.093187e+00 1.996884e+00 3.279066e+01
7.948034e-02 7.257165e+00 2.080709e-01 -3.937182e-01 1.107220e+00 3.330101e+01
8.010544e-02 7.100700e+00 -2.141122e-01 -3.585934e-01 1.057248e-01 3.263595e+01
8.073519e-02 6.820762e+00 -5.822591e-01 -1.003757e+00 -8.550143e-01 3.084276e+01
8.136420e-02 6.442960e+00 -8.428211e-01 -2.082510e+00 -1.619796e+00 2.821856e+01
8.199246e-02 5.980222e+00 -9.803835e-01 -3.516583e+00 -2.084736e+00 2.492180e+01
8.262013e-02 5.483822e+00 -9.748622e-01 -5.009988e+00 -2.168775e+00 2.136508e+01
8.325004e-02 5.047052e+00 -8.533445e-01 -6.354448e+00 -1.939364e+00 1.815063e+01
8.388076e-02 4.689277e+00 -6.067320e-01 -7.424610e+00 -1.385696e+00 1.545436e+01
8.450772e-02 4.451227e+00 -2.790030e-01 -7.986269e+00 -6.442584e-01 1.373456e+01
8.513407e-02 4.333106e+00 7.959151e-02 -8.011931e+00 2.000008e-01 1.298034e+01
8.576290e-02 4.332577e+00 4.285706e-01 -7.456635e+00 1.025114e+00 1.329286e+01
8.639170e-02 4.442750e+00 7.136731e-01 -6.457569e+00 1.728147e+00 1.452671e+01
8.701933e-02 4.593288e+00 9.037501e-01 -5.041489e+00 2.222203e+00 1.632894e+01
8.764729e-02 4.790754e+00 9.710803e-01 -3.490785e+00 2.454858e+00 1.851933e+01
8.827546e-02 4.981055e+00 9.206805e-01 -1.951199e+00 2.377337e+00 2.074671e+01
8.890360e-02 5.138499e+00 7.487686e-01 -6.388636e-01 2.030175e+00 2.261068e+01
8.953185e-02 5.201477e+00 4.929681e-01 3.294833e-01 1.451787e+00 2.380415e+01
9.016049e-02 5.191005e+00 1.934735e-01 8.507189e-01 7.676813e-01 2.421299e+01
9.078921e-02 5.116020e+00 -1.147333e-01 8.912002e-01 3.637374e-03 2.391760e+01
9.141859e-02 4.913790e+00 -3.852254e-01 4.170980e-01 -6.839387e-01 2.258542e+01
9.204760e-02 4.648724e+00 -5.801974e-01 -3.716665e-01 -1.236663e+00 2.066455e+01
9.267535e-02 4.328222e+00 -6.945704e-01 -1.414073e+00 -1.610636e+00 1.827366e+01
9.330406e-02 3.977918e+00 -7.065151e-01 -2.494209e+00 -1.729420e+00 1.569261e+01
9.393390e-02 3.644054e+00 -6.219876e-01 -3.524420e+00 -1.619225e+00 1.324240e+01
9.456102e-02 3.358184e+00 -4.555392e-01 -4.346442e+00 -1.290991e+00 1.116041e+01
9.518740e-02 3.129917e+00 -2.427753e-01 -4.828424e+00 -8.225681e-01 9.652524e+00
9.581568e-02 2.995516e+00 -7.967126e-03 -4.979172e+00 -2.579995e-01 8.861481e+00
9.644552e-02 2.944144e+00 2.249371e-01 -4.738596e+00 3.342331e-01 8.771280e+00
9.707482e-02 2.963162e+00 4.095595e-01 -4.163642e+00 8.414018e-01 9.289255e+00
9.770146e-02 3.043747e+00 5.341796e-01 -3.350918e+00 1.226083e+00 1.030288e+01
9.832882e-02 3.160661e+00 5.852548e-01 -2.405467e+00 1.427958e+00 1.159080e+01
9.895640e-02 3.310359e+00 5.592284e-01 -1.496302e+00 1.442495e+00 1.301409e+01
9.958504e-02 3.410340e+00 4.586312e-01 -6.503415e-01 1.261717e+00 1.417266e+01
1.002139e-01 3.484956e+00 3.100417e-01 -4.693485e-02 9.338151e-01 1.499866e+01
1.008411e-01 3.501410e+00 1.297396e-01 3.020599e-01 5.010998e-01 1.538330e+01
1.014708e-01 3.453102e+00 -5.456756e-02 3.622884e-01 2.153665e-02 1.522130e+01
1.021003e-01 3.334702e+00 -2.214681e-01 8.755038e-02 -4.161217e-01 1.449904e+01
1.027279e-01 3.158986e+00 -3.570049e-01 -3.695910e-01 -7.719384e-01 1.334181e+01
1.033572e-01 2.947481e+00 -4.402992e-01 -1.035264e+00 -9.830210e-01 1.184658e+01
1.039858e-01 2.743992e+00 -4.652966e-01 -1.732215e+00 -1.049117e+00 1.031381e+01
1.046130e-01 2.545908e+00 -4.303547e-01 -2.423263e+00 -9.648797e-01 8.785975e+00
1.052407e-01 2.386291e+00 -3.321123e-01 -2.993758e+00 -7.625879e-01 7.498868e+00
1.058684e-01 2.268924e+00 -1.916188e-01 -3.363130e+00 -4.665091e-01 6.557542e+00
1.064969e-01 2.203127e+00 -2.518225e-02 -3.496822e+00 -1.290042e-01 6.075357e+00
1.071273e-01 2.179087e+00 1.392781e-01 -3.360752e+00 2.057871e-01 6.029303e+00
1.077558e-01 2.188773e+00 2.780639e-01 -2.993170e+00 5.079013e-01 6.368577e+00
1.083828e-01 2.225816e+00 3.704319e-01 -2.442215e+00 7.309903e-01 7.017945e+00
1.090114e-01 2.287489e+00 4.085267e-01 -1.800932e+00 8.567972e-01 7.861836e+00
1.096397e-01 2.352317e+00 3.856545e-01 -1.159766e+00 8.695858e-01 8.739647e+00
1.102684e-01 2.413154e+00 3.119810e-01 -5.991483e-01 7.698931e-01 9.505780e+00
1.108970e-01 2.457213e+00 2.002330e-01 -2.032203e-01 5.777974e-01 1.004272e+01
1.115233e-01 2.474093e+00 6.976742e-02 2.199426e-03 3.233556e-01 1.029079e+01
1.121508e-01 2.458127e+00 -6.353439e-02 8.168166e-03 4.686274e-02 1.022023e+01
1.127798e-01 2.400786e+00 -1.807336e-01 -2.230632e-01 -2.151330e-01 9.747128e+00
1.134097e-01 2.314106e+00 -2.743383e-01 -5.754132e-01 -4.343861e-01 9.029698e+00
1.140373e-01 2.208938e+00 -3.170829e-01 -1.066266e+00 -5.693542e-01 8.096489e+00
1.146647e-01 2.090418e+00 -3.176709e-01 -1.545717e+00 -6.218985e-01 7.110204e+00
1.152948e-01 1.975186e+00 -2.687636e-01 -2.010106e+00 -5.795746e-01 6.169435e+00
1.159235e-01 1.871583e+00 -1.850138e-01 -2.358917e+00 -4.491608e-01 5.378912e+00
1.165517e-01 1.792363e+00 -7.831505e-02 -2.546401e+00 -2.469310e-01 4.850333e+00
1.171799e-01 1.748933e+00 3.494437e-02 -2.564984e+00 -4.607531e-03 4.619495e+00
1.178092e-01 1.737380e+00 1.447550e-01 -2.396157e+00 2.432717e-01 4.689533e+00
1.184382e-01 1.764036e+00 2.339301e-01 -2.086302e+00 4.618314e-01 5.061584e+00
1.190649e-01 1.811168e+00 2.950622e-01 -1.648802e+00 6.192874e-01 5.629300e+00
1.196918e-01 1.871944e+00 3.168017e-01 -1.159039e+00 6.947660e-01 6.320311e+00
1.203206e-01 1.936749e+00 3.000973e-01 -6.609262e-01 6.843245e-01 7.023572e+00
1.209492e-01 1.993222e+00 2.472640e-01 -2.260402e-01 5.861018e-01 7.638131e+00
1.215770e-01 2.030171e+00 1.719670e-01 1.062605e-01 4.171119e-01 8.079501e+00
1.222060e-01 2.034765e+00 7.708326e-02 2.819509e-01 1.980449e-01 8.255997e+00
1.228351e-01 2.005702e+00 -2.044029e-02 3.265170e-01 -3.958062e-02 8.175922e+00
1.234639e-01 1.946040e+00 -1.153524e-01 2.071541e-01 -2.586693e-01 7.818681e+00
1.240910e-01 1.860385e+00 -1.925900e-01 -5.504820e-02 -4.322970e-01 7.223128e+00
1.247182e-01 1.759600e+00 -2.446536e-01 -3.990802e-01 -5.503181e-01 6.457837e+00
1.253470e-01 1.657037e+00 -2.666284e-01 -8.048136e-01 -5.926554e-01 5.632910e+00
1.259754e-01 1.558301e+00 -2.578085e-01 -1.199392e+00 -5.648572e-01 4.806874e+00
1.266036e-01 1.476102e+00 -2.134062e-01 -1.560499e+00 -4.740726e-01 4.068572e+00
1.272319e-01 1.414153e+00 -1.471936e-01 -1.823668e+00 -3.373535e-01 3.497233e+00
1.278607e-01 1.373861e+00 -6.356566e-02 -1.969447e+00 -1.785250e-01 3.138201e+00
1.284890e-01 1.353933e+00 2.446237e-02 -1.980883e+00 -8.860624e-03 3.001775e+00
1.291182e-01 1.349875e+00 1.011242e-01 -1.862065e+00 1.477025e-01 3.075470e+00
1.297470e-01 1.361603e+00 1.589480e-01 -1.648696e+00 2.807522e-01 3.324518e+00
1.303744e-01 1.383111e+00 1.886213e-01 -1.361091e+00 3.677858e-01 3.689104e+00
1.310022e-01 1.411731e+00 1.930004e-01 -1.060830e+00 4.083331e-01 4.105047e+00
1.316312e-01 1.437886e+00 1.711818e-01 -7.670336e-01 3.896768e-01 4.499700e+00
1.322597e-01 1.461521e+00 1.300272e-01 -5.416611e-01 3.207791e-01 4.823500e+00
1.328871e-01 1.471261e+00 7.574675e-02 -3.834081e-01 2.195392e-01 5.026549e+00
1.335151e-01 1.470306e+00 1.862478e-02 -3.209851e-01 9.180442e-02 5.076893e+00
1.341448e-01 1.452663e+00 -3.506870e-02 -3.487157e-01 -3.061076e-02 4.968791e+00
1.347734e-01 1.420466e+00 -7.657664e-02 -4.497561e-01 -1.395184e-01 4.731520e+00
1.354003e-01 1.380346e+00 -1.018832e-01 -6.097604e-01 -2.135040e-01 4.401635e+00
1.360284e-01 1.330142e+00 -1.098293e-01 -7.783569e-01 -2.428100e-01 4.017569e+00
1.366568e-01 1.281914e+00 -1.006276e-01 -9.571992e-01 -2.315807e-01 3.629165e+00
1.372858e-01 1.239581e+00 -7.579424e-02 -1.097991e+00 -1.803740e-01 3.294153e+00
1.379142e-01 1.207060e+00 -4.109029e-02 -1.188485e+00 -1.013845e-01 3.054534e+00
1.385416e-01 1.189583e+00 -3.058780e-04 -1.216477e+00 -5.230548e-03 2.932022e+00
1.391708e-01 1.187028e+00 3.696982e-02 -1.182665e+00 9.070652e-02 2.933139e+00
1.397994e-01 1.198523e+00 6.888525e-02 -1.088183e+00 1.680396e-01 3.042747e+00
1.404273e-01 1.218152e+00 9.142350e-02 -9.511329e-01 2.150969e-01 3.227448e+00
1.410561e-01 1.239151e+00 1.031054e-01 -7.869594e-01 2.261974e-01 3.450485e+00
1.416844e-01 1.256133e+00 1.007059e-01 -6.202946e-01 2.000006e-01 3.676602e+00
1.423121e-01 1.262230e+00 8.066087e-02 -4.758760e-01 1.419831e-01 3.847723e+00
1.429401e-01 1.255337e+00 4.798509e-02 -3.728864e-01 7.069557e-02 3.935600e+00
1.435692e-01 1.241384e+00 4.625100e-03 -3.312477e-01 -1.416593e-02 3.927138e+00
1.441983e-01 1.217072e+00 -4.010647e-02 -3.538615e-01 -8.998414e-02 3.805205e+00
1.448262e-01 1.188701e+00 -7.821395e-02 -4.468637e-01 -1.651942e-01 3.582832e+00
1.454539e-01 1.154126e+00 -1.030125e-01 -5.860881e-01 -2.188092e-01 3.280086e+00
1.460823e-01 1.116148e+00 -1.089665e-01 -7.529493e-01 -2.465100e-01 2.935750e+00
1.467115e-01 1.076126e+00 -1.011786e-01 -9.140621e-01 -2.480317e-01 2.592701e+00
1.473399e-01 1.038347e+00 -7.831055e-02 -1.055717e+00 -2.076863e-01 2.288807e+00
1.479676e-01 1.008163e+00 -4.675660e-02 -1.153202e+00 -1.382682e-01 2.052143e+00
1.485964e-01 9.889275e-01 -9.394280e-03 -1.193171e+00 -4.830853e-02 1.909000e+00
1.492243e-01 9.865390e-01 2.900103e-02 -1.176965e+00 4.749628e-02 1.891658e+00
1.498507e-01 9.943432e-01 6.604204e-02 -1.092727e+00 1.365837e-01 1.974501e+00
1.504788e-01 1.015276e+00 9.662668e-02 -9.635916e-01 2.086729e-01 2.155518e+00
1.511078e-01 1.043090e+00 1.155196e-01 -7.992200e-01 2.528899e-01 2.408583e+00
1.517364e-01 1.071895e+00 1.233639e-01 -6.086356e-01 2.666357e-01 2.686729e+00
1.523652e-01 1.096723e+00 1.170783e-01 -4.239542e-01 2.456578e-01 2.958075e+00
1.529942e-01 1.112638e+00 9.909254e-02 -2.598432e-01 1.970607e-01 3.180764e+00
1.536237e-01 1.117943e+00 6.900132e-02 -1.415332e-01 1.282084e-01 3.326387e+00
1.542519e-01 1.111718e+00 3.197655e-02 -7.134434e-02 4.947566e-02 3.383476e+00
1.548791e-01 1.094535e+00 -6.866519e-03 -6.192224e-02 -3.347975e-02 3.327756e+00
1.555078e-01 1.068825e+00 -4.173547e-02 -1.069976e-01 -1.072703e-01 3.181840e+00
1.561363e-01 1.037159e+00 -6.641033e-02 -2.033196e-01 -1.670270e-01 2.959742e+00
1.567636e-01 1.000219e+00 -7.996570e-02 -3.291962e-01 -2.023456e-01 2.688688e+00
1.573916e-01 9.626316e-01 -8.168720e-02 -4.633723e-01 -2.123310e-01 2.400955e+00
1.580207e-01 9.257148e-01 -7.158726e-02 -5.875283e-01 -1.927185e-01 2.125440e+00
1.586492e-01 8.945607e-01 -5.048572e-02 -6.910540e-01 -1.515626e-01 1.894806e+00
1.592766e-01 8.696315e-01 -2.462657e-02 -7.517465e-01 -9.341385e-02 1.727631e+00
1.599049e-01 8.536215e-01 2.520456e-03 -7.677688e-01 -2.878904e-02 1.638254e+00
1.605344e-01 8.501251e-01 2.817228e-02 -7.434278e-01 3.412296e-02 1.637073e+00
1.611623e-01 8.551872e-01 4.758406e-02 -6.824434e-01 8.649138e-02 1.699616e+00
1.617904e-01 8.692220e-01 6.039269e-02 -5.951657e-01 1.193753e-01 1.814504e+00
1.624191e-01 8.862072e-01 6.529678e-02 -4.912147e-01 1.287666e-01 1.958185e+00
1.630470e-01 9.020522e-01 6.300618e-02 -3.888519e-01 1.167766e-01 2.100719e+00
1.636756e-01 9.103544e-01 5.198001e-02 -2.983962e-01 8.130467e-02 2.210116e+00
1.643038e-01 9.102804e-01 3.394742e-02 -2.342439e-01 3.214568e-02 2.268734e+00
1.649313e-01 9.013741e-01 1.129312e-02 -2.002211e-01 -2.036256e-02 2.264583e+00
1.655596e-01 8.839959e-01 -1.377015e-02 -2.057377e-01 -7.424349e-02 2.188786e+00
1.661885e-01 8.602513e-01 -3.631274e-02 -2.474799e-01 -1.174773e-01 2.058294e+00
1.668177e-01 8.344225e-01 -5.290391e-02 -3.239894e-01 -1.486736e-01 1.879920e+00
1.674456e-01 8.072295e-01 -6.105445e-02 -4.161595e-01 -1.580971e-01 1.681079e+00
1.680727e-01 7.794605e-01 -6.000757e-02 -5.125440e-01 -1.503796e-01 1.475022e+00
1.687016e-01 7.590214e-01 -4.947437e-02 -6.021689e-01 -1.221460e-01 1.295913e+00
1.693313e-01 7.398223e-01 -3.158791e-02 -6.663958e-01 -7.879230e-02 1.156224e+00
1.699587e-01 7.303702e-01 -8.517619e-03 -6.980247e-01 -2.861510e-02 1.074831e+00
1.705866e-01 7.259731e-01 1.750904e-02 -6.899992e-01 2.432710e-02 1.056638e+00
1.712159e-01 7.300647e-01 4.146560e-02 -6.462705e-01 7.187526e-02 1.111883e+00
1.718445e-01 7.401333e-01 6.056488e-02 -5.708147e-01 1.100902e-01 1.215166e+00
1.724727e-01 7.544536e-01 7.209349e-02 -4.713342e-01 1.373736e-01 1.361763e+00
1.731002e-01 7.718616e-01 7.485971e-02 -3.623510e-01 1.474361e-01 1.528298e+00
1.737290e-01 7.895864e-01 7.018059e-02 -2.511917e-01 1.427164e-01 1.686500e+00
1.743571e-01 8.044015e-01 5.852887e-02 -1.593773e-01 1.190706e-01 1.825837e+00
1.749848e-01 8.134220e-01 4.063723e-02 -9.228099e-02 8.338944e-02 1.916156e+00
1.756135e-01 8.157364e-01 1.995236e-02 -5.341575e-02 4.129790e-02 1.960262e+00
1.762417e-01 8.124629e-01 -2.036790e-03 -4.937744e-02 -1.823846e-03 1.948231e+00
1.768700e-01 8.036335e-01 -2.199667e-02 -7.740210e-02 -4.198742e-02 1.880217e+00
1.774983e-01 7.890530e-01 -3.675628e-02 -1.334899e-01 -7.473034e-02 1.766724e+00
1.781269e-01 7.718204e-01 -4.424905e-02 -2.035084e-01 -9.590719e-02 1.624609e+00
1.787551e-01 7.528912e-01 -4.598599e-02 -2.800944e-01 -1.066403e-01 1.473358e+00
1.793837e-01 7.348111e-01 -4.047044e-02 -3.547668e-01 -9.690465e-02 1.328113e+00
1.800121e-01 7.194081e-01 -3.052718e-02 -4.144150e-01 -7.908726e-02 1.202101e+00
1.806398e-01 7.088048e-01 -1.700824e-02 -4.558074e-01 -4.742998e-02 1.115162e+00
1.812676e-01 7.033879e-01 -3.559954e-03 -4.742930e-01 -1.419690e-02 1.070054e+00
1.818961e-01 7.024425e-01 9.919596e-03 -4.687861e-01 2.092749e-02 1.065666e+00
1.825251e-01 7.075468e-01 1.999342e-02 -4.464426e-01 5.026998e-02 1.100791e+00
1.831533e-01 7.149181e-01 2.561356e-02 -4.102777e-01 6.960054e-02 1.158482e+00
1.837813e-01 7.245072e-01 2.714634e-02 -3.660281e-01 7.365507e-02 1.229814e+00
1.844104e-01 7.327135e-01 2.459400e-02 -3.236202e-01 6.335691e-02 1.294243e+00
1.850389e-01 7.384679e-01 1.849561e-02 -2.896823e-01 3.996242e-02 1.342666e+00
1.856669e-01 7.393900e-01 1.091609e-02 -2.679706e-01 7.939105e-03 1.359846e+00
1.862953e-01 7.349553e-01 1.479012e-03 -2.614317e-01 -2.709643e-02 1.347111e+00
1.869236e-01 7.260357e-01 -7.704990e-03 -2.725857e-01 -6.103255e-02 1.298377e+00
1.875520e-01 7.112265e-01 -1.410424e-02 -2.950256e-01 -8.577500e-02 1.214774e+00
1.881803e-01 6.940296e-01 -1.831351e-02 -3.300426e-01 -9.783429e-02 1.114625e+00
1.888083e-01 6.755537e-01 -1.966160e-02 -3.667803e-01 -9.470116e-02 1.003857e+00
1.894359e-01 6.590614e-01 -1.786341e-02 -4.049426e-01 -7.725309e-02 9.027511e-01
1.900648e-01 6.475648e-01 -1.283421e-02 -4.326520e-01 -4.797645e-02 8.195382e-01
1.906937e-01 6.434258e-01 -4.106706e-03 -4.494856e-01 -1.389939e-02 7.734291e-01
1.913208e-01 6.446868e-01 8.205935e-03 -4.516805e-01 2.075160e-02 7.675338e-01
1.919495e-01 6.505244e-01 2.184653e-02 -4.285576e-01 5.449281e-02 8.003681e-01
1.925783e-01 6.594531e-01 3.518271e-02 -3.885426e-01 7.665216e-02 8.683333e-01
1.932069e-01 6.689546e-01 4.503579e-02 -3.285663e-01 9.136085e-02 9.599234e-01
1.938350e-01 6.775210e-01 5.124381e-02 -2.569524e-01 9.494089e-02 1.064301e+00
1.944626e-01 6.847383e-01 5.094847e-02 -1.846063e-01 8.521613e-02 1.168376e+00
1.950912e-01 6.868961e-01 4.396570e-02 -1.166574e-01 6.824721e-02 1.254506e+00
1.957198e-01 6.892275e-01 3.118207e-02 -6.485549e-02 4.488967e-02 1.318555e+00
1.963481e-01 6.887131e-01 1.404719e-02 -3.941439e-02 1.688575e-02 1.344699e+00
1.969763e-01 6.866415e-01 -3.098618e-03 -3.566323e-02 -1.162528e-02 1.336611e+00
1.976057e-01 6.813002e-01 -1.767020e-02 -5.852265e-02 -4.164670e-02 1.283223e+00
1.982346e-01 6.728536e-01 -2.803423e-02 -1.005513e-01 -6.566570e-02 1.201772e+00
1.988621e-01 6.620501e-01 -3.341385e-02 -1.552749e-01 -8.150180e-02 1.097255e+00
1.994900e-01 6.477816e-01 -3.396701e-02 -2.155664e-01 -8.902103e-02 9.809701e-01
2.001183e-01 6.335056e-01 -2.916289e-02 -2.713436e-01 -8.212882e-02 8.659303e-01
2.007462e-01 6.206247e-01 -2.161057e-02 -3.172725e-01 -6.551667e-02 7.719792e-01
2.013743e-01 6.125469e-01 -1.127597e-02 -3.509235e-01 -3.902707e-02 7.037770e-01
2.020025e-01 6.075398e-01 -1.413062e-04 -3.641437e-01 -8.137782e-03 6.689133e-01
2.026313e-01 6.097134e-01 1.124474e-02 -3.605831e-01 2.415140e-02 6.709290e-01
2.032604e-01 6.169115e-01 2.172677e-02 -3.382103e-01 4.845237e-02 7.088717e-01
2.038879e-01 6.264898e-01 3.123065e-02 -3.015703e-01 6.643164e-02 7.724264e-01
2.045158e-01 6.366518e-01 3.679989e-02 -2.523543e-01 7.226560e-02 8.532519e-01
2.051449e-01 6.455325e-01 3.890022e-02 -1.972316e-01 6.774005e-02 9.375338e-01
2.057735e-01 6.508923e-01 3.551810e-02 -1.428835e-01 5.714519e-02 1.011862e+00
2.064017e-01 6.536267e-01 2.758450e-02 -1.001283e-01 3.622831e-02 1.065902e+00
2.070305e-01 6.514503e-01 1.718132e-02 -7.144228e-02 1.178722e-02 1.085470e+00
2.076594e-01 6.472837e-01 5.295802e-03 -5.830829e-02 -1.543698e-02 1.081421e+00
2.082867e-01 6.389808e-01 -6.280256e-03 -6.598528e-02 -4.078251e-02 1.042215e+00
2.089139e-01 6.290509e-01 -1.569322e-02 -9.096547e-02 -6.169456e-02 9.785736e-01
2.095429e-01 6.166762e-01 -2.154857e-02 -1.288228e-01 -7.265697e-02 8.936757e-01
2.101711e-01 6.047246e-01 -2.417141e-02 -1.722466e-01 -7.456725e-02 8.031992e-01
2.107990e-01 5.929236e-01 -2.314671e-02 -2.169394e-01 -6.560689e-02 7.128158e-01
2.114275e-01 5.829712e-01 -1.811796e-02 -2.541021e-01 -4.835982e-02 6.321185e-01
2.120557e-01 5.770155e-01 -1.002835e-02 -2.815359e-01 -2.613991e-02 5.770839e-01
2.126842e-01 5.729302e-01 8.353344e-04 -2.907925e-01 -1.590135e-03 5.479465e-01
2.133127e-01 5.734593e-01 1.273445e-02 -2.843519e-01 2.112873e-02 5.556288e-01
2.139414e-01 5.754573e-01 2.326566e-02 -2.619618e-01 4.054903e-02 5.921584e-01
2.145702e-01 5.809332e-01 3.075398e-02 -2.261451e-01 5.617204e-02 6.531621e-01
2.151979e-01 5.869060e-01 3.425143e-02 -1.809639e-01 6.547193e-02 7.297841e-01
2.158262e-01 5.947152e-01 3.341813e-02 -1.323422e-01 6.740735e-02 8.063467e-01
2.164548e-01 6.010495e-01 2.933357e-02 -8.872280e-02 6.049480e-02 8.774134e-01
2.170834e-01 6.063284e-01 2.218528e-02 -5.205834e-02 4.398082e-02 9.274592e-01
2.177116e-01 6.095150e-01 1.277649e-02 -3.100114e-02 2.082116e-02 9.569148e-01
2.183390e-01 6.099432e-01 3.183267e-03 -2.490992e-02 -4.673711e-03 9.580669e-01
2.189672e-01 6.069493e-01 -6.928827e-03 -3.514128e-02 -3.167632e-02 9.302210e-01
2.195962e-01 6.009742e-01 -1.443685e-02 -5.903656e-02 -5.350182e-02 8.741794e-01
2.202247e-01 5.926352e-01 -2.002301e-02 -9.243700e-02 -6.854939e-02 7.977217e-01
2.208525e-01 5.824175e-01 -2.170756e-02 -1.324717e-01 -7.645820e-02 7.125496e-01
2.214806e-01 5.707181e-01 -2.043284e-02 -1.719822e-01 -7.235240e-02 6.253577e-01
2.221096e-01 5.592480e-01 -1.641550e-02 -2.068056e-01 -5.867015e-02 5.481403e-01
2.227377e-01 5.504329e-01 -1.113722e-02 -2.355609e-01 -3.768504e-02 4.897318e-01
2.233660e-01 5.445892e-01 -4.491637e-03 -2.528178e-01 -1.271118e-02 4.544481e-01
2.239949e-01 5.430111e-01 3.642438e-03 -2.559655e-01 1.129849e-02 4.444979e-01
2.246230e-01 5.446776e-01 1.278096e-02 -2.464855e-01 2.895394e-02 4.600917e-01
2.252510e-01 5.475760e-01 2.073789e-02 -2.241958e-01 4.143900e-02 4.970737e-01
2.258786e-01 5.526377e-01 2.643787e-02 -1.919485e-01 4.775639e-02 5.514355e-01
2.265070e-01 5.586691e-01 2.825573e-02 -1.550200e-01 4.930970e-02 6.137922e-01
2.271353e-01 5.644446e-01 2.569354e-02 -1.193811e-01 4.594146e-02 6.736116e-01
2.277640e-01 5.702794e-01 2.070873e-02 -8.743167e-02 3.795067e-02 7.213171e-01
2.283928e-01 5.746363e-01 1.394294e-02 -6.769247e-02 2.423559e-02 7.520908e-01
2.290206e-01 5.770302e-01 6.546539e-03 -5.488018e-02 7.105949e-03 7.658747e-01
2.296494e-01 5.766832e-01 -9.607449e-04 -6.022331e-02 -1.085354e-02 7.576650e-01
2.302775e-01 5.739788e-01 -8.230182e-03 -7.395478e-02 -2.724603e-02 7.282997e-01
2.309053e-01 5.692966e-01 -1.427327e-02 -9.759719e-02 -3.909000e-02 6.830077e-01
2.315342e-01 5.649506e-01 -1.821512e-02 -1.300522e-01 -4.512048e-02 6.264244e-01
2.321633e-01 5.596015e-01 -1.877309e-02 -1.622296e-01 -4.782852e-02 5.625314e-01
2.327917e-01 5.545244e-01 -1.591451e-02 -1.948937e-01 -4.602798e-02 5.009267e-01
2.334191e-01 5.498364e-01 -1.099667e-02 -2.198862e-01 -4.036584e-02 4.461674e-01
2.340471e-01 5.455253e-01 -3.786909e-03 -2.367395e-01 -3.191080e-02 4.060202e-01
2.346760e-01 5.420038e-01 3.468011e-03 -2.432726e-01 -2.122304e-02 3.812146e-01
2.353048e-01 5.406119e-01 8.957601e-03 -2.395671e-01 -7.923933e-03 3.733355e-01
2.359331e-01 5.397595e-01 1.326414e-02 -2.288455e-01 4.488190e-03 3.812171e-01
2.365605e-01 5.413721e-01 1.478419e-02 -2.136633e-01 1.595567e-02 4.006731e-01
2.371890e-01 5.438613e-01 1.428136e-02 -1.956579e-01 2.463952e-02 4.271359e-01
2.378178e-01 5.476294e-01 1.218484e-02 -1.798179e-01 2.813659e-02 4.552263e-01
2.384456e-01 5.514439e-01 9.342691e-03 -1.683704e-01 2.447749e-02 4.795749e-01
2.390742e-01 5.531378e-01 6.618240e-03 -1.606331e-01 1.622952e-02 4.964504e-01
2.397020e-01 5.530621e-01 4.238911e-03 -1.580715e-01 4.160169e-03 5.028284e-01
2.403299e-01 5.495690e-01 2.704880e-03 -1.584254e-01 -1.016523e-02 4.955079e-01
2.409587e-01 5.433244e-01 1.364751e-03 -1.636314e-01 -2.196408e-02 4.780497e-01
2.415875e-01 5.354667e-01 9.192737e-04 -1.693814e-01 -3.025646e-02 4.489678e-01
2.422165e-01 5.262683e-01 -1.986984e-04 -1.771161e-01 -3.244255e-02 4.207133e-01
2.428445e-01 5.191341e-01 -1.720065e-04 -1.863899e-01 -2.847483e-02 3.907464e-01
2.434722e-01 5.137711e-01 1.840884e-05 -1.933080e-01 -1.959982e-02 3.658086e-01
2.441005e-01 5.111682e-01 1.493600e-03 -1.985290e-01 -8.836006e-03 3.512282e-01
2.447295e-01 5.116480e-01 3.600028e-03 -1.999585e-01 3.912430e-03 3.468535e-01
2.453575e-01 5.142645e-01 6.721430e-03 -1.977905e-01 1.448920e-02 3.571124e-01
2.459854e-01 5.176027e-01 9.358474e-03 -1.903254e-01 2.327755e-02 3.742060e-01
2.466143e-01 5.225338e-01 1.065865e-02 -1.801503e-01 2.776522e-02 4.011359e-01
2.472426e-01 5.278643e-01 1.146850e-02 -1.679299e-01 2.708596e-02 4.286150e-01
2.478702e-01 5.320280e-01 1.146641e-02 -1.541948e-01 2.028953e-02 4.513814e-01
2.484984e-01 5.341892e-01 1.053180e-02 -1.413494e-01 8.967523e-03 4.675283e-01
2.491273e-01 5.339587e-01 9.175331e-03 -1.321024e-01 -5.320449e-03 4.748565e-01
2.497552e-01 5.317640e-01 5.968025e-03 -1.272432e-01 -1.749332e-02 4.713657e-01
2.503834e-01 5.276221e-01 1.822814e-03 -1.282106e-01 -2.592155e-02 4.564176e-01
2.510119e-01 5.227154e-01 -2.479770e-03 -1.358988e-01 -2.996095e-02 4.290251e-01
2.516403e-01 5.185387e-01 -5.651759e-03 -1.475246e-01 -3.145436e-02 3.940902e-01
2.522691e-01 5.142289e-01 -6.320217e-03 -1.627138e-01 -3.049253e-02 3.536387e-01
2.528974e-01 5.100515e-01 -3.980662e-03 -1.765088e-01 -2.947064e-02 3.175790e-01
2.535254e-01 5.064628e-01 4.755354e-05 -1.854450e-01 -2.425502e-02 2.868099e-01
2.541542e-01 5.036041e-01 4.820702e-03 -1.905832e-01 -1.614103e-02 2.693394e-01
2.547828e-01 5.033689e-01 9.197764e-03 -1.867678e-01 -3.169369e-03 2.671119e-01
2.554104e-01 5.049110e-01 1.316230e-02 -1.766134e-01 1.069021e-02 2.769381e-01
2.560379e-01 5.087165e-01 1.723458e-02 -1.581471e-01 2.470770e-02 3.001250e-01
2.566670e-01 5.139927e-01 2.091728e-02 -1.353056e-01 3.412391e-02 3.371865e-01
2.572958e-01 5.188065e-01 2.330085e-02 -1.081235e-01 4.028415e-02 3.823926e-01
2.579236e-01 5.230924e-01 2.290323e-02 -7.949844e-02 4.219162e-02 4.319792e-01
2.585522e-01 5.273076e-01 1.948449e-02 -5.502751e-02 4.116199e-02 4.784271e-01
2.591808e-01 5.309547e-01 1.379679e-02 -3.550786e-02 3.590215e-02 5.151889e-01
2.598086e-01 5.337629e-01 7.706676e-03 -2.484667e-02 2.466693e-02 5.383427e-01
2.604363e-01 5.360824e-01 2.082817e-03 -2.501876e-02 9.735107e-03 5.464919e-01
2.610650e-01 5.356900e-01 -2.931766e-03 -3.303195e-02 -8.744395e-03 5.378412e-01
2.616935e-01 5.328349e-01 -6.622516e-03 -4.922450e-02 -2.586656e-02 5.117760e-01
2.623210e-01 5.286446e-01 -9.447840e-03 -7.075795e-02 -3.886772e-02 4.735411e-01
2.629494e-01 5.223255e-01 -1.092286e-02 -9.333468e-02 -4.672964e-02 4.218138e-01
2.635781e-01 5.155907e-01 -1.012534e-02 -1.188149e-01 -4.877169e-02 3.699883e-01
2.642065e-01 5.092144e-01 -7.765816e-03 -1.405903e-01 -4.442178e-02 3.184853e-01
2.648347e-01 5.026602e-01 -4.219290e-03 -1.577992e-01 -3.493652e-02 2.765491e-01
2.654637e-01 4.981113e-01 1.588796e-04 -1.688396e-01 -2.206704e-02 2.466881e-01
2.660924e-01 4.954760e-01 4.990660e-03 -1.713960e-01 -7.554657e-03 2.337430e-01
2.667201e-01 4.950508e-01 9.659623e-03 -1.665797e-01 5.769850e-03 2.351420e-01
2.673488e-01 4.960339e-01 1.424681e-02 -1.531943e-01 1.726472e-02 2.489756e-01
2.679778e-01 4.984786e-01 1.739785e-02 -1.353393e-01 2.430359e-02 2.755301e-01
2.686062e-01 5.026649e-01 1.906721e-02 -1.126484e-01 2.826106e-02 3.091699e-01
2.692341e-01 5.063142e-01 1.863945e-02 -9.057035e-02 2.708497e-02 3.447597e-01
2.698620e-01 5.107577e-01 1.675814e-02 -7.015429e-02 2.320949e-02 3.763999e-01
2.704897e-01 5.138055e-01 1.361987e-02 -5.410264e-02 1.610479e-02 4.019381e-01
2.711178e-01 5.152302e-01 9.625702e-03 -4.447292e-02 7.589304e-03 4.178475e-01
2.717462e-01 5.151443e-01 4.740000e-03 -4.179462e-02 -4.183238e-04 4.213787e-01
2.723748e-01 5.136454e-01 -1.207863e-04 -4.683117e-02 -7.121870e-03 4.119427e-01
2.730040e-01 5.109977e-01 -4.351093e-03 -5.807379e-02 -1.315678e-02 3.923585e-01
2.736320e-01 5.078703e-01 -6.617471e-03 -7.298818e-02 -1.775449e-02 3.638830e-01
2.742595e-01 5.044740e-01 -6.295552e-03 -9.021869e-02 -2.170057e-02 3.313168e-01
2.748883e-01 4.994875e-01 -3.364221e-03 -1.044717e-01 -2.343783e-02 2.995762e-01
2.755167e-01 4.949523e-01 9.090176e-04 -1.150154e-01 -2.204172e-02 2.753008e-01
2.761449e-01 4.898914e-01 5.402384e-03 -1.202956e-01 -1.595317e-02 2.601878e-01
2.767736e-01 4.868710e-01 8.681032e-03 -1.185436e-01 -5.194429e-03 2.571528e-01
2.774020e-01 4.857762e-01 1.115095e-02 -1.117156e-01 8.086205e-03 2.642708e-01
2.780301e-01 4.870197e-01 1.256532e-02 -9.954000e-02 2.008208e-02 2.816567e-01
2.786580e-01 4.908220e-01 1.417351e-02 -8.423663e-02 2.857741e-02 3.067131e-01
2.792860e-01 4.955555e-01 1.483282e-02 -6.711307e-02 3.250452e-02 3.398255e-01
2.799146e-01 5.004033e-01 1.471678e-02 -5.045895e-02 3.023951e-02 3.732241e-01
2.805434e-01 5.053502e-01 1.292973e-02 -3.685309e-02 2.583079e-02 4.067405e-01
2.811718e-01 5.096331e-01 9.402850e-03 -2.624911e-02 1.621194e-02 4.296078e-01
2.817991e-01 5.124041e-01 5.783242e-03 -2.125549e-02 4.954445e-03 4.412130e-01
2.824272e-01 5.129283e-01 2.841656e-03 -2.165481e-02 -8.110965e-03 4.383488e-01
2.830565e-01 5.109456e-01 -5.880595e-04 -2.562089e-02 -2.113638e-02 4.242066e-01
2.836849e-01 5.059304e-01 -2.900448e-03 -3.664371e-02 -3.023059e-02 3.982812e-01
2.843133e-01 4.999235e-01 -5.719364e-03 -5.121041e-02 -3.518882e-02 3.614204e-01
2.849417e-01 4.932227e-01 -7.744694e-03 -6.873146e-02 -3.724693e-02 3.220621e-01
2.855699e-01 4.865802e-01 -8.285746e-03 -8.776291e-02 -3.524064e-02 2.792848e-01
2.861980e-01 4.810026e-01 -6.322036e-03 -1.050247e-01 -3.170379e-02 2.404394e-01
2.868264e-01 4.753489e-01 -3.263101e-03 -1.195257e-01 -2.595464e-02 2.092242e-01
2.874550e-01 4.710635e-01 9.139711e-04 -1.281620e-01 -1.804074e-02 1.884795e-01
2.880834e-01 4.683275e-01 4.435668e-03 -1.318507e-01 -8.197014e-03 1.798869e-01
2.887116e-01 4.671358e-01 7.679646e-03 -1.297093e-01 1.999303e-03 1.788666e-01
2.893396e-01 4.677813e-01 1.022766e-02 -1.224279e-01 1.134688e-02 1.895847e-01
2.899676e-01 4.701959e-01 1.226765e-02 -1.126083e-01 1.747984e-02 2.075411e-01
2.905957e-01 4.733267e-01 1.310112e-02 -1.001375e-01 2.063962e-02 2.281500e-01
2.912243e-01 4.768943e-01 1.302721e-02 -8.621737e-02 1.904934e-02 2.511626e-01
2.918528e-01 4.808372e-01 1.212041e-02 -7.510488e-02 1.466576e-02 2.685939e-01
2.924811e-01 4.837165e-01 1.054612e-02 -6.504603e-02 8.226529e-03 2.818337e-01
2.931098e-01 4.858328e-01 9.045422e-03 -5.884467e-02 -5.316670e-04 2.883373e-01
2.937380e-01 4.867916e-01 6.951192e-03 -5.671171e-02 -7.220287e-03 2.865107e-01
2.943663e-01 4.864585e-01 4.658833e-03 -5.744983e-02 -1.255079e-02 2.801718e-01
2.949950e-01 4.852244e-01 2.672060e-03 -6.185045e-02 -1.535528e-02 2.657739e-01
2.956230e-01 4.832298e-01 1.673343e-03 -6.777652e-02 -1.435129e-02 2.475930e-01
2.962512e-01 4.809401e-01 1.451074e-03 -7.366398e-02 -1.206140e-02 2.303887e-01
2.968799e-01 4.782490e-01 2.733149e-03 -7.919028e-02 -7.211752e-03 2.146677e-01
2.975081e-01 4.762656e-01 4.431786e-03 -8.176958e-02 -1.614285e-03 2.073923e-01
2.981363e-01 4.748918e-01 6.554264e-03 -8.153059e-02 5.318833e-03 2.063251e-01
2.987649e-01 4.745539e-01 8.924245e-03 -7.753073e-02 1.181622e-02 2.143433e-01
2.993933e-01 4.757332e-01 1.101424e-02 -6.942712e-02 1.717000e-02 2.307524e-01
3.000210e-01 4.779066e-01 1.292444e-02 -5.938232e-02 2.273492e-02 2.540878e-01
3.006489e-01 4.810487e-01 1.364805e-02 -4.642075e-02 2.411263e-02 2.805873e-01
3.012772e-01 4.846300e-01 1.379920e-02 -3.218966e-02 2.454434e-02 3.087099e-01
3.019055e-01 4.884172e-01 1.283405e-02 -1.915324e-02 2.079212e-02 3.341921e-01
3.025339e-01 4.911583e-01 1.170085e-02 -7.172249e-03 1.458194e-02 3.535090e-01
3.031628e-01 4.932333e-01 9.802338e-03 1.012756e-03 6.804775e-03 3.672253e-01
3.037913e-01 4.937169e-01 6.332383e-03 5.033673e-03 -8.838381e-04 3.708398e-01
3.044197e-01 4.935813e-01 2.945099e-03 4.898935e-03 -8.373026e-03 3.668084e-01
3.050478e-01 4.933973e-01 -6.849768e-04 -2.584270e-03 -1.493699e-02 3.526751e-01
3.056758e-01 4.910871e-01 -3.244449e-03 -1.292189e-02 -2.056849e-02 3.290875e-01
3.063043e-01 4.893342e-01 -4.337798e-03 -2.707008e-02 -2.511545e-02 3.024173e-01
3.069326e-01 4.850957e-01 -4.088908e-03 -4.213605e-02 -2.833827e-02 2.715907e-01
3.075614e-01 4.810635e-01 -2.788540e-03 -5.508516e-02 -2.974384e-02 2.394261e-01
3.081897e-01 4.756901e-01 -9.820930e-04 -6.714414e-02 -2.863068e-02 2.091089e-01
3.088177e-01 4.708030e-01 8.735309e-04 -7.504522e-02 -2.472149e-02 1.846036e-01
3.094460e-01 4.670142e-01 2.491110e-03 -8.072488e-02 -1.884909e-02 1.646208e-01
3.100746e-01 4.642100e-01 3.921896e-03 -8.288223e-02 -1.123467e-02 1.517083e-01
3.107034e-01 4.636860e-01 4.905507e-03 -8.375072e-02 -4.150403e-03 1.475630e-01
3.113314e-01 4.644913e-01 5.460081e-03 -8.294328e-02 3.105365e-03 1.496058e-01
3.119592e-01 4.665783e-01 5.765505e-03 -8.110651e-02 7.234750e-03 1.557029e-01
3.125877e-01 4.692826e-01 5.994164e-03 -7.922083e-02 9.946343e-03 1.655774e-01
3.132162e-01 4.715260e-01 5.744690e-03 -7.680953e-02 9.399535e-03 1.753698e-01
3.138441e-01 4.736342e-01 5.539134e-03 -7.457627e-02 7.267566e-03 1.837966e-01
3.144726e-01 4.743876e-01 4.885346e-03 -7.389571e-02 1.924048e-03 1.868754e-01
3.151006e-01 4.742345e-01 3.949192e-03 -7.494593e-02 -2.232183e-03 1.878025e-01
3.157285e-01 4.739482e-01 2.609940e-03 -7.791314e-02 -6.185355e-03 1.848517e-01
3.163571e-01 4.730521e-01 1.222421e-03 -8.262330e-02 -9.252177e-03 1.780356e-01
3.169854e-01 4.729293e-01 2.600273e-04 -9.027606e-02 -1.019993e-02 1.681725e-01
3.176141e-01 4.724271e-01 5.440164e-04 -9.716853e-02 -1.098309e-02 1.563437e-01
3.182425e-01 4.722705e-01 1.666829e-03 -1.038439e-01 -1.184737e-02 1.444207e-01
3.188706e-01 4.710456e-01 4.610515e-03 -1.063881e-01 -1.209451e-02 1.330910e-01
3.194993e-01 4.692752e-01 7.728710e-03 -1.058335e-01 -1.249797e-02 1.237743e-01
3.201278e-01 4.662583e-01 1.084149e-02 -1.007656e-01 -1.103296e-02 1.185600e-01
3.207553e-01 4.633795e-01 1.231277e-02 -9.171499e-02 -9.484203e-03 1.166963e-01
3.213837e-01 4.619174e-01 1.480173e-02 -7.814450e-02 -5.446130e-03 1.221268e-01
