# k, q0, q1/i, q2, q3/i, q4, norm, alpha = 95.29458797698169, 0.020396601297980627
5.385587e-04 1.521850e+12 1.259491e+11 1.677276e+10 -2.176448e+11 1.787159e+12
1.034961e-03 1.458857e+12 2.324123e+11 2.009896e+10 2.356918e+10 -1.751432e+11
1.650345e-03 1.328605e+12 3.367195e+11 3.538796e+10 8.946072e+10 -2.097098e+11
2.219461e-03 1.176568e+12 3.947675e+11 7.840900e+10 2.403118e+10 6.887551e+10
2.824187e-03 9.924813e+11 4.200243e+11 9.751961e+10 1.156345e+11 -9.565820e+10
3.476178e-03 7.927983e+11 4.013453e+11 1.329923e+11 1.338818e+11 -5.110938e+10
4.066840e-03 6.250997e+11 3.553365e+11 1.644472e+11 1.443328e+11 1.828289e+09
4.679538e-03 4.700499e+11 2.961329e+11 1.652127e+11 1.892420e+11 -6.390388e+10
5.338852e-03 3.346520e+11 2.257277e+11 1.626227e+11 1.986517e+11 -6.842511e+10
5.972931e-03 2.335143e+11 1.638205e+11 1.466879e+11 1.917755e+11 -6.980277e+10
6.592959e-03 1.627374e+11 1.134790e+11 1.284954e+11 1.703787e+11 -5.915000e+10
7.211547e-03 1.076230e+11 7.576870e+10 9.729844e+10 1.380168e+11 -4.680298e+10
7.844333e-03 7.156136e+10 4.842546e+10 7.056223e+10 1.070381e+11 -3.867374e+10
8.479886e-03 4.622350e+10 2.996214e+10 4.534443e+10 7.413596e+10 -1.964072e+10
9.100686e-03 2.991423e+10 1.816229e+10 2.486895e+10 4.799671e+10 -8.807457e+09
9.724355e-03 1.923323e+10 1.030813e+10 9.257489e+09 2.769982e+10 -1.798289e+08
1.035816e-02 1.294577e+10 5.247468e+09 -9.877619e+08 1.345448e+10 6.619853e+09
1.099013e-02 9.614727e+09 2.505603e+09 -5.920439e+09 5.934727e+09 7.464857e+09
1.161954e-02 8.186040e+09 9.473505e+08 -8.065395e+09 1.095916e+09 1.009460e+10
1.224543e-02 7.396357e+09 5.311512e+08 -7.451198e+09 -7.454589e+08 1.068592e+10
1.287347e-02 7.237266e+09 7.101312e+08 -5.778834e+09 -1.102227e+09 1.181920e+10
1.350110e-02 7.127171e+09 1.063057e+09 -3.398385e+09 -4.280328e+08 1.291775e+10
1.412539e-02 6.668691e+09 1.414216e+09 -1.143372e+09 3.141966e+08 1.383262e+10
1.475576e-02 6.181810e+09 1.658817e+09 8.249684e+08 1.275902e+09 1.445567e+10
1.538306e-02 5.503202e+09 1.638226e+09 2.086172e+09 1.910877e+09 1.446665e+10
1.601201e-02 4.824405e+09 1.516981e+09 2.955434e+09 2.374913e+09 1.407855e+10
1.664797e-02 4.125849e+09 1.287370e+09 2.925646e+09 2.434659e+09 1.293504e+10
1.727684e-02 3.417915e+09 1.012427e+09 2.632963e+09 2.160065e+09 1.148774e+10
1.790148e-02 2.836042e+09 7.823384e+08 2.019901e+09 1.738981e+09 9.881660e+09
1.852764e-02 2.318950e+09 5.744463e+08 1.191559e+09 1.179147e+09 8.173980e+09
1.915179e-02 1.906635e+09 4.459893e+08 3.834535e+08 6.588780e+08 6.587114e+09
1.978148e-02 1.538997e+09 3.336865e+08 -3.169671e+08 1.960227e+08 5.043632e+09
2.041144e-02 1.280216e+09 2.640081e+08 -8.394555e+08 -1.374228e+08 3.867065e+09
2.104337e-02 1.063853e+09 2.184550e+08 -1.156971e+09 -3.276736e+08 2.858359e+09
2.167611e-02 9.241343e+08 1.916928e+08 -1.289067e+09 -4.277240e+08 2.239936e+09
2.230308e-02 8.210019e+08 1.785292e+08 -1.201467e+09 -4.224735e+08 1.867758e+09
2.292974e-02 7.591457e+08 1.673394e+08 -1.002466e+09 -3.578991e+08 1.769841e+09
2.355539e-02 7.099953e+08 1.678088e+08 -6.951962e+08 -2.517114e+08 1.830673e+09
2.418150e-02 6.780623e+08 1.607429e+08 -3.750692e+08 -1.426015e+08 2.021151e+09
2.480946e-02 6.502999e+08 1.536658e+08 -6.630235e+07 -1.907767e+07 2.214329e+09
2.543879e-02 6.183372e+08 1.413736e+08 2.119137e+08 7.530241e+07 2.398806e+09
2.606741e-02 5.912095e+08 1.249214e+08 3.818474e+08 1.514099e+08 2.496977e+09
2.669501e-02 5.494287e+08 1.068992e+08 5.035859e+08 1.849475e+08 2.487754e+09
2.732628e-02 5.107291e+08 9.026908e+07 5.285190e+08 2.060980e+08 2.394441e+09
2.795771e-02 4.602002e+08 7.390170e+07 4.827792e+08 1.881848e+08 2.190876e+09
2.858621e-02 4.099402e+08 6.019291e+07 3.923799e+08 1.603612e+08 1.933497e+09
2.921223e-02 3.631059e+08 4.860538e+07 2.547322e+08 1.213821e+08 1.648068e+09
2.983725e-02 3.105804e+08 3.854580e+07 1.237646e+08 8.702027e+07 1.334798e+09
3.046693e-02 2.698957e+08 3.045617e+07 -1.905239e+07 4.683390e+07 1.058504e+09
3.109608e-02 2.318864e+08 2.503913e+07 -1.210612e+08 2.285840e+07 8.140205e+08
3.172270e-02 2.046777e+08 2.035097e+07 -2.000686e+08 1.423122e+06 6.365052e+08
3.235285e-02 1.859191e+08 1.795224e+07 -2.464198e+08 -1.138550e+07 5.170085e+08
3.298394e-02 1.724450e+08 1.571582e+07 -2.476476e+08 -1.842420e+07 4.598172e+08
3.361458e-02 1.692716e+08 1.592505e+07 -2.294167e+08 -1.884264e+07 4.616634e+08
3.424083e-02 1.675479e+08 1.587133e+07 -1.764837e+08 -1.265367e+07 5.006059e+08
3.486711e-02 1.702285e+08 1.691730e+07 -1.150066e+08 -6.225522e+06 5.652921e+08
3.549614e-02 1.716543e+08 1.896989e+07 -5.310140e+07 3.883003e+06 6.322999e+08
3.612198e-02 1.731826e+08 2.078256e+07 1.262783e+07 1.582513e+07 7.011802e+08
3.674992e-02 1.706996e+08 2.201461e+07 5.171126e+07 2.236496e+07 7.386811e+08
3.737802e-02 1.649677e+08 2.181254e+07 8.453898e+07 3.096354e+07 7.534796e+08
3.800827e-02 1.547631e+08 2.048164e+07 9.270154e+07 3.395402e+07 7.300838e+08
3.863754e-02 1.450850e+08 1.816432e+07 8.560597e+07 3.302617e+07 6.928735e+08
3.926550e-02 1.314414e+08 1.533671e+07 6.453689e+07 2.897555e+07 6.216592e+08
3.989588e-02 1.177426e+08 1.248904e+07 3.174140e+07 2.089418e+07 5.390442e+08
4.052254e-02 1.043151e+08 1.039342e+07 -3.983314e+06 1.162566e+07 4.522817e+08
4.115124e-02 9.198623e+07 8.709490e+06 -3.957238e+07 1.406403e+06 3.687352e+08
4.177955e-02 8.108762e+07 8.052036e+06 -6.607917e+07 -6.398704e+06 2.981480e+08
4.240547e-02 7.185401e+07 7.704805e+06 -8.462778e+07 -1.258462e+07 2.417448e+08
4.303621e-02 6.547599e+07 7.848485e+06 -9.464007e+07 -1.594594e+07 2.064768e+08
4.366615e-02 6.022324e+07 7.782052e+06 -8.987841e+07 -1.576709e+07 1.877526e+08
4.429168e-02 5.808641e+07 7.639300e+06 -7.983398e+07 -1.318287e+07 1.885937e+08
4.491727e-02 5.693270e+07 7.036316e+06 -6.029667e+07 -8.835026e+06 2.010948e+08
4.554613e-02 5.759581e+07 6.101489e+06 -3.829127e+07 -3.588178e+06 2.236133e+08
4.617836e-02 5.898332e+07 5.308908e+06 -1.504514e+07 2.069435e+06 2.491649e+08
4.680927e-02 6.000076e+07 4.449840e+06 5.144354e+06 6.731621e+06 2.703152e+08
4.743756e-02 6.078288e+07 4.002800e+06 2.091422e+07 1.007087e+07 2.857231e+08
4.806661e-02 6.087061e+07 3.771013e+06 3.032154e+07 1.221540e+07 2.934358e+08
4.869280e-02 5.957618e+07 3.943799e+06 3.103887e+07 1.220268e+07 2.883508e+08
4.931779e-02 5.621604e+07 4.008443e+06 2.691280e+07 1.100546e+07 2.705690e+08
4.994581e-02 5.253852e+07 4.232507e+06 1.778417e+07 8.915465e+06 2.476931e+08
5.057480e-02 4.749560e+07 4.229802e+06 4.621016e+06 5.660887e+06 2.161387e+08
5.120302e-02 4.255577e+07 4.099902e+06 -9.922799e+06 2.275050e+06 1.836140e+08
5.183209e-02 3.722080e+07 3.800241e+06 -2.364660e+07 -8.196848e+05 1.499694e+08
5.246116e-02 3.282710e+07 3.378057e+06 -3.504200e+07 -3.431762e+06 1.217963e+08
5.308896e-02 2.942559e+07 2.914554e+06 -4.257552e+07 -5.404365e+06 1.006440e+08
5.371721e-02 2.711348e+07 2.437754e+06 -4.563249e+07 -6.316777e+06 8.735662e+07
5.434780e-02 2.597837e+07 2.113088e+06 -4.396504e+07 -6.372022e+06 8.242591e+07
5.497604e-02 2.579210e+07 1.933160e+06 -3.815748e+07 -5.543484e+06 8.504967e+07
5.560013e-02 2.649465e+07 1.941940e+06 -2.907943e+07 -4.205317e+06 9.433144e+07
5.622954e-02 2.750886e+07 2.032616e+06 -1.777725e+07 -2.291318e+06 1.072017e+08
5.686173e-02 2.871598e+07 2.301434e+06 -6.406088e+06 -2.780246e+05 1.216619e+08
5.748940e-02 2.961035e+07 2.440553e+06 4.481096e+06 1.429630e+06 1.350611e+08
5.811669e-02 3.025603e+07 2.581540e+06 1.304278e+07 2.962515e+06 1.456564e+08
5.874554e-02 2.995721e+07 2.590165e+06 1.899593e+07 4.150399e+06 1.502866e+08
5.937282e-02 2.936519e+07 2.504396e+06 2.112939e+07 4.359690e+06 1.506019e+08
6.000021e-02 2.804130e+07 2.318694e+06 2.037243e+07 4.207644e+06 1.450197e+08
6.062750e-02 2.620113e+07 2.093918e+06 1.656444e+07 3.568673e+06 1.343367e+08
6.125597e-02 2.408064e+07 1.820419e+06 1.042270e+07 2.530460e+06 1.202417e+08
6.188682e-02 2.180850e+07 1.558448e+06 3.543177e+06 1.448959e+06 1.044181e+08
6.251462e-02 1.958977e+07 1.346958e+06 -4.258855e+06 3.273711e+05 8.787414e+07
6.314049e-02 1.751488e+07 1.157274e+06 -1.088239e+07 -5.292541e+05 7.258396e+07
6.377015e-02 1.586903e+07 9.862786e+05 -1.622036e+07 -1.152902e+06 6.023429e+07
6.439971e-02 1.467967e+07 8.735678e+05 -1.969614e+07 -1.550368e+06 5.143724e+07
6.502803e-02 1.394513e+07 7.899185e+05 -2.091731e+07 -1.563667e+06 4.665027e+07
6.565852e-02 1.362415e+07 7.145764e+05 -1.997465e+07 -1.418845e+06 4.549164e+07
6.628652e-02 1.375639e+07 6.882174e+05 -1.740198e+07 -1.017664e+06 4.794494e+07
6.691319e-02 1.408972e+07 7.228293e+05 -1.363270e+07 -4.872212e+05 5.244795e+07
6.754195e-02 1.455448e+07 7.703329e+05 -9.153014e+06 3.012981e+04 5.828980e+07
6.816923e-02 1.496516e+07 8.122618e+05 -4.912219e+06 4.779576e+05 6.388472e+07
6.879707e-02 1.519085e+07 8.742126e+05 -1.466469e+06 9.268631e+05 6.804718e+07
6.942589e-02 1.525490e+07 9.220662e+05 9.675628e+05 1.150002e+06 7.073319e+07
7.005350e-02 1.497952e+07 9.065260e+05 1.906419e+06 1.195003e+06 7.061731e+07
7.068149e-02 1.436548e+07 8.911352e+05 1.427890e+06 1.070678e+06 6.763467e+07
7.131092e-02 1.355931e+07 8.614742e+05 -4.520940e+05 7.605288e+05 6.261725e+07
7.194060e-02 1.256416e+07 7.987811e+05 -3.182994e+06 3.292755e+05 5.594033e+07
7.256947e-02 1.147163e+07 7.520843e+05 -6.442448e+06 -1.477277e+05 4.831196e+07
7.319738e-02 1.036468e+07 6.992919e+05 -9.783889e+06 -6.354891e+05 4.048769e+07
7.382604e-02 9.385844e+06 6.579629e+05 -1.255234e+07 -1.019552e+06 3.369682e+07
7.445392e-02 8.602972e+06 6.126419e+05 -1.457909e+07 -1.305747e+06 2.840184e+07
7.507965e-02 8.044308e+06 5.837171e+05 -1.546677e+07 -1.426227e+06 2.507091e+07
7.570782e-02 7.720991e+06 5.386946e+05 -1.505734e+07 -1.375170e+06 2.381010e+07
7.633697e-02 7.715626e+06 4.979786e+05 -1.370583e+07 -1.208686e+06 2.485007e+07
7.696614e-02 7.886787e+06 4.586006e+05 -1.124092e+07 -9.040019e+05 2.751012e+07
7.759521e-02 8.227978e+06 4.273774e+05 -8.281010e+06 -5.383792e+05 3.139301e+07
7.822404e-02 8.643490e+06 4.068119e+05 -4.969323e+06 -1.559309e+05 3.585589e+07
7.885455e-02 9.031192e+06 4.008433e+05 -1.885386e+06 2.085880e+05 4.001173e+07
7.948034e-02 9.349764e+06 4.236976e+05 7.078665e+05 5.261836e+05 4.351534e+07
8.010544e-02 9.458657e+06 4.443850e+05 2.515422e+06 7.079960e+05 4.550289e+07
8.073519e-02 9.422766e+06 4.737306e+05 3.314580e+06 8.262414e+05 4.603762e+07
8.136420e-02 9.156384e+06 4.968349e+05 3.288815e+06 8.067266e+05 4.491348e+07
8.199246e-02 8.720404e+06 5.093719e+05 2.236683e+06 7.165268e+05 4.222415e+07
8.262013e-02 8.105131e+06 4.819795e+05 5.399169e+05 5.010514e+05 3.814115e+07
8.325004e-02 7.449795e+06 4.456149e+05 -1.542652e+06 2.665001e+05 3.358500e+07
8.388076e-02 6.780714e+06 3.821381e+05 -3.793274e+06 -1.359925e+03 2.871080e+07
8.450772e-02 6.189218e+06 3.127627e+05 -5.793080e+06 -2.552361e+05 2.430715e+07
8.513407e-02 5.712927e+06 2.435368e+05 -7.347564e+06 -4.675446e+05 2.068234e+07
8.576290e-02 5.389596e+06 2.002951e+05 -8.200068e+06 -6.027090e+05 1.823884e+07
8.639170e-02 5.248204e+06 1.826484e+05 -8.362602e+06 -6.695656e+05 1.718467e+07
8.701933e-02 5.231473e+06 1.947693e+05 -7.720666e+06 -6.498824e+05 1.737592e+07
8.764729e-02 5.351828e+06 2.330325e+05 -6.467454e+06 -5.645174e+05 1.876706e+07
8.827546e-02 5.553652e+06 2.822528e+05 -4.770864e+06 -4.172056e+05 2.102658e+07
8.890360e-02 5.776953e+06 3.227638e+05 -2.806150e+06 -2.137963e+05 2.369075e+07
8.953185e-02 5.979442e+06 3.504824e+05 -8.824418e+05 -3.415194e+04 2.629829e+07
9.016049e-02 6.123622e+06 3.652021e+05 8.050539e+05 1.791885e+05 2.848672e+07
9.078921e-02 6.204821e+06 3.551168e+05 2.059273e+06 3.115224e+05 3.008526e+07
9.141859e-02 6.161084e+06 3.371927e+05 2.654396e+06 4.126233e+05 3.050298e+07
9.204760e-02 6.008006e+06 3.005405e+05 2.678045e+06 4.465323e+05 2.992368e+07
9.267535e-02 5.761704e+06 2.715492e+05 2.056874e+06 4.230549e+05 2.833626e+07
9.330406e-02 5.418698e+06 2.359172e+05 1.010924e+06 3.334580e+05 2.586914e+07
9.393390e-02 5.034122e+06 2.126837e+05 -4.192832e+05 2.069938e+05 2.286969e+07
9.456102e-02 4.618996e+06 1.917519e+05 -1.984621e+06 5.346632e+04 1.958941e+07
9.518740e-02 4.219967e+06 1.799067e+05 -3.458122e+06 -9.778477e+04 1.644916e+07
9.581568e-02 3.889602e+06 1.667032e+05 -4.755522e+06 -2.464777e+05 1.377221e+07
9.644552e-02 3.605320e+06 1.627926e+05 -5.609507e+06 -3.471186e+05 1.167471e+07
9.707482e-02 3.426589e+06 1.587675e+05 -6.039956e+06 -4.148957e+05 1.042596e+07
9.770146e-02 3.345753e+06 1.618915e+05 -5.993729e+06 -4.387082e+05 1.003810e+07
9.832882e-02 3.337026e+06 1.671588e+05 -5.482938e+06 -4.133199e+05 1.037261e+07
9.895640e-02 3.417772e+06 1.739178e+05 -4.689936e+06 -3.597687e+05 1.139564e+07
9.958504e-02 3.514026e+06 1.816467e+05 -3.626247e+06 -2.875822e+05 1.272127e+07
1.002139e-01 3.631705e+06 1.843565e+05 -2.556032e+06 -1.978770e+05 1.417805e+07
1.008411e-01 3.727354e+06 1.883573e+05 -1.534680e+06 -1.013226e+05 1.548852e+07
1.014708e-01 3.792019e+06 1.832046e+05 -7.201176e+05 -4.444664e+04 1.648353e+07
1.021003e-01 3.795512e+06 1.802270e+05 -2.604240e+05 1.241675e+04 1.691181e+07
1.027279e-01 3.729451e+06 1.737126e+05 -8.695827e+04 3.067977e+04 1.676700e+07
1.033572e-01 3.603615e+06 1.686140e+05 -3.172251e+05 2.554696e+04 1.600606e+07
1.039858e-01 3.424122e+06 1.552188e+05 -7.606978e+05 -3.681735e+03 1.480398e+07
1.046130e-01 3.207787e+06 1.475053e+05 -1.456824e+06 -4.504248e+04 1.322691e+07
1.052407e-01 2.977931e+06 1.317819e+05 -2.235047e+06 -1.075529e+05 1.150430e+07
1.058684e-01 2.756898e+06 1.194739e+05 -2.968782e+06 -1.629256e+05 9.820262e+06
1.064969e-01 2.573165e+06 1.102522e+05 -3.606687e+06 -2.126644e+05 8.423951e+06
1.071273e-01 2.430905e+06 1.022401e+05 -3.995919e+06 -2.531646e+05 7.378632e+06
1.077558e-01 2.346446e+06 9.504245e+04 -4.132410e+06 -2.761329e+05 6.842750e+06
1.083828e-01 2.321759e+06 9.603436e+04 -3.988892e+06 -2.737372e+05 6.801139e+06
1.090114e-01 2.348246e+06 9.532003e+04 -3.585890e+06 -2.500475e+05 7.239508e+06
1.096397e-01 2.418386e+06 9.492391e+04 -2.992544e+06 -2.060551e+05 8.041774e+06
1.102684e-01 2.506925e+06 9.669983e+04 -2.267527e+06 -1.478063e+05 9.036159e+06
1.108970e-01 2.605736e+06 9.830751e+04 -1.551190e+06 -7.917885e+04 1.008981e+07
1.115233e-01 2.690946e+06 9.967367e+04 -8.992594e+05 -1.773029e+04 1.102466e+07
1.121508e-01 2.744722e+06 1.011735e+05 -3.685816e+05 3.481060e+04 1.171588e+07
1.127798e-01 2.756494e+06 1.037983e+05 -8.267905e+04 6.929119e+04 1.201036e+07
1.134097e-01 2.723283e+06 1.042246e+05 8.868053e+03 8.258691e+04 1.194730e+07
1.140373e-01 2.647845e+06 1.038235e+05 -1.785154e+05 5.920468e+04 1.146254e+07
1.146647e-01 2.526816e+06 1.005118e+05 -4.963991e+05 4.338490e+04 1.065829e+07
1.152948e-01 2.387698e+06 9.618816e+04 -9.632807e+05 -6.661827e+03 9.644814e+06
1.159235e-01 2.238816e+06 8.775642e+04 -1.491518e+06 -5.158175e+04 8.528053e+06
1.165517e-01 2.094318e+06 7.842159e+04 -1.969486e+06 -9.640661e+04 7.452980e+06
1.171799e-01 1.980737e+06 7.160342e+04 -2.376113e+06 -1.280499e+05 6.581128e+06
1.178092e-01 1.893315e+06 6.060070e+04 -2.599891e+06 -1.489473e+05 5.951118e+06
1.184382e-01 1.855249e+06 5.501095e+04 -2.655870e+06 -1.530217e+05 5.698072e+06
1.190649e-01 1.854565e+06 5.204950e+04 -2.498475e+06 -1.420722e+05 5.775938e+06
1.196918e-01 1.891990e+06 5.057025e+04 -2.167338e+06 -1.158496e+05 6.184066e+06
1.203206e-01 1.958955e+06 5.166871e+04 -1.699516e+06 -8.421305e+04 6.846706e+06
1.209492e-01 2.041924e+06 5.697980e+04 -1.147353e+06 -4.258247e+04 7.655384e+06
1.215770e-01 2.127808e+06 6.339807e+04 -5.968811e+05 -5.110830e+03 8.503002e+06
1.222060e-01 2.193354e+06 7.067059e+04 -8.768122e+04 2.126494e+04 9.231739e+06
1.228351e-01 2.239932e+06 7.710439e+04 3.070729e+05 4.548508e+04 9.782373e+06
1.234639e-01 2.251914e+06 8.354092e+04 5.486099e+05 6.130367e+04 1.006357e+07
1.240910e-01 2.223552e+06 8.550855e+04 6.084252e+05 5.677193e+04 1.000836e+07
1.247182e-01 2.161033e+06 8.502539e+04 4.899384e+05 4.124988e+04 9.637219e+06
1.253470e-01 2.072844e+06 8.188968e+04 2.329679e+05 1.899420e+04 9.028474e+06
1.259754e-01 1.963037e+06 7.614655e+04 -1.416491e+05 -1.250356e+04 8.207280e+06
1.266036e-01 1.841906e+06 6.674179e+04 -5.747786e+05 -4.686347e+04 7.266035e+06
1.272319e-01 1.727876e+06 5.846196e+04 -9.948974e+05 -8.051296e+04 6.346218e+06
1.278607e-01 1.632525e+06 5.203220e+04 -1.363149e+06 -1.147869e+05 5.548954e+06
1.284890e-01 1.557070e+06 4.829487e+04 -1.619224e+06 -1.402532e+05 4.926032e+06
1.291182e-01 1.510581e+06 4.972624e+04 -1.736671e+06 -1.559088e+05 4.557967e+06
1.297470e-01 1.490526e+06 5.604368e+04 -1.696787e+06 -1.595357e+05 4.449154e+06
1.303744e-01 1.494762e+06 6.525258e+04 -1.517397e+06 -1.525788e+05 4.608810e+06
1.310022e-01 1.521495e+06 7.567771e+04 -1.228854e+06 -1.364549e+05 4.983721e+06
1.316312e-01 1.552340e+06 8.475632e+04 -8.530832e+05 -1.055340e+05 5.473248e+06
1.322597e-01 1.590060e+06 9.027349e+04 -4.657412e+05 -7.430266e+04 6.033498e+06
1.328871e-01 1.622490e+06 8.983030e+04 -8.564246e+04 -4.482365e+04 6.559570e+06
1.335151e-01 1.645397e+06 8.450854e+04 2.062864e+05 -1.545295e+04 6.971852e+06
1.341448e-01 1.643903e+06 7.621045e+04 4.022412e+05 6.286271e+03 7.172074e+06
1.347734e-01 1.627961e+06 6.445981e+04 4.791836e+05 1.465041e+04 7.187528e+06
1.354003e-01 1.593344e+06 5.262187e+04 4.066246e+05 1.479835e+04 6.977186e+06
1.360284e-01 1.537859e+06 4.353008e+04 2.507017e+05 1.118201e+04 6.569142e+06
1.366568e-01 1.470441e+06 3.495205e+04 -3.382714e+04 -2.579739e+03 5.991858e+06
1.372858e-01 1.390568e+06 3.188636e+04 -3.477766e+05 -1.763698e+04 5.318520e+06
1.379142e-01 1.314579e+06 3.023364e+04 -6.855850e+05 -3.516602e+04 4.639183e+06
1.385416e-01 1.239951e+06 3.082838e+04 -9.879883e+05 -5.080540e+04 3.996735e+06
1.391708e-01 1.175590e+06 3.174896e+04 -1.226874e+06 -6.514571e+04 3.468992e+06
1.397994e-01 1.132283e+06 3.386854e+04 -1.385079e+06 -7.519570e+04 3.108882e+06
1.404273e-01 1.104156e+06 3.356002e+04 -1.426732e+06 -7.961420e+04 2.922020e+06
1.410561e-01 1.096463e+06 3.360196e+04 -1.374348e+06 -7.973897e+04 2.922199e+06
1.416844e-01 1.108592e+06 3.248146e+04 -1.236269e+06 -7.340920e+04 3.088223e+06
1.423121e-01 1.132599e+06 3.211030e+04 -1.032555e+06 -6.155141e+04 3.363443e+06
1.429401e-01 1.162673e+06 3.185677e+04 -8.024708e+05 -4.954114e+04 3.696226e+06
1.435692e-01 1.194232e+06 3.154400e+04 -5.671206e+05 -3.165208e+04 4.032944e+06
1.441983e-01 1.219974e+06 3.242800e+04 -3.749402e+05 -1.794702e+04 4.316412e+06
1.448262e-01 1.234699e+06 3.399354e+04 -2.322757e+05 -8.084221e+03 4.501790e+06
1.454539e-01 1.233640e+06 3.476238e+04 -1.658350e+05 -2.435209e+03 4.551148e+06
1.460823e-01 1.216135e+06 3.731517e+04 -1.842050e+05 -3.599632e+03 4.456492e+06
1.467115e-01 1.184322e+06 3.859062e+04 -2.648312e+05 -1.111918e+04 4.246651e+06
1.473399e-01 1.140745e+06 3.905218e+04 -4.060553e+05 -2.365512e+04 3.931301e+06
1.479676e-01 1.089358e+06 3.887930e+04 -5.790247e+05 -3.785891e+04 3.552865e+06
1.485964e-01 1.035477e+06 3.780598e+04 -7.604378e+05 -5.472158e+04 3.152768e+06
1.492243e-01 9.871109e+05 3.454758e+04 -9.264090e+05 -6.881819e+04 2.793286e+06
1.498507e-01 9.472283e+05 3.262095e+04 -1.047963e+06 -7.932712e+04 2.498102e+06
1.504788e-01 9.192420e+05 2.938256e+04 -1.119970e+06 -8.364546e+04 2.302278e+06
1.511078e-01 9.052529e+05 2.722980e+04 -1.122118e+06 -8.475731e+04 2.215540e+06
1.517364e-01 9.044362e+05 2.543367e+04 -1.071159e+06 -7.695291e+04 2.246808e+06
1.523652e-01 9.157953e+05 2.417906e+04 -9.681763e+05 -6.612723e+04 2.369825e+06
1.529942e-01 9.323446e+05 2.393482e+04 -8.300710e+05 -5.153832e+04 2.556286e+06
1.536237e-01 9.549092e+05 2.333926e+04 -6.821332e+05 -3.523457e+04 2.772764e+06
1.542519e-01 9.722742e+05 2.371813e+04 -5.373848e+05 -1.918628e+04 2.973946e+06
1.548791e-01 9.888308e+05 2.256486e+04 -4.304559e+05 -5.560276e+03 3.136776e+06
1.555078e-01 9.914730e+05 2.355998e+04 -3.525640e+05 -4.433910e+02 3.211546e+06
1.561363e-01 9.862414e+05 2.256618e+04 -3.389227e+05 1.941246e+03 3.198502e+06
1.567636e-01 9.702812e+05 2.465513e+04 -3.699908e+05 -3.963487e+03 3.094197e+06
1.573916e-01 9.436085e+05 2.416079e+04 -4.465429e+05 -1.870458e+04 2.906398e+06
1.580207e-01 9.111498e+05 2.676002e+04 -5.591579e+05 -3.284248e+04 2.658327e+06
1.586492e-01 8.727407e+05 2.777767e+04 -6.804244e+05 -5.051689e+04 2.378284e+06
1.592766e-01 8.364307e+05 2.900274e+04 -8.018275e+05 -6.767575e+04 2.105959e+06
1.599049e-01 8.015478e+05 2.915754e+04 -8.941031e+05 -7.860262e+04 1.869259e+06
1.605344e-01 7.760137e+05 2.964986e+04 -9.543345e+05 -8.486582e+04 1.700244e+06
1.611623e-01 7.596958e+05 2.826205e+04 -9.655724e+05 -8.342267e+04 1.611697e+06
1.617904e-01 7.529219e+05 2.630296e+04 -9.280272e+05 -7.481201e+04 1.613170e+06
1.624191e-01 7.595581e+05 2.329973e+04 -8.470102e+05 -6.199077e+04 1.705578e+06
1.630470e-01 7.735931e+05 1.982253e+04 -7.302081e+05 -4.442992e+04 1.862120e+06
1.636756e-01 7.950006e+05 1.603378e+04 -5.948042e+05 -2.766007e+04 2.063680e+06
1.643038e-01 8.184994e+05 1.302632e+04 -4.550050e+05 -1.262831e+04 2.277161e+06
1.649313e-01 8.412506e+05 1.102655e+04 -3.283474e+05 7.199835e+02 2.472110e+06
1.655596e-01 8.604379e+05 1.120622e+04 -2.305393e+05 5.211189e+03 2.626581e+06
1.661885e-01 8.707143e+05 1.192195e+04 -1.708624e+05 8.108708e+03 2.708679e+06
1.668177e-01 8.693323e+05 1.496758e+04 -1.577527e+05 4.742642e+03 2.706508e+06
1.674456e-01 8.609712e+05 1.805574e+04 -1.875594e+05 -1.769255e+03 2.637477e+06
1.680727e-01 8.404641e+05 2.063985e+04 -2.532440e+05 -9.773322e+03 2.491948e+06
1.687016e-01 8.137303e+05 2.322503e+04 -3.513612e+05 -1.779272e+04 2.291070e+06
1.693313e-01 7.821699e+05 2.393149e+04 -4.601342e+05 -2.547356e+04 2.060351e+06
1.699587e-01 7.513115e+05 2.418784e+04 -5.692039e+05 -3.270797e+04 1.836052e+06
1.705866e-01 7.226630e+05 2.359690e+04 -6.598454e+05 -3.814027e+04 1.637376e+06
1.712159e-01 7.006190e+05 2.298437e+04 -7.260096e+05 -4.173947e+04 1.485823e+06
1.718445e-01 6.842624e+05 2.211904e+04 -7.550786e+05 -4.422902e+04 1.393410e+06
1.724727e-01 6.765379e+05 2.175675e+04 -7.482471e+05 -4.414813e+04 1.370830e+06
1.731002e-01 6.761411e+05 2.112293e+04 -7.076520e+05 -4.202623e+04 1.413821e+06
1.737290e-01 6.799937e+05 2.055409e+04 -6.402952e+05 -3.689857e+04 1.499894e+06
1.743571e-01 6.889201e+05 1.888276e+04 -5.607236e+05 -3.118175e+04 1.616356e+06
1.749848e-01 6.965999e+05 1.782531e+04 -4.783662e+05 -2.199514e+04 1.728986e+06
1.756135e-01 7.045090e+05 1.556859e+04 -4.074703e+05 -1.479822e+04 1.827577e+06
1.762417e-01 7.090305e+05 1.377541e+04 -3.630668e+05 -9.618878e+03 1.886054e+06
1.768700e-01 7.066948e+05 1.308501e+04 -3.457164e+05 -7.751618e+03 1.886229e+06
1.774983e-01 7.003608e+05 1.279837e+04 -3.651132e+05 -7.904975e+03 1.834454e+06
1.781269e-01 6.860127e+05 1.339978e+04 -4.098768e+05 -1.399576e+04 1.727060e+06
1.787551e-01 6.679436e+05 1.556392e+04 -4.747932e+05 -2.097014e+04 1.582136e+06
1.793837e-01 6.473219e+05 1.666728e+04 -5.537319e+05 -2.898325e+04 1.421685e+06
1.800121e-01 6.256006e+05 1.791800e+04 -6.223048e+05 -3.605315e+04 1.261843e+06
1.806398e-01 6.078180e+05 1.899662e+04 -6.754054e+05 -4.226110e+04 1.136814e+06
1.812676e-01 5.961776e+05 1.848124e+04 -6.951656e+05 -4.426584e+04 1.066595e+06
1.818961e-01 5.923017e+05 1.758642e+04 -6.732892e+05 -4.454679e+04 1.065653e+06
1.825251e-01 5.995108e+05 1.569464e+04 -6.094087e+05 -4.066413e+04 1.147760e+06
1.831533e-01 6.143188e+05 1.408447e+04 -4.964555e+05 -3.476958e+04 1.302624e+06
1.837813e-01 6.398454e+05 1.253492e+04 -3.522244e+05 -2.693405e+04 1.534733e+06
1.844104e-01 6.711076e+05 1.138425e+04 -1.790747e+05 -1.754828e+04 1.813298e+06
1.850389e-01 7.051214e+05 1.104735e+04 3.562543e+03 -6.283827e+03 2.112508e+06
1.856669e-01 7.378489e+05 1.121318e+04 1.761750e+05 4.053315e+03 2.397083e+06
1.862953e-01 7.667088e+05 1.173444e+04 3.276536e+05 1.538322e+04 2.650612e+06
1.869236e-01 7.879876e+05 1.232109e+04 4.375016e+05 2.441189e+04 2.834380e+06
1.875520e-01 7.985074e+05 1.342933e+04 4.980322e+05 3.089734e+04 2.924646e+06
1.881803e-01 7.979311e+05 1.344959e+04 4.990916e+05 3.462021e+04 2.917971e+06
1.888083e-01 7.860881e+05 1.348859e+04 4.501161e+05 3.360155e+04 2.815167e+06
1.894359e-01 7.654174e+05 1.378072e+04 3.487118e+05 2.778914e+04 2.628381e+06
1.900648e-01 7.346149e+05 1.355896e+04 2.113325e+05 2.030267e+04 2.363208e+06
1.906937e-01 6.993286e+05 1.377150e+04 4.968168e+04 8.233096e+03 2.058881e+06
1.913208e-01 6.629032e+05 1.448489e+04 -1.160572e+05 -3.350062e+03 1.744337e+06
1.919495e-01 6.281256e+05 1.517525e+04 -2.661183e+05 -1.752113e+04 1.454436e+06
1.925783e-01 5.962428e+05 1.628687e+04 -3.935682e+05 -2.804102e+04 1.197554e+06
1.932069e-01 5.725786e+05 1.694672e+04 -4.789953e+05 -3.659008e+04 1.013329e+06
1.938350e-01 5.569522e+05 1.764783e+04 -5.206297e+05 -4.294815e+04 9.053040e+05
1.944626e-01 5.502551e+05 1.835577e+04 -5.163136e+05 -4.500060e+04 8.805277e+05
1.950912e-01 5.517661e+05 1.803469e+04 -4.694015e+05 -4.382003e+04 9.267056e+05
1.957198e-01 5.600548e+05 1.798721e+04 -3.898403e+05 -3.978929e+04 1.035312e+06
1.963481e-01 5.735109e+05 1.749659e+04 -2.902361e+05 -3.341538e+04 1.182662e+06
1.969763e-01 5.884692e+05 1.659073e+04 -1.846500e+05 -2.662720e+04 1.345647e+06
1.976057e-01 6.026972e+05 1.599072e+04 -8.577959e+04 -1.654861e+04 1.498877e+06
1.982346e-01 6.138714e+05 1.555542e+04 -6.213439e+03 -9.851128e+03 1.619214e+06
1.988621e-01 6.192720e+05 1.480418e+04 4.300102e+04 -3.682552e+03 1.690656e+06
1.994900e-01 6.187744e+05 1.512006e+04 6.006220e+04 1.049194e+03 1.704373e+06
2.001183e-01 6.108112e+05 1.482265e+04 4.328232e+04 2.066589e+03 1.656882e+06
2.007462e-01 5.971968e+05 1.480255e+04 -5.836271e+03 1.699386e+03 1.557508e+06
2.013743e-01 5.785584e+05 1.411668e+04 -7.552294e+04 -3.619341e+02 1.416956e+06
2.020025e-01 5.580456e+05 1.302006e+04 -1.607980e+05 -4.813008e+03 1.253366e+06
2.026313e-01 5.375589e+05 1.122775e+04 -2.461449e+05 -8.219325e+03 1.086929e+06
2.032604e-01 5.203626e+05 9.506906e+03 -3.243132e+05 -1.359102e+04 9.365564e+05
2.038879e-01 5.067070e+05 7.768159e+03 -3.833630e+05 -1.767341e+04 8.160651e+05
2.045158e-01 4.987109e+05 7.158414e+03 -4.174891e+05 -2.128670e+04 7.396242e+05
2.051449e-01 4.965287e+05 7.335489e+03 -4.252813e+05 -2.408026e+04 7.140090e+05
2.057735e-01 4.987340e+05 8.489915e+03 -4.046365e+05 -2.540892e+04 7.344021e+05
2.064017e-01 5.062132e+05 1.002517e+04 -3.622978e+05 -2.386621e+04 7.994499e+05
2.070305e-01 5.138342e+05 1.173759e+04 -3.028887e+05 -2.138361e+04 8.878050e+05
2.076594e-01 5.241460e+05 1.301047e+04 -2.386495e+05 -1.636349e+04 9.947109e+05
2.082867e-01 5.327742e+05 1.321387e+04 -1.753738e+05 -1.155448e+04 1.093883e+06
2.089139e-01 5.388659e+05 1.346806e+04 -1.230684e+05 -4.965135e+03 1.173264e+06
2.095429e-01 5.416530e+05 1.290039e+04 -9.009794e+04 -1.102236e+03 1.220196e+06
2.101711e-01 5.409471e+05 1.176547e+04 -7.734788e+04 3.763526e+02 1.231217e+06
2.107990e-01 5.359901e+05 1.087799e+04 -8.703805e+04 -3.332322e+02 1.200474e+06
2.114275e-01 5.273719e+05 9.945292e+03 -1.173159e+05 -3.054894e+03 1.133469e+06
2.120557e-01 5.158074e+05 9.113201e+03 -1.644800e+05 -7.778831e+03 1.036596e+06
2.126842e-01 5.029748e+05 8.301013e+03 -2.198382e+05 -1.256459e+04 9.248178e+05
2.133127e-01 4.902950e+05 7.718504e+03 -2.751082e+05 -1.743765e+04 8.108911e+05
2.139414e-01 4.790618e+05 7.437766e+03 -3.259898e+05 -2.052260e+04 7.066207e+05
2.145702e-01 4.700937e+05 7.484757e+03 -3.623881e+05 -2.272808e+04 6.220854e+05
2.151979e-01 4.647775e+05 8.280359e+03 -3.827465e+05 -2.409770e+04 5.698946e+05
2.158262e-01 4.623995e+05 9.773340e+03 -3.813425e+05 -2.439691e+04 5.515366e+05
2.164548e-01 4.637172e+05 1.124822e+04 -3.630587e+05 -2.424852e+04 5.679088e+05
2.170834e-01 4.669727e+05 1.338656e+04 -3.262803e+05 -2.329900e+04 6.123194e+05
2.177116e-01 4.721931e+05 1.490265e+04 -2.794230e+05 -2.250976e+04 6.799199e+05
2.183390e-01 4.773551e+05 1.575549e+04 -2.282655e+05 -2.111654e+04 7.550292e+05
2.189672e-01 4.821829e+05 1.601266e+04 -1.770001e+05 -1.856896e+04 8.301726e+05
2.195962e-01 4.857254e+05 1.513775e+04 -1.350719e+05 -1.668000e+04 8.887736e+05
2.202247e-01 4.865326e+05 1.360337e+04 -1.066179e+05 -1.391164e+04 9.269353e+05
2.208525e-01 4.858054e+05 1.178608e+04 -9.516141e+04 -1.110794e+04 9.360934e+05
2.214806e-01 4.821614e+05 9.917041e+03 -9.919420e+04 -9.440409e+03 9.169106e+05
2.221096e-01 4.763479e+05 7.960284e+03 -1.205744e+05 -6.970104e+03 8.705674e+05
2.227377e-01 4.688564e+05 6.595229e+03 -1.533679e+05 -5.896146e+03 8.045261e+05
2.233660e-01 4.609908e+05 5.210990e+03 -1.935463e+05 -4.728018e+03 7.295102e+05
2.239949e-01 4.529878e+05 4.565509e+03 -2.339065e+05 -3.920960e+03 6.524746e+05
2.246230e-01 4.465890e+05 4.337294e+03 -2.692211e+05 -3.804172e+03 5.873959e+05
2.252510e-01 4.415357e+05 4.506686e+03 -2.935535e+05 -4.223266e+03 5.373482e+05
2.258786e-01 4.397155e+05 5.164254e+03 -3.048785e+05 -4.715096e+03 5.149137e+05
2.265070e-01 4.403087e+05 6.434185e+03 -2.994444e+05 -5.995152e+03 5.190114e+05
2.271353e-01 4.432508e+05 7.585696e+03 -2.791726e+05 -7.290916e+03 5.488291e+05
2.277640e-01 4.484193e+05 8.784428e+03 -2.470720e+05 -9.655497e+03 6.001892e+05
2.283928e-01 4.547361e+05 9.738193e+03 -2.052359e+05 -1.114905e+04 6.657456e+05
2.290206e-01 4.610206e+05 1.045781e+04 -1.613405e+05 -1.201328e+04 7.364769e+05
2.296494e-01 4.668814e+05 1.071795e+04 -1.181301e+05 -1.283248e+04 8.016768e+05
2.302775e-01 4.708593e+05 1.080929e+04 -8.454843e+04 -1.287384e+04 8.509503e+05
2.309053e-01 4.728549e+05 1.057250e+04 -6.256323e+04 -1.190710e+04 8.809018e+05
2.315342e-01 4.717452e+05 1.008316e+04 -5.478963e+04 -1.045216e+04 8.827339e+05
2.321633e-01 4.677312e+05 9.482589e+03 -6.354022e+04 -8.897252e+03 8.577678e+05
2.327917e-01 4.616711e+05 8.855602e+03 -8.421452e+04 -7.428290e+03 8.089996e+05
2.334191e-01 4.535075e+05 8.114480e+03 -1.166076e+05 -6.647405e+03 7.409761e+05
2.340471e-01 4.443684e+05 7.397659e+03 -1.554155e+05 -6.614696e+03 6.629453e+05
2.346760e-01 4.353563e+05 6.992153e+03 -1.944014e+05 -7.100967e+03 5.837682e+05
2.353048e-01 4.275433e+05 6.861635e+03 -2.303554e+05 -8.531859e+03 5.125255e+05
2.359331e-01 4.213942e+05 6.864688e+03 -2.564903e+05 -1.051497e+04 4.575586e+05
2.365605e-01 4.175811e+05 7.481583e+03 -2.715120e+05 -1.288343e+04 4.259002e+05
2.371890e-01 4.164640e+05 8.386310e+03 -2.722263e+05 -1.433865e+04 4.176206e+05
2.378178e-01 4.173703e+05 9.053611e+03 -2.589478e+05 -1.619365e+04 4.333100e+05
2.384456e-01 4.202173e+05 1.006747e+04 -2.355577e+05 -1.689103e+04 4.698721e+05
2.390742e-01 4.246918e+05 1.056949e+04 -2.020171e+05 -1.563271e+04 5.199593e+05
2.397020e-01 4.290261e+05 1.072029e+04 -1.665519e+05 -1.532219e+04 5.763051e+05
2.403299e-01 4.338478e+05 1.081091e+04 -1.313641e+05 -1.275306e+04 6.312726e+05
2.409587e-01 4.375439e+05 1.006576e+04 -1.004874e+05 -1.106827e+04 6.767128e+05
2.415875e-01 4.391988e+05 9.581421e+03 -7.993128e+04 -9.743355e+03 7.045488e+05
2.422165e-01 4.393411e+05 9.244734e+03 -6.970621e+04 -8.829386e+03 7.137844e+05
2.428445e-01 4.376059e+05 8.843475e+03 -7.212136e+04 -8.927273e+03 7.028708e+05
2.434722e-01 4.331338e+05 8.786625e+03 -8.284612e+04 -1.042973e+04 6.715302e+05
2.441005e-01 4.276879e+05 9.122279e+03 -1.032893e+05 -1.165938e+04 6.277219e+05
2.447295e-01 4.203826e+05 9.349685e+03 -1.275281e+05 -1.395407e+04 5.738304e+05
2.453575e-01 4.133094e+05 9.785854e+03 -1.524781e+05 -1.575188e+04 5.192235e+05
2.459854e-01 4.068697e+05 9.909637e+03 -1.736673e+05 -1.610105e+04 4.706400e+05
2.466143e-01 4.015109e+05 9.822460e+03 -1.877034e+05 -1.676092e+04 4.334099e+05
2.472426e-01 3.981978e+05 9.482195e+03 -1.933903e+05 -1.604636e+04 4.129292e+05
2.478702e-01 3.973316e+05 8.977434e+03 -1.881953e+05 -1.510901e+04 4.108944e+05
2.484984e-01 3.986720e+05 8.673710e+03 -1.728145e+05 -1.377219e+04 4.265969e+05
2.491273e-01 4.022181e+05 8.136486e+03 -1.498224e+05 -1.314437e+04 4.579666e+05
2.497552e-01 4.065111e+05 7.930092e+03 -1.206374e+05 -1.179194e+04 4.994547e+05
2.503834e-01 4.122272e+05 7.216540e+03 -9.080733e+04 -1.112580e+04 5.474041e+05
2.510119e-01 4.168874e+05 7.263440e+03 -6.161165e+04 -9.551734e+03 5.891203e+05
2.516403e-01 4.213370e+05 6.675513e+03 -3.933424e+04 -8.653415e+03 6.242017e+05
2.522691e-01 4.237653e+05 6.158314e+03 -2.567482e+04 -6.732203e+03 6.443246e+05
2.528974e-01 4.244254e+05 5.717170e+03 -2.213250e+04 -4.729638e+03 6.452658e+05
2.535254e-01 4.234306e+05 5.790012e+03 -2.989906e+04 -3.155141e+03 6.278380e+05
2.541542e-01 4.193000e+05 5.626232e+03 -4.711091e+04 -1.623071e+03 5.918827e+05
2.547828e-01 4.143202e+05 6.280494e+03 -7.294462e+04 -3.420705e+02 5.434338e+05
2.554104e-01 4.080743e+05 6.612327e+03 -1.041099e+05 4.056951e+02 4.873432e+05
2.560379e-01 4.007449e+05 7.327653e+03 -1.351190e+05 4.776887e+02 4.282880e+05
2.566670e-01 3.942602e+05 7.703805e+03 -1.640896e+05 -8.717277e+02 3.762977e+05
2.572958e-01 3.887420e+05 7.924208e+03 -1.873375e+05 -2.258855e+03 3.338081e+05
2.579236e-01 3.852092e+05 8.145771e+03 -2.015152e+05 -4.445783e+03 3.089622e+05
2.585522e-01 3.830952e+05 8.018551e+03 -2.058080e+05 -6.854254e+03 2.992520e+05
2.591808e-01 3.834419e+05 7.854343e+03 -1.991385e+05 -9.150553e+03 3.090072e+05
2.598086e-01 3.855119e+05 7.919786e+03 -1.836426e+05 -1.164712e+04 3.338411e+05
2.604363e-01 3.891042e+05 8.039013e+03 -1.609677e+05 -1.304676e+04 3.689651e+05
2.610650e-01 3.930455e+05 8.369654e+03 -1.339573e+05 -1.376591e+04 4.106465e+05
2.616935e-01 3.970571e+05 8.873019e+03 -1.072857e+05 -1.443247e+04 4.493729e+05
2.623210e-01 4.002701e+05 9.699754e+03 -8.318774e+04 -1.444955e+04 4.837265e+05
2.629494e-01 4.015017e+05 1.035309e+04 -6.515123e+04 -1.505928e+04 5.043097e+05
2.635781e-01 4.013048e+05 1.074732e+04 -5.436600e+04 -1.426926e+04 5.122578e+05
2.642065e-01 3.989942e+05 1.062607e+04 -5.256364e+04 -1.388471e+04 5.048342e+05
2.648347e-01 3.953777e+05 9.981104e+03 -5.955405e+04 -1.284283e+04 4.829239e+05
2.654637e-01 3.903919e+05 8.723653e+03 -7.343261e+04 -1.171318e+04 4.480539e+05
2.660924e-01 3.855742e+05 7.604707e+03 -9.202752e+04 -1.029616e+04 4.072759e+05
2.667201e-01 3.806152e+05 6.323181e+03 -1.131323e+05 -8.746399e+03 3.631738e+05
2.673488e-01 3.765418e+05 5.622279e+03 -1.323866e+05 -8.140095e+03 3.233434e+05
2.679778e-01 3.735378e+05 5.393520e+03 -1.486439e+05 -7.541327e+03 2.891582e+05
2.686062e-01 3.718002e+05 5.584212e+03 -1.571911e+05 -7.351247e+03 2.681062e+05
2.692341e-01 3.714087e+05 6.309311e+03 -1.586803e+05 -8.921062e+03 2.605249e+05
2.698620e-01 3.723785e+05 7.173726e+03 -1.521493e+05 -9.973949e+03 2.675438e+05
2.704897e-01 3.744253e+05 7.746146e+03 -1.370113e+05 -1.152243e+04 2.864074e+05
2.711178e-01 3.769968e+05 8.465753e+03 -1.165515e+05 -1.243247e+04 3.154790e+05
2.717462e-01 3.803999e+05 8.433691e+03 -9.253411e+04 -1.324876e+04 3.495600e+05
2.723748e-01 3.830736e+05 8.676293e+03 -6.851866e+04 -1.276480e+04 3.837780e+05
2.730040e-01 3.858574e+05 8.390133e+03 -4.750443e+04 -1.219353e+04 4.138198e+05
2.736320e-01 3.873094e+05 8.072257e+03 -3.162244e+04 -9.873994e+03 4.334409e+05
2.742595e-01 3.876852e+05 7.681534e+03 -2.310105e+04 -7.477463e+03 4.414735e+05
2.748883e-01 3.870798e+05 7.748369e+03 -2.291700e+04 -4.982843e+03 4.367703e+05
2.755167e-01 3.839808e+05 7.353420e+03 -3.049229e+04 -3.302701e+03 4.178120e+05
2.761449e-01 3.807638e+05 7.894248e+03 -4.557571e+04 -1.432241e+03 3.886869e+05
2.767736e-01 3.757728e+05 7.903117e+03 -6.463222e+04 -8.924609e+02 3.520380e+05
2.774020e-01 3.704136e+05 8.295707e+03 -8.598062e+04 -1.128997e+03 3.127545e+05
2.780301e-01 3.653840e+05 8.185266e+03 -1.068269e+05 -9.259189e+02 2.765862e+05
2.786580e-01 3.610693e+05 8.002518e+03 -1.246439e+05 -2.062196e+03 2.466056e+05
2.792860e-01 3.576454e+05 7.531098e+03 -1.359702e+05 -2.108732e+03 2.258457e+05
2.799146e-01 3.564510e+05 6.687741e+03 -1.416960e+05 -2.772409e+03 2.167504e+05
2.805434e-01 3.563933e+05 6.001977e+03 -1.406882e+05 -3.254805e+03 2.204253e+05
2.811718e-01 3.583328e+05 5.693750e+03 -1.329452e+05 -3.655791e+03 2.345698e+05
2.817991e-01 3.613751e+05 5.252729e+03 -1.195786e+05 -4.637168e+03 2.577387e+05
2.824272e-01 3.648916e+05 5.575038e+03 -1.035090e+05 -4.942243e+03 2.850862e+05
2.830565e-01 3.689485e+05 6.044827e+03 -8.627338e+04 -6.067363e+03 3.162705e+05
2.836849e-01 3.719282e+05 6.601927e+03 -6.937551e+04 -6.545363e+03 3.426778e+05
2.843133e-01 3.741296e+05 7.408079e+03 -5.690645e+04 -6.565559e+03 3.632292e+05
2.849417e-01 3.750861e+05 7.895000e+03 -4.871423e+04 -6.239333e+03 3.751855e+05
2.855699e-01 3.741918e+05 8.284816e+03 -4.605772e+04 -5.625296e+03 3.763489e+05
2.861980e-01 3.726968e+05 8.419890e+03 -4.942862e+04 -4.552835e+03 3.676212e+05
2.868264e-01 3.697564e+05 8.483802e+03 -5.803730e+04 -3.932389e+03 3.496408e+05
2.874550e-01 3.660348e+05 8.375949e+03 -6.973693e+04 -2.973310e+03 3.264399e+05
2.880834e-01 3.626390e+05 7.984506e+03 -8.349391e+04 -3.151059e+03 3.012097e+05
2.887116e-01 3.586787e+05 7.536744e+03 -9.653821e+04 -2.362621e+03 2.766534e+05
2.893396e-01 3.562404e+05 6.830368e+03 -1.072273e+05 -2.833400e+03 2.578314e+05
2.899676e-01 3.546770e+05 5.983376e+03 -1.141706e+05 -2.098833e+03 2.458089e+05
2.905957e-01 3.543218e+05 5.252276e+03 -1.158362e+05 -1.844290e+03 2.436075e+05
2.912243e-01 3.556664e+05 4.653236e+03 -1.123210e+05 -2.469262e+03 2.491587e+05
2.918528e-01 3.578505e+05 4.447286e+03 -1.033110e+05 -2.389016e+03 2.633595e+05
2.924811e-01 3.609941e+05 4.910986e+03 -9.080630e+04 -3.816927e+03 2.835431e+05
2.931098e-01 3.642555e+05 5.551120e+03 -7.651593e+04 -5.230717e+03 3.074999e+05
2.937380e-01 3.672806e+05 6.659095e+03 -6.079405e+04 -6.341172e+03 3.324043e+05
2.943663e-01 3.696470e+05 7.334419e+03 -4.705235e+04 -6.955206e+03 3.536586e+05
2.949950e-01 3.707433e+05 7.771853e+03 -3.737124e+04 -6.886912e+03 3.693697e+05
2.956230e-01 3.711062e+05 7.851884e+03 -3.230806e+04 -5.737113e+03 3.769016e+05
2.962512e-01 3.700660e+05 7.219186e+03 -3.279735e+04 -3.268857e+03 3.737244e+05
2.968799e-01 3.685680e+05 6.440715e+03 -3.917827e+04 -1.216724e+03 3.610174e+05
2.975081e-01 3.666811e+05 5.723531e+03 -5.035046e+04 4.776880e+02 3.391836e+05
2.981363e-01 3.638262e+05 5.446997e+03 -6.473086e+04 1.051171e+03 3.128077e+05
2.987649e-01 3.612860e+05 5.715161e+03 -8.072727e+04 3.606919e+02 2.828358e+05
2.993933e-01 3.582466e+05 6.439405e+03 -9.585973e+04 -1.510324e+03 2.546307e+05
3.000210e-01 3.555988e+05 7.172123e+03 -1.082188e+05 -4.680245e+03 2.311884e+05
3.006489e-01 3.531872e+05 8.140911e+03 -1.163763e+05 -7.681833e+03 2.141429e+05
3.012772e-01 3.516319e+05 8.516581e+03 -1.197155e+05 -9.985419e+03 2.067255e+05
3.019055e-01 3.511959e+05 8.524088e+03 -1.172563e+05 -1.167896e+04 2.068454e+05
3.025339e-01 3.513245e+05 8.221895e+03 -1.098542e+05 -1.241055e+04 2.144361e+05
3.031628e-01 3.527419e+05 8.001077e+03 -9.887973e+04 -1.261292e+04 2.268973e+05
3.037913e-01 3.545006e+05 7.857028e+03 -8.595164e+04 -1.247414e+04 2.434684e+05
3.044197e-01 3.562118e+05 8.307618e+03 -7.211132e+04 -1.275229e+04 2.592373e+05
3.050478e-01 3.575259e+05 9.020748e+03 -5.933250e+04 -1.225066e+04 2.722320e+05
3.056758e-01 3.578198e+05 9.879172e+03 -4.982620e+04 -1.309636e+04 2.815445e+05
3.063043e-01 3.571771e+05 1.047242e+04 -4.424748e+04 -1.254891e+04 2.848533e+05
3.069326e-01 3.550933e+05 1.062236e+04 -4.367310e+04 -1.196920e+04 2.800578e+05
3.075614e-01 3.523242e+05 1.001736e+04 -4.675438e+04 -1.068765e+04 2.678331e+05
3.081897e-01 3.493595e+05 8.690647e+03 -5.489539e+04 -7.898022e+03 2.496426e+05
3.088177e-01 3.462167e+05 7.046657e+03 -6.491593e+04 -5.488865e+03 2.273180e+05
3.094460e-01 3.439114e+05 5.196960e+03 -7.705341e+04 -2.662217e+03 2.036132e+05
3.100746e-01 3.422702e+05 3.718565e+03 -8.861802e+04 5.678037e+01 1.814787e+05
3.107034e-01 3.418893e+05 2.821650e+03 -9.814172e+04 1.767745e+03 1.643787e+05
3.113314e-01 3.424221e+05 2.526800e+03 -1.049728e+05 2.632891e+03 1.553438e+05
3.119592e-01 3.438978e+05 2.661704e+03 -1.070271e+05 2.853572e+03 1.535899e+05
3.125877e-01 3.462193e+05 3.502028e+03 -1.049559e+05 2.419637e+03 1.627105e+05
3.132162e-01 3.489196e+05 4.390549e+03 -9.822782e+04 1.532104e+03 1.791018e+05
3.138441e-01 3.519428e+05 5.351618e+03 -8.783030e+04 9.630551e+02 2.016928e+05
3.144726e-01 3.547152e+05 6.601201e+03 -7.573295e+04 3.842300e+01 2.276471e+05
3.151006e-01 3.570734e+05 7.613225e+03 -6.192281e+04 -1.128474e+03 2.528185e+05
3.157285e-01 3.586813e+05 8.707040e+03 -4.981046e+04 -2.483267e+03 2.750557e+05
3.163571e-01 3.593811e+05 9.781448e+03 -4.002970e+04 -4.244158e+03 2.897538e+05
3.169854e-01 3.583791e+05 1.053546e+04 -3.351624e+04 -6.639962e+03 2.969137e+05
3.176141e-01 3.568332e+05 1.130844e+04 -3.199560e+04 -1.009430e+04 2.941721e+05
3.182425e-01 3.540060e+05 1.131331e+04 -3.300333e+04 -1.307241e+04 2.831656e+05
3.188706e-01 3.500958e+05 1.102120e+04 -3.946040e+04 -1.608107e+04 2.618587e+05
3.194993e-01 3.460804e+05 1.035400e+04 -4.742454e+04 -1.883469e+04 2.360445e+05
3.201278e-01 3.424275e+05 9.689185e+03 -5.671426e+04 -2.157817e+04 2.066829e+05
3.207553e-01 3.391022e+05 9.067054e+03 -6.457027e+04 -2.452875e+04 1.777967e+05
3.213837e-01 3.368695e+05 1.092888e+04 -6.919472e+04 -2.464799e+04 1.570721e+05
