# k, q0, q1/i, q2, q3/i, q4, norm, alpha = 228.65335738482153, 0.019875423088012396
5.385587e-04 2.868780e+13 8.138260e+12 -5.036273e+11 9.475632e+11 -1.658985e+13
1.034961e-03 2.337546e+13 1.290220e+13 3.938348e+11 1.439781e+12 1.659522e+12
1.650345e-03 1.496662e+13 1.274638e+13 2.116688e+12 3.699702e+12 -8.743211e+11
2.219461e-03 8.823079e+12 8.650582e+12 4.064871e+12 7.245649e+12 -4.429398e+12
2.824187e-03 4.667480e+12 4.335601e+12 6.271244e+12 9.165837e+12 -5.177431e+12
3.476178e-03 2.703759e+12 1.733527e+12 6.555423e+12 9.266873e+12 -5.405105e+12
4.066840e-03 1.757480e+12 9.952192e+11 5.254267e+12 7.450722e+12 -3.958420e+12
4.679538e-03 1.142643e+12 5.832209e+11 3.783838e+12 4.969524e+12 -1.460544e+12
5.338852e-03 7.259579e+11 3.011777e+11 2.474359e+12 2.922325e+12 1.818143e+11
5.972931e-03 4.941349e+11 1.415847e+11 1.700109e+12 1.719199e+12 7.709488e+11
6.592959e-03 3.325646e+11 1.095397e+11 1.100473e+12 1.040936e+12 7.127951e+11
7.211547e-03 2.247553e+11 8.891700e+10 7.284765e+11 6.151292e+11 6.682606e+11
7.844333e-03 1.265528e+11 4.916329e+10 4.063865e+11 3.326919e+11 4.628546e+11
8.479886e-03 7.912229e+10 1.868050e+10 2.385948e+11 1.836952e+11 3.062330e+11
9.100686e-03 4.907638e+10 9.545404e+09 1.246496e+11 1.036545e+11 1.612037e+11
9.724355e-03 3.034166e+10 7.682426e+09 5.316914e+10 4.906476e+10 7.619165e+10
1.035816e-02 1.761993e+10 5.692653e+09 1.216908e+10 1.494877e+10 3.211024e+10
1.099013e-02 1.040388e+10 3.889180e+09 -6.177709e+09 -7.869457e+07 1.186549e+10
1.161954e-02 7.073489e+09 2.293041e+09 -9.266529e+09 -1.801680e+09 5.071855e+09
1.224543e-02 6.012339e+09 1.138997e+09 -5.977647e+09 -3.299011e+08 6.248180e+09
1.287347e-02 6.221188e+09 8.754049e+08 5.386449e+08 2.066952e+09 1.291251e+10
1.350110e-02 6.829630e+09 1.168294e+09 6.990246e+09 4.042986e+09 2.170675e+10
1.412539e-02 7.131124e+09 1.373974e+09 1.289462e+10 5.868663e+09 3.004137e+10
1.475576e-02 7.103280e+09 1.283996e+09 1.678932e+10 6.906584e+09 3.584006e+10
1.538306e-02 6.861491e+09 1.120179e+09 1.866186e+10 7.595579e+09 3.793927e+10
1.601201e-02 6.321005e+09 9.019150e+08 1.828522e+10 7.041414e+09 3.681187e+10
1.664797e-02 5.671059e+09 8.897883e+08 1.697307e+10 6.637742e+09 3.386453e+10
1.727684e-02 4.761780e+09 6.922241e+08 1.423343e+10 5.178635e+09 2.922426e+10
1.790148e-02 3.858950e+09 5.127232e+08 1.097990e+10 3.932155e+09 2.381560e+10
1.852764e-02 3.010438e+09 3.313889e+08 7.930323e+09 2.829948e+09 1.805666e+10
1.915179e-02 2.302799e+09 2.886942e+08 4.986563e+09 1.944609e+09 1.285885e+10
1.978148e-02 1.633693e+09 2.238289e+08 2.548341e+09 1.080943e+09 8.241996e+09
2.041144e-02 1.165544e+09 1.634807e+08 6.928513e+08 4.298350e+08 4.899309e+09
2.104337e-02 8.064860e+08 1.240854e+08 -3.770339e+08 6.537702e+07 2.635313e+09
2.167611e-02 6.072214e+08 9.665770e+07 -8.947456e+08 -9.633596e+07 1.438442e+09
2.230308e-02 5.232210e+08 7.204788e+07 -9.124444e+08 -1.050490e+08 1.117296e+09
2.292974e-02 5.263657e+08 5.461151e+07 -5.565113e+08 -2.396559e+07 1.420669e+09
2.355539e-02 5.829929e+08 5.677550e+07 -1.386838e+07 9.941257e+07 2.122009e+09
2.418150e-02 6.578294e+08 6.219326e+07 5.970668e+08 2.197365e+08 2.993665e+09
2.480946e-02 7.247478e+08 7.357755e+07 1.166275e+09 3.423020e+08 3.816925e+09
2.543879e-02 7.749868e+08 7.020855e+07 1.604870e+09 3.992287e+08 4.483509e+09
2.606741e-02 7.829599e+08 8.020547e+07 1.878333e+09 4.844574e+08 4.802262e+09
2.669501e-02 7.682920e+08 6.924966e+07 1.969088e+09 4.741040e+08 4.886810e+09
2.732628e-02 7.062808e+08 6.212429e+07 1.844036e+09 4.423923e+08 4.555076e+09
2.795771e-02 6.307254e+08 5.404300e+07 1.612727e+09 3.829416e+08 4.061841e+09
2.858621e-02 5.371255e+08 5.021223e+07 1.282171e+09 3.084063e+08 3.404248e+09
2.921223e-02 4.348986e+08 3.834065e+07 8.939133e+08 2.150841e+08 2.653542e+09
2.983725e-02 3.438602e+08 2.749456e+07 5.303461e+08 1.354220e+08 1.961163e+09
3.046693e-02 2.596140e+08 2.051371e+07 2.131504e+08 6.945940e+07 1.317752e+09
3.109608e-02 1.981132e+08 1.748333e+07 -3.137474e+07 2.332341e+07 8.323476e+08
3.172270e-02 1.540304e+08 1.510232e+07 -1.873334e+08 -9.411031e+06 5.020058e+08
3.235285e-02 1.278207e+08 1.210256e+07 -2.411249e+08 -2.491362e+07 3.370324e+08
3.298394e-02 1.219194e+08 1.097605e+07 -2.167195e+08 -2.247144e+07 3.291459e+08
3.361458e-02 1.273990e+08 1.075698e+07 -1.216250e+08 -6.944708e+06 4.316109e+08
3.424083e-02 1.438501e+08 1.079361e+07 2.293075e+06 1.344301e+07 6.136378e+08
3.486711e-02 1.629956e+08 1.262092e+07 1.423014e+08 3.905831e+07 8.198739e+08
3.549614e-02 1.810936e+08 1.228579e+07 2.751985e+08 5.754982e+07 1.021913e+09
3.612198e-02 1.948818e+08 1.268172e+07 3.737466e+08 7.328821e+07 1.175432e+09
3.674992e-02 1.999747e+08 1.190803e+07 4.426274e+08 8.257959e+07 1.263348e+09
3.737802e-02 1.985302e+08 1.110055e+07 4.599453e+08 8.421538e+07 1.276622e+09
3.800827e-02 1.882122e+08 1.093614e+07 4.388816e+08 7.972273e+07 1.216760e+09
3.863754e-02 1.703578e+08 1.052401e+07 3.737548e+08 6.842598e+07 1.086292e+09
3.926550e-02 1.481267e+08 9.086678e+06 2.918256e+08 5.402029e+07 9.204565e+08
3.989588e-02 1.237058e+08 7.512386e+06 1.941954e+08 3.782026e+07 7.301760e+08
4.052254e-02 1.000597e+08 6.019254e+06 9.878669e+07 2.318605e+07 5.437340e+08
4.115124e-02 7.904003e+07 4.782137e+06 1.477422e+07 1.096950e+07 3.766704e+08
4.177955e-02 6.309203e+07 3.463813e+06 -4.734992e+07 1.208118e+06 2.496471e+08
4.240547e-02 5.217941e+07 2.872502e+06 -8.440352e+07 -4.385118e+06 1.655377e+08
4.303621e-02 4.712874e+07 2.920426e+06 -9.537090e+07 -6.659764e+06 1.313434e+08
4.366615e-02 4.655318e+07 2.892028e+06 -8.140862e+07 -5.741602e+06 1.398772e+08
4.429168e-02 4.998245e+07 3.001510e+06 -4.845679e+07 -1.985168e+06 1.826062e+08
4.491727e-02 5.623293e+07 3.185737e+06 -3.276350e+06 3.320174e+06 2.492388e+08
4.554613e-02 6.321010e+07 3.602238e+06 4.474825e+07 9.041106e+06 3.223718e+08
4.617836e-02 6.948057e+07 4.017506e+06 9.092806e+07 1.503553e+07 3.914888e+08
4.680927e-02 7.446862e+07 3.949505e+06 1.275180e+08 1.865727e+07 4.471404e+08
4.743756e-02 7.611871e+07 3.857038e+06 1.499767e+08 2.177934e+07 4.752577e+08
4.806661e-02 7.562842e+07 3.483326e+06 1.554193e+08 2.160280e+07 4.790900e+08
4.869280e-02 7.170090e+07 3.568798e+06 1.467940e+08 2.102233e+07 4.544974e+08
4.931779e-02 6.578866e+07 3.118869e+06 1.261755e+08 1.767299e+07 4.109155e+08
4.994581e-02 5.748068e+07 2.954782e+06 9.517470e+07 1.418007e+07 3.469690e+08
5.057480e-02 4.893060e+07 2.554672e+06 5.925819e+07 9.609436e+06 2.775542e+08
5.120302e-02 4.016150e+07 2.135635e+06 2.471625e+07 4.871280e+06 2.078761e+08
5.183209e-02 3.219579e+07 1.775480e+06 -5.088096e+06 1.179834e+06 1.451907e+08
5.246116e-02 2.649169e+07 1.520032e+06 -2.767149e+07 -1.589025e+06 9.932652e+07
5.308896e-02 2.254283e+07 1.360670e+06 -4.013793e+07 -3.061078e+06 6.975689e+07
5.371721e-02 2.081212e+07 1.234028e+06 -4.230080e+07 -3.440117e+06 5.926983e+07
5.434780e-02 2.093870e+07 1.169640e+06 -3.465961e+07 -2.622244e+06 6.560066e+07
5.497604e-02 2.273669e+07 1.138995e+06 -1.987229e+07 -1.079896e+06 8.606756e+07
5.560013e-02 2.556152e+07 1.257403e+06 -1.101535e+06 1.226333e+06 1.146929e+08
5.622954e-02 2.874204e+07 1.208019e+06 2.000866e+07 3.350168e+06 1.471557e+08
5.686173e-02 3.173094e+07 1.306068e+06 3.913717e+07 5.356376e+06 1.771192e+08
5.748940e-02 3.393741e+07 1.302214e+06 5.388781e+07 6.579636e+06 1.998673e+08
5.811669e-02 3.477830e+07 1.453978e+06 6.276670e+07 7.439144e+06 2.116362e+08
5.874554e-02 3.456216e+07 1.542717e+06 6.556784e+07 7.610726e+06 2.136628e+08
5.937282e-02 3.275841e+07 1.417581e+06 6.101592e+07 6.766248e+06 2.024192e+08
6.000021e-02 2.984748e+07 1.280304e+06 5.112096e+07 5.996382e+06 1.811385e+08
6.062750e-02 2.645123e+07 1.071851e+06 3.749679e+07 4.689954e+06 1.540471e+08
6.125597e-02 2.259367e+07 8.745070e+05 2.182265e+07 3.074664e+06 1.226422e+08
6.188682e-02 1.885747e+07 7.928446e+05 6.132974e+06 1.556294e+06 9.169304e+07
6.251462e-02 1.559980e+07 6.456205e+05 -7.141741e+06 1.306642e+05 6.503625e+07
6.314049e-02 1.322984e+07 5.655819e+05 -1.665306e+07 -9.182116e+05 4.548137e+07
6.377015e-02 1.159056e+07 5.058847e+05 -2.124171e+07 -1.443178e+06 3.343721e+07
6.439971e-02 1.111780e+07 5.166838e+05 -2.129055e+07 -1.504376e+06 3.082605e+07
6.502803e-02 1.148258e+07 5.877646e+05 -1.679934e+07 -1.107950e+06 3.614502e+07
6.565852e-02 1.249717e+07 6.041036e+05 -8.641687e+06 -3.558885e+05 4.779904e+07
6.628652e-02 1.400735e+07 5.746616e+05 1.315672e+06 5.651294e+05 6.349538e+07
6.691319e-02 1.567651e+07 5.584838e+05 1.184702e+07 1.651936e+06 8.027803e+07
6.754195e-02 1.722459e+07 5.284482e+05 2.139020e+07 2.589238e+06 9.566111e+07
6.816923e-02 1.841324e+07 4.403403e+05 2.870116e+07 3.219956e+06 1.071941e+08
6.879707e-02 1.904129e+07 5.010248e+05 3.306810e+07 3.638036e+06 1.136291e+08
6.942589e-02 1.892949e+07 5.678461e+05 3.363304e+07 3.638088e+06 1.135471e+08
7.005350e-02 1.807360e+07 5.508178e+05 3.115249e+07 3.101498e+06 1.075170e+08
7.068149e-02 1.667998e+07 5.895487e+05 2.573012e+07 2.591884e+06 9.669470e+07
7.131092e-02 1.482960e+07 5.567152e+05 1.835773e+07 1.934814e+06 8.198846e+07
7.194060e-02 1.275428e+07 4.986543e+05 1.004783e+07 1.123207e+06 6.545137e+07
7.256947e-02 1.080265e+07 4.293500e+05 1.899168e+06 4.829151e+05 4.956700e+07
7.319738e-02 9.041515e+06 3.500880e+05 -4.982818e+06 2.623919e+04 3.558734e+07
7.382604e-02 7.803094e+06 2.508006e+05 -1.001812e+07 -3.224513e+05 2.538081e+07
7.445392e-02 7.064410e+06 1.674710e+05 -1.254158e+07 -4.738333e+05 1.952292e+07
7.507965e-02 6.912458e+06 1.242964e+05 -1.254867e+07 -4.991219e+05 1.844365e+07
7.570782e-02 7.233549e+06 1.361366e+05 -1.007411e+07 -3.497158e+05 2.155099e+07
7.633697e-02 7.924511e+06 1.987381e+05 -5.759612e+06 -9.114695e+04 2.817624e+07
7.696614e-02 8.818519e+06 2.810497e+05 -2.752398e+05 1.799779e+05 3.691223e+07
7.759521e-02 9.729604e+06 3.589196e+05 5.540847e+06 6.120809e+05 4.615830e+07
7.822404e-02 1.053723e+07 3.703772e+05 1.086319e+07 8.971752e+05 5.460432e+07
7.885455e-02 1.110618e+07 3.930133e+05 1.501877e+07 1.213921e+06 6.100563e+07
7.948034e-02 1.136147e+07 3.821268e+05 1.734608e+07 1.431979e+06 6.442381e+07
8.010544e-02 1.121446e+07 3.251319e+05 1.795491e+07 1.567871e+06 6.436830e+07
8.073519e-02 1.074115e+07 2.744520e+05 1.643040e+07 1.497935e+06 6.083682e+07
8.136420e-02 9.997179e+06 2.286478e+05 1.339079e+07 1.236954e+06 5.460207e+07
8.199246e-02 9.015354e+06 2.359099e+05 9.183408e+06 9.111654e+05 4.630510e+07
8.262013e-02 7.935007e+06 2.459948e+05 4.572520e+06 4.704336e+05 3.727411e+07
8.325004e-02 6.818272e+06 2.261426e+05 2.690518e+03 4.852358e+04 2.818144e+07
8.388076e-02 5.865408e+06 2.230855e+05 -3.787747e+06 -2.141567e+05 2.045992e+07
8.450772e-02 5.136023e+06 2.124322e+05 -6.405917e+06 -4.251176e+05 1.480183e+07
8.513407e-02 4.700104e+06 2.027274e+05 -7.642097e+06 -4.849259e+05 1.172285e+07
8.576290e-02 4.570886e+06 1.721060e+05 -7.401180e+06 -4.297870e+05 1.133115e+07
8.639170e-02 4.735642e+06 1.382050e+05 -5.825234e+06 -2.797695e+05 1.337625e+07
8.701933e-02 5.139942e+06 1.100708e+05 -3.219271e+06 -5.456014e+04 1.736818e+07
8.764729e-02 5.706062e+06 1.048291e+05 -5.032347e+04 1.921256e+05 2.258415e+07
8.827546e-02 6.295746e+06 9.392951e+04 3.351446e+06 4.077237e+05 2.800444e+07
8.890360e-02 6.831293e+06 1.302519e+05 6.340698e+06 5.813819e+05 3.293597e+07
8.953185e-02 7.205818e+06 1.675291e+05 8.687748e+06 7.102790e+05 3.660194e+07
9.016049e-02 7.370034e+06 1.933187e+05 1.003163e+07 7.310117e+05 3.854669e+07
9.078921e-02 7.306093e+06 2.023676e+05 1.019884e+07 7.011589e+05 3.845425e+07
9.141859e-02 6.977302e+06 2.069457e+05 9.344336e+06 6.267729e+05 3.625716e+07
9.204760e-02 6.494372e+06 2.023790e+05 7.518288e+06 5.052630e+05 3.254247e+07
9.267535e-02 5.865911e+06 1.766072e+05 5.062808e+06 3.657746e+05 2.759784e+07
9.330406e-02 5.200970e+06 1.313596e+05 2.296726e+06 2.360409e+05 2.217338e+07
9.393390e-02 4.565442e+06 9.844798e+04 -3.994825e+05 9.581546e+04 1.684235e+07
9.456102e-02 4.052561e+06 7.492529e+04 -2.702299e+06 -2.393170e+04 1.238730e+07
9.518740e-02 3.673776e+06 6.919606e+04 -4.274165e+06 -1.396870e+05 9.160280e+06
9.581568e-02 3.457652e+06 7.186727e+04 -4.991146e+06 -2.093424e+05 7.457994e+06
9.644552e-02 3.426235e+06 8.851609e+04 -4.813815e+06 -2.432828e+05 7.401218e+06
9.707482e-02 3.542650e+06 9.867487e+04 -3.775977e+06 -2.168142e+05 8.795628e+06
9.770146e-02 3.770858e+06 1.146504e+05 -2.125458e+06 -1.349960e+05 1.130888e+07
9.832882e-02 4.082229e+06 1.235255e+05 -1.240410e+05 1.955146e+03 1.453975e+07
9.895640e-02 4.403105e+06 1.200798e+05 1.943810e+06 1.491205e+05 1.783713e+07
9.958504e-02 4.693392e+06 1.063846e+05 3.784328e+06 2.624644e+05 2.079609e+07
1.002139e-01 4.901634e+06 9.721682e+04 5.168436e+06 3.590454e+05 2.291842e+07
1.008411e-01 4.992078e+06 9.107102e+04 5.889401e+06 4.236124e+05 2.396197e+07
1.014708e-01 4.949038e+06 6.604300e+04 5.870534e+06 4.368804e+05 2.372225e+07
1.021003e-01 4.797504e+06 5.100325e+04 5.170357e+06 4.388355e+05 2.230938e+07
1.027279e-01 4.536606e+06 4.696262e+04 3.923348e+06 3.473021e+05 1.987892e+07
1.033572e-01 4.179314e+06 6.437984e+04 2.295783e+06 2.285846e+05 1.674390e+07
1.039858e-01 3.777622e+06 8.921473e+04 5.872828e+05 9.125381e+04 1.333799e+07
1.046130e-01 3.382615e+06 1.036252e+05 -1.038166e+06 -6.390022e+04 1.017246e+07
1.052407e-01 3.032821e+06 1.117819e+05 -2.328704e+06 -1.515651e+05 7.532900e+06
1.058684e-01 2.784883e+06 8.785925e+04 -3.155630e+06 -1.959684e+05 5.769660e+06
1.064969e-01 2.668100e+06 6.070594e+04 -3.415154e+06 -1.792389e+05 4.974006e+06
1.071273e-01 2.674748e+06 3.607108e+04 -3.109072e+06 -1.326710e+05 5.200005e+06
1.077558e-01 2.809939e+06 3.344790e+04 -2.302235e+06 -8.951907e+04 6.364064e+06
1.083828e-01 3.004642e+06 4.668418e+04 -1.119998e+06 -3.562257e+04 8.219338e+06
1.090114e-01 3.251074e+06 5.537064e+04 2.430108e+05 4.032157e+04 1.052721e+07
1.096397e-01 3.490379e+06 5.486284e+04 1.637047e+06 1.302412e+05 1.281488e+07
1.102684e-01 3.711867e+06 5.487907e+04 2.830581e+06 2.032010e+05 1.483687e+07
1.108970e-01 3.854223e+06 6.410693e+04 3.712543e+06 2.508903e+05 1.622728e+07
1.115233e-01 3.905490e+06 7.121538e+04 4.104892e+06 2.750475e+05 1.684526e+07
1.121508e-01 3.860895e+06 6.162313e+04 4.078425e+06 2.683434e+05 1.664153e+07
1.127798e-01 3.730062e+06 5.717516e+04 3.559874e+06 2.506190e+05 1.557097e+07
1.134097e-01 3.526276e+06 5.360654e+04 2.655760e+06 1.851838e+05 1.385765e+07
1.140373e-01 3.264397e+06 6.138774e+04 1.553511e+06 1.244913e+05 1.168175e+07
1.146647e-01 2.980506e+06 6.238705e+04 3.518462e+05 4.652402e+04 9.397715e+06
1.152948e-01 2.715366e+06 5.497986e+04 -7.740029e+05 -1.205704e+03 7.222717e+06
1.159235e-01 2.491456e+06 4.249041e+04 -1.680230e+06 -4.195402e+04 5.407990e+06
1.165517e-01 2.348261e+06 3.464165e+04 -2.253997e+06 -7.134201e+04 4.206278e+06
1.171799e-01 2.275805e+06 3.337006e+04 -2.438252e+06 -1.021119e+05 3.683526e+06
1.178092e-01 2.292611e+06 3.469541e+04 -2.235470e+06 -9.424225e+04 3.909451e+06
1.184382e-01 2.372744e+06 3.314954e+04 -1.685578e+06 -7.525416e+04 4.746327e+06
1.190649e-01 2.514108e+06 3.045005e+04 -8.691764e+05 -3.113768e+04 6.048603e+06
1.196918e-01 2.679136e+06 3.753866e+04 5.255013e+04 2.447845e+04 7.557145e+06
1.203206e-01 2.838027e+06 4.558370e+04 1.006243e+06 5.957939e+04 9.107680e+06
1.209492e-01 2.974559e+06 5.222141e+04 1.805768e+06 1.040184e+05 1.043191e+07
1.215770e-01 3.063542e+06 4.745041e+04 2.389578e+06 1.271332e+05 1.134310e+07
1.222060e-01 3.090662e+06 4.730645e+04 2.666695e+06 1.425124e+05 1.171344e+07
1.228351e-01 3.053422e+06 4.834650e+04 2.588962e+06 1.464545e+05 1.146517e+07
1.234639e-01 2.954722e+06 4.363750e+04 2.236265e+06 1.211072e+05 1.069871e+07
1.240910e-01 2.811855e+06 3.857573e+04 1.610692e+06 1.006344e+05 9.482186e+06
1.247182e-01 2.632535e+06 3.667611e+04 8.531886e+05 6.724030e+04 7.994476e+06
1.253470e-01 2.445381e+06 3.383040e+04 6.528863e+03 3.832446e+04 6.391489e+06
1.259754e-01 2.269924e+06 2.438047e+04 -7.557209e+05 8.958043e+03 4.923891e+06
1.266036e-01 2.132405e+06 1.861142e+04 -1.362647e+06 -1.290175e+04 3.727606e+06
1.272319e-01 2.047379e+06 1.832556e+04 -1.750326e+06 -3.643560e+04 2.961655e+06
1.278607e-01 2.011810e+06 2.500428e+04 -1.851044e+06 -6.456504e+04 2.674347e+06
1.284890e-01 2.023121e+06 2.975555e+04 -1.665254e+06 -6.926859e+04 2.883379e+06
1.291182e-01 2.083863e+06 4.079757e+04 -1.244238e+06 -7.282314e+04 3.537086e+06
1.297470e-01 2.169680e+06 4.769825e+04 -6.355712e+05 -4.657327e+04 4.469443e+06
1.303744e-01 2.274483e+06 4.540179e+04 4.402864e+04 -2.124216e+04 5.569620e+06
1.310022e-01 2.374636e+06 4.155640e+04 7.155311e+05 1.656818e+04 6.613783e+06
1.316312e-01 2.466060e+06 3.742746e+04 1.292992e+06 3.827552e+04 7.523558e+06
1.322597e-01 2.525888e+06 3.440287e+04 1.694494e+06 5.899903e+04 8.119059e+06
1.328871e-01 2.541877e+06 3.434025e+04 1.859992e+06 7.893043e+04 8.337787e+06
1.335151e-01 2.513948e+06 2.705788e+04 1.779251e+06 1.030423e+05 8.153422e+06
1.341448e-01 2.446576e+06 1.842942e+04 1.483804e+06 1.193587e+05 7.567326e+06
1.347734e-01 2.354653e+06 1.401072e+04 1.015736e+06 1.041979e+05 6.679689e+06
1.354003e-01 2.231676e+06 2.074075e+04 4.400382e+05 6.875884e+04 5.580320e+06
1.360284e-01 2.100632e+06 2.898012e+04 -1.663853e+05 2.992987e+04 4.478412e+06
1.366568e-01 1.978804e+06 2.346793e+04 -7.182071e+05 -5.542458e+03 3.482879e+06
1.372858e-01 1.883280e+06 9.488104e+03 -1.125445e+06 -2.202038e+04 2.672442e+06
1.379142e-01 1.833911e+06 7.453537e+03 -1.375668e+06 -3.332449e+04 2.161249e+06
1.385416e-01 1.816084e+06 1.407576e+04 -1.411593e+06 -3.848507e+04 1.996977e+06
1.391708e-01 1.830654e+06 2.544882e+04 -1.266917e+06 -4.347171e+04 2.198510e+06
1.397994e-01 1.883687e+06 2.355555e+04 -9.591501e+05 -3.488474e+04 2.713175e+06
1.404273e-01 1.951146e+06 2.334612e+04 -5.126366e+05 -2.328943e+04 3.398110e+06
1.410561e-01 2.033526e+06 2.844356e+04 -1.072821e+04 -6.940969e+03 4.189427e+06
1.416844e-01 2.108479e+06 4.194197e+04 4.764226e+05 -5.419928e+03 4.963692e+06
1.423121e-01 2.157340e+06 4.498397e+04 8.706804e+05 2.692538e+03 5.590854e+06
1.429401e-01 2.182216e+06 4.591800e+04 1.156760e+06 2.176329e+04 5.998268e+06
1.435692e-01 2.180393e+06 3.588673e+04 1.257616e+06 4.248948e+04 6.114254e+06
1.441983e-01 2.149149e+06 2.428574e+04 1.185928e+06 5.881127e+04 5.916598e+06
1.448262e-01 2.092756e+06 1.417141e+04 9.494725e+05 7.749151e+04 5.451697e+06
1.454539e-01 2.021511e+06 8.670551e+03 5.830622e+05 7.125518e+04 4.771836e+06
1.460823e-01 1.935533e+06 1.206284e+04 1.474317e+05 4.802088e+04 3.985371e+06
1.467115e-01 1.842406e+06 1.679434e+04 -2.941198e+05 2.184179e+04 3.175096e+06
1.473399e-01 1.753859e+06 2.247520e+04 -6.695600e+05 -1.112157e+04 2.457876e+06
1.479676e-01 1.682361e+06 2.695065e+04 -9.527662e+05 -2.973435e+04 1.914812e+06
1.485964e-01 1.636087e+06 2.530959e+04 -1.096266e+06 -3.427088e+04 1.612694e+06
1.492243e-01 1.624018e+06 2.135244e+04 -1.093502e+06 -3.636232e+04 1.573520e+06
1.498507e-01 1.642516e+06 1.763432e+04 -9.419542e+05 -3.591257e+04 1.792109e+06
1.504788e-01 1.687760e+06 1.659873e+04 -6.653531e+05 -3.230561e+04 2.218925e+06
1.511078e-01 1.750594e+06 1.947190e+04 -3.132250e+05 -1.836809e+04 2.804330e+06
1.517364e-01 1.813836e+06 2.318189e+04 8.274294e+04 -1.200002e+03 3.441597e+06
1.523652e-01 1.878940e+06 2.214661e+04 4.397259e+05 2.087077e+04 4.044800e+06
1.529942e-01 1.927676e+06 1.921938e+04 7.421909e+05 3.565351e+04 4.524733e+06
1.536237e-01 1.959322e+06 1.820409e+04 9.360727e+05 3.803438e+04 4.823776e+06
1.542519e-01 1.963640e+06 2.092621e+04 9.950131e+05 3.985518e+04 4.877805e+06
1.548791e-01 1.941205e+06 2.292630e+04 9.229959e+05 2.841994e+04 4.715498e+06
1.555078e-01 1.895593e+06 2.292300e+04 7.424059e+05 1.460055e+04 4.335294e+06
1.561363e-01 1.833440e+06 1.820448e+04 4.661915e+05 6.165813e+03 3.801284e+06
1.567636e-01 1.760280e+06 1.772550e+04 1.446241e+05 -4.918831e+03 3.156727e+06
1.573916e-01 1.686042e+06 1.729439e+04 -1.816636e+05 -1.644810e+04 2.510543e+06
1.580207e-01 1.618006e+06 1.999067e+04 -4.678498e+05 -1.920574e+04 1.939118e+06
1.586492e-01 1.566069e+06 2.116767e+04 -6.831269e+05 -2.583266e+04 1.515599e+06
1.592766e-01 1.532595e+06 1.698779e+04 -7.965879e+05 -2.355140e+04 1.266766e+06
1.599049e-01 1.527267e+06 1.528793e+04 -7.873039e+05 -3.105180e+04 1.220701e+06
1.605344e-01 1.539208e+06 1.899203e+04 -6.694776e+05 -3.587502e+04 1.373919e+06
1.611623e-01 1.568202e+06 2.670754e+04 -4.548888e+05 -3.774445e+04 1.702981e+06
1.617904e-01 1.606753e+06 2.403045e+04 -1.890579e+05 -2.410239e+04 2.141619e+06
1.624191e-01 1.654563e+06 1.681841e+04 1.055446e+05 -3.268916e+03 2.631818e+06
1.630470e-01 1.702117e+06 1.194692e+04 3.689386e+05 2.268451e+04 3.058216e+06
1.636756e-01 1.743638e+06 1.043752e+04 5.829838e+05 3.536146e+04 3.411835e+06
1.643038e-01 1.769446e+06 1.241153e+04 7.139527e+05 3.701160e+04 3.620165e+06
1.649313e-01 1.773745e+06 1.309730e+04 7.401081e+05 2.079615e+04 3.647326e+06
1.655596e-01 1.756116e+06 1.952670e+04 6.880739e+05 1.607498e+04 3.501452e+06
1.661885e-01 1.718710e+06 2.190223e+04 5.418963e+05 -2.875134e+03 3.197522e+06
1.668177e-01 1.663706e+06 2.423678e+04 3.375652e+05 -7.748394e+03 2.783686e+06
1.674456e-01 1.604615e+06 2.151025e+04 8.787859e+04 -6.280102e+03 2.311447e+06
1.680727e-01 1.547854e+06 1.419638e+04 -1.603184e+05 4.752549e+03 1.845449e+06
1.687016e-01 1.504002e+06 1.988624e+03 -3.882870e+05 1.641225e+04 1.429740e+06
1.693313e-01 1.477216e+06 -3.443250e+03 -5.549438e+05 1.928145e+04 1.120946e+06
1.699587e-01 1.467245e+06 -7.223228e+02 -6.461468e+05 1.570004e+04 9.668212e+05
1.705866e-01 1.472873e+06 3.470442e+03 -6.437231e+05 7.141331e+02 9.717942e+05
1.712159e-01 1.491105e+06 7.920852e+03 -5.551878e+05 -1.071486e+04 1.117680e+06
1.718445e-01 1.520554e+06 1.405551e+04 -3.911695e+05 -1.969783e+04 1.387032e+06
1.724727e-01 1.554305e+06 2.200821e+04 -1.738607e+05 -3.231886e+04 1.722232e+06
1.731002e-01 1.587345e+06 2.923569e+04 5.884606e+04 -3.623175e+04 2.079708e+06
1.737290e-01 1.611897e+06 2.850002e+04 2.787352e+05 -3.190741e+04 2.415814e+06
1.743571e-01 1.634062e+06 2.307567e+04 4.442077e+05 -1.214962e+04 2.677986e+06
1.749848e-01 1.645160e+06 1.332320e+04 5.453512e+05 1.294572e+04 2.817008e+06
1.756135e-01 1.646945e+06 9.037336e+03 5.631291e+05 2.891434e+04 2.809044e+06
1.762417e-01 1.635739e+06 1.270944e+04 5.007720e+05 2.607565e+04 2.676910e+06
1.768700e-01 1.604397e+06 2.170535e+04 3.759688e+05 1.253009e+04 2.431928e+06
1.774983e-01 1.558558e+06 2.669838e+04 2.018717e+05 -2.919155e+03 2.112479e+06
1.781269e-01 1.504437e+06 2.219511e+04 6.253326e+03 -6.286742e+03 1.744052e+06
1.787551e-01 1.460638e+06 1.395670e+04 -1.790255e+05 -1.151494e+04 1.369264e+06
1.793837e-01 1.424290e+06 1.157903e+04 -3.348532e+05 -2.009837e+04 1.043199e+06
1.800121e-01 1.398138e+06 1.499323e+04 -4.387511e+05 -2.989630e+04 8.150278e+05
1.806398e-01 1.382802e+06 1.487295e+04 -4.837860e+05 -3.244316e+04 7.181863e+05
1.812676e-01 1.385600e+06 9.999710e+03 -4.557401e+05 -2.180284e+04 7.464359e+05
1.818961e-01 1.404189e+06 3.326273e+03 -3.654097e+05 -4.722187e+03 8.790831e+05
1.825251e-01 1.434993e+06 5.030787e+03 -2.195475e+05 2.145570e+03 1.102619e+06
1.831533e-01 1.468039e+06 1.289469e+04 -5.018629e+04 7.088705e+03 1.395570e+06
1.837813e-01 1.500802e+06 1.594379e+04 1.311979e+05 6.753759e+03 1.714681e+06
1.844104e-01 1.530415e+06 1.332183e+04 2.970913e+05 6.943447e+03 1.996026e+06
1.850389e-01 1.553004e+06 1.357548e+04 4.290883e+05 4.773769e+03 2.215528e+06
1.856669e-01 1.563352e+06 1.786141e+04 5.070749e+05 8.221898e+03 2.338149e+06
1.862953e-01 1.561112e+06 1.631129e+04 5.114363e+05 1.692238e+04 2.358746e+06
1.869236e-01 1.545653e+06 9.308553e+03 4.565290e+05 2.545571e+04 2.246017e+06
1.875520e-01 1.527474e+06 6.768252e+03 3.507936e+05 2.322227e+04 2.036809e+06
1.881803e-01 1.496958e+06 1.051215e+04 2.002884e+05 1.447205e+04 1.749196e+06
1.888083e-01 1.461518e+06 1.424577e+04 3.252211e+04 -4.847417e+02 1.441354e+06
1.894359e-01 1.423271e+06 1.414216e+04 -1.324273e+05 -6.969495e+03 1.149495e+06
1.900648e-01 1.394540e+06 8.350399e+03 -2.719319e+05 -8.309366e+03 8.844814e+05
1.906937e-01 1.374737e+06 5.591922e+03 -3.689976e+05 -8.801131e+03 6.867102e+05
1.913208e-01 1.367751e+06 7.968248e+03 -4.086542e+05 -2.180854e+04 5.766120e+05
1.919495e-01 1.367861e+06 1.657176e+04 -3.899030e+05 -2.982085e+04 5.849561e+05
1.925783e-01 1.372132e+06 2.049918e+04 -3.182765e+05 -2.473805e+04 6.981887e+05
1.932069e-01 1.388672e+06 1.364345e+04 -2.137093e+05 -4.600086e+03 8.938078e+05
1.938350e-01 1.416563e+06 -5.452713e+01 -7.962434e+04 1.720030e+04 1.115664e+06
1.944626e-01 1.451900e+06 -1.668516e+02 6.523914e+04 1.707892e+04 1.341067e+06
1.950912e-01 1.478115e+06 1.293049e+04 2.006890e+05 3.071448e+03 1.553653e+06
1.957198e-01 1.491885e+06 2.639668e+04 3.052512e+05 -7.912361e+03 1.737668e+06
1.963481e-01 1.489699e+06 2.697959e+04 3.677983e+05 -1.076557e+04 1.848956e+06
1.969763e-01 1.482862e+06 1.693559e+04 3.833502e+05 2.227983e+03 1.858185e+06
1.976057e-01 1.472922e+06 8.748501e+03 3.521898e+05 1.369696e+04 1.773575e+06
1.982346e-01 1.458221e+06 6.293527e+03 2.609092e+05 2.334153e+04 1.609980e+06
1.988621e-01 1.437372e+06 5.956769e+03 1.376550e+05 2.251520e+04 1.398164e+06
1.994900e-01 1.415175e+06 5.309860e+03 -2.282359e+03 1.458417e+04 1.166786e+06
2.001183e-01 1.389490e+06 7.658097e+03 -1.333327e+05 9.352172e+03 9.290369e+05
2.007462e-01 1.366259e+06 1.157146e+04 -2.458424e+05 -9.989056e+02 7.233672e+05
2.013743e-01 1.346913e+06 1.749715e+04 -3.215614e+05 -1.131422e+04 5.806032e+05
2.020025e-01 1.331984e+06 1.956762e+04 -3.498563e+05 -1.594042e+04 5.100494e+05
2.026313e-01 1.324530e+06 1.835456e+04 -3.385791e+05 -1.595569e+04 5.223257e+05
2.032604e-01 1.327854e+06 1.430893e+04 -2.804242e+05 -1.096798e+04 6.038718e+05
2.038879e-01 1.342834e+06 1.157392e+04 -1.932441e+05 -7.028759e+03 7.400869e+05
2.045158e-01 1.360578e+06 1.163228e+04 -8.602253e+04 -7.499897e+03 9.150691e+05
2.051449e-01 1.379430e+06 1.410840e+04 2.369011e+04 -4.603864e+03 1.099010e+06
2.057735e-01 1.398158e+06 1.235537e+04 1.241698e+05 -5.395828e+03 1.273450e+06
2.064017e-01 1.411925e+06 1.035935e+04 2.037313e+05 -8.516085e+02 1.399498e+06
2.070305e-01 1.420232e+06 9.436968e+03 2.505054e+05 6.305004e+03 1.461766e+06
2.076594e-01 1.421162e+06 1.171293e+04 2.532242e+05 8.628749e+03 1.460017e+06
2.082867e-01 1.415678e+06 8.964331e+03 2.144677e+05 1.047713e+04 1.396396e+06
2.089139e-01 1.403091e+06 6.619159e+03 1.430125e+05 7.621504e+03 1.267187e+06
2.095429e-01 1.388229e+06 5.919830e+03 5.269093e+04 4.036064e+03 1.090183e+06
2.101711e-01 1.369789e+06 8.615336e+03 -4.656999e+04 -5.291479e+03 8.952787e+05
2.107990e-01 1.348658e+06 1.065180e+04 -1.467115e+05 -7.504894e+03 7.067684e+05
2.114275e-01 1.331884e+06 1.040013e+04 -2.248553e+05 -1.516609e+04 5.416125e+05
2.120557e-01 1.317860e+06 1.277500e+04 -2.798843e+05 -1.853354e+04 4.228707e+05
2.126842e-01 1.310503e+06 1.687507e+04 -3.028566e+05 -2.182563e+04 3.660143e+05
2.133127e-01 1.306208e+06 1.773282e+04 -2.873829e+05 -2.155467e+04 3.765165e+05
2.139414e-01 1.310178e+06 1.347967e+04 -2.460210e+05 -1.622548e+04 4.452478e+05
2.145702e-01 1.321307e+06 9.013208e+03 -1.700856e+05 -9.133317e+03 5.476574e+05
2.151979e-01 1.335820e+06 1.334093e+04 -8.188683e+04 -5.633461e+03 6.735910e+05
2.158262e-01 1.348450e+06 1.857473e+04 2.816551e+03 -5.126934e+02 8.195460e+05
2.164548e-01 1.357841e+06 1.614365e+04 7.580019e+04 -2.866120e+03 9.542551e+05
2.170834e-01 1.366769e+06 1.010864e+04 1.373784e+05 -3.221282e+02 1.057209e+06
2.177116e-01 1.372827e+06 9.296164e+03 1.716950e+05 6.706087e+03 1.101743e+06
2.183390e-01 1.372745e+06 1.061564e+04 1.703107e+05 1.195892e+04 1.095088e+06
2.189672e-01 1.367660e+06 1.024427e+04 1.397126e+05 4.432756e+03 1.044959e+06
2.195962e-01 1.357590e+06 1.027685e+04 9.349284e+04 -2.172071e+03 9.416491e+05
2.202247e-01 1.340467e+06 1.740616e+04 2.689953e+04 -1.144875e+04 8.006988e+05
2.208525e-01 1.317986e+06 2.222419e+04 -3.945811e+04 -2.080052e+04 6.608497e+05
2.214806e-01 1.296754e+06 1.928460e+04 -1.014159e+05 -2.659584e+04 5.284356e+05
2.221096e-01 1.278611e+06 1.433395e+04 -1.456530e+05 -2.002314e+04 4.119675e+05
2.227377e-01 1.269569e+06 1.210383e+04 -1.776092e+05 -7.454017e+03 3.389440e+05
2.233660e-01 1.264707e+06 1.027802e+04 -1.869844e+05 7.958100e+01 3.076748e+05
2.239949e-01 1.268687e+06 7.168047e+03 -1.744249e+05 3.465493e+03 3.366012e+05
2.246230e-01 1.277578e+06 6.468831e+03 -1.372337e+05 9.742492e+03 4.112553e+05
2.252510e-01 1.290132e+06 6.676537e+03 -8.717335e+04 1.598187e+04 5.131267e+05
2.258786e-01 1.305410e+06 6.163934e+03 -2.946204e+04 1.518631e+04 6.272681e+05
2.265070e-01 1.319834e+06 7.928124e+03 3.505745e+04 6.004361e+03 7.418031e+05
2.271353e-01 1.332477e+06 1.432493e+04 9.151398e+04 -4.541185e+03 8.466556e+05
2.277640e-01 1.334060e+06 1.874272e+04 1.302166e+05 -1.131178e+03 9.274111e+05
2.283928e-01 1.334833e+06 1.052453e+04 1.412545e+05 3.633098e+03 9.574156e+05
2.290206e-01 1.335214e+06 9.364737e+02 1.310278e+05 1.391422e+04 9.349783e+05
2.296494e-01 1.336390e+06 2.805859e+02 1.007338e+05 1.257354e+04 8.611249e+05
2.302775e-01 1.330302e+06 8.638579e+03 4.473533e+04 1.344972e+04 7.663164e+05
2.309053e-01 1.318102e+06 9.465947e+03 -2.571427e+04 2.515863e+03 6.565854e+05
2.315342e-01 1.306785e+06 6.984025e+03 -9.407420e+04 -8.661823e+02 5.368324e+05
2.321633e-01 1.296076e+06 8.342787e+03 -1.508090e+05 -6.773510e+03 4.190660e+05
2.327917e-01 1.287611e+06 1.340475e+04 -1.923540e+05 -9.373837e+03 3.282320e+05
2.334191e-01 1.279598e+06 1.435343e+04 -2.196299e+05 -1.522460e+04 2.787452e+05
2.340471e-01 1.276190e+06 1.211960e+04 -2.168928e+05 -1.786580e+04 2.656156e+05
2.346760e-01 1.279076e+06 1.282931e+04 -1.917572e+05 -1.157645e+04 3.004610e+05
2.353048e-01 1.283902e+06 1.444646e+04 -1.511700e+05 -4.059175e+03 3.646039e+05
2.359331e-01 1.292267e+06 1.305198e+04 -9.959203e+04 -1.720682e+03 4.573034e+05
2.365605e-01 1.302341e+06 1.200432e+04 -3.758266e+04 -4.363034e+02 5.594948e+05
2.371890e-01 1.311634e+06 1.448335e+04 2.549255e+04 -2.526130e+03 6.554349e+05
2.378178e-01 1.318094e+06 1.457336e+04 7.464295e+04 -2.237226e+03 7.431082e+05
2.384456e-01 1.320784e+06 1.285479e+04 1.086059e+05 -1.204955e+03 7.966058e+05
2.390742e-01 1.323448e+06 1.188068e+04 1.211743e+05 1.904313e+03 8.199867e+05
2.397020e-01 1.322406e+06 1.007766e+04 1.113535e+05 1.516874e+03 7.953976e+05
2.403299e-01 1.315241e+06 9.469467e+03 8.182997e+04 -1.158229e+03 7.290521e+05
2.409587e-01 1.308071e+06 1.127328e+04 4.420074e+04 -9.546578e+03 6.379379e+05
2.415875e-01 1.295087e+06 1.712414e+04 -6.249164e+03 -1.729376e+04 5.282117e+05
2.422165e-01 1.278338e+06 2.031868e+04 -5.467640e+04 -2.346517e+04 4.220656e+05
2.428445e-01 1.261713e+06 1.811665e+04 -9.405138e+04 -2.370525e+04 3.262735e+05
2.434722e-01 1.250323e+06 1.502777e+04 -1.232754e+05 -1.696137e+04 2.475069e+05
2.441005e-01 1.242907e+06 1.512971e+04 -1.338129e+05 -1.013256e+04 1.979227e+05
2.447295e-01 1.239290e+06 1.499454e+04 -1.341486e+05 -9.689170e+03 1.859591e+05
2.453575e-01 1.241257e+06 1.311942e+04 -1.119803e+05 -9.820715e+03 2.156269e+05
2.459854e-01 1.246501e+06 1.150893e+04 -7.462190e+04 -7.092759e+03 2.805518e+05
2.466143e-01 1.255575e+06 9.554427e+03 -2.698603e+04 3.957202e+02 3.640320e+05
2.472426e-01 1.267367e+06 5.790467e+03 1.544126e+04 1.373694e+04 4.611701e+05
2.478702e-01 1.282115e+06 1.374800e+03 5.937682e+04 2.039744e+04 5.462877e+05
2.484984e-01 1.295831e+06 4.876825e+03 9.469906e+04 1.906172e+04 6.103514e+05
2.491273e-01 1.302346e+06 1.360238e+04 1.151856e+05 8.690494e+03 6.569273e+05
2.497552e-01 1.300626e+06 1.869422e+04 1.224091e+05 -3.552920e+03 6.834627e+05
2.503834e-01 1.292533e+06 1.815450e+04 1.145386e+05 -4.875315e+03 6.806408e+05
2.510119e-01 1.284304e+06 1.391003e+04 9.238495e+04 5.362095e+02 6.311979e+05
2.516403e-01 1.275008e+06 1.088555e+04 5.573718e+04 1.629784e+03 5.492469e+05
2.522691e-01 1.265149e+06 1.105734e+04 1.543267e+04 -4.356850e+03 4.563033e+05
2.528974e-01 1.254322e+06 1.413189e+04 -2.658048e+04 -9.562571e+03 3.691868e+05
2.535254e-01 1.242477e+06 1.613266e+04 -6.246252e+04 -1.178543e+04 3.013139e+05
2.541542e-01 1.233269e+06 1.329438e+04 -9.398084e+04 -2.538546e+03 2.507489e+05
2.547828e-01 1.231058e+06 5.714761e+03 -1.099928e+05 5.426748e+03 2.229593e+05
2.554104e-01 1.236865e+06 1.759018e+03 -1.074189e+05 8.431762e+03 2.138393e+05
2.560379e-01 1.244342e+06 6.782912e+03 -8.954266e+04 4.708467e+03 2.379564e+05
2.566670e-01 1.250727e+06 1.409220e+04 -5.983544e+04 -2.732236e+03 2.953081e+05
2.572958e-01 1.258677e+06 1.366396e+04 -2.446002e+04 -5.923383e+03 3.797008e+05
2.579236e-01 1.266769e+06 7.472520e+03 1.835747e+04 8.617960e+02 4.627133e+05
2.585522e-01 1.279889e+06 3.952917e+03 5.537984e+04 1.280336e+04 5.332553e+05
2.591808e-01 1.292074e+06 3.408454e+03 8.073861e+04 1.499231e+04 5.840808e+05
2.598086e-01 1.299031e+06 9.691423e+03 9.511577e+04 9.331166e+03 6.115027e+05
2.604363e-01 1.299324e+06 1.518956e+04 9.665823e+04 -5.208473e+02 6.168974e+05
2.610650e-01 1.291787e+06 1.969937e+04 8.644494e+04 -9.451664e+03 5.921641e+05
2.616935e-01 1.281310e+06 2.050973e+04 6.799796e+04 -1.351263e+04 5.398929e+05
2.623210e-01 1.266225e+06 1.944153e+04 3.645404e+04 -1.710217e+04 4.673486e+05
2.629494e-01 1.253444e+06 1.523575e+04 8.423268e+02 -9.847513e+03 3.884936e+05
2.635781e-01 1.244648e+06 8.569469e+03 -4.132411e+04 -3.023422e+03 3.047185e+05
2.642065e-01 1.241112e+06 5.874318e+03 -7.461450e+04 -2.509492e+03 2.284331e+05
2.648347e-01 1.239545e+06 9.948338e+03 -9.958569e+04 -5.410506e+03 1.699887e+05
2.654637e-01 1.236351e+06 1.606118e+04 -1.061069e+05 -1.597769e+04 1.455980e+05
2.660924e-01 1.233476e+06 1.900623e+04 -9.704594e+04 -2.126238e+04 1.530239e+05
2.667201e-01 1.231622e+06 1.721808e+04 -6.693628e+04 -2.045022e+04 1.810465e+05
2.673488e-01 1.234875e+06 1.540607e+04 -2.621749e+04 -1.222209e+04 2.309707e+05
2.679778e-01 1.240198e+06 1.264461e+04 1.851371e+04 -2.807143e+03 2.953554e+05
2.686062e-01 1.249443e+06 8.819354e+03 5.922723e+04 4.862897e+03 3.669098e+05
2.692341e-01 1.259520e+06 5.898696e+03 9.296212e+04 1.210633e+04 4.346249e+05
2.698620e-01 1.270335e+06 6.839558e+03 1.209709e+05 1.036257e+04 4.817104e+05
2.704897e-01 1.276367e+06 1.023587e+04 1.336002e+05 3.233056e+03 5.150449e+05
2.711178e-01 1.275923e+06 1.437758e+04 1.359832e+05 -1.867686e+03 5.194980e+05
2.717462e-01 1.271138e+06 1.573186e+04 1.268580e+05 -5.230886e+03 4.995507e+05
2.723748e-01 1.263935e+06 1.532698e+04 1.050513e+05 -3.282978e+03 4.547513e+05
2.730040e-01 1.255145e+06 1.478673e+04 7.201823e+04 8.198322e+02 3.845587e+05
2.736320e-01 1.244906e+06 1.342907e+04 3.052359e+04 9.349205e+02 3.182049e+05
2.742595e-01 1.238258e+06 9.345700e+03 -1.219933e+04 3.488053e+03 2.446759e+05
2.748883e-01 1.232394e+06 6.517540e+03 -4.655120e+04 4.975223e+03 1.816416e+05
2.755167e-01 1.230947e+06 1.000863e+04 -7.382334e+04 1.059718e+03 1.342250e+05
2.761449e-01 1.227976e+06 1.304974e+04 -8.693353e+04 7.417365e+02 1.171174e+05
2.767736e-01 1.226035e+06 1.446114e+04 -8.763130e+04 1.038574e+03 1.287260e+05
2.774020e-01 1.228115e+06 1.241444e+04 -7.294856e+04 8.181539e+03 1.616440e+05
2.780301e-01 1.232077e+06 1.052103e+04 -5.023833e+04 1.019618e+04 2.081993e+05
2.786580e-01 1.239470e+06 1.066042e+04 -1.758225e+04 7.459548e+03 2.641043e+05
2.792860e-01 1.246929e+06 1.372999e+04 1.817366e+04 -3.436452e+03 3.280233e+05
2.799146e-01 1.251192e+06 1.443886e+04 5.148384e+04 -3.327620e+03 3.978728e+05
2.805434e-01 1.256017e+06 1.279321e+04 7.653878e+04 1.126763e+03 4.534233e+05
2.811718e-01 1.259782e+06 6.093914e+03 8.547497e+04 1.107458e+04 4.826817e+05
2.817991e-01 1.266246e+06 3.919180e+03 9.005062e+04 1.076459e+04 4.763812e+05
2.824272e-01 1.266785e+06 1.151253e+04 8.203958e+04 4.513657e+03 4.514619e+05
2.830565e-01 1.259525e+06 2.072597e+04 5.985486e+04 -4.813573e+03 4.221250e+05
2.836849e-01 1.247367e+06 2.171921e+04 3.080979e+04 -3.404490e+03 3.830846e+05
2.843133e-01 1.235239e+06 1.495592e+04 3.744934e+02 -2.082569e+03 3.295420e+05
2.849417e-01 1.228104e+06 1.136344e+04 -2.897803e+04 4.641854e+03 2.655344e+05
2.855699e-01 1.222152e+06 1.290361e+04 -5.667263e+04 4.684924e+03 2.156087e+05
2.861980e-01 1.216522e+06 1.420638e+04 -7.869456e+04 6.604218e+02 1.805800e+05
2.868264e-01 1.214013e+06 1.229649e+04 -8.978192e+04 -2.611885e+03 1.644535e+05
2.874550e-01 1.215024e+06 1.142183e+04 -8.491273e+04 -7.951121e+03 1.625222e+05
2.880834e-01 1.217697e+06 1.306856e+04 -6.510899e+04 -1.475142e+04 1.785169e+05
2.887116e-01 1.220596e+06 1.574820e+04 -3.920321e+04 -1.457447e+04 2.182137e+05
2.893396e-01 1.224745e+06 1.409454e+04 -6.976401e+03 -7.963704e+03 2.712092e+05
2.899676e-01 1.230532e+06 9.775824e+03 2.343634e+04 2.822794e+03 3.265127e+05
2.905957e-01 1.239137e+06 6.726874e+03 5.100182e+04 1.076846e+04 3.699136e+05
2.912243e-01 1.247105e+06 9.175100e+03 7.039266e+04 1.289717e+04 4.043352e+05
2.918528e-01 1.250668e+06 1.315036e+04 7.945362e+04 9.457400e+03 4.335500e+05
2.924811e-01 1.250341e+06 1.447094e+04 7.951909e+04 4.695599e+03 4.487929e+05
2.931098e-01 1.247357e+06 1.203469e+04 6.506779e+04 4.984115e+03 4.413308e+05
2.937380e-01 1.246295e+06 9.778573e+03 4.653781e+04 4.240814e+03 4.069698e+05
2.943663e-01 1.243027e+06 1.005845e+04 2.189875e+04 1.346340e+03 3.546029e+05
2.949950e-01 1.238090e+06 1.392759e+04 -5.054895e+03 -7.304683e+03 2.951251e+05
2.956230e-01 1.230728e+06 1.616064e+04 -3.476544e+04 -1.019822e+04 2.458214e+05
2.962512e-01 1.223229e+06 1.512225e+04 -5.764673e+04 -1.056278e+04 1.968515e+05
2.968799e-01 1.220085e+06 1.178848e+04 -7.394118e+04 -8.930096e+03 1.566903e+05
2.975081e-01 1.218462e+06 1.123387e+04 -7.966177e+04 -3.436903e+03 1.318517e+05
2.981363e-01 1.219628e+06 1.356310e+04 -8.064771e+04 -2.675073e+03 1.250935e+05
2.987649e-01 1.221041e+06 1.258209e+04 -7.170032e+04 -3.851854e+03 1.390369e+05
2.993933e-01 1.224467e+06 1.282484e+04 -4.933761e+04 -6.148981e+03 1.607102e+05
3.000210e-01 1.228554e+06 1.520238e+04 -2.403610e+04 -1.014947e+04 1.980452e+05
3.006489e-01 1.230390e+06 1.739417e+04 3.123985e+03 -7.045613e+03 2.433374e+05
3.012772e-01 1.233099e+06 1.546257e+04 2.727546e+04 -4.801639e+03 2.816606e+05
3.019055e-01 1.235608e+06 1.215367e+04 4.507382e+04 1.026054e+03 3.107006e+05
3.025339e-01 1.238836e+06 1.341806e+04 5.729590e+04 1.362062e+03 3.215981e+05
3.031628e-01 1.238180e+06 1.498159e+04 5.852905e+04 -5.081710e+02 3.239103e+05
3.037913e-01 1.233788e+06 1.525163e+04 5.056757e+04 -3.750449e+03 3.101617e+05
3.044197e-01 1.230188e+06 1.430186e+04 3.681409e+04 -2.000015e+03 2.829408e+05
3.050478e-01 1.225245e+06 1.477900e+04 1.910291e+04 -3.659940e+03 2.409392e+05
3.056758e-01 1.218308e+06 1.675629e+04 -1.589177e+03 -5.942312e+03 1.919673e+05
3.063043e-01 1.210015e+06 1.891387e+04 -2.036884e+04 -1.202250e+04 1.496247e+05
3.069326e-01 1.202656e+06 1.821849e+04 -3.588912e+04 -1.143163e+04 1.207638e+05
3.075614e-01 1.197844e+06 1.343468e+04 -4.716658e+04 -1.947932e+03 1.023999e+05
3.081897e-01 1.199108e+06 5.956438e+03 -5.376898e+04 9.850561e+03 9.274674e+04
3.088177e-01 1.206107e+06 1.167915e+03 -5.510962e+04 1.643827e+04 9.412894e+04
3.094460e-01 1.216867e+06 2.806361e+03 -4.641244e+04 1.364289e+04 1.066559e+05
3.100746e-01 1.224869e+06 1.059416e+04 -3.240627e+04 1.807226e+03 1.379942e+05
3.107034e-01 1.229559e+06 1.894288e+04 -1.033921e+04 -1.147643e+04 1.817313e+05
3.113314e-01 1.230132e+06 2.169616e+04 1.608670e+04 -1.615880e+04 2.322772e+05
3.119592e-01 1.229771e+06 1.853148e+04 4.362055e+04 -1.138424e+04 2.729569e+05
3.125877e-01 1.230261e+06 1.532493e+04 6.441348e+04 2.104390e+02 3.012258e+05
3.132162e-01 1.231586e+06 1.269344e+04 7.007612e+04 1.144627e+04 3.138620e+05
3.138441e-01 1.232790e+06 1.099783e+04 6.720276e+04 1.540646e+04 3.131258e+05
3.144726e-01 1.232844e+06 1.012858e+04 5.301853e+04 1.352018e+04 3.005055e+05
3.151006e-01 1.231348e+06 1.092434e+04 3.483520e+04 7.916853e+03 2.759344e+05
3.157285e-01 1.227819e+06 1.226782e+04 8.252098e+03 4.373466e+03 2.414000e+05
3.163571e-01 1.223894e+06 1.269357e+04 -1.736630e+04 -1.100369e+03 2.011139e+05
3.169854e-01 1.220582e+06 1.126201e+04 -3.896805e+04 -1.809861e+03 1.619973e+05
3.176141e-01 1.217891e+06 1.233407e+04 -5.834786e+04 -3.070937e+03 1.230472e+05
3.182425e-01 1.215688e+06 1.439874e+04 -7.059524e+04 -4.243977e+03 9.413241e+04
3.188706e-01 1.213272e+06 1.622347e+04 -7.441917e+04 -6.875601e+03 8.290416e+04
3.194993e-01 1.213090e+06 1.642287e+04 -6.915754e+04 -9.744074e+03 8.773887e+04
3.201278e-01 1.211904e+06 1.679245e+04 -5.578453e+04 -6.282895e+03 1.072650e+05
3.207553e-01 1.214374e+06 1.425829e+04 -3.750704e+04 -3.037989e+03 1.354741e+05
3.213837e-01 1.219696e+06 1.613467e+04 -9.402864e+03 -1.485974e+03 1.724348e+05
