# k, q0, q1/i, q2, q3/i, q4, norm, alpha = 0.0002880149094117968, 0.019180352441928786
5.385587e-04 3.088167e+07 8.045946e+06 -3.976403e+05 1.155228e+06 -1.829143e+07
1.034961e-03 2.539350e+07 1.279807e+07 7.776420e+05 1.464284e+06 1.864128e+06
1.650345e-03 1.657579e+07 1.269622e+07 2.859138e+06 3.783844e+06 -6.544824e+05
2.219461e-03 9.969262e+06 8.519293e+06 5.037614e+06 7.557838e+06 -4.357064e+06
2.824187e-03 5.347024e+06 4.023788e+06 7.419736e+06 9.532297e+06 -4.934216e+06
3.476178e-03 3.081289e+06 1.210247e+06 7.775311e+06 9.724207e+06 -5.152195e+06
4.066840e-03 2.005803e+06 4.555768e+05 6.393768e+06 7.883586e+06 -3.680075e+06
4.679538e-03 1.305291e+06 1.127102e+05 4.689878e+06 5.176327e+06 -9.750768e+05
5.338852e-03 8.285553e+05 -7.324262e+04 3.103860e+06 2.907841e+06 8.183702e+05
5.972931e-03 5.594170e+05 -1.731960e+05 2.134367e+06 1.565994e+06 1.437787e+06
6.592959e-03 3.802843e+05 -1.375327e+05 1.413204e+06 8.702283e+05 1.271460e+06
7.211547e-03 2.627843e+05 -1.031655e+05 9.553496e+05 4.290866e+05 1.125337e+06
7.844333e-03 1.505796e+05 -7.816901e+04 5.509475e+05 1.847696e+05 7.889617e+05
8.479886e-03 9.316140e+04 -7.551909e+04 3.300655e+05 6.156179e+04 5.431639e+05
9.100686e-03 5.859255e+04 -5.707979e+04 1.863523e+05 2.127546e+04 3.209729e+05
9.724355e-03 3.757579e+04 -3.628306e+04 9.315401e+04 -1.660532e+03 1.740968e+05
1.035816e-02 2.279864e+04 -1.962015e+04 3.476865e+04 -1.226311e+04 8.519884e+04
1.099013e-02 1.386533e+04 -8.079601e+03 3.888303e+03 -1.105744e+04 3.587337e+04
1.161954e-02 9.421555e+03 -2.295044e+03 -4.078144e+03 -2.559615e+03 1.528161e+04
1.224543e-02 7.387064e+03 1.470546e+03 -4.014484e+03 6.520943e+03 7.089653e+03
1.287347e-02 7.058325e+03 3.349389e+03 1.120508e+03 1.294799e+04 9.126745e+03
1.350110e-02 7.484938e+03 4.249629e+03 7.011764e+03 1.597755e+04 1.612057e+04
1.412539e-02 7.719229e+03 4.223919e+03 1.291645e+04 1.645470e+04 2.483408e+04
1.475576e-02 7.670576e+03 3.329880e+03 1.717366e+04 1.464749e+04 3.251028e+04
1.538306e-02 7.363055e+03 2.168248e+03 1.949128e+04 1.242541e+04 3.678568e+04
1.601201e-02 6.768875e+03 8.915011e+02 1.950808e+04 9.105333e+03 3.762987e+04
1.664797e-02 6.070086e+03 -2.533127e+00 1.847938e+04 6.559385e+03 3.608533e+04
1.727684e-02 5.128751e+03 -8.138800e+02 1.584252e+04 3.499940e+03 3.225701e+04
1.790148e-02 4.190378e+03 -1.317346e+03 1.259041e+04 1.247781e+03 2.729346e+04
1.852764e-02 3.315814e+03 -1.560851e+03 9.465060e+03 -2.088709e+02 2.157890e+04
1.915179e-02 2.582068e+03 -1.489465e+03 6.395449e+03 -9.475132e+02 1.616507e+04
1.978148e-02 1.886522e+03 -1.251635e+03 3.739620e+03 -1.304945e+03 1.108422e+04
2.041144e-02 1.396339e+03 -9.375275e+02 1.640106e+03 -1.221230e+03 7.219598e+03
2.104337e-02 1.018245e+03 -5.957894e+02 3.631848e+02 -8.365790e+02 4.456243e+03
2.167611e-02 8.049388e+02 -2.635357e+02 -3.467716e+02 -2.655731e+02 2.772316e+03
2.230308e-02 7.104103e+02 1.342080e+01 -5.089680e+02 3.161985e+02 2.063758e+03
2.292974e-02 6.981081e+02 2.071009e+02 -2.746234e+02 8.016975e+02 2.080088e+03
2.355539e-02 7.434528e+02 3.299991e+02 1.789746e+02 1.133511e+03 2.598425e+03
2.418150e-02 8.075511e+02 3.753726e+02 7.356364e+02 1.299659e+03 3.384227e+03
2.480946e-02 8.649424e+02 3.576115e+02 1.266142e+03 1.309730e+03 4.175465e+03
2.543879e-02 9.054504e+02 2.789206e+02 1.688782e+03 1.152525e+03 4.857459e+03
2.606741e-02 9.014960e+02 1.856047e+02 1.940132e+03 9.795785e+02 5.202136e+03
2.669501e-02 8.801192e+02 6.166014e+01 2.020888e+03 6.823732e+02 5.346233e+03
2.732628e-02 8.100443e+02 -5.215661e+01 1.878960e+03 3.940286e+02 5.045206e+03
2.795771e-02 7.326478e+02 -1.383061e+02 1.640939e+03 1.366499e+02 4.583998e+03
2.858621e-02 6.347968e+02 -1.875269e+02 1.301451e+03 -6.806831e+01 3.932138e+03
2.921223e-02 5.313389e+02 -2.117787e+02 8.981637e+02 -2.143298e+02 3.175888e+03
2.983725e-02 4.357386e+02 -2.081369e+02 5.273744e+02 -2.832174e+02 2.461192e+03
3.046693e-02 3.482772e+02 -1.746626e+02 2.070536e+02 -2.725888e+02 1.785873e+03
3.109608e-02 2.837634e+02 -1.256199e+02 -3.533257e+01 -2.104058e+02 1.268104e+03
3.172270e-02 2.369535e+02 -6.743610e+01 -1.903129e+02 -1.123741e+02 9.002060e+02
3.235285e-02 2.082208e+02 -1.236494e+01 -2.440023e+02 -4.080890e+00 7.012023e+02
3.298394e-02 1.999518e+02 3.366599e+01 -2.107347e+02 1.048849e+02 6.623622e+02
3.361458e-02 2.030909e+02 7.069328e+01 -1.092827e+02 1.984241e+02 7.387386e+02
3.424083e-02 2.166147e+02 8.925809e+01 1.748499e+01 2.557914e+02 9.035944e+02
3.486711e-02 2.322718e+02 9.508386e+01 1.584451e+02 2.834120e+02 1.093992e+03
3.549614e-02 2.466343e+02 8.324221e+01 2.933509e+02 2.733610e+02 1.289564e+03
3.612198e-02 2.559737e+02 6.211512e+01 3.896263e+02 2.375564e+02 1.430981e+03
3.674992e-02 2.574338e+02 3.475417e+01 4.539523e+02 1.806797e+02 1.511518e+03
3.737802e-02 2.514515e+02 5.283831e+00 4.649729e+02 1.125336e+02 1.513051e+03
3.800827e-02 2.364238e+02 -2.022323e+01 4.383006e+02 4.380025e+01 1.440829e+03
3.863754e-02 2.141391e+02 -4.046291e+01 3.645128e+02 -1.786574e+01 1.294662e+03
3.926550e-02 1.876334e+02 -5.377291e+01 2.778529e+02 -6.530906e+01 1.112716e+03
3.989588e-02 1.592619e+02 -5.889349e+01 1.762483e+02 -9.243800e+01 9.050709e+02
4.052254e-02 1.328954e+02 -5.623273e+01 7.872406e+01 -9.967564e+01 7.028896e+02
4.115124e-02 1.096786e+02 -4.538665e+01 -4.521940e+00 -8.760674e+01 5.213893e+02
4.177955e-02 9.266304e+01 -3.159455e+01 -6.509341e+01 -6.338370e+01 3.841425e+02
4.240547e-02 8.100718e+01 -1.386080e+01 -9.622901e+01 -2.794056e+01 2.939745e+02
4.303621e-02 7.523574e+01 3.398556e+00 -1.020667e+02 9.443049e+00 2.540185e+02
4.366615e-02 7.471783e+01 1.808744e+01 -8.109200e+01 4.484531e+01 2.628794e+02
4.429168e-02 7.771021e+01 2.836765e+01 -4.116613e+01 7.390743e+01 3.055413e+02
4.491727e-02 8.403180e+01 3.398425e+01 9.275076e+00 9.270471e+01 3.750297e+02
4.554613e-02 9.099824e+01 3.390411e+01 6.095305e+01 9.917551e+01 4.514747e+02
4.617836e-02 9.680244e+01 2.973431e+01 1.097476e+02 9.451277e+01 5.216129e+02
4.680927e-02 1.014760e+02 2.158847e+01 1.473849e+02 7.870031e+01 5.789180e+02
4.743756e-02 1.018504e+02 1.175857e+01 1.680628e+02 5.733037e+01 6.038149e+02
4.806661e-02 1.002804e+02 9.259293e-01 1.713853e+02 3.068704e+01 6.053784e+02
4.869280e-02 9.480833e+01 -8.637941e+00 1.587974e+02 6.317667e+00 5.749145e+02
4.931779e-02 8.694606e+01 -1.679557e+01 1.349490e+02 -1.585034e+01 5.230860e+02
4.994581e-02 7.714129e+01 -2.153718e+01 9.962556e+01 -3.098242e+01 4.503549e+02
5.057480e-02 6.720275e+01 -2.338923e+01 6.017287e+01 -3.996820e+01 3.719614e+02
5.120302e-02 5.736201e+01 -2.205192e+01 2.259932e+01 -4.184996e+01 2.939260e+02
5.183209e-02 4.830837e+01 -1.773575e+01 -9.180223e+00 -3.535014e+01 2.233010e+02
5.246116e-02 4.198449e+01 -1.178780e+01 -3.279015e+01 -2.482251e+01 1.720755e+02
5.308896e-02 3.770987e+01 -4.864788e+00 -4.504441e+01 -1.030606e+01 1.389890e+02
5.371721e-02 3.559865e+01 1.857321e+00 -4.645233e+01 5.247396e+00 1.256319e+02
5.434780e-02 3.568010e+01 7.649649e+00 -3.662210e+01 1.965064e+01 1.313999e+02
5.497604e-02 3.768670e+01 1.180801e+01 -2.022225e+01 3.116270e+01 1.525077e+02
5.560013e-02 4.032322e+01 1.399999e+01 4.706292e-01 3.756207e+01 1.809232e+02
5.622954e-02 4.350334e+01 1.413681e+01 2.313658e+01 3.969938e+01 2.145229e+02
5.686173e-02 4.617369e+01 1.224097e+01 4.324846e+01 3.651173e+01 2.450579e+02
5.748940e-02 4.772046e+01 8.811987e+00 5.873461e+01 2.940520e+01 2.671071e+02
5.811669e-02 4.793485e+01 4.307731e+00 6.685864e+01 1.984799e+01 2.775217e+02
5.874554e-02 4.694447e+01 -4.174516e-01 6.860323e+01 9.171437e+00 2.765506e+02
5.937282e-02 4.451439e+01 -4.962725e+00 6.220806e+01 -1.783340e+00 2.619483e+02
6.000021e-02 4.094196e+01 -8.261564e+00 5.020130e+01 -1.025741e+01 2.362969e+02
6.062750e-02 3.687945e+01 -1.048801e+01 3.443926e+01 -1.685044e+01 2.047443e+02
6.125597e-02 3.253569e+01 -1.103610e+01 1.630632e+01 -1.984908e+01 1.693687e+02
6.188682e-02 2.819533e+01 -1.000377e+01 -6.727389e-01 -1.931393e+01 1.341693e+02
6.251462e-02 2.465490e+01 -7.945549e+00 -1.530125e+01 -1.577558e+01 1.047845e+02
6.314049e-02 2.201544e+01 -4.951554e+00 -2.502856e+01 -9.930063e+00 8.287095e+01
6.377015e-02 2.020544e+01 -1.639904e+00 -2.917049e+01 -2.700521e+00 6.948930e+01
6.439971e-02 1.982777e+01 1.851258e+00 -2.853923e+01 5.028062e+00 6.688570e+01
6.502803e-02 2.020747e+01 4.676786e+00 -2.256328e+01 1.184907e+01 7.269384e+01
6.565852e-02 2.143593e+01 6.752381e+00 -1.291174e+01 1.720749e+01 8.586592e+01
6.628652e-02 2.300532e+01 7.692439e+00 -1.184245e+00 2.006193e+01 1.028448e+02
6.691319e-02 2.472777e+01 7.591986e+00 1.072512e+01 2.072780e+01 1.211789e+02
6.754195e-02 2.623215e+01 6.480630e+00 2.162650e+01 1.891918e+01 1.378681e+02
6.816923e-02 2.719249e+01 4.488866e+00 2.968881e+01 1.504766e+01 1.497345e+02
6.879707e-02 2.756598e+01 2.161810e+00 3.437173e+01 9.808908e+00 1.561054e+02
6.942589e-02 2.713071e+01 -2.970319e-01 3.483973e+01 3.970971e+00 1.551729e+02
7.005350e-02 2.592919e+01 -2.671772e+00 3.164105e+01 -2.074131e+00 1.475759e+02
7.068149e-02 2.409857e+01 -4.440057e+00 2.526433e+01 -6.797150e+00 1.342744e+02
7.131092e-02 2.182925e+01 -5.564376e+00 1.684567e+01 -1.004319e+01 1.168238e+02
7.194060e-02 1.936270e+01 -5.994215e+00 7.219352e+00 -1.177351e+01 9.729139e+01
7.256947e-02 1.703723e+01 -5.596892e+00 -2.070543e+00 -1.150858e+01 7.818700e+01
7.319738e-02 1.499824e+01 -4.495786e+00 -9.861946e+00 -9.631963e+00 6.137887e+01
7.382604e-02 1.347865e+01 -2.925695e+00 -1.554126e+01 -6.601427e+00 4.874102e+01
7.445392e-02 1.247768e+01 -1.089894e+00 -1.837462e+01 -2.848724e+00 4.094665e+01
7.507965e-02 1.206568e+01 7.396069e-01 -1.833195e+01 1.169870e+00 3.848183e+01
7.570782e-02 1.209161e+01 2.282539e+00 -1.540800e+01 4.879189e+00 4.063100e+01
7.633697e-02 1.261668e+01 3.382423e+00 -1.063727e+01 7.784513e+00 4.678900e+01
7.696614e-02 1.334885e+01 3.931870e+00 -4.573555e+00 9.562434e+00 5.523075e+01
7.759521e-02 1.419498e+01 3.947523e+00 1.738481e+00 1.012346e+01 6.457336e+01
7.822404e-02 1.496121e+01 3.325907e+00 7.345214e+00 9.208620e+00 7.306937e+01
7.885455e-02 1.549417e+01 2.332033e+00 1.176804e+01 7.325927e+00 7.941083e+01
7.948034e-02 1.572378e+01 1.144861e+00 1.417241e+01 4.589289e+00 8.266863e+01
8.010544e-02 1.546033e+01 -8.474857e-02 1.482187e+01 1.505991e+00 8.219154e+01
8.073519e-02 1.481762e+01 -1.240060e+00 1.339237e+01 -1.457613e+00 7.837185e+01
8.136420e-02 1.381458e+01 -2.195203e+00 1.023326e+01 -4.076700e+00 7.129032e+01
8.199246e-02 1.265769e+01 -2.715801e+00 6.057472e+00 -5.615136e+00 6.243380e+01
8.262013e-02 1.138298e+01 -2.883666e+00 1.487089e+00 -6.333786e+00 5.262293e+01
8.325004e-02 1.012683e+01 -2.610684e+00 -3.026295e+00 -6.034707e+00 4.279771e+01
8.388076e-02 9.070049e+00 -2.005733e+00 -6.677758e+00 -4.690527e+00 3.463950e+01
8.450772e-02 8.310137e+00 -1.200475e+00 -9.124943e+00 -2.781973e+00 2.866059e+01
8.513407e-02 7.913846e+00 -2.406035e-01 -1.010038e+01 -5.573100e-01 2.547344e+01
8.576290e-02 7.833500e+00 7.317255e-01 -9.533710e+00 1.720311e+00 2.510429e+01
8.639170e-02 8.026137e+00 1.548259e+00 -7.569593e+00 3.623715e+00 2.741642e+01
8.701933e-02 8.396089e+00 2.109985e+00 -4.495081e+00 4.999740e+00 3.156198e+01
8.764729e-02 8.926673e+00 2.354585e+00 -9.490630e-01 5.768340e+00 3.700660e+01
8.827546e-02 9.386956e+00 2.233644e+00 2.831878e+00 5.626948e+00 4.236616e+01
8.890360e-02 9.859135e+00 1.851116e+00 5.963260e+00 4.934497e+00 4.728772e+01
8.953185e-02 1.008659e+01 1.218526e+00 8.364886e+00 3.534153e+00 5.050236e+01
9.016049e-02 1.012787e+01 4.542090e-01 9.541079e+00 1.777784e+00 5.182701e+01
9.078921e-02 9.928411e+00 -3.303478e-01 9.419354e+00 -1.224332e-01 5.095478e+01
9.141859e-02 9.395260e+00 -1.055265e+00 8.271520e+00 -1.932611e+00 4.768141e+01
9.204760e-02 8.771229e+00 -1.591484e+00 5.968951e+00 -3.337741e+00 4.295976e+01
9.267535e-02 7.968712e+00 -1.914802e+00 3.151756e+00 -4.243487e+00 3.679569e+01
9.330406e-02 7.143136e+00 -1.970919e+00 2.188980e-02 -4.519559e+00 3.031663e+01
9.393390e-02 6.381716e+00 -1.779599e+00 -2.979214e+00 -4.195279e+00 2.406039e+01
9.456102e-02 5.746861e+00 -1.372849e+00 -5.450501e+00 -3.306736e+00 1.886719e+01
9.518740e-02 5.298329e+00 -8.350482e-01 -7.053037e+00 -2.053486e+00 1.513652e+01
9.581568e-02 5.033585e+00 -2.047574e-01 -7.729930e+00 -5.962870e-01 1.304931e+01
9.644552e-02 5.006974e+00 4.124844e-01 -7.455321e+00 8.456681e-01 1.285686e+01
9.707482e-02 5.118114e+00 9.422842e-01 -6.214036e+00 2.057775e+00 1.423741e+01
9.770146e-02 5.356432e+00 1.295049e+00 -4.371451e+00 2.910658e+00 1.682900e+01
9.832882e-02 5.681880e+00 1.448969e+00 -2.172138e+00 3.337859e+00 2.020118e+01
9.895640e-02 5.994917e+00 1.398878e+00 1.169403e-01 3.313961e+00 2.360523e+01
9.958504e-02 6.273018e+00 1.145980e+00 2.067562e+00 2.790961e+00 2.660087e+01
1.002139e-01 6.421992e+00 7.944601e-01 3.569798e+00 1.969955e+00 2.864161e+01
1.008411e-01 6.417408e+00 3.429458e-01 4.325710e+00 9.102319e-01 2.947933e+01
1.014708e-01 6.255311e+00 -1.508863e-01 4.315175e+00 -2.300989e-01 2.895584e+01
1.021003e-01 5.961913e+00 -5.933017e-01 3.621916e+00 -1.207275e+00 2.715888e+01
1.027279e-01 5.580416e+00 -9.254661e-01 2.316401e+00 -1.935039e+00 2.434791e+01
1.033572e-01 5.141181e+00 -1.115430e+00 6.650999e-01 -2.350058e+00 2.084526e+01
1.039858e-01 4.708151e+00 -1.126232e+00 -1.159438e+00 -2.391568e+00 1.717882e+01
1.046130e-01 4.336421e+00 -9.791853e-01 -2.861223e+00 -2.122217e+00 1.380381e+01
1.052407e-01 4.047361e+00 -6.754351e-01 -4.108235e+00 -1.532112e+00 1.115470e+01
1.058684e-01 3.873671e+00 -2.836056e-01 -4.880316e+00 -7.211232e-01 9.520304e+00
1.064969e-01 3.809319e+00 1.249381e-01 -5.004345e+00 2.190530e-01 8.969804e+00
1.071273e-01 3.872215e+00 5.089062e-01 -4.434927e+00 1.121673e+00 9.549949e+00
1.077558e-01 4.027510e+00 8.215107e-01 -3.324447e+00 1.854935e+00 1.104140e+01
1.083828e-01 4.237901e+00 1.025569e+00 -1.830586e+00 2.308813e+00 1.323369e+01
1.090114e-01 4.463023e+00 1.095519e+00 -1.633609e-01 2.467895e+00 1.580516e+01
1.096397e-01 4.668732e+00 9.967450e-01 1.455925e+00 2.331427e+00 1.828527e+01
1.102684e-01 4.849333e+00 7.561150e-01 2.779429e+00 1.920682e+00 2.040646e+01
1.108970e-01 4.941589e+00 4.293840e-01 3.662642e+00 1.309552e+00 2.170049e+01
1.115233e-01 4.961321e+00 6.529815e-02 3.993439e+00 5.498703e-01 2.210962e+01
1.121508e-01 4.873374e+00 -2.943699e-01 3.767136e+00 -2.574742e-01 2.151313e+01
1.127798e-01 4.685446e+00 -5.847731e-01 3.007911e+00 -9.954859e-01 2.001122e+01
1.134097e-01 4.415685e+00 -7.896348e-01 1.831095e+00 -1.575099e+00 1.777395e+01
1.140373e-01 4.091833e+00 -8.915572e-01 4.793681e-01 -1.888246e+00 1.514138e+01
1.146647e-01 3.772171e+00 -8.837909e-01 -9.575592e-01 -1.913446e+00 1.240838e+01
1.152948e-01 3.479951e+00 -7.576444e-01 -2.236463e+00 -1.660854e+00 9.852931e+00
1.159235e-01 3.249437e+00 -5.265951e-01 -3.243910e+00 -1.188676e+00 7.829303e+00
1.165517e-01 3.103832e+00 -2.267270e-01 -3.807511e+00 -5.718181e-01 6.581347e+00
1.171799e-01 3.029526e+00 8.211526e-02 -3.888834e+00 1.175769e-01 6.149043e+00
1.178092e-01 3.047211e+00 3.657874e-01 -3.513252e+00 7.913622e-01 6.552661e+00
1.184382e-01 3.153145e+00 5.819355e-01 -2.740261e+00 1.339318e+00 7.650457e+00
1.190649e-01 3.320521e+00 7.246266e-01 -1.684566e+00 1.712794e+00 9.272651e+00
1.196918e-01 3.517178e+00 7.740935e-01 -4.915246e-01 1.846392e+00 1.114322e+01
1.203206e-01 3.709010e+00 7.275451e-01 6.430885e-01 1.761048e+00 1.303673e+01
1.209492e-01 3.871204e+00 5.783183e-01 1.591780e+00 1.476954e+00 1.463029e+01
1.215770e-01 3.983686e+00 3.559538e-01 2.272209e+00 1.030019e+00 1.570832e+01
1.222060e-01 4.023070e+00 1.156300e-01 2.593963e+00 5.101409e-01 1.612085e+01
1.228351e-01 3.975605e+00 -1.153421e-01 2.521254e+00 -8.536274e-02 1.579781e+01
1.234639e-01 3.841927e+00 -3.061859e-01 2.090197e+00 -6.066218e-01 1.487356e+01
1.240910e-01 3.645691e+00 -4.584782e-01 1.395985e+00 -9.970171e-01 1.348832e+01
1.247182e-01 3.408346e+00 -5.483738e-01 5.517434e-01 -1.197896e+00 1.175861e+01
1.253470e-01 3.176976e+00 -5.540852e-01 -3.748402e-01 -1.203125e+00 9.905204e+00
1.259754e-01 2.969912e+00 -4.839434e-01 -1.209666e+00 -1.033928e+00 8.233355e+00
1.266036e-01 2.805551e+00 -3.469773e-01 -1.883982e+00 -7.181584e-01 6.888871e+00
1.272319e-01 2.714570e+00 -1.698961e-01 -2.291422e+00 -2.945913e-01 6.097558e+00
1.278607e-01 2.686163e+00 2.760122e-02 -2.386637e+00 1.795341e-01 5.816614e+00
1.284890e-01 2.728963e+00 2.095695e-01 -2.182206e+00 6.184506e-01 6.119678e+00
1.291182e-01 2.819580e+00 3.649916e-01 -1.708534e+00 9.621730e-01 6.887130e+00
1.297470e-01 2.943021e+00 4.608825e-01 -1.031147e+00 1.181545e+00 7.992597e+00
1.303744e-01 3.070800e+00 4.944806e-01 -2.632094e-01 1.239219e+00 9.237040e+00
1.310022e-01 3.192612e+00 4.594748e-01 4.631208e-01 1.151398e+00 1.044450e+01
1.316312e-01 3.281319e+00 3.577127e-01 1.108379e+00 9.223492e-01 1.146038e+01
1.322597e-01 3.325861e+00 2.051645e-01 1.512243e+00 6.005697e-01 1.207293e+01
1.328871e-01 3.329367e+00 3.103840e-02 1.658058e+00 2.165309e-01 1.224467e+01
1.335151e-01 3.283720e+00 -1.411574e-01 1.553272e+00 -1.698885e-01 1.193010e+01
1.341448e-01 3.189014e+00 -2.838617e-01 1.187953e+00 -5.296335e-01 1.117041e+01
1.347734e-01 3.057324e+00 -3.773157e-01 6.287516e-01 -7.869303e-01 1.007148e+01
1.354003e-01 2.899786e+00 -4.262516e-01 -4.035420e-02 -9.347691e-01 8.777642e+00
1.360284e-01 2.745154e+00 -4.152427e-01 -7.332926e-01 -9.214160e-01 7.463017e+00
1.366568e-01 2.610823e+00 -3.610887e-01 -1.361313e+00 -7.764880e-01 6.264485e+00
1.372858e-01 2.504707e+00 -2.602241e-01 -1.850245e+00 -5.272025e-01 5.289853e+00
1.379142e-01 2.448945e+00 -1.256570e-01 -2.138551e+00 -2.173813e-01 4.690938e+00
1.385416e-01 2.425411e+00 2.207975e-02 -2.189430e+00 1.009578e-01 4.473664e+00
1.391708e-01 2.442529e+00 1.679087e-01 -2.032275e+00 3.927862e-01 4.671985e+00
1.397994e-01 2.489864e+00 2.754632e-01 -1.675192e+00 6.172507e-01 5.207117e+00
1.404273e-01 2.552342e+00 3.331998e-01 -1.184367e+00 7.418781e-01 5.948820e+00
1.410561e-01 2.628893e+00 3.504634e-01 -6.448701e-01 7.874722e-01 6.779279e+00
1.416844e-01 2.700257e+00 3.149389e-01 -1.213645e-01 7.115108e-01 7.579428e+00
1.423121e-01 2.747293e+00 2.380605e-01 2.866794e-01 5.377918e-01 8.189379e+00
1.429401e-01 2.766508e+00 1.335900e-01 5.694678e-01 3.162796e-01 8.556378e+00
1.435692e-01 2.758007e+00 1.583605e-02 6.489439e-01 6.080341e-02 8.603807e+00
1.441983e-01 2.706559e+00 -9.854458e-02 5.524144e-01 -1.866405e-01 8.323705e+00
1.448262e-01 2.636750e+00 -2.006287e-01 2.772920e-01 -3.845506e-01 7.762568e+00
1.454539e-01 2.550400e+00 -2.637483e-01 -1.210458e-01 -5.057938e-01 7.003920e+00
1.460823e-01 2.461356e+00 -2.874846e-01 -5.785889e-01 -5.639532e-01 6.140249e+00
1.467115e-01 2.372084e+00 -2.590874e-01 -1.022465e+00 -5.180401e-01 5.286477e+00
1.473399e-01 2.300419e+00 -1.875968e-01 -1.382558e+00 -4.116200e-01 4.560989e+00
1.479676e-01 2.246935e+00 -8.147017e-02 -1.612431e+00 -2.341466e-01 4.084648e+00
1.485964e-01 2.213201e+00 4.071264e-02 -1.653650e+00 -1.027185e-02 3.876466e+00
1.492243e-01 2.205210e+00 1.429316e-01 -1.529005e+00 2.333516e-01 3.981602e+00
1.498507e-01 2.231962e+00 2.296884e-01 -1.238956e+00 4.737428e-01 4.371659e+00
1.504788e-01 2.285347e+00 2.814494e-01 -8.263111e-01 6.362389e-01 4.945898e+00
1.511078e-01 2.362649e+00 3.060226e-01 -3.638582e-01 7.302114e-01 5.677519e+00
1.517364e-01 2.436038e+00 2.943055e-01 1.073347e-01 7.104896e-01 6.421736e+00
1.523652e-01 2.502705e+00 2.461281e-01 5.123219e-01 6.007786e-01 7.123682e+00
1.529942e-01 2.547938e+00 1.580546e-01 8.162291e-01 4.268645e-01 7.618994e+00
1.536237e-01 2.567686e+00 5.077696e-02 9.770707e-01 2.061351e-01 7.852772e+00
1.542519e-01 2.553351e+00 -5.844157e-02 9.488385e-01 -3.241313e-02 7.764287e+00
1.548791e-01 2.510235e+00 -1.562427e-01 7.707762e-01 -2.832537e-01 7.372344e+00
1.555078e-01 2.429206e+00 -2.265964e-01 4.618499e-01 -4.989928e-01 6.733128e+00
1.561363e-01 2.328385e+00 -2.643980e-01 4.895581e-02 -6.447794e-01 5.935056e+00
1.567636e-01 2.210065e+00 -2.743348e-01 -3.917018e-01 -6.997345e-01 5.045469e+00
1.573916e-01 2.099606e+00 -2.541214e-01 -8.361894e-01 -6.500311e-01 4.189598e+00
1.580207e-01 2.006114e+00 -2.095138e-01 -1.202000e+00 -5.116691e-01 3.429803e+00
1.586492e-01 1.944886e+00 -1.312889e-01 -1.468040e+00 -3.138539e-01 2.871486e+00
1.592766e-01 1.914769e+00 -3.473596e-02 -1.599201e+00 -8.381481e-02 2.569843e+00
1.599049e-01 1.914107e+00 6.799109e-02 -1.566393e+00 1.343377e-01 2.555438e+00
1.605344e-01 1.939138e+00 1.564238e-01 -1.399682e+00 3.290572e-01 2.808046e+00
1.611623e-01 1.988358e+00 2.250776e-01 -1.098918e+00 4.872466e-01 3.271733e+00
1.617904e-01 2.047475e+00 2.626567e-01 -7.260261e-01 5.744002e-01 3.873329e+00
1.624191e-01 2.111139e+00 2.671223e-01 -3.226147e-01 5.815823e-01 4.506084e+00
1.630470e-01 2.166376e+00 2.433523e-01 6.105365e-02 5.226991e-01 5.097901e+00
1.636756e-01 2.202649e+00 1.919149e-01 3.717278e-01 3.875426e-01 5.565241e+00
1.643038e-01 2.222561e+00 1.167679e-01 5.858167e-01 2.223256e-01 5.854839e+00
1.649313e-01 2.212873e+00 3.471830e-02 6.667765e-01 3.730089e-02 5.919152e+00
1.655596e-01 2.180424e+00 -4.893322e-02 6.141385e-01 -1.350567e-01 5.747682e+00
1.661885e-01 2.130938e+00 -1.185209e-01 4.461708e-01 -2.796984e-01 5.377647e+00
1.668177e-01 2.065899e+00 -1.662675e-01 1.883568e-01 -3.719097e-01 4.859378e+00
1.674456e-01 1.997517e+00 -1.872856e-01 -1.203047e-01 -4.077352e-01 4.263373e+00
1.680727e-01 1.930173e+00 -1.781807e-01 -4.273907e-01 -3.875764e-01 3.668767e+00
1.687016e-01 1.874691e+00 -1.367747e-01 -6.956910e-01 -3.054989e-01 3.153813e+00
1.693313e-01 1.835635e+00 -7.961422e-02 -8.898113e-01 -1.879720e-01 2.786497e+00
1.699587e-01 1.814723e+00 -1.203037e-02 -9.744272e-01 -3.719430e-02 2.605475e+00
1.705866e-01 1.818958e+00 5.737437e-02 -9.497731e-01 1.221268e-01 2.609471e+00
1.712159e-01 1.842974e+00 1.205426e-01 -8.039644e-01 2.601771e-01 2.797698e+00
1.718445e-01 1.882277e+00 1.751833e-01 -5.819552e-01 3.688223e-01 3.147902e+00
1.724727e-01 1.927334e+00 1.998849e-01 -3.008086e-01 4.200343e-01 3.590082e+00
1.731002e-01 1.975558e+00 1.980908e-01 -1.271092e-03 4.172142e-01 4.070816e+00
1.737290e-01 2.016546e+00 1.688837e-01 2.811039e-01 3.749814e-01 4.506461e+00
1.743571e-01 2.049303e+00 1.225011e-01 4.989058e-01 2.798006e-01 4.846394e+00
1.749848e-01 2.062539e+00 6.059648e-02 6.262769e-01 1.547405e-01 5.022627e+00
1.756135e-01 2.057613e+00 -8.941293e-03 6.447624e-01 4.001239e-03 5.031963e+00
1.762417e-01 2.031572e+00 -7.454181e-02 5.661718e-01 -1.414981e-01 4.849685e+00
1.768700e-01 1.991806e+00 -1.303881e-01 3.915212e-01 -2.632664e-01 4.519349e+00
1.774983e-01 1.937360e+00 -1.683856e-01 1.425423e-01 -3.475802e-01 4.051888e+00
1.781269e-01 1.879136e+00 -1.831856e-01 -1.541169e-01 -3.859963e-01 3.521285e+00
1.787551e-01 1.819423e+00 -1.772341e-01 -4.438829e-01 -3.807412e-01 2.989640e+00
1.793837e-01 1.768994e+00 -1.471460e-01 -7.070724e-01 -3.274630e-01 2.514618e+00
1.800121e-01 1.727663e+00 -9.785048e-02 -9.078826e-01 -2.335257e-01 2.142493e+00
1.806398e-01 1.696221e+00 -3.977479e-02 -1.024004e+00 -1.221930e-01 1.903531e+00
1.812676e-01 1.683176e+00 1.704168e-02 -1.051546e+00 -4.409480e-03 1.823567e+00
1.818961e-01 1.683204e+00 6.821129e-02 -9.805730e-01 1.014423e-01 1.868827e+00
1.825251e-01 1.700201e+00 1.093813e-01 -8.443740e-01 1.871020e-01 2.045633e+00
1.831533e-01 1.724048e+00 1.326344e-01 -6.601058e-01 2.341971e-01 2.314121e+00
1.837813e-01 1.751717e+00 1.338695e-01 -4.601783e-01 2.420462e-01 2.604902e+00
1.844104e-01 1.783851e+00 1.144832e-01 -2.804734e-01 2.133951e-01 2.887032e+00
1.850389e-01 1.809337e+00 8.637252e-02 -1.235061e-01 1.558123e-01 3.094238e+00
1.856669e-01 1.822326e+00 4.660320e-02 -3.877186e-02 5.643685e-02 3.191485e+00
1.862953e-01 1.819049e+00 8.227720e-03 -1.230179e-02 -4.023366e-02 3.184739e+00
1.869236e-01 1.797747e+00 -3.427892e-02 -6.081783e-02 -1.379519e-01 3.048434e+00
1.875520e-01 1.767619e+00 -7.238435e-02 -1.707279e-01 -2.063265e-01 2.823377e+00
1.881803e-01 1.731227e+00 -9.817936e-02 -3.124089e-01 -2.534042e-01 2.509596e+00
1.888083e-01 1.692387e+00 -9.989501e-02 -4.853379e-01 -2.619783e-01 2.163059e+00
1.894359e-01 1.652269e+00 -8.150490e-02 -6.445133e-01 -2.364748e-01 1.841116e+00
1.900648e-01 1.614371e+00 -5.169416e-02 -7.625558e-01 -1.785891e-01 1.578181e+00
1.906937e-01 1.588691e+00 -1.460365e-02 -8.413464e-01 -8.984748e-02 1.414739e+00
1.913208e-01 1.576415e+00 2.636976e-02 -8.377133e-01 1.774888e-02 1.358122e+00
1.919495e-01 1.578973e+00 6.824596e-02 -7.745923e-01 1.252672e-01 1.429994e+00
1.925783e-01 1.598845e+00 1.047014e-01 -6.521330e-01 2.181967e-01 1.625911e+00
1.932069e-01 1.629909e+00 1.269203e-01 -4.829994e-01 2.914105e-01 1.907409e+00
1.938350e-01 1.670895e+00 1.373727e-01 -2.859378e-01 3.216873e-01 2.242340e+00
1.944626e-01 1.708493e+00 1.367615e-01 -8.056658e-02 3.013225e-01 2.576761e+00
1.950912e-01 1.742123e+00 1.242234e-01 1.051629e-01 2.518999e-01 2.885619e+00
1.957198e-01 1.761225e+00 9.409728e-02 2.507468e-01 1.709364e-01 3.125252e+00
1.963481e-01 1.766967e+00 5.106064e-02 3.393672e-01 8.680756e-02 3.252395e+00
1.969763e-01 1.764035e+00 -7.333618e-04 3.565341e-01 -4.562377e-03 3.264813e+00
1.976057e-01 1.747106e+00 -4.558674e-02 3.013285e-01 -8.899451e-02 3.133970e+00
1.982346e-01 1.723826e+00 -8.270590e-02 1.786113e-01 -1.654602e-01 2.919061e+00
1.988621e-01 1.691404e+00 -1.061002e-01 1.366854e-02 -2.219937e-01 2.611845e+00
1.994900e-01 1.655406e+00 -1.124150e-01 -1.719078e-01 -2.528482e-01 2.276851e+00
2.001183e-01 1.614458e+00 -1.001584e-01 -3.576474e-01 -2.534958e-01 1.928188e+00
2.007462e-01 1.576806e+00 -7.504714e-02 -5.149189e-01 -2.187995e-01 1.632196e+00
2.013743e-01 1.546171e+00 -4.535932e-02 -6.347044e-01 -1.531137e-01 1.412995e+00
2.020025e-01 1.527114e+00 -1.475913e-02 -6.946005e-01 -6.810875e-02 1.268829e+00
2.026313e-01 1.525591e+00 1.952908e-02 -6.894641e-01 2.023496e-02 1.219765e+00
2.032604e-01 1.535295e+00 6.046914e-02 -6.264835e-01 9.128229e-02 1.275167e+00
2.038879e-01 1.548919e+00 9.723935e-02 -5.191769e-01 1.445891e-01 1.430454e+00
2.045158e-01 1.565954e+00 1.146656e-01 -3.806707e-01 1.739820e-01 1.646775e+00
2.051449e-01 1.587114e+00 1.155877e-01 -2.138233e-01 1.835796e-01 1.891545e+00
2.057735e-01 1.607363e+00 1.067925e-01 -5.429726e-02 1.710133e-01 2.116723e+00
2.064017e-01 1.619279e+00 8.784686e-02 7.573448e-02 1.399466e-01 2.305745e+00
2.070305e-01 1.624219e+00 5.562921e-02 1.665372e-01 8.860229e-02 2.421349e+00
2.076594e-01 1.624463e+00 1.718376e-02 2.050522e-01 2.759731e-02 2.459644e+00
2.082867e-01 1.616753e+00 -1.627273e-02 2.012824e-01 -3.623484e-02 2.406657e+00
2.089139e-01 1.602044e+00 -4.087990e-02 1.344414e-01 -9.274607e-02 2.284962e+00
2.095429e-01 1.578013e+00 -6.078537e-02 3.308572e-02 -1.371098e-01 2.111931e+00
2.101711e-01 1.555406e+00 -7.539859e-02 -1.003719e-01 -1.552047e-01 1.896556e+00
2.107990e-01 1.534967e+00 -7.797571e-02 -2.335752e-01 -1.535307e-01 1.667444e+00
2.114275e-01 1.514022e+00 -6.804209e-02 -3.538692e-01 -1.445686e-01 1.433168e+00
2.120557e-01 1.498398e+00 -4.170818e-02 -4.517080e-01 -1.208820e-01 1.248098e+00
2.126842e-01 1.482593e+00 -1.072062e-02 -5.020989e-01 -9.034799e-02 1.123305e+00
2.133127e-01 1.469995e+00 1.467202e-02 -5.196676e-01 -4.013481e-02 1.069514e+00
2.139414e-01 1.465953e+00 3.263980e-02 -5.060776e-01 1.805463e-02 1.087358e+00
2.145702e-01 1.474455e+00 3.771051e-02 -4.626087e-01 7.085108e-02 1.144345e+00
2.151979e-01 1.490771e+00 4.078301e-02 -4.026269e-01 1.052389e-01 1.242545e+00
2.158262e-01 1.508508e+00 4.542704e-02 -3.367622e-01 1.135424e-01 1.350135e+00
2.164548e-01 1.521703e+00 4.502566e-02 -2.781621e-01 9.782472e-02 1.461895e+00
2.170834e-01 1.528282e+00 3.531300e-02 -2.306476e-01 6.809841e-02 1.558103e+00
2.177116e-01 1.528149e+00 1.802497e-02 -2.062080e-01 3.054337e-02 1.606117e+00
2.183390e-01 1.524717e+00 -2.926091e-03 -2.087258e-01 -4.337129e-03 1.597259e+00
2.189672e-01 1.516728e+00 -1.790501e-02 -2.374621e-01 -4.856841e-02 1.532806e+00
2.195962e-01 1.505300e+00 -2.662461e-02 -2.847896e-01 -8.469927e-02 1.432495e+00
2.202247e-01 1.486921e+00 -2.626753e-02 -3.428315e-01 -1.106890e-01 1.310138e+00
2.208525e-01 1.466049e+00 -2.232696e-02 -4.106036e-01 -1.096867e-01 1.174565e+00
2.214806e-01 1.449249e+00 -1.891355e-02 -4.618377e-01 -9.721917e-02 1.054240e+00
2.221096e-01 1.437172e+00 -7.613849e-03 -4.947992e-01 -6.383336e-02 9.545364e-01
2.227377e-01 1.434080e+00 1.069200e-02 -5.091215e-01 -1.493241e-02 9.075703e-01
2.233660e-01 1.431934e+00 3.092002e-02 -4.946080e-01 2.895201e-02 9.138978e-01
2.239949e-01 1.438355e+00 4.639468e-02 -4.542742e-01 6.637462e-02 9.702539e-01
2.246230e-01 1.449429e+00 6.012818e-02 -3.818834e-01 9.455846e-02 1.065373e+00
2.252510e-01 1.460407e+00 6.863673e-02 -2.921582e-01 1.068780e-01 1.191043e+00
2.258786e-01 1.473598e+00 7.091577e-02 -1.980644e-01 1.102786e-01 1.333437e+00
2.265070e-01 1.481894e+00 6.126182e-02 -1.119393e-01 1.004484e-01 1.464978e+00
2.271353e-01 1.493907e+00 4.424902e-02 -4.695699e-02 7.211915e-02 1.565776e+00
2.277640e-01 1.499202e+00 2.534415e-02 -2.625959e-03 3.201764e-02 1.622893e+00
2.283928e-01 1.498505e+00 6.954337e-03 5.250969e-03 -1.764223e-02 1.623609e+00
2.290206e-01 1.490668e+00 -1.308662e-02 -1.430887e-02 -6.552321e-02 1.566507e+00
2.296494e-01 1.475403e+00 -2.988189e-02 -6.452867e-02 -1.029539e-01 1.455827e+00
2.302775e-01 1.457586e+00 -4.395807e-02 -1.398130e-01 -1.296405e-01 1.309958e+00
2.309053e-01 1.439765e+00 -5.067936e-02 -2.276271e-01 -1.405568e-01 1.134817e+00
2.315342e-01 1.421008e+00 -4.600031e-02 -3.168952e-01 -1.398743e-01 9.566851e-01
2.321633e-01 1.404142e+00 -3.091494e-02 -3.902601e-01 -1.273188e-01 7.951698e-01
2.327917e-01 1.385909e+00 -1.088553e-02 -4.442555e-01 -9.778077e-02 6.792125e-01
2.334191e-01 1.372797e+00 6.045623e-03 -4.688224e-01 -5.124370e-02 6.179099e-01
2.340471e-01 1.368508e+00 2.129018e-02 -4.638498e-01 1.577288e-02 6.102961e-01
2.346760e-01 1.376094e+00 3.330394e-02 -4.381669e-01 7.529319e-02 6.553769e-01
2.353048e-01 1.389793e+00 4.554744e-02 -3.833364e-01 1.176548e-01 7.430304e-01
2.359331e-01 1.408331e+00 5.833407e-02 -3.128840e-01 1.338167e-01 8.706627e-01
2.365605e-01 1.424526e+00 6.771696e-02 -2.302617e-01 1.298614e-01 1.021273e+00
2.371890e-01 1.435686e+00 6.804615e-02 -1.479878e-01 1.122804e-01 1.166026e+00
2.378178e-01 1.443193e+00 5.459286e-02 -7.694872e-02 8.871236e-02 1.293958e+00
2.384456e-01 1.450261e+00 3.360459e-02 -2.864543e-02 5.750253e-02 1.375250e+00
2.390742e-01 1.455595e+00 1.070230e-02 -1.277841e-02 2.420180e-02 1.410984e+00
2.397020e-01 1.457672e+00 -9.051841e-03 -2.735247e-02 -1.233776e-02 1.391708e+00
2.403299e-01 1.453978e+00 -2.272923e-02 -7.194628e-02 -5.288840e-02 1.323703e+00
2.409587e-01 1.444098e+00 -3.085655e-02 -1.362401e-01 -8.377963e-02 1.221215e+00
2.415875e-01 1.428616e+00 -3.369092e-02 -2.059773e-01 -1.116210e-01 1.088259e+00
2.422165e-01 1.408641e+00 -2.940946e-02 -2.743860e-01 -1.199885e-01 9.393822e-01
2.428445e-01 1.387067e+00 -1.995646e-02 -3.267030e-01 -1.115105e-01 8.026430e-01
2.434722e-01 1.370211e+00 -6.028496e-03 -3.669201e-01 -8.873647e-02 6.966799e-01
2.441005e-01 1.355452e+00 7.645660e-03 -3.912631e-01 -4.734116e-02 6.277179e-01
2.447295e-01 1.353151e+00 1.865780e-02 -3.904717e-01 -2.954858e-03 6.120077e-01
2.453575e-01 1.357988e+00 2.783099e-02 -3.694757e-01 4.146364e-02 6.373359e-01
2.459854e-01 1.367068e+00 4.221732e-02 -3.260451e-01 7.468049e-02 7.026565e-01
2.466143e-01 1.380909e+00 5.012360e-02 -2.694353e-01 9.841180e-02 8.047930e-01
2.472426e-01 1.393112e+00 5.122795e-02 -2.078695e-01 1.032199e-01 9.126318e-01
2.478702e-01 1.406794e+00 4.757613e-02 -1.394511e-01 9.811463e-02 1.017756e+00
2.484984e-01 1.417551e+00 4.274451e-02 -8.164788e-02 7.437813e-02 1.109984e+00
2.491273e-01 1.422171e+00 3.226400e-02 -4.509649e-02 4.320788e-02 1.176779e+00
2.497552e-01 1.422898e+00 1.819094e-02 -3.169177e-02 1.207025e-02 1.211694e+00
2.503834e-01 1.422527e+00 -1.516793e-03 -4.293466e-02 -2.144878e-02 1.196269e+00
2.510119e-01 1.418001e+00 -1.487613e-02 -7.357083e-02 -4.778743e-02 1.144299e+00
2.516403e-01 1.410771e+00 -2.360827e-02 -1.231581e-01 -6.868713e-02 1.062835e+00
2.522691e-01 1.399610e+00 -2.867924e-02 -1.853824e-01 -7.440297e-02 9.550512e-01
2.528974e-01 1.390397e+00 -2.927422e-02 -2.494516e-01 -7.632454e-02 8.403369e-01
2.535254e-01 1.381003e+00 -2.170228e-02 -3.008787e-01 -7.211736e-02 7.276940e-01
2.541542e-01 1.371939e+00 -5.071268e-03 -3.398799e-01 -6.261688e-02 6.434106e-01
2.547828e-01 1.362163e+00 1.121106e-02 -3.565536e-01 -4.454392e-02 5.925275e-01
2.554104e-01 1.355258e+00 2.608868e-02 -3.520041e-01 -1.823271e-02 5.818202e-01
2.560379e-01 1.353925e+00 3.485277e-02 -3.270703e-01 1.530971e-02 6.045575e-01
2.566670e-01 1.355866e+00 4.007822e-02 -2.825868e-01 4.706870e-02 6.523221e-01
2.572958e-01 1.365517e+00 4.186863e-02 -2.346932e-01 7.039367e-02 7.275372e-01
2.579236e-01 1.376313e+00 4.157116e-02 -1.864828e-01 8.072765e-02 8.073199e-01
2.585522e-01 1.388315e+00 3.879331e-02 -1.385641e-01 7.179934e-02 8.862909e-01
2.591808e-01 1.395041e+00 3.442162e-02 -1.007156e-01 4.714050e-02 9.526824e-01
2.598086e-01 1.398518e+00 2.724027e-02 -7.350606e-02 1.826209e-02 9.962907e-01
2.604363e-01 1.394174e+00 1.718026e-02 -6.258232e-02 -1.125199e-02 1.001968e+00
2.610650e-01 1.387736e+00 5.220395e-03 -6.419960e-02 -3.411287e-02 9.737303e-01
2.616935e-01 1.377532e+00 -3.340209e-03 -8.437550e-02 -5.665868e-02 9.158546e-01
2.623210e-01 1.365437e+00 -8.895645e-03 -1.177874e-01 -6.804858e-02 8.381130e-01
2.629494e-01 1.350962e+00 -1.015719e-02 -1.552544e-01 -6.871272e-02 7.582961e-01
2.635781e-01 1.338334e+00 -8.429799e-03 -1.938510e-01 -5.690426e-02 6.774209e-01
2.642065e-01 1.329597e+00 -3.662292e-03 -2.220455e-01 -3.527286e-02 6.124948e-01
2.648347e-01 1.324424e+00 6.019422e-03 -2.425922e-01 -8.144180e-03 5.738364e-01
2.654637e-01 1.324583e+00 1.738399e-02 -2.441516e-01 2.234724e-02 5.695793e-01
2.660924e-01 1.331060e+00 2.880741e-02 -2.283133e-01 4.917758e-02 6.073663e-01
2.667201e-01 1.340985e+00 3.985339e-02 -1.929743e-01 7.056872e-02 6.716345e-01
2.673488e-01 1.354649e+00 4.965360e-02 -1.426216e-01 8.580688e-02 7.660284e-01
2.679778e-01 1.366500e+00 5.516237e-02 -7.741642e-02 8.841980e-02 8.725272e-01
2.686062e-01 1.377369e+00 5.799543e-02 -8.784638e-03 8.077238e-02 9.779810e-01
2.692341e-01 1.384110e+00 5.480015e-02 5.527795e-02 6.786975e-02 1.078929e+00
2.698620e-01 1.387609e+00 4.275544e-02 1.090920e-01 5.210780e-02 1.159142e+00
2.704897e-01 1.389289e+00 2.408615e-02 1.394874e-01 2.733299e-02 1.192401e+00
2.711178e-01 1.391490e+00 8.051160e-03 1.506770e-01 -5.459687e-03 1.184317e+00
2.717462e-01 1.388423e+00 -3.568907e-03 1.370375e-01 -4.398202e-02 1.140264e+00
2.723748e-01 1.380318e+00 -1.320451e-02 9.583268e-02 -7.193623e-02 1.073842e+00
2.730040e-01 1.371682e+00 -2.621918e-02 3.758036e-02 -8.893125e-02 9.890587e-01
2.736320e-01 1.362108e+00 -3.494030e-02 -2.990372e-02 -9.104913e-02 8.709785e-01
2.742595e-01 1.355745e+00 -3.523431e-02 -9.884226e-02 -8.434444e-02 7.468519e-01
2.748883e-01 1.346127e+00 -2.404453e-02 -1.596445e-01 -7.857618e-02 6.286402e-01
2.755167e-01 1.333153e+00 -8.190329e-03 -2.065143e-01 -6.802305e-02 5.346022e-01
2.761449e-01 1.319824e+00 5.493361e-03 -2.301068e-01 -5.283786e-02 4.772675e-01
2.767736e-01 1.307300e+00 1.896892e-02 -2.343273e-01 -2.419141e-02 4.492258e-01
2.774020e-01 1.299886e+00 2.646393e-02 -2.207892e-01 1.078738e-02 4.613780e-01
2.780301e-01 1.301246e+00 2.821657e-02 -1.998332e-01 4.390634e-02 4.988872e-01
2.786580e-01 1.309043e+00 2.719377e-02 -1.698132e-01 6.515551e-02 5.582266e-01
2.792860e-01 1.321224e+00 2.935184e-02 -1.354786e-01 7.325511e-02 6.216812e-01
2.799146e-01 1.332764e+00 3.262718e-02 -1.048678e-01 6.182655e-02 6.882060e-01
2.805434e-01 1.338371e+00 3.177900e-02 -7.695010e-02 4.378596e-02 7.534829e-01
2.811718e-01 1.341796e+00 2.231791e-02 -6.249782e-02 2.343809e-02 7.979247e-01
2.817991e-01 1.342715e+00 9.441482e-03 -5.441444e-02 2.633842e-03 8.065290e-01
2.824272e-01 1.343634e+00 5.264395e-04 -6.415812e-02 -1.816688e-02 7.799352e-01
2.830565e-01 1.338934e+00 -2.173285e-03 -8.641778e-02 -4.235460e-02 7.341966e-01
2.836849e-01 1.330287e+00 -5.373225e-03 -1.219274e-01 -5.986114e-02 6.757075e-01
2.843133e-01 1.319583e+00 -1.054541e-02 -1.600159e-01 -6.616705e-02 6.070362e-01
2.849417e-01 1.310659e+00 -1.097560e-02 -1.906250e-01 -5.989801e-02 5.309752e-01
2.855699e-01 1.304350e+00 -2.156564e-03 -2.169645e-01 -4.844141e-02 4.581092e-01
2.861980e-01 1.295436e+00 1.069013e-02 -2.353365e-01 -2.966534e-02 4.150771e-01
2.868264e-01 1.287741e+00 2.225480e-02 -2.343594e-01 -8.980778e-03 4.008299e-01
2.874550e-01 1.285265e+00 2.830058e-02 -2.177334e-01 1.621019e-02 4.145331e-01
2.880834e-01 1.287390e+00 3.684236e-02 -1.806147e-01 4.097589e-02 4.506765e-01
2.887116e-01 1.294430e+00 4.605452e-02 -1.370456e-01 5.988203e-02 5.120952e-01
2.893396e-01 1.301564e+00 5.191432e-02 -8.425913e-02 6.900851e-02 5.997663e-01
2.899676e-01 1.310282e+00 5.073864e-02 -3.233033e-02 7.396909e-02 6.948085e-01
2.905957e-01 1.321337e+00 4.153711e-02 1.971934e-02 7.231923e-02 7.867678e-01
2.912243e-01 1.332827e+00 3.168168e-02 5.992585e-02 6.288710e-02 8.522820e-01
2.918528e-01 1.344049e+00 2.378386e-02 8.808210e-02 4.245372e-02 8.939668e-01
2.924811e-01 1.348212e+00 1.773852e-02 9.752733e-02 1.254149e-02 9.162403e-01
2.931098e-01 1.346834e+00 8.754329e-03 8.907884e-02 -1.578144e-02 9.151443e-01
2.937380e-01 1.342419e+00 -5.290621e-03 6.376359e-02 -3.278311e-02 8.887561e-01
2.943663e-01 1.336883e+00 -1.785935e-02 2.621340e-02 -4.355520e-02 8.258873e-01
2.949950e-01 1.331321e+00 -2.270179e-02 -2.131031e-02 -5.249562e-02 7.398852e-01
2.956230e-01 1.323310e+00 -1.933825e-02 -7.240133e-02 -6.256196e-02 6.453981e-01
2.962512e-01 1.311761e+00 -1.120031e-02 -1.155239e-01 -7.190320e-02 5.567545e-01
2.968799e-01 1.296718e+00 -1.453122e-03 -1.536862e-01 -7.305515e-02 4.860452e-01
2.975081e-01 1.283898e+00 5.849924e-03 -1.739558e-01 -5.773962e-02 4.290042e-01
2.981363e-01 1.274810e+00 1.159425e-02 -1.834768e-01 -3.910065e-02 3.931336e-01
2.987649e-01 1.270502e+00 1.807619e-02 -1.793628e-01 -1.615428e-02 3.725108e-01
2.993933e-01 1.270413e+00 2.419124e-02 -1.623048e-01 6.796165e-04 3.745266e-01
3.000210e-01 1.271308e+00 3.126737e-02 -1.373862e-01 1.437109e-02 4.004326e-01
3.006489e-01 1.273419e+00 3.373115e-02 -1.124772e-01 2.699537e-02 4.398970e-01
3.012772e-01 1.278481e+00 2.827780e-02 -8.881000e-02 3.624101e-02 4.848621e-01
3.019055e-01 1.285965e+00 2.014427e-02 -6.838738e-02 3.688681e-02 5.203782e-01
3.025339e-01 1.293342e+00 1.552054e-02 -5.249396e-02 2.735563e-02 5.413542e-01
3.031628e-01 1.298382e+00 1.489443e-02 -4.906647e-02 9.744977e-03 5.539763e-01
3.037913e-01 1.296811e+00 1.351457e-02 -5.471687e-02 -1.000334e-02 5.549631e-01
3.044197e-01 1.292088e+00 7.872363e-03 -6.749777e-02 -2.496091e-02 5.400054e-01
3.050478e-01 1.287204e+00 1.111368e-03 -8.395799e-02 -3.495300e-02 5.047524e-01
3.056758e-01 1.282323e+00 -9.669444e-05 -1.016148e-01 -3.754519e-02 4.540083e-01
3.063043e-01 1.275333e+00 4.558705e-03 -1.189048e-01 -3.632623e-02 4.062623e-01
3.069326e-01 1.269468e+00 7.882088e-03 -1.397370e-01 -2.776970e-02 3.764245e-01
3.075614e-01 1.265413e+00 1.019048e-02 -1.510945e-01 -1.280994e-02 3.533460e-01
3.081897e-01 1.267339e+00 1.427090e-02 -1.505892e-01 6.304739e-03 3.481492e-01
3.088177e-01 1.270779e+00 2.394947e-02 -1.383599e-01 2.081606e-02 3.557710e-01
3.094460e-01 1.274997e+00 3.466585e-02 -1.197256e-01 3.315143e-02 3.909654e-01
3.100746e-01 1.278646e+00 3.928827e-02 -8.830473e-02 4.284567e-02 4.478420e-01
3.107034e-01 1.284694e+00 3.788225e-02 -5.023517e-02 5.283912e-02 5.097746e-01
3.113314e-01 1.293187e+00 3.617245e-02 -9.173640e-03 5.677666e-02 5.696219e-01
3.119592e-01 1.301831e+00 3.486592e-02 2.772394e-02 5.421900e-02 6.298749e-01
3.125877e-01 1.307589e+00 3.180636e-02 5.340999e-02 3.797868e-02 6.826047e-01
3.132162e-01 1.310134e+00 2.453543e-02 7.333449e-02 1.864234e-02 7.215087e-01
3.138441e-01 1.310127e+00 1.575083e-02 8.045103e-02 1.907052e-04 7.349268e-01
3.144726e-01 1.305624e+00 7.346865e-03 7.783123e-02 -1.710703e-02 7.282695e-01
3.151006e-01 1.300643e+00 -1.124023e-03 5.903865e-02 -3.056953e-02 6.976157e-01
3.157285e-01 1.292147e+00 -9.199400e-03 2.734610e-02 -3.973543e-02 6.427671e-01
3.163571e-01 1.286220e+00 -1.417710e-02 -8.847199e-03 -5.118191e-02 5.744308e-01
3.169854e-01 1.277222e+00 -1.204005e-02 -5.149434e-02 -5.899905e-02 4.953812e-01
3.176141e-01 1.268291e+00 -8.251620e-03 -8.876672e-02 -6.221917e-02 4.253930e-01
3.182425e-01 1.259859e+00 -3.263300e-03 -1.241146e-01 -5.922575e-02 3.630311e-01
3.188706e-01 1.252811e+00 6.551553e-04 -1.509715e-01 -4.189136e-02 3.158207e-01
3.194993e-01 1.251971e+00 4.138710e-03 -1.678368e-01 -2.288287e-02 2.821781e-01
3.201278e-01 1.253549e+00 9.350941e-03 -1.754055e-01 -5.990363e-03 2.528591e-01
3.207553e-01 1.258834e+00 1.998294e-02 -1.677272e-01 -7.691391e-03 2.425099e-01
3.213837e-01 1.259324e+00 3.819352e-02 -1.417855e-01 -1.283112e-02 2.562372e-01
