# k, q0, q1/i, q2, q3/i, q4, norm, alpha = 0.2755865845459939, 0.020160886971027085
5.385587e-04 1.194605e+10 1.968762e+09 -8.299198e+07 2.467223e+08 -7.197359e+09
1.034961e-03 1.099945e+10 3.491292e+09 1.089564e+07 1.220572e+08 8.002461e+08
1.650345e-03 9.164066e+09 4.591799e+09 1.727218e+08 3.203898e+08 4.799422e+08
2.219461e-03 7.245933e+09 4.687684e+09 3.222349e+08 8.998755e+08 -6.479604e+08
2.824187e-03 5.226557e+09 4.112977e+09 7.630566e+08 1.389257e+09 -5.451508e+08
3.476178e-03 3.454590e+09 2.963138e+09 1.235358e+09 2.070188e+09 -1.122717e+09
4.066840e-03 2.288397e+09 1.891765e+09 1.596940e+09 2.574661e+09 -1.601244e+09
4.679538e-03 1.441012e+09 1.031372e+09 1.818760e+09 2.632195e+09 -1.634637e+09
5.338852e-03 8.881986e+08 4.336247e+08 1.766083e+09 2.448111e+09 -1.539034e+09
5.972931e-03 5.624635e+08 1.415520e+08 1.501010e+09 2.012322e+09 -1.201727e+09
6.592959e-03 3.702940e+08 3.409674e+07 1.126558e+09 1.514138e+09 -8.214257e+08
7.211547e-03 2.282636e+08 -2.713289e+07 7.685511e+08 9.470959e+08 -3.559090e+08
7.844333e-03 1.469386e+08 -3.572464e+07 4.725796e+08 5.782329e+08 -1.021661e+08
8.479886e-03 8.940078e+07 -4.025575e+07 2.550567e+08 2.757403e+08 7.300331e+07
9.100686e-03 5.764060e+07 -3.339551e+07 1.227371e+08 1.140327e+08 1.159295e+08
9.724355e-03 3.877995e+07 -2.036798e+07 4.489401e+07 2.900078e+07 1.040635e+08
1.035816e-02 2.633258e+07 -7.742056e+06 1.608852e+06 -1.006649e+07 7.673629e+07
1.099013e-02 1.913689e+07 2.834432e+06 -1.906075e+07 -1.638343e+07 3.686058e+07
1.161954e-02 1.444472e+07 7.661413e+06 -2.041004e+07 -1.099888e+07 1.970242e+07
1.224543e-02 1.217248e+07 9.533343e+06 -1.299431e+07 2.943297e+05 1.005464e+07
1.287347e-02 1.133845e+07 9.090726e+06 -1.693552e+06 1.158581e+07 1.004656e+07
1.350110e-02 1.148871e+07 7.941011e+06 8.648548e+06 1.981513e+07 1.410848e+07
1.412539e-02 1.167864e+07 6.396384e+06 1.785158e+07 2.386142e+07 2.271618e+07
1.475576e-02 1.151902e+07 4.846695e+06 2.338303e+07 2.371778e+07 3.100684e+07
1.538306e-02 1.107324e+07 3.419561e+06 2.595802e+07 2.150514e+07 3.754896e+07
1.601201e-02 9.962490e+06 2.181268e+06 2.487931e+07 1.721234e+07 4.050017e+07
1.664797e-02 8.601039e+06 9.243195e+05 2.264045e+07 1.290908e+07 4.055214e+07
1.727684e-02 7.086200e+06 -3.124912e+05 1.898864e+07 8.479493e+06 3.762612e+07
1.790148e-02 5.609976e+06 -1.075877e+06 1.446669e+07 4.947918e+06 3.190051e+07
1.852764e-02 4.245402e+06 -1.514918e+06 1.021536e+07 2.326401e+06 2.472616e+07
1.915179e-02 3.233529e+06 -1.487325e+06 6.221262e+06 4.597096e+05 1.821903e+07
1.978148e-02 2.301378e+06 -1.197656e+06 2.800039e+06 -6.760301e+05 1.185244e+07
2.041144e-02 1.652536e+06 -7.741606e+05 2.247780e+05 -1.190082e+06 7.062505e+06
2.104337e-02 1.206473e+06 -3.501188e+05 -1.214200e+06 -1.144749e+06 3.793136e+06
2.167611e-02 9.816978e+05 6.318800e+04 -1.806625e+06 -6.639349e+05 1.906279e+06
2.230308e-02 9.016592e+05 4.045461e+05 -1.578464e+06 9.191964e+04 1.234720e+06
2.292974e-02 9.251726e+05 6.393585e+05 -8.406354e+05 9.014139e+05 1.477505e+06
2.355539e-02 1.019434e+06 7.605508e+05 1.481106e+05 1.565207e+06 2.436792e+06
2.418150e-02 1.127449e+06 7.593551e+05 1.215069e+06 2.012448e+06 3.731563e+06
2.480946e-02 1.234075e+06 6.551704e+05 2.216420e+06 2.221619e+06 5.120862e+06
2.543879e-02 1.306962e+06 5.121126e+05 2.953242e+06 2.189999e+06 6.294092e+06
2.606741e-02 1.321447e+06 3.328689e+05 3.403090e+06 1.968535e+06 7.079332e+06
2.669501e-02 1.298387e+06 1.596104e+05 3.547664e+06 1.596753e+06 7.463188e+06
2.732628e-02 1.189627e+06 9.455627e+02 3.307408e+06 1.131306e+06 7.217540e+06
2.795771e-02 1.056195e+06 -1.189699e+05 2.897260e+06 6.912328e+05 6.663028e+06
2.858621e-02 8.910121e+05 -2.084748e+05 2.307736e+06 2.731108e+05 5.758819e+06
2.921223e-02 7.100284e+05 -2.572237e+05 1.634200e+06 -4.784972e+04 4.615728e+06
2.983725e-02 5.520481e+05 -2.697418e+05 1.000677e+06 -2.717271e+05 3.491248e+06
3.046693e-02 4.137747e+05 -2.335553e+05 4.499598e+05 -3.613945e+05 2.409660e+06
3.109608e-02 3.103938e+05 -1.681376e+05 2.207163e+04 -3.510179e+05 1.527298e+06
3.172270e-02 2.418805e+05 -8.219792e+04 -2.582355e+05 -2.596520e+05 8.889990e+05
3.235285e-02 2.049774e+05 1.738050e+03 -3.715227e+05 -1.167723e+05 5.263265e+05
3.298394e-02 1.999542e+05 7.476595e+04 -3.421123e+05 4.927944e+04 4.329135e+05
3.361458e-02 2.161665e+05 1.310441e+05 -1.839635e+05 2.167574e+05 5.446430e+05
3.424083e-02 2.478927e+05 1.632793e+05 4.530038e+04 3.576314e+05 8.232718e+05
3.486711e-02 2.855332e+05 1.739826e+05 2.989732e+05 4.570403e+05 1.176263e+06
3.549614e-02 3.190501e+05 1.622788e+05 5.534518e+05 5.039515e+05 1.547671e+06
3.612198e-02 3.456479e+05 1.305367e+05 7.469514e+05 4.893673e+05 1.871115e+06
3.674992e-02 3.588958e+05 9.131366e+04 8.892388e+05 4.390770e+05 2.109128e+06
3.737802e-02 3.571444e+05 4.326857e+04 9.406417e+05 3.456018e+05 2.216404e+06
3.800827e-02 3.411283e+05 -2.673979e+02 9.213645e+05 2.370968e+05 2.202126e+06
3.863754e-02 3.114444e+05 -3.746855e+04 8.186944e+05 1.248704e+05 2.051140e+06
3.926550e-02 2.719177e+05 -6.487500e+04 6.728664e+05 2.243640e+04 1.805856e+06
3.989588e-02 2.275234e+05 -7.814184e+04 4.934445e+05 -5.442247e+04 1.494091e+06
4.052254e-02 1.829453e+05 -8.163049e+04 3.061335e+05 -1.058012e+05 1.158528e+06
4.115124e-02 1.426323e+05 -7.380651e+04 1.351487e+05 -1.272380e+05 8.340825e+05
4.177955e-02 1.101902e+05 -5.802237e+04 -2.260588e+03 -1.199076e+05 5.572336e+05
4.240547e-02 8.799884e+04 -3.594831e+04 -9.411212e+04 -8.952651e+04 3.510910e+05
4.303621e-02 7.648018e+04 -1.036580e+04 -1.417511e+05 -4.224616e+04 2.265246e+05
4.366615e-02 7.407975e+04 1.440534e+04 -1.404181e+05 1.166178e+04 1.842145e+05
4.429168e-02 7.854985e+04 3.421539e+04 -1.007177e+05 6.285187e+04 2.145307e+05
4.491727e-02 8.913907e+04 4.805348e+04 -3.241466e+04 1.078401e+05 3.025544e+05
4.554613e-02 1.024604e+05 5.396064e+04 4.985493e+04 1.371125e+05 4.246839e+05
4.617836e-02 1.147240e+05 5.239295e+04 1.349079e+05 1.516610e+05 5.534356e+05
4.680927e-02 1.257067e+05 4.463934e+04 2.099693e+05 1.485740e+05 6.749636e+05
4.743756e-02 1.312519e+05 3.218636e+04 2.626247e+05 1.306536e+05 7.604150e+05
4.806661e-02 1.327461e+05 1.668338e+04 2.874876e+05 9.913723e+04 8.080278e+05
4.869280e-02 1.281684e+05 1.091095e+03 2.865780e+05 6.274949e+04 8.064448e+05
4.931779e-02 1.196643e+05 -1.267062e+04 2.619557e+05 2.507579e+04 7.648327e+05
4.994581e-02 1.067931e+05 -2.292152e+04 2.154351e+05 -9.032521e+03 6.820352e+05
5.057480e-02 9.194326e+04 -2.878257e+04 1.549622e+05 -3.553155e+04 5.728116e+05
5.120302e-02 7.666996e+04 -2.959854e+04 9.040120e+04 -5.108065e+04 4.532902e+05
5.183209e-02 6.140755e+04 -2.683495e+04 3.098173e+04 -5.637756e+04 3.337728e+05
5.246116e-02 4.914241e+04 -2.035276e+04 -1.927631e+04 -5.078279e+04 2.308440e+05
5.308896e-02 4.025484e+04 -1.196209e+04 -5.359654e+04 -3.670246e+04 1.537385e+05
5.371721e-02 3.562771e+04 -2.760798e+03 -7.007038e+04 -1.725287e+04 1.085662e+05
5.434780e-02 3.457905e+04 6.403872e+03 -6.750069e+04 4.943834e+03 9.486975e+04
5.497604e-02 3.689017e+04 1.423673e+04 -4.928804e+04 2.652192e+04 1.109419e+05
5.560013e-02 4.178894e+04 1.984993e+04 -2.081262e+04 4.385638e+04 1.507267e+05
5.622954e-02 4.752214e+04 2.269143e+04 1.532740e+04 5.610949e+04 2.040537e+05
5.686173e-02 5.334280e+04 2.226136e+04 5.193339e+04 6.090316e+04 2.622902e+05
5.748940e-02 5.822954e+04 1.913448e+04 8.405269e+04 5.904715e+04 3.154285e+05
5.811669e-02 6.112292e+04 1.366355e+04 1.070794e+05 5.057857e+04 3.537007e+05
5.874554e-02 6.210143e+04 7.171883e+03 1.203665e+05 3.787123e+04 3.757739e+05
5.937282e-02 6.050152e+04 3.416241e+02 1.200949e+05 2.204314e+04 3.754664e+05
6.000021e-02 5.682814e+04 -5.905843e+03 1.093906e+05 5.876734e+03 3.559153e+05
6.062750e-02 5.147785e+04 -1.074033e+04 8.890985e+04 -8.816906e+03 3.192323e+05
6.125597e-02 4.500512e+04 -1.361182e+04 6.245983e+04 -2.011136e+04 2.703535e+05
6.188682e-02 3.830039e+04 -1.435414e+04 3.343432e+04 -2.676172e+04 2.158959e+05
6.251462e-02 3.197159e+04 -1.286756e+04 5.885983e+03 -2.821903e+04 1.624082e+05
6.314049e-02 2.663594e+04 -9.687344e+03 -1.617372e+04 -2.496316e+04 1.166381e+05
6.377015e-02 2.255219e+04 -5.211214e+03 -3.138759e+04 -1.750624e+04 8.133746e+04
6.439971e-02 2.034382e+04 -3.820917e+02 -3.818178e+04 -7.642192e+03 6.161466e+04
6.502803e-02 1.982707e+04 4.209944e+03 -3.613646e+04 3.299719e+03 5.713832e+04
6.565852e-02 2.082411e+04 8.030273e+03 -2.615604e+04 1.372430e+04 6.678142e+04
6.628652e-02 2.317159e+04 1.064765e+04 -1.092063e+04 2.229337e+04 8.818672e+04
6.691319e-02 2.602942e+04 1.179030e+04 7.902582e+03 2.802255e+04 1.157901e+05
6.754195e-02 2.899247e+04 1.141312e+04 2.705891e+04 3.008665e+04 1.456436e+05
6.816923e-02 3.155134e+04 9.805856e+03 4.359705e+04 2.895609e+04 1.726689e+05
6.879707e-02 3.331895e+04 6.956457e+03 5.627693e+04 2.430732e+04 1.937076e+05
6.942589e-02 3.388620e+04 3.531055e+03 6.229903e+04 1.746934e+04 2.041900e+05
7.005350e-02 3.318421e+04 -3.627549e+01 6.231292e+04 9.428303e+03 2.038563e+05
7.068149e-02 3.142679e+04 -3.317878e+03 5.652196e+04 1.072756e+03 1.936041e+05
7.131092e-02 2.862701e+04 -5.939465e+03 4.528709e+04 -6.307293e+03 1.732791e+05
7.194060e-02 2.518768e+04 -7.445709e+03 3.064581e+04 -1.172578e+04 1.464605e+05
7.256947e-02 2.160460e+04 -7.889197e+03 1.486938e+04 -1.476664e+04 1.169578e+05
7.319738e-02 1.812692e+04 -7.266603e+03 -1.084593e+02 -1.535978e+04 8.779707e+04
7.382604e-02 1.532975e+04 -5.571189e+03 -1.271677e+04 -1.317067e+04 6.285706e+04
7.445392e-02 1.321723e+04 -3.214859e+03 -2.110509e+04 -8.991651e+03 4.416903e+04
7.507965e-02 1.221120e+04 -5.552150e+02 -2.500890e+04 -3.503190e+03 3.407700e+04
7.570782e-02 1.205339e+04 2.099433e+03 -2.369016e+04 2.585791e+03 3.228641e+04
7.633697e-02 1.285291e+04 4.396571e+03 -1.820484e+04 8.294519e+03 3.888896e+04
7.696614e-02 1.431059e+04 6.041114e+03 -9.422187e+03 1.302582e+04 5.189623e+04
7.759521e-02 1.613509e+04 6.769956e+03 1.566063e+03 1.601484e+04 6.900437e+04
7.822404e-02 1.796274e+04 6.657338e+03 1.273067e+04 1.708491e+04 8.697644e+04
7.885455e-02 1.958128e+04 5.732271e+03 2.290146e+04 1.621506e+04 1.035856e+05
7.948034e-02 2.076999e+04 4.149140e+03 3.048999e+04 1.346229e+04 1.164970e+05
8.010544e-02 2.115030e+04 2.205601e+03 3.475096e+04 9.439535e+03 1.233063e+05
8.073519e-02 2.086715e+04 1.007537e+02 3.514592e+04 4.572294e+03 1.238188e+05
8.136420e-02 1.982016e+04 -1.843365e+03 3.207234e+04 -3.184527e+02 1.179508e+05
8.199246e-02 1.819249e+04 -3.400126e+03 2.565377e+04 -4.763027e+03 1.062601e+05
8.262013e-02 1.616335e+04 -4.367509e+03 1.743040e+04 -7.953258e+03 9.081198e+04
8.325004e-02 1.394090e+04 -4.658789e+03 8.047589e+03 -9.699886e+03 7.290635e+04
8.388076e-02 1.182062e+04 -4.299587e+03 -8.838627e+02 -9.878005e+03 5.538789e+04
8.450772e-02 1.002338e+04 -3.358084e+03 -8.459537e+03 -8.510538e+03 4.007639e+04
8.513407e-02 8.738995e+03 -1.950294e+03 -1.357698e+04 -5.825591e+03 2.878127e+04
8.576290e-02 8.070235e+03 -3.344988e+02 -1.593071e+04 -2.299183e+03 2.251434e+04
8.639170e-02 8.016199e+03 1.299885e+03 -1.515277e+04 1.588780e+03 2.164588e+04
8.701933e-02 8.529179e+03 2.743904e+03 -1.167058e+04 5.291175e+03 2.587933e+04
8.764729e-02 9.535795e+03 3.810437e+03 -6.060788e+03 8.351092e+03 3.444901e+04
8.827546e-02 1.070621e+04 4.371714e+03 1.056337e+03 1.040375e+04 4.541376e+04
8.890360e-02 1.204588e+04 4.356082e+03 8.288659e+03 1.110675e+04 5.770736e+04
8.953185e-02 1.315248e+04 3.851327e+03 1.513079e+04 1.068890e+04 6.889658e+04
9.016049e-02 1.401010e+04 2.874292e+03 2.040781e+04 9.011101e+03 7.794952e+04
9.078921e-02 1.442125e+04 1.603070e+03 2.348341e+04 6.404418e+03 8.326994e+04
9.141859e-02 1.431087e+04 2.414615e+02 2.433606e+04 3.365036e+03 8.438489e+04
9.204760e-02 1.378180e+04 -1.081681e+03 2.263545e+04 1.485405e+02 8.134852e+04
9.267535e-02 1.277934e+04 -2.169976e+03 1.885696e+04 -2.803841e+03 7.423911e+04
9.330406e-02 1.153370e+04 -2.912409e+03 1.346836e+04 -5.088928e+03 6.439110e+04
9.393390e-02 1.008728e+04 -3.211678e+03 7.365161e+03 -6.460524e+03 5.267323e+04
9.456102e-02 8.729277e+03 -3.083004e+03 1.182032e+03 -6.831238e+03 4.105362e+04
9.518740e-02 7.489031e+03 -2.518046e+03 -4.159982e+03 -6.120670e+03 3.037074e+04
9.581568e-02 6.572567e+03 -1.656374e+03 -8.193381e+03 -4.552117e+03 2.214738e+04
9.644552e-02 5.998905e+03 -5.991409e+02 -1.040573e+04 -2.343450e+03 1.689650e+04
9.707482e-02 5.840751e+03 4.819502e+02 -1.062788e+04 1.705833e+02 1.523333e+04
9.770146e-02 6.078304e+03 1.478875e+03 -9.021138e+03 2.639082e+03 1.696881e+04
9.832882e-02 6.607127e+03 2.259521e+03 -5.820310e+03 4.726025e+03 2.158073e+04
9.895640e-02 7.310025e+03 2.732425e+03 -1.551390e+03 6.196176e+03 2.811119e+04
9.958504e-02 8.115216e+03 2.854930e+03 3.066102e+03 6.861133e+03 3.575810e+04
1.002139e-01 8.844946e+03 2.613885e+03 7.527595e+03 6.744585e+03 4.314490e+04
1.008411e-01 9.429069e+03 2.038797e+03 1.113647e+04 5.801568e+03 4.932245e+04
1.014708e-01 9.746566e+03 1.236349e+03 1.352063e+04 4.256890e+03 5.325392e+04
1.021003e-01 9.774744e+03 3.578451e+02 1.437682e+04 2.321094e+03 5.457158e+04
1.027279e-01 9.548776e+03 -4.984306e+02 1.367217e+04 2.388968e+02 5.328627e+04
1.033572e-01 8.952276e+03 -1.217240e+03 1.155752e+04 -1.728978e+03 4.909094e+04
1.039858e-01 8.158678e+03 -1.700109e+03 8.358340e+03 -3.270169e+03 4.297099e+04
1.046130e-01 7.264887e+03 -1.934914e+03 4.468511e+03 -4.291882e+03 3.575838e+04
1.052407e-01 6.312859e+03 -1.900899e+03 4.981788e+02 -4.629023e+03 2.805119e+04
1.058684e-01 5.457164e+03 -1.609032e+03 -3.055801e+03 -4.250353e+03 2.096967e+04
1.064969e-01 4.787452e+03 -1.113730e+03 -5.836812e+03 -3.273268e+03 1.520484e+04
1.071273e-01 4.370488e+03 -4.801045e+02 -7.480466e+03 -1.867262e+03 1.144137e+04
1.077558e-01 4.213742e+03 2.072288e+02 -7.818256e+03 -2.249423e+02 9.939749e+03
1.083828e-01 4.322548e+03 8.613771e+02 -6.875895e+03 1.390230e+03 1.072862e+04
1.090114e-01 4.668527e+03 1.393102e+03 -4.916830e+03 2.807679e+03 1.361855e+04
1.096397e-01 5.145359e+03 1.752063e+03 -2.168498e+03 3.812968e+03 1.794595e+04
1.102684e-01 5.688937e+03 1.881067e+03 9.936738e+02 4.363021e+03 2.305432e+04
1.108970e-01 6.199930e+03 1.769511e+03 4.069261e+03 4.326312e+03 2.815562e+04
1.115233e-01 6.614264e+03 1.453591e+03 6.696652e+03 3.807401e+03 3.252430e+04
1.121508e-01 6.872493e+03 9.570319e+02 8.482461e+03 2.806958e+03 3.558895e+04
1.127798e-01 6.913380e+03 3.757735e+02 9.359681e+03 1.566413e+03 3.689225e+04
1.134097e-01 6.772133e+03 -2.298553e+02 9.093063e+03 1.857178e+02 3.636141e+04
1.140373e-01 6.436372e+03 -7.747010e+02 7.878834e+03 -1.124253e+03 3.401752e+04
1.146647e-01 5.940071e+03 -1.164949e+03 5.850050e+03 -2.170234e+03 3.015696e+04
1.152948e-01 5.376583e+03 -1.383684e+03 3.302586e+03 -2.876205e+03 2.538273e+04
1.159235e-01 4.776491e+03 -1.405924e+03 5.976804e+02 -3.164298e+03 2.021777e+04
1.165517e-01 4.224353e+03 -1.212444e+03 -1.904682e+03 -2.952594e+03 1.534002e+04
1.171799e-01 3.790043e+03 -8.730049e+02 -3.924088e+03 -2.353693e+03 1.136165e+04
1.178092e-01 3.475643e+03 -4.124587e+02 -5.153154e+03 -1.428054e+03 8.577259e+03
1.184382e-01 3.356200e+03 9.520253e+01 -5.522652e+03 -3.116346e+02 7.400640e+03
1.190649e-01 3.401278e+03 5.835272e+02 -4.994228e+03 8.273021e+02 7.786806e+03
1.196918e-01 3.591009e+03 9.913262e+02 -3.660159e+03 1.849457e+03 9.590318e+03
1.203206e-01 3.901087e+03 1.275987e+03 -1.762160e+03 2.634127e+03 1.253504e+04
1.209492e-01 4.262655e+03 1.388417e+03 4.889446e+02 3.076499e+03 1.608042e+04
1.215770e-01 4.630705e+03 1.325930e+03 2.733103e+03 3.113282e+03 1.974287e+04
1.222060e-01 4.963869e+03 1.114024e+03 4.741062e+03 2.811262e+03 2.307318e+04
1.228351e-01 5.178935e+03 7.700157e+02 6.205312e+03 2.158403e+03 2.542875e+04
1.234639e-01 5.286102e+03 3.716815e+02 7.031930e+03 1.296588e+03 2.674772e+04
1.240910e-01 5.240610e+03 -4.052952e+01 7.058274e+03 3.390061e+02 2.668353e+04
1.247182e-01 5.053078e+03 -4.301356e+02 6.390616e+03 -6.519894e+02 2.536176e+04
1.253470e-01 4.739486e+03 -7.269818e+02 5.056088e+03 -1.455627e+03 2.285747e+04
1.259754e-01 4.339041e+03 -9.110734e+02 3.335113e+03 -2.045629e+03 1.960923e+04
1.266036e-01 3.893806e+03 -9.648214e+02 1.412500e+03 -2.313913e+03 1.589935e+04
1.272319e-01 3.467001e+03 -8.871461e+02 -4.704140e+02 -2.287429e+03 1.228383e+04
1.278607e-01 3.078701e+03 -6.915717e+02 -2.060500e+03 -1.952752e+03 9.034427e+03
1.284890e-01 2.795496e+03 -4.168713e+02 -3.231650e+03 -1.383703e+03 6.632462e+03
1.291182e-01 2.621113e+03 -1.022555e+02 -3.815998e+03 -6.655054e+02 5.206193e+03
1.297470e-01 2.575765e+03 2.060582e+02 -3.817716e+03 1.049651e+02 4.876494e+03
1.303744e-01 2.650763e+03 4.663130e+02 -3.281604e+03 8.218760e+02 5.575862e+03
1.310022e-01 2.816322e+03 6.519460e+02 -2.296690e+03 1.374246e+03 7.060020e+03
1.316312e-01 3.042577e+03 7.479354e+02 -1.041265e+03 1.735533e+03 9.091714e+03
1.322597e-01 3.289966e+03 7.455867e+02 2.832142e+02 1.847876e+03 1.130257e+04
1.328871e-01 3.513585e+03 6.417104e+02 1.476587e+03 1.677136e+03 1.336079e+04
1.335151e-01 3.671096e+03 4.632383e+02 2.410941e+03 1.299843e+03 1.492063e+04
1.341448e-01 3.741921e+03 2.396797e+02 2.942411e+03 7.645584e+02 1.579402e+04
1.347734e-01 3.715319e+03 -4.471549e+00 3.024356e+03 1.407698e+02 1.585460e+04
1.354003e-01 3.582415e+03 -2.263703e+02 2.643184e+03 -4.737864e+02 1.503770e+04
1.360284e-01 3.374377e+03 -4.012464e+02 1.891211e+03 -9.781699e+02 1.356960e+04
1.366568e-01 3.111372e+03 -5.153139e+02 8.766600e+02 -1.348206e+03 1.160091e+04
1.372858e-01 2.824735e+03 -5.448800e+02 -2.607645e+02 -1.488238e+03 9.374680e+03
1.379142e-01 2.563173e+03 -4.886355e+02 -1.342349e+03 -1.410399e+03 7.239447e+03
1.385416e-01 2.344297e+03 -3.546679e+02 -2.201477e+03 -1.124206e+03 5.440767e+03
1.391708e-01 2.204098e+03 -1.604388e+02 -2.756237e+03 -6.766083e+02 4.212872e+03
1.397994e-01 2.150709e+03 6.631203e+01 -2.901739e+03 -1.300197e+02 3.710849e+03
1.404273e-01 2.179129e+03 2.954345e+02 -2.621629e+03 4.323700e+02 3.972422e+03
1.410561e-01 2.296904e+03 4.853487e+02 -1.975156e+03 9.589691e+02 4.964746e+03
1.416844e-01 2.469710e+03 6.203669e+02 -1.013873e+03 1.358609e+03 6.508463e+03
1.423121e-01 2.679965e+03 6.779341e+02 1.122750e+02 1.591868e+03 8.385881e+03
1.429401e-01 2.893756e+03 6.578707e+02 1.278271e+03 1.636472e+03 1.033773e+04
1.435692e-01 3.084512e+03 5.684379e+02 2.326870e+03 1.464607e+03 1.211805e+04
1.441983e-01 3.219323e+03 4.148559e+02 3.108653e+03 1.124531e+03 1.348257e+04
1.448262e-01 3.279080e+03 2.227282e+02 3.580861e+03 6.599657e+02 1.426156e+04
1.454539e-01 3.255619e+03 9.235645e+00 3.631876e+03 1.453656e+02 1.434915e+04
1.460823e-01 3.159364e+03 -1.995700e+02 3.323380e+03 -3.715462e+02 1.375034e+04
1.467115e-01 2.987875e+03 -3.753344e+02 2.671418e+03 -8.001154e+02 1.250796e+04
1.473399e-01 2.784234e+03 -4.949744e+02 1.755798e+03 -1.104544e+03 1.081721e+04
1.479676e-01 2.554738e+03 -5.446096e+02 7.377220e+02 -1.244289e+03 8.869523e+03
1.485964e-01 2.339404e+03 -5.202421e+02 -3.027746e+02 -1.217025e+03 6.936076e+03
1.492243e-01 2.153773e+03 -4.272242e+02 -1.196087e+03 -1.019662e+03 5.204979e+03
1.498507e-01 2.025145e+03 -2.827756e+02 -1.862718e+03 -7.063067e+02 3.903760e+03
1.504788e-01 1.955688e+03 -9.580078e+01 -2.203494e+03 -3.037415e+02 3.138466e+03
1.511078e-01 1.956444e+03 1.029221e+02 -2.203613e+03 1.236990e+02 2.991345e+03
1.517364e-01 2.012945e+03 2.900917e+02 -1.871571e+03 5.172813e+02 3.432850e+03
1.523652e-01 2.116192e+03 4.383787e+02 -1.249651e+03 8.357100e+02 4.387741e+03
1.529942e-01 2.245213e+03 5.332247e+02 -4.412366e+02 1.042306e+03 5.684856e+03
1.536237e-01 2.386852e+03 5.542563e+02 4.352157e+02 1.113304e+03 7.155356e+03
1.542519e-01 2.517956e+03 5.029357e+02 1.287396e+03 1.045804e+03 8.570375e+03
1.548791e-01 2.619814e+03 3.934087e+02 1.974783e+03 8.535567e+02 9.710213e+03
1.555078e-01 2.685230e+03 2.446761e+02 2.461114e+03 5.641203e+02 1.047656e+04
1.561363e-01 2.698211e+03 7.545042e+01 2.655385e+03 2.057384e+02 1.075272e+04
1.567636e-01 2.657047e+03 -8.187904e+01 2.555086e+03 -1.664297e+02 1.049960e+04
1.573916e-01 2.560971e+03 -2.140066e+02 2.187178e+03 -5.032165e+02 9.766655e+03
1.580207e-01 2.420144e+03 -3.101718e+02 1.600790e+03 -7.668837e+02 8.662414e+03
1.586492e-01 2.255566e+03 -3.592783e+02 8.870577e+02 -9.203943e+02 7.319387e+03
1.592766e-01 2.082598e+03 -3.638948e+02 1.356157e+02 -9.489193e+02 5.887817e+03
1.599049e-01 1.927723e+03 -3.168281e+02 -5.529911e+02 -8.491023e+02 4.553572e+03
1.605344e-01 1.800775e+03 -2.303991e+02 -1.093138e+03 -6.499207e+02 3.440280e+03
1.611623e-01 1.720964e+03 -1.093110e+02 -1.442465e+03 -3.732318e+02 2.708489e+03
1.617904e-01 1.689080e+03 2.254818e+01 -1.556750e+03 -6.691510e+01 2.388760e+03
1.624191e-01 1.702391e+03 1.503055e+02 -1.441336e+03 2.333321e+02 2.509174e+03
1.630470e-01 1.759093e+03 2.516983e+02 -1.120688e+03 4.880100e+02 3.009729e+03
1.636756e-01 1.845130e+03 3.148823e+02 -6.466182e+02 6.684178e+02 3.798059e+03
1.643038e-01 1.950827e+03 3.379268e+02 -9.211238e+01 7.613641e+02 4.745667e+03
1.649313e-01 2.057204e+03 3.169549e+02 4.685523e+02 7.482030e+02 5.712428e+03
1.655596e-01 2.144524e+03 2.615403e+02 9.626217e+02 6.435954e+02 6.554055e+03
1.661885e-01 2.203025e+03 1.820956e+02 1.308570e+03 4.695865e+02 7.153086e+03
1.668177e-01 2.228850e+03 8.050681e+01 1.486319e+03 2.339420e+02 7.471632e+03
1.674456e-01 2.208000e+03 -2.623212e+01 1.458141e+03 -1.532685e+01 7.398519e+03
1.680727e-01 2.153441e+03 -1.219496e+02 1.262227e+03 -2.531245e+02 7.027486e+03
1.687016e-01 2.071738e+03 -1.964645e+02 9.200348e+02 -4.505203e+02 6.364202e+03
1.693313e-01 1.968095e+03 -2.371303e+02 4.697525e+02 -5.810264e+02 5.516339e+03
1.699587e-01 1.860093e+03 -2.405038e+02 -1.169892e+01 -6.257000e+02 4.598823e+03
1.705866e-01 1.754178e+03 -2.131258e+02 -4.769462e+02 -5.914258e+02 3.711070e+03
1.712159e-01 1.666742e+03 -1.606792e+02 -8.568585e+02 -4.773197e+02 2.959129e+03
1.718445e-01 1.609736e+03 -9.253164e+01 -1.123965e+03 -3.112401e+02 2.432167e+03
1.724727e-01 1.583778e+03 -1.495767e+01 -1.236936e+03 -1.157173e+02 2.151625e+03
1.731002e-01 1.587768e+03 6.142879e+01 -1.205326e+03 8.344318e+01 2.124179e+03
1.737290e-01 1.620501e+03 1.291302e+02 -1.041514e+03 2.480176e+02 2.339154e+03
1.743571e-01 1.668768e+03 1.775057e+02 -7.967938e+02 3.604660e+02 2.734121e+03
1.749848e-01 1.724978e+03 2.000534e+02 -4.964351e+02 4.103272e+02 3.230633e+03
1.756135e-01 1.775197e+03 1.916282e+02 -1.975612e+02 3.914049e+02 3.732647e+03
1.762417e-01 1.813710e+03 1.585253e+02 5.330207e+01 3.085792e+02 4.164824e+03
1.768700e-01 1.832850e+03 1.042891e+02 2.199033e+02 1.860239e+02 4.424319e+03
1.774983e-01 1.828913e+03 4.041459e+01 2.723535e+02 3.797014e+01 4.502349e+03
1.781269e-01 1.800451e+03 -2.308191e+01 2.171574e+02 -1.139836e+02 4.353956e+03
1.787551e-01 1.754172e+03 -8.000726e+01 4.814636e+01 -2.508994e+02 4.008137e+03
1.793837e-01 1.692369e+03 -1.178988e+02 -1.914300e+02 -3.585812e+02 3.533207e+03
1.800121e-01 1.626160e+03 -1.290397e+02 -4.671351e+02 -4.088566e+02 2.969155e+03
1.806398e-01 1.560467e+03 -1.154204e+02 -7.370105e+02 -4.105116e+02 2.423240e+03
1.812676e-01 1.506106e+03 -7.479269e+01 -9.590659e+02 -3.462699e+02 1.956482e+03
1.818961e-01 1.465142e+03 -1.548060e+01 -1.099469e+03 -2.364721e+02 1.640859e+03
1.825251e-01 1.442557e+03 4.840253e+01 -1.128714e+03 -9.312915e+01 1.515545e+03
1.831533e-01 1.445877e+03 1.106699e+02 -1.047458e+03 6.857547e+01 1.589541e+03
1.837813e-01 1.466864e+03 1.614341e+02 -8.584146e+02 2.168729e+02 1.855612e+03
1.844104e-01 1.508923e+03 1.919021e+02 -5.855781e+02 3.358198e+02 2.268867e+03
1.850389e-01 1.561830e+03 2.022697e+02 -2.677456e+02 4.024485e+02 2.770864e+03
1.856669e-01 1.617595e+03 1.893161e+02 5.408006e+01 4.112594e+02 3.288562e+03
1.862953e-01 1.667956e+03 1.579788e+02 3.323606e+02 3.588254e+02 3.756160e+03
1.869236e-01 1.703010e+03 1.059650e+02 5.388312e+02 2.521787e+02 4.094305e+03
1.875520e-01 1.719454e+03 4.697980e+01 6.393879e+02 1.145981e+02 4.272619e+03
1.881803e-01 1.711260e+03 -1.876555e+01 6.255967e+02 -3.750429e+01 4.240542e+03
1.888083e-01 1.684866e+03 -7.752098e+01 4.975825e+02 -1.770625e+02 4.015340e+03
1.894359e-01 1.636911e+03 -1.228909e+02 2.764465e+02 -2.916602e+02 3.610908e+03
1.900648e-01 1.577253e+03 -1.489104e+02 -6.635713e+00 -3.572711e+02 3.087780e+03
1.906937e-01 1.517259e+03 -1.513282e+02 -3.127627e+02 -3.745052e+02 2.528502e+03
1.913208e-01 1.459441e+03 -1.271412e+02 -5.937258e+02 -3.302492e+02 1.992022e+03
1.919495e-01 1.417039e+03 -8.337269e+01 -8.137190e+02 -2.387526e+02 1.572601e+03
1.925783e-01 1.392330e+03 -2.344520e+01 -9.306029e+02 -1.048039e+02 1.328090e+03
1.932069e-01 1.395968e+03 4.792647e+01 -9.287176e+02 5.453605e+01 1.296942e+03
1.938350e-01 1.420794e+03 1.195602e+02 -7.969144e+02 2.137956e+02 1.492341e+03
1.944626e-01 1.466156e+03 1.832947e+02 -5.481555e+02 3.636239e+02 1.895029e+03
1.950912e-01 1.528717e+03 2.317975e+02 -2.152084e+02 4.721027e+02 2.463713e+03
1.957198e-01 1.600140e+03 2.561810e+02 1.761805e+02 5.347011e+02 3.138453e+03
1.963481e-01 1.668589e+03 2.530484e+02 5.782359e+02 5.333168e+02 3.826842e+03
1.969763e-01 1.730532e+03 2.229121e+02 9.445751e+02 4.739258e+02 4.453040e+03
1.976057e-01 1.774924e+03 1.697023e+02 1.230195e+03 3.630919e+02 4.936642e+03
1.982346e-01 1.798551e+03 1.014865e+02 1.411193e+03 2.087144e+02 5.227419e+03
1.988621e-01 1.797911e+03 2.674317e+01 1.456943e+03 3.652647e+01 5.283415e+03
1.994900e-01 1.769855e+03 -4.609650e+01 1.375611e+03 -1.443191e+02 5.105731e+03
2.001183e-01 1.719618e+03 -1.081830e+02 1.160845e+03 -2.998004e+02 4.707735e+03
2.007462e-01 1.651892e+03 -1.561797e+02 8.619221e+02 -4.174674e+02 4.145590e+03
2.013743e-01 1.574074e+03 -1.818618e+02 5.039052e+02 -4.846998e+02 3.476350e+03
2.020025e-01 1.493844e+03 -1.819317e+02 1.257570e+02 -4.852460e+02 2.769304e+03
2.026313e-01 1.421580e+03 -1.598705e+02 -2.185533e+02 -4.281526e+02 2.120023e+03
2.032604e-01 1.363074e+03 -1.164795e+02 -4.995781e+02 -3.223549e+02 1.576001e+03
2.038879e-01 1.323858e+03 -5.955886e+01 -6.812855e+02 -1.798195e+02 1.211862e+03
2.045158e-01 1.310130e+03 5.415684e+00 -7.515651e+02 -2.141423e+01 1.046900e+03
2.051449e-01 1.316571e+03 6.894434e+01 -7.052737e+02 1.295178e+02 1.091150e+03
2.057735e-01 1.345618e+03 1.253734e+02 -5.491616e+02 2.560376e+02 1.330984e+03
2.064017e-01 1.387104e+03 1.693826e+02 -3.160273e+02 3.461115e+02 1.723108e+03
2.070305e-01 1.437272e+03 1.937771e+02 -2.654822e+01 3.856718e+02 2.214449e+03
2.076594e-01 1.487569e+03 1.960879e+02 2.689867e+02 3.828694e+02 2.734424e+03
2.082867e-01 1.528951e+03 1.745347e+02 5.366471e+02 3.350443e+02 3.203992e+03
2.089139e-01 1.559824e+03 1.352179e+02 7.506149e+02 2.553610e+02 3.574697e+03
2.095429e-01 1.574274e+03 8.042628e+01 8.763286e+02 1.534149e+02 3.790146e+03
2.101711e-01 1.574194e+03 2.131525e+01 9.064028e+02 3.711601e+01 3.826300e+03
2.107990e-01 1.553695e+03 -3.385070e+01 8.358587e+02 -7.692542e+01 3.682016e+03
2.114275e-01 1.521594e+03 -7.940214e+01 6.809877e+02 -1.786367e+02 3.388598e+03
2.120557e-01 1.475230e+03 -1.111928e+02 4.624391e+02 -2.564366e+02 2.977290e+03
2.126842e-01 1.422644e+03 -1.249191e+02 2.008316e+02 -2.973230e+02 2.501375e+03
2.133127e-01 1.369100e+03 -1.214095e+02 -5.947815e+01 -3.026054e+02 2.017397e+03
2.139414e-01 1.323717e+03 -1.029839e+02 -2.968613e+02 -2.699688e+02 1.585092e+03
2.145702e-01 1.285867e+03 -7.338480e+01 -4.796618e+02 -2.075232e+02 1.236283e+03
2.151979e-01 1.262554e+03 -3.315401e+01 -5.980925e+02 -1.248835e+02 1.005410e+03
2.158262e-01 1.252355e+03 9.435073e+00 -6.444112e+02 -3.608482e+01 9.038818e+02
2.164548e-01 1.254901e+03 4.960685e+01 -6.196125e+02 4.654424e+01 9.303800e+02
2.170834e-01 1.267978e+03 8.289884e+01 -5.369893e+02 1.098789e+02 1.063700e+03
2.177116e-01 1.282970e+03 9.991982e+01 -4.135276e+02 1.479400e+02 1.259698e+03
2.183390e-01 1.303945e+03 1.033744e+02 -2.776591e+02 1.570665e+02 1.491269e+03
2.189672e-01 1.320881e+03 9.126789e+01 -1.439055e+02 1.359095e+02 1.698890e+03
2.195962e-01 1.334572e+03 6.881122e+01 -4.066036e+01 9.354720e+01 1.858679e+03
2.202247e-01 1.338670e+03 4.205343e+01 2.470623e+01 3.206897e+01 1.932307e+03
2.208525e-01 1.334842e+03 1.292833e+01 2.853651e+01 -3.283218e+01 1.917063e+03
2.214806e-01 1.321010e+03 -1.178161e+01 -1.272334e+01 -9.548069e+01 1.814362e+03
2.221096e-01 1.300191e+03 -3.071226e+01 -9.938481e+01 -1.375470e+02 1.647872e+03
2.227377e-01 1.275329e+03 -4.162765e+01 -2.150090e+02 -1.587420e+02 1.435708e+03
2.233660e-01 1.252268e+03 -4.255262e+01 -3.309391e+02 -1.475497e+02 1.214750e+03
2.239949e-01 1.234730e+03 -3.180448e+01 -4.326389e+02 -1.110531e+02 1.023028e+03
2.246230e-01 1.226257e+03 -8.771319e+00 -4.929144e+02 -4.606416e+01 8.891245e+02
2.252510e-01 1.227470e+03 2.434473e+01 -5.005465e+02 2.790346e+01 8.502001e+02
2.258786e-01 1.240539e+03 6.334526e+01 -4.433929e+02 1.062005e+02 9.179831e+02
2.265070e-01 1.261321e+03 1.014549e+02 -3.245878e+02 1.779187e+02 1.097797e+03
2.271353e-01 1.290190e+03 1.351310e+02 -1.538317e+02 2.361653e+02 1.380116e+03
2.277640e-01 1.323999e+03 1.530193e+02 5.778112e+01 2.717743e+02 1.742438e+03
2.283928e-01 1.359428e+03 1.557137e+02 2.842330e+02 2.853921e+02 2.137929e+03
2.290206e-01 1.393669e+03 1.392768e+02 5.041926e+02 2.709082e+02 2.518622e+03
2.296494e-01 1.425098e+03 1.094589e+02 6.891691e+02 2.292328e+02 2.847395e+03
2.302775e-01 1.449021e+03 7.004448e+01 8.261574e+02 1.662766e+02 3.087714e+03
2.309053e-01 1.461559e+03 2.722740e+01 8.867363e+02 8.476048e+01 3.198552e+03
2.315342e-01 1.460053e+03 -1.486666e+01 8.789430e+02 -6.052126e+00 3.186301e+03
2.321633e-01 1.445427e+03 -4.948824e+01 7.956261e+02 -1.003560e+02 3.040312e+03
2.327917e-01 1.415163e+03 -7.640538e+01 6.502458e+02 -1.819735e+02 2.781179e+03
2.334191e-01 1.374353e+03 -9.282336e+01 4.584712e+02 -2.424806e+02 2.437323e+03
2.340471e-01 1.327543e+03 -9.846700e+01 2.421035e+02 -2.762216e+02 2.041131e+03
2.346760e-01 1.278864e+03 -9.408370e+01 2.855640e+01 -2.746973e+02 1.642848e+03
2.353048e-01 1.235163e+03 -8.067419e+01 -1.686891e+02 -2.434478e+02 1.277058e+03
2.359331e-01 1.200354e+03 -5.959398e+01 -3.256406e+02 -1.849706e+02 9.743076e+02
2.365605e-01 1.179852e+03 -3.278402e+01 -4.325246e+02 -1.102532e+02 7.698989e+02
2.371890e-01 1.172302e+03 -2.443713e+00 -4.819148e+02 -3.173973e+01 6.636483e+02
2.378178e-01 1.176944e+03 2.773044e+01 -4.767961e+02 4.183064e+01 6.689731e+02
2.384456e-01 1.191113e+03 5.357788e+01 -4.247999e+02 9.833205e+01 7.610536e+02
2.390742e-01 1.211817e+03 7.144798e+01 -3.327154e+02 1.312555e+02 9.193948e+02
2.397020e-01 1.234163e+03 8.061871e+01 -2.222417e+02 1.432857e+02 1.113391e+03
2.403299e-01 1.255797e+03 7.900587e+01 -1.072169e+02 1.306810e+02 1.306190e+03
2.409587e-01 1.271332e+03 6.895415e+01 -6.635403e+00 9.340714e+01 1.468513e+03
2.415875e-01 1.280627e+03 5.155222e+01 6.184188e+01 4.902013e+01 1.577528e+03
2.422165e-01 1.280118e+03 2.895903e+01 9.602962e+01 -7.581294e+00 1.614163e+03
2.428445e-01 1.272571e+03 5.338722e+00 8.331768e+01 -6.064771e+01 1.576640e+03
2.434722e-01 1.257342e+03 -1.486667e+01 3.449943e+01 -1.078725e+02 1.467247e+03
2.441005e-01 1.236764e+03 -2.735916e+01 -4.305063e+01 -1.425176e+02 1.304279e+03
2.447295e-01 1.212442e+03 -3.258464e+01 -1.398210e+02 -1.567066e+02 1.111504e+03
2.453575e-01 1.187505e+03 -2.794819e+01 -2.385638e+02 -1.495793e+02 9.213232e+02
2.459854e-01 1.163989e+03 -1.651345e+01 -3.263087e+02 -1.233002e+02 7.576813e+02
2.466143e-01 1.146426e+03 -4.226199e+00 -3.890999e+02 -7.590487e+01 6.417237e+02
2.472426e-01 1.137000e+03 1.195981e+01 -4.173637e+02 -1.557236e+01 5.843746e+02
2.478702e-01 1.139143e+03 2.773082e+01 -4.062737e+02 4.624070e+01 5.956741e+02
2.484984e-01 1.148506e+03 4.611343e+01 -3.553899e+02 1.030337e+02 6.685777e+02
2.491273e-01 1.166886e+03 6.236703e+01 -2.735786e+02 1.412316e+02 7.985869e+02
2.497552e-01 1.185730e+03 7.604736e+01 -1.753674e+02 1.582794e+02 9.734916e+02
2.503834e-01 1.205997e+03 8.131914e+01 -6.639740e+01 1.511360e+02 1.168691e+03
2.510119e-01 1.222304e+03 7.729487e+01 3.716335e+01 1.263351e+02 1.356186e+03
2.516403e-01 1.235116e+03 6.490154e+01 1.275329e+02 8.780637e+01 1.514578e+03
2.522691e-01 1.242846e+03 4.676804e+01 1.885214e+02 3.800384e+01 1.615299e+03
2.528974e-01 1.241994e+03 2.635250e+01 2.145004e+02 -1.328510e+01 1.642296e+03
2.535254e-01 1.236144e+03 7.781660e+00 2.076518e+02 -6.502003e+01 1.601985e+03
2.541542e-01 1.220599e+03 -7.816648e+00 1.602336e+02 -1.118330e+02 1.490326e+03
2.547828e-01 1.201332e+03 -1.868785e+01 9.160317e+01 -1.469953e+02 1.336055e+03
2.554104e-01 1.178204e+03 -2.284180e+01 2.151077e+00 -1.653515e+02 1.152024e+03
2.560379e-01 1.154412e+03 -2.512000e+01 -8.956237e+01 -1.655146e+02 9.645148e+02
2.566670e-01 1.134134e+03 -2.159115e+01 -1.750930e+02 -1.408294e+02 7.886605e+02
2.572958e-01 1.120488e+03 -1.557535e+01 -2.446301e+02 -1.031061e+02 6.507224e+02
2.579236e-01 1.115298e+03 -6.528621e+00 -2.887616e+02 -5.433322e+01 5.558629e+02
2.585522e-01 1.116857e+03 5.794055e+00 -3.050812e+02 -6.212124e+00 5.092744e+02
2.591808e-01 1.125591e+03 2.151357e+01 -2.915821e+02 3.627519e+01 5.181862e+02
2.598086e-01 1.137848e+03 3.694902e+01 -2.532703e+02 6.609673e+01 5.756078e+02
2.604363e-01 1.149536e+03 5.030270e+01 -1.975435e+02 7.751029e+01 6.695749e+02
2.610650e-01 1.158316e+03 5.733813e+01 -1.347960e+02 7.800931e+01 7.831161e+02
2.616935e-01 1.165181e+03 5.620528e+01 -7.312601e+01 6.877792e+01 8.949052e+02
2.623210e-01 1.168166e+03 4.670742e+01 -2.582360e+01 5.144968e+01 9.848332e+02
2.629494e-01 1.167629e+03 3.047540e+01 2.891713e+00 2.899756e+01 1.041463e+03
2.635781e-01 1.165067e+03 1.096959e+01 4.343384e+00 1.554156e+00 1.045556e+03
2.642065e-01 1.160713e+03 -6.083128e+00 -2.105550e+01 -2.777915e+01 1.009027e+03
2.648347e-01 1.155128e+03 -1.766420e+01 -6.189390e+01 -5.428479e+01 9.342486e+02
2.654637e-01 1.146567e+03 -2.242894e+01 -1.180455e+02 -7.576248e+01 8.392867e+02
2.660924e-01 1.138283e+03 -1.827659e+01 -1.779913e+02 -8.541434e+01 7.358962e+02
2.667201e-01 1.129055e+03 -9.876723e+00 -2.311434e+02 -8.079228e+01 6.413676e+02
2.673488e-01 1.121482e+03 3.926756e+00 -2.670833e+02 -6.097276e+01 5.721826e+02
2.679778e-01 1.117485e+03 1.942335e+01 -2.799303e+02 -3.000057e+01 5.342321e+02
2.686062e-01 1.117264e+03 3.697635e+01 -2.646108e+02 9.206695e+00 5.448879e+02
2.692341e-01 1.122390e+03 5.249559e+01 -2.245117e+02 4.926836e+01 5.961480e+02
2.698620e-01 1.130102e+03 6.448956e+01 -1.646615e+02 8.252158e+01 6.923511e+02
2.704897e-01 1.140921e+03 6.957452e+01 -8.967216e+01 1.046007e+02 8.154795e+02
2.711178e-01 1.154771e+03 6.769536e+01 -8.762448e+00 1.131068e+02 9.562676e+02
2.717462e-01 1.167508e+03 5.975269e+01 6.964414e+01 1.059935e+02 1.088398e+03
2.723748e-01 1.179719e+03 4.817555e+01 1.328478e+02 8.551633e+01 1.197095e+03
2.730040e-01 1.188268e+03 3.382936e+01 1.728376e+02 5.364975e+01 1.269143e+03
2.736320e-01 1.190184e+03 1.836499e+01 1.810461e+02 1.426130e+01 1.288360e+03
2.742595e-01 1.187127e+03 2.027272e+00 1.609096e+02 -2.966482e+01 1.259138e+03
2.748883e-01 1.177688e+03 -1.229356e+01 1.111978e+02 -6.856191e+01 1.172875e+03
2.755167e-01 1.164768e+03 -2.193409e+01 4.312761e+01 -1.003853e+02 1.046348e+03
2.761449e-01 1.147645e+03 -2.529040e+01 -3.918877e+01 -1.193398e+02 8.922205e+02
2.767736e-01 1.129976e+03 -2.211677e+01 -1.199599e+02 -1.224425e+02 7.342040e+02
2.774020e-01 1.113036e+03 -1.255079e+01 -1.936290e+02 -1.076331e+02 5.894088e+02
2.780301e-01 1.099493e+03 3.326116e-01 -2.497108e+02 -7.744330e+01 4.782517e+02
2.786580e-01 1.090558e+03 1.676568e+01 -2.767444e+02 -3.895031e+01 4.132594e+02
2.792860e-01 1.089948e+03 3.290500e+01 -2.742101e+02 6.530124e+00 4.067910e+02
2.799146e-01 1.096149e+03 4.818806e+01 -2.380469e+02 5.075858e+01 4.575528e+02
2.805434e-01 1.108332e+03 5.994709e+01 -1.756255e+02 8.899736e+01 5.622742e+02
2.811718e-01 1.125284e+03 6.777020e+01 -9.122246e+01 1.147116e+02 7.081536e+02
2.817991e-01 1.146231e+03 6.921536e+01 5.842016e+00 1.289512e+02 8.729207e+02
2.824272e-01 1.166371e+03 6.585611e+01 1.016131e+02 1.254090e+02 1.042823e+03
2.830565e-01 1.184770e+03 5.647795e+01 1.879554e+02 1.065874e+02 1.184678e+03
2.836849e-01 1.198111e+03 4.452497e+01 2.475639e+02 7.123742e+01 1.291952e+03
2.843133e-01 1.204334e+03 2.863379e+01 2.787795e+02 3.070190e+01 1.348271e+03
2.849417e-01 1.204532e+03 1.041244e+01 2.754764e+02 -1.527539e+01 1.347873e+03
2.855699e-01 1.196489e+03 -7.595500e+00 2.363756e+02 -5.807592e+01 1.287766e+03
2.861980e-01 1.183814e+03 -2.429816e+01 1.726344e+02 -9.333099e+01 1.170731e+03
2.868264e-01 1.168537e+03 -3.571244e+01 8.558670e+01 -1.180424e+02 1.017086e+03
2.874550e-01 1.151124e+03 -3.768306e+01 -6.983574e+00 -1.267119e+02 8.386570e+02
2.880834e-01 1.133571e+03 -3.095737e+01 -9.857516e+01 -1.226228e+02 6.650157e+02
2.887116e-01 1.116119e+03 -1.659882e+01 -1.793720e+02 -1.012460e+02 5.135185e+02
2.893396e-01 1.100964e+03 2.586323e+00 -2.346097e+02 -6.989816e+01 4.056101e+02
2.899676e-01 1.090565e+03 2.139225e+01 -2.649645e+02 -3.084110e+01 3.530280e+02
2.905957e-01 1.086291e+03 3.835164e+01 -2.551444e+02 1.443637e+01 3.536863e+02
2.912243e-01 1.089384e+03 5.374163e+01 -2.171016e+02 5.418765e+01 4.161747e+02
2.918528e-01 1.097812e+03 6.562091e+01 -1.496662e+02 8.819450e+01 5.209099e+02
2.924811e-01 1.110914e+03 7.193450e+01 -6.479900e+01 1.097894e+02 6.613735e+02
2.931098e-01 1.126048e+03 7.346808e+01 2.427641e+01 1.157538e+02 8.180762e+02
2.937380e-01 1.141528e+03 6.606812e+01 1.086256e+02 1.087957e+02 9.720534e+02
2.943663e-01 1.155132e+03 5.345734e+01 1.780012e+02 8.578664e+01 1.102832e+03
2.949950e-01 1.166093e+03 3.497771e+01 2.247379e+02 5.505426e+01 1.189165e+03
2.956230e-01 1.172334e+03 1.704412e+01 2.445568e+02 1.448797e+01 1.224354e+03
2.962512e-01 1.172776e+03 7.008407e-01 2.322719e+02 -2.685430e+01 1.201333e+03
2.968799e-01 1.165350e+03 -1.003502e+01 1.926387e+02 -6.569521e+01 1.125102e+03
2.975081e-01 1.150913e+03 -1.687647e+01 1.286791e+02 -9.712356e+01 1.005799e+03
2.981363e-01 1.132787e+03 -1.983175e+01 4.934212e+01 -1.176788e+02 8.631992e+02
2.987649e-01 1.111326e+03 -2.031920e+01 -3.269256e+01 -1.192858e+02 7.064907e+02
2.993933e-01 1.092596e+03 -1.668526e+01 -1.106609e+02 -1.081200e+02 5.587763e+02
3.000210e-01 1.077470e+03 -9.952515e+00 -1.702496e+02 -8.015228e+01 4.341700e+02
3.006489e-01 1.068990e+03 2.759568e+00 -2.085405e+02 -4.606207e+01 3.484084e+02
3.012772e-01 1.066259e+03 1.930697e+01 -2.199295e+02 -5.251635e+00 3.116507e+02
3.019055e-01 1.069741e+03 3.686104e+01 -2.051455e+02 3.081317e+01 3.310687e+02
3.025339e-01 1.077951e+03 5.237560e+01 -1.642117e+02 6.211012e+01 4.031230e+02
3.031628e-01 1.089751e+03 6.284349e+01 -1.040963e+02 8.310056e+01 5.149286e+02
3.037913e-01 1.104105e+03 6.670617e+01 -2.731486e+01 9.754296e+01 6.543568e+02
3.044197e-01 1.118099e+03 6.532779e+01 5.130459e+01 9.860241e+01 8.012029e+02
3.050478e-01 1.132143e+03 5.832902e+01 1.234882e+02 9.299494e+01 9.365379e+02
3.056758e-01 1.142596e+03 4.601882e+01 1.803541e+02 7.556953e+01 1.042191e+03
3.063043e-01 1.149829e+03 3.078563e+01 2.111162e+02 4.993560e+01 1.101622e+03
3.069326e-01 1.151588e+03 1.408289e+01 2.184915e+02 1.413208e+01 1.113790e+03
3.075614e-01 1.149099e+03 2.828375e-01 2.018902e+02 -2.268270e+01 1.077268e+03
3.081897e-01 1.141522e+03 -9.534719e+00 1.597504e+02 -6.138967e+01 9.938796e+02
3.088177e-01 1.128266e+03 -1.340857e+01 1.022203e+02 -9.211702e+01 8.839945e+02
3.094460e-01 1.112136e+03 -1.427906e+01 3.045458e+01 -1.099228e+02 7.563281e+02
3.100746e-01 1.095375e+03 -1.233055e+01 -4.166608e+01 -1.120157e+02 6.260591e+02
3.107034e-01 1.079495e+03 -1.011119e+01 -1.090127e+02 -1.006174e+02 5.032644e+02
3.113314e-01 1.068635e+03 -5.048400e+00 -1.624857e+02 -7.657184e+01 4.002863e+02
3.119592e-01 1.065165e+03 2.502289e+00 -1.954301e+02 -4.656934e+01 3.289907e+02
3.125877e-01 1.064843e+03 1.429874e+01 -2.066918e+02 -1.442921e+01 2.956072e+02
3.132162e-01 1.070072e+03 2.769936e+01 -1.971201e+02 1.437590e+01 3.024294e+02
3.138441e-01 1.076845e+03 4.079374e+01 -1.680702e+02 3.742474e+01 3.489231e+02
3.144726e-01 1.084997e+03 5.008479e+01 -1.260375e+02 5.063294e+01 4.226023e+02
3.151006e-01 1.093689e+03 5.509622e+01 -7.472102e+01 5.727541e+01 5.122687e+02
3.157285e-01 1.100202e+03 5.416090e+01 -2.024965e+01 5.500488e+01 6.019316e+02
3.163571e-01 1.105663e+03 5.005522e+01 2.616821e+01 4.588578e+01 6.770510e+02
3.169854e-01 1.107092e+03 4.205702e+01 6.042167e+01 2.787086e+01 7.282427e+02
3.176141e-01 1.105959e+03 3.106018e+01 7.658791e+01 7.486339e+00 7.467864e+02
3.182425e-01 1.102135e+03 1.886041e+01 7.479819e+01 -1.584508e+01 7.347704e+02
3.188706e-01 1.096333e+03 7.808612e+00 5.588993e+01 -4.049963e+01 6.930141e+02
3.194993e-01 1.088881e+03 -9.224215e-01 2.276915e+01 -6.103732e+01 6.217201e+02
3.201278e-01 1.080116e+03 -3.656097e+00 -2.002921e+01 -7.441077e+01 5.368781e+02
3.207553e-01 1.071052e+03 -2.019785e+00 -6.327967e+01 -8.699638e+01 4.493296e+02
3.213837e-01 1.062710e+03 1.041585e+01 -9.644374e+01 -8.079852e+01 3.790136e+02
