# k, q0, q1/i, q2, q3/i, q4, norm, alpha = 1.18448e+01, 2.00279e-02
5.385587e-04 6.790989e+13 1.900711e+13 -1.170549e+12 2.196199e+12 -4.014413e+13
1.034961e-03 5.557640e+13 3.025251e+13 9.463507e+11 3.302223e+12 4.029295e+12
1.650345e-03 3.592012e+13 3.018866e+13 4.969362e+12 8.539596e+12 -1.819136e+12
2.219461e-03 2.140243e+13 2.078515e+13 9.504699e+12 1.685921e+13 -1.026456e+13
2.824187e-03 1.141742e+13 1.065175e+13 1.477107e+13 2.149523e+13 -1.202101e+13
3.476178e-03 6.611871e+12 4.336334e+12 1.563464e+13 2.203059e+13 -1.280403e+13
4.066840e-03 4.303173e+12 2.468132e+12 1.272128e+13 1.799552e+13 -9.644624e+12
4.679538e-03 2.801545e+12 1.445337e+12 9.277991e+12 1.219814e+13 -3.774789e+12
5.338852e-03 1.785136e+12 7.604495e+11 6.123224e+12 7.283455e+12 2.248915e+11
5.972931e-03 1.216002e+12 3.587466e+11 4.233621e+12 4.333804e+12 1.766372e+12
6.592959e-03 8.235759e+11 2.669879e+11 2.778939e+12 2.657583e+12 1.699786e+12
7.211547e-03 5.642105e+11 2.207101e+11 1.867116e+12 1.598256e+12 1.635156e+12
7.844333e-03 3.227514e+11 1.275893e+11 1.063046e+12 8.846490e+11 1.155432e+12
8.479886e-03 2.032002e+11 5.011067e+10 6.372281e+11 4.968158e+11 7.909808e+11
9.100686e-03 1.281739e+11 2.459506e+10 3.494280e+11 2.897697e+11 4.375914e+11
9.724355e-03 8.094392e+10 1.953353e+10 1.637790e+11 1.486406e+11 2.188881e+11
1.035816e-02 4.787845e+10 1.494198e+10 5.126489e+10 5.605413e+10 9.693662e+10
1.099013e-02 2.834280e+10 1.025749e+10 -4.856855e+09 8.996710e+09 3.739603e+10
1.161954e-02 1.848032e+10 6.490709e+09 -1.907795e+10 -1.296835e+09 1.341220e+10
1.224543e-02 1.405815e+10 3.605273e+09 -1.706016e+10 -1.101462e+09 8.856009e+09
1.287347e-02 1.328302e+10 2.411977e+09 -5.311155e+09 3.015368e+09 1.878242e+10
1.350110e-02 1.414215e+10 2.708744e+09 7.985873e+09 7.108680e+09 3.579140e+10
1.412539e-02 1.456921e+10 3.057415e+09 2.088510e+10 1.086953e+10 5.336908e+10
1.475576e-02 1.450026e+10 2.874832e+09 3.016088e+10 1.301187e+10 6.718499e+10
1.538306e-02 1.402554e+10 2.572672e+09 3.536593e+10 1.485346e+10 7.360156e+10
1.601201e-02 1.297149e+10 2.019628e+09 3.582220e+10 1.407673e+10 7.320726e+10
1.664797e-02 1.170910e+10 1.922967e+09 3.400064e+10 1.365813e+10 6.842549e+10
1.727684e-02 9.927065e+09 1.486649e+09 2.903428e+10 1.096320e+10 5.981838e+10
1.790148e-02 8.133641e+09 1.085621e+09 2.274621e+10 8.481425e+09 4.942902e+10
1.852764e-02 6.421767e+09 7.186508e+08 1.665357e+10 6.215407e+09 3.802501e+10
1.915179e-02 4.984861e+09 6.002547e+08 1.062487e+10 4.454670e+09 2.752155e+10
1.978148e-02 3.607685e+09 4.525076e+08 5.549721e+09 2.630904e+09 1.804180e+10
2.041144e-02 2.649468e+09 3.267907e+08 1.573683e+09 1.270042e+09 1.108508e+10
2.104337e-02 1.901354e+09 2.401733e+08 -7.645014e+08 4.528638e+08 6.310506e+09
2.167611e-02 1.484752e+09 1.817652e+08 -1.970257e+09 5.534981e+07 3.723168e+09
2.230308e-02 1.303347e+09 1.425270e+08 -2.107962e+09 -2.828114e+07 2.952016e+09
2.292974e-02 1.296405e+09 1.139741e+08 -1.454697e+09 8.391485e+07 3.494918e+09
2.355539e-02 1.400376e+09 1.232227e+08 -3.840251e+08 2.877083e+08 4.880413e+09
2.418150e-02 1.544701e+09 1.338662e+08 8.578077e+08 5.154501e+08 6.651952e+09
2.480946e-02 1.675196e+09 1.569994e+08 2.032330e+09 7.468231e+08 8.327120e+09
2.543879e-02 1.767257e+09 1.541066e+08 2.950973e+09 8.496940e+08 9.676469e+09
2.606741e-02 1.778775e+09 1.759467e+08 3.526441e+09 1.035755e+09 1.033581e+10
2.669501e-02 1.740701e+09 1.502249e+08 3.718738e+09 1.013214e+09 1.051175e+10
2.732628e-02 1.610072e+09 1.272167e+08 3.463649e+09 9.490433e+08 9.818876e+09
2.795771e-02 1.455082e+09 1.074501e+08 2.994321e+09 8.315192e+08 8.803560e+09
2.858621e-02 1.262098e+09 9.996142e+07 2.312227e+09 6.755041e+08 7.427432e+09
2.921223e-02 1.055894e+09 7.795933e+07 1.511202e+09 4.728426e+08 5.887798e+09
2.983725e-02 8.651764e+08 5.988558e+07 7.697665e+08 2.920812e+08 4.453365e+09
3.046693e-02 6.861766e+08 5.135794e+07 1.362909e+08 1.475035e+08 3.124917e+09
3.109608e-02 5.515481e+08 4.934810e+07 -3.434058e+08 4.699432e+07 2.127112e+09
3.172270e-02 4.520759e+08 4.604268e+07 -6.377818e+08 -2.180328e+07 1.450018e+09
3.235285e-02 3.904208e+08 3.881284e+07 -7.223446e+08 -5.934418e+07 1.117534e+09
3.298394e-02 3.704972e+08 3.282371e+07 -6.345256e+08 -5.204329e+07 1.096866e+09
3.361458e-02 3.761141e+08 3.243646e+07 -4.071603e+08 -1.794648e+07 1.306574e+09
3.424083e-02 4.050763e+08 3.179223e+07 -1.297956e+08 2.557875e+07 1.677404e+09
3.486711e-02 4.394541e+08 3.510346e+07 1.780836e+08 7.992303e+07 2.091079e+09
3.549614e-02 4.718567e+08 3.219803e+07 4.663947e+08 1.197947e+08 2.493165e+09
3.612198e-02 4.949440e+08 3.224517e+07 6.770686e+08 1.540928e+08 2.784331e+09
3.674992e-02 5.018410e+08 3.040564e+07 8.210273e+08 1.724791e+08 2.945450e+09
3.737802e-02 4.932423e+08 2.819899e+07 8.551514e+08 1.767765e+08 2.944350e+09
3.800827e-02 4.659471e+08 2.778407e+07 8.083782e+08 1.665602e+08 2.792230e+09
3.863754e-02 4.246273e+08 2.674308e+07 6.679201e+08 1.424359e+08 2.495141e+09
3.926550e-02 3.728692e+08 2.421400e+07 4.968074e+08 1.098583e+08 2.125780e+09
3.989588e-02 3.172876e+08 2.074807e+07 2.929710e+08 7.511166e+07 1.709431e+09
4.052254e-02 2.640666e+08 1.755642e+07 9.786100e+07 4.223412e+07 1.307433e+09
4.115124e-02 2.159253e+08 1.558393e+07 -7.023438e+07 1.595467e+07 9.483561e+08
4.177955e-02 1.798672e+08 1.189434e+07 -1.924129e+08 -3.807287e+06 6.799473e+08
4.240547e-02 1.547139e+08 1.019979e+07 -2.593928e+08 -1.331628e+07 5.037549e+08
4.303621e-02 1.424344e+08 9.113911e+06 -2.727861e+08 -1.670698e+07 4.311106e+08
4.366615e-02 1.403014e+08 8.909665e+06 -2.345621e+08 -1.300118e+07 4.503736e+08
4.429168e-02 1.458798e+08 8.690125e+06 -1.571190e+08 -3.242077e+06 5.387385e+08
4.491727e-02 1.581257e+08 9.139687e+06 -5.762507e+07 8.278478e+06 6.780246e+08
4.554613e-02 1.717205e+08 9.547439e+06 4.615998e+07 2.101024e+07 8.284124e+08
4.617836e-02 1.828796e+08 1.019730e+07 1.465131e+08 3.280378e+07 9.654001e+08
4.680927e-02 1.917462e+08 9.912704e+06 2.236509e+08 3.993545e+07 1.073995e+09
4.743756e-02 1.928712e+08 1.038830e+07 2.694988e+08 4.648748e+07 1.121095e+09
4.806661e-02 1.901060e+08 9.448812e+06 2.807323e+08 4.493330e+07 1.121859e+09
4.869280e-02 1.800074e+08 8.993089e+06 2.598005e+08 4.286001e+07 1.059561e+09
4.931779e-02 1.654192e+08 7.867094e+06 2.163472e+08 3.627538e+07 9.569117e+08
4.994581e-02 1.467964e+08 7.489953e+06 1.502837e+08 2.936078e+07 8.157997e+08
5.057480e-02 1.279408e+08 6.446366e+06 7.542199e+07 1.978033e+07 6.657485e+08
5.120302e-02 1.088552e+08 5.384466e+06 3.729973e+06 9.786392e+06 5.161989e+08
5.183209e-02 9.146861e+07 4.580592e+06 -5.687384e+07 2.979300e+06 3.828335e+08
5.246116e-02 7.935987e+07 4.146574e+06 -1.014740e+08 -3.105144e+06 2.873073e+08
5.308896e-02 7.093230e+07 3.856392e+06 -1.248899e+08 -6.361601e+06 2.270874e+08
5.371721e-02 6.681239e+07 3.583147e+06 -1.264148e+08 -6.806894e+06 2.060075e+08
5.434780e-02 6.663238e+07 3.252472e+06 -1.071495e+08 -5.063180e+06 2.198530e+08
5.497604e-02 7.061751e+07 2.926903e+06 -7.495037e+07 -1.479369e+06 2.636516e+08
5.560013e-02 7.559671e+07 3.382545e+06 -3.342782e+07 2.567825e+06 3.199676e+08
5.622954e-02 8.163170e+07 3.636740e+06 1.075967e+07 6.938986e+06 3.850864e+08
5.686173e-02 8.677366e+07 3.987612e+06 5.062690e+07 1.057010e+07 4.438443e+08
5.748940e-02 8.972626e+07 4.001100e+06 8.094201e+07 1.363711e+07 4.853193e+08
5.811669e-02 9.053005e+07 3.732298e+06 9.741016e+07 1.608395e+07 5.051748e+08
5.874554e-02 8.885981e+07 3.320650e+06 1.009958e+08 1.685098e+07 5.016049e+08
5.937282e-02 8.492327e+07 2.597836e+06 8.942478e+07 1.525438e+07 4.738155e+08
6.000021e-02 7.843027e+07 2.407386e+06 6.715280e+07 1.370141e+07 4.243777e+08
6.062750e-02 7.120174e+07 2.079688e+06 3.795806e+07 1.014058e+07 3.652522e+08
6.125597e-02 6.320683e+07 1.967358e+06 4.903294e+06 6.245900e+06 2.991464e+08
6.188682e-02 5.507041e+07 2.182004e+06 -2.561483e+07 2.579929e+06 2.344674e+08
6.251462e-02 4.831766e+07 2.181578e+06 -5.130838e+07 -5.576405e+05 1.821009e+08
6.314049e-02 4.304449e+07 2.141995e+06 -6.781370e+07 -2.293370e+06 1.442508e+08
6.377015e-02 3.949944e+07 1.604489e+06 -7.362354e+07 -3.054128e+06 1.228480e+08
6.439971e-02 3.877440e+07 1.461548e+06 -7.060070e+07 -2.564936e+06 1.214006e+08
6.502803e-02 3.970434e+07 1.266149e+06 -5.810035e+07 -1.430619e+06 1.349170e+08
6.565852e-02 4.227513e+07 1.342223e+06 -3.906066e+07 7.117611e+04 1.616712e+08
6.628652e-02 4.536438e+07 1.549206e+06 -1.648482e+07 1.698664e+06 1.947733e+08
6.691319e-02 4.863246e+07 1.747003e+06 6.024064e+06 3.559072e+06 2.291215e+08
6.754195e-02 5.124485e+07 1.864883e+06 2.620606e+07 5.102638e+06 2.590370e+08
6.816923e-02 5.283666e+07 1.694275e+06 4.088292e+07 6.414976e+06 2.793764e+08
6.879707e-02 5.331297e+07 1.707866e+06 4.890673e+07 7.382732e+06 2.885919e+08
6.942589e-02 5.228559e+07 1.588123e+06 4.891381e+07 7.412550e+06 2.838014e+08
7.005350e-02 4.989428e+07 1.320036e+06 4.201870e+07 6.285012e+06 2.665926e+08
7.068149e-02 4.643993e+07 1.341022e+06 2.922013e+07 5.157084e+06 2.395242e+08
7.131092e-02 4.224466e+07 1.361446e+06 1.294998e+07 3.676852e+06 2.055885e+08
7.194060e-02 3.755804e+07 1.258964e+06 -4.764074e+06 1.648925e+06 1.687635e+08
7.256947e-02 3.329285e+07 1.219464e+06 -2.150097e+07 2.504803e+04 1.341705e+08
7.319738e-02 2.937242e+07 1.160551e+06 -3.476723e+07 -1.193867e+06 1.043279e+08
7.382604e-02 2.662508e+07 1.118538e+06 -4.372224e+07 -2.158028e+06 8.339277e+07
7.445392e-02 2.480404e+07 1.100880e+06 -4.701352e+07 -2.687723e+06 7.179030e+07
7.507965e-02 2.418447e+07 1.069954e+06 -4.502349e+07 -2.669189e+06 7.052746e+07
7.570782e-02 2.442285e+07 9.932537e+05 -3.774982e+07 -2.102915e+06 7.747986e+07
7.633697e-02 2.560678e+07 9.763729e+05 -2.748141e+07 -1.261839e+06 9.138070e+07
7.696614e-02 2.710589e+07 9.786076e+05 -1.503453e+07 -2.416916e+05 1.086846e+08
7.759521e-02 2.871069e+07 1.064825e+06 -2.843158e+06 8.172741e+05 1.264765e+08
7.822404e-02 3.009094e+07 9.893582e+05 7.931126e+06 1.543711e+06 1.421507e+08
7.885455e-02 3.089100e+07 9.169191e+05 1.575003e+07 2.208826e+06 1.524850e+08
7.948034e-02 3.108729e+07 8.857476e+05 1.949640e+07 2.519988e+06 1.562894e+08
8.010544e-02 3.036125e+07 8.865463e+05 1.990042e+07 2.465427e+06 1.527526e+08
8.073519e-02 2.893013e+07 9.611361e+05 1.596623e+07 1.932944e+06 1.425893e+08
8.136420e-02 2.687468e+07 9.209379e+05 9.153330e+06 1.240987e+06 1.273700e+08
8.199246e-02 2.445199e+07 8.864556e+05 4.793259e+05 5.936098e+05 1.086694e+08
8.262013e-02 2.197528e+07 7.924021e+05 -8.552919e+06 -1.370226e+05 8.909006e+07
8.325004e-02 1.952359e+07 7.175864e+05 -1.692954e+07 -9.096190e+05 7.022335e+07
8.388076e-02 1.755860e+07 7.068343e+05 -2.336328e+07 -1.335973e+06 5.525858e+07
8.450772e-02 1.616016e+07 6.360775e+05 -2.709081e+07 -1.659606e+06 4.524706e+07
8.513407e-02 1.541794e+07 5.906327e+05 -2.774319e+07 -1.726762e+06 4.088485e+07
8.576290e-02 1.539379e+07 5.480725e+05 -2.540586e+07 -1.564136e+06 4.229553e+07
8.639170e-02 1.590752e+07 5.578836e+05 -2.039249e+07 -1.228378e+06 4.842454e+07
8.701933e-02 1.675506e+07 5.596784e+05 -1.343741e+07 -8.788531e+05 5.796382e+07
8.764729e-02 1.786883e+07 6.482928e+05 -5.815652e+06 -2.143472e+05 6.942449e+07
8.827546e-02 1.875373e+07 6.473571e+05 1.917277e+06 1.655680e+05 8.012595e+07
8.890360e-02 1.963539e+07 7.016159e+05 8.267013e+06 6.893271e+05 8.967387e+07
8.953185e-02 1.995142e+07 6.673979e+05 1.283320e+07 1.002127e+06 9.519209e+07
9.016049e-02 1.995428e+07 6.564510e+05 1.493720e+07 1.124755e+06 9.695826e+07
9.078921e-02 1.944067e+07 6.079977e+05 1.425836e+07 1.114045e+06 9.421730e+07
9.141859e-02 1.837403e+07 5.591683e+05 1.171598e+07 9.176482e+05 8.703457e+07
9.204760e-02 1.712486e+07 5.088711e+05 6.941676e+06 7.700519e+05 7.721539e+07
9.267535e-02 1.559690e+07 4.194649e+05 1.342710e+06 5.032767e+05 6.516082e+07
9.330406e-02 1.415013e+07 3.329861e+05 -4.610399e+06 1.435804e+05 5.303766e+07
9.393390e-02 1.278127e+07 2.918545e+05 -1.002003e+07 -2.183966e+05 4.170372e+07
9.456102e-02 1.174304e+07 2.845161e+05 -1.408470e+07 -4.886794e+05 3.313886e+07
9.518740e-02 1.103104e+07 2.966137e+05 -1.627384e+07 -6.969409e+05 2.772774e+07
9.581568e-02 1.070557e+07 3.061528e+05 -1.643159e+07 -7.477394e+05 2.578572e+07
9.644552e-02 1.080282e+07 3.402239e+05 -1.470302e+07 -7.360038e+05 2.759284e+07
9.707482e-02 1.116685e+07 3.659347e+05 -1.118061e+07 -5.873898e+05 3.226455e+07
9.770146e-02 1.179400e+07 3.392164e+05 -6.644196e+06 -3.267623e+05 3.899676e+07
9.832882e-02 1.254108e+07 3.255460e+05 -1.578682e+06 -5.821389e+04 4.678554e+07
9.895640e-02 1.323699e+07 3.407739e+05 3.180110e+06 3.563055e+05 5.395506e+07
9.958504e-02 1.385435e+07 3.403869e+05 7.198530e+06 5.694874e+05 6.004456e+07
1.002139e-01 1.408268e+07 3.764059e+05 9.763573e+06 8.103055e+05 6.351686e+07
1.008411e-01 1.407170e+07 3.536975e+05 1.079507e+07 9.301491e+05 6.439298e+07
1.014708e-01 1.372444e+07 2.727077e+05 1.006821e+07 8.750712e+05 6.225690e+07
1.021003e-01 1.313192e+07 2.334917e+05 7.847605e+06 8.651009e+05 5.754710e+07
1.027279e-01 1.235418e+07 2.199618e+05 4.481906e+06 6.984992e+05 5.087828e+07
1.033572e-01 1.143756e+07 1.893963e+05 5.266036e+05 4.438127e+05 4.305620e+07
1.039858e-01 1.049679e+07 1.875335e+05 -3.427754e+06 1.346119e+05 3.511852e+07
1.046130e-01 9.668147e+06 1.848419e+05 -6.937018e+06 -1.430213e+05 2.808862e+07
1.052407e-01 8.989840e+06 2.380733e+05 -9.352806e+06 -3.276367e+05 2.274971e+07
1.058684e-01 8.562847e+06 2.454529e+05 -1.059979e+07 -4.434041e+05 1.970651e+07
1.064969e-01 8.390887e+06 2.236922e+05 -1.038566e+07 -4.772232e+05 1.912127e+07
1.071273e-01 8.525841e+06 2.121030e+05 -8.854744e+06 -3.733089e+05 2.100192e+07
1.077558e-01 8.883414e+06 2.004597e+05 -6.232684e+06 -1.931875e+05 2.482241e+07
1.083828e-01 9.395195e+06 1.957250e+05 -2.897109e+06 1.688897e+04 2.999677e+07
1.090114e-01 9.974073e+06 1.876202e+05 5.878438e+05 2.453373e+05 3.569386e+07
1.096397e-01 1.049398e+07 1.994622e+05 3.985899e+06 4.598678e+05 4.098099e+07
1.102684e-01 1.093972e+07 2.112094e+05 6.638810e+06 5.845995e+05 4.532734e+07
1.108970e-01 1.109981e+07 2.330094e+05 8.339748e+06 7.065652e+05 4.768896e+07
1.115233e-01 1.109792e+07 2.375720e+05 8.914974e+06 6.946686e+05 4.822654e+07
1.121508e-01 1.080150e+07 2.204966e+05 8.272288e+06 6.046712e+05 4.644394e+07
1.127798e-01 1.034880e+07 1.860281e+05 6.557828e+06 5.507268e+05 4.292237e+07
1.134097e-01 9.736722e+06 1.395632e+05 3.938324e+06 4.185679e+05 3.783635e+07
1.140373e-01 9.060303e+06 1.016090e+05 9.645349e+05 2.932909e+05 3.193006e+07
1.146647e-01 8.386502e+06 8.797053e+04 -2.142144e+06 1.517460e+05 2.589460e+07
1.152948e-01 7.765948e+06 1.011462e+05 -4.947726e+06 5.604710e+03 2.044757e+07
1.159235e-01 7.265183e+06 1.041287e+05 -7.079030e+06 -1.274268e+05 1.625294e+07
1.165517e-01 6.940158e+06 1.030721e+05 -8.331460e+06 -1.655432e+05 1.365020e+07
1.171799e-01 6.798382e+06 9.292230e+04 -8.552070e+06 -1.928664e+05 1.270409e+07
1.178092e-01 6.870500e+06 1.056496e+05 -7.834379e+06 -1.994773e+05 1.354487e+07
1.184382e-01 7.079458e+06 1.216621e+05 -6.318231e+06 -1.979900e+05 1.579771e+07
1.190649e-01 7.385118e+06 1.513238e+05 -4.206764e+06 -1.359959e+05 1.908896e+07
1.196918e-01 7.737847e+06 1.598108e+05 -1.885822e+06 -4.511340e+04 2.278387e+07
1.203206e-01 8.074428e+06 1.491125e+05 3.758297e+05 8.486106e+04 2.629393e+07
1.209492e-01 8.372474e+06 1.430113e+05 2.245129e+06 1.755981e+05 2.920903e+07
1.215770e-01 8.496133e+06 1.560632e+05 3.455778e+06 2.928049e+05 3.091515e+07
1.222060e-01 8.516940e+06 1.449738e+05 3.935040e+06 3.511575e+05 3.143042e+07
1.228351e-01 8.354172e+06 1.268570e+05 3.568177e+06 3.351067e+05 3.042892e+07
1.234639e-01 8.076051e+06 1.147513e+05 2.526009e+06 3.016854e+05 2.820281e+07
1.240910e-01 7.705736e+06 1.032974e+05 9.275721e+05 1.859270e+05 2.507319e+07
1.247182e-01 7.253794e+06 1.021552e+05 -9.195949e+05 9.826257e+04 2.134007e+07
1.253470e-01 6.807482e+06 9.296720e+04 -2.845387e+06 -2.446876e+03 1.757706e+07
1.259754e-01 6.400809e+06 8.514613e+04 -4.569022e+06 -6.400492e+04 1.420828e+07
1.266036e-01 6.097676e+06 5.284373e+04 -5.851245e+06 -8.217628e+04 1.165102e+07
1.272319e-01 5.928878e+06 3.747228e+04 -6.580393e+06 -1.081646e+05 1.010471e+07
1.278607e-01 5.889495e+06 4.028309e+04 -6.616078e+06 -1.226750e+05 9.679555e+06
1.284890e-01 5.966256e+06 7.917961e+04 -6.038406e+06 -1.346214e+05 1.045360e+07
1.291182e-01 6.119100e+06 1.086809e+05 -4.950696e+06 -1.363602e+05 1.216775e+07
1.297470e-01 6.327556e+06 1.099802e+05 -3.494938e+06 -8.866081e+04 1.448037e+07
1.303744e-01 6.573336e+06 9.440041e+04 -1.906592e+06 -1.619980e+04 1.697456e+07
1.310022e-01 6.805530e+06 1.071749e+05 -4.292188e+05 6.348811e+04 1.930448e+07
1.316312e-01 6.980476e+06 8.436868e+04 7.574693e+05 1.613958e+05 2.119952e+07
1.322597e-01 7.070743e+06 5.489197e+04 1.424693e+06 2.391887e+05 2.219209e+07
1.328871e-01 7.101328e+06 2.905450e+04 1.566777e+06 3.120439e+05 2.231450e+07
1.335151e-01 7.026672e+06 3.025052e+04 1.171445e+06 2.513159e+05 2.141902e+07
1.341448e-01 6.834836e+06 6.380602e+04 3.323738e+05 1.799434e+05 1.975951e+07
1.347734e-01 6.566131e+06 8.756267e+04 -8.558582e+05 1.027724e+05 1.755819e+07
1.354003e-01 6.243640e+06 8.472784e+04 -2.198276e+06 8.540061e+04 1.503445e+07
1.360284e-01 5.942725e+06 6.092137e+04 -3.536290e+06 6.729420e+04 1.253640e+07
1.366568e-01 5.683667e+06 4.771777e+04 -4.633931e+06 2.007728e+02 1.036044e+07
1.372858e-01 5.501200e+06 6.700435e+04 -5.351651e+06 -1.001697e+05 8.808433e+06
1.379142e-01 5.385424e+06 1.013239e+05 -5.602179e+06 -1.735623e+05 8.125448e+06
1.385416e-01 5.347332e+06 1.013810e+05 -5.367094e+06 -1.832776e+05 8.319068e+06
1.391708e-01 5.415602e+06 7.639264e+04 -4.676550e+06 -1.394815e+05 9.295938e+06
1.397994e-01 5.583780e+06 5.001477e+04 -3.639574e+06 -8.873457e+04 1.084265e+07
1.404273e-01 5.797470e+06 5.799687e+04 -2.370012e+06 -5.779207e+04 1.275972e+07
1.410561e-01 6.013512e+06 9.537670e+04 -1.040896e+06 -4.182837e+04 1.483170e+07
1.416844e-01 6.192949e+06 1.135611e+05 1.535731e+05 -5.047410e+04 1.671088e+07
1.423121e-01 6.320471e+06 1.094112e+05 1.112294e+06 -2.894014e+04 1.809459e+07
1.429401e-01 6.366550e+06 1.015178e+05 1.717778e+06 4.005740e+04 1.884271e+07
1.435692e-01 6.359135e+06 9.357602e+04 1.876403e+06 4.100895e+04 1.882146e+07
1.441983e-01 6.253110e+06 9.244731e+04 1.620947e+06 6.779443e+04 1.801506e+07
1.448262e-01 6.074564e+06 7.961236e+04 9.482466e+05 3.430824e+04 1.658323e+07
1.454539e-01 5.848812e+06 7.852367e+04 4.767490e+04 4.484965e+04 1.471945e+07
1.460823e-01 5.603817e+06 5.924167e+04 -1.044393e+06 2.799088e+04 1.260273e+07
1.467115e-01 5.357112e+06 4.500472e+04 -2.095769e+06 3.086493e+04 1.048662e+07
1.473399e-01 5.151775e+06 4.579293e+04 -3.010762e+06 -1.261232e+04 8.697637e+06
1.479676e-01 5.001746e+06 4.902148e+04 -3.681435e+06 -3.130524e+04 7.432010e+06
1.485964e-01 4.907585e+06 5.114180e+04 -4.001055e+06 -1.640895e+04 6.815036e+06
1.492243e-01 4.893646e+06 3.325302e+04 -3.984715e+06 1.756997e+04 6.834167e+06
1.498507e-01 4.969016e+06 1.213526e+04 -3.622309e+06 4.129302e+04 7.409834e+06
1.504788e-01 5.092922e+06 2.477201e+04 -2.923884e+06 2.342432e+04 8.457897e+06
1.511078e-01 5.237918e+06 7.808477e+04 -2.071643e+06 -3.489803e+04 9.866972e+06
1.517364e-01 5.357724e+06 1.100655e+05 -1.147031e+06 -5.204308e+04 1.139021e+07
1.523652e-01 5.472327e+06 9.329659e+04 -2.877618e+05 -1.935757e+04 1.283360e+07
1.529942e-01 5.563370e+06 6.946091e+04 4.129114e+05 6.415623e+03 1.382328e+07
1.536237e-01 5.611555e+06 6.757957e+04 8.524934e+05 5.566514e+04 1.438161e+07
1.542519e-01 5.603276e+06 6.829738e+04 9.532719e+05 5.190862e+04 1.438596e+07
1.548791e-01 5.522425e+06 5.357584e+04 6.982272e+05 8.406591e+04 1.385030e+07
1.555078e-01 5.409682e+06 2.795837e+04 2.248553e+05 8.041507e+04 1.283152e+07
1.561363e-01 5.284292e+06 2.077515e+04 -4.857820e+05 7.342544e+04 1.144326e+07
1.567636e-01 5.110231e+06 4.532180e+04 -1.263255e+06 1.010592e+04 9.843003e+06
1.573916e-01 4.922353e+06 8.116604e+04 -2.045159e+06 -7.486545e+04 8.300422e+06
1.580207e-01 4.733360e+06 1.096452e+05 -2.700800e+06 -1.552351e+05 6.952996e+06
1.586492e-01 4.563826e+06 1.164274e+05 -3.142644e+06 -1.883655e+05 5.913855e+06
1.592766e-01 4.434844e+06 1.114469e+05 -3.339891e+06 -1.959299e+05 5.280022e+06
1.599049e-01 4.370506e+06 9.145638e+04 -3.296810e+06 -1.603012e+05 5.090180e+06
1.605344e-01 4.362356e+06 7.748875e+04 -3.033315e+06 -1.335785e+05 5.304849e+06
1.611623e-01 4.403756e+06 6.765848e+04 -2.603730e+06 -1.181406e+05 5.872104e+06
1.617904e-01 4.479851e+06 5.492910e+04 -2.070599e+06 -9.612336e+04 6.679431e+06
1.624191e-01 4.561087e+06 5.066988e+04 -1.491396e+06 -6.579564e+04 7.556237e+06
1.630470e-01 4.638946e+06 4.281531e+04 -9.983756e+05 -7.292896e+03 8.347557e+06
1.636756e-01 4.705314e+06 2.970927e+04 -6.370471e+05 6.691040e+04 8.943499e+06
1.643038e-01 4.745564e+06 9.181625e+03 -4.494645e+05 9.501311e+04 9.208339e+06
1.649313e-01 4.752535e+06 1.370036e+04 -4.889896e+05 1.216385e+05 9.159105e+06
1.655596e-01 4.722051e+06 1.693337e+04 -6.903538e+05 9.666755e+04 8.767200e+06
1.661885e-01 4.661952e+06 2.463825e+04 -1.048659e+06 4.633900e+04 8.126039e+06
1.668177e-01 4.570883e+06 3.068554e+04 -1.493774e+06 -4.016972e+03 7.297722e+06
1.674456e-01 4.470762e+06 3.805085e+04 -1.922988e+06 -6.240203e+04 6.373048e+06
1.680727e-01 4.374928e+06 5.589541e+04 -2.305377e+06 -1.176317e+05 5.555817e+06
1.687016e-01 4.284622e+06 5.600316e+04 -2.570617e+06 -1.244029e+05 4.908265e+06
1.693313e-01 4.235613e+06 4.740290e+04 -2.703104e+06 -1.078557e+05 4.574154e+06
1.699587e-01 4.228492e+06 2.501977e+04 -2.658911e+06 -6.847195e+04 4.499050e+06
1.705866e-01 4.270770e+06 2.184626e+04 -2.448750e+06 -5.875311e+04 4.699676e+06
1.712159e-01 4.328594e+06 4.869012e+04 -2.073547e+06 -8.769208e+04 5.183785e+06
1.718445e-01 4.385660e+06 8.255893e+04 -1.610991e+06 -1.195177e+05 5.889432e+06
1.724727e-01 4.433378e+06 8.934125e+04 -1.113535e+06 -1.223820e+05 6.658644e+06
1.731002e-01 4.479664e+06 7.343248e+04 -6.329074e+05 -6.159629e+04 7.353056e+06
1.737290e-01 4.516761e+06 5.386053e+04 -2.495211e+05 -1.898735e+04 7.870469e+06
1.743571e-01 4.537970e+06 4.965790e+04 -6.559338e+04 4.772242e+04 8.119724e+06
1.749848e-01 4.523070e+06 3.405947e+04 -4.086707e+04 5.903593e+04 8.093138e+06
1.756135e-01 4.489172e+06 2.160186e+04 -2.044231e+05 7.052103e+04 7.774396e+06
1.762417e-01 4.432506e+06 1.864273e+04 -5.087510e+05 5.702894e+04 7.184778e+06
1.768700e-01 4.354041e+06 2.219529e+04 -9.408244e+05 3.004889e+04 6.394398e+06
1.774983e-01 4.257218e+06 2.954125e+04 -1.400708e+06 -2.956424e+04 5.487038e+06
1.781269e-01 4.167917e+06 4.002867e+04 -1.807734e+06 -8.279837e+04 4.649402e+06
1.787551e-01 4.075488e+06 6.168429e+04 -2.123478e+06 -1.217743e+05 3.940461e+06
1.793837e-01 3.998338e+06 7.575805e+04 -2.307199e+06 -1.454975e+05 3.471385e+06
1.800121e-01 3.959194e+06 6.909570e+04 -2.329372e+06 -1.323914e+05 3.317316e+06
1.806398e-01 3.954954e+06 5.425328e+04 -2.152343e+06 -1.020490e+05 3.458503e+06
1.812676e-01 3.998233e+06 4.428480e+04 -1.847569e+06 -7.779026e+04 3.902284e+06
1.818961e-01 4.066962e+06 4.166005e+04 -1.401544e+06 -3.710879e+04 4.583007e+06
1.825251e-01 4.150332e+06 3.846957e+04 -9.060588e+05 -1.767127e+04 5.409487e+06
1.831533e-01 4.241928e+06 3.997082e+04 -4.032013e+05 4.058749e+03 6.270726e+06
1.837813e-01 4.321027e+06 3.791255e+04 4.759889e+04 3.842035e+04 7.040152e+06
1.844104e-01 4.372996e+06 3.836106e+04 3.805104e+05 6.774729e+04 7.607524e+06
1.850389e-01 4.404717e+06 3.067572e+04 5.298341e+05 8.797629e+04 7.927352e+06
1.856669e-01 4.400355e+06 2.674735e+04 5.313061e+05 8.408027e+04 7.888164e+06
1.862953e-01 4.360362e+06 3.193203e+04 3.551361e+05 6.157357e+04 7.528953e+06
1.869236e-01 4.280802e+06 5.195921e+04 3.968168e+04 1.882386e+03 6.877176e+06
1.875520e-01 4.166022e+06 7.174623e+04 -3.565114e+05 -4.704122e+04 6.101532e+06
1.881803e-01 4.041127e+06 7.281448e+04 -8.176307e+05 -5.976459e+04 5.240948e+06
1.888083e-01 3.924390e+06 4.035645e+04 -1.266750e+06 -4.735231e+04 4.373092e+06
1.894359e-01 3.849002e+06 8.376558e+03 -1.644712e+06 -2.446529e+04 3.623444e+06
1.900648e-01 3.813908e+06 6.245574e+03 -1.878775e+06 -4.381652e+04 3.068004e+06
1.906937e-01 3.803020e+06 2.802048e+04 -1.964911e+06 -8.469560e+04 2.833761e+06
1.913208e-01 3.805852e+06 5.234770e+04 -1.871801e+06 -1.125230e+05 2.942950e+06
1.919495e-01 3.837264e+06 5.268238e+04 -1.604730e+06 -9.854266e+04 3.362959e+06
1.925783e-01 3.904853e+06 3.650625e+04 -1.203313e+06 -5.675163e+04 3.994279e+06
1.932069e-01 3.982778e+06 3.212359e+04 -7.195086e+05 -1.471102e+04 4.740126e+06
1.938350e-01 4.078504e+06 3.606943e+04 -2.349434e+05 9.842173e+03 5.535374e+06
1.944626e-01 4.153013e+06 4.193560e+04 2.137144e+05 9.303922e+03 6.262478e+06
1.950912e-01 4.211806e+06 4.198962e+04 5.792629e+05 1.186625e+03 6.849858e+06
1.957198e-01 4.242064e+06 4.441465e+04 8.036655e+05 -1.307756e+04 7.173005e+06
1.963481e-01 4.237760e+06 5.446025e+04 8.833131e+05 -1.319746e+04 7.222468e+06
1.969763e-01 4.194545e+06 6.179656e+04 7.712551e+05 4.938432e+01 6.987196e+06
1.976057e-01 4.119486e+06 4.817265e+04 5.288696e+05 9.084521e+03 6.477946e+06
1.982346e-01 4.033485e+06 3.333764e+04 1.537629e+05 3.616134e+04 5.784914e+06
1.988621e-01 3.945786e+06 2.186253e+04 -2.674899e+05 3.358127e+04 4.960000e+06
1.994900e-01 3.863435e+06 1.851513e+04 -7.027415e+05 2.709224e+04 4.160776e+06
2.001183e-01 3.783359e+06 3.204239e+04 -1.085646e+06 -1.172775e+04 3.472292e+06
2.007462e-01 3.728251e+06 3.639023e+04 -1.342967e+06 -4.216530e+04 2.980952e+06
2.013743e-01 3.693082e+06 4.186718e+04 -1.469940e+06 -6.454335e+04 2.725352e+06
2.020025e-01 3.683490e+06 4.142899e+04 -1.403522e+06 -8.771898e+04 2.726853e+06
2.026313e-01 3.703766e+06 5.688741e+04 -1.189624e+06 -9.285337e+04 2.979088e+06
2.032604e-01 3.740713e+06 6.409459e+04 -8.536597e+05 -8.562551e+04 3.491476e+06
2.038879e-01 3.789982e+06 6.083889e+04 -4.407434e+05 -4.173241e+04 4.174503e+06
2.045158e-01 3.856159e+06 3.862575e+04 -2.246859e+04 -2.957761e+03 4.889188e+06
2.051449e-01 3.935210e+06 2.029611e+04 3.921963e+05 3.974664e+04 5.554354e+06
2.057735e-01 4.000048e+06 2.350017e+04 7.195331e+05 4.390239e+04 6.096342e+06
2.064017e-01 4.036451e+06 3.917967e+04 9.244877e+05 3.549146e+04 6.444050e+06
2.070305e-01 4.038824e+06 4.468572e+04 9.913539e+05 4.310320e+04 6.574798e+06
2.076594e-01 4.013525e+06 3.086043e+04 9.059374e+05 3.884456e+04 6.408540e+06
2.082867e-01 3.969632e+06 2.198906e+04 6.892994e+05 5.070011e+04 5.977946e+06
2.089139e-01 3.909113e+06 2.873616e+04 3.647208e+05 2.071335e+04 5.351329e+06
2.095429e-01 3.823758e+06 3.911855e+04 -2.468031e+04 -1.286693e+04 4.608272e+06
2.101711e-01 3.737341e+06 4.326609e+04 -4.287690e+05 -5.675512e+04 3.855301e+06
2.107990e-01 3.655821e+06 4.336791e+04 -7.752624e+05 -7.797277e+04 3.150989e+06
2.114275e-01 3.582616e+06 4.298528e+04 -1.043249e+06 -8.780743e+04 2.579340e+06
2.120557e-01 3.539207e+06 3.768959e+04 -1.194570e+06 -6.973427e+04 2.211894e+06
2.126842e-01 3.521296e+06 3.488753e+04 -1.231887e+06 -5.064097e+04 2.087850e+06
2.133127e-01 3.535100e+06 2.613993e+04 -1.130492e+06 -1.826936e+04 2.210304e+06
2.139414e-01 3.580379e+06 2.072568e+04 -9.262509e+05 9.506027e+02 2.546850e+06
2.145702e-01 3.640084e+06 1.749060e+04 -6.390425e+05 1.894144e+04 3.069811e+06
2.151979e-01 3.710054e+06 2.020093e+04 -3.143184e+05 1.582188e+04 3.654419e+06
2.158262e-01 3.782790e+06 2.950932e+04 3.141215e+04 1.237488e+04 4.247781e+06
2.164548e-01 3.838262e+06 3.839608e+04 3.397335e+05 -8.020830e+03 4.750500e+06
2.170834e-01 3.868072e+06 5.858305e+04 5.634761e+05 -3.315392e+04 5.101892e+06
2.177116e-01 3.866624e+06 6.453011e+04 6.831706e+05 -2.744529e+04 5.293434e+06
2.183390e-01 3.842161e+06 5.131713e+04 6.811921e+05 -1.547520e+04 5.235826e+06
2.189672e-01 3.809966e+06 2.720597e+04 5.569408e+05 -3.063531e+03 4.937504e+06
2.195962e-01 3.765066e+06 2.049936e+04 3.427665e+05 8.727354e+03 4.477956e+06
2.202247e-01 3.702411e+06 3.459097e+04 4.423330e+04 5.376610e+03 3.878431e+06
2.208525e-01 3.629770e+06 4.141432e+04 -2.997062e+05 -1.135642e+04 3.271762e+06
2.214806e-01 3.552582e+06 4.704161e+04 -6.026048e+05 -3.521417e+04 2.664924e+06
2.221096e-01 3.487657e+06 5.091649e+04 -8.499650e+05 -4.851226e+04 2.172001e+06
2.227377e-01 3.430223e+06 5.009136e+04 -1.011906e+06 -5.844864e+04 1.816956e+06
2.233660e-01 3.397722e+06 4.309482e+04 -1.070898e+06 -5.012406e+04 1.659437e+06
2.239949e-01 3.393616e+06 3.134166e+04 -1.017413e+06 -3.495681e+04 1.709249e+06
2.246230e-01 3.421464e+06 2.488581e+04 -8.797871e+05 -3.771879e+03 1.934165e+06
2.252510e-01 3.465904e+06 1.652746e+04 -6.738346e+05 1.288906e+04 2.318442e+06
2.258786e-01 3.528592e+06 1.335257e+04 -4.061841e+05 1.456688e+04 2.784317e+06
2.265070e-01 3.593043e+06 2.214778e+04 -1.232916e+05 1.212610e+04 3.289698e+06
2.271353e-01 3.646649e+06 3.356965e+04 1.398975e+05 7.358613e+03 3.758315e+06
2.277640e-01 3.682646e+06 3.840334e+04 3.418814e+05 -3.746016e+03 4.127800e+06
2.283928e-01 3.705024e+06 3.352939e+04 4.859181e+05 -1.261299e+04 4.335792e+06
2.290206e-01 3.710690e+06 3.790528e+04 5.411850e+05 -2.109133e+04 4.364468e+06
2.296494e-01 3.687614e+06 4.300384e+04 4.928321e+05 -1.957045e+04 4.233964e+06
2.302775e-01 3.653310e+06 3.742543e+04 3.446778e+05 -1.421481e+04 3.945846e+06
2.309053e-01 3.606387e+06 2.248043e+04 1.319881e+05 -4.828018e+02 3.517916e+06
2.315342e-01 3.563720e+06 2.092231e+04 -1.106760e+05 -5.112368e+03 3.004960e+06
2.321633e-01 3.509416e+06 3.135211e+04 -3.788364e+05 -1.213477e+04 2.497955e+06
2.327917e-01 3.459067e+06 3.592561e+04 -6.145098e+05 -2.196298e+04 2.066251e+06
2.334191e-01 3.417694e+06 2.867480e+04 -8.164574e+05 -8.318077e+03 1.721667e+06
2.340471e-01 3.392731e+06 1.792243e+04 -9.379836e+05 2.538817e+03 1.493138e+06
2.346760e-01 3.392037e+06 1.484765e+04 -9.803004e+05 6.761750e+03 1.393344e+06
2.353048e-01 3.403070e+06 2.176653e+04 -9.448525e+05 3.327109e+03 1.442333e+06
2.359331e-01 3.425834e+06 2.683248e+04 -8.463689e+05 -9.493985e+03 1.628796e+06
2.365605e-01 3.452702e+06 3.375739e+04 -6.879536e+05 -2.245163e+04 1.899968e+06
2.371890e-01 3.485948e+06 4.086252e+04 -4.977534e+05 -2.583542e+04 2.207631e+06
2.378178e-01 3.511163e+06 4.667203e+04 -3.110032e+05 -3.204171e+04 2.517455e+06
2.384456e-01 3.524844e+06 5.023820e+04 -1.317685e+05 -4.640924e+04 2.769268e+06
2.390742e-01 3.533601e+06 5.223330e+04 -5.604753e+02 -4.472638e+04 2.963031e+06
2.397020e-01 3.522689e+06 5.146643e+04 6.813762e+04 -9.238555e+03 3.045887e+06
2.403299e-01 3.508361e+06 4.054014e+04 4.797639e+04 3.226844e+04 3.038043e+06
2.409587e-01 3.492579e+06 1.741712e+04 -4.840732e+04 6.172650e+04 2.904198e+06
2.415875e-01 3.478108e+06 6.838394e+03 -1.775503e+05 6.309723e+04 2.653529e+06
2.422165e-01 3.457944e+06 2.563543e+04 -3.368656e+05 9.907293e+03 2.357496e+06
2.428445e-01 3.417929e+06 4.932131e+04 -4.960839e+05 -3.919807e+04 2.059766e+06
2.434722e-01 3.370287e+06 5.530432e+04 -6.372794e+05 -7.995453e+04 1.806528e+06
2.441005e-01 3.331027e+06 4.538576e+04 -7.341688e+05 -7.970619e+04 1.576503e+06
2.447295e-01 3.308319e+06 3.782806e+04 -7.851838e+05 -5.631034e+04 1.405445e+06
2.453575e-01 3.298992e+06 3.186482e+04 -8.006418e+05 -3.922419e+04 1.302779e+06
2.459854e-01 3.300595e+06 2.889274e+04 -7.796639e+05 -2.143055e+04 1.311607e+06
2.466143e-01 3.310262e+06 2.645924e+04 -7.129498e+05 -1.638514e+04 1.380875e+06
2.472426e-01 3.331094e+06 2.994582e+04 -6.229342e+05 -1.661581e+04 1.510705e+06
2.478702e-01 3.346520e+06 3.556268e+04 -5.139458e+05 -2.592075e+04 1.670678e+06
2.484984e-01 3.360491e+06 3.951946e+04 -4.057128e+05 -3.373144e+04 1.838295e+06
2.491273e-01 3.370060e+06 3.859402e+04 -3.314274e+05 -1.766844e+04 1.991530e+06
2.497552e-01 3.375252e+06 2.804563e+04 -2.839641e+05 -6.204111e+03 2.067908e+06
2.503834e-01 3.382743e+06 2.088360e+04 -2.785914e+05 2.166396e+04 2.085158e+06
2.510119e-01 3.381842e+06 1.961167e+04 -3.202687e+05 3.764825e+04 2.027520e+06
2.516403e-01 3.376006e+06 2.061882e+04 -3.998836e+05 2.842519e+04 1.912165e+06
2.522691e-01 3.362004e+06 2.594297e+04 -4.912572e+05 7.834314e+03 1.755657e+06
2.528974e-01 3.341044e+06 3.342160e+04 -5.888242e+05 -1.282360e+04 1.560415e+06
2.535254e-01 3.313222e+06 4.697671e+04 -6.670518e+05 -5.037590e+04 1.378800e+06
2.541542e-01 3.281009e+06 5.473279e+04 -7.287482e+05 -6.119230e+04 1.237704e+06
2.547828e-01 3.257898e+06 4.740871e+04 -7.591299e+05 -5.091686e+04 1.148099e+06
2.554104e-01 3.243442e+06 3.561268e+04 -7.611715e+05 -3.836702e+04 1.088629e+06
2.560379e-01 3.244976e+06 3.030807e+04 -7.283189e+05 -3.056702e+04 1.072938e+06
2.566670e-01 3.253284e+06 3.997824e+04 -6.579994e+05 -4.950664e+04 1.114018e+06
2.572958e-01 3.255100e+06 5.162217e+04 -5.632775e+05 -6.821377e+04 1.230839e+06
2.579236e-01 3.258109e+06 5.073071e+04 -4.681468e+05 -5.961125e+04 1.391451e+06
2.585522e-01 3.267630e+06 3.043194e+04 -3.643301e+05 -2.718371e+04 1.534991e+06
2.591808e-01 3.286254e+06 1.456761e+04 -2.885979e+05 5.571001e+03 1.626340e+06
2.598086e-01 3.307256e+06 1.656491e+04 -2.377565e+05 1.295312e+04 1.668056e+06
2.604363e-01 3.318631e+06 2.858686e+04 -2.252696e+05 -7.951230e+03 1.682834e+06
2.610650e-01 3.315429e+06 3.514301e+04 -2.363889e+05 -2.390735e+04 1.669664e+06
2.616935e-01 3.304870e+06 3.442151e+04 -2.727818e+05 -3.039810e+04 1.603916e+06
2.623210e-01 3.292510e+06 2.908235e+04 -3.371598e+05 -1.185733e+04 1.488441e+06
2.629494e-01 3.280089e+06 2.446831e+04 -4.121505e+05 8.337383e+03 1.347634e+06
2.635781e-01 3.271578e+06 2.227174e+04 -5.055672e+05 1.884286e+04 1.202804e+06
2.642065e-01 3.261065e+06 2.080463e+04 -5.851722e+05 1.875217e+04 1.068620e+06
2.648347e-01 3.258816e+06 2.360414e+04 -6.375090e+05 -4.956803e+03 9.599879e+05
2.654637e-01 3.248800e+06 3.490119e+04 -6.486878e+05 -2.898441e+04 8.998709e+05
2.660924e-01 3.246649e+06 4.631858e+04 -6.424290e+05 -4.602597e+04 9.062013e+05
2.667201e-01 3.243042e+06 4.760550e+04 -5.915734e+05 -5.508633e+04 9.740132e+05
2.673488e-01 3.246142e+06 3.774536e+04 -5.367067e+05 -3.051031e+04 1.073973e+06
2.679778e-01 3.258080e+06 2.825123e+04 -4.587337e+05 -9.301714e+03 1.174940e+06
2.686062e-01 3.277300e+06 2.604900e+04 -3.830509e+05 -9.955708e+03 1.271014e+06
2.692341e-01 3.286368e+06 3.605212e+04 -3.074870e+05 -2.245002e+04 1.352498e+06
2.698620e-01 3.288249e+06 5.144055e+04 -2.509375e+05 -2.271493e+04 1.441910e+06
2.704897e-01 3.277384e+06 5.080065e+04 -2.326612e+05 -2.102737e+04 1.500662e+06
2.711178e-01 3.269144e+06 2.990286e+04 -2.351454e+05 1.631226e+01 1.485971e+06
2.717462e-01 3.265668e+06 1.737037e+04 -2.661507e+05 1.322855e+04 1.407241e+06
2.723748e-01 3.261235e+06 2.306337e+04 -3.209033e+05 1.728480e+04 1.294377e+06
2.730040e-01 3.250867e+06 3.461666e+04 -3.997042e+05 8.702145e+03 1.177974e+06
2.736320e-01 3.229873e+06 3.480483e+04 -4.806494e+05 -5.246281e+02 1.065088e+06
2.742595e-01 3.220684e+06 3.040128e+04 -5.497453e+05 -1.572252e+04 9.524937e+05
2.748883e-01 3.205233e+06 3.899839e+04 -5.675946e+05 -3.083259e+04 8.514572e+05
2.755167e-01 3.194930e+06 5.434720e+04 -5.729828e+05 -4.797515e+04 8.198522e+05
2.761449e-01 3.179130e+06 5.219565e+04 -5.491406e+05 -4.554798e+04 8.568159e+05
2.767736e-01 3.177575e+06 3.188096e+04 -4.993251e+05 -2.589834e+04 9.378153e+05
2.774020e-01 3.202006e+06 1.537767e+04 -4.125078e+05 1.892554e+03 1.035945e+06
2.780301e-01 3.229642e+06 1.910805e+04 -3.213442e+05 6.748151e+03 1.166063e+06
2.786580e-01 3.253270e+06 3.443388e+04 -2.316131e+05 -8.100615e+03 1.340336e+06
2.792860e-01 3.272341e+06 3.484091e+04 -1.505611e+05 -8.197553e+03 1.526285e+06
2.799146e-01 3.287035e+06 2.299742e+04 -7.777121e+04 4.134062e+03 1.668491e+06
2.805434e-01 3.305076e+06 2.183603e+04 -2.115807e+04 7.609125e+03 1.734288e+06
2.811718e-01 3.316189e+06 3.313039e+04 -2.541514e+03 1.535908e+02 1.737400e+06
2.817991e-01 3.302769e+06 4.937250e+04 -9.932137e+03 -2.967906e+04 1.700332e+06
2.824272e-01 3.277926e+06 5.983579e+04 -4.665809e+04 -4.199978e+04 1.620542e+06
2.830565e-01 3.246214e+06 5.590288e+04 -1.126424e+05 -3.531180e+04 1.486087e+06
2.836849e-01 3.213212e+06 4.359079e+04 -1.912046e+05 -1.977685e+04 1.312671e+06
2.843133e-01 3.191345e+06 3.058783e+04 -2.842707e+05 -5.389561e+03 1.123356e+06
2.849417e-01 3.171629e+06 2.858534e+04 -3.699407e+05 9.798696e+03 9.542495e+05
2.855699e-01 3.161337e+06 2.235901e+04 -4.562112e+05 2.319867e+04 8.367703e+05
2.861980e-01 3.160883e+06 1.628922e+04 -5.132309e+05 2.506443e+04 7.603983e+05
2.868264e-01 3.168839e+06 1.706729e+04 -5.282175e+05 1.641754e+04 7.344449e+05
2.874550e-01 3.182827e+06 2.956566e+04 -4.985544e+05 -1.554476e+04 7.636280e+05
2.880834e-01 3.192126e+06 5.048943e+04 -4.251259e+05 -5.816588e+04 8.628751e+05
2.887116e-01 3.194328e+06 5.949293e+04 -3.199018e+05 -7.194973e+04 1.034000e+06
2.893396e-01 3.201592e+06 5.244383e+04 -2.051182e+05 -4.311436e+04 1.246281e+06
2.899676e-01 3.217665e+06 2.884120e+04 -9.757270e+04 5.842228e+03 1.439664e+06
2.905957e-01 3.251260e+06 5.378051e+03 -1.642080e+04 5.048479e+04 1.590829e+06
2.912243e-01 3.283502e+06 1.014909e+03 4.127228e+04 5.734660e+04 1.682052e+06
2.918528e-01 3.309896e+06 2.087502e+04 7.633389e+04 2.920074e+04 1.742199e+06
2.924811e-01 3.310226e+06 4.391123e+04 7.445609e+04 -1.513916e+04 1.750972e+06
2.931098e-01 3.291878e+06 5.758133e+04 5.610196e+04 -4.542495e+04 1.708485e+06
2.937380e-01 3.267484e+06 5.531255e+04 1.457829e+04 -5.862728e+04 1.611378e+06
2.943663e-01 3.239730e+06 4.585916e+04 -4.608266e+04 -4.701848e+04 1.438930e+06
2.949950e-01 3.216527e+06 3.584562e+04 -1.222605e+05 -2.775476e+04 1.245129e+06
2.956230e-01 3.197534e+06 3.182920e+04 -2.165107e+05 -1.134810e+04 1.058960e+06
2.962512e-01 3.181750e+06 2.623227e+04 -3.126203e+05 1.683881e+04 9.044943e+05
2.968799e-01 3.177002e+06 1.887675e+04 -3.909650e+05 2.572408e+04 7.850654e+05
2.975081e-01 3.179134e+06 2.137937e+04 -4.359108e+05 2.599769e+04 6.999259e+05
2.981363e-01 3.176246e+06 3.965982e+04 -4.507849e+05 1.437339e+02 6.815013e+05
2.987649e-01 3.173545e+06 5.510014e+04 -4.316710e+05 -2.109080e+04 7.373109e+05
2.993933e-01 3.164198e+06 5.546320e+04 -3.755540e+05 -3.993255e+04 8.359868e+05
3.000210e-01 3.162926e+06 4.879167e+04 -2.911637e+05 -2.978017e+04 9.582090e+05
3.006489e-01 3.171810e+06 4.352686e+04 -2.060421e+05 -1.714602e+04 1.081192e+06
3.012772e-01 3.179759e+06 3.839960e+04 -1.257887e+05 -1.562751e+04 1.179375e+06
3.019055e-01 3.186392e+06 3.906224e+04 -6.027195e+04 -1.485917e+04 1.277940e+06
3.025339e-01 3.192360e+06 3.900589e+04 -1.511632e+04 -1.427760e+04 1.342410e+06
3.031628e-01 3.191571e+06 3.707764e+04 4.928051e+03 -9.875127e+03 1.365666e+06
3.037913e-01 3.189304e+06 3.209610e+04 -8.124582e+03 -6.658374e+02 1.333846e+06
3.044197e-01 3.186102e+06 2.990427e+04 -3.937233e+04 -2.953336e+03 1.251366e+06
3.050478e-01 3.175128e+06 3.296712e+04 -8.811952e+04 -4.154053e+03 1.153118e+06
3.056758e-01 3.164820e+06 3.750248e+04 -1.543804e+05 -1.117699e+04 1.023778e+06
3.063043e-01 3.149178e+06 3.739051e+04 -2.149775e+05 -1.450014e+04 9.141372e+05
3.069326e-01 3.137328e+06 3.635116e+04 -2.792009e+05 -9.082221e+03 8.132290e+05
3.075614e-01 3.128624e+06 3.394562e+04 -3.218759e+05 9.637983e+02 7.404876e+05
3.081897e-01 3.126520e+06 2.773496e+04 -3.549829e+05 8.028528e+03 7.130912e+05
3.088177e-01 3.130242e+06 2.337348e+04 -3.641856e+05 2.369734e+04 7.005038e+05
3.094460e-01 3.140890e+06 2.625875e+04 -3.465035e+05 1.477410e+04 7.280723e+05
3.100746e-01 3.151423e+06 3.673752e+04 -3.122482e+05 -4.156840e+03 7.845922e+05
3.107034e-01 3.158844e+06 4.416176e+04 -2.511855e+05 -3.454883e+04 8.703066e+05
3.113314e-01 3.161986e+06 5.211171e+04 -1.838088e+05 -4.927838e+04 9.732209e+05
3.119592e-01 3.163868e+06 4.824128e+04 -1.152667e+05 -5.405661e+04 1.060961e+06
3.125877e-01 3.165988e+06 4.216910e+04 -5.462070e+04 -3.949025e+04 1.111971e+06
3.132162e-01 3.168873e+06 3.708191e+04 -8.555459e+03 -3.173164e+04 1.127989e+06
3.138441e-01 3.170386e+06 4.198736e+04 1.553762e+04 -3.162642e+04 1.112617e+06
3.144726e-01 3.161618e+06 4.613202e+04 3.691792e+03 -1.676922e+04 1.086259e+06
3.151006e-01 3.148914e+06 4.185896e+04 -2.983471e+04 3.133896e+03 1.039787e+06
3.157285e-01 3.139386e+06 2.538084e+04 -9.340258e+04 2.767773e+04 9.648298e+05
3.163571e-01 3.140048e+06 1.442315e+04 -1.524048e+05 4.720865e+04 8.668986e+05
3.169854e-01 3.140817e+06 1.875865e+04 -2.287604e+05 4.610940e+04 7.556400e+05
3.176141e-01 3.136066e+06 3.220730e+04 -2.944063e+05 1.403541e+04 6.704112e+05
3.182425e-01 3.128408e+06 4.336178e+04 -3.350255e+05 -1.489037e+04 6.128140e+05
3.188706e-01 3.115682e+06 4.851025e+04 -3.521798e+05 -2.920466e+04 5.992668e+05
3.194993e-01 3.109051e+06 4.800729e+04 -3.429950e+05 -2.897481e+04 5.985036e+05
3.201278e-01 3.104554e+06 4.062206e+04 -3.251978e+05 -2.089423e+04 6.139294e+05
3.207553e-01 3.110619e+06 3.655958e+04 -2.742220e+05 -3.789825e+04 6.418733e+05
3.213837e-01 3.120650e+06 5.070725e+04 -2.033853e+05 -5.004883e+04 7.120177e+05
