# k, q0, q1/i, q2, q3/i, q4, norm, alpha = 4.96317e+00, 2.00751e-02
5.385587e-04 1.058350e+13 1.908941e+12 -9.581311e+10 1.955312e+11 -6.263020e+12
1.034961e-03 9.726283e+12 3.387789e+12 -4.982454e+10 1.117998e+11 6.961923e+11
1.650345e-03 8.069761e+12 4.467594e+12 2.776350e+10 2.981613e+11 4.006521e+11
2.219461e-03 6.348398e+12 4.595238e+12 9.785842e+10 8.073950e+11 -5.963831e+11
2.824187e-03 4.549593e+12 4.079253e+12 4.482650e+11 1.265265e+12 -5.449267e+11
3.476178e-03 2.988392e+12 3.024891e+12 8.487939e+11 1.886236e+12 -1.093422e+12
4.066840e-03 1.972789e+12 2.037905e+12 1.169946e+12 2.345122e+12 -1.551385e+12
4.679538e-03 1.243026e+12 1.231727e+12 1.391056e+12 2.421554e+12 -1.614190e+12
5.338852e-03 7.713148e+11 6.573843e+11 1.374824e+12 2.272996e+12 -1.547756e+12
5.972931e-03 4.940611e+11 3.524831e+11 1.175326e+12 1.896118e+12 -1.251814e+12
6.592959e-03 3.283879e+11 2.110696e+11 8.752504e+11 1.450418e+12 -9.083525e+11
7.211547e-03 2.085867e+11 1.104441e+11 6.042608e+11 9.514011e+11 -4.716140e+11
7.844333e-03 1.379225e+11 6.555851e+10 3.697769e+11 6.106532e+11 -2.292920e+11
8.479886e-03 8.908318e+10 3.012706e+10 2.055855e+11 3.274155e+11 -3.971360e+10
9.100686e-03 6.129076e+10 1.454172e+10 1.042548e+11 1.638433e+11 3.191650e+10
9.724355e-03 4.355354e+10 1.066622e+10 4.424071e+10 6.849127e+10 5.390221e+10
1.035816e-02 3.091984e+10 1.016565e+10 1.077829e+10 1.643270e+10 5.689090e+10
1.099013e-02 2.252708e+10 1.013733e+10 -7.918317e+09 -6.883037e+09 4.266029e+10
1.161954e-02 1.671515e+10 8.774539e+09 -9.276635e+09 -1.147680e+10 3.730894e+10
1.224543e-02 1.343685e+10 6.908048e+09 -4.411512e+09 -7.890877e+09 3.303485e+10
1.287347e-02 1.165832e+10 5.083644e+09 3.367199e+09 -7.510261e+08 3.153645e+10
1.350110e-02 1.099102e+10 3.939886e+09 1.015823e+10 5.662184e+09 3.190013e+10
1.412539e-02 1.064891e+10 2.985329e+09 1.659138e+10 1.025132e+10 3.511177e+10
1.475576e-02 1.019042e+10 2.517106e+09 2.024993e+10 1.246871e+10 3.756593e+10
1.538306e-02 9.671751e+09 2.408178e+09 2.177704e+10 1.329783e+10 3.909264e+10
1.601201e-02 8.687127e+09 2.371004e+09 2.051513e+10 1.249981e+10 3.808571e+10
1.664797e-02 7.527054e+09 2.093309e+09 1.844317e+10 1.118361e+10 3.557591e+10
1.727684e-02 6.293816e+09 1.601163e+09 1.532818e+10 9.111165e+09 3.151489e+10
1.790148e-02 5.082910e+09 1.200858e+09 1.159830e+10 7.115148e+09 2.591467e+10
1.852764e-02 3.947589e+09 7.694795e+08 8.189330e+09 5.183006e+09 1.976997e+10
1.915179e-02 3.108081e+09 6.040589e+08 4.999526e+09 3.497914e+09 1.452241e+10
1.978148e-02 2.310003e+09 4.429746e+08 2.330606e+09 1.948668e+09 9.711217e+09
2.041144e-02 1.744808e+09 3.438808e+08 3.383378e+08 7.205878e+08 6.282701e+09
2.104337e-02 1.340905e+09 2.668368e+08 -7.422458e+08 -4.593340e+07 4.046379e+09
2.167611e-02 1.118548e+09 2.307383e+08 -1.149199e+09 -4.225502e+08 2.929487e+09
2.230308e-02 1.009638e+09 2.310498e+08 -9.573332e+08 -4.243625e+08 2.641841e+09
2.292974e-02 9.855558e+08 2.355247e+08 -4.025358e+08 -1.897459e+08 2.956382e+09
2.355539e-02 1.024699e+09 2.366535e+08 3.532676e+08 1.133973e+08 3.720323e+09
2.418150e-02 1.079115e+09 2.184087e+08 1.159836e+09 4.494522e+08 4.618457e+09
2.480946e-02 1.147072e+09 1.874058e+08 1.923806e+09 7.304053e+08 5.541720e+09
2.543879e-02 1.189107e+09 1.819355e+08 2.483213e+09 9.505658e+08 6.233654e+09
2.606741e-02 1.192294e+09 1.653460e+08 2.820460e+09 1.076612e+09 6.626672e+09
2.669501e-02 1.165426e+09 1.617334e+08 2.921922e+09 1.099086e+09 6.711093e+09
2.732628e-02 1.072722e+09 1.514904e+08 2.718251e+09 1.025746e+09 6.323728e+09
2.795771e-02 9.625914e+08 1.461058e+08 2.394212e+09 9.166207e+08 5.736057e+09
2.858621e-02 8.252966e+08 1.284340e+08 1.925215e+09 7.384709e+08 4.918382e+09
2.921223e-02 6.786793e+08 1.023836e+08 1.387691e+09 5.451258e+08 3.964398e+09
2.983725e-02 5.452645e+08 7.307568e+07 8.928047e+08 3.514713e+08 3.054682e+09
3.046693e-02 4.307871e+08 5.412824e+07 4.524606e+08 1.956413e+08 2.216663e+09
3.109608e-02 3.394068e+08 4.153153e+07 1.185873e+08 7.247902e+07 1.540564e+09
3.172270e-02 2.778967e+08 3.657767e+07 -1.067529e+08 -1.092713e+07 1.072603e+09
3.235285e-02 2.408292e+08 3.188981e+07 -2.043313e+08 -5.443916e+07 8.115309e+08
3.298394e-02 2.287763e+08 2.886432e+07 -1.827110e+08 -6.286019e+07 7.579988e+08
3.361458e-02 2.374817e+08 3.036041e+07 -7.071156e+07 -3.559999e+07 8.572661e+08
3.424083e-02 2.540618e+08 3.178052e+07 1.034361e+08 1.324254e+07 1.060314e+09
3.486711e-02 2.779913e+08 3.700610e+07 2.903526e+08 7.516073e+07 1.312702e+09
3.549614e-02 2.983390e+08 3.844614e+07 4.791966e+08 1.305626e+08 1.564846e+09
3.612198e-02 3.135166e+08 3.666137e+07 6.221535e+08 1.728888e+08 1.768676e+09
3.674992e-02 3.203372e+08 3.683369e+07 7.229695e+08 2.031399e+08 1.907903e+09
3.737802e-02 3.147838e+08 3.183735e+07 7.591482e+08 2.122897e+08 1.937477e+09
3.800827e-02 3.000471e+08 2.974174e+07 7.388877e+08 2.051672e+08 1.883567e+09
3.863754e-02 2.751831e+08 2.728879e+07 6.571629e+08 1.858187e+08 1.729202e+09
3.926550e-02 2.432206e+08 2.338340e+07 5.423191e+08 1.514209e+08 1.515156e+09
3.989588e-02 2.072788e+08 2.179827e+07 4.016302e+08 1.171397e+08 1.256607e+09
4.052254e-02 1.712519e+08 1.774178e+07 2.561239e+08 8.046942e+07 9.876956e+08
4.115124e-02 1.388758e+08 1.362484e+07 1.241735e+08 4.441253e+07 7.388291e+08
4.177955e-02 1.124045e+08 9.502793e+06 1.953494e+07 1.703982e+07 5.300963e+08
4.240547e-02 9.382270e+07 6.967248e+06 -4.951102e+07 -1.670872e+06 3.797214e+08
4.303621e-02 8.375584e+07 5.776516e+06 -8.463988e+07 -1.169060e+07 2.946191e+08
4.366615e-02 8.039116e+07 6.056890e+06 -8.123890e+07 -1.259352e+07 2.709933e+08
4.429168e-02 8.261668e+07 6.665210e+06 -4.990134e+07 -6.762147e+06 3.014439e+08
4.491727e-02 8.986641e+07 7.387901e+06 4.075058e+06 4.419415e+06 3.738951e+08
4.554613e-02 9.936967e+07 8.306684e+06 6.745011e+07 1.796196e+07 4.682375e+08
4.617836e-02 1.080234e+08 9.042760e+06 1.326036e+08 3.266613e+07 5.630026e+08
4.680927e-02 1.157659e+08 9.959084e+06 1.894056e+08 4.510534e+07 6.486061e+08
4.743756e-02 1.190926e+08 1.010830e+07 2.287234e+08 5.375930e+07 7.030964e+08
4.806661e-02 1.194409e+08 9.724608e+06 2.453122e+08 5.591383e+07 7.265240e+08
4.869280e-02 1.151387e+08 8.999747e+06 2.427985e+08 5.441026e+07 7.121084e+08
4.931779e-02 1.076710e+08 8.210300e+06 2.224413e+08 4.911250e+07 6.675706e+08
4.994581e-02 9.721056e+07 7.431690e+06 1.848136e+08 4.008020e+07 5.942169e+08
5.057480e-02 8.484363e+07 6.654671e+06 1.370815e+08 2.941826e+07 5.015356e+08
5.120302e-02 7.249117e+07 6.404858e+06 8.661711e+07 1.921550e+07 4.053053e+08
5.183209e-02 6.008736e+07 5.550040e+06 4.036704e+07 8.916529e+06 3.113912e+08
5.246116e-02 5.006411e+07 4.909058e+06 1.879553e+06 1.096118e+06 2.329839e+08
5.308896e-02 4.257386e+07 4.186627e+06 -2.411187e+07 -4.181994e+06 1.758968e+08
5.371721e-02 3.846729e+07 3.354118e+06 -3.608102e+07 -6.940524e+06 1.445332e+08
5.434780e-02 3.722769e+07 2.843117e+06 -3.308335e+07 -6.551690e+06 1.378180e+08
5.497604e-02 3.855359e+07 2.667848e+06 -1.796764e+07 -3.444090e+06 1.531831e+08
5.560013e-02 4.198527e+07 2.839106e+06 4.671528e+06 9.483833e+05 1.853090e+08
5.622954e-02 4.628120e+07 2.996961e+06 3.305854e+07 6.449364e+06 2.272437e+08
5.686173e-02 5.057900e+07 3.221923e+06 6.116968e+07 1.156720e+07 2.704019e+08
5.748940e-02 5.414761e+07 3.500721e+06 8.538474e+07 1.632066e+07 3.081218e+08
5.811669e-02 5.618585e+07 3.593112e+06 1.019231e+08 1.940702e+07 3.331226e+08
5.874554e-02 5.665757e+07 3.746182e+06 1.106594e+08 2.124259e+07 3.447088e+08
5.937282e-02 5.504032e+07 3.628124e+06 1.085314e+08 2.060291e+07 3.381171e+08
6.000021e-02 5.159329e+07 3.397367e+06 9.838305e+07 1.852668e+07 3.163435e+08
6.062750e-02 4.689630e+07 3.032137e+06 8.061590e+07 1.498260e+07 2.819927e+08
6.125597e-02 4.121749e+07 2.842840e+06 5.834359e+07 1.096096e+07 2.387367e+08
6.188682e-02 3.531079e+07 2.437316e+06 3.445391e+07 6.622980e+06 1.924534e+08
6.251462e-02 2.982768e+07 2.119896e+06 1.193408e+07 2.636204e+06 1.484730e+08
6.314049e-02 2.522628e+07 1.824275e+06 -5.819352e+06 -2.977133e+05 1.119657e+08
6.377015e-02 2.176224e+07 1.629764e+06 -1.789656e+07 -2.260073e+06 8.471942e+07
6.439971e-02 1.995258e+07 1.472185e+06 -2.296359e+07 -3.045374e+06 7.090057e+07
6.502803e-02 1.955221e+07 1.386167e+06 -2.089986e+07 -2.732116e+06 6.956629e+07
6.565852e-02 2.040925e+07 1.330796e+06 -1.222778e+07 -1.477104e+06 7.974102e+07
6.628652e-02 2.244822e+07 1.339427e+06 7.968518e+05 5.836566e+05 9.933319e+07
6.691319e-02 2.490259e+07 1.376555e+06 1.669548e+07 3.008154e+06 1.235093e+08
6.754195e-02 2.745896e+07 1.431915e+06 3.284103e+07 5.523166e+06 1.488758e+08
6.816923e-02 2.965450e+07 1.600576e+06 4.691436e+07 7.992733e+06 1.712934e+08
6.879707e-02 3.127467e+07 1.550204e+06 5.779875e+07 9.517491e+06 1.886282e+08
6.942589e-02 3.183077e+07 1.523056e+06 6.299180e+07 1.039902e+07 1.964612e+08
7.005350e-02 3.132479e+07 1.434814e+06 6.326516e+07 1.044459e+07 1.952138e+08
7.068149e-02 3.001624e+07 1.334119e+06 5.871977e+07 9.686863e+06 1.860333e+08
7.131092e-02 2.773752e+07 1.197653e+06 4.952753e+07 8.189278e+06 1.682544e+08
7.194060e-02 2.485504e+07 1.153471e+06 3.727319e+07 6.465954e+06 1.451527e+08
7.256947e-02 2.180928e+07 1.062014e+06 2.385873e+07 4.404646e+06 1.200197e+08
7.319738e-02 1.878053e+07 8.803841e+05 1.109037e+07 2.278002e+06 9.523799e+07
7.382604e-02 1.621765e+07 8.444405e+05 -1.724958e+04 6.267809e+05 7.379962e+07
7.445392e-02 1.419110e+07 7.968536e+05 -7.596302e+06 -5.447999e+05 5.763752e+07
7.507965e-02 1.306266e+07 7.455144e+05 -1.163371e+07 -1.271744e+06 4.864224e+07
7.570782e-02 1.265111e+07 7.266158e+05 -1.129545e+07 -1.275421e+06 4.653083e+07
7.633697e-02 1.306096e+07 6.981198e+05 -7.417624e+06 -8.068991e+05 5.131827e+07
7.696614e-02 1.413128e+07 6.983395e+05 -6.826261e+05 1.620685e+05 6.157994e+07
7.759521e-02 1.554263e+07 6.396508e+05 8.038446e+06 1.307192e+06 7.512795e+07
7.822404e-02 1.707440e+07 6.739090e+05 1.717201e+07 2.565268e+06 8.967516e+07
7.885455e-02 1.847717e+07 7.577957e+05 2.568739e+07 3.801047e+06 1.033422e+08
7.948034e-02 1.955620e+07 8.268247e+05 3.213074e+07 4.714472e+06 1.140056e+08
8.010544e-02 1.999502e+07 8.730099e+05 3.600208e+07 5.262724e+06 1.198244e+08
8.073519e-02 1.984764e+07 8.828178e+05 3.668148e+07 5.426740e+06 1.203952e+08
8.136420e-02 1.911580e+07 8.431608e+05 3.448760e+07 5.176134e+06 1.157183e+08
8.199246e-02 1.781236e+07 7.423472e+05 2.932687e+07 4.428930e+06 1.058702e+08
8.262013e-02 1.619423e+07 6.745185e+05 2.249844e+07 3.639329e+06 9.289593e+07
8.325004e-02 1.430123e+07 5.978162e+05 1.439213e+07 2.563822e+06 7.741482e+07
8.388076e-02 1.242367e+07 4.977698e+05 6.288366e+06 1.429918e+06 6.185582e+07
8.450772e-02 1.076270e+07 4.402295e+05 -9.467000e+05 4.394075e+05 4.784921e+07
8.513407e-02 9.413320e+06 4.117654e+05 -6.510084e+06 -3.123229e+05 3.658764e+07
8.576290e-02 8.534543e+06 3.846177e+05 -9.936285e+06 -8.568677e+05 2.923425e+07
8.639170e-02 8.088588e+06 3.889450e+05 -1.091262e+07 -1.034583e+06 2.598297e+07
8.701933e-02 8.116231e+06 4.132332e+05 -9.633837e+06 -9.046042e+05 2.689575e+07
8.764729e-02 8.552869e+06 4.196760e+05 -6.504365e+06 -5.572596e+05 3.135312e+07
8.827546e-02 9.187615e+06 4.357642e+05 -1.832771e+06 9.759474e+03 3.805500e+07
8.890360e-02 1.002814e+07 4.458008e+05 3.130401e+06 5.891919e+05 4.614697e+07
8.953185e-02 1.078905e+07 4.762065e+05 8.172743e+06 1.286058e+06 5.395035e+07
9.016049e-02 1.141719e+07 4.603208e+05 1.226873e+07 1.747221e+06 6.049388e+07
9.078921e-02 1.179788e+07 4.488216e+05 1.490588e+07 2.052454e+06 6.464412e+07
9.141859e-02 1.181317e+07 4.524580e+05 1.612624e+07 2.231991e+06 6.589348e+07
9.204760e-02 1.154434e+07 4.235868e+05 1.541055e+07 2.063098e+06 6.420867e+07
9.267535e-02 1.092903e+07 4.260526e+05 1.329735e+07 1.784188e+06 5.965037e+07
9.330406e-02 1.009595e+07 4.284504e+05 9.847621e+06 1.307392e+06 5.304386e+07
9.393390e-02 9.065909e+06 4.137778e+05 5.821862e+06 8.034206e+05 4.496166e+07
9.456102e-02 8.065535e+06 3.793060e+05 1.611526e+06 2.805455e+05 3.684618e+07
9.518740e-02 7.113522e+06 3.507847e+05 -2.110064e+06 -1.520365e+05 2.921276e+07
9.581568e-02 6.371779e+06 3.244006e+05 -4.971005e+06 -4.658807e+05 2.324023e+07
9.644552e-02 5.857834e+06 2.929770e+05 -6.604406e+06 -6.596332e+05 1.928993e+07
9.707482e-02 5.640064e+06 2.781169e+05 -6.896159e+06 -6.925189e+05 1.783799e+07
9.770146e-02 5.708602e+06 2.737922e+05 -5.905184e+06 -5.599244e+05 1.882679e+07
9.832882e-02 5.993044e+06 2.617632e+05 -3.745301e+06 -3.351040e+05 2.185653e+07
9.895640e-02 6.427696e+06 2.546175e+05 -8.416590e+05 -4.357678e+02 2.621566e+07
9.958504e-02 6.956983e+06 2.614158e+05 2.340798e+06 3.644258e+05 3.138009e+07
1.002139e-01 7.463232e+06 2.644477e+05 5.473204e+06 7.526897e+05 3.638507e+07
1.008411e-01 7.874368e+06 2.488266e+05 7.991228e+06 1.050436e+06 4.051541e+07
1.014708e-01 8.094939e+06 2.433644e+05 9.651537e+06 1.253992e+06 4.299436e+07
1.021003e-01 8.137930e+06 2.406631e+05 1.027958e+07 1.337373e+06 4.378227e+07
1.027279e-01 7.972188e+06 2.322870e+05 9.781848e+06 1.259690e+06 4.266414e+07
1.033572e-01 7.569568e+06 2.286203e+05 8.310046e+06 1.068736e+06 3.957884e+07
1.039858e-01 7.028384e+06 2.204928e+05 6.100940e+06 7.903211e+05 3.519516e+07
1.046130e-01 6.424326e+06 2.094300e+05 3.397099e+06 4.685984e+05 3.011464e+07
1.052407e-01 5.787636e+06 1.919096e+05 6.771441e+05 1.127528e+05 2.477742e+07
1.058684e-01 5.212976e+06 1.864175e+05 -1.741042e+06 -1.527769e+05 1.994208e+07
1.064969e-01 4.757972e+06 1.825025e+05 -3.558260e+06 -3.620402e+05 1.614190e+07
1.071273e-01 4.476488e+06 1.798665e+05 -4.563915e+06 -4.818192e+05 1.379908e+07
1.077558e-01 4.367154e+06 1.840024e+05 -4.601201e+06 -4.906604e+05 1.309891e+07
1.083828e-01 4.424608e+06 2.046153e+05 -3.737514e+06 -4.087369e+05 1.395133e+07
1.090114e-01 4.651024e+06 2.203795e+05 -2.152429e+06 -2.428854e+05 1.629377e+07
1.096397e-01 4.965172e+06 2.332307e+05 -5.042186e+04 -5.592722e+04 1.952456e+07
1.102684e-01 5.327498e+06 2.426200e+05 2.325636e+06 1.920875e+05 2.325734e+07
1.108970e-01 5.668197e+06 2.382069e+05 4.563330e+06 4.040335e+05 2.685556e+07
1.115233e-01 5.933340e+06 2.276532e+05 6.443096e+06 5.864051e+05 2.978970e+07
1.121508e-01 6.102419e+06 2.157115e+05 7.659026e+06 7.278923e+05 3.172286e+07
1.127798e-01 6.105084e+06 2.066309e+05 8.131110e+06 8.076967e+05 3.225331e+07
1.134097e-01 5.974455e+06 1.764369e+05 7.772238e+06 7.805489e+05 3.143819e+07
1.140373e-01 5.682918e+06 1.596184e+05 6.645326e+06 7.245814e+05 2.920215e+07
1.146647e-01 5.294752e+06 1.412257e+05 4.989398e+06 5.902508e+05 2.597934e+07
1.152948e-01 4.832675e+06 1.286668e+05 2.897536e+06 4.306358e+05 2.203967e+07
1.159235e-01 4.350768e+06 1.160585e+05 7.605159e+05 2.312010e+05 1.791039e+07
1.165517e-01 3.914485e+06 1.073062e+05 -1.233580e+06 3.186926e+04 1.408922e+07
1.171799e-01 3.552456e+06 1.032246e+05 -2.810803e+06 -1.411503e+05 1.096721e+07
1.178092e-01 3.299364e+06 1.036504e+05 -3.769809e+06 -2.731988e+05 8.851030e+06
1.184382e-01 3.191409e+06 1.098115e+05 -4.066036e+06 -3.426275e+05 7.965550e+06
1.190649e-01 3.206738e+06 1.231429e+05 -3.668667e+06 -3.459501e+05 8.280812e+06
1.196918e-01 3.337453e+06 1.330696e+05 -2.679498e+06 -3.019019e+05 9.661928e+06
1.203206e-01 3.563936e+06 1.452906e+05 -1.237454e+06 -1.996356e+05 1.187454e+07
1.209492e-01 3.818222e+06 1.587680e+05 4.292099e+05 -7.359791e+04 1.447858e+07
1.215770e-01 4.078339e+06 1.751543e+05 2.106926e+06 8.999998e+04 1.714659e+07
1.222060e-01 4.300126e+06 1.832061e+05 3.572481e+06 2.095634e+05 1.948737e+07
1.228351e-01 4.419786e+06 1.811610e+05 4.607276e+06 3.341009e+05 2.103753e+07
1.234639e-01 4.460442e+06 1.780902e+05 5.172311e+06 4.109623e+05 2.179720e+07
1.240910e-01 4.384810e+06 1.641091e+05 5.109454e+06 4.359653e+05 2.147149e+07
1.247182e-01 4.212679e+06 1.439893e+05 4.537509e+06 4.030445e+05 2.024118e+07
1.253470e-01 3.954126e+06 1.193308e+05 3.477374e+06 3.229127e+05 1.814986e+07
1.259754e-01 3.645297e+06 9.716668e+04 2.135344e+06 2.178538e+05 1.557730e+07
1.266036e-01 3.318299e+06 7.413675e+04 6.743282e+05 1.039442e+05 1.274947e+07
1.272319e-01 3.028604e+06 5.907139e+04 -7.070166e+05 -4.977734e+03 1.013376e+07
1.278607e-01 2.771174e+06 4.683068e+04 -1.827677e+06 -1.063670e+05 7.865036e+06
1.284890e-01 2.610037e+06 4.796516e+04 -2.562650e+06 -1.633171e+05 6.351294e+06
1.291182e-01 2.532404e+06 5.122434e+04 -2.828235e+06 -1.955810e+05 5.656164e+06
1.297470e-01 2.555009e+06 6.403687e+04 -2.598346e+06 -1.779873e+05 5.851903e+06
1.303744e-01 2.663358e+06 7.486421e+04 -1.921191e+06 -1.332477e+05 6.864660e+06
1.310022e-01 2.830268e+06 8.657217e+04 -8.964737e+05 -6.790889e+04 8.479797e+06
1.316312e-01 3.035871e+06 1.010794e+05 3.431780e+05 2.893556e+04 1.049256e+07
1.322597e-01 3.253251e+06 1.116322e+05 1.619803e+06 1.137426e+05 1.261012e+07
1.328871e-01 3.439190e+06 1.160321e+05 2.756782e+06 1.930485e+05 1.450979e+07
1.335151e-01 3.572730e+06 1.170811e+05 3.652858e+06 2.611641e+05 1.595276e+07
1.341448e-01 3.635826e+06 1.217049e+05 4.191109e+06 2.969361e+05 1.676920e+07
1.347734e-01 3.615514e+06 1.173236e+05 4.304724e+06 3.065167e+05 1.683458e+07
1.354003e-01 3.510634e+06 1.184595e+05 4.004772e+06 2.752353e+05 1.612243e+07
1.360284e-01 3.333595e+06 1.165670e+05 3.331848e+06 2.332775e+05 1.477854e+07
1.366568e-01 3.106599e+06 1.082541e+05 2.404454e+06 1.531428e+05 1.297319e+07
1.372858e-01 2.848745e+06 9.740618e+04 1.343485e+06 5.971292e+04 1.089256e+07
1.379142e-01 2.604795e+06 8.341028e+04 2.561115e+05 -2.140267e+04 8.834886e+06
1.385416e-01 2.382557e+06 7.324601e+04 -6.545061e+05 -7.594934e+04 6.987612e+06
1.391708e-01 2.217743e+06 5.825261e+04 -1.362047e+06 -1.386068e+05 5.567606e+06
1.397994e-01 2.118014e+06 5.463505e+04 -1.737987e+06 -1.609746e+05 4.695946e+06
1.404273e-01 2.085164e+06 5.554315e+04 -1.771534e+06 -1.756197e+05 4.439504e+06
1.410561e-01 2.125184e+06 6.327914e+04 -1.485007e+06 -1.658137e+05 4.800115e+06
1.416844e-01 2.207607e+06 7.261928e+04 -9.182694e+05 -1.292344e+05 5.641730e+06
1.423121e-01 2.325972e+06 8.160577e+04 -1.823376e+05 -7.515598e+04 6.819567e+06
1.429401e-01 2.454833e+06 8.483004e+04 6.371878e+05 -7.807879e+03 8.145880e+06
1.435692e-01 2.574570e+06 8.443162e+04 1.408012e+06 6.849498e+04 9.395387e+06
1.441983e-01 2.671075e+06 7.696035e+04 2.024408e+06 1.234279e+05 1.040343e+07
1.448262e-01 2.719065e+06 7.330074e+04 2.415250e+06 1.773988e+05 1.098693e+07
1.454539e-01 2.726144e+06 6.656662e+04 2.534970e+06 1.955935e+05 1.113749e+07
1.460823e-01 2.670747e+06 5.840817e+04 2.386630e+06 1.917866e+05 1.076560e+07
1.467115e-01 2.570305e+06 5.315431e+04 1.964857e+06 1.650005e+05 9.954398e+06
1.473399e-01 2.440891e+06 4.956965e+04 1.368240e+06 1.222856e+05 8.821853e+06
1.479676e-01 2.283361e+06 4.097375e+04 6.587079e+05 5.684385e+04 7.477318e+06
1.485964e-01 2.127949e+06 4.238900e+04 -5.553586e+04 2.594999e+03 6.125587e+06
1.492243e-01 1.990380e+06 3.721509e+04 -6.847376e+05 -5.633284e+04 4.904004e+06
1.498507e-01 1.885135e+06 4.051066e+04 -1.158038e+06 -9.857488e+04 3.975796e+06
1.504788e-01 1.816345e+06 4.572024e+04 -1.408814e+06 -1.223602e+05 3.393154e+06
1.511078e-01 1.791552e+06 5.352296e+04 -1.425548e+06 -1.317655e+05 3.242765e+06
1.517364e-01 1.811367e+06 6.444839e+04 -1.212700e+06 -1.213219e+05 3.498560e+06
1.523652e-01 1.865540e+06 6.998506e+04 -8.074698e+05 -1.009082e+05 4.102051e+06
1.529942e-01 1.940702e+06 7.349162e+04 -2.751258e+05 -5.927626e+04 4.938798e+06
1.536237e-01 2.031780e+06 7.070811e+04 3.160020e+05 -1.645962e+04 5.905453e+06
1.542519e-01 2.120071e+06 6.053964e+04 8.605884e+05 2.993563e+04 6.821416e+06
1.548791e-01 2.191328e+06 5.127819e+04 1.309192e+06 7.785448e+04 7.556414e+06
1.555078e-01 2.237579e+06 4.041621e+04 1.603054e+06 1.188274e+05 8.018446e+06
1.561363e-01 2.250669e+06 3.008872e+04 1.697356e+06 1.397092e+05 8.161006e+06
1.567636e-01 2.228164e+06 2.588343e+04 1.590325e+06 1.528660e+05 7.937556e+06
1.573916e-01 2.166789e+06 1.962079e+04 1.289157e+06 1.353591e+05 7.389930e+06
1.580207e-01 2.082537e+06 1.604915e+04 8.600309e+05 1.203097e+05 6.596374e+06
1.586492e-01 1.984066e+06 1.209277e+04 3.581681e+05 7.627342e+04 5.663194e+06
1.592766e-01 1.880244e+06 1.370105e+04 -1.483734e+05 3.372644e+04 4.707508e+06
1.599049e-01 1.788425e+06 2.246137e+04 -5.992551e+05 -3.550842e+03 3.851393e+06
1.605344e-01 1.709087e+06 3.245989e+04 -9.349443e+05 -4.524743e+04 3.187645e+06
1.611623e-01 1.660441e+06 4.282988e+04 -1.117871e+06 -6.640409e+04 2.808752e+06
1.617904e-01 1.641942e+06 4.648796e+04 -1.134444e+06 -7.800638e+04 2.728200e+06
1.624191e-01 1.653370e+06 4.663303e+04 -9.768202e+05 -7.995978e+04 2.940436e+06
1.630470e-01 1.696464e+06 4.416298e+04 -6.819156e+05 -6.346512e+04 3.386024e+06
1.636756e-01 1.755388e+06 4.634210e+04 -2.921354e+05 -4.401973e+04 3.990493e+06
1.643038e-01 1.824085e+06 4.998898e+04 1.246123e+05 -1.867106e+04 4.670493e+06
1.649313e-01 1.885498e+06 5.458868e+04 5.230248e+05 -1.557165e+03 5.302464e+06
1.655596e-01 1.929107e+06 5.667405e+04 8.457571e+05 1.668825e+04 5.814689e+06
1.661885e-01 1.951553e+06 5.851284e+04 1.041716e+06 2.928211e+04 6.112153e+06
1.668177e-01 1.946262e+06 5.106518e+04 1.105160e+06 3.356144e+04 6.172386e+06
1.674456e-01 1.913256e+06 4.512710e+04 1.010524e+06 3.908504e+04 5.951234e+06
1.680727e-01 1.859593e+06 3.559830e+04 7.960649e+05 3.360991e+04 5.522920e+06
1.687016e-01 1.788224e+06 2.852523e+04 4.883318e+05 2.407641e+04 4.900711e+06
1.693313e-01 1.709636e+06 2.643301e+04 1.201070e+05 6.236512e+03 4.195839e+06
1.699587e-01 1.629983e+06 2.821982e+04 -2.327957e+05 -1.290626e+04 3.497646e+06
1.705866e-01 1.561793e+06 3.181953e+04 -5.428438e+05 -3.527092e+04 2.902154e+06
1.712159e-01 1.507940e+06 3.636216e+04 -7.504207e+05 -4.768977e+04 2.474996e+06
1.718445e-01 1.479543e+06 3.699658e+04 -8.341166e+05 -5.747687e+04 2.280388e+06
1.724727e-01 1.479458e+06 3.434899e+04 -7.798898e+05 -5.424540e+04 2.332892e+06
1.731002e-01 1.503244e+06 3.168216e+04 -5.896014e+05 -3.973716e+04 2.609024e+06
1.737290e-01 1.551815e+06 2.864665e+04 -3.004216e+05 -1.638057e+04 3.083048e+06
1.743571e-01 1.616182e+06 2.704052e+04 5.659893e+04 1.163776e+04 3.683272e+06
1.749848e-01 1.685037e+06 2.573358e+04 4.254275e+05 4.160450e+04 4.318472e+06
1.756135e-01 1.748978e+06 2.337905e+04 7.582911e+05 7.174228e+04 4.914045e+06
1.762417e-01 1.800114e+06 1.914427e+04 1.019606e+06 9.303434e+04 5.373304e+06
1.768700e-01 1.833252e+06 1.368514e+04 1.171372e+06 1.019975e+05 5.648392e+06
1.774983e-01 1.842286e+06 9.562099e+03 1.199461e+06 1.045473e+05 5.690532e+06
1.781269e-01 1.825515e+06 1.003788e+04 1.100478e+06 8.886349e+04 5.503468e+06
1.787551e-01 1.784742e+06 1.568191e+04 8.850464e+05 6.972303e+04 5.105254e+06
1.793837e-01 1.722999e+06 2.221509e+04 5.884932e+05 4.654443e+04 4.555480e+06
1.800121e-01 1.651315e+06 2.805112e+04 2.462070e+05 1.644256e+04 3.929304e+06
1.806398e-01 1.573453e+06 3.084757e+04 -8.998676e+04 -1.098906e+04 3.289616e+06
1.812676e-01 1.504752e+06 3.333628e+04 -3.817267e+05 -2.966228e+04 2.725249e+06
1.818961e-01 1.452683e+06 3.479013e+04 -5.884300e+05 -4.258008e+04 2.310836e+06
1.825251e-01 1.420986e+06 3.622690e+04 -6.841046e+05 -4.972383e+04 2.082379e+06
1.831533e-01 1.413328e+06 3.791105e+04 -6.580001e+05 -4.689401e+04 2.076287e+06
1.837813e-01 1.431274e+06 3.593092e+04 -5.104228e+05 -4.288238e+04 2.280393e+06
1.844104e-01 1.467901e+06 3.533871e+04 -2.658844e+05 -3.621262e+04 2.662699e+06
1.850389e-01 1.522890e+06 3.796791e+04 4.926034e+04 -2.392004e+04 3.184176e+06
1.856669e-01 1.581391e+06 3.764606e+04 3.954921e+05 -1.232864e+04 3.752849e+06
1.862953e-01 1.637484e+06 4.020113e+04 7.230217e+05 -2.889690e+02 4.306612e+06
1.869236e-01 1.683458e+06 3.859514e+04 1.000474e+06 1.457485e+04 4.756938e+06
1.875520e-01 1.715104e+06 3.432757e+04 1.196646e+06 2.345459e+04 5.075664e+06
1.881803e-01 1.724370e+06 2.941040e+04 1.275853e+06 3.570143e+04 5.172935e+06
1.888083e-01 1.713567e+06 2.586716e+04 1.247814e+06 3.778119e+04 5.076034e+06
1.894359e-01 1.679569e+06 2.392481e+04 1.102386e+06 4.174577e+04 4.770195e+06
1.900648e-01 1.630678e+06 2.342494e+04 8.720438e+05 3.543916e+04 4.316368e+06
1.906937e-01 1.568122e+06 1.994153e+04 5.710148e+05 2.721793e+04 3.759236e+06
1.913208e-01 1.503074e+06 1.725297e+04 2.517767e+05 1.624201e+04 3.156830e+06
1.919495e-01 1.441613e+06 1.413170e+04 -5.479311e+04 4.618099e+03 2.589793e+06
1.925783e-01 1.389569e+06 1.452845e+04 -3.156984e+05 -6.437699e+03 2.102230e+06
1.932069e-01 1.353277e+06 1.596331e+04 -4.990081e+05 -1.205265e+04 1.757476e+06
1.938350e-01 1.330865e+06 1.860234e+04 -5.924604e+05 -1.983833e+04 1.569433e+06
1.944626e-01 1.326118e+06 2.426792e+04 -5.895599e+05 -1.862919e+04 1.547890e+06
1.950912e-01 1.337304e+06 2.794301e+04 -5.055507e+05 -1.567890e+04 1.684487e+06
1.957198e-01 1.357425e+06 3.193137e+04 -3.571676e+05 -9.164773e+03 1.930682e+06
1.963481e-01 1.386670e+06 3.401746e+04 -1.680430e+05 -1.137005e+03 2.247375e+06
1.969763e-01 1.414819e+06 3.219914e+04 2.258646e+04 7.023810e+03 2.566152e+06
1.976057e-01 1.440099e+06 3.052293e+04 1.937791e+05 6.479493e+03 2.846097e+06
1.982346e-01 1.456592e+06 2.832643e+04 3.105186e+05 1.017517e+04 3.028235e+06
1.988621e-01 1.461261e+06 2.569787e+04 3.636679e+05 4.714449e+03 3.098184e+06
1.994900e-01 1.451785e+06 2.560300e+04 3.374249e+05 1.450479e+03 3.031735e+06
2.001183e-01 1.427622e+06 2.427977e+04 2.373128e+05 -5.934653e+03 2.835076e+06
2.007462e-01 1.393803e+06 2.223870e+04 8.555433e+04 -1.313822e+04 2.541601e+06
2.013743e-01 1.352683e+06 2.079343e+04 -1.101950e+05 -2.010800e+04 2.174144e+06
2.020025e-01 1.307826e+06 1.893503e+04 -3.077885e+05 -2.123959e+04 1.790329e+06
2.026313e-01 1.267556e+06 2.047800e+04 -4.863248e+05 -2.342204e+04 1.438285e+06
2.032604e-01 1.234532e+06 2.215173e+04 -6.223652e+05 -1.951766e+04 1.163642e+06
2.038879e-01 1.212726e+06 2.572346e+04 -6.926748e+05 -1.697730e+04 9.995930e+05
2.045158e-01 1.206550e+06 2.910156e+04 -6.915748e+05 -1.747061e+04 9.758416e+05
2.051449e-01 1.213088e+06 3.225250e+04 -6.093974e+05 -1.992126e+04 1.086414e+06
2.057735e-01 1.233381e+06 3.461004e+04 -4.594660e+05 -2.315870e+04 1.326559e+06
2.064017e-01 1.262646e+06 3.729573e+04 -2.600505e+05 -2.525042e+04 1.666522e+06
2.070305e-01 1.297112e+06 3.700439e+04 -3.386311e+04 -2.112989e+04 2.055950e+06
2.076594e-01 1.333384e+06 3.324316e+04 1.918316e+05 -1.453156e+04 2.446145e+06
2.082867e-01 1.366209e+06 2.693499e+04 3.880502e+05 -1.872747e+03 2.781842e+06
2.089139e-01 1.392660e+06 1.920211e+04 5.322793e+05 6.784653e+03 3.011450e+06
2.095429e-01 1.406386e+06 1.512556e+04 6.102284e+05 1.181682e+04 3.112315e+06
2.101711e-01 1.407207e+06 1.626546e+04 6.124019e+05 1.472080e+04 3.083062e+06
2.107990e-01 1.390781e+06 1.992110e+04 5.427229e+05 9.759098e+03 2.918190e+06
2.114275e-01 1.359961e+06 2.370724e+04 4.007742e+05 6.269300e+03 2.656700e+06
2.120557e-01 1.319826e+06 2.306650e+04 2.151400e+05 2.262749e+03 2.317741e+06
2.126842e-01 1.273710e+06 1.905901e+04 7.882312e+03 3.043336e+03 1.938339e+06
2.133127e-01 1.232631e+06 1.396255e+04 -1.906569e+05 3.760532e+03 1.562418e+06
2.139414e-01 1.199268e+06 1.139748e+04 -3.597570e+05 2.120163e+03 1.239026e+06
2.145702e-01 1.173867e+06 1.361261e+04 -4.809937e+05 -6.586568e+02 1.002360e+06
2.151979e-01 1.160496e+06 2.022453e+04 -5.358505e+05 -7.341309e+03 8.858378e+05
2.158262e-01 1.157894e+06 2.490349e+04 -5.236523e+05 -1.285948e+04 8.985567e+05
2.164548e-01 1.166957e+06 2.883436e+04 -4.460868e+05 -1.664681e+04 1.034851e+06
2.170834e-01 1.186307e+06 2.846335e+04 -3.116086e+05 -1.722282e+04 1.270055e+06
2.177116e-01 1.214172e+06 2.432274e+04 -1.408537e+05 -1.254947e+04 1.565264e+06
2.183390e-01 1.246466e+06 2.124789e+04 5.033270e+04 -2.441015e+03 1.880105e+06
2.189672e-01 1.280459e+06 1.803137e+04 2.273515e+05 3.941919e+03 2.177903e+06
2.195962e-01 1.309282e+06 1.651784e+04 3.772111e+05 6.760471e+03 2.418126e+06
2.202247e-01 1.330596e+06 1.714231e+04 4.792278e+05 5.771805e+03 2.579498e+06
2.208525e-01 1.339217e+06 1.789644e+04 5.205452e+05 1.976824e+03 2.638558e+06
2.214806e-01 1.335955e+06 1.772978e+04 5.067632e+05 -1.503554e+03 2.592225e+06
2.221096e-01 1.323068e+06 1.729787e+04 4.345907e+05 -2.566263e+03 2.456945e+06
2.227377e-01 1.299447e+06 1.343724e+04 3.189496e+05 -5.318802e+03 2.228208e+06
2.233660e-01 1.272188e+06 1.038519e+04 1.776171e+05 -5.720942e+03 1.949808e+06
2.239949e-01 1.243692e+06 1.064555e+04 2.639110e+04 -4.249386e+03 1.651056e+06
2.246230e-01 1.215389e+06 1.414813e+04 -1.142158e+05 -5.012547e+03 1.370155e+06
2.252510e-01 1.189101e+06 1.937925e+04 -2.326168e+05 -6.846392e+03 1.145658e+06
2.258786e-01 1.170549e+06 2.510415e+04 -3.158226e+05 -6.449286e+03 9.980239e+05
2.265070e-01 1.157523e+06 2.520927e+04 -3.527066e+05 -4.488903e+03 9.372480e+05
2.271353e-01 1.155012e+06 2.302724e+04 -3.458421e+05 5.274532e+02 9.600143e+05
2.277640e-01 1.161977e+06 1.774254e+04 -2.953173e+05 4.256797e+03 1.052542e+06
2.283928e-01 1.178802e+06 1.404276e+04 -2.129443e+05 7.777307e+03 1.196255e+06
2.290206e-01 1.197108e+06 1.427526e+04 -1.135392e+05 5.556321e+03 1.361544e+06
2.296494e-01 1.217252e+06 1.766953e+04 -1.292447e+04 3.665547e+03 1.534291e+06
2.302775e-01 1.231140e+06 2.184623e+04 7.312510e+04 -4.962136e+03 1.684739e+06
2.309053e-01 1.239145e+06 2.618620e+04 1.330222e+05 -1.197635e+04 1.785400e+06
2.315342e-01 1.239630e+06 2.804785e+04 1.638997e+05 -1.565363e+04 1.827439e+06
2.321633e-01 1.230791e+06 2.866412e+04 1.568607e+05 -2.035803e+04 1.791148e+06
2.327917e-01 1.216836e+06 3.045842e+04 1.157967e+05 -2.096348e+04 1.695866e+06
2.334191e-01 1.196246e+06 2.949501e+04 4.808865e+04 -2.237615e+04 1.545800e+06
2.340471e-01 1.171463e+06 2.731626e+04 -4.032622e+04 -2.120173e+04 1.366126e+06
2.346760e-01 1.148858e+06 2.329374e+04 -1.341041e+05 -2.093553e+04 1.180636e+06
2.353048e-01 1.128450e+06 1.698147e+04 -2.151470e+05 -1.986799e+04 1.011384e+06
2.359331e-01 1.115617e+06 1.221127e+04 -2.803855e+05 -1.666809e+04 8.769929e+05
2.365605e-01 1.109921e+06 1.079563e+04 -3.148540e+05 -1.366441e+04 7.978732e+05
2.371890e-01 1.110480e+06 1.146683e+04 -3.224003e+05 -1.036166e+04 7.746301e+05
2.378178e-01 1.116487e+06 1.348067e+04 -2.967239e+05 -9.582599e+03 8.127398e+05
2.384456e-01 1.127857e+06 1.408291e+04 -2.431961e+05 -5.059661e+03 9.059411e+05
2.390742e-01 1.141058e+06 1.534081e+04 -1.732311e+05 -3.871299e+03 1.027738e+06
2.397020e-01 1.156660e+06 1.498200e+04 -9.507807e+04 7.727241e+02 1.164149e+06
2.403299e-01 1.171790e+06 1.683975e+04 -2.026424e+04 4.722215e+03 1.292081e+06
2.409587e-01 1.182361e+06 1.819836e+04 4.090551e+04 8.357644e+03 1.390789e+06
2.415875e-01 1.187381e+06 2.029485e+04 7.328499e+04 7.773048e+03 1.452240e+06
2.422165e-01 1.186625e+06 2.110405e+04 7.770098e+04 8.297252e+03 1.460682e+06
2.428445e-01 1.179813e+06 2.046723e+04 5.233537e+04 2.721159e+03 1.415392e+06
2.434722e-01 1.167350e+06 1.872791e+04 4.089621e+03 -9.897396e+02 1.323071e+06
2.441005e-01 1.151670e+06 1.909704e+04 -6.252799e+04 -8.212870e+03 1.190634e+06
2.447295e-01 1.133514e+06 1.915945e+04 -1.387659e+05 -1.295129e+04 1.038676e+06
2.453575e-01 1.114509e+06 2.080407e+04 -2.120139e+05 -1.827308e+04 8.854019e+05
2.459854e-01 1.097569e+06 2.424852e+04 -2.759890e+05 -2.085947e+04 7.558738e+05
2.466143e-01 1.084104e+06 2.551257e+04 -3.219088e+05 -2.235143e+04 6.631754e+05
2.472426e-01 1.075374e+06 2.464045e+04 -3.424599e+05 -2.241518e+04 6.184254e+05
2.478702e-01 1.073539e+06 2.047332e+04 -3.373170e+05 -2.167673e+04 6.274279e+05
2.484984e-01 1.081019e+06 1.587937e+04 -3.015402e+05 -1.896911e+04 6.819398e+05
2.491273e-01 1.091799e+06 1.082806e+04 -2.411332e+05 -1.797786e+04 7.726377e+05
2.497552e-01 1.109574e+06 1.068238e+04 -1.678551e+05 -1.318061e+04 8.929975e+05
2.503834e-01 1.125805e+06 1.209023e+04 -9.126612e+04 -7.794678e+03 1.017414e+06
2.510119e-01 1.140929e+06 1.512621e+04 -2.595189e+04 -5.435407e+03 1.137205e+06
2.516403e-01 1.150235e+06 1.694816e+04 2.608468e+04 1.613772e+03 1.224187e+06
2.522691e-01 1.155750e+06 1.794723e+04 5.216282e+04 2.579132e+01 1.268231e+06
2.528974e-01 1.154899e+06 1.885200e+04 5.732039e+04 -1.551383e+03 1.266091e+06
2.535254e-01 1.147914e+06 2.281185e+04 3.857595e+04 -5.781736e+03 1.207197e+06
2.541542e-01 1.134414e+06 2.762196e+04 -5.022680e+03 -1.384909e+04 1.109078e+06
2.547828e-01 1.114179e+06 3.259027e+04 -6.631312e+04 -1.592294e+04 9.847889e+05
2.554104e-01 1.092423e+06 3.293169e+04 -1.397234e+05 -2.337795e+04 8.499073e+05
2.560379e-01 1.072041e+06 2.887142e+04 -2.067926e+05 -2.425692e+04 7.165691e+05
2.566670e-01 1.055755e+06 2.096678e+04 -2.628991e+05 -2.336168e+04 6.029531e+05
2.572958e-01 1.047825e+06 1.383363e+04 -2.990298e+05 -2.311713e+04 5.179341e+05
2.579236e-01 1.047013e+06 9.139702e+03 -3.076329e+05 -2.053581e+04 4.839223e+05
2.585522e-01 1.052313e+06 9.974387e+03 -2.889610e+05 -1.875280e+04 4.926553e+05
2.591808e-01 1.062101e+06 1.303221e+04 -2.469858e+05 -1.787421e+04 5.545860e+05
2.598086e-01 1.074182e+06 1.734711e+04 -1.822907e+05 -1.590905e+04 6.592933e+05
2.604363e-01 1.087165e+06 2.064966e+04 -1.064288e+05 -1.252424e+04 7.852160e+05
2.610650e-01 1.099640e+06 2.278049e+04 -2.604767e+04 -9.487030e+03 9.217249e+05
2.616935e-01 1.111113e+06 2.407499e+04 5.115531e+04 -3.644554e+03 1.043180e+06
2.623210e-01 1.118156e+06 2.463018e+04 1.125152e+05 -1.242244e+03 1.137421e+06
2.629494e-01 1.121114e+06 2.486787e+04 1.499674e+05 1.030915e+03 1.195782e+06
2.635781e-01 1.119082e+06 2.392927e+04 1.598256e+05 -8.361074e+02 1.204022e+06
2.642065e-01 1.112702e+06 2.045339e+04 1.425730e+05 -1.203298e+03 1.173137e+06
2.648347e-01 1.102852e+06 1.789095e+04 9.996786e+04 -1.955292e+03 1.096557e+06
2.654637e-01 1.090848e+06 1.445718e+04 3.731298e+04 -1.227529e+03 9.859355e+05
2.660924e-01 1.078105e+06 1.125579e+04 -3.530600e+04 -2.667144e+03 8.568460e+05
2.667201e-01 1.066372e+06 1.101748e+04 -1.090445e+05 -1.553348e+02 7.224282e+05
2.673488e-01 1.055318e+06 1.167320e+04 -1.772216e+05 -4.036471e+02 6.052405e+05
2.679778e-01 1.047277e+06 1.320469e+04 -2.256190e+05 -1.652686e+03 5.132428e+05
2.686062e-01 1.042391e+06 1.549802e+04 -2.524222e+05 -3.263279e+03 4.632166e+05
2.692341e-01 1.041837e+06 1.889049e+04 -2.526058e+05 -3.196963e+03 4.558039e+05
2.698620e-01 1.044212e+06 2.180215e+04 -2.278416e+05 -4.937121e+03 4.951306e+05
2.704897e-01 1.049248e+06 2.378540e+04 -1.811761e+05 -5.092966e+03 5.698484e+05
2.711178e-01 1.057312e+06 2.502370e+04 -1.219546e+05 -5.923026e+03 6.711322e+05
2.717462e-01 1.066497e+06 2.417988e+04 -5.286443e+04 -6.574555e+03 7.856786e+05
2.723748e-01 1.076578e+06 2.257136e+04 1.235302e+04 -1.019544e+04 8.971334e+05
2.730040e-01 1.084128e+06 2.192627e+04 6.817556e+04 -8.867508e+03 9.891427e+05
2.736320e-01 1.089556e+06 2.047980e+04 1.063130e+05 -8.558562e+03 1.053706e+06
2.742595e-01 1.091372e+06 1.958194e+04 1.182365e+05 -5.110750e+03 1.078401e+06
2.748883e-01 1.089282e+06 1.798880e+04 1.103208e+05 -9.529100e+02 1.062520e+06
2.755167e-01 1.083691e+06 1.624181e+04 7.710324e+04 1.538537e+03 1.004668e+06
2.761449e-01 1.074239e+06 1.521369e+04 2.802051e+04 3.258777e+03 9.125699e+05
2.767736e-01 1.064578e+06 1.478311e+04 -3.098090e+04 3.219377e+03 8.035600e+05
2.774020e-01 1.053362e+06 1.668428e+04 -9.097002e+04 -5.063224e+02 6.926129e+05
2.780301e-01 1.041860e+06 1.861062e+04 -1.448397e+05 -2.715356e+03 5.925900e+05
2.786580e-01 1.032493e+06 2.036602e+04 -1.859430e+05 -7.146184e+03 5.203921e+05
2.792860e-01 1.025633e+06 2.080685e+04 -2.065586e+05 -9.524724e+03 4.820038e+05
2.799146e-01 1.023585e+06 2.045748e+04 -2.057067e+05 -1.072020e+04 4.803602e+05
2.805434e-01 1.026636e+06 1.849364e+04 -1.812477e+05 -1.274093e+04 5.184850e+05
2.811718e-01 1.033991e+06 1.763226e+04 -1.384016e+05 -1.374860e+04 5.880347e+05
2.817991e-01 1.044472e+06 1.686979e+04 -7.989160e+04 -1.343215e+04 6.816705e+05
2.824272e-01 1.056725e+06 1.623343e+04 -1.757315e+04 -9.664671e+03 7.892994e+05
2.830565e-01 1.069000e+06 1.614493e+04 4.648691e+04 -1.037763e+04 8.927606e+05
2.836849e-01 1.079967e+06 1.620286e+04 9.682738e+04 -4.415886e+03 9.776121e+05
2.843133e-01 1.087496e+06 1.600647e+04 1.360492e+05 -3.323699e+03 1.034800e+06
2.849417e-01 1.091836e+06 1.725145e+04 1.534027e+05 -4.420497e+03 1.054858e+06
2.855699e-01 1.090356e+06 2.045629e+04 1.519089e+05 -7.048627e+03 1.037163e+06
2.861980e-01 1.084440e+06 2.319771e+04 1.298152e+05 -1.004608e+04 9.851067e+05
2.868264e-01 1.073049e+06 2.623887e+04 8.789733e+04 -1.226838e+04 9.075161e+05
2.874550e-01 1.059150e+06 2.668635e+04 3.649123e+04 -1.420528e+04 8.109569e+05
2.880834e-01 1.043277e+06 2.450032e+04 -2.428383e+04 -1.315294e+04 7.014795e+05
2.887116e-01 1.030647e+06 2.119652e+04 -7.772948e+04 -1.059249e+04 6.004611e+05
2.893396e-01 1.020398e+06 1.817869e+04 -1.242965e+05 -1.118621e+04 5.071927e+05
2.899676e-01 1.014187e+06 1.628117e+04 -1.540040e+05 -1.177926e+04 4.422819e+05
2.905957e-01 1.011426e+06 1.635745e+04 -1.661591e+05 -1.181189e+04 4.075512e+05
2.912243e-01 1.010795e+06 1.838746e+04 -1.581494e+05 -1.331716e+04 4.082961e+05
2.918528e-01 1.014960e+06 1.902363e+04 -1.364037e+05 -1.221496e+04 4.423246e+05
2.924811e-01 1.020057e+06 1.911887e+04 -9.847473e+04 -9.247446e+03 4.998956e+05
2.931098e-01 1.027786e+06 1.720720e+04 -5.623336e+04 -5.556590e+03 5.732498e+05
2.937380e-01 1.037505e+06 1.502480e+04 -1.074392e+04 4.607627e+02 6.475702e+05
2.943663e-01 1.046602e+06 1.215550e+04 2.973341e+04 4.374015e+03 7.134846e+05
2.949950e-01 1.055603e+06 1.196895e+04 5.656512e+04 4.312507e+03 7.599158e+05
2.956230e-01 1.061424e+06 1.324983e+04 7.298531e+04 4.058493e+03 7.840164e+05
2.962512e-01 1.062536e+06 1.676386e+04 6.947785e+04 1.185074e+03 7.819200e+05
2.968799e-01 1.059810e+06 2.025109e+04 5.095867e+04 -2.005729e+03 7.564554e+05
2.975081e-01 1.052187e+06 2.256727e+04 1.640652e+04 -3.976966e+03 7.061384e+05
2.981363e-01 1.042552e+06 2.133324e+04 -2.641457e+04 2.809471e+02 6.417027e+05
2.987649e-01 1.032144e+06 1.844610e+04 -7.397798e+04 1.818538e+03 5.605706e+05
2.993933e-01 1.023120e+06 1.655678e+04 -1.179609e+05 4.266438e+03 4.793968e+05
3.000210e-01 1.016530e+06 1.605703e+04 -1.534029e+05 2.860849e+03 4.061383e+05
3.006489e-01 1.010535e+06 2.053340e+04 -1.749022e+05 -2.703472e+03 3.498122e+05
3.012772e-01 1.005605e+06 2.604036e+04 -1.853288e+05 -1.210250e+04 3.244784e+05
3.019055e-01 1.002295e+06 3.127007e+04 -1.771768e+05 -2.346015e+04 3.293300e+05
3.025339e-01 9.987626e+05 3.355165e+04 -1.563919e+05 -3.131921e+04 3.681759e+05
3.031628e-01 9.991762e+05 3.178132e+04 -1.208966e+05 -3.429000e+04 4.236019e+05
3.037913e-01 1.000189e+06 2.719787e+04 -7.631412e+04 -3.153340e+04 4.879077e+05
3.044197e-01 1.005684e+06 2.209088e+04 -3.228834e+04 -2.461915e+04 5.544115e+05
3.050478e-01 1.011405e+06 1.794424e+04 7.209556e+03 -1.306151e+04 6.092057e+05
3.056758e-01 1.016859e+06 1.529376e+04 3.450641e+04 -2.784410e+03 6.474020e+05
3.063043e-01 1.021163e+06 1.433115e+04 4.456141e+04 7.975324e+03 6.656201e+05
3.069326e-01 1.022445e+06 1.242371e+04 4.097025e+04 1.388811e+04 6.637679e+05
3.075614e-01 1.021999e+06 1.135356e+04 2.147056e+04 1.758076e+04 6.394273e+05
3.081897e-01 1.019242e+06 1.111391e+04 -1.086306e+04 2.110797e+04 5.907797e+05
3.088177e-01 1.015324e+06 1.133295e+04 -4.934562e+04 1.878779e+04 5.297786e+05
3.094460e-01 1.009315e+06 1.394196e+04 -9.249433e+04 1.312628e+04 4.618837e+05
3.100746e-01 1.002980e+06 1.746516e+04 -1.306759e+05 6.136875e+03 3.926075e+05
3.107034e-01 9.963346e+05 2.051782e+04 -1.608798e+05 -5.022010e+03 3.380972e+05
3.113314e-01 9.913222e+05 2.306146e+04 -1.793332e+05 -1.572092e+04 3.005465e+05
3.119592e-01 9.876891e+05 2.482182e+04 -1.841409e+05 -2.317982e+04 2.876390e+05
3.125877e-01 9.872493e+05 2.372172e+04 -1.728223e+05 -2.970093e+04 2.977350e+05
3.132162e-01 9.904883e+05 2.144814e+04 -1.483022e+05 -3.091866e+04 3.287640e+05
3.138441e-01 9.964237e+05 1.928557e+04 -1.141112e+05 -3.000938e+04 3.762683e+05
3.144726e-01 1.005133e+06 1.781329e+04 -7.267400e+04 -2.794055e+04 4.336564e+05
3.151006e-01 1.013999e+06 1.807904e+04 -3.074448e+04 -2.162901e+04 4.931143e+05
3.157285e-01 1.021666e+06 1.999139e+04 6.282464e+03 -1.750143e+04 5.489752e+05
3.163571e-01 1.027085e+06 2.089241e+04 3.110503e+04 -8.898893e+03 5.907769e+05
3.169854e-01 1.029338e+06 2.113705e+04 4.761894e+04 -5.116601e+03 6.146442e+05
3.176141e-01 1.028566e+06 2.105645e+04 5.033193e+04 7.168531e+02 6.125502e+05
3.182425e-01 1.025268e+06 2.166946e+04 3.982161e+04 3.354588e+03 5.892371e+05
3.188706e-01 1.018668e+06 2.284995e+04 1.816063e+04 5.308245e+03 5.468691e+05
3.194993e-01 1.010141e+06 2.434584e+04 -1.353980e+04 4.069925e+03 4.896470e+05
3.201278e-01 9.999060e+05 2.509259e+04 -4.662400e+04 1.021884e+03 4.245166e+05
3.207553e-01 9.904935e+05 2.456178e+04 -8.149652e+04 -1.048830e+04 3.630756e+05
3.213837e-01 9.835193e+05 2.931352e+04 -9.857787e+04 -1.385843e+04 3.224786e+05
