# k, q0, q1/i, q2, q3/i, q4, norm, alpha = 1.96625e+00, 2.04666e-02
5.385587e-04 1.629286e+12 1.345506e+11 1.774808e+10 -2.331248e+11 1.939260e+12
1.034961e-03 1.561940e+12 2.482860e+11 2.118472e+10 2.522544e+10 -1.899455e+11
1.650345e-03 1.422685e+12 3.597118e+11 3.722340e+10 9.563947e+10 -2.273067e+11
2.219461e-03 1.260163e+12 4.216444e+11 8.262176e+10 2.533141e+10 7.479158e+10
2.824187e-03 1.063364e+12 4.486038e+11 1.026422e+11 1.230943e+11 -1.034220e+11
3.476178e-03 8.499155e+11 4.285960e+11 1.399524e+11 1.421936e+11 -5.493016e+10
4.066840e-03 6.706729e+11 3.794194e+11 1.729921e+11 1.529433e+11 2.645945e+09
4.679538e-03 5.048683e+11 3.162749e+11 1.736013e+11 2.005264e+11 -6.833117e+10
5.338852e-03 3.600260e+11 2.412123e+11 1.706571e+11 2.101744e+11 -7.304875e+10
5.972931e-03 2.517201e+11 1.752711e+11 1.536623e+11 2.025895e+11 -7.450606e+10
6.592959e-03 1.758633e+11 1.216581e+11 1.343363e+11 1.794377e+11 -6.279155e+10
7.211547e-03 1.165490e+11 8.156921e+10 1.013465e+11 1.450829e+11 -4.992735e+10
7.844333e-03 7.771594e+10 5.241217e+10 7.321938e+10 1.120388e+11 -4.103863e+10
8.479886e-03 5.026081e+10 3.272381e+10 4.669487e+10 7.717213e+10 -2.072664e+10
9.100686e-03 3.252441e+10 2.006712e+10 2.528020e+10 4.962152e+10 -9.151515e+09
9.724355e-03 2.083603e+10 1.156818e+10 9.056934e+09 2.837295e+10 -2.810688e+07
1.035816e-02 1.389854e+10 6.023376e+09 -1.517149e+09 1.354043e+10 7.205579e+09
1.099013e-02 1.023523e+10 2.971489e+09 -6.511088e+09 5.835799e+09 8.136390e+09
1.161954e-02 8.624351e+09 1.170147e+09 -8.579680e+09 9.438766e+08 1.092829e+10
1.224543e-02 7.762251e+09 6.291111e+08 -7.801290e+09 -8.186893e+08 1.155222e+10
1.287347e-02 7.610530e+09 7.438758e+08 -5.965379e+09 -1.071168e+09 1.277991e+10
1.350110e-02 7.523261e+09 1.078863e+09 -3.410711e+09 -2.794127e+08 1.393916e+10
1.412539e-02 7.072652e+09 1.435572e+09 -1.045090e+09 5.308417e+08 1.488756e+10
1.475576e-02 6.592945e+09 1.695876e+09 9.958561e+08 1.552305e+09 1.551031e+10
1.538306e-02 5.891597e+09 1.688142e+09 2.274592e+09 2.184773e+09 1.547307e+10
1.601201e-02 5.183888e+09 1.578445e+09 3.129714e+09 2.631698e+09 1.500513e+10
1.664797e-02 4.440389e+09 1.354011e+09 3.043422e+09 2.650195e+09 1.371788e+10
1.727684e-02 3.678649e+09 1.079599e+09 2.686748e+09 2.307551e+09 1.212715e+10
1.790148e-02 3.045629e+09 8.483111e+08 2.004200e+09 1.819298e+09 1.037553e+10
1.852764e-02 2.474991e+09 6.334818e+08 1.118593e+09 1.198098e+09 8.527614e+09
1.915179e-02 2.020855e+09 4.991531e+08 2.588718e+08 6.312597e+08 6.821629e+09
1.978148e-02 1.617202e+09 3.766120e+08 -4.656146e+08 1.370197e+08 5.186122e+09
2.041144e-02 1.333478e+09 2.979023e+08 -1.000218e+09 -2.145716e+08 3.948350e+09
2.104337e-02 1.101572e+09 2.420846e+08 -1.304444e+09 -4.016079e+08 2.899886e+09
2.167611e-02 9.550904e+08 2.079107e+08 -1.412252e+09 -4.937789e+08 2.275344e+09
2.230308e-02 8.519299e+08 1.895788e+08 -1.289790e+09 -4.718926e+08 1.914879e+09
2.292974e-02 7.927624e+08 1.759708e+08 -1.049543e+09 -3.902012e+08 1.844156e+09
2.355539e-02 7.484846e+08 1.762452e+08 -7.028265e+08 -2.660992e+08 1.939087e+09
2.418150e-02 7.206102e+08 1.703212e+08 -3.480082e+08 -1.421711e+08 2.165400e+09
2.480946e-02 6.934972e+08 1.647399e+08 -1.078522e+07 -6.160951e+06 2.382395e+09
2.543879e-02 6.618474e+08 1.537070e+08 2.843387e+08 9.612030e+07 2.587632e+09
2.606741e-02 6.302550e+08 1.371822e+08 4.627640e+08 1.775730e+08 2.684663e+09
2.669501e-02 5.840284e+08 1.184795e+08 5.813802e+08 2.110036e+08 2.666662e+09
2.732628e-02 5.386911e+08 1.000719e+08 5.970778e+08 2.303585e+08 2.550127e+09
2.795771e-02 4.814919e+08 8.147085e+07 5.349997e+08 2.075565e+08 2.315541e+09
2.858621e-02 4.253264e+08 6.568270e+07 4.260950e+08 1.732880e+08 2.025769e+09
2.921223e-02 3.728465e+08 5.169630e+07 2.706881e+08 1.285597e+08 1.705607e+09
2.983725e-02 3.163483e+08 4.020023e+07 1.236813e+08 8.818386e+07 1.363630e+09
3.046693e-02 2.729312e+08 3.082688e+07 -3.012698e+07 4.420466e+07 1.064650e+09
3.109608e-02 2.339922e+08 2.486409e+07 -1.384492e+08 1.763793e+07 8.089308e+08
3.172270e-02 2.067774e+08 2.004013e+07 -2.176321e+08 -3.937739e+06 6.270044e+08
3.235285e-02 1.891309e+08 1.780241e+07 -2.583271e+08 -1.542417e+07 5.129630e+08
3.298394e-02 1.776649e+08 1.598368e+07 -2.503938e+08 -1.963087e+07 4.695399e+08
3.361458e-02 1.766540e+08 1.664755e+07 -2.198725e+08 -1.665728e+07 4.886419e+08
3.424083e-02 1.772858e+08 1.700632e+07 -1.537068e+08 -6.181504e+06 5.485693e+08
3.486711e-02 1.824748e+08 1.828539e+07 -7.949822e+07 3.937124e+06 6.347285e+08
3.549614e-02 1.853027e+08 2.042930e+07 -7.421710e+06 1.731906e+07 7.177062e+08
3.612198e-02 1.886949e+08 2.216157e+07 6.689056e+07 3.190035e+07 8.027742e+08
3.674992e-02 1.864217e+08 2.330642e+07 1.089393e+08 3.938517e+07 8.448564e+08
3.737802e-02 1.808007e+08 2.288166e+07 1.420932e+08 4.820933e+07 8.611834e+08
3.800827e-02 1.697215e+08 2.149438e+07 1.460726e+08 4.983438e+07 8.310439e+08
3.863754e-02 1.588807e+08 1.909297e+07 1.330848e+08 4.676073e+07 7.843236e+08
3.926550e-02 1.435199e+08 1.629518e+07 1.035493e+08 4.002321e+07 6.989793e+08
3.989588e-02 1.275442e+08 1.354363e+07 6.116985e+07 2.887906e+07 5.993661e+08
4.052254e-02 1.119099e+08 1.153134e+07 1.568018e+07 1.672854e+07 4.958257e+08
4.115124e-02 9.721532e+07 9.885162e+06 -2.834939e+07 4.164267e+06 3.963344e+08
4.177955e-02 8.444382e+07 9.216863e+06 -6.177143e+07 -5.450334e+06 3.128116e+08
4.240547e-02 7.366621e+07 8.786713e+06 -8.565941e+07 -1.272514e+07 2.464719e+08
4.303621e-02 6.603425e+07 8.775690e+06 -9.862670e+07 -1.665193e+07 2.044924e+08
4.366615e-02 6.031620e+07 8.456892e+06 -9.498328e+07 -1.647257e+07 1.830833e+08
4.429168e-02 5.796400e+07 7.954994e+06 -8.407626e+07 -1.347151e+07 1.845219e+08
4.491727e-02 5.726492e+07 7.074960e+06 -6.233558e+07 -8.545296e+06 2.002048e+08
4.554613e-02 5.865166e+07 5.834204e+06 -3.726197e+07 -2.618130e+06 2.278923e+08
4.617836e-02 6.097249e+07 4.918198e+06 -1.036560e+07 3.700884e+06 2.592868e+08
4.680927e-02 6.294296e+07 4.108635e+06 1.312928e+07 8.755335e+06 2.862670e+08
4.743756e-02 6.460855e+07 3.796076e+06 3.192760e+07 1.238120e+07 3.069552e+08
4.806661e-02 6.524643e+07 3.901500e+06 4.375168e+07 1.467690e+07 3.186435e+08
4.869280e-02 6.425732e+07 4.359240e+06 4.559508e+07 1.463039e+07 3.157032e+08
4.931779e-02 6.074141e+07 4.680770e+06 4.186010e+07 1.326096e+07 2.982042e+08
4.994581e-02 5.675445e+07 5.071302e+06 3.235499e+07 1.105785e+07 2.745519e+08
5.057480e-02 5.115054e+07 5.100986e+06 1.792134e+07 7.570718e+06 2.405098e+08
5.120302e-02 4.547560e+07 4.867311e+06 1.866787e+06 3.976612e+06 2.047208e+08
5.183209e-02 3.951287e+07 4.434276e+06 -1.403316e+07 5.941787e+05 1.671918e+08
5.246116e-02 3.446389e+07 3.776726e+06 -2.741599e+07 -2.219542e+06 1.352659e+08
5.308896e-02 3.054967e+07 3.104414e+06 -3.689929e+07 -4.436263e+06 1.105729e+08
5.371721e-02 2.787350e+07 2.436494e+06 -4.170847e+07 -5.538512e+06 9.441210e+07
5.434780e-02 2.649835e+07 1.956068e+06 -4.144234e+07 -5.690242e+06 8.706774e+07
5.497604e-02 2.615062e+07 1.701504e+06 -3.680764e+07 -5.072702e+06 8.784609e+07
5.560013e-02 2.682815e+07 1.673703e+06 -2.867697e+07 -3.752899e+06 9.586535e+07
5.622954e-02 2.783640e+07 1.764393e+06 -1.802194e+07 -2.010388e+06 1.077506e+08
5.686173e-02 2.899536e+07 2.074305e+06 -7.335907e+06 -7.381526e+04 1.212461e+08
5.748940e-02 2.989067e+07 2.283078e+06 2.927436e+06 1.474540e+06 1.337964e+08
5.811669e-02 3.041885e+07 2.481502e+06 1.080779e+07 2.835510e+06 1.432684e+08
5.874554e-02 3.002855e+07 2.558274e+06 1.600826e+07 3.781106e+06 1.467564e+08
5.937282e-02 2.923318e+07 2.538101e+06 1.736734e+07 3.818013e+06 1.456119e+08
6.000021e-02 2.769841e+07 2.392110e+06 1.575986e+07 3.459389e+06 1.385694e+08
6.062750e-02 2.564970e+07 2.184448e+06 1.121562e+07 2.696194e+06 1.265898e+08
6.125597e-02 2.334339e+07 1.916264e+06 4.541578e+06 1.594663e+06 1.113992e+08
6.188682e-02 2.094102e+07 1.648590e+06 -2.749140e+06 5.459326e+05 9.494786e+07
6.251462e-02 1.867522e+07 1.389127e+06 -1.044649e+07 -4.758226e+05 7.845181e+07
6.314049e-02 1.666164e+07 1.155546e+06 -1.668319e+07 -1.142488e+06 6.390917e+07
6.377015e-02 1.519704e+07 9.406746e+05 -2.115908e+07 -1.532502e+06 5.310068e+07
6.439971e-02 1.426537e+07 7.734509e+05 -2.335447e+07 -1.666229e+06 4.657747e+07
6.502803e-02 1.392682e+07 6.603484e+05 -2.302606e+07 -1.410601e+06 4.472736e+07
6.565852e-02 1.404818e+07 5.741244e+05 -2.021185e+07 -9.670706e+05 4.696938e+07
6.628652e-02 1.466221e+07 5.569996e+05 -1.564999e+07 -3.429870e+05 5.305810e+07
6.691319e-02 1.544743e+07 6.132469e+05 -1.002525e+07 3.752859e+05 6.098364e+07
6.754195e-02 1.633291e+07 7.250405e+05 -3.688418e+06 1.060295e+06 7.009672e+07
6.816923e-02 1.709014e+07 8.310510e+05 2.029564e+06 1.591568e+06 7.839156e+07
6.879707e-02 1.751387e+07 9.597694e+05 6.547036e+06 2.053287e+06 8.431580e+07
6.942589e-02 1.770465e+07 1.058517e+06 9.714255e+06 2.264606e+06 8.819344e+07
7.005350e-02 1.742867e+07 1.101596e+06 1.088187e+07 2.229197e+06 8.837452e+07
7.068149e-02 1.668472e+07 1.090708e+06 1.015893e+07 1.995177e+06 8.471422e+07
7.131092e-02 1.568137e+07 1.072392e+06 7.698384e+06 1.540043e+06 7.847780e+07
7.194060e-02 1.444639e+07 9.870998e+05 4.148918e+06 9.758504e+05 7.010880e+07
7.256947e-02 1.307757e+07 9.143421e+05 -1.446874e+05 3.485168e+05 6.047128e+07
7.319738e-02 1.168745e+07 8.285312e+05 -4.587486e+06 -2.831134e+05 5.050205e+07
7.382604e-02 1.046222e+07 7.567572e+05 -8.349638e+06 -7.591042e+05 4.175212e+07
7.445392e-02 9.477313e+06 6.788194e+05 -1.124516e+07 -1.139497e+06 3.479559e+07
7.507965e-02 8.765569e+06 6.281629e+05 -1.278252e+07 -1.323762e+06 3.014540e+07
7.570782e-02 8.345780e+06 5.726021e+05 -1.280874e+07 -1.297261e+06 2.804040e+07
7.633697e-02 8.303662e+06 5.126344e+05 -1.164396e+07 -1.140484e+06 2.868810e+07
7.696614e-02 8.476949e+06 4.793329e+05 -9.121691e+06 -8.324829e+05 3.134463e+07
7.759521e-02 8.850606e+06 4.457089e+05 -5.973696e+06 -4.356024e+05 3.551216e+07
7.822404e-02 9.324865e+06 4.414981e+05 -2.356307e+06 -7.242164e+03 4.046901e+07
7.885455e-02 9.758640e+06 4.366361e+05 1.052509e+06 3.842488e+05 4.513444e+07
7.948034e-02 1.012142e+07 4.839133e+05 3.895265e+06 7.678094e+05 4.908322e+07
8.010544e-02 1.022865e+07 5.099197e+05 5.917872e+06 9.698566e+05 5.131829e+07
8.073519e-02 1.019751e+07 5.422174e+05 6.705040e+06 1.117184e+06 5.189920e+07
8.136420e-02 9.859253e+06 5.654454e+05 6.573964e+06 1.116043e+06 5.047893e+07
8.199246e-02 9.368306e+06 5.706440e+05 5.210182e+06 1.024081e+06 4.729050e+07
8.262013e-02 8.640405e+06 5.168466e+05 3.068860e+06 7.673318e+05 4.239781e+07
8.325004e-02 7.881298e+06 4.676739e+05 4.853405e+05 5.224242e+05 3.692300e+07
8.388076e-02 7.111494e+06 3.797356e+05 -2.358260e+06 1.928200e+05 3.105866e+07
8.450772e-02 6.420760e+06 2.900604e+05 -4.936305e+06 -1.064804e+05 2.563668e+07
8.513407e-02 5.858354e+06 2.206562e+05 -7.029170e+06 -3.866822e+05 2.110028e+07
8.576290e-02 5.463732e+06 1.802638e+05 -8.302277e+06 -5.663904e+05 1.789015e+07
8.639170e-02 5.263984e+06 1.825398e+05 -8.802513e+06 -7.061202e+05 1.625252e+07
8.701933e-02 5.200852e+06 2.214000e+05 -8.367967e+06 -7.168218e+05 1.605962e+07
8.764729e-02 5.280900e+06 2.859922e+05 -7.201096e+06 -6.619483e+05 1.724973e+07
8.827546e-02 5.452863e+06 3.501415e+05 -5.510546e+06 -5.332529e+05 1.948766e+07
8.890360e-02 5.648564e+06 3.970284e+05 -3.458788e+06 -3.420923e+05 2.222328e+07
8.953185e-02 5.833174e+06 4.155553e+05 -1.429403e+06 -1.395303e+05 2.497091e+07
9.016049e-02 5.970166e+06 4.075705e+05 3.873170e+05 6.671700e+04 2.733907e+07
9.078921e-02 6.052330e+06 3.744519e+05 1.772256e+06 2.056291e+05 2.908044e+07
9.141859e-02 6.017886e+06 3.306045e+05 2.448162e+06 3.343218e+05 2.962841e+07
9.204760e-02 5.873695e+06 2.817659e+05 2.555856e+06 3.629782e+05 2.911966e+07
9.267535e-02 5.644414e+06 2.444148e+05 1.946864e+06 3.603164e+05 2.759451e+07
9.330406e-02 5.313043e+06 2.084727e+05 9.295274e+05 2.846882e+05 2.515989e+07
9.393390e-02 4.940626e+06 1.916028e+05 -4.984517e+05 1.977824e+05 2.219879e+07
9.456102e-02 4.542805e+06 1.736126e+05 -2.034320e+06 6.596347e+04 1.901557e+07
9.518740e-02 4.164994e+06 1.622111e+05 -3.455169e+06 -3.422843e+04 1.601609e+07
9.581568e-02 3.872267e+06 1.491000e+05 -4.659556e+06 -1.521508e+05 1.359768e+07
9.644552e-02 3.633889e+06 1.344472e+05 -5.362553e+06 -2.064308e+05 1.183813e+07
9.707482e-02 3.519852e+06 1.244197e+05 -5.604032e+06 -2.512084e+05 1.104370e+07
9.770146e-02 3.515006e+06 1.139899e+05 -5.324180e+06 -2.438749e+05 1.118631e+07
9.832882e-02 3.592823e+06 1.096033e+05 -4.562977e+06 -2.018907e+05 1.209459e+07
9.895640e-02 3.760227e+06 1.120954e+05 -3.523148e+06 -1.260759e+05 1.369911e+07
9.958504e-02 3.942588e+06 1.202945e+05 -2.227556e+06 -3.836914e+04 1.555081e+07
1.002139e-01 4.131279e+06 1.336332e+05 -9.742534e+05 5.454538e+04 1.745228e+07
1.008411e-01 4.279929e+06 1.550215e+05 1.692293e+05 1.541000e+05 1.906521e+07
1.014708e-01 4.369708e+06 1.687045e+05 1.029734e+06 2.028636e+05 2.021727e+07
1.021003e-01 4.373052e+06 1.864768e+05 1.437842e+06 2.320408e+05 2.061651e+07
1.027279e-01 4.282221e+06 1.965225e+05 1.513668e+06 2.350634e+05 2.031653e+07
1.033572e-01 4.110660e+06 2.005140e+05 1.101134e+06 1.750010e+05 1.925842e+07
1.039858e-01 3.873244e+06 1.915686e+05 4.466962e+05 1.050919e+05 1.766192e+07
1.046130e-01 3.595768e+06 1.797019e+05 -4.689344e+05 1.807054e+04 1.566717e+07
1.052407e-01 3.306204e+06 1.586556e+05 -1.467812e+06 -9.120699e+04 1.351665e+07
1.058684e-01 3.033564e+06 1.402607e+05 -2.391136e+06 -1.736830e+05 1.144240e+07
1.064969e-01 2.818485e+06 1.199188e+05 -3.175131e+06 -2.474028e+05 9.773919e+06
1.071273e-01 2.653803e+06 1.113046e+05 -3.636180e+06 -2.877259e+05 8.540805e+06
1.077558e-01 2.569434e+06 9.804302e+04 -3.795520e+06 -3.045430e+05 7.941114e+06
1.083828e-01 2.548516e+06 9.874288e+04 -3.595743e+06 -2.814130e+05 7.938195e+06
1.090114e-01 2.597711e+06 1.013357e+05 -3.089163e+06 -2.334796e+05 8.522964e+06
1.096397e-01 2.695994e+06 1.081599e+05 -2.363837e+06 -1.666069e+05 9.535100e+06
1.102684e-01 2.806801e+06 1.128596e+05 -1.486585e+06 -9.706926e+04 1.076172e+07
1.108970e-01 2.926372e+06 1.254896e+05 -6.290814e+05 -7.471086e+03 1.204338e+07
1.115233e-01 3.024456e+06 1.254475e+05 1.505283e+05 5.976219e+04 1.317639e+07
1.121508e-01 3.078902e+06 1.262393e+05 7.331417e+05 1.158691e+05 1.396195e+07
1.127798e-01 3.080061e+06 1.204321e+05 1.035307e+06 1.551817e+05 1.426091e+07
1.134097e-01 3.036818e+06 1.117866e+05 1.071730e+06 1.666376e+05 1.410806e+07
1.140373e-01 2.931731e+06 9.817528e+04 7.639962e+05 1.372040e+05 1.338927e+07
1.146647e-01 2.782755e+06 9.192429e+04 2.751296e+05 1.118785e+05 1.227897e+07
1.152948e-01 2.609076e+06 8.267363e+04 -3.967438e+05 4.840199e+04 1.088359e+07
1.159235e-01 2.421545e+06 7.703218e+04 -1.158887e+06 -1.702721e+04 9.349121e+06
1.165517e-01 2.233012e+06 7.520509e+04 -1.863613e+06 -8.068409e+04 7.855274e+06
1.171799e-01 2.080921e+06 7.509656e+04 -2.477872e+06 -1.303170e+05 6.597448e+06
1.178092e-01 1.954548e+06 7.253567e+04 -2.879310e+06 -1.749268e+05 5.646381e+06
1.184382e-01 1.883846e+06 7.286098e+04 -3.066912e+06 -1.907403e+05 5.137726e+06
1.190649e-01 1.861325e+06 7.119399e+04 -2.991602e+06 -1.898695e+05 5.059798e+06
1.196918e-01 1.880867e+06 6.905073e+04 -2.688629e+06 -1.726129e+05 5.380756e+06
1.203206e-01 1.942816e+06 6.856625e+04 -2.215910e+06 -1.428515e+05 6.031840e+06
1.209492e-01 2.027740e+06 6.996518e+04 -1.627026e+06 -1.047369e+05 6.892722e+06
1.215770e-01 2.119670e+06 7.314081e+04 -1.015378e+06 -7.138025e+04 7.817938e+06
1.222060e-01 2.197473e+06 7.987462e+04 -4.469784e+05 -3.747018e+04 8.640469e+06
1.228351e-01 2.249342e+06 8.603924e+04 8.352275e+03 -1.004052e+04 9.269556e+06
1.234639e-01 2.266810e+06 9.416840e+04 2.839736e+05 5.189130e+03 9.604702e+06
1.240910e-01 2.238828e+06 9.835714e+04 3.591861e+05 1.481877e+04 9.573839e+06
1.247182e-01 2.167144e+06 9.821177e+04 2.326062e+05 9.092074e+03 9.176819e+06
1.253470e-01 2.068631e+06 9.579277e+04 -4.649023e+04 9.947523e+02 8.518412e+06
1.259754e-01 1.943659e+06 8.630389e+04 -4.743668e+05 -1.581940e+04 7.611334e+06
1.266036e-01 1.808295e+06 7.503813e+04 -9.557709e+05 -4.221912e+04 6.589797e+06
1.272319e-01 1.680201e+06 6.251467e+04 -1.428297e+06 -6.944000e+04 5.589254e+06
1.278607e-01 1.573509e+06 5.058747e+04 -1.833045e+06 -9.350306e+04 4.732791e+06
1.284890e-01 1.494998e+06 4.125043e+04 -2.108196e+06 -1.162429e+05 4.100449e+06
1.291182e-01 1.454673e+06 3.690636e+04 -2.228761e+06 -1.300203e+05 3.765062e+06
1.297470e-01 1.445724e+06 3.626791e+04 -2.158846e+06 -1.328609e+05 3.736746e+06
1.303744e-01 1.471801e+06 4.054499e+04 -1.930389e+06 -1.253453e+05 4.012421e+06
1.310022e-01 1.525597e+06 4.784170e+04 -1.575084e+06 -1.069339e+05 4.539676e+06
1.316312e-01 1.587153e+06 5.661611e+04 -1.116914e+06 -8.199058e+04 5.198801e+06
1.322597e-01 1.655416e+06 6.534475e+04 -6.509859e+05 -5.034528e+04 5.921935e+06
1.328871e-01 1.716026e+06 7.092914e+04 -1.960536e+05 -2.404115e+04 6.601304e+06
1.335151e-01 1.760103e+06 7.336936e+04 1.576609e+05 3.828890e+03 7.135666e+06
1.341448e-01 1.772137e+06 7.282944e+04 3.952631e+05 2.137308e+04 7.419044e+06
1.347734e-01 1.759872e+06 6.850197e+04 4.904290e+05 2.857600e+04 7.461576e+06
1.354003e-01 1.725528e+06 6.157895e+04 4.164485e+05 2.405002e+04 7.251330e+06
1.360284e-01 1.658692e+06 5.727524e+04 2.394162e+05 1.378703e+04 6.791748e+06
1.366568e-01 1.577497e+06 5.149050e+04 -7.755116e+04 -7.424437e+03 6.144931e+06
1.372858e-01 1.480788e+06 4.850746e+04 -4.291200e+05 -2.850117e+04 5.391969e+06
1.379142e-01 1.388523e+06 4.498943e+04 -7.969928e+05 -4.928624e+04 4.645845e+06
1.385416e-01 1.302952e+06 4.255315e+04 -1.123588e+06 -6.714041e+04 3.957492e+06
1.391708e-01 1.231011e+06 3.831618e+04 -1.365639e+06 -7.817373e+04 3.413692e+06
1.397994e-01 1.188660e+06 3.671113e+04 -1.508554e+06 -8.305398e+04 3.082245e+06
1.404273e-01 1.167386e+06 3.155182e+04 -1.512048e+06 -7.803148e+04 2.958978e+06
1.410561e-01 1.173939e+06 2.961292e+04 -1.402859e+06 -7.004740e+04 3.061990e+06
1.416844e-01 1.203812e+06 2.772052e+04 -1.193009e+06 -5.628567e+04 3.358260e+06
1.423121e-01 1.247387e+06 2.806752e+04 -9.089315e+05 -4.077452e+04 3.775480e+06
1.429401e-01 1.296437e+06 3.016086e+04 -6.021996e+05 -2.438179e+04 4.250676e+06
1.435692e-01 1.344647e+06 3.297715e+04 -2.949637e+05 -7.543373e+03 4.716191e+06
1.441983e-01 1.381751e+06 3.656184e+04 -4.298707e+04 2.826417e+03 5.092927e+06
1.448262e-01 1.402041e+06 4.047597e+04 1.285930e+05 1.013471e+04 5.325498e+06
1.454539e-01 1.397798e+06 4.374613e+04 2.016517e+05 8.284044e+03 5.369691e+06
1.460823e-01 1.373020e+06 4.627287e+04 1.642803e+05 7.146057e+02 5.224343e+06
1.467115e-01 1.327941e+06 4.885767e+04 4.353018e+04 -1.419596e+04 4.918476e+06
1.473399e-01 1.266607e+06 4.859443e+04 -1.592360e+05 -3.231167e+04 4.470926e+06
1.479676e-01 1.192596e+06 4.833510e+04 -4.067082e+05 -5.322835e+04 3.930324e+06
1.485964e-01 1.119862e+06 4.535215e+04 -6.617930e+05 -6.899520e+04 3.379873e+06
1.492243e-01 1.052616e+06 4.286519e+04 -8.945086e+05 -8.606719e+04 2.876802e+06
1.498507e-01 9.962704e+05 3.872085e+04 -1.067100e+06 -9.369423e+04 2.466293e+06
1.504788e-01 9.581804e+05 3.505258e+04 -1.173027e+06 -9.441870e+04 2.196114e+06
1.511078e-01 9.378477e+05 3.160441e+04 -1.181428e+06 -8.987727e+04 2.081785e+06
1.517364e-01 9.392162e+05 2.907834e+04 -1.112837e+06 -7.742803e+04 2.137743e+06
1.523652e-01 9.563481e+05 2.627184e+04 -9.647917e+05 -6.110488e+04 2.330844e+06
1.529942e-01 9.854339e+05 2.442870e+04 -7.659751e+05 -4.173458e+04 2.624047e+06
1.536237e-01 1.021897e+06 2.255479e+04 -5.448154e+05 -2.163936e+04 2.971992e+06
1.542519e-01 1.057232e+06 2.097325e+04 -3.219222e+05 -9.294772e+02 3.314141e+06
1.548791e-01 1.090352e+06 1.985154e+04 -1.430470e+05 1.306397e+04 3.616006e+06
1.555078e-01 1.109478e+06 1.878334e+04 -3.134068e+03 2.619298e+04 3.810796e+06
1.561363e-01 1.116364e+06 1.793797e+04 4.839591e+04 2.987010e+04 3.884422e+06
1.567636e-01 1.108656e+06 1.931243e+04 3.380610e+04 2.851996e+04 3.826697e+06
1.573916e-01 1.087462e+06 1.868754e+04 -4.920710e+04 1.932218e+04 3.646743e+06
1.580207e-01 1.052635e+06 2.054754e+04 -1.923984e+05 8.863019e+03 3.359970e+06
1.586492e-01 1.010740e+06 2.205597e+04 -3.660186e+05 -7.971583e+03 3.009115e+06
1.592766e-01 9.667645e+05 2.365434e+04 -5.510220e+05 -2.531276e+04 2.638361e+06
1.599049e-01 9.225337e+05 2.467962e+04 -7.122229e+05 -4.274423e+04 2.293576e+06
1.605344e-01 8.872778e+05 2.650878e+04 -8.408576e+05 -5.517843e+04 2.013566e+06
1.611623e-01 8.597674e+05 2.728829e+04 -9.117908e+05 -6.474306e+04 1.826350e+06
1.617904e-01 8.461996e+05 2.817767e+04 -9.181579e+05 -6.786140e+04 1.753707e+06
1.624191e-01 8.428598e+05 2.886765e+04 -8.617435e+05 -6.541320e+04 1.792862e+06
1.630470e-01 8.531515e+05 2.868360e+04 -7.533610e+05 -5.887590e+04 1.933413e+06
1.636756e-01 8.683681e+05 2.820718e+04 -6.044400e+05 -4.770366e+04 2.141722e+06
1.643038e-01 8.908919e+05 2.777008e+04 -4.401969e+05 -3.460384e+04 2.392098e+06
1.649313e-01 9.109621e+05 2.716551e+04 -2.772742e+05 -2.358042e+04 2.627876e+06
1.655596e-01 9.281042e+05 2.589626e+04 -1.435622e+05 -1.066938e+04 2.831825e+06
1.661885e-01 9.373303e+05 2.593491e+04 -4.595504e+04 -5.297796e+03 2.961558e+06
1.668177e-01 9.364706e+05 2.473644e+04 -6.626183e+03 -1.363216e+03 2.995462e+06
1.674456e-01 9.254041e+05 2.547396e+04 -1.819940e+04 -7.562008e+02 2.941508e+06
1.680727e-01 9.035748e+05 2.419352e+04 -8.080429e+04 -5.780684e+03 2.790744e+06
1.687016e-01 8.756119e+05 2.242135e+04 -1.916939e+05 -1.066265e+04 2.569783e+06
1.693313e-01 8.408654e+05 1.983540e+04 -3.172526e+05 -1.502317e+04 2.301935e+06
1.699587e-01 8.087876e+05 1.716605e+04 -4.575580e+05 -2.088434e+04 2.029544e+06
1.705866e-01 7.796241e+05 1.238302e+04 -5.799203e+05 -2.444056e+04 1.778737e+06
1.712159e-01 7.589904e+05 9.569916e+03 -6.748124e+05 -2.831654e+04 1.584626e+06
1.718445e-01 7.485329e+05 7.402690e+03 -7.267533e+05 -3.121411e+04 1.462168e+06
1.724727e-01 7.468622e+05 6.501316e+03 -7.279088e+05 -3.208671e+04 1.428168e+06
1.731002e-01 7.552996e+05 8.624133e+03 -6.818434e+05 -3.565279e+04 1.486005e+06
1.737290e-01 7.716847e+05 1.170971e+04 -5.918671e+05 -3.422089e+04 1.614294e+06
1.743571e-01 7.925231e+05 1.534342e+04 -4.718740e+05 -3.339043e+04 1.800863e+06
1.749848e-01 8.122351e+05 1.996039e+04 -3.374361e+05 -2.979090e+04 2.002996e+06
1.756135e-01 8.308572e+05 2.294542e+04 -2.070397e+05 -2.517780e+04 2.204312e+06
1.762417e-01 8.437603e+05 2.566987e+04 -9.760377e+04 -1.954040e+04 2.369106e+06
1.768700e-01 8.486199e+05 2.657939e+04 -2.161533e+04 -1.309501e+04 2.467816e+06
1.774983e-01 8.446489e+05 2.581002e+04 6.407682e+03 -6.987999e+03 2.488793e+06
1.781269e-01 8.321483e+05 2.477364e+04 -8.121750e+03 -4.854728e+03 2.432274e+06
1.787551e-01 8.111672e+05 2.336986e+04 -6.446847e+04 -4.946549e+03 2.297174e+06
1.793837e-01 7.860801e+05 2.099208e+04 -1.585170e+05 -6.092062e+03 2.106617e+06
1.800121e-01 7.560472e+05 1.967377e+04 -2.685176e+05 -1.137029e+04 1.876719e+06
1.806398e-01 7.270610e+05 1.835981e+04 -3.855982e+05 -1.750087e+04 1.645437e+06
1.812676e-01 7.011018e+05 1.736076e+04 -4.858379e+05 -2.424419e+04 1.441440e+06
1.818961e-01 6.812492e+05 1.580927e+04 -5.594118e+05 -2.863849e+04 1.285924e+06
1.825251e-01 6.703581e+05 1.439992e+04 -5.967294e+05 -3.172466e+04 1.200306e+06
1.831533e-01 6.674971e+05 1.250003e+04 -5.852389e+05 -3.056456e+04 1.190512e+06
1.837813e-01 6.758520e+05 1.147524e+04 -5.333975e+05 -2.778619e+04 1.266200e+06
1.844104e-01 6.915934e+05 1.062342e+04 -4.405855e+05 -2.364912e+04 1.407698e+06
1.850389e-01 7.126361e+05 1.093654e+04 -3.221007e+05 -1.768477e+04 1.596086e+06
1.856669e-01 7.354229e+05 1.205687e+04 -1.891095e+05 -1.062411e+04 1.807724e+06
1.862953e-01 7.580732e+05 1.403295e+04 -5.696082e+04 -4.550973e+03 2.021318e+06
1.869236e-01 7.760963e+05 1.614149e+04 5.439762e+04 1.558067e+03 2.199698e+06
1.875520e-01 7.860589e+05 1.886163e+04 1.388633e+05 4.155213e+03 2.323980e+06
1.881803e-01 7.884962e+05 2.095200e+04 1.801461e+05 5.092398e+03 2.377077e+06
1.888083e-01 7.803171e+05 2.235262e+04 1.824612e+05 6.825668e+03 2.356251e+06
1.894359e-01 7.643848e+05 2.281002e+04 1.388429e+05 4.410702e+03 2.260199e+06
1.900648e-01 7.414031e+05 2.175119e+04 6.098474e+04 1.358109e+03 2.102076e+06
1.906937e-01 7.133974e+05 1.888794e+04 -4.087504e+04 -1.972574e+03 1.895914e+06
1.913208e-01 6.855876e+05 1.619513e+04 -1.585788e+05 -5.532671e+03 1.672826e+06
1.919495e-01 6.608191e+05 1.194772e+04 -2.699023e+05 -1.116258e+04 1.458011e+06
1.925783e-01 6.384113e+05 8.656337e+03 -3.675008e+05 -1.512092e+04 1.260037e+06
1.932069e-01 6.237886e+05 6.609488e+03 -4.370549e+05 -2.037797e+04 1.117030e+06
1.938350e-01 6.166361e+05 6.620581e+03 -4.729914e+05 -2.573091e+04 1.030950e+06
1.944626e-01 6.168161e+05 7.233390e+03 -4.746743e+05 -3.035299e+04 1.011292e+06
1.950912e-01 6.215135e+05 1.088519e+04 -4.384600e+05 -3.450493e+04 1.046673e+06
1.957198e-01 6.307748e+05 1.364790e+04 -3.776726e+05 -3.546914e+04 1.132000e+06
1.963481e-01 6.420394e+05 1.675475e+04 -2.995748e+05 -3.525174e+04 1.247088e+06
1.969763e-01 6.523044e+05 1.895922e+04 -2.157222e+05 -3.107713e+04 1.370794e+06
1.976057e-01 6.613178e+05 2.037712e+04 -1.399696e+05 -2.482456e+04 1.481591e+06
1.982346e-01 6.654604e+05 1.938903e+04 -8.030315e+04 -1.904634e+04 1.558564e+06
1.988621e-01 6.654819e+05 1.808369e+04 -5.002062e+04 -1.193991e+04 1.590577e+06
1.994900e-01 6.608422e+05 1.583439e+04 -4.881553e+04 -7.353731e+03 1.568901e+06
2.001183e-01 6.498459e+05 1.319138e+04 -7.634054e+04 -4.715349e+03 1.493789e+06
2.007462e-01 6.361144e+05 1.174517e+04 -1.321465e+05 -5.247447e+03 1.377954e+06
2.013743e-01 6.190175e+05 1.057319e+04 -2.029626e+05 -8.719131e+03 1.228180e+06
2.020025e-01 6.009955e+05 9.568480e+03 -2.840293e+05 -1.389451e+04 1.069751e+06
2.026313e-01 5.836526e+05 9.899647e+03 -3.590702e+05 -1.925494e+04 9.177251e+05
2.032604e-01 5.698008e+05 1.005457e+04 -4.208719e+05 -2.469136e+04 7.915851e+05
2.038879e-01 5.594520e+05 1.074521e+04 -4.589139e+05 -2.843250e+04 7.049964e+05
2.045158e-01 5.536878e+05 1.241030e+04 -4.672403e+05 -3.095339e+04 6.653759e+05
2.051449e-01 5.549026e+05 1.371405e+04 -4.477900e+05 -3.097866e+04 6.829072e+05
2.057735e-01 5.580919e+05 1.564974e+04 -3.969341e+05 -2.984363e+04 7.441871e+05
2.064017e-01 5.678131e+05 1.702063e+04 -3.277785e+05 -2.612575e+04 8.493262e+05
2.070305e-01 5.776907e+05 1.709621e+04 -2.447721e+05 -1.993394e+04 9.749714e+05
2.076594e-01 5.891414e+05 1.693643e+04 -1.583925e+05 -1.305459e+04 1.112744e+06
2.082867e-01 6.002422e+05 1.521680e+04 -8.229248e+04 -6.412456e+03 1.235766e+06
2.089139e-01 6.081362e+05 1.289586e+04 -2.095937e+04 2.780500e+02 1.328750e+06
2.095429e-01 6.128931e+05 1.054870e+04 1.263493e+04 4.359239e+03 1.381496e+06
2.101711e-01 6.132524e+05 8.842467e+03 2.095326e+04 6.391706e+03 1.388987e+06
2.107990e-01 6.086806e+05 7.224119e+03 2.254033e+03 6.465943e+03 1.346588e+06
2.114275e-01 5.991701e+05 6.956943e+03 -4.327274e+04 2.093662e+03 1.256881e+06
2.120557e-01 5.863253e+05 6.767926e+03 -1.069374e+05 -1.408930e+03 1.136950e+06
2.126842e-01 5.717765e+05 6.784138e+03 -1.776915e+05 -7.607963e+03 9.997299e+05
2.133127e-01 5.560518e+05 7.295691e+03 -2.499503e+05 -1.249277e+04 8.582954e+05
2.139414e-01 5.428647e+05 7.885577e+03 -3.121813e+05 -1.800604e+04 7.328323e+05
2.145702e-01 5.321270e+05 8.545167e+03 -3.569613e+05 -2.136184e+04 6.364785e+05
2.151979e-01 5.262277e+05 9.286851e+03 -3.792377e+05 -2.408430e+04 5.837270e+05
2.158262e-01 5.249504e+05 1.026941e+04 -3.741841e+05 -2.434369e+04 5.726893e+05
2.164548e-01 5.281609e+05 1.112897e+04 -3.468182e+05 -2.413215e+04 6.111009e+05
2.170834e-01 5.357241e+05 1.184080e+04 -2.964847e+05 -2.064180e+04 6.847834e+05
2.177116e-01 5.454216e+05 1.248438e+04 -2.317630e+05 -1.673188e+04 7.896976e+05
2.183390e-01 5.571756e+05 1.284846e+04 -1.606423e+05 -1.260935e+04 9.045416e+05
2.189672e-01 5.676649e+05 1.307151e+04 -8.982845e+04 -7.806587e+03 1.019460e+06
2.195962e-01 5.765631e+05 1.293042e+04 -2.851685e+04 -4.632872e+03 1.117545e+06
2.202247e-01 5.822734e+05 1.304710e+04 1.584145e+04 -2.331221e+03 1.185322e+06
2.208525e-01 5.836567e+05 1.294798e+04 3.973822e+04 -1.788017e+03 1.219555e+06
2.214806e-01 5.808917e+05 1.281375e+04 4.195739e+04 -1.834505e+03 1.213065e+06
2.221096e-01 5.734774e+05 1.228263e+04 2.176506e+04 -2.777709e+03 1.168201e+06
2.227377e-01 5.630438e+05 1.184095e+04 -1.610609e+04 -4.113059e+03 1.090386e+06
2.233660e-01 5.508041e+05 1.104551e+04 -6.782369e+04 -6.184369e+03 9.905746e+05
2.239949e-01 5.370129e+05 1.013172e+04 -1.240319e+05 -7.846393e+03 8.800633e+05
2.246230e-01 5.250013e+05 9.261058e+03 -1.794395e+05 -9.669229e+03 7.734834e+05
2.252510e-01 5.138717e+05 8.962974e+03 -2.264602e+05 -1.105513e+04 6.781619e+05
2.258786e-01 5.061690e+05 8.270643e+03 -2.604870e+05 -1.235367e+04 6.087759e+05
2.265070e-01 5.022404e+05 8.400954e+03 -2.778717e+05 -1.405238e+04 5.709854e+05
2.271353e-01 5.010920e+05 8.432013e+03 -2.768989e+05 -1.466552e+04 5.620363e+05
2.277640e-01 5.032497e+05 8.740613e+03 -2.604690e+05 -1.548869e+04 5.835434e+05
2.283928e-01 5.072404e+05 9.528612e+03 -2.306391e+05 -1.512305e+04 6.269009e+05
2.290206e-01 5.134844e+05 1.021514e+04 -1.926076e+05 -1.478576e+04 6.862949e+05
2.296494e-01 5.188688e+05 1.093079e+04 -1.517605e+05 -1.333179e+04 7.466031e+05
2.302775e-01 5.236942e+05 1.157277e+04 -1.156169e+05 -1.270722e+04 8.017309e+05
2.309053e-01 5.270226e+05 1.163244e+04 -8.859984e+04 -1.160143e+04 8.424666e+05
2.315342e-01 5.272042e+05 1.187233e+04 -7.146370e+04 -1.052045e+04 8.594094e+05
2.321633e-01 5.257715e+05 1.112728e+04 -6.978845e+04 -9.819320e+03 8.549261e+05
2.327917e-01 5.215408e+05 1.000250e+04 -7.965862e+04 -9.878363e+03 8.251171e+05
2.334191e-01 5.156430e+05 8.929349e+03 -1.028557e+05 -1.030513e+04 7.761236e+05
2.340471e-01 5.088768e+05 8.374883e+03 -1.311859e+05 -1.056259e+04 7.132548e+05
2.346760e-01 5.019857e+05 7.299661e+03 -1.618633e+05 -1.211487e+04 6.470609e+05
2.353048e-01 4.951852e+05 7.443689e+03 -1.921050e+05 -1.317004e+04 5.826219e+05
2.359331e-01 4.902892e+05 7.627717e+03 -2.134834e+05 -1.410436e+04 5.307772e+05
2.365605e-01 4.865962e+05 8.678623e+03 -2.259649e+05 -1.601142e+04 4.984008e+05
2.371890e-01 4.849006e+05 9.731177e+03 -2.251542e+05 -1.647347e+04 4.854281e+05
2.378178e-01 4.850035e+05 1.138140e+04 -2.136944e+05 -1.710474e+04 4.954184e+05
2.384456e-01 4.867248e+05 1.234698e+04 -1.908715e+05 -1.698350e+04 5.252841e+05
2.390742e-01 4.894528e+05 1.329398e+04 -1.606213e+05 -1.679244e+04 5.677750e+05
2.397020e-01 4.923818e+05 1.359039e+04 -1.260374e+05 -1.519384e+04 6.166589e+05
2.403299e-01 4.955602e+05 1.390091e+04 -9.375773e+04 -1.548886e+04 6.658843e+05
2.409587e-01 4.970951e+05 1.370240e+04 -6.475776e+04 -1.381568e+04 7.041673e+05
2.415875e-01 4.971158e+05 1.373333e+04 -4.683851e+04 -1.363529e+04 7.260481e+05
2.422165e-01 4.953573e+05 1.314560e+04 -3.769345e+04 -1.295320e+04 7.308402e+05
2.428445e-01 4.912778e+05 1.263310e+04 -4.223358e+04 -1.291979e+04 7.143660e+05
2.434722e-01 4.848549e+05 1.199983e+04 -5.770959e+04 -1.182767e+04 6.766238e+05
2.441005e-01 4.774842e+05 1.092246e+04 -8.184929e+04 -1.174007e+04 6.251546e+05
2.447295e-01 4.691482e+05 1.005112e+04 -1.119995e+05 -1.151602e+04 5.620740e+05
2.453575e-01 4.613897e+05 9.032475e+03 -1.425584e+05 -1.089181e+04 4.982281e+05
2.459854e-01 4.538098e+05 8.261071e+03 -1.720049e+05 -1.075376e+04 4.370640e+05
2.466143e-01 4.485897e+05 7.591511e+03 -1.940988e+05 -1.046376e+04 3.900001e+05
2.472426e-01 4.448516e+05 6.965841e+03 -2.078945e+05 -9.102663e+03 3.597286e+05
2.478702e-01 4.441680e+05 6.365268e+03 -2.118355e+05 -8.343341e+03 3.497404e+05
2.484984e-01 4.457138e+05 5.560144e+03 -2.053092e+05 -5.393205e+03 3.608601e+05
2.491273e-01 4.494246e+05 4.452229e+03 -1.901362e+05 -2.512247e+03 3.881629e+05
2.497552e-01 4.552855e+05 3.751342e+03 -1.685012e+05 4.343828e+02 4.279839e+05
2.503834e-01 4.619330e+05 3.529255e+03 -1.458045e+05 3.523306e+03 4.741030e+05
2.510119e-01 4.684709e+05 3.494841e+03 -1.212799e+05 4.659951e+03 5.181614e+05
2.516403e-01 4.739351e+05 4.532244e+03 -1.028299e+05 5.475396e+03 5.557393e+05
2.522691e-01 4.775964e+05 5.672573e+03 -8.964495e+04 3.650184e+03 5.800894e+05
2.528974e-01 4.785254e+05 7.190887e+03 -8.608177e+04 1.142786e+03 5.888435e+05
2.535254e-01 4.771440e+05 8.473124e+03 -9.084622e+04 -1.478948e+03 5.795523e+05
2.541542e-01 4.734114e+05 9.130264e+03 -1.038803e+05 -4.783083e+03 5.553247e+05
2.547828e-01 4.684703e+05 9.210010e+03 -1.238692e+05 -7.400915e+03 5.184977e+05
2.554104e-01 4.622904e+05 8.854971e+03 -1.471302e+05 -9.180577e+03 4.725482e+05
2.560379e-01 4.566826e+05 7.945746e+03 -1.708503e+05 -1.037078e+04 4.249857e+05
2.566670e-01 4.520232e+05 7.193552e+03 -1.914598e+05 -1.094804e+04 3.822284e+05
2.572958e-01 4.492708e+05 6.562597e+03 -2.061983e+05 -1.192767e+04 3.502069e+05
2.579236e-01 4.478494e+05 6.763516e+03 -2.121978e+05 -1.252060e+04 3.315708e+05
2.585522e-01 4.487005e+05 7.127883e+03 -2.085756e+05 -1.335610e+04 3.304953e+05
2.591808e-01 4.508954e+05 8.373570e+03 -1.954635e+05 -1.402690e+04 3.459705e+05
2.598086e-01 4.539874e+05 9.529156e+03 -1.729305e+05 -1.482762e+04 3.782511e+05
2.604363e-01 4.584866e+05 1.067314e+04 -1.453119e+05 -1.524969e+04 4.191165e+05
2.610650e-01 4.623306e+05 1.105058e+04 -1.149825e+05 -1.385089e+04 4.662821e+05
2.616935e-01 4.663565e+05 1.160717e+04 -8.422329e+04 -1.297707e+04 5.125402e+05
2.623210e-01 4.693796e+05 1.097791e+04 -5.899776e+04 -1.113794e+04 5.524868e+05
2.629494e-01 4.705661e+05 1.039469e+04 -4.038153e+04 -8.252885e+03 5.769684e+05
2.635781e-01 4.707785e+05 9.731961e+03 -3.035542e+04 -5.647860e+03 5.890583e+05
2.642065e-01 4.692458e+05 9.182157e+03 -3.164271e+04 -2.887450e+03 5.844099e+05
2.648347e-01 4.656800e+05 8.672821e+03 -4.091740e+04 -1.004731e+03 5.614502e+05
2.654637e-01 4.606494e+05 8.671125e+03 -5.930013e+04 -7.012251e+02 5.252742e+05
2.660924e-01 4.549323e+05 8.674281e+03 -8.230780e+04 1.196340e+02 4.821814e+05
2.667201e-01 4.486390e+05 9.080970e+03 -1.078258e+05 -1.277819e+03 4.353066e+05
2.673488e-01 4.419987e+05 9.368086e+03 -1.306693e+05 -3.141643e+03 3.910968e+05
2.679778e-01 4.368211e+05 9.768075e+03 -1.496013e+05 -5.987628e+03 3.528959e+05
2.686062e-01 4.323459e+05 9.751909e+03 -1.611929e+05 -8.392713e+03 3.289604e+05
2.692341e-01 4.298976e+05 9.835683e+03 -1.645134e+05 -1.063022e+04 3.183660e+05
2.698620e-01 4.290028e+05 9.833632e+03 -1.595033e+05 -1.175571e+04 3.220234e+05
2.704897e-01 4.298892e+05 9.584189e+03 -1.465938e+05 -1.208738e+04 3.381913e+05
2.711178e-01 4.320329e+05 9.758916e+03 -1.276260e+05 -1.168911e+04 3.645091e+05
2.717462e-01 4.344714e+05 1.012031e+04 -1.063746e+05 -1.147962e+04 3.980899e+05
2.723748e-01 4.377101e+05 1.041510e+04 -8.443267e+04 -1.040616e+04 4.304847e+05
2.730040e-01 4.398396e+05 1.085000e+04 -6.638658e+04 -9.170279e+03 4.608100e+05
2.736320e-01 4.413370e+05 1.076853e+04 -5.233461e+04 -8.398812e+03 4.815248e+05
2.742595e-01 4.408919e+05 1.023273e+04 -4.398597e+04 -7.635038e+03 4.918821e+05
2.748883e-01 4.402259e+05 9.420497e+03 -4.431760e+04 -7.187466e+03 4.891790e+05
2.755167e-01 4.379202e+05 8.784246e+03 -4.998315e+04 -6.976195e+03 4.722363e+05
2.761449e-01 4.347416e+05 8.162248e+03 -6.207836e+04 -8.623508e+03 4.443431e+05
2.767736e-01 4.309510e+05 8.340911e+03 -7.473488e+04 -1.044999e+04 4.099862e+05
2.774020e-01 4.269760e+05 8.924083e+03 -9.012030e+04 -1.357312e+04 3.728696e+05
2.780301e-01 4.228630e+05 1.001836e+04 -1.032857e+05 -1.724432e+04 3.391084e+05
2.786580e-01 4.186278e+05 1.096080e+04 -1.116860e+05 -1.929278e+04 3.114030e+05
2.792860e-01 4.158179e+05 1.170786e+04 -1.142680e+05 -2.121203e+04 2.945126e+05
2.799146e-01 4.137256e+05 1.136320e+04 -1.107051e+05 -2.045131e+04 2.890672e+05
2.805434e-01 4.132063e+05 1.112284e+04 -1.006353e+05 -1.873282e+04 2.954566e+05
2.811718e-01 4.141222e+05 9.804796e+03 -8.512166e+04 -1.538317e+04 3.111557e+05
2.817991e-01 4.165800e+05 8.519920e+03 -6.677097e+04 -1.087580e+04 3.349514e+05
2.824272e-01 4.196775e+05 6.753580e+03 -4.703738e+04 -5.896694e+03 3.626586e+05
2.830565e-01 4.236050e+05 5.473532e+03 -2.941184e+04 -1.656692e+03 3.909162e+05
2.836849e-01 4.272166e+05 4.015365e+03 -1.552758e+04 2.440708e+03 4.138755e+05
2.843133e-01 4.306901e+05 3.190118e+03 -7.503864e+03 4.714322e+03 4.287532e+05
2.849417e-01 4.331312e+05 2.919258e+03 -6.498653e+03 6.907715e+03 4.346529e+05
2.855699e-01 4.342530e+05 2.884973e+03 -1.198603e+04 6.608993e+03 4.277193e+05
2.861980e-01 4.340987e+05 3.487832e+03 -2.435154e+04 4.906009e+03 4.096872e+05
2.868264e-01 4.323905e+05 4.588235e+03 -4.098696e+04 3.062313e+03 3.817218e+05
2.874550e-01 4.298049e+05 5.834211e+03 -6.059472e+04 -8.737545e+02 3.492131e+05
2.880834e-01 4.257320e+05 7.188368e+03 -8.085806e+04 -4.227265e+03 3.130536e+05
2.887116e-01 4.220124e+05 8.137346e+03 -9.859479e+04 -7.618151e+03 2.787538e+05
2.893396e-01 4.184025e+05 8.824661e+03 -1.119690e+05 -1.033421e+04 2.512340e+05
2.899676e-01 4.154397e+05 8.972629e+03 -1.207539e+05 -1.133822e+04 2.325545e+05
2.905957e-01 4.138436e+05 8.957393e+03 -1.220456e+05 -1.148714e+04 2.245746e+05
2.912243e-01 4.132012e+05 8.636882e+03 -1.181236e+05 -1.012693e+04 2.269842e+05
2.918528e-01 4.143148e+05 8.341312e+03 -1.087992e+05 -8.732716e+03 2.392841e+05
2.924811e-01 4.157972e+05 8.126443e+03 -9.503656e+04 -6.070262e+03 2.580017e+05
2.931098e-01 4.183163e+05 8.383808e+03 -7.973430e+04 -4.801198e+03 2.829465e+05
2.937380e-01 4.201067e+05 8.638325e+03 -6.422408e+04 -3.202680e+03 3.067384e+05
2.943663e-01 4.222559e+05 8.971771e+03 -5.124876e+04 -2.328890e+03 3.289503e+05
2.949950e-01 4.229932e+05 9.290226e+03 -4.180650e+04 -2.344236e+03 3.449639e+05
2.956230e-01 4.228138e+05 9.137295e+03 -3.729495e+04 -2.482764e+03 3.528727e+05
2.962512e-01 4.218106e+05 9.116050e+03 -3.768538e+04 -2.681121e+03 3.503884e+05
2.968799e-01 4.197865e+05 8.633158e+03 -4.401101e+04 -3.005353e+03 3.387424e+05
2.975081e-01 4.169825e+05 8.787987e+03 -5.364662e+04 -3.521631e+03 3.187307e+05
2.981363e-01 4.135896e+05 8.662690e+03 -6.682129e+04 -4.846707e+03 2.928022e+05
2.987649e-01 4.097458e+05 9.155310e+03 -8.060336e+04 -5.311004e+03 2.655418e+05
2.993933e-01 4.061421e+05 9.541264e+03 -9.315393e+04 -6.034412e+03 2.402269e+05
3.000210e-01 4.027415e+05 9.743081e+03 -1.038995e+05 -6.128645e+03 2.199225e+05
3.006489e-01 4.001807e+05 9.462116e+03 -1.098175e+05 -5.695042e+03 2.063220e+05
3.012772e-01 3.991900e+05 8.785191e+03 -1.115233e+05 -4.956014e+03 2.036278e+05
3.019055e-01 3.991608e+05 7.683974e+03 -1.088830e+05 -3.666914e+03 2.085762e+05
3.025339e-01 4.006121e+05 6.555936e+03 -1.017763e+05 -2.582288e+03 2.219190e+05
3.031628e-01 4.037524e+05 5.586421e+03 -9.129932e+04 -2.207343e+03 2.417326e+05
3.037913e-01 4.070376e+05 4.904979e+03 -7.951291e+04 -1.407167e+03 2.635402e+05
3.044197e-01 4.109642e+05 5.069966e+03 -6.713043e+04 -2.289402e+03 2.869458e+05
3.050478e-01 4.141378e+05 5.252931e+03 -5.749121e+04 -2.902813e+03 3.054704e+05
3.056758e-01 4.165530e+05 6.001217e+03 -5.015270e+04 -4.200568e+03 3.175745e+05
3.063043e-01 4.181215e+05 7.111093e+03 -4.745514e+04 -5.121117e+03 3.221336e+05
3.069326e-01 4.176908e+05 8.113908e+03 -4.895480e+04 -6.584400e+03 3.162203e+05
3.075614e-01 4.158992e+05 9.079038e+03 -5.406302e+04 -8.008731e+03 3.011738e+05
3.081897e-01 4.133215e+05 9.889243e+03 -6.461541e+04 -9.279529e+03 2.793934e+05
3.088177e-01 4.092772e+05 1.035332e+04 -7.577440e+04 -9.983254e+03 2.523657e+05
3.094460e-01 4.052692e+05 1.065699e+04 -8.796084e+04 -1.127419e+04 2.233915e+05
3.100746e-01 4.014789e+05 1.030149e+04 -9.952226e+04 -1.084259e+04 1.971833e+05
3.107034e-01 3.978920e+05 1.006933e+04 -1.079495e+05 -9.969729e+03 1.750381e+05
3.113314e-01 3.956789e+05 9.645879e+03 -1.132465e+05 -9.875788e+03 1.616839e+05
3.119592e-01 3.944379e+05 9.310212e+03 -1.132056e+05 -8.671500e+03 1.553837e+05
3.125877e-01 3.940257e+05 9.145755e+03 -1.089074e+05 -7.487483e+03 1.602301e+05
3.132162e-01 3.953463e+05 9.163703e+03 -1.006980e+05 -6.759543e+03 1.728392e+05
3.138441e-01 3.963828e+05 9.165062e+03 -8.808755e+04 -5.734122e+03 1.926033e+05
3.144726e-01 3.987245e+05 9.237456e+03 -7.423665e+04 -5.656064e+03 2.147188e+05
3.151006e-01 4.005299e+05 9.263110e+03 -5.918863e+04 -4.804747e+03 2.391776e+05
3.157285e-01 4.023833e+05 8.914286e+03 -4.641798e+04 -5.403703e+03 2.592870e+05
3.163571e-01 4.034802e+05 8.830545e+03 -3.535586e+04 -5.610189e+03 2.746860e+05
3.169854e-01 4.043409e+05 8.353624e+03 -2.944092e+04 -5.873890e+03 2.819387e+05
3.176141e-01 4.040799e+05 8.028979e+03 -2.701186e+04 -7.026671e+03 2.800439e+05
3.182425e-01 4.031904e+05 7.672081e+03 -3.025525e+04 -7.768208e+03 2.713927e+05
3.188706e-01 4.015293e+05 7.694273e+03 -3.639501e+04 -9.039646e+03 2.512246e+05
3.194993e-01 3.993472e+05 7.548803e+03 -4.683593e+04 -1.025858e+04 2.281649e+05
3.201278e-01 3.967641e+05 8.258826e+03 -5.753343e+04 -1.266886e+04 2.001176e+05
3.207553e-01 3.939907e+05 9.084020e+03 -6.659847e+04 -1.633412e+04 1.746925e+05
3.213837e-01 3.915388e+05 1.279794e+04 -7.228195e+04 -1.742532e+04 1.556526e+05
