# k, w0, w2, w4, norm, alpha = 571.4117399094032, 0.0191803524419
0.000000e+00 6.900674e+13 0.000000e+00 -1.763665e+13
8.899641e-05 6.885307e+13 5.136176e+09 4.442741e+12
1.507912e-04 6.857717e+13 -9.839043e+09 -1.393276e+12
2.144790e-04 6.814323e+13 -1.315644e+10 1.875444e+12
2.783661e-04 6.756394e+13 -2.921020e+10 4.579162e+11
3.435100e-04 6.682244e+13 -4.190880e+10 5.155275e+11
4.047887e-04 6.599832e+13 -6.927515e+10 -6.556214e+11
4.676717e-04 6.502117e+13 -5.917391e+10 6.207430e+11
5.308225e-04 6.392021e+13 -7.499737e+10 -9.904789e+10
5.945362e-04 6.268946e+13 -6.524060e+10 9.368456e+10
6.576225e-04 6.136616e+13 -8.278816e+10 -9.864728e+11
7.196633e-04 5.996196e+13 -3.835342e+09 4.848850e+11
7.827861e-04 5.844381e+13 6.058963e+10 4.553932e+11
8.470399e-04 5.682330e+13 5.732266e+10 -9.447717e+11
9.096855e-04 5.516489e+13 1.601765e+11 -7.376025e+11
9.720790e-04 5.344899e+13 3.008218e+11 -4.800269e+11
1.034763e-03 5.167871e+13 4.273519e+11 -6.712801e+11
1.097576e-03 4.986211e+13 5.935528e+11 -1.117146e+12
1.160543e-03 4.800714e+13 7.963488e+11 -1.154047e+12
1.223670e-03 4.612540e+13 1.029246e+12 -1.441378e+12
1.286817e-03 4.422303e+13 1.319899e+12 -1.482318e+12
1.349501e-03 4.235664e+13 1.551350e+12 -2.414709e+12
1.411950e-03 4.046659e+13 1.938728e+12 -2.261011e+12
1.475134e-03 3.858588e+13 2.297909e+12 -2.646193e+12
1.537865e-03 3.673255e+13 2.711118e+12 -3.036288e+12
1.600658e-03 3.492476e+13 3.108417e+12 -3.641291e+12
1.663991e-03 3.312553e+13 3.566692e+12 -4.051138e+12
1.727196e-03 3.135078e+13 4.097481e+12 -4.296285e+12
1.789765e-03 2.968221e+13 4.562889e+12 -5.026759e+12
1.852354e-03 2.801788e+13 5.142309e+12 -5.318618e+12
1.914807e-03 2.645790e+13 5.651308e+12 -6.004618e+12
1.977890e-03 2.489446e+13 6.262024e+12 -6.327401e+12
2.040938e-03 2.344590e+13 6.803672e+12 -7.058739e+12
2.103939e-03 2.203687e+13 7.388366e+12 -7.559889e+12
2.166910e-03 2.068050e+13 8.000061e+12 -8.014164e+12
2.229700e-03 1.941527e+13 8.572820e+12 -8.556290e+12
2.292620e-03 1.820252e+13 9.168432e+12 -9.046682e+12
2.355142e-03 1.709102e+13 9.697507e+12 -9.645640e+12
2.417911e-03 1.602312e+13 1.025297e+13 -1.013371e+13
2.480857e-03 1.500324e+13 1.081060e+13 -1.052216e+13
2.543492e-03 1.408406e+13 1.127824e+13 -1.104881e+13
2.606334e-03 1.318951e+13 1.179166e+13 -1.136427e+13
2.669257e-03 1.236058e+13 1.223588e+13 -1.169905e+13
2.732423e-03 1.163155e+13 1.262646e+13 -1.219906e+13
2.795530e-03 1.091227e+13 1.302034e+13 -1.243296e+13
2.858366e-03 1.023460e+13 1.334978e+13 -1.261299e+13
2.920876e-03 9.667033e+12 1.365031e+13 -1.291597e+13
2.983450e-03 9.096386e+12 1.389629e+13 -1.304831e+13
3.046383e-03 8.586219e+12 1.412887e+13 -1.313376e+13
3.109279e-03 8.088205e+12 1.427839e+13 -1.316215e+13
3.172168e-03 7.678182e+12 1.437151e+13 -1.330340e+13
3.235188e-03 7.276422e+12 1.447016e+13 -1.324117e+13
3.298168e-03 6.886510e+12 1.447424e+13 -1.316336e+13
3.361176e-03 6.535860e+12 1.451889e+13 -1.291241e+13
3.423700e-03 6.223503e+12 1.442334e+13 -1.283554e+13
3.486478e-03 5.932711e+12 1.433490e+13 -1.262210e+13
3.549412e-03 5.649252e+12 1.422687e+13 -1.228973e+13
3.611917e-03 5.395270e+12 1.398655e+13 -1.213296e+13
3.674767e-03 5.148133e+12 1.388218e+13 -1.160319e+13
3.737648e-03 4.927187e+12 1.359256e+13 -1.134079e+13
3.800654e-03 4.704079e+12 1.338854e+13 -1.082653e+13
3.863540e-03 4.511307e+12 1.307148e+13 -1.046319e+13
3.926140e-03 4.311047e+12 1.277581e+13 -9.978384e+12
3.989265e-03 4.136354e+12 1.245969e+13 -9.497813e+12
4.052073e-03 3.956713e+12 1.212280e+13 -8.981210e+12
4.114916e-03 3.798221e+12 1.180759e+13 -8.438805e+12
4.177814e-03 3.634780e+12 1.141649e+13 -7.957013e+12
4.240401e-03 3.477379e+12 1.108009e+13 -7.377593e+12
4.303426e-03 3.340885e+12 1.071881e+13 -6.845937e+12
4.366359e-03 3.186706e+12 1.032991e+13 -6.320934e+12
4.428996e-03 3.065817e+12 9.988193e+12 -5.807546e+12
4.491634e-03 2.932573e+12 9.664066e+12 -5.191135e+12
4.554414e-03 2.808423e+12 9.276117e+12 -4.741026e+12
4.617634e-03 2.686918e+12 8.922696e+12 -4.247499e+12
4.680644e-03 2.567761e+12 8.583279e+12 -3.731393e+12
4.743485e-03 2.467021e+12 8.274200e+12 -3.241898e+12
4.806356e-03 2.351689e+12 7.931869e+12 -2.810499e+12
4.869019e-03 2.259893e+12 7.627271e+12 -2.402864e+12
4.931697e-03 2.165853e+12 7.359954e+12 -1.928734e+12
4.994507e-03 2.070971e+12 7.056270e+12 -1.574784e+12
5.057159e-03 1.984971e+12 6.781641e+12 -1.211120e+12
5.119924e-03 1.900577e+12 6.512140e+12 -8.938262e+11
5.183126e-03 1.827385e+12 6.275923e+12 -5.475973e+11
5.246090e-03 1.750947e+12 6.032193e+12 -2.604734e+11
5.308757e-03 1.683627e+12 5.811071e+12 1.274328e+10
5.371574e-03 1.615631e+12 5.586791e+12 2.355524e+11
5.434580e-03 1.552005e+12 5.381466e+12 4.791084e+11
5.497431e-03 1.495891e+12 5.184304e+12 6.529217e+11
5.559937e-03 1.435216e+12 4.987133e+12 8.338900e+11
5.622855e-03 1.385563e+12 4.814587e+12 9.861464e+11
5.686012e-03 1.336042e+12 4.643230e+12 1.135123e+12
5.748805e-03 1.286390e+12 4.474873e+12 1.258118e+12
5.811550e-03 1.237531e+12 4.299410e+12 1.317666e+12
5.874394e-03 1.197162e+12 4.159943e+12 1.449128e+12
5.937176e-03 1.154784e+12 4.001867e+12 1.483198e+12
5.999972e-03 1.113111e+12 3.856611e+12 1.548804e+12
6.062679e-03 1.075094e+12 3.718024e+12 1.594500e+12
6.125470e-03 1.037993e+12 3.579805e+12 1.626176e+12
6.188478e-03 1.001891e+12 3.451397e+12 1.670900e+12
6.251311e-03 9.632797e+11 3.303775e+12 1.644977e+12
6.314027e-03 9.316116e+11 3.190241e+12 1.688533e+12
6.377004e-03 8.973957e+11 3.064227e+12 1.680950e+12
6.439858e-03 8.636881e+11 2.937852e+12 1.669650e+12
6.502685e-03 8.313087e+11 2.819776e+12 1.668278e+12
6.565586e-03 7.993271e+11 2.703252e+12 1.648633e+12
6.628369e-03 7.693382e+11 2.593154e+12 1.641853e+12
6.691185e-03 7.370490e+11 2.475837e+12 1.610610e+12
6.754070e-03 7.080117e+11 2.370299e+12 1.595499e+12
6.816836e-03 6.783382e+11 2.265982e+12 1.573928e+12
6.879593e-03 6.506267e+11 2.168307e+12 1.551663e+12
6.942344e-03 6.218914e+11 2.065444e+12 1.522478e+12
7.005175e-03 5.936073e+11 1.965046e+12 1.489192e+12
7.068125e-03 5.677637e+11 1.878788e+12 1.469947e+12
7.131019e-03 5.420061e+11 1.789511e+12 1.442984e+12
7.193918e-03 5.161205e+11 1.701018e+12 1.408739e+12
7.256834e-03 4.917262e+11 1.617601e+12 1.380578e+12
7.319653e-03 4.688838e+11 1.543271e+12 1.352720e+12
7.382508e-03 4.457729e+11 1.464634e+12 1.322752e+12
7.445266e-03 4.240973e+11 1.392271e+12 1.289281e+12
7.507871e-03 4.019138e+11 1.319759e+12 1.255022e+12
7.570758e-03 3.838744e+11 1.261556e+12 1.228000e+12
7.633641e-03 3.633045e+11 1.193315e+12 1.193274e+12
7.696463e-03 3.461779e+11 1.135278e+12 1.161610e+12
7.759395e-03 3.280024e+11 1.077869e+12 1.127363e+12
7.822329e-03 3.115626e+11 1.022988e+12 1.093134e+12
7.885315e-03 2.962136e+11 9.727589e+11 1.058466e+12
7.947897e-03 2.816477e+11 9.245029e+11 1.025149e+12
8.010491e-03 2.682059e+11 8.803684e+11 9.895460e+11
8.073371e-03 2.541941e+11 8.327632e+11 9.536406e+11
8.136237e-03 2.425315e+11 7.933882e+11 9.172639e+11
8.199153e-03 2.303884e+11 7.514314e+11 8.820014e+11
8.261953e-03 2.200705e+11 7.162884e+11 8.473859e+11
8.324897e-03 2.092121e+11 6.775559e+11 8.108520e+11
8.387959e-03 1.993248e+11 6.427806e+11 7.737445e+11
8.450635e-03 1.907184e+11 6.110145e+11 7.389270e+11
8.513283e-03 1.818153e+11 5.789937e+11 7.045980e+11
8.576198e-03 1.735336e+11 5.476746e+11 6.686177e+11
8.639058e-03 1.657138e+11 5.177826e+11 6.343378e+11
8.701839e-03 1.585460e+11 4.908619e+11 6.016259e+11
8.764641e-03 1.518525e+11 4.641965e+11 5.697238e+11
8.827504e-03 1.447119e+11 4.365083e+11 5.361789e+11
8.890333e-03 1.385702e+11 4.112630e+11 5.051470e+11
8.953084e-03 1.326614e+11 3.877859e+11 4.766118e+11
9.015957e-03 1.267659e+11 3.639100e+11 4.462961e+11
9.078833e-03 1.212648e+11 3.406929e+11 4.188706e+11
9.141744e-03 1.158295e+11 3.187103e+11 3.914604e+11
9.204635e-03 1.110293e+11 2.985727e+11 3.674125e+11
9.267438e-03 1.058230e+11 2.776345e+11 3.415802e+11
9.330324e-03 1.011944e+11 2.579651e+11 3.189415e+11
9.393266e-03 9.668638e+10 2.395524e+11 2.969836e+11
9.455975e-03 9.225171e+10 2.214203e+11 2.767255e+11
9.518660e-03 8.804106e+10 2.048356e+11 2.561928e+11
9.581413e-03 8.384060e+10 1.876153e+11 2.375695e+11
9.644351e-03 8.007818e+10 1.726069e+11 2.211219e+11
9.707356e-03 7.630325e+10 1.577087e+11 2.051516e+11
9.770081e-03 7.252466e+10 1.433696e+11 1.891730e+11
9.832823e-03 6.911489e+10 1.306642e+11 1.756053e+11
9.895570e-03 6.580385e+10 1.173728e+11 1.624546e+11
9.958456e-03 6.247433e+10 1.060870e+11 1.498986e+11
1.002136e-02 5.932179e+10 9.453290e+10 1.379706e+11
1.008405e-02 5.642693e+10 8.445616e+10 1.278582e+11
1.014694e-02 5.361895e+10 7.449062e+10 1.179945e+11
1.020993e-02 5.086026e+10 6.531079e+10 1.084585e+11
1.027274e-02 4.823814e+10 5.685022e+10 1.000265e+11
1.033560e-02 4.574669e+10 4.906800e+10 9.188112e+10
1.039848e-02 4.342261e+10 4.183211e+10 8.464816e+10
1.046127e-02 4.121777e+10 3.501708e+10 7.779039e+10
1.052403e-02 3.905345e+10 2.885964e+10 7.129009e+10
1.058681e-02 3.697574e+10 2.333153e+10 6.512626e+10
1.064964e-02 3.515479e+10 1.801672e+10 5.991312e+10
1.071257e-02 3.331766e+10 1.308745e+10 5.458800e+10
1.077544e-02 3.158529e+10 9.038351e+09 4.979058e+10
1.083825e-02 2.999519e+10 5.084652e+09 4.533432e+10
1.090108e-02 2.843759e+10 1.490545e+09 4.110932e+10
1.096390e-02 2.706881e+10 -1.777070e+09 3.738144e+10
1.102681e-02 2.568214e+10 -4.529611e+09 3.363360e+10
1.108963e-02 2.440443e+10 -7.047679e+09 3.036562e+10
1.115225e-02 2.322789e+10 -9.341274e+09 2.722666e+10
1.121502e-02 2.215376e+10 -1.123761e+10 2.457873e+10
1.127793e-02 2.114040e+10 -1.298890e+10 2.198481e+10
1.134090e-02 2.015985e+10 -1.442625e+10 1.961956e+10
1.140364e-02 1.926722e+10 -1.566680e+10 1.742836e+10
1.146639e-02 1.847540e+10 -1.671609e+10 1.559258e+10
1.152943e-02 1.772471e+10 -1.752324e+10 1.391890e+10
1.159229e-02 1.700887e+10 -1.816076e+10 1.236399e+10
1.165509e-02 1.639703e+10 -1.858191e+10 1.110760e+10
1.171793e-02 1.582811e+10 -1.896373e+10 9.976744e+09
1.178087e-02 1.530091e+10 -1.903240e+10 9.117172e+09
1.184368e-02 1.484701e+10 -1.907431e+10 8.372812e+09
1.190635e-02 1.440819e+10 -1.887205e+10 7.773452e+09
1.196912e-02 1.404703e+10 -1.861514e+10 7.344315e+09
1.203202e-02 1.371791e+10 -1.826821e+10 7.179705e+09
1.209487e-02 1.345128e+10 -1.776761e+10 7.129334e+09
1.215764e-02 1.320544e+10 -1.718328e+10 7.144666e+09
1.222050e-02 1.297224e+10 -1.645621e+10 7.377152e+09
1.228341e-02 1.283334e+10 -1.573043e+10 7.801982e+09
1.234633e-02 1.267468e+10 -1.483689e+10 8.244656e+09
1.240902e-02 1.258442e+10 -1.396017e+10 8.899085e+09
1.247175e-02 1.246559e+10 -1.293087e+10 9.567930e+09
1.253465e-02 1.243230e+10 -1.192511e+10 1.046509e+10
1.259750e-02 1.239825e+10 -1.080673e+10 1.144236e+10
1.266032e-02 1.236551e+10 -9.655658e+09 1.242670e+10
1.272316e-02 1.234743e+10 -8.458506e+09 1.350623e+10
1.278604e-02 1.238767e+10 -7.281159e+09 1.479615e+10
1.284887e-02 1.241856e+10 -6.061529e+09 1.609198e+10
1.291175e-02 1.245059e+10 -4.777157e+09 1.746571e+10
1.297466e-02 1.249308e+10 -3.493443e+09 1.881621e+10
1.303742e-02 1.253753e+10 -2.165707e+09 2.033438e+10
1.310017e-02 1.263763e+10 -9.192624e+08 2.187095e+10
1.316301e-02 1.265078e+10 4.219601e+08 2.339273e+10
1.322587e-02 1.275817e+10 1.735855e+09 2.504485e+10
1.328865e-02 1.281975e+10 3.008291e+09 2.670557e+10
1.335145e-02 1.288732e+10 4.292641e+09 2.830033e+10
1.341441e-02 1.297225e+10 5.623927e+09 3.007257e+10
1.347731e-02 1.300873e+10 6.899394e+09 3.169896e+10
1.354002e-02 1.309363e+10 8.133193e+09 3.335261e+10
1.360283e-02 1.315619e+10 9.394818e+09 3.510960e+10
1.366566e-02 1.322914e+10 1.062341e+10 3.682569e+10
1.372851e-02 1.327613e+10 1.185329e+10 3.850532e+10
1.379135e-02 1.331489e+10 1.295736e+10 4.013093e+10
1.385410e-02 1.337881e+10 1.420024e+10 4.185432e+10
1.391699e-02 1.341040e+10 1.531312e+10 4.348242e+10
1.397984e-02 1.346361e+10 1.637486e+10 4.506085e+10
1.404268e-02 1.347794e+10 1.745740e+10 4.662447e+10
1.410555e-02 1.351420e+10 1.853136e+10 4.820925e+10
1.416838e-02 1.353517e+10 1.953828e+10 4.969020e+10
1.423118e-02 1.354484e+10 2.049316e+10 5.115104e+10
1.429398e-02 1.355603e+10 2.149018e+10 5.253976e+10
1.435687e-02 1.356336e+10 2.237377e+10 5.397601e+10
1.441977e-02 1.357363e+10 2.327891e+10 5.525794e+10
1.448254e-02 1.355307e+10 2.405972e+10 5.645190e+10
1.454532e-02 1.354654e+10 2.491955e+10 5.772496e+10
1.460819e-02 1.355027e+10 2.573738e+10 5.892420e+10
1.467110e-02 1.351345e+10 2.643979e+10 5.997045e+10
1.473393e-02 1.349519e+10 2.711470e+10 6.093140e+10
1.479670e-02 1.346668e+10 2.778751e+10 6.195743e+10
1.485956e-02 1.345590e+10 2.850140e+10 6.295725e+10
1.492234e-02 1.339754e+10 2.900940e+10 6.367496e+10
1.498502e-02 1.336639e+10 2.961578e+10 6.452648e+10
1.504786e-02 1.333902e+10 3.016848e+10 6.522206e+10
1.511076e-02 1.328254e+10 3.066861e+10 6.594184e+10
1.517362e-02 1.323432e+10 3.102684e+10 6.642202e+10
1.523649e-02 1.318472e+10 3.149385e+10 6.698585e+10
1.529938e-02 1.313524e+10 3.188735e+10 6.751872e+10
1.536230e-02 1.307924e+10 3.224394e+10 6.789090e+10
1.542511e-02 1.300861e+10 3.253575e+10 6.824650e+10
1.548784e-02 1.295001e+10 3.279745e+10 6.847455e+10
1.555073e-02 1.288319e+10 3.304292e+10 6.872547e+10
1.561357e-02 1.280729e+10 3.323120e+10 6.887955e+10
1.567629e-02 1.273191e+10 3.342080e+10 6.896516e+10
1.573914e-02 1.265046e+10 3.353239e+10 6.902875e+10
1.580204e-02 1.256845e+10 3.364513e+10 6.898593e+10
1.586486e-02 1.248029e+10 3.366638e+10 6.892199e+10
1.592760e-02 1.239995e+10 3.371767e+10 6.885990e+10
1.599046e-02 1.229549e+10 3.369813e+10 6.861616e+10
1.605342e-02 1.219393e+10 3.362352e+10 6.841088e+10
1.611620e-02 1.208853e+10 3.354556e+10 6.810983e+10
1.617898e-02 1.198029e+10 3.344477e+10 6.781399e+10
1.624183e-02 1.186763e+10 3.331807e+10 6.743845e+10
1.630465e-02 1.174110e+10 3.309592e+10 6.698525e+10
1.636749e-02 1.162485e+10 3.290104e+10 6.658958e+10
1.643031e-02 1.149896e+10 3.265043e+10 6.603111e+10
1.649309e-02 1.136984e+10 3.240506e+10 6.557776e+10
1.655594e-02 1.122128e+10 3.210205e+10 6.493465e+10
1.661880e-02 1.108054e+10 3.173646e+10 6.430288e+10
1.668169e-02 1.094756e+10 3.145243e+10 6.375362e+10
1.674450e-02 1.079314e+10 3.102312e+10 6.300011e+10
1.680723e-02 1.064058e+10 3.064711e+10 6.234449e+10
1.687014e-02 1.048621e+10 3.022603e+10 6.157788e+10
1.693309e-02 1.033062e+10 2.981453e+10 6.085344e+10
1.699582e-02 1.016626e+10 2.934556e+10 6.005807e+10
1.705864e-02 9.999759e+09 2.886870e+10 5.922792e+10
1.712154e-02 9.838580e+09 2.837005e+10 5.841434e+10
1.718438e-02 9.670115e+09 2.790231e+10 5.756883e+10
1.724721e-02 9.501713e+09 2.737819e+10 5.670133e+10
1.730997e-02 9.328699e+09 2.684216e+10 5.578396e+10
1.737287e-02 9.159640e+09 2.633796e+10 5.490209e+10
1.743568e-02 8.988137e+09 2.575827e+10 5.395259e+10
1.749842e-02 8.818744e+09 2.524832e+10 5.304215e+10
1.756130e-02 8.640651e+09 2.466334e+10 5.205537e+10
1.762414e-02 8.472476e+09 2.413286e+10 5.110672e+10
1.768696e-02 8.303087e+09 2.355452e+10 5.013703e+10
1.774979e-02 8.127656e+09 2.298266e+10 4.911895e+10
1.781266e-02 7.961134e+09 2.241555e+10 4.813082e+10
1.787549e-02 7.794764e+09 2.183178e+10 4.712479e+10
1.793834e-02 7.617502e+09 2.124952e+10 4.604997e+10
1.800115e-02 7.459812e+09 2.067768e+10 4.506810e+10
1.806394e-02 7.286834e+09 2.011388e+10 4.400668e+10
1.812674e-02 7.127249e+09 1.952312e+10 4.298190e+10
1.818957e-02 6.964788e+09 1.893519e+10 4.192729e+10
1.825244e-02 6.797435e+09 1.833289e+10 4.083275e+10
1.831527e-02 6.648861e+09 1.779700e+10 3.984567e+10
1.837811e-02 6.481582e+09 1.719077e+10 3.874467e+10
1.844101e-02 6.330086e+09 1.660090e+10 3.768938e+10
1.850385e-02 6.167898e+09 1.603276e+10 3.661689e+10
1.856666e-02 6.021287e+09 1.547543e+10 3.559976e+10
1.862948e-02 5.873392e+09 1.488635e+10 3.454892e+10
1.869229e-02 5.714262e+09 1.430490e+10 3.345621e+10
1.875518e-02 5.570413e+09 1.375570e+10 3.245164e+10
1.881801e-02 5.425275e+09 1.319430e+10 3.142552e+10
1.888079e-02 5.279151e+09 1.262854e+10 3.038753e+10
1.894354e-02 5.139326e+09 1.206971e+10 2.937790e+10
1.900643e-02 4.996909e+09 1.153223e+10 2.838216e+10
1.906933e-02 4.862118e+09 1.098623e+10 2.740949e+10
1.913208e-02 4.722716e+09 1.044720e+10 2.641216e+10
1.919491e-02 4.589501e+09 9.911242e+09 2.546114e+10
1.925777e-02 4.458437e+09 9.406698e+09 2.452815e+10
1.932064e-02 4.325088e+09 8.891181e+09 2.358739e+10
1.938343e-02 4.206623e+09 8.379629e+09 2.270441e+10
1.944618e-02 4.072874e+09 7.892324e+09 2.178881e+10
1.950906e-02 3.955783e+09 7.410502e+09 2.093858e+10
1.957195e-02 3.834621e+09 6.941773e+09 2.008400e+10
1.963480e-02 3.716699e+09 6.477110e+09 1.924956e+10
1.969760e-02 3.605861e+09 6.023464e+09 1.845400e+10
1.976048e-02 3.489382e+09 5.596102e+09 1.765520e+10
1.982338e-02 3.385184e+09 5.156724e+09 1.690075e+10
1.988617e-02 3.277108e+09 4.751408e+09 1.615363e+10
1.994896e-02 3.175195e+09 4.351489e+09 1.543476e+10
2.001180e-02 3.072302e+09 3.966983e+09 1.473170e+10
2.007460e-02 2.977229e+09 3.591568e+09 1.405794e+10
2.013737e-02 2.884324e+09 3.233132e+09 1.341390e+10
2.020017e-02 2.790039e+09 2.887164e+09 1.276856e+10
2.026310e-02 2.699527e+09 2.549194e+09 1.214974e+10
2.032601e-02 2.615731e+09 2.230459e+09 1.157075e+10
2.038874e-02 2.534076e+09 1.920652e+09 1.100531e+10
2.045154e-02 2.454076e+09 1.627935e+09 1.046354e+10
2.051445e-02 2.376905e+09 1.348177e+09 9.935949e+09
2.057730e-02 2.300944e+09 1.074139e+09 9.425407e+09
2.064014e-02 2.230201e+09 8.189596e+08 8.943024e+09
2.070300e-02 2.160525e+09 5.827192e+08 8.483460e+09
2.076590e-02 2.094492e+09 3.440410e+08 8.036776e+09
2.082865e-02 2.029792e+09 1.312675e+08 7.613784e+09
2.089134e-02 1.969839e+09 -7.913042e+07 7.211657e+09
2.095424e-02 1.911625e+09 -2.682380e+08 6.829834e+09
2.101707e-02 1.856446e+09 -4.589302e+08 6.466256e+09
2.107986e-02 1.801570e+09 -6.267340e+08 6.114608e+09
2.114272e-02 1.750767e+09 -7.820167e+08 5.792009e+09
2.120553e-02 1.704960e+09 -9.395734e+08 5.487698e+09
2.126837e-02 1.656747e+09 -1.066018e+09 5.196245e+09
2.133122e-02 1.615679e+09 -1.203165e+09 4.926695e+09
2.139412e-02 1.573563e+09 -1.313444e+09 4.672771e+09
2.145697e-02 1.534871e+09 -1.419071e+09 4.436428e+09
2.151974e-02 1.500936e+09 -1.518599e+09 4.222811e+09
2.158260e-02 1.464890e+09 -1.597619e+09 4.018290e+09
2.164545e-02 1.435651e+09 -1.677502e+09 3.838980e+09
2.170831e-02 1.404157e+09 -1.736554e+09 3.667793e+09
2.177114e-02 1.379249e+09 -1.796071e+09 3.522386e+09
2.183388e-02 1.353788e+09 -1.841346e+09 3.386298e+09
2.189670e-02 1.330453e+09 -1.874189e+09 3.265699e+09
2.195960e-02 1.311295e+09 -1.906608e+09 3.166030e+09
2.202243e-02 1.291571e+09 -1.920784e+09 3.073674e+09
2.208522e-02 1.277015e+09 -1.935981e+09 3.005988e+09
2.214805e-02 1.261958e+09 -1.936253e+09 2.944987e+09
2.221093e-02 1.249145e+09 -1.930785e+09 2.899254e+09
2.227373e-02 1.238884e+09 -1.918860e+09 2.870413e+09
2.233657e-02 1.230248e+09 -1.897621e+09 2.850540e+09
2.239943e-02 1.222896e+09 -1.870782e+09 2.846080e+09
2.246224e-02 1.216822e+09 -1.834044e+09 2.850150e+09
2.252506e-02 1.212733e+09 -1.793614e+09 2.868625e+09
2.258783e-02 1.211186e+09 -1.748580e+09 2.900488e+09
2.265069e-02 1.208285e+09 -1.690765e+09 2.936121e+09
2.271350e-02 1.210266e+09 -1.637995e+09 2.992441e+09
2.277634e-02 1.210565e+09 -1.569655e+09 3.048332e+09
2.283922e-02 1.214382e+09 -1.504900e+09 3.123819e+09
2.290203e-02 1.216867e+09 -1.429186e+09 3.198321e+09
2.296491e-02 1.222048e+09 -1.350622e+09 3.286040e+09
2.302772e-02 1.229034e+09 -1.272732e+09 3.386939e+09
2.309051e-02 1.234678e+09 -1.183492e+09 3.484941e+09
2.315339e-02 1.242326e+09 -1.095449e+09 3.596577e+09
2.321627e-02 1.249896e+09 -1.001274e+09 3.711244e+09
2.327912e-02 1.259849e+09 -9.070714e+08 3.837258e+09
2.334186e-02 1.269487e+09 -8.099450e+08 3.966110e+09
2.340468e-02 1.278156e+09 -7.052100e+08 4.095270e+09
2.346757e-02 1.290221e+09 -6.065610e+08 4.238452e+09
2.353044e-02 1.300878e+09 -4.978795e+08 4.380441e+09
2.359328e-02 1.312682e+09 -3.946199e+08 4.525982e+09
2.365603e-02 1.324299e+09 -2.851678e+08 4.676456e+09
2.371886e-02 1.336106e+09 -1.743596e+08 4.828722e+09
2.378173e-02 1.349145e+09 -6.805119e+07 4.986751e+09
2.384454e-02 1.361382e+09 4.840202e+07 5.143289e+09
2.390736e-02 1.374035e+09 1.584171e+08 5.302763e+09
2.397014e-02 1.386551e+09 2.718556e+08 5.463988e+09
2.403295e-02 1.399964e+09 3.832443e+08 5.625654e+09
2.409585e-02 1.412412e+09 4.930239e+08 5.786473e+09
2.415872e-02 1.425778e+09 6.114810e+08 5.951818e+09
2.422161e-02 1.437838e+09 7.206381e+08 6.112889e+09
2.428440e-02 1.451517e+09 8.299400e+08 6.276022e+09
2.434717e-02 1.461921e+09 9.440927e+08 6.431502e+09
2.441002e-02 1.475942e+09 1.049679e+09 6.594976e+09
2.447290e-02 1.486892e+09 1.162199e+09 6.749997e+09
2.453572e-02 1.499389e+09 1.264120e+09 6.907103e+09
2.459853e-02 1.509870e+09 1.374932e+09 7.057712e+09
2.466139e-02 1.521107e+09 1.477357e+09 7.209864e+09
2.472422e-02 1.532629e+09 1.578645e+09 7.359446e+09
2.478699e-02 1.542413e+09 1.676654e+09 7.501533e+09
2.484981e-02 1.551601e+09 1.774781e+09 7.640945e+09
2.491269e-02 1.560833e+09 1.874642e+09 7.776987e+09
2.497549e-02 1.571040e+09 1.963309e+09 7.916912e+09
2.503832e-02 1.578457e+09 2.053953e+09 8.039183e+09
2.510118e-02 1.586505e+09 2.142033e+09 8.165391e+09
2.516401e-02 1.593961e+09 2.226035e+09 8.287651e+09
2.522688e-02 1.600684e+09 2.310029e+09 8.400162e+09
2.528972e-02 1.607578e+09 2.384898e+09 8.514340e+09
2.535252e-02 1.611778e+09 2.464632e+09 8.614488e+09
2.541538e-02 1.617535e+09 2.535301e+09 8.716112e+09
2.547823e-02 1.621924e+09 2.606474e+09 8.812960e+09
2.554101e-02 1.625801e+09 2.668141e+09 8.898107e+09
2.560377e-02 1.629521e+09 2.734759e+09 8.989431e+09
2.566668e-02 1.630716e+09 2.792499e+09 9.055658e+09
2.572955e-02 1.633576e+09 2.848172e+09 9.135935e+09
2.579234e-02 1.634620e+09 2.900343e+09 9.199189e+09
2.585520e-02 1.635041e+09 2.948588e+09 9.258815e+09
2.591805e-02 1.635976e+09 2.993751e+09 9.319125e+09
2.598084e-02 1.634134e+09 3.031995e+09 9.355954e+09
2.604360e-02 1.634409e+09 3.073290e+09 9.409992e+09
2.610647e-02 1.631247e+09 3.105920e+09 9.437160e+09
2.616932e-02 1.630153e+09 3.136458e+09 9.476337e+09
2.623206e-02 1.625953e+09 3.159670e+09 9.491880e+09
2.629492e-02 1.622824e+09 3.191324e+09 9.518368e+09
2.635779e-02 1.618897e+09 3.204448e+09 9.527750e+09
2.642061e-02 1.612697e+09 3.222327e+09 9.528159e+09
2.648344e-02 1.608466e+09 3.233154e+09 9.533965e+09
2.654632e-02 1.602294e+09 3.247832e+09 9.530897e+09
2.660919e-02 1.596515e+09 3.251421e+09 9.522007e+09
2.667199e-02 1.588820e+09 3.248926e+09 9.500089e+09
2.673484e-02 1.581611e+09 3.250396e+09 9.479812e+09
2.679773e-02 1.573492e+09 3.247781e+09 9.453010e+09
2.686058e-02 1.564454e+09 3.242939e+09 9.420012e+09
2.692339e-02 1.555453e+09 3.225871e+09 9.377449e+09
2.698618e-02 1.545738e+09 3.217151e+09 9.337645e+09
2.704895e-02 1.535624e+09 3.202167e+09 9.288749e+09
2.711176e-02 1.525186e+09 3.180461e+09 9.234205e+09
2.717460e-02 1.513258e+09 3.156401e+09 9.169867e+09
2.723746e-02 1.502674e+09 3.132287e+09 9.111350e+09
2.730038e-02 1.490407e+09 3.104913e+09 9.041748e+09
2.736318e-02 1.478553e+09 3.072330e+09 8.970195e+09
2.742592e-02 1.465226e+09 3.039551e+09 8.890362e+09
2.748880e-02 1.452323e+09 3.003369e+09 8.809751e+09
2.755163e-02 1.438537e+09 2.963683e+09 8.722441e+09
2.761447e-02 1.424419e+09 2.923626e+09 8.631939e+09
2.767732e-02 1.409986e+09 2.881229e+09 8.538482e+09
2.774015e-02 1.395354e+09 2.834382e+09 8.440722e+09
2.780299e-02 1.379858e+09 2.787922e+09 8.338572e+09
2.786577e-02 1.364519e+09 2.738132e+09 8.234438e+09
2.792858e-02 1.348608e+09 2.684190e+09 8.124599e+09
2.799144e-02 1.332188e+09 2.631692e+09 8.011884e+09
2.805430e-02 1.316072e+09 2.574583e+09 7.898874e+09
2.811715e-02 1.298960e+09 2.518924e+09 7.781020e+09
2.817989e-02 1.282326e+09 2.458161e+09 7.663256e+09
2.824269e-02 1.264217e+09 2.400915e+09 7.538446e+09
2.830563e-02 1.247198e+09 2.333849e+09 7.412899e+09
2.836849e-02 1.229449e+09 2.270788e+09 7.287296e+09
2.843130e-02 1.211118e+09 2.208888e+09 7.159746e+09
2.849414e-02 1.193079e+09 2.140424e+09 7.026976e+09
2.855697e-02 1.173956e+09 2.074277e+09 6.892543e+09
2.861979e-02 1.156443e+09 2.005823e+09 6.763983e+09
2.868262e-02 1.136838e+09 1.939561e+09 6.625938e+09
2.874547e-02 1.118596e+09 1.867132e+09 6.490600e+09
2.880831e-02 1.099634e+09 1.797131e+09 6.353317e+09
2.887113e-02 1.080238e+09 1.729122e+09 6.215682e+09
2.893395e-02 1.061784e+09 1.657808e+09 6.079138e+09
2.899674e-02 1.042207e+09 1.586858e+09 5.938104e+09
2.905954e-02 1.023763e+09 1.514890e+09 5.800943e+09
2.912241e-02 1.004617e+09 1.443271e+09 5.661684e+09
2.918526e-02 9.862204e+08 1.373200e+09 5.525673e+09
2.924809e-02 9.671297e+08 1.303267e+09 5.385836e+09
2.931096e-02 9.481568e+08 1.231619e+09 5.246110e+09
2.937378e-02 9.300827e+08 1.161299e+09 5.110860e+09
2.943660e-02 9.111290e+08 1.093230e+09 4.972832e+09
2.949946e-02 8.930546e+08 1.023746e+09 4.836441e+09
2.956228e-02 8.751314e+08 9.549460e+08 4.702695e+09
2.962510e-02 8.569770e+08 8.874821e+08 4.567312e+09
2.968797e-02 8.399096e+08 8.212132e+08 4.437314e+09
2.975078e-02 8.219282e+08 7.553636e+08 4.303252e+09
2.981360e-02 8.047078e+08 6.915359e+08 4.173683e+09
2.987647e-02 7.882453e+08 6.258517e+08 4.046572e+09
2.993929e-02 7.708806e+08 5.641790e+08 3.916986e+09
3.000206e-02 7.549876e+08 5.034157e+08 3.794622e+09
3.006486e-02 7.381064e+08 4.432485e+08 3.668335e+09
3.012770e-02 7.227946e+08 3.829913e+08 3.548420e+09
3.019053e-02 7.069898e+08 3.255523e+08 3.428063e+09
3.025337e-02 6.915156e+08 2.703635e+08 3.311073e+09
3.031624e-02 6.768029e+08 2.141466e+08 3.195548e+09
3.037909e-02 6.619911e+08 1.598533e+08 3.082774e+09
3.044195e-02 6.476584e+08 1.071990e+08 2.971276e+09
3.050476e-02 6.334486e+08 5.820614e+07 2.863901e+09
3.056755e-02 6.194993e+08 9.541860e+06 2.756872e+09
3.063041e-02 6.063274e+08 -3.998730e+07 2.654335e+09
3.069324e-02 5.931392e+08 -8.578276e+07 2.553956e+09
3.075611e-02 5.802468e+08 -1.291595e+08 2.455813e+09
3.081894e-02 5.677144e+08 -1.715711e+08 2.360532e+09
3.088175e-02 5.554689e+08 -2.124684e+08 2.268538e+09
3.094459e-02 5.435992e+08 -2.519160e+08 2.179318e+09
3.100744e-02 5.322758e+08 -2.887898e+08 2.093719e+09
3.107028e-02 5.211311e+08 -3.240996e+08 2.010824e+09
3.113309e-02 5.105663e+08 -3.584373e+08 1.930960e+09
3.119591e-02 4.998829e+08 -3.895124e+08 1.854490e+09
3.125874e-02 4.898851e+08 -4.190083e+08 1.781342e+09
3.132159e-02 4.802787e+08 -4.469178e+08 1.712043e+09
3.138439e-02 4.709442e+08 -4.724594e+08 1.645982e+09
3.144724e-02 4.620067e+08 -4.961433e+08 1.584404e+09
3.151004e-02 4.535641e+08 -5.178488e+08 1.526015e+09
3.157284e-02 4.450385e+08 -5.365121e+08 1.470121e+09
3.163569e-02 4.368554e+08 -5.529283e+08 1.418324e+09
3.169852e-02 4.300365e+08 -5.693906e+08 1.373456e+09
3.176138e-02 4.226588e+08 -5.818697e+08 1.330460e+09
3.182421e-02 4.164832e+08 -5.937378e+08 1.292731e+09
3.188703e-02 4.098300e+08 -6.009645e+08 1.259118e+09
3.194991e-02 4.038042e+08 -6.073194e+08 1.229485e+09
3.201275e-02 3.982939e+08 -6.115004e+08 1.206433e+09
3.207551e-02 3.931075e+08 -6.132619e+08 1.187317e+09
3.213835e-02 3.880396e+08 -6.119144e+08 1.172954e+09
