# k, q0, q1/i, q2, q3/i, q4, norm, alpha = 0.0002880149094117968, 0.019180352441928786
5.385587e-05 3.368259e+07 9.311308e+05 -6.090429e+03 1.160204e+05 -2.217512e+07
1.034961e-04 3.361513e+07 1.785904e+06 1.189423e+03 -5.897235e+03 2.202452e+06
1.650345e-04 3.346629e+07 2.834935e+06 1.199869e+04 -3.765589e+04 2.625734e+06
2.219461e-04 3.327257e+07 3.788241e+06 6.982500e+03 2.842055e+04 -9.976508e+05
2.831569e-04 3.299961e+07 4.791342e+06 2.058751e+04 1.269433e+04 5.289183e+05
3.481074e-04 3.264204e+07 5.823002e+06 3.559854e+04 2.599410e+04 7.279651e+05
4.078467e-04 3.226952e+07 6.665394e+06 -1.485009e+05 1.164025e+05 -5.895702e+05
4.685721e-04 3.179251e+07 7.662520e+06 1.729131e+05 1.176672e+05 1.027454e+05
5.344152e-04 3.124604e+07 8.542935e+06 1.141951e+05 1.849045e+05 1.977285e+05
5.979215e-04 3.066437e+07 9.336356e+06 8.562741e+04 2.680254e+05 -9.257195e+04
6.594309e-04 3.004070e+07 1.008084e+07 1.385312e+05 3.685142e+05 -3.218180e+05
7.211547e-04 2.937091e+07 1.076576e+07 2.010077e+05 4.528529e+05 2.396734e+05
7.842715e-04 2.865106e+07 1.137412e+07 2.230173e+05 5.824573e+05 -1.064837e+05
8.480725e-04 2.787289e+07 1.194363e+07 3.000927e+05 7.450412e+05 -2.192464e+05
9.105595e-04 2.706636e+07 1.244625e+07 4.117799e+05 9.004719e+05 -2.828471e+05
9.726731e-04 2.625616e+07 1.283622e+07 4.755018e+05 1.077140e+06 -3.010568e+05
1.035373e-03 2.539864e+07 1.318532e+07 5.947020e+05 1.283732e+06 -1.838450e+05
1.098784e-03 2.452253e+07 1.343569e+07 6.892038e+05 1.498163e+06 -5.660332e+05
1.161586e-03 2.363219e+07 1.363170e+07 8.266757e+05 1.739321e+06 -4.755561e+05
1.224174e-03 2.273255e+07 1.374718e+07 9.657371e+05 2.009925e+06 -7.305379e+05
1.288412e-03 2.179762e+07 1.380988e+07 1.148550e+06 2.270548e+06 -6.605245e+05
1.351080e-03 2.089517e+07 1.377077e+07 1.295269e+06 2.599062e+06 -1.105602e+06
1.412291e-03 1.999572e+07 1.371087e+07 1.507330e+06 2.880945e+06 -1.047306e+06
1.475368e-03 1.909503e+07 1.356033e+07 1.708983e+06 3.184152e+06 -1.172571e+06
1.538515e-03 1.818172e+07 1.337516e+07 1.950745e+06 3.485167e+06 -1.280826e+06
1.601338e-03 1.732073e+07 1.308262e+07 2.132528e+06 3.918034e+06 -1.806731e+06
1.665074e-03 1.642757e+07 1.278820e+07 2.404614e+06 4.264968e+06 -1.880584e+06
1.728027e-03 1.556802e+07 1.246578e+07 2.688144e+06 4.556596e+06 -1.868463e+06
1.789887e-03 1.475497e+07 1.206103e+07 2.930369e+06 4.996558e+06 -2.303067e+06
1.852570e-03 1.395309e+07 1.165429e+07 3.225722e+06 5.273871e+06 -2.382277e+06
1.915088e-03 1.319150e+07 1.118588e+07 3.478348e+06 5.729047e+06 -2.770124e+06
1.978019e-03 1.241897e+07 1.073332e+07 3.801290e+06 6.011996e+06 -2.832425e+06
2.041684e-03 1.169972e+07 1.021203e+07 4.071074e+06 6.459712e+06 -3.229897e+06
2.104726e-03 1.101035e+07 9.707355e+06 4.375512e+06 6.770806e+06 -3.377995e+06
2.167060e-03 1.034928e+07 9.190372e+06 4.667302e+06 7.116712e+06 -3.642083e+06
2.229921e-03 9.725734e+06 8.664671e+06 4.956408e+06 7.461204e+06 -3.854520e+06
2.292794e-03 9.126040e+06 8.136385e+06 5.246924e+06 7.762366e+06 -4.084581e+06
2.355230e-03 8.572416e+06 7.612286e+06 5.511418e+06 8.112269e+06 -4.341948e+06
2.418331e-03 8.041690e+06 7.089742e+06 5.782615e+06 8.403322e+06 -4.574138e+06
2.481215e-03 7.536090e+06 6.580206e+06 6.051016e+06 8.647363e+06 -4.746316e+06
2.543891e-03 7.076872e+06 6.089621e+06 6.282472e+06 8.947252e+06 -4.966808e+06
2.607003e-03 6.625746e+06 5.603007e+06 6.528447e+06 9.141680e+06 -5.110470e+06
2.669740e-03 6.212512e+06 5.144963e+06 6.743765e+06 9.356132e+06 -5.245116e+06
2.732628e-03 5.849883e+06 4.698579e+06 6.929218e+06 9.570181e+06 -5.470477e+06
2.796013e-03 5.482924e+06 4.273250e+06 7.120620e+06 9.715773e+06 -5.554890e+06
2.858795e-03 5.148780e+06 3.883932e+06 7.268276e+06 9.865100e+06 -5.650185e+06
2.920959e-03 4.863143e+06 3.504270e+06 7.412174e+06 9.965190e+06 -5.766250e+06
2.983535e-03 4.571264e+06 3.160871e+06 7.529459e+06 1.004839e+07 -5.801180e+06
3.046449e-03 4.312620e+06 2.824866e+06 7.634344e+06 1.009382e+07 -5.835890e+06
3.109435e-03 4.061317e+06 2.530939e+06 7.704645e+06 1.011822e+07 -5.813196e+06
3.172429e-03 3.859369e+06 2.261964e+06 7.731568e+06 1.016276e+07 -5.915544e+06
3.235378e-03 3.650115e+06 1.999132e+06 7.784832e+06 1.012132e+07 -5.834750e+06
3.298350e-03 3.451735e+06 1.774539e+06 7.779722e+06 1.007021e+07 -5.779695e+06
3.361502e-03 3.276174e+06 1.553042e+06 7.787095e+06 9.983023e+06 -5.664136e+06
3.424034e-03 3.113664e+06 1.375270e+06 7.742484e+06 9.892786e+06 -5.584919e+06
3.486610e-03 2.968984e+06 1.214119e+06 7.682985e+06 9.783854e+06 -5.490700e+06
3.549533e-03 2.824900e+06 1.054136e+06 7.626942e+06 9.628992e+06 -5.308446e+06
3.612035e-03 2.697800e+06 9.485736e+05 7.498550e+06 9.490538e+06 -5.237458e+06
3.674842e-03 2.572639e+06 8.083458e+05 7.435862e+06 9.286181e+06 -4.961890e+06
3.737743e-03 2.460524e+06 7.204985e+05 7.293122e+06 9.101073e+06 -4.817152e+06
3.800817e-03 2.347050e+06 6.187927e+05 7.180402e+06 8.868975e+06 -4.556652e+06
3.863693e-03 2.252913e+06 5.590530e+05 7.008854e+06 8.666217e+06 -4.395556e+06
3.926624e-03 2.150242e+06 4.862390e+05 6.860271e+06 8.409059e+06 -4.132036e+06
3.989691e-03 2.063689e+06 4.315342e+05 6.694776e+06 8.170218e+06 -3.896878e+06
4.052279e-03 1.973650e+06 3.807644e+05 6.519048e+06 7.901758e+06 -3.639868e+06
4.115276e-03 1.894254e+06 3.342672e+05 6.348689e+06 7.643848e+06 -3.372121e+06
4.178091e-03 1.813821e+06 3.029999e+05 6.154276e+06 7.373056e+06 -3.125907e+06
4.240529e-03 1.735274e+06 2.661504e+05 5.971193e+06 7.085300e+06 -2.847391e+06
4.303566e-03 1.666834e+06 2.388289e+05 5.777910e+06 6.821814e+06 -2.590686e+06
4.366473e-03 1.590964e+06 2.124260e+05 5.582354e+06 6.525718e+06 -2.322371e+06
4.429136e-03 1.530989e+06 1.895508e+05 5.401212e+06 6.276104e+06 -2.068132e+06
4.491804e-03 1.463508e+06 1.573302e+05 5.223240e+06 5.971458e+06 -1.770486e+06
4.554524e-03 1.402492e+06 1.460259e+05 5.019394e+06 5.718328e+06 -1.555901e+06
4.617696e-03 1.342018e+06 1.238364e+05 4.837269e+06 5.446076e+06 -1.302401e+06
4.680743e-03 1.283439e+06 1.016962e+05 4.657512e+06 5.169624e+06 -1.050712e+06
4.743600e-03 1.231197e+06 8.299120e+04 4.483338e+06 4.921336e+06 -8.225839e+05
4.806460e-03 1.174890e+06 6.458795e+04 4.305210e+06 4.664554e+06 -6.092916e+05
4.869182e-03 1.128295e+06 4.843595e+04 4.140834e+06 4.439972e+06 -4.111244e+05
4.931803e-03 1.080418e+06 2.391270e+04 3.992122e+06 4.186702e+06 -1.822846e+05
4.994544e-03 1.034011e+06 8.147656e+03 3.833556e+06 3.968832e+06 -1.060240e+04
5.057296e-03 9.899581e+05 -9.825250e+03 3.682202e+06 3.749652e+06 1.635836e+05
5.120127e-03 9.477858e+05 -2.650040e+04 3.537551e+06 3.549028e+06 3.139957e+05
5.183244e-03 9.101533e+05 -4.486732e+04 3.406149e+06 3.343424e+06 4.798952e+05
5.246213e-03 8.718973e+05 -6.131563e+04 3.274700e+06 3.154159e+06 6.144129e+05
5.308940e-03 8.382748e+05 -7.658959e+04 3.153816e+06 2.975696e+06 7.441456e+05
5.371705e-03 8.027651e+05 -9.063409e+04 3.028988e+06 2.807762e+06 8.438332e+05
5.434764e-03 7.702511e+05 -1.061562e+05 2.915114e+06 2.637679e+06 9.555124e+05
5.497589e-03 7.428536e+05 -1.155197e+05 2.810619e+06 2.496529e+06 1.035884e+06
5.560094e-03 7.114793e+05 -1.289918e+05 2.700713e+06 2.343798e+06 1.115020e+06
5.623090e-03 6.864256e+05 -1.379460e+05 2.606227e+06 2.214155e+06 1.181500e+06
5.686167e-03 6.608347e+05 -1.458837e+05 2.509956e+06 2.082507e+06 1.242211e+06
5.748863e-03 6.363544e+05 -1.547663e+05 2.419884e+06 1.957978e+06 1.295819e+06
5.811791e-03 6.116136e+05 -1.580712e+05 2.324725e+06 1.852597e+06 1.312434e+06
5.874636e-03 5.909631e+05 -1.646673e+05 2.246348e+06 1.735431e+06 1.366184e+06
5.937271e-03 5.699554e+05 -1.649923e+05 2.162460e+06 1.646442e+06 1.371440e+06
6.000058e-03 5.492934e+05 -1.678428e+05 2.083421e+06 1.546291e+06 1.392366e+06
6.062729e-03 5.302389e+05 -1.684822e+05 2.008236e+06 1.458584e+06 1.401339e+06
6.125517e-03 5.118748e+05 -1.661478e+05 1.933914e+06 1.375417e+06 1.404814e+06
6.188708e-03 4.937347e+05 -1.673679e+05 1.863171e+06 1.289388e+06 1.413256e+06
6.251555e-03 4.753107e+05 -1.613864e+05 1.787381e+06 1.223489e+06 1.387398e+06
6.314077e-03 4.593089e+05 -1.600735e+05 1.723975e+06 1.145597e+06 1.393629e+06
6.377058e-03 4.427444e+05 -1.552098e+05 1.657362e+06 1.080826e+06 1.377179e+06
6.440009e-03 4.264458e+05 -1.502196e+05 1.591304e+06 1.018267e+06 1.357620e+06
6.502812e-03 4.105169e+05 -1.458873e+05 1.527316e+06 9.545234e+05 1.342680e+06
6.565726e-03 3.953190e+05 -1.400202e+05 1.467290e+06 9.000549e+05 1.319841e+06
6.628521e-03 3.803361e+05 -1.349169e+05 1.406631e+06 8.433807e+05 1.300616e+06
6.691272e-03 3.650833e+05 -1.287210e+05 1.346439e+06 7.927329e+05 1.271889e+06
6.754176e-03 3.507578e+05 -1.232088e+05 1.289038e+06 7.421095e+05 1.249110e+06
6.816888e-03 3.365894e+05 -1.180784e+05 1.234868e+06 6.941679e+05 1.226257e+06
6.879625e-03 3.230907e+05 -1.132994e+05 1.182774e+06 6.505291e+05 1.201126e+06
6.942449e-03 3.091982e+05 -1.080796e+05 1.128146e+06 6.058318e+05 1.173776e+06
7.005248e-03 2.953213e+05 -1.026250e+05 1.074937e+06 5.670822e+05 1.141765e+06
7.068136e-03 2.828180e+05 -9.935489e+04 1.028845e+06 5.262262e+05 1.120471e+06
7.131053e-03 2.701677e+05 -9.549566e+04 9.810630e+05 4.891513e+05 1.094177e+06
7.194010e-03 2.575264e+05 -9.184941e+04 9.339962e+05 4.543745e+05 1.064746e+06
7.256902e-03 2.454736e+05 -8.842114e+04 8.886995e+05 4.199852e+05 1.037708e+06
7.319748e-03 2.342094e+05 -8.667903e+04 8.490480e+05 3.894585e+05 1.013098e+06
7.382611e-03 2.227533e+05 -8.415639e+04 8.061465e+05 3.581423e+05 9.859256e+05
7.445306e-03 2.120564e+05 -8.218675e+04 7.678842e+05 3.318172e+05 9.588499e+05
7.507906e-03 2.009421e+05 -8.028867e+04 7.277266e+05 3.032031e+05 9.293050e+05
7.570818e-03 1.919035e+05 -8.001332e+04 6.962276e+05 2.804920e+05 9.072215e+05
7.633721e-03 1.816172e+05 -7.869752e+04 6.592806e+05 2.559878e+05 8.789435e+05
7.696586e-03 1.728928e+05 -7.799949e+04 6.272221e+05 2.344777e+05 8.534989e+05
7.759492e-03 1.636592e+05 -7.759362e+04 5.952348e+05 2.133097e+05 8.261921e+05
7.822382e-03 1.553405e+05 -7.719446e+04 5.653444e+05 1.945956e+05 8.000466e+05
7.885469e-03 1.476155e+05 -7.710291e+04 5.380094e+05 1.776579e+05 7.744380e+05
7.948044e-03 1.400568e+05 -7.691502e+04 5.108453e+05 1.614188e+05 7.487667e+05
8.010528e-03 1.332927e+05 -7.709586e+04 4.869753e+05 1.471892e+05 7.232226e+05
8.073516e-03 1.261717e+05 -7.665116e+04 4.609653e+05 1.328002e+05 6.969534e+05
8.136423e-03 1.200070e+05 -7.636983e+04 4.382923e+05 1.212566e+05 6.708568e+05
8.199228e-03 1.138777e+05 -7.613305e+04 4.154554e+05 1.087409e+05 6.456303e+05
8.262023e-03 1.085598e+05 -7.602189e+04 3.960766e+05 9.881660e+04 6.211825e+05
8.324981e-03 1.029643e+05 -7.542427e+04 3.745251e+05 8.861197e+04 5.952449e+05
8.388025e-03 9.800927e+04 -7.457267e+04 3.559151e+05 8.076034e+04 5.701538e+05
8.450798e-03 9.354480e+04 -7.393766e+04 3.381304e+05 7.336058e+04 5.460370e+05
8.513424e-03 8.905658e+04 -7.315623e+04 3.208070e+05 6.535571e+04 5.224112e+05
8.576219e-03 8.483049e+04 -7.191069e+04 3.035234e+05 5.921724e+04 4.976916e+05
8.639099e-03 8.091121e+04 -7.051937e+04 2.874340e+05 5.342141e+04 4.744321e+05
8.701941e-03 7.730695e+04 -6.934235e+04 2.727501e+05 4.783396e+04 4.518693e+05
8.764716e-03 7.394041e+04 -6.789538e+04 2.583082e+05 4.302056e+04 4.301262e+05
8.827545e-03 7.039996e+04 -6.602579e+04 2.433532e+05 3.830477e+04 4.071121e+05
8.890404e-03 6.739039e+04 -6.416839e+04 2.298529e+05 3.449501e+04 3.861345e+05
8.953189e-03 6.446738e+04 -6.246034e+04 2.171372e+05 3.017673e+04 3.661501e+05
9.016039e-03 6.161550e+04 -6.028442e+04 2.044442e+05 2.717707e+04 3.456976e+05
9.078883e-03 5.891322e+04 -5.823425e+04 1.919257e+05 2.343429e+04 3.263962e+05
9.141797e-03 5.632540e+04 -5.600461e+04 1.802590e+05 2.059150e+04 3.075859e+05
9.204714e-03 5.400845e+04 -5.395196e+04 1.695268e+05 1.754354e+04 2.905069e+05
9.267500e-03 5.152301e+04 -5.160270e+04 1.583035e+05 1.481192e+04 2.725773e+05
9.330389e-03 4.931307e+04 -4.932097e+04 1.477464e+05 1.217968e+04 2.563697e+05
9.393353e-03 4.719150e+04 -4.718954e+04 1.381168e+05 9.761427e+03 2.408693e+05
9.456033e-03 4.506361e+04 -4.489120e+04 1.281313e+05 7.168868e+03 2.258627e+05
9.518699e-03 4.311642e+04 -4.262730e+04 1.195413e+05 5.589488e+03 2.116399e+05
9.581480e-03 4.111034e+04 -4.042887e+04 1.101679e+05 3.179847e+03 1.976690e+05
9.644431e-03 3.935072e+04 -3.833636e+04 1.020870e+05 1.145006e+03 1.854949e+05
9.707436e-03 3.755852e+04 -3.624143e+04 9.400923e+04 -7.835491e+02 1.734003e+05
9.770160e-03 3.578480e+04 -3.414719e+04 8.627952e+04 -2.395790e+03 1.615248e+05
9.832865e-03 3.419631e+04 -3.225275e+04 7.943279e+04 -3.975934e+03 1.513307e+05
9.895597e-03 3.260912e+04 -3.030299e+04 7.209875e+04 -5.759040e+03 1.408430e+05
9.958595e-03 3.105471e+04 -2.849037e+04 6.603850e+04 -6.873045e+03 1.313775e+05
1.002149e-02 2.955002e+04 -2.665472e+04 5.960329e+04 -8.114216e+03 1.219195e+05
1.008410e-02 2.817573e+04 -2.504440e+04 5.405929e+04 -9.365805e+03 1.138331e+05
1.014702e-02 2.686762e+04 -2.336621e+04 4.861326e+04 -1.028832e+04 1.060427e+05
1.020999e-02 2.554177e+04 -2.183945e+04 4.342375e+04 -1.122609e+04 9.827317e+04
1.027280e-02 2.428808e+04 -2.032939e+04 3.877923e+04 -1.182541e+04 9.130277e+04
1.033567e-02 2.309614e+04 -1.893393e+04 3.432280e+04 -1.246525e+04 8.459175e+04
1.039854e-02 2.199782e+04 -1.761630e+04 3.035728e+04 -1.295642e+04 7.868030e+04
1.046130e-02 2.093690e+04 -1.632192e+04 2.646324e+04 -1.328573e+04 7.285996e+04
1.052408e-02 1.989064e+04 -1.511207e+04 2.295694e+04 -1.347860e+04 6.729227e+04
1.058689e-02 1.891028e+04 -1.393516e+04 1.984754e+04 -1.341269e+04 6.224115e+04
1.064973e-02 1.802081e+04 -1.289175e+04 1.677480e+04 -1.361177e+04 5.756659e+04
1.071266e-02 1.714121e+04 -1.176129e+04 1.397500e+04 -1.330430e+04 5.299936e+04
1.077552e-02 1.631042e+04 -1.084951e+04 1.162137e+04 -1.309882e+04 4.889617e+04
1.083829e-02 1.553753e+04 -9.881869e+03 9.341461e+03 -1.270663e+04 4.491786e+04
1.090115e-02 1.479537e+04 -8.970612e+03 7.271812e+03 -1.222794e+04 4.125714e+04
1.096400e-02 1.413467e+04 -8.131120e+03 5.386393e+03 -1.175316e+04 3.785759e+04
1.102688e-02 1.346640e+04 -7.311173e+03 3.771506e+03 -1.104778e+04 3.457214e+04
1.108967e-02 1.285253e+04 -6.546003e+03 2.278067e+03 -1.041365e+04 3.159241e+04
1.115232e-02 1.228228e+04 -5.801291e+03 9.455546e+02 -9.600079e+03 2.871688e+04
1.121507e-02 1.177359e+04 -5.144284e+03 -1.604768e+02 -8.828973e+03 2.633852e+04
1.127797e-02 1.128010e+04 -4.477039e+03 -1.212120e+03 -8.010628e+03 2.383795e+04
1.134099e-02 1.081157e+04 -3.848605e+03 -2.080454e+03 -7.067701e+03 2.162721e+04
1.140372e-02 1.038225e+04 -3.261877e+03 -2.843582e+03 -6.162167e+03 1.952256e+04
1.146650e-02 9.999931e+03 -2.705692e+03 -3.465164e+03 -5.196509e+03 1.768993e+04
1.152952e-02 9.643881e+03 -2.185244e+03 -3.999264e+03 -4.277766e+03 1.600375e+04
1.159236e-02 9.296232e+03 -1.675303e+03 -4.425454e+03 -3.271099e+03 1.436639e+04
1.165521e-02 9.002862e+03 -1.224898e+03 -4.698786e+03 -2.282953e+03 1.302364e+04
1.171802e-02 8.727567e+03 -7.665810e+02 -4.997741e+03 -1.333648e+03 1.168481e+04
1.178091e-02 8.477771e+03 -3.673316e+02 -5.090272e+03 -3.526654e+02 1.065340e+04
1.184377e-02 8.259999e+03 2.225233e+01 -5.175127e+03 5.798052e+02 9.661405e+03
1.190645e-02 8.044608e+03 3.928273e+02 -5.142533e+03 1.584182e+03 8.758979e+03
1.196918e-02 7.870116e+03 7.336402e+02 -5.086289e+03 2.499389e+03 8.004976e+03
1.203205e-02 7.711012e+03 1.047906e+03 -4.950690e+03 3.370455e+03 7.437441e+03
1.209494e-02 7.581854e+03 1.361401e+03 -4.750567e+03 4.303884e+03 6.934056e+03
1.215771e-02 7.461381e+03 1.638007e+03 -4.518946e+03 5.148906e+03 6.523020e+03
1.222054e-02 7.347875e+03 1.891220e+03 -4.204642e+03 5.960780e+03 6.249395e+03
1.228344e-02 7.281385e+03 2.147003e+03 -3.862034e+03 6.779414e+03 6.104917e+03
1.234640e-02 7.202165e+03 2.373411e+03 -3.459465e+03 7.557096e+03 5.993802e+03
1.240915e-02 7.160833e+03 2.591323e+03 -3.058731e+03 8.299090e+03 6.008749e+03
1.247184e-02 7.098921e+03 2.777091e+03 -2.579375e+03 8.993932e+03 6.071427e+03
1.253470e-02 7.084916e+03 2.972057e+03 -2.110716e+03 9.662327e+03 6.270127e+03
1.259754e-02 7.073104e+03 3.150224e+03 -1.567068e+03 1.032479e+04 6.548822e+03
1.266036e-02 7.053332e+03 3.304247e+03 -1.021903e+03 1.092530e+04 6.811484e+03
1.272320e-02 7.043333e+03 3.451903e+03 -4.575957e+02 1.149676e+04 7.153144e+03
1.278608e-02 7.069685e+03 3.590798e+03 1.110271e+02 1.201211e+04 7.661802e+03
1.284892e-02 7.081188e+03 3.730915e+03 6.987766e+02 1.254322e+04 8.118528e+03
1.291183e-02 7.105286e+03 3.840217e+03 1.328651e+03 1.297865e+04 8.716988e+03
1.297477e-02 7.121978e+03 3.946771e+03 1.945353e+03 1.342367e+04 9.248582e+03
1.303751e-02 7.153851e+03 4.054357e+03 2.591203e+03 1.383094e+04 9.929354e+03
1.310022e-02 7.203115e+03 4.148974e+03 3.205443e+03 1.420337e+04 1.060004e+04
1.316309e-02 7.213935e+03 4.222539e+03 3.863285e+03 1.450586e+04 1.128599e+04
1.322594e-02 7.270750e+03 4.295347e+03 4.505569e+03 1.481856e+04 1.207384e+04
1.328870e-02 7.307439e+03 4.371454e+03 5.128174e+03 1.508740e+04 1.284692e+04
1.335152e-02 7.341611e+03 4.432099e+03 5.751060e+03 1.532838e+04 1.359599e+04
1.341448e-02 7.391985e+03 4.475229e+03 6.424347e+03 1.552453e+04 1.448648e+04
1.347734e-02 7.412444e+03 4.516823e+03 7.042234e+03 1.570366e+04 1.527434e+04
1.354004e-02 7.454782e+03 4.546107e+03 7.633180e+03 1.584433e+04 1.609990e+04
1.360289e-02 7.492520e+03 4.574542e+03 8.273039e+03 1.598264e+04 1.699061e+04
1.366571e-02 7.533895e+03 4.592560e+03 8.874827e+03 1.606863e+04 1.787371e+04
1.372857e-02 7.559090e+03 4.599035e+03 9.479390e+03 1.615231e+04 1.874212e+04
1.379141e-02 7.578925e+03 4.594643e+03 1.001514e+04 1.615496e+04 1.959073e+04
1.385412e-02 7.615864e+03 4.590661e+03 1.064029e+04 1.621479e+04 2.051294e+04
1.391702e-02 7.633541e+03 4.570115e+03 1.117834e+04 1.619806e+04 2.137733e+04
1.397990e-02 7.658635e+03 4.542656e+03 1.169588e+04 1.615989e+04 2.223156e+04
1.404272e-02 7.666266e+03 4.510040e+03 1.222970e+04 1.612669e+04 2.309005e+04
1.410560e-02 7.685575e+03 4.461859e+03 1.275893e+04 1.606113e+04 2.397217e+04
1.416843e-02 7.695228e+03 4.415211e+03 1.325591e+04 1.598026e+04 2.479795e+04
1.423121e-02 7.697876e+03 4.358725e+03 1.371477e+04 1.587607e+04 2.561693e+04
1.429401e-02 7.700661e+03 4.288121e+03 1.420806e+04 1.576706e+04 2.642457e+04
1.435689e-02 7.703360e+03 4.201966e+03 1.464525e+04 1.560093e+04 2.725850e+04
1.441980e-02 7.704231e+03 4.136069e+03 1.508218e+04 1.549590e+04 2.800305e+04
1.448261e-02 7.686741e+03 4.040261e+03 1.545045e+04 1.529891e+04 2.870920e+04
1.454538e-02 7.681640e+03 3.940542e+03 1.588440e+04 1.514048e+04 2.948722e+04
1.460822e-02 7.678327e+03 3.848587e+03 1.628273e+04 1.497474e+04 3.020874e+04
1.467115e-02 7.652735e+03 3.733981e+03 1.661973e+04 1.475310e+04 3.085405e+04
1.473401e-02 7.636082e+03 3.624834e+03 1.694276e+04 1.455546e+04 3.146391e+04
1.479676e-02 7.615095e+03 3.500837e+03 1.726771e+04 1.431644e+04 3.211643e+04
1.485961e-02 7.603984e+03 3.385465e+03 1.762568e+04 1.413064e+04 3.274595e+04
1.492239e-02 7.565171e+03 3.258402e+03 1.785569e+04 1.386996e+04 3.323942e+04
1.498506e-02 7.541420e+03 3.123613e+03 1.815236e+04 1.363465e+04 3.379759e+04
1.504789e-02 7.518951e+03 3.014065e+03 1.841304e+04 1.343914e+04 3.426477e+04
1.511078e-02 7.481725e+03 2.867965e+03 1.864954e+04 1.315045e+04 3.476559e+04
1.517364e-02 7.445556e+03 2.733266e+03 1.881454e+04 1.288364e+04 3.512857e+04
1.523654e-02 7.411725e+03 2.602816e+03 1.903531e+04 1.264282e+04 3.553423e+04
1.529942e-02 7.378662e+03 2.468597e+03 1.921736e+04 1.237198e+04 3.592769e+04
1.536235e-02 7.338627e+03 2.333981e+03 1.937896e+04 1.212101e+04 3.623177e+04
1.542517e-02 7.292767e+03 2.193914e+03 1.950500e+04 1.181604e+04 3.652559e+04
1.548789e-02 7.251850e+03 2.071755e+03 1.960987e+04 1.157408e+04 3.674088e+04
1.555076e-02 7.206808e+03 1.939300e+03 1.972216e+04 1.128975e+04 3.698021e+04
1.561359e-02 7.157892e+03 1.810560e+03 1.978795e+04 1.099806e+04 3.715739e+04
1.567632e-02 7.107857e+03 1.680504e+03 1.986556e+04 1.073456e+04 3.730324e+04
1.573917e-02 7.056181e+03 1.559996e+03 1.989455e+04 1.043494e+04 3.742605e+04
1.580208e-02 7.003249e+03 1.440231e+03 1.992854e+04 1.017609e+04 3.749995e+04
1.586491e-02 6.947810e+03 1.318745e+03 1.991462e+04 9.860712e+03 3.755548e+04
1.592764e-02 6.893918e+03 1.203681e+03 1.990203e+04 9.578136e+03 3.759311e+04
1.599049e-02 6.829883e+03 1.098349e+03 1.987287e+04 9.314251e+03 3.755828e+04
1.605344e-02 6.767455e+03 9.802856e+02 1.979863e+04 8.981887e+03 3.752293e+04
1.611624e-02 6.701563e+03 8.776491e+02 1.973486e+04 8.714331e+03 3.744820e+04
1.617906e-02 6.635605e+03 7.751533e+02 1.964595e+04 8.405682e+03 3.735706e+04
1.624189e-02 6.565635e+03 6.746056e+02 1.954378e+04 8.131316e+03 3.722628e+04
1.630468e-02 6.490984e+03 5.768682e+02 1.940663e+04 7.824393e+03 3.706320e+04
1.636757e-02 6.420814e+03 4.791725e+02 1.926825e+04 7.513880e+03 3.691431e+04
1.643038e-02 6.345264e+03 3.970223e+02 1.911399e+04 7.258146e+03 3.668775e+04
1.649314e-02 6.269815e+03 3.011917e+02 1.895765e+04 6.930300e+03 3.650947e+04
1.655599e-02 6.181272e+03 2.115116e+02 1.875665e+04 6.646201e+03 3.622162e+04
1.661885e-02 6.099243e+03 1.312687e+02 1.853925e+04 6.344545e+03 3.594120e+04
1.668174e-02 6.021558e+03 4.196141e+01 1.836277e+04 6.053951e+03 3.570715e+04
1.674456e-02 5.932060e+03 -3.073917e+01 1.811260e+04 5.769296e+03 3.536124e+04
1.680728e-02 5.844878e+03 -1.166691e+02 1.787955e+04 5.462583e+03 3.505744e+04
1.687017e-02 5.754678e+03 -1.906662e+02 1.763025e+04 5.189871e+03 3.469732e+04
1.693315e-02 5.666669e+03 -2.674410e+02 1.739036e+04 4.905853e+03 3.435868e+04
1.699589e-02 5.573749e+03 -3.416673e+02 1.711885e+04 4.617439e+03 3.398532e+04
1.705867e-02 5.478142e+03 -4.149187e+02 1.683717e+04 4.339284e+03 3.357479e+04
1.712163e-02 5.387184e+03 -4.852436e+02 1.654896e+04 4.055273e+03 3.317630e+04
1.718447e-02 5.292107e+03 -5.564891e+02 1.627833e+04 3.796979e+03 3.276770e+04
1.724726e-02 5.197569e+03 -6.251003e+02 1.597932e+04 3.526468e+03 3.233762e+04
1.731003e-02 5.100240e+03 -6.865538e+02 1.567018e+04 3.271704e+03 3.187653e+04
1.737292e-02 5.006197e+03 -7.539437e+02 1.538333e+04 3.020145e+03 3.143541e+04
1.743574e-02 4.909892e+03 -8.159410e+02 1.505474e+04 2.762516e+03 3.095336e+04
1.749847e-02 4.816402e+03 -8.728007e+02 1.476547e+04 2.537805e+03 3.049546e+04
1.756133e-02 4.715953e+03 -9.334054e+02 1.443032e+04 2.285886e+03 2.998035e+04
1.762415e-02 4.623689e+03 -9.892035e+02 1.413284e+04 2.076043e+03 2.949712e+04
1.768698e-02 4.529390e+03 -1.042336e+03 1.380690e+04 1.843518e+03 2.899455e+04
1.774982e-02 4.432757e+03 -1.088071e+03 1.348229e+04 1.643839e+03 2.846409e+04
1.781268e-02 4.340187e+03 -1.139969e+03 1.316683e+04 1.436239e+03 2.794565e+04
1.787557e-02 4.247880e+03 -1.182270e+03 1.283858e+04 1.240465e+03 2.741339e+04
1.793843e-02 4.151594e+03 -1.220285e+03 1.250910e+04 1.062750e+03 2.684700e+04
1.800122e-02 4.063857e+03 -1.262494e+03 1.219184e+04 8.769504e+02 2.632697e+04
1.806400e-02 3.969248e+03 -1.295615e+03 1.187294e+04 7.162654e+02 2.576107e+04
1.812677e-02 3.881514e+03 -1.326811e+03 1.154353e+04 5.457613e+02 2.521087e+04
1.818960e-02 3.791931e+03 -1.355514e+03 1.121682e+04 3.929829e+02 2.464479e+04
1.825247e-02 3.700964e+03 -1.376186e+03 1.088233e+04 2.540383e+02 2.405461e+04
1.831530e-02 3.619040e+03 -1.400174e+03 1.058051e+04 1.173477e+02 2.352127e+04
1.837813e-02 3.528038e+03 -1.416921e+03 1.024437e+04 -1.754149e+01 2.292412e+04
1.844103e-02 3.444757e+03 -1.430769e+03 9.916142e+03 -1.366712e+02 2.234635e+04
1.850388e-02 3.356671e+03 -1.441911e+03 9.597554e+03 -2.529385e+02 2.176178e+04
1.856668e-02 3.276568e+03 -1.452293e+03 9.291028e+03 -3.622319e+02 2.120675e+04
1.862952e-02 3.195474e+03 -1.455390e+03 8.963548e+03 -4.602203e+02 2.062858e+04
1.869235e-02 3.109432e+03 -1.455310e+03 8.637282e+03 -5.567983e+02 2.002319e+04
1.875521e-02 3.031086e+03 -1.455849e+03 8.335461e+03 -6.466266e+02 1.947439e+04
1.881803e-02 2.952623e+03 -1.452292e+03 8.024355e+03 -7.296394e+02 1.890693e+04
1.888083e-02 2.872513e+03 -1.446347e+03 7.709332e+03 -8.063511e+02 1.832821e+04
1.894358e-02 2.796983e+03 -1.435959e+03 7.397237e+03 -8.761193e+02 1.776594e+04
1.900645e-02 2.719838e+03 -1.427634e+03 7.098303e+03 -9.511320e+02 1.721002e+04
1.906935e-02 2.646302e+03 -1.415245e+03 6.798097e+03 -1.011255e+03 1.666924e+04
1.913210e-02 2.570898e+03 -1.399037e+03 6.497172e+03 -1.067567e+03 1.610734e+04
1.919494e-02 2.498456e+03 -1.383799e+03 6.198145e+03 -1.126233e+03 1.557151e+04
1.925782e-02 2.428296e+03 -1.364278e+03 5.918708e+03 -1.168537e+03 1.505051e+04
1.932068e-02 2.355637e+03 -1.346768e+03 5.631514e+03 -1.219061e+03 1.451711e+04
1.938348e-02 2.291681e+03 -1.324814e+03 5.348085e+03 -1.257402e+03 1.401973e+04
1.944625e-02 2.218755e+03 -1.303627e+03 5.072928e+03 -1.299728e+03 1.349143e+04
1.950911e-02 2.155873e+03 -1.280597e+03 4.807282e+03 -1.327601e+03 1.301514e+04
1.957198e-02 2.090615e+03 -1.256464e+03 4.544764e+03 -1.358766e+03 1.252558e+04
1.963482e-02 2.027114e+03 -1.230458e+03 4.284577e+03 -1.382628e+03 1.204879e+04
1.969763e-02 1.966413e+03 -1.205847e+03 4.032453e+03 -1.405878e+03 1.158956e+04
1.976054e-02 1.903971e+03 -1.179519e+03 3.790549e+03 -1.425295e+03 1.113034e+04
1.982343e-02 1.847608e+03 -1.150843e+03 3.547449e+03 -1.436403e+03 1.069569e+04
1.988621e-02 1.789389e+03 -1.123408e+03 3.317390e+03 -1.450834e+03 1.026074e+04
1.994903e-02 1.734412e+03 -1.095055e+03 3.095142e+03 -1.453969e+03 9.845545e+03
2.001187e-02 1.678989e+03 -1.064579e+03 2.876890e+03 -1.454895e+03 9.435140e+03
2.007464e-02 1.628002e+03 -1.035584e+03 2.667617e+03 -1.457013e+03 9.041107e+03
2.013740e-02 1.577615e+03 -1.004968e+03 2.466596e+03 -1.449726e+03 8.664553e+03
2.020021e-02 1.527630e+03 -9.739020e+02 2.269054e+03 -1.444111e+03 8.283422e+03
2.026315e-02 1.478775e+03 -9.414286e+02 2.080190e+03 -1.426965e+03 7.919410e+03
2.032605e-02 1.433676e+03 -9.100147e+02 1.898557e+03 -1.414299e+03 7.574657e+03
2.038878e-02 1.389936e+03 -8.777361e+02 1.724768e+03 -1.395264e+03 7.237599e+03
2.045158e-02 1.347558e+03 -8.444734e+02 1.559349e+03 -1.369188e+03 6.917852e+03
2.051448e-02 1.305938e+03 -8.125580e+02 1.400489e+03 -1.347619e+03 6.597055e+03
2.057734e-02 1.265623e+03 -7.766096e+02 1.246916e+03 -1.312626e+03 6.294076e+03
2.064018e-02 1.228067e+03 -7.434797e+02 1.101090e+03 -1.282571e+03 5.999827e+03
2.070304e-02 1.190979e+03 -7.107368e+02 9.668903e+02 -1.247451e+03 5.722657e+03
2.076595e-02 1.155705e+03 -6.750557e+02 8.325160e+02 -1.206429e+03 5.449276e+03
2.082869e-02 1.121949e+03 -6.411191e+02 7.107885e+02 -1.166778e+03 5.191768e+03
2.089140e-02 1.089762e+03 -6.062371e+02 5.913860e+02 -1.121667e+03 4.942414e+03
2.095430e-02 1.059536e+03 -5.728276e+02 4.837960e+02 -1.077629e+03 4.707915e+03
2.101710e-02 1.030160e+03 -5.368517e+02 3.753442e+02 -1.027482e+03 4.480118e+03
2.107990e-02 1.001431e+03 -5.025207e+02 2.792603e+02 -9.762403e+02 4.260472e+03
2.114275e-02 9.748577e+02 -4.693558e+02 1.904087e+02 -9.262137e+02 4.058118e+03
2.120557e-02 9.505896e+02 -4.343554e+02 1.000219e+02 -8.707084e+02 3.862790e+03
2.126842e-02 9.256640e+02 -4.021634e+02 2.708491e+01 -8.181096e+02 3.678727e+03
2.133126e-02 9.040695e+02 -3.667394e+02 -5.195963e+01 -7.587659e+02 3.502766e+03
2.139415e-02 8.820555e+02 -3.350377e+02 -1.163327e+02 -7.027395e+02 3.337967e+03
2.145701e-02 8.619752e+02 -3.021295e+02 -1.782392e+02 -6.446077e+02 3.182155e+03
2.151977e-02 8.442668e+02 -2.692577e+02 -2.370734e+02 -5.848956e+02 3.038929e+03
2.158262e-02 8.253544e+02 -2.386683e+02 -2.835019e+02 -5.255663e+02 2.901159e+03
2.164549e-02 8.104983e+02 -2.065303e+02 -3.322350e+02 -4.644928e+02 2.778075e+03
2.170835e-02 7.935379e+02 -1.771762e+02 -3.672649e+02 -4.052300e+02 2.658189e+03
2.177117e-02 7.810258e+02 -1.469262e+02 -4.054648e+02 -3.455264e+02 2.554057e+03
2.183391e-02 7.674005e+02 -1.176502e+02 -4.342159e+02 -2.849002e+02 2.453987e+03
2.189674e-02 7.553868e+02 -8.989091e+01 -4.561603e+02 -2.248100e+02 2.364697e+03
2.195964e-02 7.454724e+02 -6.058400e+01 -4.790593e+02 -1.630965e+02 2.285302e+03
2.202248e-02 7.352747e+02 -3.469101e+01 -4.914190e+02 -1.049784e+02 2.212000e+03
2.208526e-02 7.276232e+02 -7.919019e+00 -5.042543e+02 -4.628177e+01 2.151095e+03
2.214806e-02 7.198365e+02 1.771455e+01 -5.090038e+02 1.222329e+01 2.095504e+03
2.221095e-02 7.131089e+02 4.298878e+01 -5.116067e+02 7.046442e+01 2.047078e+03
2.227376e-02 7.076277e+02 6.699564e+01 -5.099597e+02 1.262885e+02 2.008997e+03
2.233660e-02 7.033138e+02 8.967314e+01 -5.025888e+02 1.810626e+02 1.978071e+03
2.239951e-02 6.991962e+02 1.144207e+02 -4.935540e+02 2.401238e+02 1.951957e+03
2.246232e-02 6.964160e+02 1.349573e+02 -4.790347e+02 2.908584e+02 1.935972e+03
2.252510e-02 6.939191e+02 1.562611e+02 -4.614428e+02 3.443673e+02 1.924590e+03
2.258787e-02 6.933328e+02 1.764599e+02 -4.428948e+02 3.946096e+02 1.923176e+03
2.265070e-02 6.919268e+02 1.965942e+02 -4.159768e+02 4.465743e+02 1.924125e+03
2.271352e-02 6.926508e+02 2.160307e+02 -3.935034e+02 4.948952e+02 1.933961e+03
2.277642e-02 6.932163e+02 2.332403e+02 -3.597004e+02 5.419151e+02 1.949950e+03
2.283929e-02 6.951364e+02 2.514370e+02 -3.306193e+02 5.881625e+02 1.971934e+03
2.290206e-02 6.963990e+02 2.677227e+02 -2.948105e+02 6.320305e+02 1.995994e+03
2.296496e-02 6.991175e+02 2.840111e+02 -2.569965e+02 6.763864e+02 2.027362e+03
2.302777e-02 7.029055e+02 2.989225e+02 -2.193260e+02 7.160201e+02 2.067523e+03
2.309054e-02 7.060986e+02 3.130192e+02 -1.761338e+02 7.563673e+02 2.106709e+03
2.315342e-02 7.099660e+02 3.273167e+02 -1.334900e+02 7.948709e+02 2.152139e+03
2.321632e-02 7.141399e+02 3.397304e+02 -8.730076e+01 8.307413e+02 2.201823e+03
2.327917e-02 7.194857e+02 3.517000e+02 -4.129283e+01 8.647996e+02 2.257481e+03
2.334191e-02 7.243462e+02 3.631966e+02 7.351640e+00 8.980431e+02 2.314702e+03
2.340472e-02 7.293154e+02 3.734160e+02 5.865910e+01 9.288889e+02 2.374522e+03
2.346760e-02 7.354081e+02 3.835030e+02 1.077416e+02 9.579680e+02 2.439901e+03
2.353050e-02 7.412950e+02 3.921105e+02 1.619869e+02 9.860695e+02 2.507701e+03
2.359332e-02 7.474134e+02 4.000316e+02 2.130581e+02 1.010757e+03 2.576828e+03
2.365605e-02 7.535424e+02 4.078223e+02 2.675072e+02 1.034824e+03 2.648991e+03
2.371890e-02 7.600106e+02 4.140817e+02 3.231414e+02 1.056526e+03 2.724180e+03
2.378176e-02 7.665176e+02 4.197878e+02 3.761579e+02 1.076026e+03 2.800973e+03
2.384456e-02 7.733533e+02 4.252103e+02 4.349824e+02 1.095811e+03 2.879603e+03
2.390740e-02 7.797781e+02 4.292504e+02 4.899037e+02 1.111744e+03 2.958867e+03
2.397018e-02 7.865173e+02 4.330421e+02 5.464445e+02 1.127004e+03 3.040352e+03
2.403299e-02 7.933890e+02 4.355428e+02 6.032689e+02 1.139964e+03 3.122292e+03
2.409587e-02 7.999059e+02 4.371831e+02 6.574861e+02 1.149505e+03 3.204791e+03
2.415877e-02 8.068983e+02 4.394863e+02 7.182344e+02 1.162958e+03 3.289349e+03
2.422167e-02 8.131723e+02 4.398102e+02 7.721050e+02 1.169206e+03 3.372854e+03
2.428445e-02 8.202460e+02 4.396698e+02 8.274604e+02 1.175618e+03 3.457325e+03
2.434721e-02 8.256226e+02 4.387414e+02 8.850801e+02 1.180515e+03 3.539032e+03
2.441004e-02 8.328207e+02 4.379768e+02 9.378715e+02 1.184368e+03 3.624222e+03
2.447292e-02 8.384980e+02 4.358743e+02 9.949081e+02 1.186605e+03 3.706073e+03
2.453573e-02 8.447355e+02 4.329171e+02 1.045962e+03 1.185697e+03 3.789173e+03
2.459853e-02 8.502126e+02 4.300442e+02 1.102098e+03 1.186634e+03 3.869587e+03
2.466143e-02 8.559655e+02 4.263569e+02 1.153438e+03 1.183498e+03 3.951131e+03
2.472428e-02 8.615747e+02 4.224785e+02 1.204430e+03 1.180830e+03 4.030116e+03
2.478701e-02 8.665884e+02 4.169414e+02 1.253911e+03 1.174474e+03 4.107464e+03
2.484983e-02 8.711426e+02 4.116613e+02 1.302618e+03 1.167503e+03 4.182852e+03
2.491274e-02 8.757748e+02 4.063595e+02 1.352809e+03 1.162687e+03 4.256285e+03
2.497552e-02 8.807410e+02 3.996451e+02 1.398385e+03 1.151823e+03 4.332713e+03
2.503835e-02 8.844060e+02 3.928441e+02 1.442544e+03 1.142348e+03 4.399549e+03
2.510120e-02 8.881830e+02 3.856611e+02 1.487316e+03 1.131418e+03 4.468752e+03
2.516403e-02 8.918668e+02 3.776120e+02 1.528590e+03 1.117688e+03 4.536388e+03
2.522691e-02 8.949269e+02 3.704400e+02 1.571098e+03 1.107944e+03 4.598183e+03
2.528974e-02 8.980813e+02 3.611297e+02 1.608010e+03 1.089909e+03 4.661631e+03
2.535254e-02 8.999986e+02 3.525177e+02 1.647634e+03 1.076657e+03 4.718358e+03
2.541543e-02 9.025307e+02 3.433542e+02 1.682627e+03 1.059938e+03 4.775025e+03
2.547829e-02 9.044504e+02 3.338773e+02 1.717731e+03 1.042494e+03 4.829878e+03
2.554104e-02 9.059489e+02 3.241476e+02 1.747888e+03 1.024571e+03 4.878170e+03
2.560379e-02 9.074818e+02 3.130798e+02 1.780136e+03 1.003790e+03 4.930444e+03
2.566670e-02 9.074564e+02 3.036199e+02 1.808232e+03 9.872826e+02 4.968435e+03
2.572959e-02 9.085784e+02 2.925349e+02 1.835658e+03 9.641089e+02 5.015691e+03
2.579238e-02 9.085660e+02 2.816671e+02 1.859784e+03 9.432478e+02 5.052307e+03
2.585524e-02 9.081288e+02 2.699698e+02 1.883698e+03 9.209656e+02 5.088175e+03
2.591809e-02 9.081558e+02 2.587379e+02 1.905137e+03 8.971386e+02 5.124230e+03
2.598089e-02 9.065052e+02 2.471696e+02 1.922135e+03 8.750003e+02 5.147229e+03
2.604363e-02 9.061656e+02 2.354792e+02 1.941480e+03 8.497064e+02 5.180125e+03
2.610648e-02 9.038088e+02 2.235393e+02 1.956146e+03 8.264965e+02 5.198686e+03
2.616936e-02 9.026920e+02 2.111492e+02 1.970110e+03 7.987778e+02 5.223891e+03
2.623211e-02 8.998010e+02 1.994918e+02 1.979530e+03 7.737989e+02 5.235500e+03
2.629494e-02 8.975750e+02 1.866323e+02 1.993646e+03 7.481710e+02 5.254338e+03
2.635781e-02 8.948423e+02 1.744449e+02 1.998403e+03 7.204863e+02 5.263327e+03
2.642065e-02 8.909823e+02 1.620523e+02 2.005179e+03 6.944338e+02 5.267962e+03
2.648348e-02 8.880393e+02 1.497097e+02 2.008108e+03 6.658625e+02 5.274242e+03
2.654638e-02 8.842512e+02 1.371741e+02 2.013805e+03 6.388679e+02 5.277747e+03
2.660925e-02 8.806066e+02 1.248746e+02 2.012789e+03 6.105423e+02 5.276716e+03
2.667201e-02 8.759378e+02 1.126170e+02 2.008946e+03 5.809437e+02 5.268820e+03
2.673488e-02 8.713268e+02 1.003733e+02 2.007638e+03 5.544521e+02 5.262068e+03
2.679776e-02 8.666794e+02 8.827322e+01 2.003335e+03 5.252852e+02 5.251968e+03
2.686060e-02 8.610950e+02 7.607051e+01 1.998884e+03 4.973484e+02 5.238196e+03
2.692343e-02 8.557595e+02 6.427320e+01 1.986883e+03 4.674636e+02 5.218636e+03
2.698622e-02 8.501664e+02 5.267094e+01 1.980295e+03 4.396331e+02 5.202012e+03
2.704897e-02 8.441687e+02 4.101239e+01 1.969621e+03 4.115961e+02 5.179205e+03
2.711177e-02 8.381420e+02 2.985947e+01 1.955893e+03 3.821246e+02 5.153521e+03
2.717462e-02 8.311152e+02 1.870657e+01 1.941014e+03 3.553705e+02 5.122651e+03
2.723749e-02 8.250765e+02 7.855024e+00 1.925533e+03 3.260819e+02 5.094585e+03
2.730042e-02 8.180404e+02 -2.410340e+00 1.908813e+03 2.988885e+02 5.060898e+03
2.736320e-02 8.111400e+02 -1.287312e+01 1.889045e+03 2.704853e+02 5.025184e+03
2.742592e-02 8.036995e+02 -2.242914e+01 1.869379e+03 2.437665e+02 4.985688e+03
2.748882e-02 7.961701e+02 -3.239744e+01 1.848302e+03 2.173434e+02 4.945289e+03
2.755167e-02 7.884313e+02 -4.152177e+01 1.824573e+03 1.898000e+02 4.901294e+03
2.761450e-02 7.803320e+02 -5.075964e+01 1.801210e+03 1.638153e+02 4.855095e+03
2.767735e-02 7.723655e+02 -5.921587e+01 1.776144e+03 1.382171e+02 4.807967e+03
2.774019e-02 7.639399e+02 -6.741439e+01 1.749626e+03 1.125853e+02 4.757495e+03
2.780301e-02 7.552972e+02 -7.554023e+01 1.722221e+03 8.808739e+01 4.704938e+03
2.786580e-02 7.467036e+02 -8.324005e+01 1.693793e+03 6.273160e+01 4.651320e+03
2.792859e-02 7.377366e+02 -9.033273e+01 1.662891e+03 3.927023e+01 4.594061e+03
2.799145e-02 7.285889e+02 -9.706214e+01 1.632655e+03 1.650025e+01 4.535387e+03
2.805434e-02 7.195505e+02 -1.037925e+02 1.600347e+03 -7.237370e+00 4.476363e+03
2.811718e-02 7.099905e+02 -1.101253e+02 1.568519e+03 -2.922479e+01 4.414583e+03
2.817992e-02 7.006840e+02 -1.162850e+02 1.534209e+03 -5.279041e+01 4.352542e+03
2.824273e-02 6.907632e+02 -1.212415e+02 1.501185e+03 -7.134274e+01 4.287105e+03
2.830566e-02 6.811996e+02 -1.268745e+02 1.463591e+03 -9.357046e+01 4.220340e+03
2.836851e-02 6.712813e+02 -1.317141e+02 1.428114e+03 -1.136578e+02 4.153668e+03
2.843134e-02 6.612394e+02 -1.363795e+02 1.393079e+03 -1.330154e+02 4.086480e+03
2.849418e-02 6.511510e+02 -1.405872e+02 1.354432e+03 -1.516389e+02 4.014969e+03
2.855700e-02 6.406721e+02 -1.445151e+02 1.317266e+03 -1.693929e+02 3.943853e+03
2.861981e-02 6.308199e+02 -1.487257e+02 1.278885e+03 -1.886359e+02 3.874379e+03
2.868265e-02 6.201293e+02 -1.519878e+02 1.241800e+03 -2.040723e+02 3.801115e+03
2.874550e-02 6.099924e+02 -1.551181e+02 1.200777e+03 -2.211156e+02 3.727696e+03
2.880834e-02 5.995161e+02 -1.581322e+02 1.161816e+03 -2.367268e+02 3.653819e+03
2.887116e-02 5.889614e+02 -1.607463e+02 1.123613e+03 -2.512509e+02 3.580022e+03
2.893395e-02 5.787006e+02 -1.633482e+02 1.083734e+03 -2.660475e+02 3.505941e+03
2.899675e-02 5.679918e+02 -1.653002e+02 1.043936e+03 -2.789742e+02 3.429392e+03
2.905957e-02 5.578398e+02 -1.670798e+02 1.003854e+03 -2.919333e+02 3.355070e+03
2.912242e-02 5.473327e+02 -1.689227e+02 9.636851e+02 -3.046431e+02 3.279162e+03
2.918528e-02 5.372258e+02 -1.702294e+02 9.246080e+02 -3.159122e+02 3.204882e+03
2.924811e-02 5.267631e+02 -1.715779e+02 8.855544e+02 -3.267197e+02 3.128684e+03
2.931098e-02 5.164313e+02 -1.719712e+02 8.454534e+02 -3.359738e+02 3.052067e+03
2.937380e-02 5.064414e+02 -1.729414e+02 8.063549e+02 -3.461739e+02 2.977684e+03
2.943661e-02 4.961292e+02 -1.732600e+02 7.681918e+02 -3.541995e+02 2.901881e+03
2.949948e-02 4.862857e+02 -1.730236e+02 7.294496e+02 -3.614161e+02 2.826835e+03
2.956230e-02 4.764438e+02 -1.730585e+02 6.909531e+02 -3.691985e+02 2.752632e+03
2.962512e-02 4.665837e+02 -1.724972e+02 6.533219e+02 -3.748412e+02 2.677938e+03
2.968798e-02 4.572597e+02 -1.717755e+02 6.163956e+02 -3.807605e+02 2.605845e+03
2.975080e-02 4.474674e+02 -1.705621e+02 5.795962e+02 -3.849733e+02 2.531230e+03
2.981362e-02 4.380945e+02 -1.695090e+02 5.438029e+02 -3.892797e+02 2.459133e+03
2.987648e-02 4.291468e+02 -1.677222e+02 5.072448e+02 -3.925415e+02 2.388132e+03
2.993931e-02 4.196668e+02 -1.658944e+02 4.726790e+02 -3.948988e+02 2.315401e+03
3.000209e-02 4.111413e+02 -1.636720e+02 4.388304e+02 -3.967950e+02 2.247448e+03
3.006488e-02 4.019251e+02 -1.615400e+02 4.049033e+02 -3.980446e+02 2.176050e+03
3.012771e-02 3.936480e+02 -1.584911e+02 3.714372e+02 -3.984847e+02 2.108668e+03
3.019054e-02 3.850895e+02 -1.555790e+02 3.391378e+02 -3.982258e+02 2.040612e+03
3.025338e-02 3.767365e+02 -1.525414e+02 3.084583e+02 -3.973738e+02 1.974923e+03
3.031628e-02 3.687868e+02 -1.489349e+02 2.769106e+02 -3.959929e+02 1.909250e+03
3.037913e-02 3.606977e+02 -1.452458e+02 2.465372e+02 -3.941919e+02 1.844738e+03
3.044197e-02 3.530538e+02 -1.409738e+02 2.170947e+02 -3.913183e+02 1.781682e+03
3.050478e-02 3.453521e+02 -1.372548e+02 1.895928e+02 -3.886464e+02 1.720232e+03
3.056757e-02 3.379293e+02 -1.326306e+02 1.623203e+02 -3.844836e+02 1.659519e+03
3.063042e-02 3.307766e+02 -1.279552e+02 1.346100e+02 -3.806531e+02 1.600357e+03
3.069327e-02 3.237370e+02 -1.231924e+02 1.086568e+02 -3.764192e+02 1.542590e+03
3.075615e-02 3.167747e+02 -1.182113e+02 8.470438e+01 -3.711260e+02 1.486233e+03
3.081897e-02 3.100841e+02 -1.131422e+02 6.072678e+01 -3.656458e+02 1.431240e+03
3.088177e-02 3.035734e+02 -1.077533e+02 3.759675e+01 -3.602027e+02 1.378022e+03
3.094460e-02 2.972209e+02 -1.023187e+02 1.524953e+01 -3.543177e+02 1.326050e+03
3.100745e-02 2.911655e+02 -9.678057e+01 -5.177211e+00 -3.474886e+02 1.276355e+03
3.107031e-02 2.852010e+02 -9.104329e+01 -2.500558e+01 -3.409989e+02 1.227803e+03
3.113311e-02 2.795627e+02 -8.532056e+01 -4.473673e+01 -3.344527e+02 1.180603e+03
3.119592e-02 2.739073e+02 -7.922499e+01 -6.206982e+01 -3.269024e+02 1.135926e+03
3.125876e-02 2.686127e+02 -7.333859e+01 -7.897868e+01 -3.196090e+02 1.092587e+03
3.132160e-02 2.635095e+02 -6.720836e+01 -9.476280e+01 -3.121548e+02 1.051413e+03
3.138440e-02 2.585458e+02 -6.103846e+01 -1.093606e+02 -3.043279e+02 1.011784e+03
3.144727e-02 2.538579e+02 -5.488468e+01 -1.229189e+02 -2.963235e+02 9.750114e+02
3.151008e-02 2.493496e+02 -4.846267e+01 -1.352567e+02 -2.880899e+02 9.395264e+02
3.157285e-02 2.448891e+02 -4.217970e+01 -1.462265e+02 -2.796286e+02 9.056133e+02
3.163570e-02 2.405698e+02 -3.576458e+01 -1.558238e+02 -2.709639e+02 8.739803e+02
3.169852e-02 2.369807e+02 -2.910786e+01 -1.653637e+02 -2.624534e+02 8.458798e+02
3.176139e-02 2.331247e+02 -2.252144e+01 -1.727453e+02 -2.530680e+02 8.191041e+02
3.182425e-02 2.298624e+02 -1.552259e+01 -1.799969e+02 -2.439804e+02 7.944576e+02
3.188706e-02 2.264450e+02 -8.814775e+00 -1.843812e+02 -2.341058e+02 7.731063e+02
3.194991e-02 2.232828e+02 -1.571878e+00 -1.885960e+02 -2.236474e+02 7.532928e+02
3.201276e-02 2.204362e+02 5.834006e+00 -1.914001e+02 -2.122891e+02 7.373109e+02
3.207553e-02 2.177554e+02 1.364885e+01 -1.932047e+02 -2.004252e+02 7.231481e+02
3.213836e-02 2.151066e+02 2.241491e+01 -1.929959e+02 -1.855606e+02 7.116279e+02
