# k, q0, q1/i, q2, q3/i, q4, norm, alpha = 0.40345691268593964, 0.019180352441928786
5.385587e-05 4.788282e+10 1.369203e+09 -9.718491e+06 1.495532e+08 -3.150466e+10
1.034961e-04 4.778580e+10 2.626130e+09 -1.552463e+06 -7.344684e+06 3.129566e+09
1.650345e-04 4.757178e+10 4.168719e+09 8.970570e+06 -4.774697e+07 3.730129e+09
2.219461e-04 4.729322e+10 5.570656e+09 -4.608482e+06 3.856134e+07 -1.417558e+09
2.831569e-04 4.690076e+10 7.045850e+09 5.854140e+06 2.032189e+07 7.508776e+08
3.481074e-04 4.638670e+10 8.563160e+09 1.560979e+07 4.072780e+07 1.033011e+09
4.078467e-04 4.585125e+10 9.804740e+09 -2.610330e+08 1.618579e+08 -8.380659e+08
4.685721e-04 4.516567e+10 1.126771e+10 1.852436e+08 1.694865e+08 1.446524e+08
5.344152e-04 4.438044e+10 1.256418e+10 8.319674e+07 2.653683e+08 2.788181e+08
5.979215e-04 4.354483e+10 1.373293e+10 2.366146e+07 3.813162e+08 -1.341795e+08
6.594309e-04 4.264913e+10 1.482869e+10 8.002994e+07 5.227837e+08 -4.612902e+08
7.211547e-04 4.168738e+10 1.583730e+10 1.486509e+08 6.479064e+08 3.358824e+08
7.842715e-04 4.065412e+10 1.673464e+10 1.582158e+08 8.295420e+08 -1.593552e+08
8.480725e-04 3.953752e+10 1.757435e+10 2.452959e+08 1.060590e+09 -3.205720e+08
9.105595e-04 3.838061e+10 1.831545e+10 3.817466e+08 1.282583e+09 -4.138941e+08
9.726731e-04 3.721890e+10 1.889296e+10 4.494470e+08 1.534395e+09 -4.435518e+08
1.035373e-03 3.598981e+10 1.940980e+10 5.956658e+08 1.831586e+09 -2.800641e+08
1.098784e-03 3.473474e+10 1.978330e+10 7.071328e+08 2.133403e+09 -8.288774e+08
1.161586e-03 3.345976e+10 2.007660e+10 8.797015e+08 2.479894e+09 -7.049288e+08
1.224174e-03 3.217220e+10 2.025244e+10 1.055291e+09 2.863883e+09 -1.072672e+09
1.288412e-03 3.083473e+10 2.035092e+10 1.293080e+09 3.239241e+09 -9.808193e+08
1.351080e-03 2.954471e+10 2.030170e+10 1.481000e+09 3.702753e+09 -1.618911e+09
1.412291e-03 2.825940e+10 2.022055e+10 1.762852e+09 4.109218e+09 -1.545457e+09
1.475368e-03 2.697327e+10 2.000871e+10 2.030962e+09 4.543023e+09 -1.731862e+09
1.538515e-03 2.566982e+10 1.974532e+10 2.356990e+09 4.975436e+09 -1.897374e+09
1.601338e-03 2.444243e+10 1.932765e+10 2.598618e+09 5.586117e+09 -2.650618e+09
1.665074e-03 2.316955e+10 1.890547e+10 2.969826e+09 6.085234e+09 -2.767560e+09
1.728027e-03 2.194522e+10 1.844222e+10 3.359198e+09 6.508187e+09 -2.764923e+09
1.789887e-03 2.078872e+10 1.786068e+10 3.690609e+09 7.132366e+09 -3.391406e+09
1.852570e-03 1.964844e+10 1.727574e+10 4.100348e+09 7.534030e+09 -3.519172e+09
1.915088e-03 1.856690e+10 1.660217e+10 4.448587e+09 8.181020e+09 -4.080768e+09
1.978019e-03 1.746998e+10 1.595005e+10 4.899843e+09 8.592673e+09 -4.185887e+09
2.041684e-03 1.645042e+10 1.520015e+10 5.274977e+09 9.229569e+09 -4.762565e+09
2.104726e-03 1.547363e+10 1.447399e+10 5.702245e+09 9.679212e+09 -4.988273e+09
2.167060e-03 1.453791e+10 1.372968e+10 6.112130e+09 1.017554e+10 -5.378615e+09
2.229921e-03 1.365620e+10 1.297347e+10 6.519018e+09 1.067119e+10 -5.694789e+09
2.292794e-03 1.280899e+10 1.221343e+10 6.929707e+09 1.110517e+10 -6.037263e+09
2.355230e-03 1.202779e+10 1.145985e+10 7.302878e+09 1.160690e+10 -6.416957e+09
2.418331e-03 1.127962e+10 1.070883e+10 7.687473e+09 1.202612e+10 -6.761770e+09
2.481215e-03 1.056747e+10 9.976455e+09 8.069513e+09 1.238032e+10 -7.022053e+09
2.543891e-03 9.921400e+09 9.271727e+09 8.397576e+09 1.281125e+10 -7.348896e+09
2.607003e-03 9.287249e+09 8.572577e+09 8.749505e+09 1.309540e+10 -7.568581e+09
2.669740e-03 8.706854e+09 7.914541e+09 9.056874e+09 1.340726e+10 -7.774040e+09
2.732628e-03 8.198605e+09 7.274781e+09 9.321986e+09 1.371472e+10 -8.107097e+09
2.796013e-03 7.684172e+09 6.664059e+09 9.597073e+09 1.392968e+10 -8.241247e+09
2.858795e-03 7.216001e+09 6.104525e+09 9.809023e+09 1.414789e+10 -8.388711e+09
2.920959e-03 6.816965e+09 5.561283e+09 1.001737e+10 1.429547e+10 -8.566636e+09
2.983535e-03 6.408559e+09 5.067657e+09 1.018725e+10 1.442066e+10 -8.627928e+09
3.046449e-03 6.047555e+09 4.586076e+09 1.034087e+10 1.449188e+10 -8.689625e+09
3.109435e-03 5.696254e+09 4.163050e+09 1.044453e+10 1.453374e+10 -8.667707e+09
3.172429e-03 5.414743e+09 3.777347e+09 1.048516e+10 1.459774e+10 -8.821635e+09
3.235378e-03 5.122980e+09 3.400155e+09 1.056621e+10 1.454753e+10 -8.718907e+09
3.298350e-03 4.845922e+09 3.075575e+09 1.056332e+10 1.447991e+10 -8.648214e+09
3.361502e-03 4.601434e+09 2.757266e+09 1.057967e+10 1.436415e+10 -8.494827e+09
3.424034e-03 4.374508e+09 2.499671e+09 1.052056e+10 1.424001e+10 -8.389016e+09
3.486610e-03 4.172620e+09 2.266192e+09 1.044046e+10 1.408912e+10 -8.262691e+09
3.549533e-03 3.971735e+09 2.034175e+09 1.036737e+10 1.387686e+10 -8.011930e+09
3.612035e-03 3.793534e+09 1.877590e+09 1.018833e+10 1.367930e+10 -7.913399e+09
3.674842e-03 3.619248e+09 1.674128e+09 1.010744e+10 1.340045e+10 -7.532577e+09
3.737743e-03 3.462051e+09 1.542627e+09 9.909596e+09 1.313895e+10 -7.330275e+09
3.800817e-03 3.303471e+09 1.392102e+09 9.757516e+09 1.281755e+10 -6.967086e+09
3.863693e-03 3.171124e+09 1.300062e+09 9.518573e+09 1.252994e+10 -6.741343e+09
3.926624e-03 3.027181e+09 1.189144e+09 9.315823e+09 1.217109e+10 -6.371107e+09
3.989691e-03 2.905602e+09 1.104338e+09 9.087462e+09 1.183593e+10 -6.042150e+09
4.052279e-03 2.779049e+09 1.023812e+09 8.846243e+09 1.145918e+10 -5.679476e+09
4.115276e-03 2.667509e+09 9.502580e+08 8.612198e+09 1.109829e+10 -5.304343e+09
4.178091e-03 2.554054e+09 8.966231e+08 8.344119e+09 1.071654e+10 -4.956425e+09
4.240529e-03 2.443544e+09 8.352937e+08 8.093833e+09 1.031311e+10 -4.562665e+09
4.303566e-03 2.347075e+09 7.876652e+08 7.827577e+09 9.942375e+09 -4.201327e+09
4.366473e-03 2.240109e+09 7.399567e+08 7.560217e+09 9.525833e+09 -3.820415e+09
4.429136e-03 2.155570e+09 6.991652e+08 7.311048e+09 9.175457e+09 -3.464430e+09
4.491804e-03 2.060836e+09 6.441311e+08 7.070450e+09 8.749801e+09 -3.041678e+09
4.554524e-03 1.974510e+09 6.176344e+08 6.789443e+09 8.390833e+09 -2.737740e+09
4.617696e-03 1.889408e+09 5.764859e+08 6.541447e+09 8.008445e+09 -2.379030e+09
4.680743e-03 1.807055e+09 5.353521e+08 6.297542e+09 7.620336e+09 -2.021040e+09
4.743600e-03 1.733573e+09 4.996397e+08 6.060205e+09 7.271266e+09 -1.698256e+09
4.806460e-03 1.654383e+09 4.632419e+08 5.818312e+09 6.909010e+09 -1.393937e+09
4.869182e-03 1.588868e+09 4.314946e+08 5.594236e+09 6.592601e+09 -1.113599e+09
4.931803e-03 1.521956e+09 3.883269e+08 5.395167e+09 6.238741e+09 -7.873100e+08
4.994544e-03 1.456787e+09 3.567299e+08 5.179890e+09 5.930846e+09 -5.424229e+08
5.057296e-03 1.395094e+09 3.223776e+08 4.975508e+09 5.621902e+09 -2.930059e+08
5.120127e-03 1.336030e+09 2.900736e+08 4.779854e+09 5.338300e+09 -7.755660e+07
5.183244e-03 1.283507e+09 2.565171e+08 4.603700e+09 5.049881e+09 1.603209e+08
5.246213e-03 1.230051e+09 2.251988e+08 4.426836e+09 4.782610e+09 3.543042e+08
5.308940e-03 1.183122e+09 1.964881e+08 4.264481e+09 4.531297e+09 5.414712e+08
5.371705e-03 1.133510e+09 1.686644e+08 4.096270e+09 4.292567e+09 6.872602e+08
5.434764e-03 1.088238e+09 1.396283e+08 3.944114e+09 4.052623e+09 8.505516e+08
5.497589e-03 1.049896e+09 1.202286e+08 3.803081e+09 3.852389e+09 9.683942e+08
5.560094e-03 1.006205e+09 9.388017e+07 3.656029e+09 3.635141e+09 1.087092e+09
5.623090e-03 9.712084e+08 7.555214e+07 3.529004e+09 3.451166e+09 1.186318e+09
5.686167e-03 9.354399e+08 5.825725e+07 3.399784e+09 3.263801e+09 1.278915e+09
5.748863e-03 9.013113e+08 3.994759e+07 3.279293e+09 3.086550e+09 1.361607e+09
5.811791e-03 8.665351e+08 2.878146e+07 3.150063e+09 2.933177e+09 1.392672e+09
5.874636e-03 8.377329e+08 1.468465e+07 3.045808e+09 2.767469e+09 1.476127e+09
5.937271e-03 8.080846e+08 8.603950e+06 2.931501e+09 2.637427e+09 1.491263e+09
6.000058e-03 7.790927e+08 -7.550504e+05 2.825277e+09 2.493174e+09 1.529395e+09
6.062729e-03 7.522482e+08 -6.710090e+06 2.723594e+09 2.365953e+09 1.550484e+09
6.125517e-03 7.262188e+08 -8.495885e+06 2.622637e+09 2.244751e+09 1.564351e+09
6.188708e-03 7.007297e+08 -1.511637e+07 2.527560e+09 2.120176e+09 1.585309e+09
6.251555e-03 6.744148e+08 -1.238239e+07 2.423309e+09 2.020715e+09 1.558637e+09
6.314077e-03 6.518015e+08 -1.492737e+07 2.338002e+09 1.908037e+09 1.576554e+09
6.377058e-03 6.281824e+08 -1.306341e+07 2.247001e+09 1.811668e+09 1.562939e+09
6.440009e-03 6.049359e+08 -1.112506e+07 2.156761e+09 1.718100e+09 1.545325e+09
6.502812e-03 5.822658e+08 -1.004272e+07 2.069746e+09 1.623277e+09 1.534109e+09
6.565726e-03 5.605062e+08 -6.577062e+06 1.987526e+09 1.541300e+09 1.511662e+09
6.628521e-03 5.391258e+08 -4.338194e+06 1.904836e+09 1.456197e+09 1.494317e+09
6.691272e-03 5.172823e+08 -8.119153e+05 1.822345e+09 1.378770e+09 1.464169e+09
6.754176e-03 4.967990e+08 2.023585e+06 1.743957e+09 1.301998e+09 1.441762e+09
6.816888e-03 4.765502e+08 4.440354e+06 1.670056e+09 1.229269e+09 1.419135e+09
6.879625e-03 4.572633e+08 6.491726e+06 1.598874e+09 1.162535e+09 1.393043e+09
6.942449e-03 4.374199e+08 8.709161e+06 1.524329e+09 1.093596e+09 1.364393e+09
7.005248e-03 4.175708e+08 1.115974e+07 1.451362e+09 1.032604e+09 1.328753e+09
7.068136e-03 3.997928e+08 1.135612e+07 1.388895e+09 9.704362e+08 1.307752e+09
7.131053e-03 3.817795e+08 1.201206e+07 1.323790e+09 9.127109e+08 1.279578e+09
7.194010e-03 3.637972e+08 1.225735e+07 1.259652e+09 8.578792e+08 1.247115e+09
7.256902e-03 3.466692e+08 1.234056e+07 1.198088e+09 8.038445e+08 1.217757e+09
7.319748e-03 3.307398e+08 1.059217e+07 1.144377e+09 7.561395e+08 1.191015e+09
7.382611e-03 3.145254e+08 9.452149e+06 1.086228e+09 7.064200e+08 1.161138e+09
7.445306e-03 2.993954e+08 7.965242e+06 1.034255e+09 6.641913e+08 1.130444e+09
7.507906e-03 2.837191e+08 5.971465e+06 9.800508e+08 6.181224e+08 1.097437e+09
7.570818e-03 2.710319e+08 2.894102e+06 9.375487e+08 5.821466e+08 1.072585e+09
7.633721e-03 2.565634e+08 3.054874e+05 8.876779e+08 5.420820e+08 1.040423e+09
7.696586e-03 2.443244e+08 -2.423506e+06 8.444610e+08 5.070687e+08 1.011290e+09
7.759492e-03 2.314018e+08 -5.804518e+06 8.015060e+08 4.722563e+08 9.800076e+08
7.822382e-03 2.197671e+08 -8.891933e+06 7.612767e+08 4.411052e+08 9.495761e+08
7.885469e-03 2.089817e+08 -1.211740e+07 7.245368e+08 4.127843e+08 9.195759e+08
7.948044e-03 1.984378e+08 -1.527022e+07 6.880500e+08 3.852911e+08 8.894908e+08
8.010528e-03 1.890298e+08 -1.849730e+07 6.560671e+08 3.610436e+08 8.592362e+08
8.073516e-03 1.790954e+08 -2.127651e+07 6.211101e+08 3.359788e+08 8.281597e+08
8.136423e-03 1.705037e+08 -2.379575e+07 5.905640e+08 3.152953e+08 7.966817e+08
8.199228e-03 1.619834e+08 -2.646461e+07 5.599941e+08 2.932405e+08 7.668202e+08
8.262023e-03 1.545897e+08 -2.880978e+07 5.339846e+08 2.753466e+08 7.373512e+08
8.324981e-03 1.468004e+08 -3.089432e+07 5.050219e+08 2.563617e+08 7.061901e+08
8.388025e-03 1.398633e+08 -3.222169e+07 4.798443e+08 2.411063e+08 6.755482e+08
8.450798e-03 1.336385e+08 -3.369908e+07 4.558360e+08 2.266284e+08 6.461744e+08
8.513424e-03 1.273778e+08 -3.498333e+07 4.325915e+08 2.113826e+08 6.177881e+08
8.576219e-03 1.214486e+08 -3.566199e+07 4.091542e+08 1.984068e+08 5.875569e+08
8.639099e-03 1.159296e+08 -3.597643e+07 3.873143e+08 1.861812e+08 5.591365e+08
8.701941e-03 1.108703e+08 -3.637826e+07 3.674883e+08 1.745364e+08 5.317746e+08
8.764716e-03 1.061183e+08 -3.638908e+07 3.478560e+08 1.639584e+08 5.052311e+08
8.827545e-03 1.011035e+08 -3.601071e+07 3.275375e+08 1.531284e+08 4.772241e+08
8.890404e-03 9.681486e+07 -3.537900e+07 3.090729e+08 1.439516e+08 4.515486e+08
8.953189e-03 9.266591e+07 -3.485631e+07 2.918363e+08 1.343142e+08 4.274420e+08
9.016039e-03 8.856943e+07 -3.376966e+07 2.744000e+08 1.262368e+08 4.023644e+08
9.078883e-03 8.470697e+07 -3.282304e+07 2.573672e+08 1.172624e+08 3.791006e+08
9.141797e-03 8.097478e+07 -3.155262e+07 2.413645e+08 1.096323e+08 3.562339e+08
9.204714e-03 7.763291e+07 -3.034811e+07 2.267002e+08 1.020601e+08 3.356559e+08
9.267500e-03 7.404162e+07 -2.893860e+07 2.113535e+08 9.456679e+07 3.140450e+08
9.330389e-03 7.083388e+07 -2.749107e+07 1.968898e+08 8.747794e+07 2.945562e+08
9.393353e-03 6.775687e+07 -2.613038e+07 1.837246e+08 8.091291e+07 2.759822e+08
9.456033e-03 6.466733e+07 -2.465434e+07 1.701066e+08 7.396778e+07 2.581530e+08
9.518699e-03 6.180736e+07 -2.303521e+07 1.582410e+08 6.868429e+07 2.409561e+08
9.581480e-03 5.890199e+07 -2.167040e+07 1.455207e+08 6.209730e+07 2.245179e+08
9.644431e-03 5.632594e+07 -2.021479e+07 1.344731e+08 5.645094e+07 2.101181e+08
9.707436e-03 5.371225e+07 -1.882156e+07 1.234718e+08 5.087204e+07 1.958902e+08
9.770160e-03 5.112375e+07 -1.743270e+07 1.129401e+08 4.572923e+07 1.819121e+08
9.832865e-03 4.879811e+07 -1.614232e+07 1.035974e+08 4.099862e+07 1.699310e+08
9.895597e-03 4.649179e+07 -1.489928e+07 9.369812e+07 3.579263e+07 1.578330e+08
9.958595e-03 4.421601e+07 -1.368316e+07 8.542657e+07 3.181289e+07 1.467088e+08
1.002149e-02 4.202672e+07 -1.252609e+07 7.672780e+07 2.751697e+07 1.357825e+08
1.008410e-02 4.002648e+07 -1.150075e+07 6.924749e+07 2.357501e+07 1.264789e+08
1.014702e-02 3.811038e+07 -1.040430e+07 6.185078e+07 2.003583e+07 1.174877e+08
1.020999e-02 3.619267e+07 -9.504438e+06 5.489818e+07 1.653196e+07 1.086272e+08
1.027280e-02 3.436374e+07 -8.563184e+06 4.861341e+07 1.361462e+07 1.005977e+08
1.033567e-02 3.263751e+07 -7.743902e+06 4.264939e+07 1.072810e+07 9.299930e+07
1.039854e-02 3.103745e+07 -6.944327e+06 3.730444e+07 8.211312e+06 8.624607e+07
1.046130e-02 2.949882e+07 -6.192510e+06 3.208575e+07 5.887726e+06 7.966421e+07
1.052408e-02 2.798479e+07 -5.510882e+06 2.740081e+07 3.857306e+06 7.337009e+07
1.058689e-02 2.655468e+07 -4.825535e+06 2.319894e+07 2.252652e+06 6.759369e+07
1.064973e-02 2.527514e+07 -4.265478e+06 1.913798e+07 4.317486e+05 6.243010e+07
1.071266e-02 2.399167e+07 -3.617718e+06 1.535743e+07 -7.906077e+05 5.724812e+07
1.077552e-02 2.279292e+07 -3.151920e+06 1.222868e+07 -1.903900e+06 5.263871e+07
1.083829e-02 2.166987e+07 -2.620372e+06 9.177182e+06 -2.804946e+06 4.817995e+07
1.090115e-02 2.059286e+07 -2.140526e+06 6.406562e+06 -3.524994e+06 4.408284e+07
1.096400e-02 1.963405e+07 -1.696641e+06 3.889532e+06 -4.142009e+06 4.030257e+07
1.102688e-02 1.866283e+07 -1.277297e+06 1.723024e+06 -4.447321e+06 3.661276e+07
1.108967e-02 1.777234e+07 -8.870784e+05 -2.655142e+05 -4.743999e+06 3.331872e+07
1.115232e-02 1.694294e+07 -5.147840e+05 -2.052488e+06 -4.800062e+06 3.011844e+07
1.121507e-02 1.619992e+07 -1.944772e+05 -3.551554e+06 -4.784639e+06 2.746808e+07
1.127797e-02 1.548240e+07 1.424070e+05 -4.947600e+06 -4.700130e+06 2.473204e+07
1.134099e-02 1.479912e+07 4.352220e+05 -6.120061e+06 -4.432078e+06 2.228779e+07
1.140372e-02 1.417364e+07 7.131475e+05 -7.139016e+06 -4.127558e+06 1.999402e+07
1.146650e-02 1.361343e+07 9.728495e+05 -7.983042e+06 -3.719628e+06 1.798971e+07
1.152952e-02 1.309241e+07 1.212204e+06 -8.700000e+06 -3.309518e+06 1.617776e+07
1.159236e-02 1.258573e+07 1.438753e+06 -9.264863e+06 -2.775963e+06 1.442392e+07
1.165521e-02 1.215327e+07 1.633657e+06 -9.645060e+06 -2.194435e+06 1.298163e+07
1.171802e-02 1.175103e+07 1.839310e+06 -1.003370e+07 -1.646048e+06 1.159464e+07
1.178091e-02 1.138260e+07 2.002303e+06 -1.016557e+07 -1.002888e+06 1.052202e+07
1.184377e-02 1.106054e+07 2.167917e+06 -1.027982e+07 -3.884162e+05 9.516332e+06
1.190645e-02 1.074570e+07 2.314258e+06 -1.022477e+07 3.298458e+05 8.616464e+06
1.196918e-02 1.048883e+07 2.453388e+06 -1.013737e+07 9.885928e+05 7.900744e+06
1.203205e-02 1.025250e+07 2.576024e+06 -9.950292e+06 1.630171e+06 7.390254e+06
1.209494e-02 1.005984e+07 2.707303e+06 -9.671649e+06 2.352030e+06 6.970813e+06
1.215771e-02 9.882148e+06 2.810110e+06 -9.342752e+06 3.012878e+06 6.654679e+06
1.222054e-02 9.714342e+06 2.906142e+06 -8.900258e+06 3.674060e+06 6.505046e+06
1.228344e-02 9.609872e+06 3.014970e+06 -8.433645e+06 4.340144e+06 6.502012e+06
1.234640e-02 9.491696e+06 3.101437e+06 -7.869024e+06 4.998869e+06 6.542609e+06
1.240915e-02 9.425971e+06 3.196922e+06 -7.311560e+06 5.634868e+06 6.745544e+06
1.247184e-02 9.334146e+06 3.260028e+06 -6.638092e+06 6.248733e+06 6.984332e+06
1.253470e-02 9.306802e+06 3.355026e+06 -5.987548e+06 6.837524e+06 7.407820e+06
1.259754e-02 9.281441e+06 3.434448e+06 -5.241275e+06 7.436387e+06 7.909656e+06
1.266036e-02 9.249731e+06 3.502298e+06 -4.473848e+06 8.000650e+06 8.399652e+06
1.272320e-02 9.231252e+06 3.575796e+06 -3.680531e+06 8.549865e+06 8.990884e+06
1.278608e-02 9.260717e+06 3.646241e+06 -2.896392e+06 9.032546e+06 9.771462e+06
1.284892e-02 9.272546e+06 3.728992e+06 -2.069734e+06 9.563328e+06 1.050889e+07
1.291183e-02 9.298566e+06 3.786517e+06 -1.200900e+06 9.994156e+06 1.138931e+07
1.297477e-02 9.319092e+06 3.851552e+06 -3.314486e+05 1.046426e+07 1.220401e+07
1.303751e-02 9.356020e+06 3.921710e+06 5.622664e+05 1.089042e+07 1.319628e+07
1.310022e-02 9.420348e+06 3.989596e+06 1.421003e+06 1.128981e+07 1.417485e+07
1.316309e-02 9.428864e+06 4.041882e+06 2.337995e+06 1.164475e+07 1.516597e+07
1.322594e-02 9.503651e+06 4.094148e+06 3.232138e+06 1.199527e+07 1.627698e+07
1.328870e-02 9.548960e+06 4.161982e+06 4.102848e+06 1.232437e+07 1.738407e+07
1.335152e-02 9.593804e+06 4.218474e+06 4.982890e+06 1.263439e+07 1.845010e+07
1.341448e-02 9.654976e+06 4.255148e+06 5.906565e+06 1.288884e+07 1.967536e+07
1.347734e-02 9.680573e+06 4.300036e+06 6.779973e+06 1.315872e+07 2.078454e+07
1.354004e-02 9.738323e+06 4.336802e+06 7.616923e+06 1.338102e+07 2.192825e+07
1.360289e-02 9.783692e+06 4.371512e+06 8.503103e+06 1.360832e+07 2.315442e+07
1.366571e-02 9.837282e+06 4.400672e+06 9.346438e+06 1.378133e+07 2.436350e+07
1.372857e-02 9.869242e+06 4.419714e+06 1.019543e+07 1.397074e+07 2.554902e+07
1.379141e-02 9.895472e+06 4.433591e+06 1.095759e+07 1.407870e+07 2.670810e+07
1.385412e-02 9.942207e+06 4.442385e+06 1.182633e+07 1.424175e+07 2.794845e+07
1.391702e-02 9.964472e+06 4.440894e+06 1.258500e+07 1.434069e+07 2.911842e+07
1.397990e-02 9.999482e+06 4.435675e+06 1.332058e+07 1.441331e+07 3.026237e+07
1.404272e-02 1.000934e+07 4.422000e+06 1.407559e+07 1.450609e+07 3.141153e+07
1.410560e-02 1.003438e+07 4.391990e+06 1.481695e+07 1.455806e+07 3.258073e+07
1.416843e-02 1.004802e+07 4.369166e+06 1.552238e+07 1.460032e+07 3.367530e+07
1.423121e-02 1.005262e+07 4.334390e+06 1.617548e+07 1.462607e+07 3.476069e+07
1.429401e-02 1.005780e+07 4.284828e+06 1.687394e+07 1.464225e+07 3.581188e+07
1.435689e-02 1.006194e+07 4.216859e+06 1.748993e+07 1.459916e+07 3.690096e+07
1.441980e-02 1.006624e+07 4.177415e+06 1.811549e+07 1.463006e+07 3.787444e+07
1.448261e-02 1.004608e+07 4.104162e+06 1.864769e+07 1.456311e+07 3.878642e+07
1.454538e-02 1.004101e+07 4.020686e+06 1.925885e+07 1.453468e+07 3.978663e+07
1.460822e-02 1.003971e+07 3.952352e+06 1.982654e+07 1.449782e+07 4.071302e+07
1.467115e-02 1.000852e+07 3.858076e+06 2.031245e+07 1.440657e+07 4.153550e+07
1.473401e-02 9.991523e+06 3.772454e+06 2.078132e+07 1.433895e+07 4.230706e+07
1.479676e-02 9.966774e+06 3.664807e+06 2.124628e+07 1.422271e+07 4.313048e+07
1.485961e-02 9.955117e+06 3.569624e+06 2.175366e+07 1.416508e+07 4.392438e+07
1.492239e-02 9.909288e+06 3.463468e+06 2.209858e+07 1.402952e+07 4.453509e+07
1.498506e-02 9.881381e+06 3.345773e+06 2.252285e+07 1.391459e+07 4.522872e+07
1.504789e-02 9.856851e+06 3.260428e+06 2.290399e+07 1.384889e+07 4.580706e+07
1.511078e-02 9.811816e+06 3.128856e+06 2.324955e+07 1.367121e+07 4.641820e+07
1.517364e-02 9.769999e+06 3.015347e+06 2.350175e+07 1.351860e+07 4.685474e+07
1.523654e-02 9.729654e+06 2.904343e+06 2.382517e+07 1.339486e+07 4.734472e+07
1.529942e-02 9.690805e+06 2.788098e+06 2.409630e+07 1.323147e+07 4.781799e+07
1.536235e-02 9.643694e+06 2.672808e+06 2.434149e+07 1.309279e+07 4.817217e+07
1.542517e-02 9.587791e+06 2.550458e+06 2.453858e+07 1.288412e+07 4.851422e+07
1.548789e-02 9.539834e+06 2.450099e+06 2.470741e+07 1.275176e+07 4.875498e+07
1.555076e-02 9.485168e+06 2.337430e+06 2.488495e+07 1.256217e+07 4.902438e+07
1.561359e-02 9.425977e+06 2.227601e+06 2.500131e+07 1.236288e+07 4.921466e+07
1.567632e-02 9.365519e+06 2.116936e+06 2.513214e+07 1.219536e+07 4.936150e+07
1.573917e-02 9.301870e+06 2.017411e+06 2.519811e+07 1.197928e+07 4.948175e+07
1.580208e-02 9.237934e+06 1.918289e+06 2.527101e+07 1.181313e+07 4.953586e+07
1.586491e-02 9.169467e+06 1.817456e+06 2.527908e+07 1.156926e+07 4.956940e+07
1.592764e-02 9.103912e+06 1.722438e+06 2.528864e+07 1.136575e+07 4.957867e+07
1.599049e-02 9.024274e+06 1.640586e+06 2.527653e+07 1.118391e+07 4.949113e+07
1.605344e-02 8.946534e+06 1.540976e+06 2.520403e+07 1.090873e+07 4.940751e+07
1.611624e-02 8.864989e+06 1.460478e+06 2.514550e+07 1.071635e+07 4.926951e+07
1.617906e-02 8.781736e+06 1.379100e+06 2.505245e+07 1.046415e+07 4.911348e+07
1.624189e-02 8.694512e+06 1.299714e+06 2.494100e+07 1.025536e+07 4.890264e+07
1.630468e-02 8.600005e+06 1.221980e+06 2.478358e+07 9.999651e+06 4.865252e+07
1.636757e-02 8.511517e+06 1.144208e+06 2.462341e+07 9.734880e+06 4.842229e+07
1.643038e-02 8.416046e+06 1.084706e+06 2.444052e+07 9.538136e+06 4.808827e+07
1.649314e-02 8.319412e+06 1.006478e+06 2.425615e+07 9.243854e+06 4.782141e+07
1.655599e-02 8.206902e+06 9.343028e+05 2.401193e+07 9.003609e+06 4.740667e+07
1.661885e-02 8.101475e+06 8.736258e+05 2.374440e+07 8.733292e+06 4.700739e+07
1.668174e-02 8.002232e+06 8.004643e+05 2.352982e+07 8.477033e+06 4.666694e+07
1.674456e-02 7.887122e+06 7.452401e+05 2.321793e+07 8.221680e+06 4.618074e+07
1.680728e-02 7.774205e+06 6.733461e+05 2.292741e+07 7.933520e+06 4.575165e+07
1.687017e-02 7.658357e+06 6.138496e+05 2.261521e+07 7.686818e+06 4.524699e+07
1.693315e-02 7.543704e+06 5.508228e+05 2.231359e+07 7.420712e+06 4.477301e+07
1.699589e-02 7.423500e+06 4.878610e+05 2.197105e+07 7.144762e+06 4.425402e+07
1.705867e-02 7.298990e+06 4.249714e+05 2.161347e+07 6.875582e+06 4.368638e+07
1.712163e-02 7.180420e+06 3.642539e+05 2.124634e+07 6.595108e+06 4.313838e+07
1.718447e-02 7.056580e+06 3.006291e+05 2.090172e+07 6.346944e+06 4.257368e+07
1.724726e-02 6.932964e+06 2.391848e+05 2.051913e+07 6.074854e+06 4.198458e+07
1.731003e-02 6.805633e+06 1.839820e+05 2.012232e+07 5.819168e+06 4.135444e+07
1.737292e-02 6.682192e+06 1.208438e+05 1.975419e+07 5.565154e+06 4.075186e+07
1.743574e-02 6.556038e+06 6.124447e+04 1.933063e+07 5.295674e+06 4.009875e+07
1.749847e-02 6.433026e+06 8.427087e+03 1.895752e+07 5.068872e+06 3.947398e+07
1.756133e-02 6.301051e+06 -5.305390e+04 1.852559e+07 4.797952e+06 3.877979e+07
1.762415e-02 6.179382e+06 -1.076914e+05 1.813944e+07 4.581076e+06 3.812438e+07
1.768698e-02 6.055298e+06 -1.619746e+05 1.771805e+07 4.328805e+06 3.744882e+07
1.774982e-02 5.927760e+06 -2.088720e+05 1.729609e+07 4.115228e+06 3.673428e+07
1.781268e-02 5.805594e+06 -2.636916e+05 1.688671e+07 3.887274e+06 3.603856e+07
1.787557e-02 5.683643e+06 -3.090284e+05 1.645925e+07 3.670574e+06 3.532564e+07
1.793843e-02 5.556037e+06 -3.507223e+05 1.602995e+07 3.471699e+06 3.456790e+07
1.800122e-02 5.440308e+06 -3.977269e+05 1.561672e+07 3.261784e+06 3.387379e+07
1.806400e-02 5.314665e+06 -4.357413e+05 1.520061e+07 3.079252e+06 3.311754e+07
1.812677e-02 5.198503e+06 -4.724522e+05 1.477064e+07 2.879645e+06 3.238669e+07
1.818960e-02 5.079776e+06 -5.074305e+05 1.434345e+07 2.698946e+06 3.163365e+07
1.825247e-02 4.958898e+06 -5.346989e+05 1.390539e+07 2.531463e+06 3.085119e+07
1.831530e-02 4.850120e+06 -5.640572e+05 1.350992e+07 2.368972e+06 3.014154e+07
1.837813e-02 4.729114e+06 -5.892423e+05 1.307039e+07 2.199271e+06 2.935257e+07
1.844103e-02 4.618511e+06 -6.103669e+05 1.263913e+07 2.047616e+06 2.858919e+07
1.850388e-02 4.501215e+06 -6.298412e+05 1.222209e+07 1.898001e+06 2.781623e+07
1.856668e-02 4.394450e+06 -6.477628e+05 1.181957e+07 1.756676e+06 2.708343e+07
1.862952e-02 4.286634e+06 -6.589719e+05 1.138842e+07 1.622345e+06 2.632070e+07
1.869235e-02 4.171731e+06 -6.688618e+05 1.096078e+07 1.485814e+06 2.552567e+07
1.875521e-02 4.067238e+06 -6.774139e+05 1.056380e+07 1.361067e+06 2.480139e+07
1.881803e-02 3.962387e+06 -6.831194e+05 1.015441e+07 1.239334e+06 2.405554e+07
1.888083e-02 3.855541e+06 -6.875692e+05 9.740218e+06 1.121258e+06 2.329595e+07
1.894358e-02 3.754765e+06 -6.868158e+05 9.328869e+06 1.010079e+06 2.255869e+07
1.900645e-02 3.651479e+06 -6.894260e+05 8.936756e+06 8.916212e+05 2.183096e+07
1.906935e-02 3.553311e+06 -6.873012e+05 8.540705e+06 7.896911e+05 2.112127e+07
1.913210e-02 3.452318e+06 -6.825060e+05 8.145039e+06 6.877164e+05 2.038741e+07
1.919494e-02 3.355670e+06 -6.793983e+05 7.751821e+06 5.818477e+05 1.968827e+07
1.925782e-02 3.261316e+06 -6.701521e+05 7.382691e+06 4.973471e+05 1.900504e+07
1.932068e-02 3.164164e+06 -6.660726e+05 7.006122e+06 3.973757e+05 1.831078e+07
1.938348e-02 3.078702e+06 -6.555161e+05 6.631458e+06 3.125639e+05 1.766224e+07
1.944625e-02 2.980760e+06 -6.485784e+05 6.271706e+06 2.189048e+05 1.697647e+07
1.950911e-02 2.896537e+06 -6.375906e+05 5.920268e+06 1.454552e+05 1.635417e+07
1.957198e-02 2.808952e+06 -6.269035e+05 5.575600e+06 6.453534e+04 1.571896e+07
1.963482e-02 2.723724e+06 -6.144444e+05 5.233106e+06 -8.984496e+03 1.510000e+07
1.969763e-02 2.642478e+06 -6.039561e+05 4.901656e+06 -8.200480e+04 1.450516e+07
1.976054e-02 2.558465e+06 -5.918386e+05 4.584426e+06 -1.516640e+05 1.390996e+07
1.982343e-02 2.482889e+06 -5.770074e+05 4.263722e+06 -2.118894e+05 1.334752e+07
1.988621e-02 2.404657e+06 -5.640785e+05 3.962608e+06 -2.770926e+05 1.278656e+07
1.994903e-02 2.330699e+06 -5.501422e+05 3.669886e+06 -3.282368e+05 1.224918e+07
2.001187e-02 2.256147e+06 -5.342583e+05 3.383206e+06 -3.780324e+05 1.171942e+07
2.007464e-02 2.187462e+06 -5.196127e+05 3.108796e+06 -4.293301e+05 1.121305e+07
2.013740e-02 2.119721e+06 -5.033748e+05 2.844093e+06 -4.682225e+05 1.072725e+07
2.020021e-02 2.052210e+06 -4.871057e+05 2.585835e+06 -5.122556e+05 1.023909e+07
2.026315e-02 1.986387e+06 -4.695173e+05 2.337437e+06 -5.410931e+05 9.770783e+06
2.032605e-02 1.925551e+06 -4.524119e+05 2.099229e+06 -5.748536e+05 9.329519e+06
2.038878e-02 1.866440e+06 -4.344977e+05 1.871190e+06 -6.011994e+05 8.898584e+06
2.045158e-02 1.809135e+06 -4.154176e+05 1.653101e+06 -6.181208e+05 8.488332e+06
2.051448e-02 1.752765e+06 -3.978543e+05 1.445952e+06 -6.417948e+05 8.080452e+06
2.057734e-02 1.698119e+06 -3.760358e+05 1.243322e+06 -6.485958e+05 7.692739e+06
2.064018e-02 1.647147e+06 -3.569349e+05 1.052639e+06 -6.613896e+05 7.319720e+06
2.070304e-02 1.596828e+06 -3.379977e+05 8.763961e+05 -6.657538e+05 6.966560e+06
2.076595e-02 1.548885e+06 -3.163388e+05 6.998954e+05 -6.653391e+05 6.620112e+06
2.082869e-02 1.502786e+06 -2.957955e+05 5.402189e+05 -6.644549e+05 6.293597e+06
2.089140e-02 1.459050e+06 -2.745929e+05 3.835283e+05 -6.574390e+05 5.978898e+06
2.095430e-02 1.417643e+06 -2.541102e+05 2.422902e+05 -6.499069e+05 5.682678e+06
2.101710e-02 1.377600e+06 -2.315829e+05 9.979391e+04 -6.365266e+05 5.396362e+06
2.107990e-02 1.338230e+06 -2.104651e+05 -2.594855e+04 -6.202816e+05 5.120370e+06
2.114275e-02 1.301770e+06 -1.900226e+05 -1.425426e+05 -6.037618e+05 4.866254e+06
2.120557e-02 1.268636e+06 -1.679685e+05 -2.612130e+05 -5.820849e+05 4.623353e+06
2.126842e-02 1.234184e+06 -1.480909e+05 -3.565542e+05 -5.606994e+05 4.392737e+06
2.133126e-02 1.204605e+06 -1.254205e+05 -4.602779e+05 -5.338764e+05 4.175261e+06
2.139415e-02 1.174260e+06 -1.060026e+05 -5.442428e+05 -5.075289e+05 3.970787e+06
2.145701e-02 1.146562e+06 -8.519989e+04 -6.248652e+05 -4.790154e+05 3.778947e+06
2.151977e-02 1.122178e+06 -6.426745e+04 -7.017711e+05 -4.483384e+05 3.603778e+06
2.158262e-02 1.095976e+06 -4.561771e+04 -7.617796e+05 -4.158843e+05 3.434589e+06
2.164549e-02 1.075464e+06 -2.495801e+04 -8.253186e+05 -3.819908e+05 3.286017e+06
2.170835e-02 1.051870e+06 -7.113716e+03 -8.699984e+05 -3.479050e+05 3.139958e+06
2.177117e-02 1.034582e+06 1.208360e+04 -9.191899e+05 -3.135992e+05 3.016416e+06
2.183391e-02 1.015716e+06 3.026110e+04 -9.553878e+05 -2.767865e+05 2.897387e+06
2.189674e-02 9.989034e+05 4.737287e+04 -9.830282e+05 -2.391889e+05 2.791442e+06
2.195964e-02 9.851501e+05 6.605618e+04 -1.011625e+06 -2.002680e+05 2.700145e+06
2.202248e-02 9.708412e+05 8.184505e+04 -1.026067e+06 -1.628419e+05 2.615270e+06
2.208526e-02 9.601738e+05 9.881823e+04 -1.041310e+06 -1.246268e+05 2.547586e+06
2.214806e-02 9.491931e+05 1.147882e+05 -1.045661e+06 -8.529438e+04 2.485904e+06
2.221095e-02 9.397838e+05 1.306869e+05 -1.046688e+06 -4.556320e+04 2.434587e+06
2.227376e-02 9.320345e+05 1.456957e+05 -1.042260e+06 -7.301018e+03 2.396092e+06
2.233660e-02 9.257578e+05 1.599561e+05 -1.030709e+06 3.129692e+04 2.365959e+06
2.239951e-02 9.199578e+05 1.759998e+05 -1.015983e+06 7.423483e+04 2.344002e+06
2.246232e-02 9.157972e+05 1.887375e+05 -9.944776e+05 1.103835e+05 2.333206e+06
2.252510e-02 9.121549e+05 2.023050e+05 -9.685177e+05 1.501799e+05 2.329214e+06
2.258787e-02 9.111221e+05 2.153331e+05 -9.415063e+05 1.872920e+05 2.338148e+06
2.265070e-02 9.087726e+05 2.283976e+05 -9.033619e+05 2.274008e+05 2.349058e+06
2.271352e-02 9.097158e+05 2.413428e+05 -8.703307e+05 2.643048e+05 2.373754e+06
2.277642e-02 9.099213e+05 2.522751e+05 -8.237196e+05 3.011551e+05 2.402664e+06
2.283929e-02 9.123881e+05 2.646017e+05 -7.821297e+05 3.375452e+05 2.442284e+06
2.290206e-02 9.138479e+05 2.753492e+05 -7.315819e+05 3.730854e+05 2.483299e+06
2.296496e-02 9.172525e+05 2.864228e+05 -6.786476e+05 4.094824e+05 2.533742e+06
2.302777e-02 9.221229e+05 2.965058e+05 -6.262759e+05 4.418228e+05 2.595192e+06
2.309054e-02 9.261152e+05 3.060546e+05 -5.660796e+05 4.759086e+05 2.654980e+06
2.315342e-02 9.311881e+05 3.161738e+05 -5.063666e+05 5.090075e+05 2.723608e+06
2.321632e-02 9.365368e+05 3.247059e+05 -4.423295e+05 5.401961e+05 2.796581e+06
2.327917e-02 9.435379e+05 3.331063e+05 -3.784514e+05 5.698233e+05 2.877497e+06
2.334191e-02 9.499021e+05 3.413018e+05 -3.109025e+05 5.998883e+05 2.960245e+06
2.340472e-02 9.563300e+05 3.485556e+05 -2.398849e+05 6.281949e+05 3.045670e+06
2.346760e-02 9.644439e+05 3.560585e+05 -1.717132e+05 6.551890e+05 3.138993e+06
2.353050e-02 9.721126e+05 3.620927e+05 -9.694766e+04 6.818702e+05 3.234196e+06
2.359332e-02 9.803190e+05 3.680285e+05 -2.605053e+04 7.060811e+05 3.331722e+06
2.365605e-02 9.883926e+05 3.739546e+05 4.943230e+04 7.300000e+05 3.432614e+06
2.371890e-02 9.969048e+05 3.786185e+05 1.260107e+05 7.520714e+05 3.536729e+06
2.378176e-02 1.005704e+06 3.830349e+05 1.996491e+05 7.730808e+05 3.643564e+06
2.384456e-02 1.014612e+06 3.872665e+05 2.804847e+05 7.941336e+05 3.751545e+06
2.390740e-02 1.023283e+06 3.905011e+05 3.566740e+05 8.125854e+05 3.860778e+06
2.397018e-02 1.032265e+06 3.936628e+05 4.348098e+05 8.306654e+05 3.972563e+06
2.403299e-02 1.041447e+06 3.957929e+05 5.131643e+05 8.468834e+05 4.084377e+06
2.409587e-02 1.050307e+06 3.972973e+05 5.883758e+05 8.602984e+05 4.196966e+06
2.415877e-02 1.059540e+06 3.995577e+05 6.719269e+05 8.780376e+05 4.311784e+06
2.422167e-02 1.068104e+06 4.002129e+05 7.467753e+05 8.892218e+05 4.425213e+06
2.428445e-02 1.077617e+06 4.005564e+05 8.230661e+05 9.006988e+05 4.539571e+06
2.434721e-02 1.084856e+06 4.001422e+05 9.028703e+05 9.115420e+05 4.649655e+06
2.441004e-02 1.094673e+06 4.004096e+05 9.759809e+05 9.213309e+05 4.764948e+06
2.447292e-02 1.102258e+06 3.992635e+05 1.054748e+06 9.300544e+05 4.874716e+06
2.453573e-02 1.110876e+06 3.975002e+05 1.125526e+06 9.361758e+05 4.986482e+06
2.459853e-02 1.118246e+06 3.959372e+05 1.203126e+06 9.443744e+05 5.094198e+06
2.466143e-02 1.126120e+06 3.938083e+05 1.274291e+06 9.487634e+05 5.203292e+06
2.472428e-02 1.133827e+06 3.917140e+05 1.345125e+06 9.541032e+05 5.309174e+06
2.478701e-02 1.140732e+06 3.878528e+05 1.413588e+06 9.558806e+05 5.412212e+06
2.484983e-02 1.147048e+06 3.845728e+05 1.481438e+06 9.573529e+05 5.512626e+06
2.491274e-02 1.153394e+06 3.814084e+05 1.551080e+06 9.617174e+05 5.610424e+06
2.497552e-02 1.160269e+06 3.768040e+05 1.614242e+06 9.592606e+05 5.711800e+06
2.503835e-02 1.165467e+06 3.723918e+05 1.675976e+06 9.593221e+05 5.800700e+06
2.510120e-02 1.170750e+06 3.675891e+05 1.738310e+06 9.578264e+05 5.892276e+06
2.516403e-02 1.175949e+06 3.620134e+05 1.795909e+06 9.532741e+05 5.981628e+06
2.522691e-02 1.180312e+06 3.575908e+05 1.855286e+06 9.540931e+05 6.063556e+06
2.528974e-02 1.184848e+06 3.508311e+05 1.907015e+06 9.450548e+05 6.147022e+06
2.535254e-02 1.187688e+06 3.449349e+05 1.962613e+06 9.424692e+05 6.221624e+06
2.541543e-02 1.191404e+06 3.386249e+05 2.011770e+06 9.355789e+05 6.296176e+06
2.547829e-02 1.194238e+06 3.320025e+05 2.061125e+06 9.282318e+05 6.368048e+06
2.554104e-02 1.196650e+06 3.253085e+05 2.103982e+06 9.206522e+05 6.431459e+06
2.560379e-02 1.199010e+06 3.168471e+05 2.149296e+06 9.096232e+05 6.499365e+06
2.566670e-02 1.199360e+06 3.107126e+05 2.189594e+06 9.044068e+05 6.549080e+06
2.572959e-02 1.201173e+06 3.025185e+05 2.228560e+06 8.907587e+05 6.610299e+06
2.579238e-02 1.201555e+06 2.947330e+05 2.263295e+06 8.802632e+05 6.657750e+06
2.585524e-02 1.201340e+06 2.859290e+05 2.297638e+06 8.683682e+05 6.703828e+06
2.591809e-02 1.201722e+06 2.778223e+05 2.328610e+06 8.542298e+05 6.750227e+06
2.598089e-02 1.199978e+06 2.693944e+05 2.353837e+06 8.427364e+05 6.779452e+06
2.604363e-02 1.199863e+06 2.607199e+05 2.381971e+06 8.268894e+05 6.821327e+06
2.610648e-02 1.197164e+06 2.518404e+05 2.404022e+06 8.142332e+05 6.844372e+06
2.616936e-02 1.196024e+06 2.424274e+05 2.424920e+06 7.954928e+05 6.875988e+06
2.623211e-02 1.192558e+06 2.339770e+05 2.440010e+06 7.804027e+05 6.889846e+06
2.629494e-02 1.189968e+06 2.238736e+05 2.461009e+06 7.644059e+05 6.912613e+06
2.635781e-02 1.186750e+06 2.147693e+05 2.469692e+06 7.457529e+05 6.922966e+06
2.642065e-02 1.181982e+06 2.053114e+05 2.481000e+06 7.292732e+05 6.927054e+06
2.648348e-02 1.178437e+06 1.959300e+05 2.487160e+06 7.091883e+05 6.933593e+06
2.654638e-02 1.173737e+06 1.862287e+05 2.496946e+06 6.911306e+05 6.935936e+06
2.660925e-02 1.169280e+06 1.767897e+05 2.497626e+06 6.712568e+05 6.932726e+06
2.667201e-02 1.163406e+06 1.674045e+05 2.494816e+06 6.494808e+05 6.920446e+06
2.673488e-02 1.157685e+06 1.578992e+05 2.494999e+06 6.316662e+05 6.909298e+06
2.679776e-02 1.151795e+06 1.485077e+05 2.491366e+06 6.100308e+05 6.893920e+06
2.686060e-02 1.144684e+06 1.389239e+05 2.487471e+06 5.900472e+05 6.873334e+06
2.692343e-02 1.137946e+06 1.297818e+05 2.473486e+06 5.669472e+05 6.845721e+06
2.698622e-02 1.130771e+06 1.207525e+05 2.466628e+06 5.464946e+05 6.821415e+06
2.704897e-02 1.123116e+06 1.115637e+05 2.454290e+06 5.253752e+05 6.789074e+06
2.711177e-02 1.115356e+06 1.029114e+05 2.437943e+06 5.020192e+05 6.753213e+06
2.717462e-02 1.106368e+06 9.410559e+04 2.419890e+06 4.821426e+05 6.710287e+06
2.723749e-02 1.098580e+06 8.559190e+04 2.401039e+06 4.583866e+05 6.671204e+06
2.730042e-02 1.089486e+06 7.771379e+04 2.380554e+06 4.372102e+05 6.624549e+06
2.736320e-02 1.080608e+06 6.941883e+04 2.355947e+06 4.138342e+05 6.575540e+06
2.742592e-02 1.070879e+06 6.209172e+04 2.331430e+06 3.926033e+05 6.521318e+06
2.748882e-02 1.061180e+06 5.417270e+04 2.304926e+06 3.711780e+05 6.465982e+06
2.755167e-02 1.051105e+06 4.711999e+04 2.275089e+06 3.479831e+05 6.406107e+06
2.761450e-02 1.040561e+06 3.977617e+04 2.245526e+06 3.263750e+05 6.343171e+06
2.767735e-02 1.030157e+06 3.330036e+04 2.213689e+06 3.048981e+05 6.279065e+06
2.774019e-02 1.019155e+06 2.694181e+04 2.179976e+06 2.830425e+05 6.210674e+06
2.780301e-02 1.007863e+06 2.054587e+04 2.144923e+06 2.621039e+05 6.139470e+06
2.786580e-02 9.966235e+05 1.450296e+04 2.108597e+06 2.397166e+05 6.067112e+06
2.792859e-02 9.849027e+05 9.058149e+03 2.068886e+06 2.191249e+05 5.989922e+06
2.799145e-02 9.728832e+05 3.881317e+03 2.030015e+06 1.993444e+05 5.910799e+06
2.805434e-02 9.610591e+05 -1.429620e+03 1.988413e+06 1.776011e+05 5.831462e+06
2.811718e-02 9.484929e+05 -6.403693e+03 1.947400e+06 1.578360e+05 5.748350e+06
2.817992e-02 9.362802e+05 -1.137064e+04 1.903174e+06 1.354279e+05 5.665177e+06
2.824273e-02 9.231829e+05 -1.497200e+04 1.860331e+06 1.192608e+05 5.577083e+06
2.830566e-02 9.106758e+05 -1.967681e+04 1.811640e+06 9.753074e+04 5.488126e+06
2.836851e-02 8.976111e+05 -2.348483e+04 1.765671e+06 7.836355e+04 5.398766e+06
2.843134e-02 8.843292e+05 -2.721742e+04 1.720248e+06 5.979048e+04 5.308723e+06
2.849418e-02 8.710752e+05 -3.068384e+04 1.669995e+06 4.135149e+04 5.213413e+06
2.855700e-02 8.572249e+05 -3.391693e+04 1.621665e+06 2.382252e+04 5.118349e+06
2.861981e-02 8.442498e+05 -3.763146e+04 1.571799e+06 3.826540e+03 5.025816e+06
2.868265e-02 8.300846e+05 -4.036164e+04 1.523480e+06 -1.157785e+04 4.927920e+06
2.874550e-02 8.167481e+05 -4.318125e+04 1.469985e+06 -2.989831e+04 4.830478e+06
2.880834e-02 8.028921e+05 -4.599445e+04 1.419213e+06 -4.653639e+04 4.732159e+06
2.887116e-02 7.888717e+05 -4.842749e+04 1.369359e+06 -6.217447e+04 4.633782e+06
2.893395e-02 7.753496e+05 -5.105034e+04 1.317320e+06 -7.872270e+04 4.535502e+06
2.899675e-02 7.611253e+05 -5.310052e+04 1.265348e+06 -9.342784e+04 4.433812e+06
2.905957e-02 7.477014e+05 -5.503846e+04 1.212902e+06 -1.085241e+05 4.335268e+06
2.912242e-02 7.337931e+05 -5.728606e+04 1.160462e+06 -1.237655e+05 4.234766e+06
2.918528e-02 7.203746e+05 -5.889985e+04 1.109300e+06 -1.374767e+05 4.136281e+06
2.924811e-02 7.065033e+05 -6.081317e+04 1.058294e+06 -1.510135e+05 4.035409e+06
2.931098e-02 6.927596e+05 -6.180439e+04 1.005735e+06 -1.632691e+05 3.934066e+06
2.937380e-02 6.795372e+05 -6.352279e+04 9.546448e+05 -1.768390e+05 3.835879e+06
2.943661e-02 6.658097e+05 -6.464123e+04 9.047136e+05 -1.880790e+05 3.735707e+06
2.949948e-02 6.527068e+05 -6.519654e+04 8.538982e+05 -1.988510e+05 3.636570e+06
2.956230e-02 6.396534e+05 -6.627720e+04 8.035679e+05 -2.105294e+05 3.538928e+06
2.962512e-02 6.265239e+05 -6.677931e+04 7.542315e+05 -2.200272e+05 3.440438e+06
2.968798e-02 6.141205e+05 -6.705517e+04 7.058298e+05 -2.299355e+05 3.345473e+06
2.975080e-02 6.010506e+05 -6.706077e+04 6.576660e+05 -2.383815e+05 3.247300e+06
2.981362e-02 5.885778e+05 -6.727484e+04 6.108329e+05 -2.469975e+05 3.152538e+06
2.987648e-02 5.766633e+05 -6.674315e+04 5.628158e+05 -2.548082e+05 3.059316e+06
2.993931e-02 5.640050e+05 -6.633426e+04 5.176710e+05 -2.617477e+05 2.963867e+06
3.000209e-02 5.526126e+05 -6.535132e+04 4.731615e+05 -2.681645e+05 2.874494e+06
3.006488e-02 5.403160e+05 -6.486885e+04 4.289187e+05 -2.743602e+05 2.781133e+06
3.012771e-02 5.292596e+05 -6.315820e+04 3.849323e+05 -2.797107e+05 2.692815e+06
3.019054e-02 5.178147e+05 -6.181558e+04 3.426695e+05 -2.844900e+05 2.603771e+06
3.025338e-02 5.066188e+05 -6.031312e+04 3.024606e+05 -2.884728e+05 2.517649e+06
3.031628e-02 4.959999e+05 -5.828286e+04 2.611099e+05 -2.924621e+05 2.431955e+06
3.037913e-02 4.851697e+05 -5.627984e+04 2.213920e+05 -2.959761e+05 2.347779e+06
3.044197e-02 4.749122e+05 -5.359309e+04 1.827442e+05 -2.984557e+05 2.265384e+06
3.050478e-02 4.645777e+05 -5.157959e+04 1.468427e+05 -3.010330e+05 2.185247e+06
3.056757e-02 4.545968e+05 -4.860838e+04 1.110362e+05 -3.022392e+05 2.105934e+06
3.063042e-02 4.450190e+05 -4.567803e+04 7.479137e+04 -3.041596e+05 2.029095e+06
3.069327e-02 4.355549e+05 -4.268932e+04 4.090751e+04 -3.055962e+05 1.954014e+06
3.075615e-02 4.261684e+05 -3.941834e+04 9.477733e+03 -3.057202e+05 1.880472e+06
3.081897e-02 4.171640e+05 -3.614234e+04 -2.183447e+04 -3.059446e+05 1.809072e+06
3.088177e-02 4.083894e+05 -3.255386e+04 -5.203603e+04 -3.062875e+05 1.740022e+06
3.094460e-02 3.998400e+05 -2.895910e+04 -8.116287e+04 -3.063098e+05 1.672731e+06
3.100745e-02 3.916445e+05 -2.520461e+04 -1.079378e+05 -3.051055e+05 1.608124e+06
3.107031e-02 3.835796e+05 -2.128658e+04 -1.338062e+05 -3.045089e+05 1.545210e+06
3.113311e-02 3.759995e+05 -1.744718e+04 -1.593799e+05 -3.040878e+05 1.484534e+06
3.119592e-02 3.683076e+05 -1.316083e+04 -1.820364e+05 -3.022823e+05 1.426550e+06
3.125876e-02 3.611526e+05 -9.131891e+03 -2.039573e+05 -3.009675e+05 1.370765e+06
3.132160e-02 3.542301e+05 -4.831160e+03 -2.244426e+05 -2.994809e+05 1.317732e+06
3.138440e-02 3.475050e+05 -5.050942e+02 -2.433083e+05 -2.976048e+05 1.266850e+06
3.144727e-02 3.411208e+05 3.832414e+03 -2.608268e+05 -2.954400e+05 1.219625e+06
3.151008e-02 3.349926e+05 8.465497e+03 -2.767538e+05 -2.931282e+05 1.174187e+06
3.157285e-02 3.289179e+05 1.294258e+04 -2.907019e+05 -2.904482e+05 1.130936e+06
3.163570e-02 3.230279e+05 1.759761e+04 -3.028822e+05 -2.874658e+05 1.090606e+06
3.169852e-02 3.181320e+05 2.258938e+04 -3.150521e+05 -2.848210e+05 1.055117e+06
3.176139e-02 3.128468e+05 2.751453e+04 -3.243071e+05 -2.808737e+05 1.021248e+06
3.182425e-02 3.084166e+05 3.294966e+04 -3.332999e+05 -2.775390e+05 9.906844e+05
3.188706e-02 3.036756e+05 3.820506e+04 -3.385799e+05 -2.725871e+05 9.638618e+05
3.194991e-02 2.993496e+05 4.401878e+04 -3.434922e+05 -2.672293e+05 9.396070e+05
3.201276e-02 2.954130e+05 5.020555e+04 -3.466201e+05 -2.603483e+05 9.202667e+05
3.207553e-02 2.917311e+05 5.699398e+04 -3.482326e+05 -2.527499e+05 9.037269e+05
3.213836e-02 2.880495e+05 6.514398e+04 -3.472468e+05 -2.408155e+05 8.905031e+05
