# k, q0, q1/i, q2, q3/i, q4, norm, alpha = 95.29458797698169, 0.020396601297980627
5.385587e-05 1.550229e+12 1.267258e+10 1.784077e+08 -2.111372e+10 1.626869e+12
1.034961e-04 1.549571e+12 2.434311e+10 2.291139e+08 1.411994e+09 -1.615772e+11
1.650345e-04 1.548115e+12 3.878006e+10 4.306065e+08 7.978813e+09 -1.951457e+11
2.219461e-04 1.546211e+12 5.208207e+10 1.022225e+09 -2.480013e+09 7.335117e+10
2.831569e-04 1.543514e+12 6.632369e+10 1.521882e+09 3.233789e+09 -4.053454e+10
3.481074e-04 1.539953e+12 8.133799e+10 2.249222e+09 5.413566e+09 -5.689909e+10
4.078467e-04 1.536179e+12 9.447500e+10 -5.544481e+10 -5.841119e+09 4.318730e+10
4.685721e-04 1.531380e+12 1.091785e+11 4.115185e+10 4.072866e+09 -1.018511e+10
5.344152e-04 1.525742e+12 1.237461e+11 1.499197e+10 4.463288e+09 -1.904941e+10
5.979215e-04 1.519646e+12 1.376210e+11 -1.118070e+09 4.565050e+08 3.204054e+09
6.594309e-04 1.513023e+12 1.511675e+11 8.680756e+09 -5.123154e+08 1.650970e+10
7.211547e-04 1.505791e+12 1.644926e+11 9.974656e+09 5.845216e+09 -2.304434e+10
7.842715e-04 1.497830e+12 1.777013e+11 2.706204e+09 3.039437e+09 -6.374153e+09
8.480725e-04 1.489060e+12 1.910349e+11 1.062362e+10 2.408716e+09 3.881318e+09
9.105595e-04 1.479776e+12 2.040007e+11 2.634799e+10 4.793788e+09 3.021379e+09
9.726731e-04 1.470164e+12 2.161942e+11 1.823580e+10 5.297500e+09 -1.639170e+09
1.035373e-03 1.459763e+12 2.284733e+11 2.348655e+10 9.499055e+09 -1.258826e+10
1.098784e-03 1.448754e+12 2.403699e+11 2.268577e+10 5.845842e+09 4.176527e+09
1.161586e-03 1.437278e+12 2.519259e+11 2.340210e+10 9.288075e+09 -6.443635e+09
1.224174e-03 1.425261e+12 2.631220e+11 2.842949e+10 8.342791e+09 4.429231e+09
1.288412e-03 1.412401e+12 2.742895e+11 3.081511e+10 1.400167e+10 -1.220786e+10
1.351080e-03 1.399383e+12 2.846594e+11 3.450998e+10 8.562433e+09 1.417268e+10
1.412291e-03 1.386101e+12 2.946723e+11 3.929996e+10 1.686842e+10 -6.221964e+09
1.475368e-03 1.372132e+12 3.043117e+11 3.762847e+10 1.599290e+10 -5.261655e+09
1.538515e-03 1.357509e+12 3.138479e+11 4.245817e+10 2.334020e+10 -1.978454e+10
1.601338e-03 1.342710e+12 3.224855e+11 4.520731e+10 1.353587e+10 1.838517e+10
1.665074e-03 1.327039e+12 3.312653e+11 5.223189e+10 1.966348e+10 7.437954e+09
1.728027e-03 1.311353e+12 3.394531e+11 4.977931e+10 2.937708e+10 -1.943807e+10
1.789887e-03 1.295329e+12 3.469729e+11 6.133713e+10 2.616499e+10 5.430861e+09
1.852570e-03 1.279059e+12 3.541623e+11 5.789147e+10 3.202122e+10 -1.385760e+10
1.915088e-03 1.262349e+12 3.607535e+11 6.428635e+10 2.847931e+10 7.826343e+09
1.978019e-03 1.245123e+12 3.673606e+11 6.636259e+10 3.973094e+10 -1.742991e+10
2.041684e-03 1.227429e+12 3.731888e+11 7.372080e+10 3.757804e+10 1.628684e+09
2.104726e-03 1.209834e+12 3.785958e+11 7.274485e+10 4.062650e+10 -6.540240e+09
2.167060e-03 1.191900e+12 3.836491e+11 7.847876e+10 4.617558e+10 -9.192132e+09
2.229921e-03 1.173772e+12 3.881257e+11 8.112128e+10 4.781253e+10 -7.856095e+09
2.292794e-03 1.155314e+12 3.922978e+11 8.463091e+10 5.314773e+10 -1.296561e+10
2.355230e-03 1.136844e+12 3.958230e+11 8.933347e+10 5.423983e+10 -6.378679e+09
2.418331e-03 1.117992e+12 3.990101e+11 9.315862e+10 5.748940e+10 -6.244300e+09
2.481215e-03 1.098994e+12 4.018778e+11 9.629780e+10 6.351162e+10 -1.350172e+10
2.543891e-03 1.080068e+12 4.040306e+11 1.001226e+11 6.388909e+10 -6.107119e+09
2.607003e-03 1.060637e+12 4.061326e+11 1.040320e+11 7.204370e+10 -1.611347e+10
2.669740e-03 1.041364e+12 4.076388e+11 1.072168e+11 7.645244e+10 -1.838029e+10
2.732628e-03 1.022138e+12 4.084150e+11 1.112734e+11 7.601607e+10 -9.489853e+09
2.796013e-03 1.002410e+12 4.091978e+11 1.151539e+11 8.295853e+10 -1.641252e+10
2.858795e-03 9.829914e+11 4.094462e+11 1.177334e+11 8.700479e+10 -1.695431e+10
2.920959e-03 9.638113e+11 4.091187e+11 1.213823e+11 8.915167e+10 -1.565973e+10
2.983535e-03 9.443070e+11 4.086749e+11 1.247431e+11 9.506569e+10 -1.930682e+10
3.046449e-03 9.246936e+11 4.077968e+11 1.285527e+11 1.009321e+11 -2.346151e+10
3.109435e-03 9.052866e+11 4.065695e+11 1.298424e+11 1.047965e+11 -2.648304e+10
3.172429e-03 8.860593e+11 4.044852e+11 1.347269e+11 1.044444e+11 -1.499488e+10
3.235378e-03 8.665332e+11 4.025884e+11 1.383313e+11 1.109954e+11 -2.281892e+10
3.298350e-03 8.472491e+11 4.002926e+11 1.404814e+11 1.155102e+11 -2.392723e+10
3.361502e-03 8.278141e+11 3.977365e+11 1.436024e+11 1.221548e+11 -3.116063e+10
3.424034e-03 8.089586e+11 3.946794e+11 1.461166e+11 1.249883e+11 -2.933254e+10
3.486610e-03 7.902457e+11 3.912612e+11 1.488887e+11 1.275945e+11 -2.764536e+10
3.549533e-03 7.711820e+11 3.878720e+11 1.516072e+11 1.345198e+11 -3.495679e+10
3.612035e-03 7.530120e+11 3.835703e+11 1.556948e+11 1.335431e+11 -2.343841e+10
3.674842e-03 7.342223e+11 3.799573e+11 1.555666e+11 1.424886e+11 -3.897716e+10
3.737743e-03 7.161183e+11 3.752950e+11 1.590494e+11 1.436369e+11 -3.315929e+10
3.800817e-03 6.976577e+11 3.710063e+11 1.599870e+11 1.506523e+11 -4.210715e+10
3.863693e-03 6.800733e+11 3.657523e+11 1.635949e+11 1.508136e+11 -3.479874e+10
3.926624e-03 6.621513e+11 3.609159e+11 1.648373e+11 1.563373e+11 -3.992427e+10
3.989691e-03 6.447451e+11 3.555466e+11 1.668120e+11 1.588655e+11 -4.035517e+10
4.052279e-03 6.275155e+11 3.502120e+11 1.682135e+11 1.626107e+11 -4.191458e+10
4.115276e-03 6.102824e+11 3.446702e+11 1.699627e+11 1.673454e+11 -4.609441e+10
4.178091e-03 5.937759e+11 3.388072e+11 1.712023e+11 1.686369e+11 -4.418881e+10
4.240529e-03 5.772080e+11 3.330565e+11 1.724611e+11 1.726454e+11 -4.677319e+10
4.303566e-03 5.609478e+11 3.269408e+11 1.739228e+11 1.752689e+11 -4.768890e+10
4.366473e-03 5.449902e+11 3.208145e+11 1.748104e+11 1.775980e+11 -4.737777e+10
4.429136e-03 5.292684e+11 3.146156e+11 1.754617e+11 1.808855e+11 -5.132181e+10
4.491804e-03 5.135768e+11 3.085979e+11 1.750997e+11 1.845963e+11 -5.557047e+10
4.554524e-03 4.987125e+11 3.018175e+11 1.778425e+11 1.853621e+11 -5.182636e+10
4.617696e-03 4.837855e+11 2.955241e+11 1.764420e+11 1.874982e+11 -5.421990e+10
4.680743e-03 4.690368e+11 2.889535e+11 1.775431e+11 1.897751e+11 -5.502079e+10
4.743600e-03 4.546658e+11 2.824488e+11 1.773235e+11 1.918296e+11 -5.738630e+10
4.806460e-03 4.408372e+11 2.757099e+11 1.782110e+11 1.927430e+11 -5.521686e+10
4.869182e-03 4.271019e+11 2.691407e+11 1.778282e+11 1.944844e+11 -5.790347e+10
4.931803e-03 4.134188e+11 2.627631e+11 1.768245e+11 1.967819e+11 -6.097065e+10
4.994544e-03 4.004641e+11 2.560788e+11 1.767140e+11 1.973533e+11 -6.059643e+10
5.057296e-03 3.876320e+11 2.493717e+11 1.771456e+11 1.984147e+11 -6.030518e+10
5.120127e-03 3.753293e+11 2.428634e+11 1.756180e+11 1.982983e+11 -6.046852e+10
5.183244e-03 3.627346e+11 2.363459e+11 1.749057e+11 1.998004e+11 -6.282101e+10
5.246213e-03 3.508095e+11 2.298087e+11 1.741071e+11 2.001041e+11 -6.293160e+10
5.308940e-03 3.390120e+11 2.234542e+11 1.725573e+11 2.006729e+11 -6.496145e+10
5.371705e-03 3.278675e+11 2.169122e+11 1.722529e+11 2.003380e+11 -6.356506e+10
5.434764e-03 3.167296e+11 2.104935e+11 1.715423e+11 2.003221e+11 -6.280985e+10
5.497589e-03 3.058010e+11 2.044678e+11 1.683625e+11 2.000499e+11 -6.653781e+10
5.560094e-03 2.956302e+11 1.980672e+11 1.685887e+11 1.991180e+11 -6.282577e+10
5.623090e-03 2.851056e+11 1.920810e+11 1.660254e+11 1.992850e+11 -6.592804e+10
5.686167e-03 2.751352e+11 1.859954e+11 1.645666e+11 1.982159e+11 -6.558919e+10
5.748863e-03 2.654743e+11 1.801259e+11 1.624993e+11 1.972186e+11 -6.509087e+10
5.811791e-03 2.563646e+11 1.741530e+11 1.613326e+11 1.957224e+11 -6.427505e+10
5.874636e-03 2.469819e+11 1.684833e+11 1.590818e+11 1.947174e+11 -6.407009e+10
5.937271e-03 2.380986e+11 1.628491e+11 1.568934e+11 1.937618e+11 -6.556965e+10
6.000058e-03 2.296661e+11 1.573586e+11 1.547390e+11 1.915646e+11 -6.389678e+10
6.062729e-03 2.212191e+11 1.519652e+11 1.523931e+11 1.902690e+11 -6.439003e+10
6.125517e-03 2.130221e+11 1.466630e+11 1.499380e+11 1.883754e+11 -6.454427e+10
6.188708e-03 2.053356e+11 1.414538e+11 1.479925e+11 1.861225e+11 -6.177704e+10
6.251555e-03 1.977557e+11 1.363469e+11 1.454854e+11 1.841352e+11 -6.289807e+10
6.314077e-03 1.903512e+11 1.314652e+11 1.429072e+11 1.817434e+11 -6.137037e+10
6.377058e-03 1.830874e+11 1.266552e+11 1.399679e+11 1.795541e+11 -6.145883e+10
6.440009e-03 1.762198e+11 1.218991e+11 1.376318e+11 1.771802e+11 -6.092120e+10
6.502812e-03 1.697091e+11 1.173434e+11 1.351933e+11 1.742681e+11 -5.839993e+10
6.565726e-03 1.629554e+11 1.129345e+11 1.315774e+11 1.718046e+11 -5.992233e+10
6.628521e-03 1.569101e+11 1.085381e+11 1.297287e+11 1.691020e+11 -5.687052e+10
6.691272e-03 1.507923e+11 1.043424e+11 1.265148e+11 1.661790e+11 -5.728121e+10
6.754176e-03 1.450692e+11 1.002669e+11 1.239664e+11 1.632030e+11 -5.508071e+10
6.816888e-03 1.393576e+11 9.631968e+10 1.209037e+11 1.601077e+11 -5.422312e+10
6.879625e-03 1.337284e+11 9.249092e+10 1.175408e+11 1.571689e+11 -5.416764e+10
6.942449e-03 1.286800e+11 8.876619e+10 1.151322e+11 1.538762e+11 -5.169220e+10
7.005248e-03 1.236522e+11 8.518033e+10 1.121307e+11 1.508890e+11 -5.118610e+10
7.068136e-03 1.185884e+11 8.167414e+10 1.089774e+11 1.474485e+11 -4.979119e+10
7.131053e-03 1.138750e+11 7.830073e+10 1.060602e+11 1.440937e+11 -4.822143e+10
7.194010e-03 1.093004e+11 7.503583e+10 1.029912e+11 1.408377e+11 -4.747045e+10
7.256902e-03 1.050480e+11 7.192313e+10 1.003565e+11 1.374585e+11 -4.498480e+10
7.319748e-03 1.005209e+11 6.883684e+10 9.676144e+10 1.339605e+11 -4.497452e+10
7.382611e-03 9.666498e+10 6.595037e+10 9.427182e+10 1.305084e+11 -4.238443e+10
7.445306e-03 9.262328e+10 6.312344e+10 9.104012e+10 1.272090e+11 -4.172742e+10
7.507906e-03 8.897441e+10 6.043147e+10 8.833502e+10 1.238087e+11 -4.004009e+10
7.570818e-03 8.508930e+10 5.778334e+10 8.497906e+10 1.202655e+11 -3.874367e+10
7.633721e-03 8.169191e+10 5.525827e+10 8.226260e+10 1.168084e+11 -3.747823e+10
7.696586e-03 7.835069e+10 5.285567e+10 7.951095e+10 1.133996e+11 -3.531959e+10
7.759492e-03 7.503226e+10 5.049955e+10 7.643063e+10 1.098601e+11 -3.437884e+10
7.822382e-03 7.196797e+10 4.827799e+10 7.378702e+10 1.065467e+11 -3.240906e+10
7.885469e-03 6.884237e+10 4.609195e+10 7.068521e+10 1.030917e+11 -3.154692e+10
7.948044e-03 6.601153e+10 4.403678e+10 6.805968e+10 9.968963e+10 -2.970844e+10
8.010528e-03 6.313899e+10 4.204016e+10 6.513366e+10 9.638838e+10 -2.834143e+10
8.073516e-03 6.052604e+10 4.013008e+10 6.250648e+10 9.308933e+10 -2.729430e+10
8.136423e-03 5.794049e+10 3.831156e+10 5.982700e+10 8.983359e+10 -2.538829e+10
8.199228e-03 5.553389e+10 3.655453e+10 5.734552e+10 8.658437e+10 -2.388961e+10
8.262023e-03 5.303564e+10 3.482177e+10 5.449644e+10 8.327539e+10 -2.275937e+10
8.324981e-03 5.087583e+10 3.325449e+10 5.219263e+10 8.036099e+10 -2.124585e+10
8.388025e-03 4.860555e+10 3.167007e+10 4.945994e+10 7.708013e+10 -2.022069e+10
8.450798e-03 4.655403e+10 3.019969e+10 4.716809e+10 7.410354e+10 -1.838844e+10
8.513424e-03 4.447138e+10 2.873322e+10 4.462024e+10 7.103376e+10 -1.746147e+10
8.576219e-03 4.262001e+10 2.741399e+10 4.240631e+10 6.825960e+10 -1.602844e+10
8.639099e-03 4.075762e+10 2.608947e+10 4.008568e+10 6.535005e+10 -1.496032e+10
8.701941e-03 3.894518e+10 2.481044e+10 3.778217e+10 6.244754e+10 -1.355402e+10
8.764716e-03 3.725373e+10 2.361039e+10 3.561343e+10 5.972326e+10 -1.226631e+10
8.827545e-03 3.562610e+10 2.245909e+10 3.345623e+10 5.710727e+10 -1.153464e+10
8.890404e-03 3.412053e+10 2.138079e+10 3.147327e+10 5.450333e+10 -1.007973e+10
8.953189e-03 3.258705e+10 2.029185e+10 2.937936e+10 5.186960e+10 -9.041147e+09
9.016039e-03 3.116403e+10 1.927769e+10 2.743109e+10 4.940717e+10 -8.050351e+09
9.078883e-03 2.984448e+10 1.833553e+10 2.557316e+10 4.709577e+10 -7.071006e+09
9.141797e-03 2.852098e+10 1.738422e+10 2.372722e+10 4.469696e+10 -6.210163e+09
9.204714e-03 2.727402e+10 1.648942e+10 2.189631e+10 4.234969e+10 -4.903172e+09
9.267500e-03 2.609795e+10 1.564094e+10 2.019163e+10 4.016418e+10 -4.198295e+09
9.330389e-03 2.499612e+10 1.484092e+10 1.857969e+10 3.810736e+10 -3.365404e+09
9.393353e-03 2.387759e+10 1.404157e+10 1.687375e+10 3.597862e+10 -2.506781e+09
9.456033e-03 2.289109e+10 1.331326e+10 1.540830e+10 3.400406e+10 -1.767121e+09
9.518699e-03 2.188875e+10 1.257737e+10 1.385801e+10 3.204442e+10 -8.347400e+08
9.581480e-03 2.098111e+10 1.191915e+10 1.247118e+10 3.025909e+10 -4.322797e+08
9.644431e-03 2.009498e+10 1.125688e+10 1.107137e+10 2.842603e+10 4.269322e+08
9.707436e-03 1.926241e+10 1.062993e+10 9.761453e+09 2.668804e+10 1.122880e+09
9.770160e-03 1.847813e+10 1.004698e+10 8.533541e+09 2.506477e+10 1.729186e+09
9.832865e-03 1.771145e+10 9.455033e+09 7.263170e+09 2.340532e+10 2.418893e+09
9.895597e-03 1.702116e+10 8.943152e+09 6.199604e+09 2.198112e+10 2.753629e+09
9.958595e-03 1.632104e+10 8.400051e+09 5.017097e+09 2.043749e+10 3.411937e+09
1.002149e-02 1.569230e+10 7.919649e+09 4.016754e+09 1.906670e+10 3.822219e+09
1.008410e-02 1.508700e+10 7.442304e+09 3.008117e+09 1.770633e+10 4.305278e+09
1.014702e-02 1.452808e+10 6.999729e+09 2.084668e+09 1.646385e+10 4.778598e+09
1.020999e-02 1.398725e+10 6.577209e+09 1.195492e+09 1.522371e+10 5.108597e+09
1.027280e-02 1.348821e+10 6.164230e+09 3.360886e+08 1.406338e+10 5.498008e+09
1.033567e-02 1.300617e+10 5.786308e+09 -4.320688e+08 1.293000e+10 5.978220e+09
1.039854e-02 1.255513e+10 5.414171e+09 -1.197606e+09 1.187751e+10 6.197593e+09
1.046130e-02 1.214763e+10 5.072598e+09 -1.879990e+09 1.090247e+10 6.505923e+09
1.052408e-02 1.174721e+10 4.745799e+09 -2.544031e+09 9.943683e+09 6.724782e+09
1.058689e-02 1.137999e+10 4.430475e+09 -3.161665e+09 9.007265e+09 7.121516e+09
1.064973e-02 1.103315e+10 4.145664e+09 -3.709098e+09 8.175142e+09 7.303256e+09
1.071266e-02 1.072968e+10 3.867030e+09 -4.232721e+09 7.402692e+09 7.509941e+09
1.077552e-02 1.041877e+10 3.604408e+09 -4.736304e+09 6.593707e+09 7.743076e+09
1.083829e-02 1.014124e+10 3.364211e+09 -5.171640e+09 5.880637e+09 7.991502e+09
1.090115e-02 9.892013e+09 3.133729e+09 -5.581407e+09 5.210501e+09 8.210798e+09
1.096400e-02 9.645286e+09 2.922746e+09 -5.948212e+09 4.595888e+09 8.229381e+09
1.102688e-02 9.429027e+09 2.720336e+09 -6.290537e+09 3.982706e+09 8.466747e+09
1.108967e-02 9.214270e+09 2.537469e+09 -6.586577e+09 3.413266e+09 8.616716e+09
1.115232e-02 9.026451e+09 2.366973e+09 -6.851115e+09 2.903959e+09 8.714340e+09
1.121507e-02 8.868631e+09 2.200033e+09 -7.104602e+09 2.406053e+09 8.873524e+09
1.127797e-02 8.693673e+09 2.060073e+09 -7.295159e+09 1.965857e+09 8.978010e+09
1.134099e-02 8.563292e+09 1.918909e+09 -7.488049e+09 1.525901e+09 9.121435e+09
1.140372e-02 8.406591e+09 1.802360e+09 -7.616817e+09 1.136546e+09 9.215870e+09
1.146650e-02 8.305003e+09 1.683776e+09 -7.756658e+09 7.811846e+08 9.296981e+09
1.152952e-02 8.188233e+09 1.584203e+09 -7.845406e+09 4.427033e+08 9.428925e+09
1.159236e-02 8.080612e+09 1.493656e+09 -7.914875e+09 1.257796e+08 9.519284e+09
1.165521e-02 8.003655e+09 1.409705e+09 -7.978573e+09 -1.609653e+08 9.647759e+09
1.171802e-02 7.901860e+09 1.339301e+09 -7.972132e+09 -3.900579e+08 9.632937e+09
1.178091e-02 7.844420e+09 1.274396e+09 -8.008151e+09 -6.653048e+08 9.834974e+09
1.184377e-02 7.767371e+09 1.219422e+09 -7.983485e+09 -8.542819e+08 9.878008e+09
1.190645e-02 7.712631e+09 1.174857e+09 -7.942132e+09 -1.065409e+09 9.981114e+09
1.196918e-02 7.659562e+09 1.135510e+09 -7.898442e+09 -1.230476e+09 1.006679e+10
1.203205e-02 7.596939e+09 1.103828e+09 -7.807729e+09 -1.379626e+09 1.011376e+10
1.209494e-02 7.573688e+09 1.078628e+09 -7.744536e+09 -1.523698e+09 1.027400e+10
1.215771e-02 7.518366e+09 1.058892e+09 -7.619829e+09 -1.625690e+09 1.029067e+10
1.222054e-02 7.489307e+09 1.050294e+09 -7.521004e+09 -1.752188e+09 1.046950e+10
1.228344e-02 7.462376e+09 1.041121e+09 -7.391629e+09 -1.825909e+09 1.052486e+10
1.234640e-02 7.431184e+09 1.042947e+09 -7.241395e+09 -1.904499e+09 1.061628e+10
1.240915e-02 7.418989e+09 1.045792e+09 -7.104569e+09 -1.962886e+09 1.076089e+10
1.247184e-02 7.364874e+09 1.052706e+09 -6.923974e+09 -2.016611e+09 1.081367e+10
1.253470e-02 7.372949e+09 1.067779e+09 -6.755606e+09 -2.045922e+09 1.095575e+10
1.259754e-02 7.343007e+09 1.083011e+09 -6.569954e+09 -2.063359e+09 1.103761e+10
1.266036e-02 7.318740e+09 1.102669e+09 -6.383713e+09 -2.084256e+09 1.114849e+10
1.272320e-02 7.304606e+09 1.131705e+09 -6.184178e+09 -2.099922e+09 1.128428e+10
1.278608e-02 7.288142e+09 1.151918e+09 -5.971877e+09 -2.069490e+09 1.135924e+10
1.284892e-02 7.280409e+09 1.181602e+09 -5.770707e+09 -2.058887e+09 1.151223e+10
1.291183e-02 7.253395e+09 1.212706e+09 -5.550154e+09 -2.041147e+09 1.162177e+10
1.297477e-02 7.232388e+09 1.244893e+09 -5.319444e+09 -2.010989e+09 1.172935e+10
1.303751e-02 7.224112e+09 1.282623e+09 -5.105251e+09 -1.978281e+09 1.187945e+10
1.310022e-02 7.202309e+09 1.311435e+09 -4.864595e+09 -1.906971e+09 1.194528e+10
1.316309e-02 7.187928e+09 1.359564e+09 -4.641531e+09 -1.874837e+09 1.210759e+10
1.322594e-02 7.153820e+09 1.382182e+09 -4.398695e+09 -1.815705e+09 1.221006e+10
1.328870e-02 7.150892e+09 1.430528e+09 -4.168815e+09 -1.753059e+09 1.236419e+10
1.335152e-02 7.123646e+09 1.463769e+09 -3.933268e+09 -1.680010e+09 1.247646e+10
1.341448e-02 7.096753e+09 1.501569e+09 -3.702021e+09 -1.607797e+09 1.258732e+10
1.347734e-02 7.073565e+09 1.546098e+09 -3.454694e+09 -1.539077e+09 1.272873e+10
1.354004e-02 7.040117e+09 1.571896e+09 -3.210830e+09 -1.461491e+09 1.284274e+10
1.360289e-02 7.021747e+09 1.619766e+09 -2.969948e+09 -1.361705e+09 1.294412e+10
1.366571e-02 6.984631e+09 1.645922e+09 -2.747292e+09 -1.283259e+09 1.307047e+10
1.372857e-02 6.954056e+09 1.688535e+09 -2.499549e+09 -1.192785e+09 1.317817e+10
1.379141e-02 6.926681e+09 1.721264e+09 -2.271637e+09 -1.109155e+09 1.333272e+10
1.385412e-02 6.879680e+09 1.748858e+09 -2.047673e+09 -1.014206e+09 1.341001e+10
1.391702e-02 6.853240e+09 1.788486e+09 -1.817325e+09 -9.086109e+08 1.352179e+10
1.397990e-02 6.810712e+09 1.810862e+09 -1.581562e+09 -8.209626e+08 1.363842e+10
1.404272e-02 6.767463e+09 1.841374e+09 -1.369789e+09 -7.286269e+08 1.374114e+10
1.410560e-02 6.724044e+09 1.866224e+09 -1.137731e+09 -6.258618e+08 1.383928e+10
1.416843e-02 6.680439e+09 1.894063e+09 -9.326784e+08 -5.192530e+08 1.391276e+10
1.423121e-02 6.640173e+09 1.918187e+09 -7.269427e+08 -4.233629e+08 1.402230e+10
1.429401e-02 6.577706e+09 1.933230e+09 -5.165231e+08 -3.379556e+08 1.409805e+10
1.435689e-02 6.538418e+09 1.957199e+09 -3.123081e+08 -2.295535e+08 1.419292e+10
1.441980e-02 6.482553e+09 1.971214e+09 -1.235086e+08 -1.327538e+08 1.424860e+10
1.448261e-02 6.437411e+09 1.988490e+09 7.985362e+07 -3.052983e+07 1.434041e+10
1.454538e-02 6.375016e+09 2.002423e+09 2.721221e+08 6.476040e+07 1.439950e+10
1.460822e-02 6.315678e+09 2.008518e+09 4.383837e+08 1.470697e+08 1.446035e+10
1.467115e-02 6.262664e+09 2.022998e+09 6.129224e+08 2.551586e+08 1.450056e+10
1.473401e-02 6.202832e+09 2.025661e+09 7.900216e+08 3.436568e+08 1.455375e+10
1.479676e-02 6.146471e+09 2.032063e+09 9.620945e+08 4.330224e+08 1.462416e+10
1.485961e-02 6.076272e+09 2.034288e+09 1.107692e+09 5.174332e+08 1.463038e+10
1.492239e-02 6.020435e+09 2.035368e+09 1.264368e+09 6.079431e+08 1.467616e+10
1.498506e-02 5.952645e+09 2.038131e+09 1.410791e+09 6.949373e+08 1.468739e+10
1.504789e-02 5.885022e+09 2.026290e+09 1.544565e+09 7.752570e+08 1.469215e+10
1.511078e-02 5.815188e+09 2.026932e+09 1.690902e+09 8.511335e+08 1.471508e+10
1.517364e-02 5.758122e+09 2.019543e+09 1.820303e+09 9.316124e+08 1.473684e+10
1.523654e-02 5.688470e+09 2.011787e+09 1.921263e+09 1.005406e+09 1.471569e+10
1.529942e-02 5.619449e+09 2.002519e+09 2.050137e+09 1.077772e+09 1.472484e+10
1.536235e-02 5.543750e+09 1.986787e+09 2.155214e+09 1.136823e+09 1.469647e+10
1.542517e-02 5.478028e+09 1.978131e+09 2.257070e+09 1.204227e+09 1.468568e+10
1.548789e-02 5.412137e+09 1.960738e+09 2.344793e+09 1.270377e+09 1.465629e+10
1.555076e-02 5.334867e+09 1.944660e+09 2.449344e+09 1.330005e+09 1.461851e+10
1.561359e-02 5.266582e+09 1.927909e+09 2.525781e+09 1.381349e+09 1.458666e+10
1.567632e-02 5.187423e+09 1.905654e+09 2.604180e+09 1.429573e+09 1.452800e+10
1.573917e-02 5.124050e+09 1.890807e+09 2.673180e+09 1.490570e+09 1.447939e+10
1.580208e-02 5.043679e+09 1.863536e+09 2.731054e+09 1.528146e+09 1.440592e+10
1.586491e-02 4.976541e+09 1.845643e+09 2.793734e+09 1.563688e+09 1.436706e+10
1.592764e-02 4.904898e+09 1.821774e+09 2.843887e+09 1.602445e+09 1.430226e+10
1.599049e-02 4.829481e+09 1.796470e+09 2.887761e+09 1.644636e+09 1.420026e+10
1.605344e-02 4.764955e+09 1.775981e+09 2.929929e+09 1.669214e+09 1.415780e+10
1.611624e-02 4.680761e+09 1.743279e+09 2.963411e+09 1.693935e+09 1.404245e+10
1.617906e-02 4.615159e+09 1.721785e+09 2.989466e+09 1.716536e+09 1.397155e+10
1.624189e-02 4.541659e+09 1.692974e+09 3.010559e+09 1.743118e+09 1.385598e+10
1.630468e-02 4.468972e+09 1.665795e+09 3.028041e+09 1.758764e+09 1.375451e+10
1.636757e-02 4.398941e+09 1.638453e+09 3.045507e+09 1.767033e+09 1.366795e+10
1.643038e-02 4.328505e+09 1.609887e+09 3.038495e+09 1.773864e+09 1.355101e+10
1.649314e-02 4.254747e+09 1.581598e+09 3.048952e+09 1.786758e+09 1.343132e+10
1.655599e-02 4.182739e+09 1.550237e+09 3.036158e+09 1.784443e+09 1.330295e+10
1.661885e-02 4.115716e+09 1.522977e+09 3.037609e+09 1.786159e+09 1.319583e+10
1.668174e-02 4.043847e+09 1.492715e+09 3.016529e+09 1.778605e+09 1.306349e+10
1.674456e-02 3.977345e+09 1.465767e+09 2.996339e+09 1.778396e+09 1.293235e+10
1.680728e-02 3.909934e+09 1.436063e+09 2.974489e+09 1.760176e+09 1.280754e+10
1.687017e-02 3.840586e+09 1.405783e+09 2.950261e+09 1.753695e+09 1.266390e+10
1.693315e-02 3.771873e+09 1.376219e+09 2.912992e+09 1.734424e+09 1.251832e+10
1.699589e-02 3.704101e+09 1.346751e+09 2.875223e+09 1.710746e+09 1.237965e+10
1.705867e-02 3.638744e+09 1.317388e+09 2.840049e+09 1.694078e+09 1.222696e+10
1.712163e-02 3.577206e+09 1.291476e+09 2.801475e+09 1.673115e+09 1.209364e+10
1.718447e-02 3.507785e+09 1.261010e+09 2.743499e+09 1.643365e+09 1.192165e+10
1.724726e-02 3.444580e+09 1.232712e+09 2.693411e+09 1.609991e+09 1.177697e+10
1.731003e-02 3.381531e+09 1.204456e+09 2.644879e+09 1.583694e+09 1.161913e+10
1.737292e-02 3.318647e+09 1.176929e+09 2.585379e+09 1.548589e+09 1.145701e+10
1.743574e-02 3.260512e+09 1.152831e+09 2.525058e+09 1.514904e+09 1.130874e+10
1.749847e-02 3.195165e+09 1.122380e+09 2.465410e+09 1.474261e+09 1.113941e+10
1.756133e-02 3.135258e+09 1.096841e+09 2.401693e+09 1.437316e+09 1.097323e+10
1.762415e-02 3.077054e+09 1.071459e+09 2.325527e+09 1.395615e+09 1.080312e+10
1.768698e-02 3.017572e+09 1.045407e+09 2.268175e+09 1.356606e+09 1.064453e+10
1.774982e-02 2.959274e+09 1.020566e+09 2.188082e+09 1.309247e+09 1.047325e+10
1.781268e-02 2.902057e+09 9.954614e+08 2.114990e+09 1.262557e+09 1.030645e+10
1.787557e-02 2.848496e+09 9.743095e+08 2.040334e+09 1.218318e+09 1.013947e+10
1.793843e-02 2.791845e+09 9.488797e+08 1.964695e+09 1.170807e+09 9.970084e+09
1.800122e-02 2.737242e+09 9.263293e+08 1.887696e+09 1.122011e+09 9.800793e+09
1.806400e-02 2.680320e+09 9.013935e+08 1.806006e+09 1.073402e+09 9.616134e+09
1.812677e-02 2.630173e+09 8.825589e+08 1.722472e+09 1.023038e+09 9.450521e+09
1.818960e-02 2.578873e+09 8.604175e+08 1.645632e+09 9.722817e+08 9.284382e+09
1.825247e-02 2.527317e+09 8.392582e+08 1.563217e+09 9.207007e+08 9.114673e+09
1.831530e-02 2.476264e+09 8.201017e+08 1.480316e+09 8.718634e+08 8.936254e+09
1.837813e-02 2.427454e+09 7.996538e+08 1.389046e+09 8.158467e+08 8.766720e+09
1.844103e-02 2.380530e+09 7.815525e+08 1.315820e+09 7.662840e+08 8.607604e+09
1.850388e-02 2.330480e+09 7.614435e+08 1.227266e+09 7.140660e+08 8.425208e+09
1.856668e-02 2.281792e+09 7.434472e+08 1.139714e+09 6.637693e+08 8.244716e+09
1.862952e-02 2.239882e+09 7.269988e+08 1.062226e+09 6.080728e+08 8.096402e+09
1.869235e-02 2.192670e+09 7.095882e+08 9.741695e+08 5.600826e+08 7.919734e+09
1.875521e-02 2.147560e+09 6.923352e+08 8.924051e+08 5.063826e+08 7.747004e+09
1.881803e-02 2.104401e+09 6.767792e+08 8.035974e+08 4.559356e+08 7.578207e+09
1.888083e-02 2.061503e+09 6.612431e+08 7.262813e+08 4.082849e+08 7.414685e+09
1.894358e-02 2.021973e+09 6.467707e+08 6.461307e+08 3.549164e+08 7.262624e+09
1.900645e-02 1.978819e+09 6.316655e+08 5.606842e+08 3.066611e+08 7.087085e+09
1.906935e-02 1.938958e+09 6.182716e+08 4.840193e+08 2.588374e+08 6.927034e+09
1.913210e-02 1.899064e+09 6.035940e+08 4.018109e+08 2.114856e+08 6.765036e+09
1.919494e-02 1.863076e+09 5.915677e+08 3.261728e+08 1.624264e+08 6.616976e+09
1.925782e-02 1.822828e+09 5.785751e+08 2.440610e+08 1.176523e+08 6.446787e+09
1.932068e-02 1.786126e+09 5.656942e+08 1.710270e+08 7.306479e+07 6.292381e+09
1.938348e-02 1.751901e+09 5.549546e+08 1.000195e+08 2.762024e+07 6.149306e+09
1.944625e-02 1.714971e+09 5.426278e+08 2.334206e+07 -1.525800e+07 5.988584e+09
1.950911e-02 1.681092e+09 5.323346e+08 -4.675957e+07 -5.691007e+07 5.841518e+09
1.957198e-02 1.647071e+09 5.211440e+08 -1.172158e+08 -9.815714e+07 5.692609e+09
1.963482e-02 1.614637e+09 5.107559e+08 -1.876610e+08 -1.373293e+08 5.546022e+09
1.969763e-02 1.582617e+09 5.010531e+08 -2.502993e+08 -1.768115e+08 5.407323e+09
1.976054e-02 1.550171e+09 4.915073e+08 -3.194380e+08 -2.142967e+08 5.259068e+09
1.982343e-02 1.520804e+09 4.828350e+08 -3.819372e+08 -2.508896e+08 5.124491e+09
1.988621e-02 1.490856e+09 4.732177e+08 -4.399201e+08 -2.847745e+08 4.990252e+09
1.994903e-02 1.461195e+09 4.649986e+08 -5.017260e+08 -3.185477e+08 4.851672e+09
2.001187e-02 1.433104e+09 4.569953e+08 -5.573920e+08 -3.511676e+08 4.721174e+09
2.007464e-02 1.405427e+09 4.483319e+08 -6.143355e+08 -3.823670e+08 4.593111e+09
2.013740e-02 1.378991e+09 4.412094e+08 -6.659205e+08 -4.124198e+08 4.466949e+09
2.020021e-02 1.352166e+09 4.333795e+08 -7.179043e+08 -4.404703e+08 4.342422e+09
2.026315e-02 1.326846e+09 4.265888e+08 -7.662593e+08 -4.678221e+08 4.222022e+09
2.032605e-02 1.302000e+09 4.196937e+08 -8.126651e+08 -4.930348e+08 4.103450e+09
2.038878e-02 1.278717e+09 4.132246e+08 -8.611574e+08 -5.186688e+08 3.989043e+09
2.045158e-02 1.254727e+09 4.072613e+08 -9.003228e+08 -5.412440e+08 3.875146e+09
2.051448e-02 1.231971e+09 4.000576e+08 -9.429512e+08 -5.643276e+08 3.767674e+09
2.057734e-02 1.210734e+09 3.954831e+08 -9.803596e+08 -5.841085e+08 3.660823e+09
2.064018e-02 1.188813e+09 3.890786e+08 -1.016568e+09 -6.040595e+08 3.558529e+09
2.070304e-02 1.167270e+09 3.833963e+08 -1.049075e+09 -6.212865e+08 3.453101e+09
2.076595e-02 1.147965e+09 3.787227e+08 -1.081360e+09 -6.382959e+08 3.358167e+09
2.082869e-02 1.128375e+09 3.731952e+08 -1.112438e+09 -6.542168e+08 3.264244e+09
2.089140e-02 1.109640e+09 3.688684e+08 -1.138516e+09 -6.687762e+08 3.172661e+09
2.095430e-02 1.090746e+09 3.635587e+08 -1.163912e+09 -6.823048e+08 3.082674e+09
2.101710e-02 1.073590e+09 3.597180e+08 -1.185909e+09 -6.934227e+08 2.998522e+09
2.107990e-02 1.056368e+09 3.549250e+08 -1.207553e+09 -7.048268e+08 2.916349e+09
2.114275e-02 1.039436e+09 3.507272e+08 -1.225839e+09 -7.144807e+08 2.836851e+09
2.120557e-02 1.023780e+09 3.475170e+08 -1.243218e+09 -7.231069e+08 2.759329e+09
2.126842e-02 1.008071e+09 3.424959e+08 -1.257082e+09 -7.303230e+08 2.687642e+09
2.133126e-02 9.937601e+08 3.396790e+08 -1.270052e+09 -7.381596e+08 2.619710e+09
2.139415e-02 9.787183e+08 3.359399e+08 -1.280523e+09 -7.429663e+08 2.551602e+09
2.145701e-02 9.648618e+08 3.324388e+08 -1.288618e+09 -7.471896e+08 2.486568e+09
2.151977e-02 9.518441e+08 3.292644e+08 -1.294229e+09 -7.508363e+08 2.427909e+09
2.158262e-02 9.388554e+08 3.260240e+08 -1.300716e+09 -7.535885e+08 2.370024e+09
2.164549e-02 9.266300e+08 3.234124e+08 -1.302818e+09 -7.560920e+08 2.316697e+09
2.170835e-02 9.136478e+08 3.195748e+08 -1.301916e+09 -7.550648e+08 2.262038e+09
2.177117e-02 9.029738e+08 3.175078e+08 -1.301562e+09 -7.559864e+08 2.215251e+09
2.183391e-02 8.914925e+08 3.147266e+08 -1.298692e+09 -7.548509e+08 2.169758e+09
2.189674e-02 8.808236e+08 3.117602e+08 -1.294379e+09 -7.529916e+08 2.127362e+09
2.195964e-02 8.702775e+08 3.099180e+08 -1.287285e+09 -7.503060e+08 2.086041e+09
2.202248e-02 8.607913e+08 3.066860e+08 -1.279973e+09 -7.468118e+08 2.050254e+09
2.208526e-02 8.511363e+08 3.050461e+08 -1.269830e+09 -7.435594e+08 2.016793e+09
2.214806e-02 8.420256e+08 3.024773e+08 -1.258653e+09 -7.383993e+08 1.985302e+09
2.221095e-02 8.334872e+08 3.006030e+08 -1.247015e+09 -7.335246e+08 1.956871e+09
2.227376e-02 8.243508e+08 2.984859e+08 -1.230617e+09 -7.262295e+08 1.928281e+09
2.233660e-02 8.175268e+08 2.965278e+08 -1.218620e+09 -7.216241e+08 1.909610e+09
2.239951e-02 8.087360e+08 2.948284e+08 -1.199747e+09 -7.134022e+08 1.885503e+09
2.246232e-02 8.016879e+08 2.925852e+08 -1.181589e+09 -7.056688e+08 1.868142e+09
2.252510e-02 7.942417e+08 2.909143e+08 -1.161790e+09 -6.968886e+08 1.851412e+09
2.258787e-02 7.872546e+08 2.891865e+08 -1.140858e+09 -6.884001e+08 1.837993e+09
2.265070e-02 7.809050e+08 2.872104e+08 -1.119993e+09 -6.790705e+08 1.827147e+09
2.271352e-02 7.744568e+08 2.861578e+08 -1.096480e+09 -6.696242e+08 1.817687e+09
2.277642e-02 7.687510e+08 2.841606e+08 -1.074132e+09 -6.597302e+08 1.811818e+09
2.283929e-02 7.627677e+08 2.829100e+08 -1.048070e+09 -6.492658e+08 1.806942e+09
2.290206e-02 7.568911e+08 2.811538e+08 -1.021666e+09 -6.378378e+08 1.803249e+09
2.296496e-02 7.518330e+08 2.796701e+08 -9.962984e+08 -6.267388e+08 1.803149e+09
2.302777e-02 7.461306e+08 2.786037e+08 -9.674909e+08 -6.153123e+08 1.803296e+09
2.309054e-02 7.418818e+08 2.766086e+08 -9.406148e+08 -6.033284e+08 1.807656e+09
2.315342e-02 7.366788e+08 2.757144e+08 -9.109364e+08 -5.910196e+08 1.810816e+09
2.321632e-02 7.320980e+08 2.738448e+08 -8.817526e+08 -5.788509e+08 1.817466e+09
2.327917e-02 7.278177e+08 2.727280e+08 -8.518367e+08 -5.664780e+08 1.826075e+09
2.334191e-02 7.229667e+08 2.713435e+08 -8.197398e+08 -5.528386e+08 1.833165e+09
2.340472e-02 7.194038e+08 2.697309e+08 -7.898845e+08 -5.402165e+08 1.845094e+09
2.346760e-02 7.149002e+08 2.686755e+08 -7.569237e+08 -5.271002e+08 1.856756e+09
2.353050e-02 7.115002e+08 2.670878e+08 -7.274952e+08 -5.140259e+08 1.870046e+09
2.359332e-02 7.077835e+08 2.659580e+08 -6.933000e+08 -4.999235e+08 1.884556e+09
2.365605e-02 7.036417e+08 2.642996e+08 -6.597594e+08 -4.856908e+08 1.898083e+09
2.371890e-02 7.005228e+08 2.629021e+08 -6.281883e+08 -4.725492e+08 1.915755e+09
2.378176e-02 6.968175e+08 2.618583e+08 -5.954327e+08 -4.598496e+08 1.933504e+09
2.384456e-02 6.939564e+08 2.600152e+08 -5.620965e+08 -4.448460e+08 1.950800e+09
2.390740e-02 6.902052e+08 2.588146e+08 -5.284038e+08 -4.308909e+08 1.969047e+09
2.397018e-02 6.872148e+08 2.572601e+08 -4.967591e+08 -4.185220e+08 1.989194e+09
2.403299e-02 6.840957e+08 2.558147e+08 -4.623692e+08 -4.034136e+08 2.008710e+09
2.409587e-02 6.810040e+08 2.544007e+08 -4.279860e+08 -3.897939e+08 2.030028e+09
2.415877e-02 6.780021e+08 2.526097e+08 -3.963522e+08 -3.750211e+08 2.048801e+09
2.422167e-02 6.747466e+08 2.512565e+08 -3.626909e+08 -3.620165e+08 2.070723e+09
2.428445e-02 6.726810e+08 2.497298e+08 -3.310405e+08 -3.492882e+08 2.094895e+09
2.434721e-02 6.689684e+08 2.479346e+08 -2.983904e+08 -3.346236e+08 2.112636e+09
2.441004e-02 6.663377e+08 2.463699e+08 -2.645786e+08 -3.211799e+08 2.136428e+09
2.447292e-02 6.637781e+08 2.446475e+08 -2.340271e+08 -3.073950e+08 2.158124e+09
2.453573e-02 6.605939e+08 2.430067e+08 -2.013575e+08 -2.950946e+08 2.180003e+09
2.459853e-02 6.582457e+08 2.411764e+08 -1.719187e+08 -2.811503e+08 2.200963e+09
2.466143e-02 6.548909e+08 2.393048e+08 -1.392022e+08 -2.681876e+08 2.222394e+09
2.472428e-02 6.524550e+08 2.376245e+08 -1.094518e+08 -2.554694e+08 2.244102e+09
2.478701e-02 6.499492e+08 2.359155e+08 -8.077519e+07 -2.435476e+08 2.265872e+09
2.484983e-02 6.465617e+08 2.338268e+08 -4.830170e+07 -2.296803e+08 2.285470e+09
2.491274e-02 6.441865e+08 2.318208e+08 -2.252035e+07 -2.182011e+08 2.305829e+09
2.497552e-02 6.411275e+08 2.300396e+08 7.038258e+06 -2.062326e+08 2.325278e+09
2.503835e-02 6.388212e+08 2.281744e+08 3.453404e+07 -1.942752e+08 2.346567e+09
2.510120e-02 6.356346e+08 2.260663e+08 6.138368e+07 -1.826844e+08 2.363658e+09
2.516403e-02 6.326554e+08 2.238969e+08 8.933394e+07 -1.713981e+08 2.382432e+09
2.522691e-02 6.300098e+08 2.219304e+08 1.133004e+08 -1.597924e+08 2.399023e+09
2.528974e-02 6.270585e+08 2.198788e+08 1.409365e+08 -1.490580e+08 2.417452e+09
2.535254e-02 6.242839e+08 2.178278e+08 1.614327e+08 -1.394479e+08 2.432412e+09
2.541543e-02 6.211562e+08 2.155664e+08 1.882238e+08 -1.280261e+08 2.448041e+09
2.547829e-02 6.179460e+08 2.133090e+08 2.108614e+08 -1.187357e+08 2.462236e+09
2.554104e-02 6.154890e+08 2.114288e+08 2.316764e+08 -1.085102e+08 2.476404e+09
2.560379e-02 6.115420e+08 2.088916e+08 2.552923e+08 -9.940740e+07 2.488162e+09
2.566670e-02 6.093795e+08 2.069081e+08 2.741985e+08 -8.964889e+07 2.501307e+09
2.572959e-02 6.056218e+08 2.045767e+08 2.945232e+08 -8.163702e+07 2.511102e+09
2.579238e-02 6.026516e+08 2.023447e+08 3.141492e+08 -7.242420e+07 2.521838e+09
2.585524e-02 5.994018e+08 2.001797e+08 3.311350e+08 -6.466809e+07 2.530268e+09
2.591809e-02 5.957635e+08 1.976940e+08 3.496285e+08 -5.715808e+07 2.537775e+09
2.598089e-02 5.933040e+08 1.957685e+08 3.655869e+08 -4.902357e+07 2.547253e+09
2.604363e-02 5.891343e+08 1.931028e+08 3.829594e+08 -4.161214e+07 2.551370e+09
2.610648e-02 5.859649e+08 1.910093e+08 3.963969e+08 -3.470922e+07 2.555866e+09
2.616936e-02 5.822588e+08 1.888187e+08 4.093165e+08 -2.907184e+07 2.559083e+09
2.623211e-02 5.790852e+08 1.863558e+08 4.260434e+08 -2.197105e+07 2.565046e+09
2.629494e-02 5.749636e+08 1.841515e+08 4.345867e+08 -1.624759e+07 2.561990e+09
2.635781e-02 5.715603e+08 1.817282e+08 4.495734e+08 -1.063165e+07 2.566153e+09
2.642065e-02 5.680380e+08 1.796626e+08 4.580117e+08 -5.280702e+06 2.564523e+09
2.648348e-02 5.641966e+08 1.773815e+08 4.687726e+08 -6.401512e+05 2.563806e+09
2.654638e-02 5.600438e+08 1.748416e+08 4.774221e+08 4.115023e+06 2.558908e+09
2.660925e-02 5.562312e+08 1.729602e+08 4.844932e+08 8.279123e+06 2.555369e+09
2.667201e-02 5.526257e+08 1.704023e+08 4.952148e+08 1.237873e+07 2.553709e+09
2.673488e-02 5.487018e+08 1.684872e+08 4.985266e+08 1.604242e+07 2.545768e+09
2.679776e-02 5.442404e+08 1.660197e+08 5.057235e+08 1.943544e+07 2.538382e+09
2.686060e-02 5.401145e+08 1.638999e+08 5.095353e+08 2.238293e+07 2.529418e+09
2.692343e-02 5.364154e+08 1.618238e+08 5.147304e+08 2.521634e+07 2.522958e+09
2.698622e-02 5.317919e+08 1.594584e+08 5.178679e+08 2.704543e+07 2.511380e+09
2.704897e-02 5.276590e+08 1.574953e+08 5.193820e+08 2.988176e+07 2.499442e+09
2.711177e-02 5.231992e+08 1.551318e+08 5.227832e+08 3.131488e+07 2.488308e+09
2.717462e-02 5.190668e+08 1.533697e+08 5.216864e+08 3.288672e+07 2.474516e+09
2.723749e-02 5.145424e+08 1.510605e+08 5.240515e+08 3.451540e+07 2.461320e+09
2.730042e-02 5.099934e+08 1.490187e+08 5.231526e+08 3.544912e+07 2.445497e+09
2.736320e-02 5.055809e+08 1.471133e+08 5.204857e+08 3.590997e+07 2.429354e+09
2.742592e-02 5.009132e+08 1.449080e+08 5.209689e+08 3.623759e+07 2.413780e+09
2.748882e-02 4.964456e+08 1.431660e+08 5.155751e+08 3.650832e+07 2.394137e+09
2.755167e-02 4.916176e+08 1.410397e+08 5.143532e+08 3.666111e+07 2.376450e+09
2.761450e-02 4.870070e+08 1.391264e+08 5.099639e+08 3.642152e+07 2.356613e+09
2.767735e-02 4.822998e+08 1.372979e+08 5.054441e+08 3.604353e+07 2.336365e+09
2.774019e-02 4.773099e+08 1.352538e+08 5.009468e+08 3.509822e+07 2.314785e+09
2.780301e-02 4.727544e+08 1.335515e+08 4.939870e+08 3.411422e+07 2.292913e+09
2.786580e-02 4.676050e+08 1.316293e+08 4.890659e+08 3.322033e+07 2.270157e+09
2.792859e-02 4.630917e+08 1.299544e+08 4.807985e+08 3.147585e+07 2.247104e+09
2.799145e-02 4.578993e+08 1.280259e+08 4.745918e+08 3.031474e+07 2.222584e+09
2.805434e-02 4.530713e+08 1.263758e+08 4.665852e+08 2.865046e+07 2.198297e+09
2.811718e-02 4.479976e+08 1.246306e+08 4.572182e+08 2.630707e+07 2.171760e+09
2.817992e-02 4.430708e+08 1.228884e+08 4.502100e+08 2.468667e+07 2.146967e+09
2.824273e-02 4.380244e+08 1.213216e+08 4.385169e+08 2.201631e+07 2.118449e+09
2.830566e-02 4.330400e+08 1.195778e+08 4.311904e+08 2.029109e+07 2.092890e+09
2.836851e-02 4.280334e+08 1.181169e+08 4.197032e+08 1.743893e+07 2.064713e+09
2.843134e-02 4.226830e+08 1.164678e+08 4.085245e+08 1.437660e+07 2.034779e+09
2.849418e-02 4.179028e+08 1.148380e+08 3.999418e+08 1.245365e+07 2.008337e+09
2.855700e-02 4.126877e+08 1.134376e+08 3.859092e+08 8.529829e+06 1.977156e+09
2.861981e-02 4.077124e+08 1.118695e+08 3.770347e+08 6.485106e+06 1.949225e+09
2.868265e-02 4.024099e+08 1.104553e+08 3.628439e+08 2.314612e+06 1.917058e+09
2.874550e-02 3.975869e+08 1.089851e+08 3.521877e+08 -3.026710e+05 1.888424e+09
2.880834e-02 3.923120e+08 1.074895e+08 3.402873e+08 -3.389152e+06 1.857164e+09
2.887116e-02 3.873017e+08 1.062550e+08 3.261775e+08 -7.434234e+06 1.825327e+09
2.893395e-02 3.821458e+08 1.048473e+08 3.147876e+08 -1.056251e+07 1.794625e+09
2.899675e-02 3.772744e+08 1.035338e+08 3.002260e+08 -1.509772e+07 1.762930e+09
2.905957e-02 3.721942e+08 1.022301e+08 2.888029e+08 -1.762989e+07 1.731596e+09
2.912242e-02 3.669896e+08 1.009549e+08 2.750912e+08 -2.161344e+07 1.698455e+09
2.918528e-02 3.622563e+08 9.977919e+07 2.610714e+08 -2.611765e+07 1.667384e+09
2.924811e-02 3.569172e+08 9.848090e+07 2.489347e+08 -2.943557e+07 1.634192e+09
2.931098e-02 3.522510e+08 9.737738e+07 2.332579e+08 -3.406823e+07 1.601651e+09
2.937380e-02 3.471728e+08 9.622359e+07 2.213152e+08 -3.747698e+07 1.569267e+09
2.943661e-02 3.422510e+08 9.508284e+07 2.066773e+08 -4.211629e+07 1.536101e+09
2.949948e-02 3.376081e+08 9.406230e+07 1.936163e+08 -4.632646e+07 1.504823e+09
2.956230e-02 3.325826e+08 9.294518e+07 1.805670e+08 -4.987829e+07 1.471261e+09
2.962512e-02 3.280582e+08 9.202666e+07 1.659016e+08 -5.465517e+07 1.439225e+09
2.968798e-02 3.229482e+08 9.093110e+07 1.532652e+08 -5.886224e+07 1.405808e+09
2.975080e-02 3.185608e+08 9.002046e+07 1.389924e+08 -6.379541e+07 1.374088e+09
2.981362e-02 3.137986e+08 8.914104e+07 1.262414e+08 -6.758983e+07 1.341480e+09
2.987648e-02 3.092332e+08 8.824130e+07 1.129220e+08 -7.221087e+07 1.309279e+09
2.993931e-02 3.047912e+08 8.741052e+07 9.939214e+07 -7.716423e+07 1.277453e+09
3.000209e-02 2.999721e+08 8.653007e+07 8.779526e+07 -8.115493e+07 1.245061e+09
3.006488e-02 2.958402e+08 8.584561e+07 7.334504e+07 -8.653253e+07 1.213565e+09
3.012771e-02 2.914303e+08 8.511127e+07 6.156938e+07 -9.066354e+07 1.182391e+09
3.019054e-02 2.870982e+08 8.434878e+07 4.934666e+07 -9.568070e+07 1.151415e+09
3.025338e-02 2.828188e+08 8.374159e+07 3.675423e+07 -1.007598e+08 1.119979e+09
3.031628e-02 2.785550e+08 8.313024e+07 2.586657e+07 -1.052295e+08 1.089908e+09
3.037913e-02 2.746279e+08 8.256172e+07 1.311655e+07 -1.104400e+08 1.059597e+09
3.044197e-02 2.704984e+08 8.201530e+07 2.898580e+06 -1.152110e+08 1.030190e+09
3.050478e-02 2.664440e+08 8.156950e+07 -9.343880e+06 -1.208296e+08 1.000000e+09
3.056757e-02 2.626080e+08 8.116134e+07 -1.912093e+07 -1.256004e+08 9.719384e+08
3.063042e-02 2.588013e+08 8.078773e+07 -2.933393e+07 -1.305163e+08 9.436250e+08
3.069327e-02 2.550489e+08 8.042318e+07 -3.963894e+07 -1.360723e+08 9.154907e+08
3.075615e-02 2.511746e+08 8.019589e+07 -4.878033e+07 -1.411235e+08 8.878308e+08
3.081897e-02 2.478862e+08 8.004663e+07 -5.869708e+07 -1.470629e+08 8.620055e+08
3.088177e-02 2.441120e+08 7.983996e+07 -6.678436e+07 -1.518359e+08 8.351298e+08
3.094460e-02 2.408153e+08 7.984384e+07 -7.568818e+07 -1.576991e+08 8.099273e+08
3.100745e-02 2.374042e+08 7.985743e+07 -8.321081e+07 -1.629523e+08 7.855353e+08
3.107031e-02 2.339262e+08 7.989634e+07 -9.007687e+07 -1.683391e+08 7.611427e+08
3.113311e-02 2.311399e+08 8.023472e+07 -9.803386e+07 -1.744407e+08 7.390658e+08
3.119592e-02 2.276047e+08 8.037147e+07 -1.033679e+08 -1.790040e+08 7.158248e+08
3.125876e-02 2.247942e+08 8.087558e+07 -1.101995e+08 -1.852436e+08 6.951611e+08
3.132160e-02 2.218119e+08 8.141455e+07 -1.152960e+08 -1.907604e+08 6.746287e+08
3.138440e-02 2.188439e+08 8.201336e+07 -1.194092e+08 -1.959635e+08 6.553954e+08
3.144727e-02 2.162281e+08 8.290278e+07 -1.244181e+08 -2.010362e+08 6.375669e+08
3.151008e-02 2.132802e+08 8.381962e+07 -1.272744e+08 -2.062429e+08 6.201887e+08
3.157285e-02 2.109275e+08 8.507093e+07 -1.310180e+08 -2.114461e+08 6.053994e+08
3.163570e-02 2.082649e+08 8.644298e+07 -1.326697e+08 -2.156615e+08 5.909743e+08
3.169852e-02 2.057774e+08 8.813421e+07 -1.346714e+08 -2.198657e+08 5.779939e+08
3.176139e-02 2.034813e+08 9.011129e+07 -1.357364e+08 -2.233174e+08 5.672899e+08
3.182425e-02 2.010870e+08 9.249861e+07 -1.351660e+08 -2.266976e+08 5.577903e+08
3.188706e-02 1.991079e+08 9.544560e+07 -1.356172e+08 -2.284317e+08 5.508388e+08
3.194991e-02 1.968267e+08 9.884727e+07 -1.337114e+08 -2.294814e+08 5.448273e+08
3.201276e-02 1.948781e+08 1.031772e+08 -1.318958e+08 -2.282801e+08 5.417760e+08
3.207553e-02 1.929908e+08 1.085820e+08 -1.290771e+08 -2.249532e+08 5.412477e+08
3.213836e-02 1.909543e+08 1.162034e+08 -1.249543e+08 -2.152432e+08 5.423196e+08
