# k, q0, q1/i, q2, q3/i, q4, norm, alpha = 0.00032332352494034096, 0.020160886971027085
5.385587e-05 1.444153e+07 2.233559e+05 -9.336786e+02 5.159101e+04 -9.582403e+06
1.034961e-04 1.442984e+07 4.288757e+05 1.468846e+02 -3.268639e+03 9.448266e+05
1.650345e-04 1.440400e+07 6.825734e+05 1.731586e+03 -1.891829e+04 1.135654e+06
2.219461e-04 1.437024e+07 9.154713e+05 8.490252e+02 7.493591e+03 -4.285559e+05
2.831569e-04 1.432248e+07 1.163682e+06 2.701622e+03 -4.971415e+03 2.334735e+05
3.481074e-04 1.425955e+07 1.423666e+06 4.598574e+03 -7.867306e+03 3.255696e+05
4.078467e-04 1.419344e+07 1.639120e+06 -2.329235e+04 2.563719e+04 -2.529625e+05
4.685721e-04 1.410831e+07 1.905899e+06 2.353460e+04 1.780454e+03 5.612158e+04
5.344152e-04 1.400963e+07 2.146696e+06 1.369223e+04 1.060465e+04 1.025511e+05
5.979215e-04 1.390334e+07 2.373052e+06 7.637273e+03 2.480760e+04 -2.072550e+04
6.594309e-04 1.378800e+07 2.596300e+06 1.326662e+04 3.771876e+04 -1.068398e+05
7.211547e-04 1.366261e+07 2.811092e+06 2.015670e+04 3.412516e+04 1.334967e+05
7.842715e-04 1.352555e+07 3.016612e+06 1.981778e+04 5.397436e+04 1.676623e+04
8.480725e-04 1.337497e+07 3.224146e+06 2.690863e+04 7.141408e+04 -3.254668e+04
9.105595e-04 1.321612e+07 3.424492e+06 3.861155e+04 8.226037e+04 -3.538130e+04
9.726731e-04 1.305336e+07 3.600236e+06 4.235538e+04 1.013713e+05 -1.631636e+04
1.035373e-03 1.287785e+07 3.777156e+06 5.390491e+04 1.175378e+05 5.133230e+04
1.098784e-03 1.269381e+07 3.939206e+06 5.964779e+04 1.462009e+05 -6.740872e+04
1.161586e-03 1.250308e+07 4.092687e+06 7.216688e+04 1.674428e+05 -2.082021e+03
1.224174e-03 1.230486e+07 4.235850e+06 8.315253e+04 2.012218e+05 -7.488484e+04
1.288412e-03 1.209431e+07 4.372722e+06 1.011030e+05 2.214279e+05 8.574926e+03
1.351080e-03 1.188346e+07 4.490414e+06 1.104911e+05 2.718444e+05 -1.494834e+05
1.412291e-03 1.166948e+07 4.602045e+06 1.326142e+05 2.957881e+05 -5.721824e+04
1.475368e-03 1.144731e+07 4.696855e+06 1.506648e+05 3.278688e+05 -6.066522e+04
1.538515e-03 1.121615e+07 4.788818e+06 1.761924e+05 3.575592e+05 -2.232826e+04
1.601338e-03 1.098609e+07 4.856035e+06 1.870760e+05 4.350798e+05 -2.261561e+05
1.665074e-03 1.074346e+07 4.925598e+06 2.162459e+05 4.717293e+05 -1.818037e+05
1.728027e-03 1.050346e+07 4.980242e+06 2.504263e+05 4.968187e+05 -7.622694e+04
1.789887e-03 1.026150e+07 5.020834e+06 2.718609e+05 5.721240e+05 -2.186243e+05
1.852570e-03 1.001866e+07 5.049819e+06 3.081158e+05 5.977562e+05 -1.566340e+05
1.915088e-03 9.772951e+06 5.064738e+06 3.331398e+05 6.813443e+05 -2.743629e+05
1.978019e-03 9.521057e+06 5.079368e+06 3.772634e+05 7.095872e+05 -1.975310e+05
2.041684e-03 9.267518e+06 5.073275e+06 4.074858e+05 7.971812e+05 -3.130799e+05
2.104726e-03 9.018401e+06 5.058729e+06 4.497424e+05 8.422212e+05 -2.972010e+05
2.167060e-03 8.767382e+06 5.038256e+06 4.910407e+05 9.064199e+05 -3.355844e+05
2.229921e-03 8.517996e+06 5.003910e+06 5.339710e+05 9.713426e+05 -3.610295e+05
2.292794e-03 8.267260e+06 4.963154e+06 5.804357e+05 1.031279e+06 -3.929177e+05
2.355230e-03 8.020924e+06 4.910322e+06 6.242966e+05 1.111795e+06 -4.464353e+05
2.418331e-03 7.773190e+06 4.849554e+06 6.727155e+05 1.180994e+06 -4.940107e+05
2.481215e-03 7.526864e+06 4.783588e+06 7.256709e+05 1.239810e+06 -5.169941e+05
2.543891e-03 7.286856e+06 4.705192e+06 7.745871e+05 1.326053e+06 -5.694349e+05
2.607003e-03 7.042738e+06 4.625696e+06 8.315594e+05 1.383916e+06 -5.953139e+05
2.669740e-03 6.805514e+06 4.537378e+06 8.874066e+05 1.456044e+06 -6.194235e+05
2.732628e-03 6.575132e+06 4.435729e+06 9.387376e+05 1.541094e+06 -7.118969e+05
2.796013e-03 6.340374e+06 4.336048e+06 9.991952e+05 1.605873e+06 -7.346157e+05
2.858795e-03 6.114332e+06 4.230477e+06 1.056972e+06 1.687172e+06 -7.629094e+05
2.920959e-03 5.896746e+06 4.115875e+06 1.113626e+06 1.752473e+06 -8.435809e+05
2.983535e-03 5.677652e+06 4.003168e+06 1.174311e+06 1.825938e+06 -8.665332e+05
3.046449e-03 5.462416e+06 3.883153e+06 1.234558e+06 1.889736e+06 -9.241293e+05
3.109435e-03 5.253171e+06 3.762616e+06 1.296755e+06 1.960102e+06 -9.327761e+05
3.172429e-03 5.054048e+06 3.629380e+06 1.349630e+06 2.054613e+06 -1.048827e+06
3.235378e-03 4.851943e+06 3.502406e+06 1.413945e+06 2.104169e+06 -1.074492e+06
3.298350e-03 4.657204e+06 3.374418e+06 1.472861e+06 2.179780e+06 -1.110600e+06
3.361502e-03 4.464850e+06 3.243008e+06 1.534953e+06 2.228616e+06 -1.147978e+06
3.424034e-03 4.283822e+06 3.111131e+06 1.591380e+06 2.301069e+06 -1.198910e+06
3.486610e-03 4.108900e+06 2.977080e+06 1.646886e+06 2.367283e+06 -1.260504e+06
3.549533e-03 3.931983e+06 2.845899e+06 1.705937e+06 2.414054e+06 -1.285563e+06
3.612035e-03 3.771900e+06 2.711021e+06 1.754809e+06 2.503664e+06 -1.367037e+06
3.674842e-03 3.603971e+06 2.583028e+06 1.814411e+06 2.521383e+06 -1.366181e+06
3.737743e-03 3.451059e+06 2.450283e+06 1.863023e+06 2.591312e+06 -1.431016e+06
3.800817e-03 3.294438e+06 2.323533e+06 1.916614e+06 2.623244e+06 -1.441014e+06
3.863693e-03 3.154760e+06 2.192346e+06 1.960371e+06 2.689032e+06 -1.517442e+06
3.926624e-03 3.010691e+06 2.069400e+06 2.007635e+06 2.725835e+06 -1.534989e+06
3.989691e-03 2.877288e+06 1.944440e+06 2.051544e+06 2.764002e+06 -1.574544e+06
4.052279e-03 2.746832e+06 1.826035e+06 2.091840e+06 2.802215e+06 -1.603161e+06
4.115276e-03 2.620063e+06 1.707104e+06 2.131806e+06 2.827840e+06 -1.628551e+06
4.178091e-03 2.503299e+06 1.593117e+06 2.166102e+06 2.863943e+06 -1.663677e+06
4.240529e-03 2.386767e+06 1.483853e+06 2.199358e+06 2.887851e+06 -1.679684e+06
4.303566e-03 2.277712e+06 1.374292e+06 2.229020e+06 2.910671e+06 -1.709810e+06
4.366473e-03 2.171999e+06 1.272069e+06 2.255238e+06 2.933669e+06 -1.728853e+06
4.429136e-03 2.071952e+06 1.169250e+06 2.281104e+06 2.939398e+06 -1.742289e+06
4.491804e-03 1.970918e+06 1.075050e+06 2.302644e+06 2.943242e+06 -1.734583e+06
4.554524e-03 1.883689e+06 9.805902e+05 2.319111e+06 2.963326e+06 -1.770017e+06
4.617696e-03 1.794989e+06 8.925147e+05 2.332609e+06 2.962365e+06 -1.773276e+06
4.680743e-03 1.709392e+06 8.075516e+05 2.344226e+06 2.962987e+06 -1.775037e+06
4.743600e-03 1.629006e+06 7.256978e+05 2.352404e+06 2.955784e+06 -1.774229e+06
4.806460e-03 1.554517e+06 6.500754e+05 2.356098e+06 2.954992e+06 -1.783685e+06
4.869182e-03 1.482286e+06 5.755008e+05 2.358435e+06 2.939951e+06 -1.776290e+06
4.931803e-03 1.409214e+06 5.070950e+05 2.357413e+06 2.917795e+06 -1.754554e+06
4.994544e-03 1.345240e+06 4.420419e+05 2.352397e+06 2.901988e+06 -1.749878e+06
5.057296e-03 1.282767e+06 3.807462e+05 2.343957e+06 2.883335e+06 -1.741968e+06
5.120127e-03 1.224726e+06 3.242656e+05 2.332283e+06 2.857947e+06 -1.727148e+06
5.183244e-03 1.165068e+06 2.687233e+05 2.318921e+06 2.824752e+06 -1.700224e+06
5.246213e-03 1.111207e+06 2.186641e+05 2.301924e+06 2.793481e+06 -1.679608e+06
5.308940e-03 1.058531e+06 1.706619e+05 2.283053e+06 2.754126e+06 -1.647621e+06
5.371705e-03 1.011616e+06 1.283454e+05 2.259952e+06 2.721679e+06 -1.629334e+06
5.434764e-03 9.642610e+05 8.905293e+04 2.233364e+06 2.682666e+06 -1.604026e+06
5.497589e-03 9.190851e+05 4.921000e+04 2.208726e+06 2.630530e+06 -1.555039e+06
5.560094e-03 8.787476e+05 1.884695e+04 2.175268e+06 2.594513e+06 -1.539363e+06
5.623090e-03 8.368584e+05 -1.517887e+04 2.146362e+06 2.538973e+06 -1.488877e+06
5.686167e-03 7.984879e+05 -4.367018e+04 2.111050e+06 2.488755e+06 -1.451125e+06
5.748863e-03 7.615386e+05 -6.851530e+04 2.073887e+06 2.435792e+06 -1.411811e+06
5.811791e-03 7.294057e+05 -9.112874e+04 2.036025e+06 2.386813e+06 -1.375314e+06
5.874636e-03 6.937708e+05 -1.121530e+05 1.994644e+06 2.326241e+06 -1.328842e+06
5.937271e-03 6.632491e+05 -1.329123e+05 1.956746e+06 2.268683e+06 -1.278343e+06
6.000058e-03 6.333301e+05 -1.476720e+05 1.911666e+06 2.210788e+06 -1.236270e+06
6.062729e-03 6.042419e+05 -1.633444e+05 1.869246e+06 2.149492e+06 -1.185202e+06
6.125517e-03 5.768052e+05 -1.775941e+05 1.824471e+06 2.086813e+06 -1.133480e+06
6.188708e-03 5.500690e+05 -1.855330e+05 1.774667e+06 2.025834e+06 -1.092386e+06
6.251555e-03 5.268068e+05 -1.971944e+05 1.730948e+06 1.965506e+06 -1.038269e+06
6.314077e-03 5.016265e+05 -2.045676e+05 1.681355e+06 1.899266e+06 -9.884143e+05
6.377058e-03 4.786438e+05 -2.124869e+05 1.634239e+06 1.834470e+06 -9.342585e+05
6.440009e-03 4.573248e+05 -2.183747e+05 1.586376e+06 1.771622e+06 -8.831551e+05
6.502812e-03 4.362442e+05 -2.203435e+05 1.533944e+06 1.708451e+06 -8.386192e+05
6.565726e-03 4.162148e+05 -2.273658e+05 1.489401e+06 1.642002e+06 -7.771857e+05
6.628521e-03 3.968121e+05 -2.267998e+05 1.436135e+06 1.579568e+06 -7.354646e+05
6.691272e-03 3.793151e+05 -2.304146e+05 1.389928e+06 1.516961e+06 -6.805097e+05
6.754176e-03 3.613650e+05 -2.295749e+05 1.338446e+06 1.454022e+06 -6.351888e+05
6.816888e-03 3.444203e+05 -2.305006e+05 1.290284e+06 1.390264e+06 -5.839708e+05
6.879625e-03 3.282536e+05 -2.317695e+05 1.244468e+06 1.327560e+06 -5.312108e+05
6.942449e-03 3.128881e+05 -2.288446e+05 1.193795e+06 1.267797e+06 -4.892243e+05
7.005248e-03 2.987018e+05 -2.274816e+05 1.148179e+06 1.211387e+06 -4.440950e+05
7.068136e-03 2.840501e+05 -2.266092e+05 1.101248e+06 1.148414e+06 -3.952190e+05
7.131053e-03 2.704149e+05 -2.239976e+05 1.054654e+06 1.090510e+06 -3.521790e+05
7.194010e-03 2.578441e+05 -2.218055e+05 1.010848e+06 1.035831e+06 -3.094844e+05
7.256902e-03 2.448862e+05 -2.174768e+05 9.636826e+05 9.795178e+05 -2.712723e+05
7.319748e-03 2.334395e+05 -2.167738e+05 9.239301e+05 9.249092e+05 -2.259894e+05
7.382611e-03 2.217892e+05 -2.116476e+05 8.785232e+05 8.725226e+05 -1.918810e+05
7.445306e-03 2.110514e+05 -2.089982e+05 8.390721e+05 8.224049e+05 -1.540590e+05
7.507906e-03 2.009389e+05 -2.047394e+05 7.979931e+05 7.747678e+05 -1.214222e+05
7.570818e-03 1.904570e+05 -2.021092e+05 7.594581e+05 7.227248e+05 -8.368209e+04
7.633721e-03 1.816141e+05 -1.977146e+05 7.215788e+05 6.801244e+05 -5.528607e+04
7.696586e-03 1.719209e+05 -1.932610e+05 6.826218e+05 6.327011e+05 -2.500940e+04
7.759492e-03 1.638373e+05 -1.897684e+05 6.480866e+05 5.915848e+05 3.077241e+03
7.822382e-03 1.551887e+05 -1.850896e+05 6.118322e+05 5.489278e+05 2.903254e+04
7.885469e-03 1.475705e+05 -1.816681e+05 5.797525e+05 5.098165e+05 5.450518e+04
7.948044e-03 1.400632e+05 -1.771146e+05 5.464434e+05 4.714090e+05 7.679623e+04
8.010528e-03 1.327897e+05 -1.735636e+05 5.156690e+05 4.330222e+05 1.005690e+05
8.073516e-03 1.265041e+05 -1.690181e+05 4.862425e+05 4.019093e+05 1.167254e+05
8.136423e-03 1.195260e+05 -1.646058e+05 4.558333e+05 3.660849e+05 1.360067e+05
8.199228e-03 1.136485e+05 -1.600868e+05 4.276846e+05 3.355312e+05 1.509914e+05
8.262023e-03 1.080074e+05 -1.565109e+05 4.020021e+05 3.046834e+05 1.673802e+05
8.324981e-03 1.022595e+05 -1.516404e+05 3.752987e+05 2.771764e+05 1.785879e+05
8.388025e-03 9.733781e+04 -1.477362e+05 3.517128e+05 2.510814e+05 1.897804e+05
8.450798e-03 9.204289e+04 -1.432615e+05 3.268572e+05 2.232958e+05 2.013510e+05
8.513424e-03 8.777288e+04 -1.392330e+05 3.055830e+05 2.011678e+05 2.089422e+05
8.576219e-03 8.308390e+04 -1.347657e+05 2.832131e+05 1.781777e+05 2.161164e+05
8.639099e-03 7.903699e+04 -1.304366e+05 2.631046e+05 1.583064e+05 2.205468e+05
8.701941e-03 7.512992e+04 -1.263868e+05 2.433733e+05 1.370806e+05 2.269056e+05
8.764716e-03 7.131028e+04 -1.220851e+05 2.245070e+05 1.180724e+05 2.308684e+05
8.827545e-03 6.794483e+04 -1.178931e+05 2.074448e+05 1.030957e+05 2.308501e+05
8.890404e-03 6.446620e+04 -1.134669e+05 1.896548e+05 8.578860e+04 2.330253e+05
8.953189e-03 6.150010e+04 -1.094068e+05 1.740415e+05 7.104170e+04 2.334502e+05
9.016039e-03 5.850452e+04 -1.051632e+05 1.588664e+05 5.768111e+04 2.320740e+05
9.078883e-03 5.565749e+04 -1.009233e+05 1.441371e+05 4.524429e+04 2.303805e+05
9.141797e-03 5.316310e+04 -9.676904e+04 1.308493e+05 3.442803e+04 2.266546e+05
9.204714e-03 5.061688e+04 -9.267916e+04 1.172778e+05 2.182828e+04 2.261132e+05
9.267500e-03 4.836218e+04 -8.853888e+04 1.053169e+05 1.343179e+04 2.203915e+05
9.330389e-03 4.615566e+04 -8.438660e+04 9.359702e+04 4.872750e+03 2.155833e+05
9.393353e-03 4.406637e+04 -8.053262e+04 8.279648e+04 -3.759701e+03 2.116834e+05
9.456033e-03 4.225448e+04 -7.630399e+04 7.248981e+04 -9.640352e+03 2.039773e+05
9.518699e-03 4.025526e+04 -7.262748e+04 6.263092e+04 -1.788245e+04 2.008005e+05
9.581480e-03 3.866243e+04 -6.859518e+04 5.385349e+04 -2.151036e+04 1.913650e+05
9.644431e-03 3.701184e+04 -6.476424e+04 4.505992e+04 -2.742026e+04 1.859541e+05
9.707436e-03 3.550502e+04 -6.093532e+04 3.690870e+04 -3.178436e+04 1.787564e+05
9.770160e-03 3.407599e+04 -5.718902e+04 2.929887e+04 -3.550257e+04 1.712693e+05
9.832865e-03 3.266128e+04 -5.369211e+04 2.226645e+04 -3.952500e+04 1.652314e+05
9.895597e-03 3.150780e+04 -4.987771e+04 1.581830e+04 -4.063277e+04 1.549788e+05
9.958595e-03 3.017463e+04 -4.661143e+04 9.639304e+03 -4.420462e+04 1.495989e+05
1.002149e-02 2.908819e+04 -4.304152e+04 3.916185e+03 -4.522915e+04 1.403145e+05
1.008410e-02 2.800994e+04 -3.976352e+04 -1.289796e+03 -4.672875e+04 1.328995e+05
1.014702e-02 2.698521e+04 -3.644736e+04 -6.309332e+03 -4.800354e+04 1.257789e+05
1.020999e-02 2.607847e+04 -3.324188e+04 -1.076382e+04 -4.803734e+04 1.167327e+05
1.027280e-02 2.512572e+04 -3.024120e+04 -1.495308e+04 -4.877916e+04 1.101036e+05
1.033567e-02 2.429421e+04 -2.716086e+04 -1.888521e+04 -4.884360e+04 1.022952e+05
1.039854e-02 2.344657e+04 -2.436101e+04 -2.209846e+04 -4.834545e+04 9.489769e+04
1.046130e-02 2.272669e+04 -2.149715e+04 -2.533954e+04 -4.771868e+04 8.743211e+04
1.052408e-02 2.199867e+04 -1.886064e+04 -2.807919e+04 -4.685092e+04 8.018350e+04
1.058689e-02 2.124714e+04 -1.628245e+04 -3.064507e+04 -4.622199e+04 7.396953e+04
1.064973e-02 2.068306e+04 -1.374504e+04 -3.288338e+04 -4.466445e+04 6.647864e+04
1.071266e-02 2.008223e+04 -1.133147e+04 -3.494150e+04 -4.343701e+04 6.045245e+04
1.077552e-02 1.947145e+04 -9.123743e+03 -3.655509e+04 -4.190985e+04 5.410927e+04
1.083829e-02 1.893239e+04 -6.892443e+03 -3.805612e+04 -4.024932e+04 4.807696e+04
1.090115e-02 1.842906e+04 -4.824621e+03 -3.936870e+04 -3.866543e+04 4.280433e+04
1.096400e-02 1.799334e+04 -2.818138e+03 -4.021795e+04 -3.634606e+04 3.653058e+04
1.102688e-02 1.751299e+04 -9.643170e+02 -4.104068e+04 -3.446037e+04 3.154216e+04
1.108967e-02 1.708075e+04 8.045183e+02 -4.157239e+04 -3.238990e+04 2.659709e+04
1.115232e-02 1.669480e+04 2.489958e+03 -4.194445e+04 -3.015457e+04 2.173042e+04
1.121507e-02 1.632596e+04 4.016800e+03 -4.211173e+04 -2.798624e+04 1.765446e+04
1.127797e-02 1.601974e+04 5.584281e+03 -4.212566e+04 -2.549277e+04 1.285428e+04
1.134099e-02 1.565975e+04 6.904073e+03 -4.192842e+04 -2.330917e+04 9.541012e+03
1.140372e-02 1.538076e+04 8.255451e+03 -4.165148e+04 -2.089856e+04 5.472167e+03
1.146650e-02 1.512018e+04 9.435560e+03 -4.114274e+04 -1.843081e+04 2.166852e+03
1.152952e-02 1.488154e+04 1.058133e+04 -4.052153e+04 -1.597642e+04 -1.025115e+03
1.159236e-02 1.462892e+04 1.161065e+04 -3.977989e+04 -1.359860e+04 -3.856564e+03
1.165521e-02 1.441988e+04 1.253791e+04 -3.890668e+04 -1.115677e+04 -6.413676e+03
1.171802e-02 1.428881e+04 1.350134e+04 -3.789144e+04 -8.555729e+03 -9.332564e+03
1.178091e-02 1.405627e+04 1.421268e+04 -3.677093e+04 -6.197998e+03 -1.107222e+04
1.184377e-02 1.396433e+04 1.501442e+04 -3.562403e+04 -3.717485e+03 -1.334710e+04
1.190645e-02 1.377144e+04 1.559122e+04 -3.427261e+04 -1.437214e+03 -1.480142e+04
1.196918e-02 1.368369e+04 1.621527e+04 -3.292512e+04 1.037713e+03 -1.651249e+04
1.203205e-02 1.360448e+04 1.677559e+04 -3.141298e+04 3.530464e+03 -1.812369e+04
1.209494e-02 1.349905e+04 1.719106e+04 -2.998280e+04 5.672788e+03 -1.891650e+04
1.215771e-02 1.346208e+04 1.763697e+04 -2.837332e+04 7.988413e+03 -2.013963e+04
1.222054e-02 1.337403e+04 1.795795e+04 -2.675106e+04 1.017818e+04 -2.064459e+04
1.228344e-02 1.336779e+04 1.827431e+04 -2.505986e+04 1.248685e+04 -2.148766e+04
1.234640e-02 1.331398e+04 1.847770e+04 -2.328808e+04 1.455015e+04 -2.181756e+04
1.240915e-02 1.331064e+04 1.869112e+04 -2.162071e+04 1.660511e+04 -2.206655e+04
1.247184e-02 1.329965e+04 1.886687e+04 -1.975648e+04 1.865763e+04 -2.230486e+04
1.253470e-02 1.331419e+04 1.893362e+04 -1.799548e+04 2.061305e+04 -2.221306e+04
1.259754e-02 1.333652e+04 1.900797e+04 -1.614860e+04 2.250146e+04 -2.211646e+04
1.266036e-02 1.335187e+04 1.904906e+04 -1.430634e+04 2.432776e+04 -2.182373e+04
1.272320e-02 1.334279e+04 1.899923e+04 -1.244205e+04 2.601734e+04 -2.126348e+04
1.278608e-02 1.344683e+04 1.899018e+04 -1.060516e+04 2.780215e+04 -2.095962e+04
1.284892e-02 1.347907e+04 1.890860e+04 -8.824465e+03 2.935775e+04 -2.029101e+04
1.291183e-02 1.353112e+04 1.880183e+04 -6.924340e+03 3.089071e+04 -1.944872e+04
1.297477e-02 1.357251e+04 1.866121e+04 -5.104386e+03 3.231646e+04 -1.863997e+04
1.303751e-02 1.363112e+04 1.848832e+04 -3.300562e+03 3.367251e+04 -1.762081e+04
1.310022e-02 1.374092e+04 1.832293e+04 -1.518985e+03 3.505422e+04 -1.686247e+04
1.316309e-02 1.376652e+04 1.810492e+04 2.757805e+02 3.623273e+04 -1.551478e+04
1.322594e-02 1.386180e+04 1.790111e+04 1.992025e+03 3.734934e+04 -1.449463e+04
1.328870e-02 1.393035e+04 1.762993e+04 3.705615e+03 3.839529e+04 -1.314067e+04
1.335152e-02 1.401418e+04 1.736770e+04 5.367876e+03 3.935627e+04 -1.189633e+04
1.341448e-02 1.410043e+04 1.713551e+04 7.027751e+03 4.032153e+04 -1.053802e+04
1.347734e-02 1.414898e+04 1.679844e+04 8.657522e+03 4.102545e+04 -8.974246e+03
1.354004e-02 1.422906e+04 1.648055e+04 1.020954e+04 4.173802e+04 -7.639445e+03
1.360289e-02 1.432270e+04 1.618285e+04 1.176370e+04 4.250341e+04 -6.158875e+03
1.366571e-02 1.439322e+04 1.587472e+04 1.321775e+04 4.304253e+04 -4.618271e+03
1.372857e-02 1.445773e+04 1.551157e+04 1.471562e+04 4.352122e+04 -2.948892e+03
1.379141e-02 1.452287e+04 1.515307e+04 1.604853e+04 4.385447e+04 -1.334685e+03
1.385412e-02 1.460030e+04 1.483352e+04 1.746089e+04 4.427945e+04 3.326637e+02
1.391702e-02 1.466142e+04 1.447671e+04 1.871663e+04 4.453901e+04 1.941125e+03
1.397990e-02 1.472141e+04 1.408503e+04 1.999499e+04 4.473045e+04 3.593985e+03
1.404272e-02 1.476198e+04 1.371064e+04 2.120256e+04 4.479534e+04 5.370439e+03
1.410560e-02 1.481346e+04 1.335977e+04 2.235259e+04 4.488592e+04 7.029265e+03
1.416843e-02 1.486787e+04 1.298011e+04 2.345995e+04 4.489995e+04 8.721189e+03
1.423121e-02 1.489624e+04 1.260953e+04 2.446765e+04 4.477598e+04 1.040726e+04
1.429401e-02 1.493194e+04 1.220494e+04 2.556643e+04 4.464304e+04 1.225249e+04
1.435689e-02 1.495260e+04 1.185258e+04 2.642949e+04 4.441418e+04 1.387792e+04
1.441980e-02 1.498485e+04 1.146235e+04 2.737704e+04 4.422622e+04 1.554239e+04
1.448261e-02 1.498375e+04 1.106619e+04 2.815022e+04 4.385023e+04 1.715758e+04
1.454538e-02 1.498939e+04 1.070154e+04 2.898659e+04 4.346076e+04 1.896625e+04
1.460822e-02 1.498783e+04 1.030804e+04 2.975921e+04 4.303425e+04 2.063398e+04
1.467115e-02 1.498020e+04 9.945418e+03 3.039877e+04 4.257337e+04 2.217916e+04
1.473401e-02 1.496690e+04 9.546903e+03 3.105515e+04 4.209953e+04 2.373762e+04
1.479676e-02 1.492183e+04 9.169237e+03 3.159483e+04 4.141958e+04 2.535736e+04
1.485961e-02 1.490714e+04 8.821884e+03 3.221001e+04 4.088380e+04 2.698429e+04
1.492239e-02 1.485559e+04 8.419440e+03 3.263205e+04 4.020496e+04 2.839164e+04
1.498506e-02 1.481769e+04 8.081443e+03 3.308584e+04 3.952845e+04 2.995447e+04
1.504789e-02 1.475074e+04 7.702491e+03 3.352087e+04 3.888705e+04 3.127301e+04
1.511078e-02 1.468258e+04 7.321689e+03 3.386133e+04 3.799346e+04 3.288787e+04
1.517364e-02 1.460750e+04 6.961025e+03 3.409461e+04 3.726843e+04 3.406610e+04
1.523654e-02 1.453424e+04 6.624293e+03 3.436764e+04 3.649154e+04 3.539270e+04
1.529942e-02 1.443783e+04 6.255479e+03 3.457729e+04 3.556840e+04 3.677665e+04
1.536235e-02 1.434289e+04 5.891383e+03 3.478423e+04 3.476634e+04 3.797907e+04
1.542517e-02 1.423854e+04 5.551557e+03 3.486540e+04 3.382272e+04 3.920039e+04
1.548789e-02 1.412045e+04 5.201557e+03 3.494285e+04 3.298858e+04 4.021121e+04
1.555076e-02 1.400420e+04 4.865181e+03 3.499963e+04 3.205630e+04 4.135944e+04
1.561359e-02 1.386849e+04 4.501686e+03 3.499031e+04 3.106547e+04 4.239300e+04
1.567632e-02 1.374402e+04 4.185213e+03 3.500406e+04 3.021483e+04 4.338656e+04
1.573917e-02 1.359563e+04 3.847557e+03 3.487844e+04 2.917872e+04 4.427952e+04
1.580208e-02 1.344582e+04 3.512442e+03 3.483284e+04 2.831063e+04 4.510355e+04
1.586491e-02 1.329937e+04 3.188519e+03 3.465546e+04 2.725807e+04 4.599988e+04
1.592764e-02 1.313783e+04 2.862696e+03 3.449642e+04 2.630200e+04 4.674655e+04
1.599049e-02 1.296817e+04 2.548112e+03 3.430852e+04 2.537646e+04 4.736473e+04
1.605344e-02 1.280455e+04 2.231357e+03 3.403559e+04 2.431398e+04 4.809877e+04
1.611624e-02 1.261854e+04 1.913512e+03 3.382510e+04 2.342670e+04 4.862573e+04
1.617906e-02 1.245128e+04 1.608244e+03 3.353464e+04 2.239187e+04 4.923793e+04
1.624189e-02 1.225463e+04 1.307304e+03 3.322905e+04 2.148253e+04 4.959948e+04
1.630468e-02 1.206661e+04 1.006549e+03 3.288172e+04 2.050861e+04 5.001875e+04
1.636757e-02 1.188067e+04 7.214890e+02 3.251939e+04 1.954128e+04 5.041311e+04
1.643038e-02 1.168309e+04 4.312373e+02 3.216552e+04 1.863504e+04 5.067857e+04
1.649314e-02 1.148781e+04 1.328375e+02 3.178400e+04 1.765118e+04 5.098818e+04
1.655599e-02 1.127668e+04 -1.279230e+02 3.134264e+04 1.680527e+04 5.104988e+04
1.661885e-02 1.107248e+04 -4.071783e+02 3.088364e+04 1.583792e+04 5.122730e+04
1.668174e-02 1.088109e+04 -6.741066e+02 3.049664e+04 1.498381e+04 5.133238e+04
1.674456e-02 1.066317e+04 -9.422172e+02 2.999464e+04 1.408392e+04 5.132588e+04
1.680728e-02 1.046416e+04 -1.173416e+03 2.949169e+04 1.322316e+04 5.127624e+04
1.687017e-02 1.024099e+04 -1.435172e+03 2.900503e+04 1.239580e+04 5.115004e+04
1.693315e-02 1.004341e+04 -1.672994e+03 2.853646e+04 1.157725e+04 5.104895e+04
1.699589e-02 9.832730e+03 -1.905629e+03 2.800950e+04 1.076369e+04 5.086796e+04
1.705867e-02 9.612550e+03 -2.123310e+03 2.745319e+04 9.993620e+03 5.054690e+04
1.712163e-02 9.409969e+03 -2.344323e+03 2.689790e+04 9.186764e+03 5.029935e+04
1.718447e-02 9.199171e+03 -2.558526e+03 2.639562e+04 8.474492e+03 4.995753e+04
1.724726e-02 8.995271e+03 -2.753333e+03 2.582532e+04 7.733277e+03 4.959808e+04
1.731003e-02 8.775361e+03 -2.937382e+03 2.523394e+04 7.047664e+03 4.909427e+04
1.737292e-02 8.576942e+03 -3.130852e+03 2.470020e+04 6.356169e+03 4.865865e+04
1.743574e-02 8.372426e+03 -3.299210e+03 2.408915e+04 5.673219e+03 4.815640e+04
1.749847e-02 8.167351e+03 -3.462281e+03 2.354115e+04 5.077568e+03 4.756748e+04
1.756133e-02 7.961830e+03 -3.617296e+03 2.292207e+04 4.428377e+03 4.698874e+04
1.762415e-02 7.763294e+03 -3.763676e+03 2.236505e+04 3.864140e+03 4.632903e+04
1.768698e-02 7.565580e+03 -3.899392e+03 2.175624e+04 3.277694e+03 4.568223e+04
1.774982e-02 7.368075e+03 -4.018600e+03 2.115515e+04 2.736302e+03 4.497855e+04
1.781268e-02 7.175883e+03 -4.138185e+03 2.056802e+04 2.205346e+03 4.426791e+04
1.787557e-02 6.990396e+03 -4.244333e+03 1.995455e+04 1.681703e+03 4.350986e+04
1.793843e-02 6.789449e+03 -4.338694e+03 1.934915e+04 1.217186e+03 4.267147e+04
1.800122e-02 6.611938e+03 -4.423260e+03 1.875507e+04 7.447330e+02 4.191641e+04
1.806400e-02 6.424212e+03 -4.501858e+03 1.817680e+04 3.329444e+02 4.106089e+04
1.812677e-02 6.247367e+03 -4.563925e+03 1.755542e+04 -1.078242e+02 4.021365e+04
1.818960e-02 6.064673e+03 -4.617744e+03 1.694283e+04 -5.088141e+02 3.930653e+04
1.825247e-02 5.887495e+03 -4.661074e+03 1.633717e+04 -8.771151e+02 3.841282e+04
1.831530e-02 5.728787e+03 -4.705682e+03 1.577817e+04 -1.244681e+03 3.757248e+04
1.837813e-02 5.545968e+03 -4.723177e+03 1.515087e+04 -1.571419e+03 3.657102e+04
1.844103e-02 5.386334e+03 -4.743680e+03 1.455716e+04 -1.905439e+03 3.567149e+04
1.850388e-02 5.217461e+03 -4.752031e+03 1.397147e+04 -2.195811e+03 3.470112e+04
1.856668e-02 5.063220e+03 -4.756067e+03 1.341528e+04 -2.474115e+03 3.379291e+04
1.862952e-02 4.909796e+03 -4.743866e+03 1.281503e+04 -2.752219e+03 3.283345e+04
1.869235e-02 4.742468e+03 -4.723169e+03 1.221175e+04 -2.992215e+03 3.179939e+04
1.875521e-02 4.600778e+03 -4.701290e+03 1.167326e+04 -3.222470e+03 3.089383e+04
1.881803e-02 4.452057e+03 -4.667127e+03 1.111034e+04 -3.429611e+03 2.991890e+04
1.888083e-02 4.306247e+03 -4.627184e+03 1.054703e+04 -3.628206e+03 2.894369e+04
1.894358e-02 4.165042e+03 -4.577268e+03 9.972385e+03 -3.824937e+03 2.797816e+04
1.900645e-02 4.025389e+03 -4.523916e+03 9.440629e+03 -3.978986e+03 2.701028e+04
1.906935e-02 3.896293e+03 -4.463475e+03 8.914854e+03 -4.132058e+03 2.608998e+04
1.913210e-02 3.755369e+03 -4.393391e+03 8.366849e+03 -4.264112e+03 2.509695e+04
1.919494e-02 3.629910e+03 -4.319246e+03 7.835778e+03 -4.396364e+03 2.415999e+04
1.925782e-02 3.506622e+03 -4.243514e+03 7.342957e+03 -4.502816e+03 2.325873e+04
1.932068e-02 3.380417e+03 -4.159494e+03 6.835586e+03 -4.593095e+03 2.230557e+04
1.938348e-02 3.265498e+03 -4.067636e+03 6.334559e+03 -4.682052e+03 2.142231e+04
1.944625e-02 3.143159e+03 -3.976933e+03 5.840318e+03 -4.756069e+03 2.048515e+04
1.950911e-02 3.036573e+03 -3.880137e+03 5.383350e+03 -4.812338e+03 1.964509e+04
1.957198e-02 2.923404e+03 -3.779039e+03 4.916769e+03 -4.856400e+03 1.875173e+04
1.963482e-02 2.814759e+03 -3.674329e+03 4.460896e+03 -4.890722e+03 1.789344e+04
1.969763e-02 2.714487e+03 -3.565556e+03 4.020893e+03 -4.917458e+03 1.706924e+04
1.976054e-02 2.612752e+03 -3.457682e+03 3.593715e+03 -4.932617e+03 1.623763e+04
1.982343e-02 2.517599e+03 -3.341729e+03 3.174999e+03 -4.931297e+03 1.545037e+04
1.988621e-02 2.420328e+03 -3.225667e+03 2.766669e+03 -4.921851e+03 1.463586e+04
1.994903e-02 2.332342e+03 -3.110955e+03 2.388806e+03 -4.902762e+03 1.389388e+04
2.001187e-02 2.245259e+03 -2.992520e+03 2.011524e+03 -4.877228e+03 1.315257e+04
2.007464e-02 2.158095e+03 -2.870169e+03 1.636191e+03 -4.838829e+03 1.239694e+04
2.013740e-02 2.079707e+03 -2.752209e+03 1.296579e+03 -4.793872e+03 1.172026e+04
2.020021e-02 1.999790e+03 -2.625668e+03 9.575284e+02 -4.731265e+03 1.101239e+04
2.026315e-02 1.926848e+03 -2.504399e+03 6.356780e+02 -4.669583e+03 1.035723e+04
2.032605e-02 1.853909e+03 -2.379361e+03 3.237477e+02 -4.596698e+03 9.708575e+03
2.038878e-02 1.785248e+03 -2.256531e+03 3.064111e+01 -4.513684e+03 9.081568e+03
2.045158e-02 1.722013e+03 -2.131732e+03 -2.390719e+02 -4.419283e+03 8.497928e+03
2.051448e-02 1.657666e+03 -2.007368e+03 -5.145698e+02 -4.323636e+03 7.891053e+03
2.057734e-02 1.600099e+03 -1.884195e+03 -7.633452e+02 -4.220378e+03 7.350652e+03
2.064018e-02 1.543564e+03 -1.758646e+03 -1.001896e+03 -4.104813e+03 6.797747e+03
2.070304e-02 1.488128e+03 -1.634847e+03 -1.218486e+03 -3.980854e+03 6.278001e+03
2.076595e-02 1.439464e+03 -1.513975e+03 -1.426676e+03 -3.855022e+03 5.787134e+03
2.082869e-02 1.391883e+03 -1.392653e+03 -1.625151e+03 -3.726858e+03 5.307658e+03
2.089140e-02 1.348183e+03 -1.271993e+03 -1.797106e+03 -3.582105e+03 4.861148e+03
2.095430e-02 1.305388e+03 -1.151767e+03 -1.963962e+03 -3.434433e+03 4.414263e+03
2.101710e-02 1.267683e+03 -1.031628e+03 -2.115477e+03 -3.282994e+03 4.008616e+03
2.107990e-02 1.231717e+03 -9.163884e+02 -2.253250e+03 -3.128304e+03 3.613774e+03
2.114275e-02 1.196967e+03 -8.008196e+02 -2.376234e+03 -2.968110e+03 3.237698e+03
2.120557e-02 1.167015e+03 -6.857799e+02 -2.483401e+03 -2.795844e+03 2.890425e+03
2.126842e-02 1.137441e+03 -5.734875e+02 -2.586822e+03 -2.632291e+03 2.542000e+03
2.133126e-02 1.114490e+03 -4.626211e+02 -2.669999e+03 -2.456480e+03 2.245760e+03
2.139415e-02 1.089937e+03 -3.537230e+02 -2.741516e+03 -2.277222e+03 1.943154e+03
2.145701e-02 1.067924e+03 -2.450614e+02 -2.800622e+03 -2.094613e+03 1.661815e+03
2.151977e-02 1.050935e+03 -1.401463e+02 -2.849097e+03 -1.912935e+03 1.413857e+03
2.158262e-02 1.033470e+03 -3.842031e+01 -2.883647e+03 -1.724751e+03 1.164452e+03
2.164549e-02 1.020934e+03 6.341287e+01 -2.909453e+03 -1.537013e+03 9.538779e+02
2.170835e-02 1.006097e+03 1.631837e+02 -2.922662e+03 -1.344631e+03 7.349656e+02
2.177117e-02 9.979885e+02 2.594536e+02 -2.925941e+03 -1.154792e+03 5.594072e+02
2.183391e-02 9.891353e+02 3.532536e+02 -2.917221e+03 -9.618942e+02 3.900487e+02
2.189674e-02 9.820881e+02 4.444397e+02 -2.899648e+03 -7.671414e+02 2.301971e+02
2.195964e-02 9.787719e+02 5.339605e+02 -2.871373e+03 -5.760491e+02 1.071436e+02
2.202248e-02 9.742961e+02 6.207471e+02 -2.834918e+03 -3.788577e+02 -2.910663e+01
2.208526e-02 9.753287e+02 7.051343e+02 -2.791056e+03 -1.887891e+02 -1.193155e+02
2.214806e-02 9.749293e+02 7.861010e+02 -2.737518e+03 3.098319e+00 -2.127422e+02
2.221095e-02 9.768536e+02 8.635406e+02 -2.672403e+03 1.945443e+02 -2.839621e+02
2.227376e-02 9.804999e+02 9.412761e+02 -2.603285e+03 3.830388e+02 -3.385531e+02
2.233660e-02 9.843331e+02 1.013113e+03 -2.526850e+03 5.726890e+02 -3.918427e+02
2.239951e-02 9.918104e+02 1.082494e+03 -2.439105e+03 7.550212e+02 -4.084301e+02
2.246232e-02 9.983467e+02 1.150173e+03 -2.347396e+03 9.415363e+02 -4.325799e+02
2.252510e-02 1.006471e+03 1.213868e+03 -2.249328e+03 1.119555e+03 -4.311512e+02
2.258787e-02 1.016357e+03 1.275417e+03 -2.146522e+03 1.295904e+03 -4.171487e+02
2.265070e-02 1.025893e+03 1.331436e+03 -2.032385e+03 1.471700e+03 -3.992919e+02
2.271352e-02 1.039597e+03 1.386844e+03 -1.919737e+03 1.636371e+03 -3.506167e+02
2.277642e-02 1.049379e+03 1.439164e+03 -1.797836e+03 1.808690e+03 -3.136522e+02
2.283929e-02 1.064227e+03 1.488301e+03 -1.674930e+03 1.966970e+03 -2.461312e+02
2.290206e-02 1.078304e+03 1.532121e+03 -1.542701e+03 2.123866e+03 -1.723826e+02
2.296496e-02 1.092112e+03 1.574263e+03 -1.407022e+03 2.279433e+03 -9.206101e+01
2.302777e-02 1.108945e+03 1.615499e+03 -1.274062e+03 2.425634e+03 5.238427e+00
2.309054e-02 1.123169e+03 1.649413e+03 -1.130328e+03 2.570752e+03 1.057252e+02
2.315342e-02 1.140795e+03 1.682172e+03 -9.833619e+02 2.709502e+03 2.224475e+02
2.321632e-02 1.157001e+03 1.711456e+03 -8.377202e+02 2.840529e+03 3.462582e+02
2.327917e-02 1.174781e+03 1.738802e+03 -6.914948e+02 2.968463e+03 4.776558e+02
2.334191e-02 1.192765e+03 1.762861e+03 -5.379948e+02 3.091864e+03 6.182539e+02
2.340472e-02 1.209923e+03 1.780834e+03 -3.798695e+02 3.209806e+03 7.673557e+02
2.346760e-02 1.229536e+03 1.800408e+03 -2.318010e+02 3.317392e+03 9.236119e+02
2.353050e-02 1.247182e+03 1.814506e+03 -7.029419e+01 3.427679e+03 1.086467e+03
2.359332e-02 1.266252e+03 1.824636e+03 8.509719e+01 3.523529e+03 1.258121e+03
2.365605e-02 1.285679e+03 1.834341e+03 2.449307e+02 3.620137e+03 1.435272e+03
2.371890e-02 1.303732e+03 1.838535e+03 4.011107e+02 3.704708e+03 1.616260e+03
2.378176e-02 1.324504e+03 1.842675e+03 5.594323e+02 3.782627e+03 1.811760e+03
2.384456e-02 1.341942e+03 1.841416e+03 7.223251e+02 3.866393e+03 1.996880e+03
2.390740e-02 1.361512e+03 1.839530e+03 8.797436e+02 3.933149e+03 2.196880e+03
2.397018e-02 1.380232e+03 1.834293e+03 1.037178e+03 3.996098e+03 2.398436e+03
2.403299e-02 1.399862e+03 1.826595e+03 1.193734e+03 4.054040e+03 2.606366e+03
2.409587e-02 1.418535e+03 1.815623e+03 1.348222e+03 4.102709e+03 2.814137e+03
2.415877e-02 1.436132e+03 1.803808e+03 1.508156e+03 4.157530e+03 3.020887e+03
2.422167e-02 1.455218e+03 1.788915e+03 1.658956e+03 4.192122e+03 3.238188e+03
2.428445e-02 1.472826e+03 1.770531e+03 1.807877e+03 4.223887e+03 3.451782e+03
2.434721e-02 1.491273e+03 1.752164e+03 1.964963e+03 4.259068e+03 3.670573e+03
2.441004e-02 1.507567e+03 1.730305e+03 2.105665e+03 4.277256e+03 3.882242e+03
2.447292e-02 1.524449e+03 1.706522e+03 2.254208e+03 4.296285e+03 4.102508e+03
2.453573e-02 1.542758e+03 1.681278e+03 2.393548e+03 4.303425e+03 4.323729e+03
2.459853e-02 1.557381e+03 1.654534e+03 2.538458e+03 4.317260e+03 4.535505e+03
2.466143e-02 1.573551e+03 1.625050e+03 2.674640e+03 4.313635e+03 4.755869e+03
2.472428e-02 1.587935e+03 1.594562e+03 2.807023e+03 4.311604e+03 4.965200e+03
2.478701e-02 1.604245e+03 1.562884e+03 2.938892e+03 4.300669e+03 5.186003e+03
2.484983e-02 1.617436e+03 1.528003e+03 3.064719e+03 4.284022e+03 5.392736e+03
2.491274e-02 1.630113e+03 1.493625e+03 3.191530e+03 4.268615e+03 5.600875e+03
2.497552e-02 1.644682e+03 1.457342e+03 3.312658e+03 4.242374e+03 5.813780e+03
2.503835e-02 1.655988e+03 1.419802e+03 3.424579e+03 4.211633e+03 6.011139e+03
2.510120e-02 1.667931e+03 1.381232e+03 3.540353e+03 4.180830e+03 6.212241e+03
2.516403e-02 1.678825e+03 1.340681e+03 3.647509e+03 4.138294e+03 6.410083e+03
2.522691e-02 1.688626e+03 1.300686e+03 3.753660e+03 4.100724e+03 6.600466e+03
2.528974e-02 1.698940e+03 1.258710e+03 3.849833e+03 4.049364e+03 6.789249e+03
2.535254e-02 1.707307e+03 1.215944e+03 3.950162e+03 3.999480e+03 6.972985e+03
2.541543e-02 1.715005e+03 1.173100e+03 4.039153e+03 3.946573e+03 7.147663e+03
2.547829e-02 1.722801e+03 1.129916e+03 4.128532e+03 3.888781e+03 7.326210e+03
2.554104e-02 1.728277e+03 1.085160e+03 4.205675e+03 3.823210e+03 7.487401e+03
2.560379e-02 1.735246e+03 1.040598e+03 4.286949e+03 3.758641e+03 7.654863e+03
2.566670e-02 1.738789e+03 9.948127e+02 4.357764e+03 3.689329e+03 7.806487e+03
2.572959e-02 1.743483e+03 9.500052e+02 4.427231e+03 3.616932e+03 7.960733e+03
2.579238e-02 1.746255e+03 9.040190e+02 4.489336e+03 3.541859e+03 8.102344e+03
2.585524e-02 1.749067e+03 8.580621e+02 4.548933e+03 3.462947e+03 8.240891e+03
2.591809e-02 1.750428e+03 8.118050e+02 4.603929e+03 3.382092e+03 8.374608e+03
2.598089e-02 1.750464e+03 7.658840e+02 4.647285e+03 3.297072e+03 8.494106e+03
2.604363e-02 1.750174e+03 7.194160e+02 4.694892e+03 3.211117e+03 8.613020e+03
2.610648e-02 1.748966e+03 6.735564e+02 4.732166e+03 3.122463e+03 8.722282e+03
2.616936e-02 1.747029e+03 6.280552e+02 4.767116e+03 3.032070e+03 8.827688e+03
2.623211e-02 1.743528e+03 5.822419e+02 4.792447e+03 2.938130e+03 8.920576e+03
2.629494e-02 1.739882e+03 5.363268e+02 4.823910e+03 2.845406e+03 9.014080e+03
2.635781e-02 1.735283e+03 4.905711e+02 4.838335e+03 2.745804e+03 9.093065e+03
2.642065e-02 1.729486e+03 4.474056e+02 4.853347e+03 2.651630e+03 9.167688e+03
2.648348e-02 1.723277e+03 4.022429e+02 4.862683e+03 2.550393e+03 9.235037e+03
2.654638e-02 1.715479e+03 3.568597e+02 4.872625e+03 2.448793e+03 9.298011e+03
2.660925e-02 1.707886e+03 3.153519e+02 4.870405e+03 2.349323e+03 9.349958e+03
2.667201e-02 1.698136e+03 2.716012e+02 4.863396e+03 2.244416e+03 9.390541e+03
2.673488e-02 1.687729e+03 2.291350e+02 4.855265e+03 2.141249e+03 9.428086e+03
2.679776e-02 1.678276e+03 1.866723e+02 4.845831e+03 2.036544e+03 9.465204e+03
2.686060e-02 1.665575e+03 1.460255e+02 4.828655e+03 1.934725e+03 9.483444e+03
2.692343e-02 1.653137e+03 1.061134e+02 4.801241e+03 1.827483e+03 9.495075e+03
2.698622e-02 1.640480e+03 6.516069e+01 4.781934e+03 1.723091e+03 9.510341e+03
2.704897e-02 1.625809e+03 2.672701e+01 4.749751e+03 1.618290e+03 9.507878e+03
2.711177e-02 1.611940e+03 -1.217949e+01 4.718199e+03 1.513088e+03 9.506896e+03
2.717462e-02 1.595236e+03 -4.885072e+01 4.676217e+03 1.409396e+03 9.484367e+03
2.723749e-02 1.580096e+03 -8.591412e+01 4.637184e+03 1.303412e+03 9.472120e+03
2.730042e-02 1.562882e+03 -1.222999e+02 4.592313e+03 1.199490e+03 9.444598e+03
2.736320e-02 1.544693e+03 -1.568232e+02 4.540237e+03 1.094263e+03 9.408642e+03
2.742592e-02 1.527542e+03 -1.911062e+02 4.491269e+03 9.936969e+02 9.372845e+03
2.748882e-02 1.508129e+03 -2.241234e+02 4.434672e+03 8.919930e+02 9.323402e+03
2.755167e-02 1.488955e+03 -2.571539e+02 4.375959e+03 7.895748e+02 9.272240e+03
2.761450e-02 1.468271e+03 -2.881537e+02 4.313190e+03 6.907767e+02 9.210691e+03
2.767735e-02 1.448433e+03 -3.187622e+02 4.250061e+03 5.922810e+02 9.149205e+03
2.774019e-02 1.427628e+03 -3.483591e+02 4.183682e+03 4.950985e+02 9.078883e+03
2.780301e-02 1.405358e+03 -3.765615e+02 4.111056e+03 3.993436e+02 8.999277e+03
2.786580e-02 1.383560e+03 -4.044982e+02 4.039875e+03 3.047261e+02 8.919226e+03
2.792859e-02 1.361674e+03 -4.304422e+02 3.964731e+03 2.138871e+02 8.830981e+03
2.799145e-02 1.338865e+03 -4.560909e+02 3.887807e+03 1.228044e+02 8.738832e+03
2.805434e-02 1.315092e+03 -4.806961e+02 3.806081e+03 3.176751e+01 8.638688e+03
2.811718e-02 1.291574e+03 -5.048990e+02 3.726611e+03 -5.414283e+01 8.535629e+03
2.817992e-02 1.269272e+03 -5.265975e+02 3.644890e+03 -1.394265e+02 8.436098e+03
2.824273e-02 1.244004e+03 -5.486208e+02 3.559685e+03 -2.214460e+02 8.317007e+03
2.830566e-02 1.220108e+03 -5.677549e+02 3.470899e+03 -3.017701e+02 8.200507e+03
2.836851e-02 1.195752e+03 -5.871340e+02 3.383382e+03 -3.803332e+02 8.079879e+03
2.843134e-02 1.171737e+03 -6.057645e+02 3.297929e+03 -4.562783e+02 7.961111e+03
2.849418e-02 1.146655e+03 -6.219393e+02 3.204379e+03 -5.302443e+02 7.828912e+03
2.855700e-02 1.121081e+03 -6.387924e+02 3.113489e+03 -6.012520e+02 7.692798e+03
2.861981e-02 1.097077e+03 -6.526609e+02 3.021803e+03 -6.698995e+02 7.562217e+03
2.868265e-02 1.072585e+03 -6.675289e+02 2.932956e+03 -7.348890e+02 7.426667e+03
2.874550e-02 1.047244e+03 -6.788798e+02 2.834849e+03 -7.992742e+02 7.280967e+03
2.880834e-02 1.021995e+03 -6.902081e+02 2.740794e+03 -8.596825e+02 7.135032e+03
2.887116e-02 9.979065e+02 -7.012560e+02 2.650421e+03 -9.168061e+02 6.993149e+03
2.893395e-02 9.732971e+02 -7.093977e+02 2.554940e+03 -9.721415e+02 6.844353e+03
2.899675e-02 9.481904e+02 -7.181081e+02 2.460136e+03 -1.024504e+03 6.689760e+03
2.905957e-02 9.238878e+02 -7.240858e+02 2.365028e+03 -1.073478e+03 6.536811e+03
2.912242e-02 9.001584e+02 -7.298885e+02 2.272249e+03 -1.120072e+03 6.385902e+03
2.918528e-02 8.758364e+02 -7.341965e+02 2.177040e+03 -1.163803e+03 6.225778e+03
2.924811e-02 8.521348e+02 -7.380266e+02 2.084572e+03 -1.206007e+03 6.071414e+03
2.931098e-02 8.280732e+02 -7.402432e+02 1.990318e+03 -1.243343e+03 5.908446e+03
2.937380e-02 8.053391e+02 -7.408671e+02 1.898749e+03 -1.277772e+03 5.752731e+03
2.943661e-02 7.818441e+02 -7.409673e+02 1.806176e+03 -1.310775e+03 5.588770e+03
2.949948e-02 7.592087e+02 -7.395068e+02 1.714751e+03 -1.339729e+03 5.428060e+03
2.956230e-02 7.366520e+02 -7.367712e+02 1.624353e+03 -1.365520e+03 5.266339e+03
2.962512e-02 7.147272e+02 -7.338740e+02 1.534698e+03 -1.390274e+03 5.104766e+03
2.968798e-02 6.931897e+02 -7.292732e+02 1.446995e+03 -1.411439e+03 4.945481e+03
2.975080e-02 6.717123e+02 -7.234496e+02 1.358683e+03 -1.429184e+03 4.781950e+03
2.981362e-02 6.507084e+02 -7.169697e+02 1.273367e+03 -1.444804e+03 4.621746e+03
2.987648e-02 6.299847e+02 -7.088467e+02 1.187168e+03 -1.456941e+03 4.459086e+03
2.993931e-02 6.100018e+02 -7.003521e+02 1.104208e+03 -1.467533e+03 4.301245e+03
3.000209e-02 5.902982e+02 -6.904282e+02 1.021317e+03 -1.475698e+03 4.143229e+03
3.006488e-02 5.707745e+02 -6.801013e+02 9.413909e+02 -1.479762e+03 3.984789e+03
3.012771e-02 5.520480e+02 -6.681339e+02 8.614209e+02 -1.482192e+03 3.827976e+03
3.019054e-02 5.337944e+02 -6.554832e+02 7.833021e+02 -1.482647e+03 3.674573e+03
3.025338e-02 5.154868e+02 -6.422815e+02 7.079733e+02 -1.479960e+03 3.520333e+03
3.031628e-02 4.983187e+02 -6.275130e+02 6.325234e+02 -1.475457e+03 3.369325e+03
3.037913e-02 4.811127e+02 -6.127214e+02 5.595023e+02 -1.468841e+03 3.219760e+03
3.044197e-02 4.646176e+02 -5.962153e+02 4.882509e+02 -1.458753e+03 3.072139e+03
3.050478e-02 4.485938e+02 -5.802285e+02 4.203100e+02 -1.448329e+03 2.928875e+03
3.056757e-02 4.329678e+02 -5.624533e+02 3.526772e+02 -1.434636e+03 2.785088e+03
3.063042e-02 4.178419e+02 -5.442246e+02 2.867227e+02 -1.419331e+03 2.645056e+03
3.069327e-02 4.034506e+02 -5.254304e+02 2.229613e+02 -1.402454e+03 2.508853e+03
3.075615e-02 3.891603e+02 -5.062390e+02 1.627573e+02 -1.382676e+03 2.373953e+03
3.081897e-02 3.756194e+02 -4.862014e+02 1.027302e+02 -1.362581e+03 2.242482e+03
3.088177e-02 3.625387e+02 -4.659350e+02 4.550238e+01 -1.340424e+03 2.115261e+03
3.094460e-02 3.499126e+02 -4.447547e+02 -9.449422e+00 -1.315518e+03 1.990245e+03
3.100745e-02 3.376803e+02 -4.234378e+02 -6.267444e+01 -1.290039e+03 1.867237e+03
3.107031e-02 3.261653e+02 -4.017305e+02 -1.128103e+02 -1.263348e+03 1.751272e+03
3.113311e-02 3.152451e+02 -3.792264e+02 -1.618934e+02 -1.234635e+03 1.635644e+03
3.119592e-02 3.044785e+02 -3.571002e+02 -2.076244e+02 -1.204981e+03 1.526208e+03
3.125876e-02 2.944871e+02 -3.340609e+02 -2.514199e+02 -1.173355e+03 1.418535e+03
3.132160e-02 2.848102e+02 -3.109383e+02 -2.933987e+02 -1.141414e+03 1.316272e+03
3.138440e-02 2.758886e+02 -2.876752e+02 -3.324231e+02 -1.108362e+03 1.218431e+03
3.144727e-02 2.670408e+02 -2.642333e+02 -3.694909e+02 -1.073056e+03 1.121790e+03
3.151008e-02 2.589299e+02 -2.405588e+02 -4.037753e+02 -1.037846e+03 1.032455e+03
3.157285e-02 2.513892e+02 -2.167948e+02 -4.358788e+02 -1.001795e+03 9.459847e+02
3.163570e-02 2.440409e+02 -1.927663e+02 -4.648382e+02 -9.632518e+02 8.641194e+02
3.169852e-02 2.375917e+02 -1.688140e+02 -4.922864e+02 -9.248197e+02 7.868524e+02
3.176139e-02 2.313042e+02 -1.446271e+02 -5.171689e+02 -8.853237e+02 7.140778e+02
3.182425e-02 2.258209e+02 -1.201667e+02 -5.393447e+02 -8.450476e+02 6.471893e+02
3.188706e-02 2.203550e+02 -9.601875e+01 -5.588967e+02 -8.031290e+02 5.823385e+02
3.194991e-02 2.157015e+02 -7.140808e+01 -5.762610e+02 -7.608034e+02 5.240474e+02
3.201276e-02 2.113289e+02 -4.658835e+01 -5.907321e+02 -7.160267e+02 4.701064e+02
3.207553e-02 2.075284e+02 -2.158364e+01 -6.030558e+02 -6.706957e+02 4.215600e+02
3.213836e-02 2.040242e+02 4.699455e+00 -6.124405e+02 -6.208701e+02 3.772651e+02
