# k, q0, q1/i, q2, q3/i, q4, norm, alpha = 0.2755865845459939, 0.020160886971027085
5.385587e-05 1.238858e+10 2.131146e+08 -1.094528e+06 3.660815e+07 -8.222047e+09
1.034961e-04 1.237826e+10 4.092160e+08 -7.122314e+05 -2.290846e+06 8.110856e+08
1.650345e-04 1.235546e+10 6.512988e+08 -5.904498e+05 -1.333995e+07 9.746542e+08
2.219461e-04 1.232568e+10 8.735655e+08 -3.058996e+06 5.519119e+06 -3.678776e+08
2.831569e-04 1.228355e+10 1.110467e+09 -3.784275e+06 -3.112194e+06 2.002581e+08
3.481074e-04 1.222803e+10 1.358652e+09 -5.217028e+06 -4.823466e+06 2.791489e+08
4.078467e-04 1.216973e+10 1.565936e+09 -3.695886e+07 2.049148e+07 -2.171576e+08
4.685721e-04 1.209465e+10 1.818234e+09 6.441975e+06 2.496450e+06 4.795743e+07
5.344152e-04 1.200765e+10 2.048952e+09 -8.873629e+06 1.035139e+07 8.777335e+07
5.979215e-04 1.191397e+10 2.265929e+09 -2.053877e+07 2.149722e+07 -1.817655e+07
6.594309e-04 1.181232e+10 2.479176e+09 -2.065193e+07 3.189029e+07 -9.230148e+07
7.211547e-04 1.170186e+10 2.684653e+09 -2.060490e+07 3.122180e+07 1.142414e+08
7.842715e-04 1.158116e+10 2.881903e+09 -2.807753e+07 4.718740e+07 1.320901e+07
8.480725e-04 1.144859e+10 3.080550e+09 -2.862902e+07 6.183736e+07 -2.890024e+07
9.105595e-04 1.130879e+10 3.271973e+09 -2.492227e+07 7.151802e+07 -3.170903e+07
9.726731e-04 1.116562e+10 3.441233e+09 -2.991101e+07 8.822961e+07 -1.590683e+07
1.035373e-03 1.101128e+10 3.611036e+09 -2.770438e+07 1.034935e+08 4.218838e+07
1.098784e-03 1.084954e+10 3.767354e+09 -3.130943e+07 1.266258e+08 -6.100002e+07
1.161586e-03 1.068197e+10 3.915398e+09 -2.907449e+07 1.462445e+08 -5.178784e+06
1.224174e-03 1.050794e+10 4.053656e+09 -2.821740e+07 1.745381e+08 -6.830284e+07
1.288412e-03 1.032316e+10 4.186075e+09 -2.174599e+07 1.939429e+08 2.269874e+06
1.351080e-03 1.013826e+10 4.300667e+09 -2.281082e+07 2.348537e+08 -1.339226e+08
1.412291e-03 9.950673e+09 4.409008e+09 -1.248297e+07 2.579487e+08 -5.614208e+07
1.475368e-03 9.756079e+09 4.502343e+09 -6.257896e+06 2.860284e+08 -6.021714e+07
1.538515e-03 9.553687e+09 4.592385e+09 6.645966e+06 3.134849e+08 -2.960884e+07
1.601338e-03 9.352511e+09 4.660043e+09 6.353666e+06 3.762409e+08 -2.044013e+08
1.665074e-03 9.140397e+09 4.729106e+09 2.240859e+07 4.097982e+08 -1.680755e+08
1.728027e-03 8.930704e+09 4.784442e+09 4.274114e+07 4.351181e+08 -8.059036e+07
1.789887e-03 8.719568e+09 4.826442e+09 5.226324e+07 4.976188e+08 -2.032702e+08
1.852570e-03 8.507758e+09 4.858002e+09 7.480965e+07 5.225635e+08 -1.536577e+08
1.915088e-03 8.293712e+09 4.876395e+09 8.732791e+07 5.926177e+08 -2.553407e+08
1.978019e-03 8.074322e+09 4.893935e+09 1.171121e+08 6.208933e+08 -1.934844e+08
2.041684e-03 7.853860e+09 4.892700e+09 1.343640e+08 6.945975e+08 -2.939145e+08
2.104726e-03 7.637370e+09 4.883649e+09 1.628413e+08 7.355681e+08 -2.835415e+08
2.167060e-03 7.419425e+09 4.868513e+09 1.906154e+08 7.917834e+08 -3.197968e+08
2.229921e-03 7.203155e+09 4.840882e+09 2.200515e+08 8.489023e+08 -3.442730e+08
2.292794e-03 6.985892e+09 4.806993e+09 2.529316e+08 9.018801e+08 -3.755965e+08
2.355230e-03 6.772736e+09 4.762055e+09 2.836106e+08 9.716925e+08 -4.240881e+08
2.418331e-03 6.558578e+09 4.709699e+09 3.187434e+08 1.032219e+09 -4.685844e+08
2.481215e-03 6.345825e+09 4.652280e+09 3.583341e+08 1.084895e+09 -4.927654e+08
2.543891e-03 6.138865e+09 4.583678e+09 3.943107e+08 1.159903e+09 -5.406163e+08
2.607003e-03 5.928471e+09 4.513450e+09 4.381290e+08 1.212041e+09 -5.678716e+08
2.669740e-03 5.724315e+09 4.435249e+09 4.810640e+08 1.276402e+09 -5.925611e+08
2.732628e-03 5.526465e+09 4.345245e+09 5.204670e+08 1.349223e+09 -6.757680e+08
2.796013e-03 5.324900e+09 4.256307e+09 5.683247e+08 1.407704e+09 -7.001181e+08
2.858795e-03 5.131102e+09 4.162019e+09 6.137677e+08 1.480035e+09 -7.284814e+08
2.920959e-03 4.944957e+09 4.059810e+09 6.595178e+08 1.536676e+09 -8.027284e+08
2.983535e-03 4.757578e+09 3.958672e+09 7.084474e+08 1.602788e+09 -8.269714e+08
3.046449e-03 4.573836e+09 3.850953e+09 7.578893e+08 1.659353e+09 -8.816978e+08
3.109435e-03 4.395372e+09 3.742677e+09 8.088904e+08 1.723569e+09 -8.938749e+08
3.172429e-03 4.226128e+09 3.623410e+09 8.519993e+08 1.803678e+09 -9.974925e+08
3.235378e-03 4.054292e+09 3.509110e+09 9.064376e+08 1.849660e+09 -1.025287e+09
3.298350e-03 3.888941e+09 3.393739e+09 9.554474e+08 1.917283e+09 -1.061037e+09
3.361502e-03 3.725903e+09 3.275243e+09 1.008687e+09 1.962224e+09 -1.098792e+09
3.424034e-03 3.572761e+09 3.156476e+09 1.056407e+09 2.026457e+09 -1.147154e+09
3.486610e-03 3.425094e+09 3.035849e+09 1.103946e+09 2.084842e+09 -1.204916e+09
3.549533e-03 3.275766e+09 2.917201e+09 1.155363e+09 2.128553e+09 -1.231866e+09
3.612035e-03 3.141177e+09 2.795992e+09 1.196746e+09 2.205655e+09 -1.305693e+09
3.674842e-03 2.999765e+09 2.679934e+09 1.250100e+09 2.225861e+09 -1.311102e+09
3.737743e-03 2.871562e+09 2.560370e+09 1.292384e+09 2.286962e+09 -1.371121e+09
3.800817e-03 2.740114e+09 2.445351e+09 1.340402e+09 2.318613e+09 -1.385124e+09
3.863693e-03 2.623535e+09 2.327376e+09 1.379063e+09 2.375296e+09 -1.454842e+09
3.926624e-03 2.503030e+09 2.215757e+09 1.421671e+09 2.410403e+09 -1.474726e+09
3.989691e-03 2.391910e+09 2.103011e+09 1.461738e+09 2.445364e+09 -1.513374e+09
4.052279e-03 2.283222e+09 1.995585e+09 1.498489e+09 2.480716e+09 -1.542344e+09
4.115276e-03 2.177866e+09 1.887783e+09 1.535846e+09 2.505510e+09 -1.568682e+09
4.178091e-03 2.081042e+09 1.784671e+09 1.567677e+09 2.538329e+09 -1.602848e+09
4.240529e-03 1.984377e+09 1.685219e+09 1.599136e+09 2.561726e+09 -1.620648e+09
4.303566e-03 1.894271e+09 1.585918e+09 1.627782e+09 2.583186e+09 -1.650519e+09
4.366473e-03 1.806858e+09 1.492786e+09 1.653109e+09 2.605156e+09 -1.670435e+09
4.429136e-03 1.724477e+09 1.399494e+09 1.679353e+09 2.612701e+09 -1.685938e+09
4.491804e-03 1.640998e+09 1.312916e+09 1.701522e+09 2.619560e+09 -1.682876e+09
4.554524e-03 1.569511e+09 1.227305e+09 1.718703e+09 2.637414e+09 -1.716418e+09
4.617696e-03 1.496574e+09 1.146521e+09 1.734116e+09 2.638904e+09 -1.722205e+09
4.680743e-03 1.426291e+09 1.068472e+09 1.747819e+09 2.641745e+09 -1.726594e+09
4.743600e-03 1.360446e+09 9.932635e+08 1.758958e+09 2.637786e+09 -1.728807e+09
4.806460e-03 1.299479e+09 9.236765e+08 1.765532e+09 2.638276e+09 -1.739239e+09
4.869182e-03 1.240507e+09 8.549624e+08 1.771890e+09 2.627561e+09 -1.735553e+09
4.931803e-03 1.180615e+09 7.909589e+08 1.775479e+09 2.611394e+09 -1.719019e+09
4.994544e-03 1.128458e+09 7.306243e+08 1.775112e+09 2.599235e+09 -1.717050e+09
5.057296e-03 1.077497e+09 6.732998e+08 1.771834e+09 2.584539e+09 -1.711889e+09
5.120127e-03 1.030170e+09 6.202906e+08 1.765888e+09 2.564234e+09 -1.700928e+09
5.183244e-03 9.815028e+08 5.675760e+08 1.759137e+09 2.537962e+09 -1.679194e+09
5.246213e-03 9.375983e+08 5.199370e+08 1.748772e+09 2.512556e+09 -1.662751e+09
5.308940e-03 8.946822e+08 4.738920e+08 1.737338e+09 2.480874e+09 -1.636505e+09
5.371705e-03 8.564707e+08 4.331101e+08 1.721386e+09 2.453703e+09 -1.621595e+09
5.434764e-03 8.177863e+08 3.944261e+08 1.702763e+09 2.421043e+09 -1.600153e+09
5.497589e-03 7.810595e+08 3.555410e+08 1.686919e+09 2.379159e+09 -1.559466e+09
5.560094e-03 7.480189e+08 3.246909e+08 1.661595e+09 2.347600e+09 -1.545486e+09
5.623090e-03 7.139089e+08 2.906468e+08 1.642078e+09 2.302485e+09 -1.503100e+09
5.686167e-03 6.825569e+08 2.612523e+08 1.616276e+09 2.260292e+09 -1.470406e+09
5.748863e-03 6.522581e+08 2.348431e+08 1.588864e+09 2.215609e+09 -1.436267e+09
5.811791e-03 6.259935e+08 2.109564e+08 1.560361e+09 2.174076e+09 -1.405060e+09
5.874636e-03 5.966930e+08 1.873569e+08 1.529831e+09 2.122952e+09 -1.363934e+09
5.937271e-03 5.717867e+08 1.649695e+08 1.502065e+09 2.075184e+09 -1.321091e+09
6.000058e-03 5.470714e+08 1.470498e+08 1.467682e+09 2.025560e+09 -1.283671e+09
6.062729e-03 5.231595e+08 1.285463e+08 1.436085e+09 1.974077e+09 -1.239341e+09
6.125517e-03 5.006131e+08 1.111972e+08 1.402585e+09 1.921226e+09 -1.193942e+09
6.188708e-03 4.782907e+08 9.874996e+07 1.364012e+09 1.868199e+09 -1.156631e+09
6.251555e-03 4.591965e+08 8.413044e+07 1.331090e+09 1.817669e+09 -1.110237e+09
6.314077e-03 4.382296e+08 7.209667e+07 1.293406e+09 1.760893e+09 -1.065099e+09
6.377058e-03 4.191945e+08 6.007914e+07 1.257852e+09 1.706048e+09 -1.017556e+09
6.440009e-03 4.014677e+08 4.988412e+07 1.221350e+09 1.652503e+09 -9.724166e+08
6.502812e-03 3.837036e+08 4.245032e+07 1.180648e+09 1.597388e+09 -9.316394e+08
6.565726e-03 3.671989e+08 3.151435e+07 1.147733e+09 1.542130e+09 -8.783167e+08
6.628521e-03 3.507331e+08 2.614009e+07 1.106201e+09 1.487169e+09 -8.395326e+08
6.691272e-03 3.361885e+08 1.811384e+07 1.071326e+09 1.434332e+09 -7.913065e+08
6.754176e-03 3.209665e+08 1.308732e+07 1.031564e+09 1.379432e+09 -7.497169e+08
6.816888e-03 3.067448e+08 6.929325e+06 9.950993e+08 1.324886e+09 -7.035413e+08
6.879625e-03 2.932229e+08 7.108886e+05 9.607104e+08 1.271698e+09 -6.566177e+08
6.942449e-03 2.800895e+08 -2.447564e+06 9.214346e+08 1.219172e+09 -6.175804e+08
7.005248e-03 2.680637e+08 -6.344146e+06 8.864113e+08 1.170495e+09 -5.774223e+08
7.068136e-03 2.557316e+08 -1.100944e+07 8.512753e+08 1.116463e+09 -5.323409e+08
7.131053e-03 2.441240e+08 -1.413898e+07 8.157338e+08 1.066104e+09 -4.927052e+08
7.194010e-03 2.334491e+08 -1.725769e+07 7.823810e+08 1.018841e+09 -4.540616e+08
7.256902e-03 2.223042e+08 -1.919426e+07 7.462161e+08 9.690831e+08 -4.177574e+08
7.319748e-03 2.127334e+08 -2.316776e+07 7.168490e+08 9.227983e+08 -3.769131e+08
7.382611e-03 2.026432e+08 -2.427671e+07 6.818837e+08 8.761177e+08 -3.440850e+08
7.445306e-03 1.935223e+08 -2.675579e+07 6.522351e+08 8.327141e+08 -3.093536e+08
7.507906e-03 1.848052e+08 -2.808212e+07 6.207914e+08 7.905114e+08 -2.783791e+08
7.570818e-03 1.759489e+08 -3.067639e+07 5.924958e+08 7.455824e+08 -2.426721e+08
7.633721e-03 1.682912e+08 -3.151535e+07 5.633816e+08 7.076465e+08 -2.157167e+08
7.696586e-03 1.599524e+08 -3.277519e+07 5.341453e+08 6.655383e+08 -1.858924e+08
7.759492e-03 1.530308e+08 -3.406800e+07 5.081268e+08 6.293295e+08 -1.591052e+08
7.822382e-03 1.455522e+08 -3.486938e+07 4.808132e+08 5.911128e+08 -1.331602e+08
7.885469e-03 1.390425e+08 -3.608100e+07 4.569208e+08 5.566254e+08 -1.083921e+08
7.948044e-03 1.325385e+08 -3.662552e+07 4.318428e+08 5.220316e+08 -8.564244e+07
8.010528e-03 1.263383e+08 -3.774692e+07 4.092656e+08 4.880692e+08 -6.168005e+07
8.073516e-03 1.208313e+08 -3.778532e+07 3.867235e+08 4.595161e+08 -4.487892e+07
8.136423e-03 1.148075e+08 -3.834440e+07 3.642073e+08 4.270699e+08 -2.432020e+07
8.199228e-03 1.096706e+08 -3.837583e+07 3.429453e+08 3.989674e+08 -7.909235e+06
8.262023e-03 1.048404e+08 -3.888401e+07 3.241533e+08 3.712940e+08 9.725822e+06
8.324981e-03 9.977266e+07 -3.868616e+07 3.038680e+08 3.453261e+08 2.302023e+07
8.388025e-03 9.549601e+07 -3.870312e+07 2.863235e+08 3.212908e+08 3.611379e+07
8.450798e-03 9.088059e+07 -3.864388e+07 2.679813e+08 2.954674e+08 5.025302e+07
8.513424e-03 8.712642e+07 -3.829844e+07 2.520149e+08 2.746428e+08 6.021144e+07
8.576219e-03 8.299346e+07 -3.799997e+07 2.352774e+08 2.526151e+08 7.031714e+07
8.639099e-03 7.939008e+07 -3.741281e+07 2.200958e+08 2.333362e+08 7.782787e+07
8.701941e-03 7.596563e+07 -3.700394e+07 2.056220e+08 2.132669e+08 8.734896e+07
8.764716e-03 7.256988e+07 -3.637793e+07 1.915750e+08 1.947821e+08 9.469581e+07
8.827545e-03 6.952599e+07 -3.559426e+07 1.785264e+08 1.794469e+08 9.832530e+07
8.890404e-03 6.640096e+07 -3.480653e+07 1.652656e+08 1.622253e+08 1.043413e+08
8.953189e-03 6.372400e+07 -3.390896e+07 1.536058e+08 1.474395e+08 1.086252e+08
9.016039e-03 6.098888e+07 -3.293747e+07 1.421286e+08 1.335035e+08 1.113687e+08
9.078883e-03 5.837415e+07 -3.195783e+07 1.309415e+08 1.202713e+08 1.138028e+08
9.141797e-03 5.604725e+07 -3.077555e+07 1.207990e+08 1.084946e+08 1.145789e+08
9.204714e-03 5.372154e+07 -2.972410e+07 1.107914e+08 9.554514e+07 1.181434e+08
9.267500e-03 5.157171e+07 -2.846825e+07 1.014861e+08 8.561172e+07 1.171265e+08
9.330389e-03 4.946851e+07 -2.720991e+07 9.245322e+07 7.562261e+07 1.168584e+08
9.393353e-03 4.750847e+07 -2.601452e+07 8.435134e+07 6.598366e+07 1.173568e+08
9.456033e-03 4.568544e+07 -2.451644e+07 7.610771e+07 5.800945e+07 1.146481e+08
9.518699e-03 4.382664e+07 -2.339308e+07 6.888046e+07 4.890967e+07 1.156817e+08
9.581480e-03 4.217698e+07 -2.190033e+07 6.166297e+07 4.276006e+07 1.113499e+08
9.644431e-03 4.055047e+07 -2.052666e+07 5.492658e+07 3.535524e+07 1.104159e+08
9.707436e-03 3.901636e+07 -1.910648e+07 4.848715e+07 2.902631e+07 1.079456e+08
9.770160e-03 3.754516e+07 -1.770431e+07 4.243126e+07 2.325007e+07 1.051588e+08
9.832865e-03 3.612919e+07 -1.639074e+07 3.702119e+07 1.760284e+07 1.034478e+08
9.895597e-03 3.482036e+07 -1.484724e+07 3.146110e+07 1.361229e+07 9.822743e+07
9.958595e-03 3.349540e+07 -1.361484e+07 2.679109e+07 8.583973e+06 9.689519e+07
1.002149e-02 3.227354e+07 -1.218393e+07 2.193847e+07 4.924718e+06 9.240717e+07
1.008410e-02 3.110729e+07 -1.085843e+07 1.769103e+07 1.333267e+06 8.924880e+07
1.014702e-02 2.997062e+07 -9.514747e+06 1.353514e+07 -2.114705e+06 8.621447e+07
1.020999e-02 2.892008e+07 -8.208895e+06 9.689672e+06 -4.711975e+06 8.173284e+07
1.027280e-02 2.787334e+07 -7.009240e+06 6.237360e+06 -7.487022e+06 7.891049e+07
1.033567e-02 2.689191e+07 -5.732785e+06 2.848221e+06 -9.882429e+06 7.524985e+07
1.039854e-02 2.592233e+07 -4.587598e+06 2.200770e+04 -1.163045e+07 7.159282e+07
1.046130e-02 2.504043e+07 -3.419879e+06 -2.882896e+06 -1.339889e+07 6.794329e+07
1.052408e-02 2.417620e+07 -2.346657e+06 -5.345116e+06 -1.476598e+07 6.434319e+07
1.058689e-02 2.329989e+07 -1.310791e+06 -7.617092e+06 -1.619088e+07 6.145117e+07
1.064973e-02 2.255544e+07 -2.721013e+05 -9.805004e+06 -1.705912e+07 5.754292e+07
1.071266e-02 2.180190e+07 6.887576e+05 -1.176874e+07 -1.798373e+07 5.458612e+07
1.077552e-02 2.106121e+07 1.564112e+06 -1.334055e+07 -1.852689e+07 5.135724e+07
1.083829e-02 2.036278e+07 2.437333e+06 -1.488954e+07 -1.903706e+07 4.829530e+07
1.090115e-02 1.971531e+07 3.243618e+06 -1.625112e+07 -1.942054e+07 4.567342e+07
1.096400e-02 1.910521e+07 4.031754e+06 -1.736881e+07 -1.934302e+07 4.222204e+07
1.102688e-02 1.849372e+07 4.713428e+06 -1.832748e+07 -1.938485e+07 3.970210e+07
1.108967e-02 1.791593e+07 5.380764e+06 -1.911179e+07 -1.922582e+07 3.708091e+07
1.115232e-02 1.738341e+07 5.996870e+06 -1.977186e+07 -1.892777e+07 3.448921e+07
1.121507e-02 1.688162e+07 6.548358e+06 -2.025902e+07 -1.851930e+07 3.230137e+07
1.127797e-02 1.641613e+07 7.098895e+06 -2.065795e+07 -1.801811e+07 2.970823e+07
1.134099e-02 1.593735e+07 7.548188e+06 -2.084906e+07 -1.741901e+07 2.789513e+07
1.140372e-02 1.551936e+07 8.010516e+06 -2.097268e+07 -1.675945e+07 2.569313e+07
1.146650e-02 1.512736e+07 8.394436e+06 -2.095105e+07 -1.593423e+07 2.381167e+07
1.152952e-02 1.475578e+07 8.752108e+06 -2.082414e+07 -1.511027e+07 2.203065e+07
1.159236e-02 1.438711e+07 9.067656e+06 -2.057450e+07 -1.420465e+07 2.042213e+07
1.165521e-02 1.406525e+07 9.334391e+06 -2.022446e+07 -1.320923e+07 1.893805e+07
1.171802e-02 1.378354e+07 9.628614e+06 -1.983187e+07 -1.219307e+07 1.721531e+07
1.178091e-02 1.347057e+07 9.782585e+06 -1.924073e+07 -1.107162e+07 1.616217e+07
1.184377e-02 1.324630e+07 1.001108e+07 -1.869691e+07 -9.995927e+06 1.481881e+07
1.190645e-02 1.296080e+07 1.013003e+07 -1.797604e+07 -8.836089e+06 1.381384e+07
1.196918e-02 1.276328e+07 1.026597e+07 -1.724340e+07 -7.642439e+06 1.276260e+07
1.203205e-02 1.257050e+07 1.037589e+07 -1.640345e+07 -6.407556e+06 1.171574e+07
1.209494e-02 1.238022e+07 1.043984e+07 -1.558615e+07 -5.219486e+06 1.111877e+07
1.215771e-02 1.222564e+07 1.052358e+07 -1.468191e+07 -4.017325e+06 1.024972e+07
1.222054e-02 1.206418e+07 1.052842e+07 -1.368751e+07 -2.766161e+06 9.823606e+06
1.228344e-02 1.195467e+07 1.055656e+07 -1.269607e+07 -1.479167e+06 9.164933e+06
1.234640e-02 1.181475e+07 1.053349e+07 -1.163281e+07 -2.553885e+05 8.742559e+06
1.240915e-02 1.172708e+07 1.052719e+07 -1.061564e+07 9.734062e+05 8.448440e+06
1.247184e-02 1.162777e+07 1.049974e+07 -9.459421e+06 2.192930e+06 8.110936e+06
1.253470e-02 1.156128e+07 1.043107e+07 -8.393071e+06 3.426546e+06 7.943234e+06
1.259754e-02 1.149832e+07 1.037693e+07 -7.250298e+06 4.609352e+06 7.784054e+06
1.266036e-02 1.143883e+07 1.030738e+07 -6.087372e+06 5.786460e+06 7.751992e+06
1.272320e-02 1.136678e+07 1.019621e+07 -4.906178e+06 6.934425e+06 7.830270e+06
1.278608e-02 1.137578e+07 1.012465e+07 -3.778793e+06 8.071473e+06 7.808562e+06
1.284892e-02 1.134253e+07 1.002414e+07 -2.653368e+06 9.162252e+06 7.972624e+06
1.291183e-02 1.132355e+07 9.902571e+06 -1.441858e+06 1.021474e+07 8.241818e+06
1.297477e-02 1.129886e+07 9.782331e+06 -2.866124e+05 1.123970e+07 8.471976e+06
1.303751e-02 1.129425e+07 9.646638e+06 8.618871e+05 1.222871e+07 8.841651e+06
1.310022e-02 1.132364e+07 9.531553e+06 1.974537e+06 1.320762e+07 9.064685e+06
1.316309e-02 1.130466e+07 9.374937e+06 3.155138e+06 1.413243e+07 9.636405e+06
1.322594e-02 1.132712e+07 9.257147e+06 4.236162e+06 1.497890e+07 1.001107e+07
1.328870e-02 1.134067e+07 9.091140e+06 5.332882e+06 1.581768e+07 1.058428e+07
1.335152e-02 1.136335e+07 8.946604e+06 6.390117e+06 1.659944e+07 1.109215e+07
1.341448e-02 1.139549e+07 8.817104e+06 7.478175e+06 1.739186e+07 1.171153e+07
1.347734e-02 1.139503e+07 8.633805e+06 8.523333e+06 1.804045e+07 1.239504e+07
1.354004e-02 1.141924e+07 8.477737e+06 9.507538e+06 1.868576e+07 1.295013e+07
1.360289e-02 1.146300e+07 8.323525e+06 1.052216e+07 1.936916e+07 1.365025e+07
1.366571e-02 1.148714e+07 8.180078e+06 1.146271e+07 1.992774e+07 1.435793e+07
1.372857e-02 1.150658e+07 7.997908e+06 1.243426e+07 2.044235e+07 1.514411e+07
1.379141e-02 1.152888e+07 7.834992e+06 1.328388e+07 2.087675e+07 1.589286e+07
1.385412e-02 1.156446e+07 7.687046e+06 1.421802e+07 2.136587e+07 1.671377e+07
1.391702e-02 1.158832e+07 7.529580e+06 1.502995e+07 2.176365e+07 1.748002e+07
1.397990e-02 1.161034e+07 7.353029e+06 1.585276e+07 2.211140e+07 1.825891e+07
1.404272e-02 1.161929e+07 7.185068e+06 1.664289e+07 2.239097e+07 1.913451e+07
1.410560e-02 1.164066e+07 7.039304e+06 1.740072e+07 2.268781e+07 1.994820e+07
1.416843e-02 1.166404e+07 6.878848e+06 1.811952e+07 2.293394e+07 2.077846e+07
1.423121e-02 1.166848e+07 6.723892e+06 1.877778e+07 2.310207e+07 2.160804e+07
1.429401e-02 1.167851e+07 6.546618e+06 1.950355e+07 2.325425e+07 2.253814e+07
1.435689e-02 1.168086e+07 6.412240e+06 2.006900e+07 2.336104e+07 2.333656e+07
1.441980e-02 1.169219e+07 6.249845e+06 2.069123e+07 2.348820e+07 2.416523e+07
1.448261e-02 1.167870e+07 6.092166e+06 2.118873e+07 2.349927e+07 2.494114e+07
1.454538e-02 1.167032e+07 5.945192e+06 2.175289e+07 2.350007e+07 2.587740e+07
1.460822e-02 1.165869e+07 5.786319e+06 2.226262e+07 2.347771e+07 2.670215e+07
1.467115e-02 1.164392e+07 5.650227e+06 2.268139e+07 2.343897e+07 2.745970e+07
1.473401e-02 1.162584e+07 5.492194e+06 2.310905e+07 2.338817e+07 2.821756e+07
1.479676e-02 1.158237e+07 5.344714e+06 2.346648e+07 2.320368e+07 2.901578e+07
1.485961e-02 1.156434e+07 5.213396e+06 2.388650e+07 2.311607e+07 2.984948e+07
1.492239e-02 1.151965e+07 5.055910e+06 2.414975e+07 2.293065e+07 3.050125e+07
1.498506e-02 1.148410e+07 4.932038e+06 2.445720e+07 2.274803e+07 3.129476e+07
1.504789e-02 1.143059e+07 4.787342e+06 2.474595e+07 2.259505e+07 3.189317e+07
1.511078e-02 1.137078e+07 4.633248e+06 2.497253e+07 2.226000e+07 3.271595e+07
1.517364e-02 1.131302e+07 4.502100e+06 2.511176e+07 2.204542e+07 3.322877e+07
1.523654e-02 1.125482e+07 4.378568e+06 2.529446e+07 2.179559e+07 3.386212e+07
1.529942e-02 1.117721e+07 4.231598e+06 2.543242e+07 2.143941e+07 3.452817e+07
1.536235e-02 1.110394e+07 4.092411e+06 2.556498e+07 2.116725e+07 3.507046e+07
1.542517e-02 1.102216e+07 3.962249e+06 2.561203e+07 2.079297e+07 3.563938e+07
1.548789e-02 1.093398e+07 3.829038e+06 2.565131e+07 2.049542e+07 3.604988e+07
1.555076e-02 1.084290e+07 3.699149e+06 2.568520e+07 2.012382e+07 3.657776e+07
1.561359e-02 1.074030e+07 3.549824e+06 2.566787e+07 1.970687e+07 3.701418e+07
1.567632e-02 1.064525e+07 3.432430e+06 2.566973e+07 1.938840e+07 3.743914e+07
1.573917e-02 1.053339e+07 3.292901e+06 2.557220e+07 1.893196e+07 3.779425e+07
1.580208e-02 1.042074e+07 3.161580e+06 2.552967e+07 1.859213e+07 3.809629e+07
1.586491e-02 1.031002e+07 3.027089e+06 2.539688e+07 1.811396e+07 3.847062e+07
1.592764e-02 1.018930e+07 2.892526e+06 2.527556e+07 1.770003e+07 3.873332e+07
1.599049e-02 1.006196e+07 2.762835e+06 2.513366e+07 1.730395e+07 3.891487e+07
1.605344e-02 9.939672e+06 2.626564e+06 2.493211e+07 1.680098e+07 3.918671e+07
1.611624e-02 9.800010e+06 2.492867e+06 2.477316e+07 1.642030e+07 3.930381e+07
1.617906e-02 9.675389e+06 2.356869e+06 2.456256e+07 1.592616e+07 3.950960e+07
1.624189e-02 9.528760e+06 2.225246e+06 2.433571e+07 1.551634e+07 3.952684e+07
1.630468e-02 9.388729e+06 2.089811e+06 2.408024e+07 1.505076e+07 3.959689e+07
1.636757e-02 9.249762e+06 1.961649e+06 2.381633e+07 1.458374e+07 3.966050e+07
1.643038e-02 9.103353e+06 1.827341e+06 2.355654e+07 1.415613e+07 3.963107e+07
1.649314e-02 8.957807e+06 1.682405e+06 2.328264e+07 1.366122e+07 3.964942e+07
1.655599e-02 8.800588e+06 1.563793e+06 2.295480e+07 1.325884e+07 3.948494e+07
1.661885e-02 8.649141e+06 1.425170e+06 2.262300e+07 1.276057e+07 3.941817e+07
1.668174e-02 8.507077e+06 1.293705e+06 2.234348e+07 1.234151e+07 3.931457e+07
1.674456e-02 8.346156e+06 1.158044e+06 2.197710e+07 1.187392e+07 3.912444e+07
1.680728e-02 8.197548e+06 1.043042e+06 2.161263e+07 1.142768e+07 3.892432e+07
1.687017e-02 8.032820e+06 9.063698e+05 2.125786e+07 1.100008e+07 3.866008e+07
1.693315e-02 7.886298e+06 7.803746e+05 2.092221e+07 1.057358e+07 3.843758e+07
1.699589e-02 7.730140e+06 6.583270e+05 2.053958e+07 1.013791e+07 3.815813e+07
1.705867e-02 7.566980e+06 5.389721e+05 2.013537e+07 9.723702e+06 3.778135e+07
1.712163e-02 7.417884e+06 4.158230e+05 1.973554e+07 9.275741e+06 3.747436e+07
1.718447e-02 7.261804e+06 2.968973e+05 1.937342e+07 8.894798e+06 3.710056e+07
1.724726e-02 7.110984e+06 1.857439e+05 1.896272e+07 8.479687e+06 3.672356e+07
1.731003e-02 6.948117e+06 7.889938e+04 1.853326e+07 8.093056e+06 3.624302e+07
1.737292e-02 6.801938e+06 -3.608846e+04 1.815256e+07 7.702158e+06 3.583056e+07
1.743574e-02 6.651284e+06 -1.372998e+05 1.771133e+07 7.303104e+06 3.537107e+07
1.749847e-02 6.499262e+06 -2.361668e+05 1.731711e+07 6.964024e+06 3.485425e+07
1.756133e-02 6.347741e+06 -3.340399e+05 1.687200e+07 6.574563e+06 3.435210e+07
1.762415e-02 6.201130e+06 -4.277872e+05 1.647260e+07 6.244816e+06 3.379977e+07
1.768698e-02 6.055262e+06 -5.156313e+05 1.603524e+07 5.885339e+06 3.326304e+07
1.774982e-02 5.909017e+06 -5.954402e+05 1.560287e+07 5.554974e+06 3.268816e+07
1.781268e-02 5.767354e+06 -6.769778e+05 1.518271e+07 5.226730e+06 3.211585e+07
1.787557e-02 5.630871e+06 -7.525489e+05 1.474332e+07 4.892038e+06 3.152235e+07
1.793843e-02 5.481838e+06 -8.233791e+05 1.430835e+07 4.593988e+06 3.086465e+07
1.800122e-02 5.350762e+06 -8.859827e+05 1.388322e+07 4.288410e+06 3.027845e+07
1.806400e-02 5.211746e+06 -9.481737e+05 1.346894e+07 4.020103e+06 2.962086e+07
1.812677e-02 5.080888e+06 -1.001052e+06 1.302358e+07 3.718598e+06 2.898147e+07
1.818960e-02 4.945312e+06 -1.052359e+06 1.258539e+07 3.440369e+06 2.830136e+07
1.825247e-02 4.813897e+06 -1.095694e+06 1.214918e+07 3.181115e+06 2.762958e+07
1.831530e-02 4.696669e+06 -1.138154e+06 1.175182e+07 2.926044e+06 2.700845e+07
1.837813e-02 4.559936e+06 -1.171604e+06 1.130026e+07 2.679123e+06 2.626904e+07
1.844103e-02 4.441691e+06 -1.203269e+06 1.087511e+07 2.429228e+06 2.561266e+07
1.850388e-02 4.315562e+06 -1.230598e+06 1.045599e+07 2.204915e+06 2.490470e+07
1.856668e-02 4.200556e+06 -1.251790e+06 1.005766e+07 1.991039e+06 2.424363e+07
1.862952e-02 4.085968e+06 -1.267821e+06 9.627271e+06 1.763605e+06 2.355741e+07
1.869235e-02 3.960425e+06 -1.282457e+06 9.193576e+06 1.551216e+06 2.281379e+07
1.875521e-02 3.853870e+06 -1.289142e+06 8.808504e+06 1.360616e+06 2.216695e+07
1.881803e-02 3.741865e+06 -1.293257e+06 8.403928e+06 1.172796e+06 2.147111e+07
1.888083e-02 3.632183e+06 -1.295088e+06 7.999788e+06 9.851234e+05 2.078122e+07
1.894358e-02 3.525691e+06 -1.291610e+06 7.587204e+06 7.925581e+05 2.010447e+07
1.900645e-02 3.419640e+06 -1.285085e+06 7.204764e+06 6.321898e+05 1.942066e+07
1.906935e-02 3.321520e+06 -1.273185e+06 6.826534e+06 4.722334e+05 1.877548e+07
1.913210e-02 3.214327e+06 -1.261121e+06 6.432044e+06 3.117175e+05 1.808100e+07
1.919494e-02 3.118446e+06 -1.244435e+06 6.050252e+06 1.538481e+05 1.743347e+07
1.925782e-02 3.024017e+06 -1.224234e+06 5.695238e+06 1.789723e+04 1.680401e+07
1.932068e-02 2.927011e+06 -1.204093e+06 5.330288e+06 -1.181001e+05 1.614552e+07
1.938348e-02 2.838321e+06 -1.176850e+06 4.967551e+06 -2.527981e+05 1.553726e+07
1.944625e-02 2.744207e+06 -1.154629e+06 4.613858e+06 -3.842458e+05 1.489654e+07
1.950911e-02 2.661129e+06 -1.122667e+06 4.282157e+06 -4.948561e+05 1.431665e+07
1.957198e-02 2.573171e+06 -1.093670e+06 3.946407e+06 -6.078246e+05 1.370726e+07
1.963482e-02 2.488522e+06 -1.061849e+06 3.616909e+06 -7.142456e+05 1.312149e+07
1.969763e-02 2.409718e+06 -1.026292e+06 3.298524e+06 -8.157292e+05 1.256278e+07
1.976054e-02 2.329897e+06 -9.933526e+05 2.991418e+06 -9.112985e+05 1.199957e+07
1.982343e-02 2.254423e+06 -9.542618e+05 2.685858e+06 -9.968978e+05 1.146524e+07
1.988621e-02 2.177716e+06 -9.180089e+05 2.392513e+06 -1.081247e+06 1.091958e+07
1.994903e-02 2.107310e+06 -8.789839e+05 2.118012e+06 -1.152614e+06 1.041735e+07
2.001187e-02 2.037598e+06 -8.396457e+05 1.844718e+06 -1.223074e+06 9.920405e+06
2.007464e-02 1.968196e+06 -8.002450e+05 1.574455e+06 -1.292474e+06 9.419055e+06
2.013740e-02 1.904703e+06 -7.597561e+05 1.327066e+06 -1.346628e+06 8.965491e+06
2.020021e-02 1.839855e+06 -7.170241e+05 1.081233e+06 -1.398276e+06 8.494064e+06
2.026315e-02 1.780446e+06 -6.757535e+05 8.474742e+05 -1.445131e+06 8.060138e+06
2.032605e-02 1.720815e+06 -6.336010e+05 6.213704e+05 -1.487780e+06 7.631806e+06
2.038878e-02 1.664542e+06 -5.921226e+05 4.088695e+05 -1.522127e+06 7.218654e+06
2.045158e-02 1.611320e+06 -5.477152e+05 2.097385e+05 -1.544478e+06 6.829642e+06
2.051448e-02 1.558656e+06 -5.063435e+05 1.235088e+04 -1.573966e+06 6.437004e+06
2.057734e-02 1.509931e+06 -4.635143e+05 -1.705923e+05 -1.590295e+06 6.081295e+06
2.064018e-02 1.462380e+06 -4.199395e+05 -3.438675e+05 -1.602933e+06 5.721749e+06
2.070304e-02 1.415018e+06 -3.771549e+05 -5.024628e+05 -1.605872e+06 5.381292e+06
2.076595e-02 1.373281e+06 -3.350760e+05 -6.551886e+05 -1.606829e+06 5.062994e+06
2.082869e-02 1.332571e+06 -2.930253e+05 -7.989706e+05 -1.606592e+06 4.755308e+06
2.089140e-02 1.293717e+06 -2.502231e+05 -9.277576e+05 -1.591723e+06 4.463204e+06
2.095430e-02 1.256423e+06 -2.083417e+05 -1.049135e+06 -1.577081e+06 4.177467e+06
2.101710e-02 1.222202e+06 -1.655093e+05 -1.162916e+06 -1.556609e+06 3.915503e+06
2.107990e-02 1.189887e+06 -1.247735e+05 -1.264477e+06 -1.532255e+06 3.663664e+06
2.114275e-02 1.158386e+06 -8.390397e+04 -1.354912e+06 -1.502541e+06 3.424184e+06
2.120557e-02 1.129699e+06 -4.301775e+04 -1.438115e+06 -1.465130e+06 3.200454e+06
2.126842e-02 1.102810e+06 -2.559018e+03 -1.512338e+06 -1.430270e+06 2.983980e+06
2.133126e-02 1.079339e+06 3.770146e+04 -1.579394e+06 -1.386083e+06 2.793859e+06
2.139415e-02 1.055594e+06 7.679258e+04 -1.633428e+06 -1.338013e+06 2.603858e+06
2.145701e-02 1.033279e+06 1.162376e+05 -1.679760e+06 -1.286410e+06 2.427368e+06
2.151977e-02 1.014760e+06 1.546686e+05 -1.720273e+06 -1.232622e+06 2.271798e+06
2.158262e-02 9.964004e+05 1.920567e+05 -1.748407e+06 -1.172337e+06 2.116376e+06
2.164549e-02 9.810646e+05 2.294859e+05 -1.773124e+06 -1.112042e+06 1.985784e+06
2.170835e-02 9.646571e+05 2.662697e+05 -1.785536e+06 -1.046134e+06 1.851527e+06
2.177117e-02 9.528236e+05 3.023541e+05 -1.794205e+06 -9.795558e+05 1.743520e+06
2.183391e-02 9.406081e+05 3.370156e+05 -1.793358e+06 -9.090912e+05 1.639478e+06
2.189674e-02 9.299860e+05 3.713829e+05 -1.785278e+06 -8.352802e+05 1.543425e+06
2.195964e-02 9.216692e+05 4.049666e+05 -1.771976e+06 -7.622824e+05 1.468600e+06
2.202248e-02 9.133222e+05 4.378774e+05 -1.749866e+06 -6.831889e+05 1.388438e+06
2.208526e-02 9.084372e+05 4.699249e+05 -1.725846e+06 -6.075376e+05 1.335833e+06
2.214806e-02 9.029544e+05 5.008432e+05 -1.692728e+06 -5.272526e+05 1.282448e+06
2.221095e-02 8.989798e+05 5.304910e+05 -1.652860e+06 -4.455539e+05 1.241281e+06
2.227376e-02 8.963807e+05 5.599309e+05 -1.609152e+06 -3.653692e+05 1.213233e+06
2.233660e-02 8.945156e+05 5.880094e+05 -1.559835e+06 -2.802644e+05 1.185832e+06
2.239951e-02 8.944669e+05 6.145016e+05 -1.505311e+06 -1.992694e+05 1.178843e+06
2.246232e-02 8.945259e+05 6.406666e+05 -1.445261e+06 -1.135721e+05 1.170198e+06
2.252510e-02 8.956616e+05 6.652829e+05 -1.381575e+06 -3.076076e+04 1.176592e+06
2.258787e-02 8.982339e+05 6.892644e+05 -1.314546e+06 5.225237e+04 1.191921e+06
2.265070e-02 9.004423e+05 7.107841e+05 -1.239764e+06 1.379202e+05 1.207311e+06
2.271352e-02 9.058064e+05 7.326431e+05 -1.166689e+06 2.169857e+05 1.244301e+06
2.277642e-02 9.089472e+05 7.527936e+05 -1.084252e+06 3.039020e+05 1.274497e+06
2.283929e-02 9.153837e+05 7.721218e+05 -1.003626e+06 3.825459e+05 1.323518e+06
2.290206e-02 9.212196e+05 7.890162e+05 -9.164180e+05 4.631104e+05 1.374143e+06
2.296496e-02 9.273441e+05 8.051305e+05 -8.258139e+05 5.443112e+05 1.430384e+06
2.302777e-02 9.357188e+05 8.216935e+05 -7.368258e+05 6.206241e+05 1.499444e+06
2.309054e-02 9.424464e+05 8.343782e+05 -6.403759e+05 6.997924e+05 1.567237e+06
2.315342e-02 9.512090e+05 8.467679e+05 -5.424914e+05 7.745225e+05 1.645899e+06
2.321632e-02 9.595439e+05 8.581469e+05 -4.443694e+05 8.479258e+05 1.728871e+06
2.327917e-02 9.692149e+05 8.689601e+05 -3.457665e+05 9.201628e+05 1.818326e+06
2.334191e-02 9.788566e+05 8.780625e+05 -2.419332e+05 9.907278e+05 1.912252e+06
2.340472e-02 9.880649e+05 8.839851e+05 -1.353975e+05 1.060283e+06 2.009501e+06
2.346760e-02 9.992959e+05 8.922021e+05 -3.508392e+04 1.124470e+06 2.114490e+06
2.353050e-02 1.009221e+06 8.968358e+05 7.491652e+04 1.191943e+06 2.221203e+06
2.359332e-02 1.020253e+06 9.004179e+05 1.800034e+05 1.252058e+06 2.333631e+06
2.365605e-02 1.031706e+06 9.038089e+05 2.892721e+05 1.313381e+06 2.450418e+06
2.371890e-02 1.042208e+06 9.048823e+05 3.953973e+05 1.370184e+06 2.567082e+06
2.378176e-02 1.054659e+06 9.062713e+05 5.028367e+05 1.421819e+06 2.694724e+06
2.384456e-02 1.065241e+06 9.045986e+05 6.151907e+05 1.481032e+06 2.814452e+06
2.390740e-02 1.077042e+06 9.036538e+05 7.227542e+05 1.529148e+06 2.944034e+06
2.397018e-02 1.088495e+06 9.009549e+05 8.305754e+05 1.577112e+06 3.073255e+06
2.403299e-02 1.100818e+06 8.973264e+05 9.378943e+05 1.622316e+06 3.207544e+06
2.409587e-02 1.112379e+06 8.925628e+05 1.043752e+06 1.663570e+06 3.340258e+06
2.415877e-02 1.123522e+06 8.869934e+05 1.154938e+06 1.710155e+06 3.472915e+06
2.422167e-02 1.135520e+06 8.809048e+05 1.258189e+06 1.744310e+06 3.611456e+06
2.428445e-02 1.146724e+06 8.728297e+05 1.360671e+06 1.778937e+06 3.746314e+06
2.434721e-02 1.158537e+06 8.649180e+05 1.469673e+06 1.815180e+06 3.886141e+06
2.441004e-02 1.169046e+06 8.560187e+05 1.566791e+06 1.843598e+06 4.019360e+06
2.447292e-02 1.179971e+06 8.458231e+05 1.669896e+06 1.872550e+06 4.158123e+06
2.453573e-02 1.191858e+06 8.356272e+05 1.765650e+06 1.894227e+06 4.297610e+06
2.459853e-02 1.201419e+06 8.243402e+05 1.867229e+06 1.922660e+06 4.430356e+06
2.466143e-02 1.211980e+06 8.121494e+05 1.961360e+06 1.939678e+06 4.568134e+06
2.472428e-02 1.221497e+06 7.999184e+05 2.053684e+06 1.959791e+06 4.698384e+06
2.478701e-02 1.232354e+06 7.869589e+05 2.145162e+06 1.973324e+06 4.836416e+06
2.484983e-02 1.240977e+06 7.725606e+05 2.232796e+06 1.985101e+06 4.963866e+06
2.491274e-02 1.249413e+06 7.586441e+05 2.321879e+06 1.999024e+06 5.091978e+06
2.497552e-02 1.259246e+06 7.439456e+05 2.405988e+06 2.004698e+06 5.224328e+06
2.503835e-02 1.266740e+06 7.290293e+05 2.484449e+06 2.010060e+06 5.344488e+06
2.510120e-02 1.274828e+06 7.133835e+05 2.565664e+06 2.015179e+06 5.467868e+06
2.516403e-02 1.282069e+06 6.968992e+05 2.640417e+06 2.013022e+06 5.587980e+06
2.522691e-02 1.288772e+06 6.810262e+05 2.715642e+06 2.015705e+06 5.703519e+06
2.528974e-02 1.295748e+06 6.642496e+05 2.782534e+06 2.008540e+06 5.817736e+06
2.535254e-02 1.301300e+06 6.467685e+05 2.853576e+06 2.003547e+06 5.927746e+06
2.541543e-02 1.306725e+06 6.299075e+05 2.916370e+06 1.997248e+06 6.032386e+06
2.547829e-02 1.311947e+06 6.127210e+05 2.979679e+06 1.987670e+06 6.139206e+06
2.554104e-02 1.315661e+06 5.948934e+05 3.034269e+06 1.973779e+06 6.233456e+06
2.560379e-02 1.320478e+06 5.770268e+05 3.091660e+06 1.959792e+06 6.333066e+06
2.566670e-02 1.322906e+06 5.587163e+05 3.142411e+06 1.944460e+06 6.420592e+06
2.572959e-02 1.326111e+06 5.410567e+05 3.191837e+06 1.926190e+06 6.510796e+06
2.579238e-02 1.328093e+06 5.226897e+05 3.236322e+06 1.906987e+06 6.591991e+06
2.585524e-02 1.330001e+06 5.043957e+05 3.279187e+06 1.884857e+06 6.671242e+06
2.591809e-02 1.331018e+06 4.859496e+05 3.318775e+06 1.861826e+06 6.747054e+06
2.598089e-02 1.331071e+06 4.678582e+05 3.350305e+06 1.836352e+06 6.812853e+06
2.604363e-02 1.330927e+06 4.491527e+05 3.384845e+06 1.809746e+06 6.878797e+06
2.610648e-02 1.330098e+06 4.310248e+05 3.412450e+06 1.781851e+06 6.937908e+06
2.616936e-02 1.328780e+06 4.131330e+05 3.438301e+06 1.752444e+06 6.994406e+06
2.623211e-02 1.326503e+06 3.948714e+05 3.457256e+06 1.720670e+06 7.042306e+06
2.629494e-02 1.323934e+06 3.763267e+05 3.481282e+06 1.689840e+06 7.091256e+06
2.635781e-02 1.320917e+06 3.580474e+05 3.492357e+06 1.653464e+06 7.129784e+06
2.642065e-02 1.316911e+06 3.414145e+05 3.504899e+06 1.621652e+06 7.165476e+06
2.648348e-02 1.312728e+06 3.231846e+05 3.512765e+06 1.583969e+06 7.196543e+06
2.654638e-02 1.307357e+06 3.045405e+05 3.521678e+06 1.546258e+06 7.224648e+06
2.660925e-02 1.302171e+06 2.887160e+05 3.521810e+06 1.509666e+06 7.245304e+06
2.667201e-02 1.295558e+06 2.709527e+05 3.518288e+06 1.468716e+06 7.257950e+06
2.673488e-02 1.288271e+06 2.538799e+05 3.514592e+06 1.429024e+06 7.268722e+06
2.679776e-02 1.281969e+06 2.367429e+05 3.509638e+06 1.387482e+06 7.280310e+06
2.686060e-02 1.273047e+06 2.205128e+05 3.499677e+06 1.348122e+06 7.277621e+06
2.692343e-02 1.264546e+06 2.046216e+05 3.481861e+06 1.303805e+06 7.271213e+06
2.698622e-02 1.255852e+06 1.877532e+05 3.470297e+06 1.261398e+06 7.267854e+06
2.704897e-02 1.245631e+06 1.723224e+05 3.449642e+06 1.218258e+06 7.251805e+06
2.711177e-02 1.236194e+06 1.564077e+05 3.429164e+06 1.173996e+06 7.237640e+06
2.717462e-02 1.224434e+06 1.415957e+05 3.401473e+06 1.130220e+06 7.207923e+06
2.723749e-02 1.214101e+06 1.264352e+05 3.375804e+06 1.084399e+06 7.186512e+06
2.730042e-02 1.202112e+06 1.113350e+05 3.346127e+06 1.039262e+06 7.154218e+06
2.736320e-02 1.189473e+06 9.702805e+04 3.311278e+06 9.926069e+05 7.116287e+06
2.742592e-02 1.177658e+06 8.294580e+04 3.278494e+06 9.482823e+05 7.078964e+06
2.748882e-02 1.163994e+06 6.916513e+04 3.240536e+06 9.027458e+05 7.032188e+06
2.755167e-02 1.150753e+06 5.510524e+04 3.200817e+06 8.555655e+05 6.984888e+06
2.761450e-02 1.136279e+06 4.199417e+04 3.158380e+06 8.104453e+05 6.929998e+06
2.767735e-02 1.122480e+06 2.897791e+04 3.115564e+06 7.646702e+05 6.876081e+06
2.774019e-02 1.107939e+06 1.634642e+04 3.070394e+06 7.189315e+05 6.816106e+06
2.780301e-02 1.092301e+06 4.021880e+03 3.020876e+06 6.732708e+05 6.749652e+06
2.786580e-02 1.077132e+06 -8.299059e+03 2.972316e+06 6.275776e+05 6.683578e+06
2.792859e-02 1.061700e+06 -1.955455e+04 2.920649e+06 5.835671e+05 6.612102e+06
2.799145e-02 1.045751e+06 -3.102159e+04 2.867927e+06 5.386251e+05 6.538038e+06
2.805434e-02 1.029035e+06 -4.236698e+04 2.811758e+06 4.925251e+05 6.458739e+06
2.811718e-02 1.012497e+06 -5.364974e+04 2.757230e+06 4.493552e+05 6.377930e+06
2.817992e-02 9.968975e+05 -6.334366e+04 2.700702e+06 4.058105e+05 6.300165e+06
2.824273e-02 9.789261e+05 -7.409532e+04 2.642122e+06 3.631660e+05 6.208450e+06
2.830566e-02 9.621914e+05 -8.305474e+04 2.580332e+06 3.207925e+05 6.119158e+06
2.836851e-02 9.449324e+05 -9.255298e+04 2.519820e+06 2.787584e+05 6.027474e+06
2.843134e-02 9.279834e+05 -1.017885e+05 2.460884e+06 2.381687e+05 5.937540e+06
2.849418e-02 9.102551e+05 -1.100296e+05 2.395650e+06 1.971948e+05 5.838110e+06
2.855700e-02 8.920642e+05 -1.191640e+05 2.332841e+06 1.572861e+05 5.736860e+06
2.861981e-02 8.750827e+05 -1.263127e+05 2.268840e+06 1.185628e+05 5.639444e+06
2.868265e-02 8.577032e+05 -1.344305e+05 2.207292e+06 8.169555e+04 5.539342e+06
2.874550e-02 8.396806e+05 -1.410600e+05 2.138686e+06 4.315234e+04 5.432212e+06
2.880834e-02 8.217136e+05 -1.478824e+05 2.073190e+06 7.064332e+03 5.325130e+06
2.887116e-02 8.045473e+05 -1.544641e+05 2.010311e+06 -2.717334e+04 5.221609e+06
2.893395e-02 7.870086e+05 -1.597604e+05 1.943505e+06 -6.152844e+04 5.113224e+06
2.899675e-02 7.690644e+05 -1.659242e+05 1.877442e+06 -9.511121e+04 5.001661e+06
2.905957e-02 7.516928e+05 -1.704500e+05 1.810798e+06 -1.269952e+05 4.890986e+06
2.912242e-02 7.347196e+05 -1.749677e+05 1.745878e+06 -1.576302e+05 4.782479e+06
2.918528e-02 7.172488e+05 -1.791742e+05 1.679254e+06 -1.880419e+05 4.667872e+06
2.924811e-02 7.003440e+05 -1.831197e+05 1.614705e+06 -2.172745e+05 4.557696e+06
2.931098e-02 6.829764e+05 -1.866128e+05 1.548692e+06 -2.449255e+05 4.441652e+06
2.937380e-02 6.666434e+05 -1.889046e+05 1.484235e+06 -2.705011e+05 4.330630e+06
2.943661e-02 6.496866e+05 -1.915400e+05 1.419602e+06 -2.966038e+05 4.214934e+06
2.949948e-02 6.333969e+05 -1.932118e+05 1.355348e+06 -3.204125e+05 4.101377e+06
2.956230e-02 6.170265e+05 -1.943646e+05 1.291763e+06 -3.427423e+05 3.986911e+06
2.962512e-02 6.012169e+05 -1.957417e+05 1.228964e+06 -3.653421e+05 3.873924e+06
2.968798e-02 5.856336e+05 -1.960112e+05 1.167328e+06 -3.855333e+05 3.762083e+06
2.975080e-02 5.700286e+05 -1.959774e+05 1.105186e+06 -4.048979e+05 3.647882e+06
2.981362e-02 5.547215e+05 -1.955666e+05 1.045295e+06 -4.228096e+05 3.535766e+06
2.987648e-02 5.396008e+05 -1.945209e+05 9.845132e+05 -4.396906e+05 3.422444e+06
2.993931e-02 5.250651e+05 -1.931390e+05 9.261948e+05 -4.552736e+05 3.312934e+06
3.000209e-02 5.106818e+05 -1.912214e+05 8.678979e+05 -4.702741e+05 3.203373e+06
3.006488e-02 4.963167e+05 -1.891833e+05 8.115989e+05 -4.828565e+05 3.093536e+06
3.012771e-02 4.825620e+05 -1.862220e+05 7.550742e+05 -4.951577e+05 2.985028e+06
3.019054e-02 4.691616e+05 -1.830113e+05 7.000026e+05 -5.063440e+05 2.879397e+06
3.025338e-02 4.556138e+05 -1.795790e+05 6.470098e+05 -5.157691e+05 2.773084e+06
3.031628e-02 4.429450e+05 -1.752908e+05 5.935318e+05 -5.248831e+05 2.669290e+06
3.037913e-02 4.301883e+05 -1.711860e+05 5.420906e+05 -5.327149e+05 2.566791e+06
3.044197e-02 4.178988e+05 -1.660535e+05 4.914907e+05 -5.387790e+05 2.465285e+06
3.050478e-02 4.059683e+05 -1.611601e+05 4.436412e+05 -5.442699e+05 2.367471e+06
3.056757e-02 3.942733e+05 -1.555170e+05 3.957366e+05 -5.487732e+05 2.269209e+06
3.063042e-02 3.829066e+05 -1.495794e+05 3.489163e+05 -5.523808e+05 2.173584e+06
3.069327e-02 3.720861e+05 -1.433609e+05 3.037022e+05 -5.550546e+05 2.081036e+06
3.075615e-02 3.612641e+05 -1.368651e+05 2.609179e+05 -5.559259e+05 1.988860e+06
3.081897e-02 3.510088e+05 -1.300677e+05 2.184335e+05 -5.571119e+05 1.900058e+06
3.088177e-02 3.410665e+05 -1.230342e+05 1.778020e+05 -5.569732e+05 1.813741e+06
3.094460e-02 3.313578e+05 -1.155449e+05 1.384869e+05 -5.552971e+05 1.728798e+06
3.100745e-02 3.219912e+05 -1.080796e+05 1.008037e+05 -5.535893e+05 1.646070e+06
3.107031e-02 3.131115e+05 -1.001235e+05 6.497538e+04 -5.507329e+05 1.567604e+06
3.113311e-02 3.046018e+05 -9.198911e+04 2.990563e+04 -5.472420e+05 1.489970e+06
3.119592e-02 2.962434e+05 -8.385455e+04 -2.716918e+03 -5.427263e+05 1.416288e+06
3.125876e-02 2.883566e+05 -7.528548e+04 -3.413397e+04 -5.373054e+05 1.344013e+06
3.132160e-02 2.807334e+05 -6.666560e+04 -6.416085e+04 -5.316924e+05 1.275656e+06
3.138440e-02 2.736522e+05 -5.776798e+04 -9.213259e+04 -5.252079e+05 1.210502e+06
3.144727e-02 2.665525e+05 -4.901873e+04 -1.186673e+05 -5.175264e+05 1.146197e+06
3.151008e-02 2.600257e+05 -3.982224e+04 -1.433515e+05 -5.096148e+05 1.086913e+06
3.157285e-02 2.538712e+05 -3.058196e+04 -1.662622e+05 -5.009793e+05 1.030015e+06
3.163570e-02 2.478090e+05 -2.115550e+04 -1.873965e+05 -4.908954e+05 9.757480e+05
3.169852e-02 2.424651e+05 -1.163262e+04 -2.071358e+05 -4.806734e+05 9.253706e+05
3.176139e-02 2.371551e+05 -1.923160e+03 -2.250916e+05 -4.694578e+05 8.779601e+05
3.182425e-02 2.324822e+05 8.178536e+03 -2.413862e+05 -4.578211e+05 8.347198e+05
3.188706e-02 2.277642e+05 1.813923e+04 -2.552780e+05 -4.442179e+05 7.932988e+05
3.194991e-02 2.236821e+05 2.860492e+04 -2.680025e+05 -4.305588e+05 7.563943e+05
3.201276e-02 2.196961e+05 3.943700e+04 -2.786013e+05 -4.143872e+05 7.224233e+05
3.207553e-02 2.162255e+05 5.073393e+04 -2.875633e+05 -3.973083e+05 6.927176e+05
3.213836e-02 2.129182e+05 6.357240e+04 -2.944978e+05 -3.755759e+05 6.658628e+05
