# k, q0, q1/i, q2, q3/i, q4, norm, alpha = 571.4117399094032, 0.019180352441928786
5.385587e-05 6.892033e+13 2.035934e+12 -1.552132e+10 1.932558e+11 -4.531918e+13
1.034961e-04 6.877905e+13 3.904930e+12 -6.948187e+09 -9.082362e+09 4.502563e+12
1.650345e-04 6.846745e+13 6.198706e+12 1.142878e+09 -6.045751e+10 5.365294e+12
2.219461e-04 6.806191e+13 8.283459e+12 -2.777231e+10 5.283409e+10 -2.039385e+12
2.831569e-04 6.749058e+13 1.047718e+13 -2.562156e+10 3.245225e+10 1.079320e+12
3.481074e-04 6.674234e+13 1.273368e+13 -2.842439e+10 6.393102e+10 1.484211e+12
4.078467e-04 6.596306e+13 1.458373e+13 -4.481956e+11 2.276421e+11 -1.206181e+12
4.685721e-04 6.496543e+13 1.675448e+13 1.785065e+11 2.469154e+11 2.061822e+11
5.344152e-04 6.382304e+13 1.868465e+13 4.669603e+09 3.852449e+11 3.980516e+11
5.979215e-04 6.260763e+13 2.042519e+13 -1.084948e+11 5.488442e+11 -1.968286e+11
6.594309e-04 6.130510e+13 2.205577e+13 -5.474754e+10 7.503469e+11 -6.693838e+11
7.211547e-04 5.990691e+13 2.355728e+13 1.465142e+10 9.377626e+11 4.765023e+11
7.842715e-04 5.840523e+13 2.489516e+13 -3.129017e+09 1.195272e+12 -2.407926e+11
8.480725e-04 5.678294e+13 2.614661e+13 8.952359e+10 1.527505e+12 -4.741535e+11
9.105595e-04 5.510269e+13 2.725105e+13 2.534700e+11 1.848269e+12 -6.126356e+11
9.726731e-04 5.341613e+13 2.811506e+13 3.176744e+11 2.211395e+12 -6.607203e+11
1.035373e-03 5.163239e+13 2.888802e+13 4.943647e+11 2.643872e+12 -4.299367e+11
1.098784e-03 4.981189e+13 2.945035e+13 6.215884e+11 3.073648e+12 -1.227682e+12
1.161586e-03 4.796325e+13 2.989310e+13 8.367595e+11 3.577266e+12 -1.056001e+12
1.224174e-03 4.609741e+13 3.016246e+13 1.057404e+12 4.128594e+12 -1.592814e+12
1.288412e-03 4.416007e+13 3.031712e+13 1.367546e+12 4.675414e+12 -1.471639e+12
1.351080e-03 4.229287e+13 3.025495e+13 1.608061e+12 5.337160e+12 -2.397685e+12
1.412291e-03 4.043315e+13 3.014340e+13 1.985232e+12 5.929987e+12 -2.305486e+12
1.475368e-03 3.857360e+13 2.984112e+13 2.344158e+12 6.557898e+12 -2.585711e+12
1.538515e-03 3.668998e+13 2.946131e+13 2.787748e+12 7.186232e+12 -2.840581e+12
1.601338e-03 3.491827e+13 2.885712e+13 3.111184e+12 8.058081e+12 -3.932683e+12
1.665074e-03 3.308143e+13 2.824381e+13 3.622800e+12 8.784438e+12 -4.118147e+12
1.728027e-03 3.131560e+13 2.756955e+13 4.163272e+12 9.404667e+12 -4.135293e+12
1.789887e-03 2.964988e+13 2.672331e+13 4.621509e+12 1.030079e+13 -5.049302e+12
1.852570e-03 2.800802e+13 2.587134e+13 5.196433e+12 1.088904e+13 -5.254923e+12
1.915088e-03 2.645279e+13 2.489050e+13 5.681836e+12 1.181965e+13 -6.077817e+12
1.978019e-03 2.487572e+13 2.393897e+13 6.319816e+12 1.242508e+13 -6.252852e+12
2.041684e-03 2.341227e+13 2.284665e+13 6.847532e+12 1.334189e+13 -7.099437e+12
2.104726e-03 2.201083e+13 2.178868e+13 7.454341e+12 1.399911e+13 -7.446020e+12
2.167060e-03 2.066970e+13 2.070369e+13 8.037029e+12 1.471953e+13 -8.029155e+12
2.229921e-03 1.940726e+13 1.960230e+13 8.616556e+12 1.544090e+13 -8.504491e+12
2.292794e-03 1.819536e+13 1.849524e+13 9.204129e+12 1.607339e+13 -9.019444e+12
2.355230e-03 1.707920e+13 1.739819e+13 9.736973e+12 1.680119e+13 -9.585669e+12
2.418331e-03 1.601126e+13 1.630539e+13 1.028894e+13 1.741189e+13 -1.010298e+13
2.481215e-03 1.499560e+13 1.523965e+13 1.083926e+13 1.793158e+13 -1.049979e+13
2.543891e-03 1.407524e+13 1.421473e+13 1.130981e+13 1.855790e+13 -1.098932e+13
2.607003e-03 1.317266e+13 1.319781e+13 1.181930e+13 1.897749e+13 -1.132760e+13
2.669740e-03 1.234729e+13 1.224077e+13 1.226327e+13 1.943586e+13 -1.164339e+13
2.732628e-03 1.162603e+13 1.131249e+13 1.264669e+13 1.988243e+13 -1.214079e+13
2.796013e-03 1.089585e+13 1.042476e+13 1.304660e+13 2.020276e+13 -1.235411e+13
2.858795e-03 1.023171e+13 9.610690e+12 1.335433e+13 2.052482e+13 -1.258349e+13
2.920959e-03 9.667303e+12 8.823787e+12 1.365930e+13 2.074432e+13 -1.285798e+13
2.983535e-03 9.088721e+12 8.105503e+12 1.390800e+13 2.093392e+13 -1.296284e+13
3.046449e-03 8.578574e+12 7.406787e+12 1.413527e+13 2.104548e+13 -1.306928e+13
3.109435e-03 8.081368e+12 6.790526e+12 1.428946e+13 2.111553e+13 -1.305255e+13
3.172429e-03 7.684053e+12 6.230608e+12 1.435106e+13 2.120813e+13 -1.328599e+13
3.235378e-03 7.272179e+12 5.682685e+12 1.447497e+13 2.114787e+13 -1.315552e+13
3.298350e-03 6.880412e+12 5.207954e+12 1.447678e+13 2.105735e+13 -1.306460e+13
3.361502e-03 6.535697e+12 4.744962e+12 1.450835e+13 2.090200e+13 -1.285947e+13
3.424034e-03 6.214863e+12 4.367236e+12 1.442915e+13 2.072883e+13 -1.271688e+13
3.486610e-03 5.929618e+12 4.024924e+12 1.432001e+13 2.051689e+13 -1.254593e+13
3.549533e-03 5.646042e+12 3.684475e+12 1.422385e+13 2.022230e+13 -1.219702e+13
3.612035e-03 5.393060e+12 3.449735e+12 1.397101e+13 1.993655e+13 -1.205850e+13
3.674842e-03 5.147340e+12 3.151095e+12 1.386594e+13 1.955148e+13 -1.152623e+13
3.737743e-03 4.924167e+12 2.952343e+12 1.358826e+13 1.917714e+13 -1.123997e+13
3.800817e-03 4.699778e+12 2.727263e+12 1.338074e+13 1.872646e+13 -1.072762e+13
3.863693e-03 4.511379e+12 2.584576e+12 1.304373e+13 1.831304e+13 -1.040734e+13
3.926624e-03 4.307059e+12 2.414394e+12 1.276380e+13 1.780590e+13 -9.880900e+12
3.989691e-03 4.134138e+12 2.282279e+12 1.244480e+13 1.732943e+13 -9.415143e+12
4.052279e-03 3.954058e+12 2.154483e+12 1.210975e+13 1.679396e+13 -8.897145e+12
4.115276e-03 3.795415e+12 2.037997e+12 1.178432e+13 1.628247e+13 -8.365210e+12
4.178091e-03 3.633412e+12 1.947694e+12 1.141025e+13 1.573740e+13 -7.867554e+12
4.240529e-03 3.476023e+12 1.846715e+12 1.106415e+13 1.516466e+13 -7.304145e+12
4.303566e-03 3.338381e+12 1.765639e+12 1.069299e+13 1.463631e+13 -6.789331e+12
4.366473e-03 3.185754e+12 1.682521e+12 1.032334e+13 1.404299e+13 -6.242028e+12
4.429136e-03 3.065133e+12 1.612029e+12 9.976522e+12 1.354483e+13 -5.737554e+12
4.491804e-03 2.930541e+12 1.519788e+12 9.647815e+12 1.294281e+13 -5.130004e+12
4.554524e-03 2.806955e+12 1.466797e+12 9.255952e+12 1.242727e+13 -4.694176e+12
4.617696e-03 2.685769e+12 1.393972e+12 8.914563e+12 1.188348e+13 -4.180476e+12
4.680743e-03 2.568624e+12 1.321116e+12 8.580088e+12 1.133188e+13 -3.665229e+12
4.743600e-03 2.464047e+12 1.256804e+12 8.253131e+12 1.083497e+13 -3.203020e+12
4.806460e-03 2.351384e+12 1.189949e+12 7.921209e+12 1.031761e+13 -2.763614e+12
4.869182e-03 2.258195e+12 1.131821e+12 7.612403e+12 9.866225e+12 -2.362239e+12
4.931803e-03 2.163593e+12 1.058041e+12 7.343415e+12 9.365854e+12 -1.891614e+12
4.994544e-03 2.071025e+12 9.995918e+11 7.048103e+12 8.925349e+12 -1.538109e+12
5.057296e-03 1.983646e+12 9.377586e+11 6.769355e+12 8.484552e+12 -1.176778e+12
5.120127e-03 1.899984e+12 8.791500e+11 6.502057e+12 8.078722e+12 -8.645040e+11
5.183244e-03 1.825844e+12 8.204158e+11 6.263667e+12 7.669238e+12 -5.195383e+11
5.246213e-03 1.750308e+12 7.641937e+11 6.023421e+12 7.287227e+12 -2.366056e+11
5.308940e-03 1.684066e+12 7.130581e+11 5.803275e+12 6.929047e+12 3.644447e+10
5.371705e-03 1.613980e+12 6.619707e+11 5.574450e+12 6.585594e+12 2.519686e+11
5.434764e-03 1.550245e+12 6.104340e+11 5.369351e+12 6.243079e+12 4.931899e+11
5.497589e-03 1.495978e+12 5.739522e+11 5.177104e+12 5.955577e+12 6.677423e+11
5.560094e-03 1.434475e+12 5.259604e+11 4.978653e+12 5.642963e+12 8.472465e+11
5.623090e-03 1.385037e+12 4.917308e+11 4.806243e+12 5.378768e+12 9.965865e+11
5.686167e-03 1.334487e+12 4.584145e+11 4.631202e+12 5.108998e+12 1.138616e+12
5.748863e-03 1.286380e+12 4.241173e+11 4.468594e+12 4.853789e+12 1.266658e+12
5.811791e-03 1.236970e+12 3.989225e+11 4.291402e+12 4.628146e+12 1.321960e+12
5.874636e-03 1.196343e+12 3.720573e+11 4.151533e+12 4.391108e+12 1.451784e+12
5.937271e-03 1.154043e+12 3.553620e+11 3.994211e+12 4.199073e+12 1.484432e+12
6.000058e-03 1.112915e+12 3.344455e+11 3.850175e+12 3.989037e+12 1.551073e+12
6.062729e-03 1.074681e+12 3.187685e+11 3.711339e+12 3.802533e+12 1.593135e+12
6.125517e-03 1.037384e+12 3.089849e+11 3.572855e+12 3.624082e+12 1.625654e+12
6.188708e-03 1.001179e+12 2.926006e+11 3.443938e+12 3.441819e+12 1.668376e+12
6.251555e-03 9.632099e+11 2.883284e+11 3.299134e+12 3.290655e+12 1.644353e+12
6.314077e-03 9.309022e+11 2.784630e+11 3.183318e+12 3.125984e+12 1.682779e+12
6.377058e-03 8.968725e+11 2.739828e+11 3.057798e+12 2.981417e+12 1.676981e+12
6.440009e-03 8.633797e+11 2.694607e+11 2.933360e+12 2.840412e+12 1.666033e+12
6.502812e-03 8.307857e+11 2.638361e+11 2.813964e+12 2.698241e+12 1.664033e+12
6.565726e-03 7.993181e+11 2.618941e+11 2.700271e+12 2.574032e+12 1.645845e+12
6.628521e-03 7.685069e+11 2.580093e+11 2.586537e+12 2.445377e+12 1.634991e+12
6.691272e-03 7.369277e+11 2.555773e+11 2.472478e+12 2.326510e+12 1.606730e+12
6.754176e-03 7.073607e+11 2.525637e+11 2.364489e+12 2.209463e+12 1.588582e+12
6.816888e-03 6.781461e+11 2.491239e+11 2.262799e+12 2.098565e+12 1.569916e+12
6.879625e-03 6.503298e+11 2.453455e+11 2.164697e+12 1.996112e+12 1.545946e+12
6.942449e-03 6.217323e+11 2.411603e+11 2.062159e+12 1.889534e+12 1.519218e+12
7.005248e-03 5.930944e+11 2.371511e+11 1.961300e+12 1.793641e+12 1.481948e+12
7.068136e-03 5.675819e+11 2.311386e+11 1.875987e+12 1.698660e+12 1.464760e+12
7.131053e-03 5.417086e+11 2.252405e+11 1.786609e+12 1.608736e+12 1.437246e+12
7.194010e-03 5.159119e+11 2.185998e+11 1.698581e+12 1.522459e+12 1.403830e+12
7.256902e-03 4.913680e+11 2.119437e+11 1.614331e+12 1.437683e+12 1.374474e+12
7.319748e-03 4.686465e+11 2.034605e+11 1.541079e+12 1.363182e+12 1.347615e+12
7.382611e-03 4.455148e+11 1.951475e+11 1.461777e+12 1.284551e+12 1.317068e+12
7.445306e-03 4.239402e+11 1.869488e+11 1.390732e+12 1.217212e+12 1.283976e+12
7.507906e-03 4.016632e+11 1.774688e+11 1.317192e+12 1.143599e+12 1.249304e+12
7.570818e-03 3.837050e+11 1.681554e+11 1.259490e+12 1.086809e+12 1.222779e+12
7.633721e-03 3.632076e+11 1.581510e+11 1.191855e+12 1.022034e+12 1.187988e+12
7.696586e-03 3.459101e+11 1.489891e+11 1.133303e+12 9.656133e+11 1.156104e+12
7.759492e-03 3.276970e+11 1.385644e+11 1.075391e+12 9.091144e+11 1.121847e+12
7.822382e-03 3.113111e+11 1.289864e+11 1.021020e+12 8.580927e+11 1.087710e+12
7.885469e-03 2.961478e+11 1.196332e+11 9.714400e+11 8.115634e+11 1.053697e+12
7.948044e-03 2.813436e+11 1.102973e+11 9.222585e+11 7.660006e+11 1.019605e+12
8.010528e-03 2.681701e+11 1.014922e+11 8.792610e+11 7.256451e+11 9.847536e+11
8.073516e-03 2.542288e+11 9.270561e+10 8.321487e+11 6.832938e+11 9.490772e+11
8.136423e-03 2.421812e+11 8.498216e+10 7.908655e+11 6.476849e+11 9.119085e+11
8.199228e-03 2.302716e+11 7.693425e+10 7.498598e+11 6.101583e+11 8.775959e+11
8.262023e-03 2.199286e+11 7.005173e+10 7.148561e+11 5.792489e+11 8.428109e+11
8.324981e-03 2.090327e+11 6.293928e+10 6.758692e+11 5.458214e+11 8.062722e+11
8.388025e-03 1.992676e+11 5.745898e+10 6.417231e+11 5.182578e+11 7.694998e+11
8.450798e-03 1.905446e+11 5.199132e+10 6.092423e+11 4.920065e+11 7.343842e+11
8.513424e-03 1.817693e+11 4.678725e+10 5.780170e+11 4.648099e+11 7.010781e+11
8.576219e-03 1.734161e+11 4.236406e+10 5.461915e+11 4.403120e+11 6.647794e+11
8.639099e-03 1.656122e+11 3.868228e+10 5.165026e+11 4.172532e+11 6.306915e+11
8.701941e-03 1.584795e+11 3.518850e+10 4.897082e+11 3.954478e+11 5.981963e+11
8.764716e-03 1.517467e+11 3.225819e+10 4.629857e+11 3.751066e+11 5.664037e+11
8.827545e-03 1.446234e+11 2.958981e+10 4.353813e+11 3.538755e+11 5.330425e+11
8.890404e-03 1.384959e+11 2.765835e+10 4.101064e+11 3.355037e+11 5.022149e+11
8.953189e-03 1.325894e+11 2.572596e+10 3.867413e+11 3.168651e+11 4.738324e+11
9.016039e-03 1.266955e+11 2.444518e+10 3.627911e+11 2.999972e+11 4.436830e+11
9.078883e-03 1.211682e+11 2.303025e+10 3.396371e+11 2.820920e+11 4.163686e+11
9.141797e-03 1.157809e+11 2.216656e+10 3.177045e+11 2.661895e+11 3.892091e+11
9.204714e-03 1.109562e+11 2.147429e+10 2.976842e+11 2.508640e+11 3.650658e+11
9.267500e-03 1.057689e+11 2.077027e+10 2.767485e+11 2.351428e+11 3.397379e+11
9.330389e-03 1.011182e+11 2.030767e+10 2.569734e+11 2.203593e+11 3.169792e+11
9.393353e-03 9.665819e+10 1.990104e+10 2.390192e+11 2.066402e+11 2.953902e+11
9.456033e-03 9.218218e+10 1.949067e+10 2.205148e+11 1.921994e+11 2.749576e+11
9.518699e-03 8.799063e+10 1.954373e+10 2.041794e+11 1.804228e+11 2.547505e+11
9.581480e-03 8.379643e+10 1.902218e+10 1.870091e+11 1.666452e+11 2.362020e+11
9.644431e-03 8.003676e+10 1.896261e+10 1.719720e+11 1.547611e+11 2.198291e+11
9.707436e-03 7.623927e+10 1.872445e+10 1.570773e+11 1.428680e+11 2.038027e+11
9.770160e-03 7.247828e+10 1.847475e+10 1.428297e+11 1.315835e+11 1.880629e+11
9.832865e-03 6.908752e+10 1.834310e+10 1.301661e+11 1.213869e+11 1.746050e+11
9.895597e-03 6.575630e+10 1.797640e+10 1.169220e+11 1.102762e+11 1.614222e+11
9.958595e-03 6.243961e+10 1.779672e+10 1.057336e+11 1.012805e+11 1.489558e+11
1.002149e-02 5.927553e+10 1.741176e+10 9.410328e+10 9.166369e+10 1.370542e+11
1.008410e-02 5.638068e+10 1.710276e+10 8.412101e+10 8.305859e+10 1.269871e+11
1.014702e-02 5.359534e+10 1.685616e+10 7.419234e+10 7.493381e+10 1.172395e+11
1.020999e-02 5.084126e+10 1.636256e+10 6.501358e+10 6.695874e+10 1.078117e+11
1.027280e-02 4.819350e+10 1.601306e+10 5.663719e+10 5.995282e+10 9.915659e+10
1.033567e-02 4.571359e+10 1.555249e+10 4.879193e+10 5.312962e+10 9.119495e+10
1.039854e-02 4.340185e+10 1.518679e+10 4.171101e+10 4.703936e+10 8.402922e+10
1.046130e-02 4.119217e+10 1.473576e+10 3.485514e+10 4.118541e+10 7.718082e+10
1.052408e-02 3.902158e+10 1.425468e+10 2.873455e+10 3.589080e+10 7.063409e+10
1.058689e-02 3.695659e+10 1.384431e+10 2.319026e+10 3.127275e+10 6.453886e+10
1.064973e-02 3.513557e+10 1.335500e+10 1.795899e+10 2.658647e+10 5.939574e+10
1.071266e-02 3.328698e+10 1.293200e+10 1.299682e+10 2.257281e+10 5.402937e+10
1.077552e-02 3.157567e+10 1.243344e+10 8.968494e+09 1.907307e+10 4.932159e+10
1.083829e-02 2.996575e+10 1.200845e+10 5.021746e+09 1.580316e+10 4.481012e+10
1.090115e-02 2.842470e+10 1.154898e+10 1.450294e+09 1.287048e+10 4.068938e+10
1.096400e-02 2.705429e+10 1.113168e+10 -1.780462e+09 1.023666e+10 3.692864e+10
1.102688e-02 2.566455e+10 1.068179e+10 -4.549836e+09 8.024419e+09 3.321462e+10
1.108967e-02 2.439368e+10 1.026037e+10 -7.066560e+09 5.979292e+09 2.999316e+10
1.115232e-02 2.320978e+10 9.827628e+09 -9.328043e+09 4.256406e+09 2.684161e+10
1.121507e-02 2.214513e+10 9.420249e+09 -1.123835e+10 2.808836e+09 2.424548e+10
1.127797e-02 2.112313e+10 9.043224e+09 -1.296253e+10 1.475615e+09 2.164528e+10
1.134099e-02 2.014905e+10 8.615817e+09 -1.441461e+10 4.050272e+08 1.930712e+10
1.140372e-02 1.925890e+10 8.230903e+09 -1.565061e+10 -4.846710e+08 1.716421e+10
1.146650e-02 1.845987e+10 7.853617e+09 -1.667271e+10 -1.208061e+09 1.530966e+10
1.152952e-02 1.771853e+10 7.490832e+09 -1.751500e+10 -1.831038e+09 1.369541e+10
1.159236e-02 1.700185e+10 7.113763e+09 -1.813749e+10 -2.276720e+09 1.215283e+10
1.165521e-02 1.638522e+10 6.762968e+09 -1.854975e+10 -2.559638e+09 1.090237e+10
1.171802e-02 1.581894e+10 6.430562e+09 -1.893490e+10 -2.850692e+09 9.790153e+09
1.178091e-02 1.529610e+10 6.091900e+09 -1.900772e+10 -2.947099e+09 8.963490e+09
1.184377e-02 1.484056e+10 5.781012e+09 -1.904958e+10 -3.026082e+09 8.235306e+09
1.190645e-02 1.440104e+10 5.455043e+09 -1.884259e+10 -2.951860e+09 7.636669e+09
1.196918e-02 1.404285e+10 5.168129e+09 -1.859941e+10 -2.870723e+09 7.251024e+09
1.203205e-02 1.371144e+10 4.886099e+09 -1.823555e+10 -2.755862e+09 7.071847e+09
1.209494e-02 1.344447e+10 4.631377e+09 -1.773797e+10 -2.534592e+09 7.030807e+09
1.215771e-02 1.320142e+10 4.370222e+09 -1.716771e+10 -2.312111e+09 7.083571e+09
1.222054e-02 1.297121e+10 4.136600e+09 -1.644519e+10 -2.023624e+09 7.331213e+09
1.228344e-02 1.282725e+10 3.932671e+09 -1.570890e+10 -1.738930e+09 7.743538e+09
1.234640e-02 1.266872e+10 3.725974e+09 -1.481930e+10 -1.391046e+09 8.202697e+09
1.240915e-02 1.258260e+10 3.561658e+09 -1.395019e+10 -1.037588e+09 8.868158e+09
1.247184e-02 1.246275e+10 3.370333e+09 -1.291252e+10 -6.548323e+08 9.532506e+09
1.253470e-02 1.242968e+10 3.250601e+09 -1.192055e+10 -2.909480e+08 1.045144e+10
1.259754e-02 1.239775e+10 3.118989e+09 -1.080688e+10 1.096179e+08 1.143380e+10
1.266036e-02 1.236217e+10 3.005609e+09 -9.643881e+09 5.392370e+08 1.240001e+10
1.272320e-02 1.234380e+10 2.921009e+09 -8.448731e+09 9.839388e+08 1.349346e+10
1.278608e-02 1.238900e+10 2.842962e+09 -7.288761e+09 1.344962e+09 1.479308e+10
1.284892e-02 1.241300e+10 2.800334e+09 -6.049654e+09 1.817881e+09 1.606677e+10
1.291183e-02 1.245116e+10 2.744418e+09 -4.778979e+09 2.188731e+09 1.746098e+10
1.297477e-02 1.248771e+10 2.718904e+09 -3.484446e+09 2.658767e+09 1.879290e+10
1.303751e-02 1.254061e+10 2.703099e+09 -2.178680e+09 3.074141e+09 2.033534e+10
1.310022e-02 1.263568e+10 2.708466e+09 -9.134959e+08 3.484402e+09 2.185175e+10
1.316309e-02 1.264750e+10 2.710373e+09 4.227864e+08 3.905936e+09 2.336196e+10
1.322594e-02 1.275650e+10 2.714306e+09 1.729133e+09 4.293029e+09 2.501689e+10
1.328870e-02 1.282068e+10 2.756246e+09 3.001628e+09 4.709348e+09 2.667894e+10
1.335152e-02 1.288790e+10 2.798356e+09 4.296806e+09 5.127576e+09 2.826665e+10
1.341448e-02 1.296924e+10 2.814337e+09 5.616144e+09 5.468370e+09 3.002895e+10
1.347734e-02 1.300788e+10 2.861371e+09 6.895669e+09 5.894790e+09 3.165154e+10
1.354004e-02 1.309376e+10 2.910247e+09 8.123839e+09 6.260663e+09 3.329558e+10
1.360289e-02 1.315384e+10 2.951503e+09 9.394873e+09 6.641854e+09 3.504598e+10
1.366571e-02 1.322934e+10 2.999456e+09 1.061652e+10 6.973395e+09 3.675627e+10
1.372857e-02 1.327497e+10 3.042118e+09 1.184543e+10 7.356602e+09 3.842454e+10
1.379141e-02 1.331389e+10 3.092786e+09 1.295840e+10 7.670090e+09 4.004540e+10
1.385412e-02 1.337813e+10 3.125703e+09 1.420252e+10 8.022310e+09 4.176306e+10
1.391702e-02 1.340955e+10 3.163819e+09 1.529830e+10 8.346471e+09 4.338010e+10
1.397990e-02 1.346200e+10 3.206299e+09 1.636811e+10 8.638172e+09 4.494161e+10
1.404272e-02 1.347784e+10 3.234466e+09 1.745941e+10 8.976880e+09 4.650750e+10
1.410560e-02 1.351320e+10 3.245762e+09 1.852024e+10 9.260598e+09 4.808255e+10
1.416843e-02 1.353478e+10 3.276127e+09 1.954004e+10 9.549310e+09 4.955265e+10
1.423121e-02 1.354421e+10 3.292133e+09 2.048402e+10 9.837108e+09 5.100436e+10
1.429401e-02 1.355486e+10 3.293914e+09 2.148863e+10 1.010480e+10 5.238399e+10
1.435689e-02 1.356207e+10 3.272967e+09 2.236684e+10 1.031551e+10 5.381241e+10
1.441980e-02 1.357350e+10 3.295594e+09 2.327362e+10 1.061960e+10 5.509087e+10
1.448261e-02 1.355069e+10 3.281155e+09 2.404471e+10 1.082530e+10 5.625999e+10
1.454538e-02 1.354704e+10 3.243575e+09 2.491418e+10 1.106117e+10 5.754554e+10
1.460822e-02 1.355002e+10 3.234925e+09 2.572940e+10 1.128948e+10 5.873073e+10
1.467115e-02 1.351128e+10 3.197538e+09 2.642786e+10 1.147308e+10 5.976223e+10
1.473401e-02 1.349507e+10 3.175032e+09 2.710655e+10 1.167699e+10 6.072054e+10
1.479676e-02 1.346553e+10 3.117582e+09 2.776964e+10 1.182176e+10 6.174057e+10
1.485961e-02 1.345381e+10 3.078447e+09 2.849018e+10 1.202821e+10 6.272765e+10
1.492239e-02 1.339858e+10 3.033691e+09 2.899511e+10 1.216317e+10 6.344933e+10
1.498506e-02 1.336488e+10 2.969088e+09 2.959693e+10 1.230334e+10 6.428702e+10
1.504789e-02 1.333837e+10 2.948393e+09 3.014786e+10 1.250825e+10 6.497458e+10
1.511078e-02 1.328217e+10 2.867265e+09 3.064191e+10 1.257504e+10 6.568548e+10
1.517364e-02 1.323235e+10 2.816446e+09 3.101050e+10 1.267248e+10 6.616837e+10
1.523654e-02 1.318277e+10 2.763365e+09 3.147358e+10 1.279953e+10 6.672418e+10
1.529942e-02 1.313562e+10 2.702767e+09 3.186391e+10 1.287279e+10 6.725437e+10
1.536235e-02 1.307853e+10 2.646603e+09 3.221992e+10 1.297757e+10 6.762146e+10
1.542517e-02 1.300766e+10 2.580490e+09 3.250787e+10 1.298952e+10 6.797184e+10
1.548789e-02 1.294972e+10 2.542668e+09 3.275852e+10 1.309577e+10 6.818976e+10
1.555076e-02 1.288066e+10 2.489254e+09 3.301872e+10 1.312139e+10 6.844280e+10
1.561359e-02 1.280633e+10 2.437085e+09 3.319612e+10 1.313472e+10 6.859035e+10
1.567632e-02 1.273051e+10 2.385243e+09 3.339164e+10 1.318222e+10 6.867896e+10
1.573917e-02 1.264873e+10 2.345970e+09 3.349815e+10 1.316394e+10 6.873438e+10
1.580208e-02 1.256870e+10 2.307156e+09 3.361503e+10 1.320700e+10 6.869980e+10
1.586491e-02 1.248028e+10 2.266150e+09 3.364098e+10 1.314060e+10 6.864092e+10
1.592764e-02 1.239735e+10 2.229463e+09 3.366960e+10 1.312433e+10 6.854937e+10
1.599049e-02 1.229431e+10 2.211482e+09 3.366843e+10 1.313369e+10 6.832545e+10
1.605344e-02 1.219311e+10 2.167304e+09 3.358395e+10 1.301183e+10 6.811159e+10
1.611624e-02 1.208821e+10 2.148085e+09 3.351919e+10 1.299832e+10 6.782275e+10
1.617906e-02 1.197843e+10 2.125104e+09 3.340582e+10 1.289575e+10 6.751414e+10
1.624189e-02 1.186523e+10 2.104794e+09 3.326613e+10 1.284884e+10 6.712857e+10
1.630468e-02 1.174042e+10 2.083242e+09 3.306427e+10 1.273307e+10 6.669363e+10
1.636757e-02 1.162385e+10 2.061226e+09 3.285768e+10 1.259818e+10 6.628852e+10
1.643038e-02 1.149815e+10 2.061234e+09 3.261794e+10 1.254964e+10 6.574171e+10
1.649314e-02 1.136888e+10 2.033725e+09 3.237814e+10 1.236480e+10 6.529112e+10
1.655599e-02 1.122014e+10 2.012653e+09 3.205494e+10 1.224768e+10 6.463477e+10
1.661885e-02 1.107859e+10 2.004819e+09 3.169889e+10 1.208038e+10 6.400844e+10
1.668174e-02 1.094635e+10 1.978968e+09 3.141360e+10 1.192962e+10 6.346077e+10
1.674456e-02 1.079209e+10 1.972105e+09 3.099608e+10 1.177131e+10 6.271629e+10
1.680728e-02 1.063937e+10 1.942891e+09 3.060580e+10 1.156199e+10 6.205379e+10
1.687017e-02 1.048458e+10 1.926255e+09 3.018633e+10 1.140376e+10 6.128705e+10
1.693315e-02 1.032874e+10 1.903995e+09 2.977884e+10 1.121244e+10 6.056693e+10
1.699589e-02 1.016685e+10 1.877380e+09 2.931734e+10 1.100165e+10 5.978664e+10
1.705867e-02 9.997916e+09 1.848736e+09 2.883303e+10 1.078979e+10 5.894207e+10
1.712163e-02 9.836763e+09 1.820102e+09 2.833529e+10 1.055741e+10 5.813033e+10
1.718447e-02 9.669016e+09 1.785157e+09 2.786714e+10 1.036549e+10 5.729251e+10
1.724726e-02 9.500580e+09 1.750892e+09 2.734721e+10 1.012990e+10 5.642802e+10
1.731003e-02 9.327327e+09 1.720374e+09 2.680716e+10 9.909989e+09 5.550818e+10
1.737292e-02 9.158686e+09 1.678413e+09 2.630544e+10 9.687859e+09 5.462913e+10
1.743574e-02 8.986751e+09 1.635986e+09 2.572849e+10 9.434019e+09 5.368637e+10
1.749847e-02 8.818489e+09 1.602509e+09 2.521833e+10 9.236296e+09 5.277926e+10
1.756133e-02 8.638312e+09 1.551761e+09 2.463108e+10 8.966781e+09 5.178641e+10
1.762415e-02 8.471498e+09 1.510567e+09 2.410094e+10 8.767622e+09 5.084378e+10
1.768698e-02 8.301849e+09 1.465181e+09 2.352705e+10 8.512766e+09 4.988136e+10
1.774982e-02 8.127161e+09 1.426240e+09 2.294922e+10 8.303177e+09 4.886405e+10
1.781268e-02 7.959667e+09 1.376502e+09 2.238964e+10 8.067859e+09 4.787809e+10
1.787557e-02 7.792425e+09 1.334816e+09 2.180451e+10 7.841511e+09 4.687039e+10
1.793843e-02 7.617065e+09 1.295044e+09 2.121673e+10 7.630269e+09 4.580370e+10
1.800122e-02 7.458660e+09 1.248147e+09 2.065164e+10 7.403078e+09 4.482762e+10
1.806400e-02 7.285788e+09 1.208948e+09 2.008152e+10 7.204473e+09 4.376608e+10
1.812677e-02 7.126317e+09 1.169451e+09 1.949363e+10 6.976708e+09 4.274603e+10
1.818960e-02 6.963259e+09 1.129969e+09 1.890863e+10 6.767548e+09 4.169532e+10
1.825247e-02 6.796968e+09 1.096557e+09 1.830847e+10 6.569009e+09 4.060876e+10
1.831530e-02 6.647326e+09 1.063445e+09 1.776587e+10 6.379622e+09 3.961893e+10
1.837813e-02 6.480897e+09 1.028067e+09 1.716559e+10 6.166618e+09 3.852903e+10
1.844103e-02 6.328801e+09 9.983471e+08 1.657411e+10 5.973680e+09 3.747486e+10
1.850388e-02 6.167395e+09 9.680246e+08 1.600412e+10 5.780771e+09 3.640768e+10
1.856668e-02 6.020206e+09 9.403079e+08 1.545251e+10 5.597599e+09 3.539731e+10
1.862952e-02 5.871951e+09 9.174737e+08 1.486123e+10 5.412026e+09 3.434799e+10
1.869235e-02 5.713529e+09 8.920285e+08 1.427764e+10 5.217663e+09 3.326091e+10
1.875521e-02 5.569548e+09 8.714914e+08 1.373370e+10 5.042961e+09 3.226471e+10
1.881803e-02 5.424841e+09 8.508291e+08 1.317326e+10 4.863589e+09 3.124449e+10
1.888083e-02 5.277752e+09 8.291041e+08 1.260715e+10 4.682036e+09 3.020809e+10
1.894358e-02 5.138945e+09 8.133111e+08 1.204400e+10 4.506394e+09 2.920339e+10
1.900645e-02 4.996342e+09 7.918312e+08 1.150974e+10 4.320347e+09 2.821417e+10
1.906935e-02 4.861130e+09 7.758515e+08 1.096736e+10 4.151629e+09 2.724700e+10
1.913210e-02 4.721715e+09 7.598326e+08 1.042780e+10 3.975518e+09 2.625350e+10
1.919494e-02 4.588817e+09 7.408824e+08 9.891920e+09 3.792687e+09 2.530784e+10
1.925782e-02 4.458039e+09 7.307590e+08 9.386243e+09 3.638258e+09 2.437934e+10
1.932068e-02 4.324325e+09 7.099273e+08 8.874984e+09 3.456022e+09 2.344437e+10
1.938348e-02 4.206609e+09 6.986300e+08 8.362495e+09 3.292712e+09 2.256893e+10
1.944625e-02 4.071353e+09 6.784978e+08 7.875914e+09 3.112259e+09 2.164960e+10
1.950911e-02 3.955203e+09 6.661515e+08 7.394979e+09 2.960236e+09 2.080880e+10
1.957198e-02 3.834312e+09 6.506897e+08 6.927338e+09 2.793736e+09 1.995814e+10
1.963482e-02 3.716684e+09 6.365173e+08 6.461659e+09 2.633707e+09 1.912916e+10
1.969763e-02 3.604906e+09 6.194166e+08 6.011891e+09 2.473729e+09 1.833473e+10
1.976054e-02 3.488794e+09 6.034658e+08 5.582531e+09 2.315763e+09 1.754018e+10
1.982343e-02 3.384668e+09 5.905411e+08 5.146306e+09 2.168100e+09 1.679067e+10
1.988621e-02 3.276756e+09 5.745780e+08 4.740170e+09 2.012882e+09 1.604678e+10
1.994903e-02 3.174648e+09 5.595597e+08 4.342875e+09 1.875082e+09 1.533163e+10
2.001187e-02 3.071797e+09 5.459096e+08 3.955141e+09 1.736766e+09 1.462932e+10
2.007464e-02 2.976886e+09 5.314571e+08 3.584989e+09 1.596620e+09 1.396175e+10
2.013740e-02 2.883565e+09 5.183956e+08 3.226407e+09 1.472834e+09 1.331873e+10
2.020021e-02 2.790132e+09 5.043649e+08 2.879587e+09 1.338082e+09 1.267882e+10
2.026315e-02 2.699359e+09 4.913622e+08 2.543957e+09 1.223359e+09 1.206208e+10
2.032605e-02 2.615341e+09 4.789320e+08 2.223326e+09 1.103607e+09 1.148456e+10
2.038878e-02 2.533619e+09 4.670224e+08 1.916442e+09 9.923324e+08 1.092190e+10
2.045158e-02 2.454396e+09 4.564709e+08 1.621577e+09 8.936942e+08 1.038440e+10
2.051448e-02 2.376360e+09 4.441563e+08 1.345075e+09 7.850507e+08 9.856238e+09
2.057734e-02 2.300745e+09 4.360201e+08 1.071316e+09 6.975186e+08 9.350753e+09
2.064018e-02 2.230116e+09 4.255633e+08 8.164744e+08 6.029517e+08 8.870221e+09
2.070304e-02 2.160494e+09 4.154246e+08 5.798246e+08 5.220164e+08 8.412868e+09
2.076595e-02 2.094091e+09 4.071667e+08 3.432207e+08 4.431500e+08 7.967658e+09
2.082869e-02 2.029953e+09 3.990707e+08 1.295561e+08 3.682519e+08 7.548146e+09
2.089140e-02 1.969486e+09 3.910264e+08 -7.988629e+07 2.999599e+08 7.146516e+09
2.095430e-02 1.911781e+09 3.836927e+08 -2.686305e+08 2.352225e+08 6.768443e+09
2.101710e-02 1.856335e+09 3.771660e+08 -4.588931e+08 1.750121e+08 6.405739e+09
2.107990e-02 1.801568e+09 3.697795e+08 -6.258685e+08 1.207764e+08 6.056732e+09
2.114275e-02 1.750839e+09 3.627267e+08 -7.809988e+08 6.958281e+07 5.735916e+09
2.120557e-02 1.705020e+09 3.566525e+08 -9.386001e+08 2.232039e+07 5.433519e+09
2.126842e-02 1.656802e+09 3.497996e+08 -1.064495e+09 -2.018012e+07 5.144082e+09
2.133126e-02 1.615894e+09 3.445636e+08 -1.201595e+09 -6.045174e+07 4.876416e+09
2.139415e-02 1.573651e+09 3.373485e+08 -1.311681e+09 -9.566620e+07 4.623825e+09
2.145701e-02 1.535150e+09 3.316720e+08 -1.416853e+09 -1.288204e+08 4.389691e+09
2.151977e-02 1.501391e+09 3.264126e+08 -1.517287e+09 -1.590067e+08 4.178342e+09
2.158262e-02 1.464900e+09 3.191134e+08 -1.594298e+09 -1.834716e+08 3.973519e+09
2.164549e-02 1.436553e+09 3.144727e+08 -1.676392e+09 -2.072338e+08 3.798442e+09
2.170835e-02 1.403660e+09 3.072660e+08 -1.732128e+09 -2.269880e+08 3.624477e+09
2.177117e-02 1.379875e+09 3.021437e+08 -1.794052e+09 -2.469009e+08 3.483463e+09
2.183391e-02 1.353870e+09 2.960428e+08 -1.837726e+09 -2.615804e+08 3.347558e+09
2.189674e-02 1.330509e+09 2.898245e+08 -1.870465e+09 -2.730644e+08 3.227697e+09
2.195964e-02 1.311728e+09 2.850574e+08 -1.903727e+09 -2.838844e+08 3.130158e+09
2.202248e-02 1.291918e+09 2.787324e+08 -1.917757e+09 -2.919657e+08 3.038843e+09
2.208526e-02 1.277431e+09 2.740700e+08 -1.932876e+09 -2.989182e+08 2.972017e+09
2.214806e-02 1.262360e+09 2.687556e+08 -1.933021e+09 -3.023738e+08 2.911950e+09
2.221095e-02 1.249663e+09 2.639763e+08 -1.927851e+09 -3.040929e+08 2.867311e+09
2.227376e-02 1.239220e+09 2.591344e+08 -1.915552e+09 -3.052790e+08 2.838676e+09
2.233660e-02 1.230643e+09 2.547372e+08 -1.894332e+09 -3.035445e+08 2.819694e+09
2.239951e-02 1.223112e+09 2.514063e+08 -1.867084e+09 -2.977526e+08 2.814912e+09
2.246232e-02 1.217522e+09 2.468888e+08 -1.831662e+09 -2.949883e+08 2.821416e+09
2.252510e-02 1.212885e+09 2.432710e+08 -1.789506e+09 -2.872718e+08 2.838441e+09
2.258787e-02 1.211857e+09 2.402745e+08 -1.746234e+09 -2.807474e+08 2.872375e+09
2.265070e-02 1.208765e+09 2.374775e+08 -1.687847e+09 -2.691661e+08 2.907551e+09
2.271352e-02 1.210768e+09 2.358144e+08 -1.635154e+09 -2.592931e+08 2.964082e+09
2.277642e-02 1.211005e+09 2.326476e+08 -1.566367e+09 -2.473859e+08 3.020584e+09
2.283929e-02 1.214980e+09 2.316366e+08 -1.502387e+09 -2.349410e+08 3.095608e+09
2.290206e-02 1.217403e+09 2.298866e+08 -1.426410e+09 -2.203113e+08 3.170435e+09
2.296496e-02 1.222473e+09 2.290317e+08 -1.347485e+09 -2.042170e+08 3.257748e+09
2.302777e-02 1.229558e+09 2.280604e+08 -1.269968e+09 -1.903987e+08 3.358694e+09
2.309054e-02 1.235340e+09 2.271778e+08 -1.181153e+09 -1.729810e+08 3.456986e+09
2.315342e-02 1.242864e+09 2.275916e+08 -1.092637e+09 -1.546659e+08 3.567930e+09
2.321632e-02 1.250539e+09 2.271443e+08 -9.989345e+08 -1.366855e+08 3.682760e+09
2.327917e-02 1.260576e+09 2.272080e+08 -9.052861e+08 -1.195283e+08 3.808276e+09
2.334191e-02 1.269772e+09 2.276558e+08 -8.065096e+08 -9.951007e+07 3.935842e+09
2.340472e-02 1.278922e+09 2.279201e+08 -7.032248e+08 -7.979637e+07 4.065804e+09
2.346760e-02 1.290613e+09 2.292012e+08 -6.036211e+08 -6.025575e+07 4.207057e+09
2.353050e-02 1.301458e+09 2.291592e+08 -4.955319e+08 -3.978130e+07 4.348969e+09
2.359332e-02 1.313330e+09 2.302861e+08 -3.923279e+08 -1.950783e+07 4.494448e+09
2.365605e-02 1.324819e+09 2.316048e+08 -2.827482e+08 1.177416e+06 4.643577e+09
2.371890e-02 1.336850e+09 2.323343e+08 -1.724890e+08 2.115596e+07 4.795772e+09
2.378176e-02 1.349604e+09 2.335430e+08 -6.554689e+07 4.259884e+07 4.952221e+09
2.384456e-02 1.362038e+09 2.346713e+08 5.046026e+07 6.348114e+07 5.108530e+09
2.390740e-02 1.374557e+09 2.358147e+08 1.607250e+08 8.465566e+07 5.266700e+09
2.397018e-02 1.387342e+09 2.372014e+08 2.733254e+08 1.060970e+08 5.427716e+09
2.403299e-02 1.400400e+09 2.382059e+08 3.858745e+08 1.267242e+08 5.587757e+09
2.409587e-02 1.413216e+09 2.391913e+08 4.944663e+08 1.461760e+08 5.748543e+09
2.415877e-02 1.426199e+09 2.409389e+08 6.140452e+08 1.701806e+08 5.912042e+09
2.422167e-02 1.438616e+09 2.421383e+08 7.221031e+08 1.898158e+08 6.072937e+09
2.428445e-02 1.452137e+09 2.433031e+08 8.313561e+08 2.099063e+08 6.234582e+09
2.434721e-02 1.462569e+09 2.439210e+08 9.459406e+08 2.311825e+08 6.389444e+09
2.441004e-02 1.476668e+09 2.461681e+08 1.051080e+09 2.516139e+08 6.551996e+09
2.447292e-02 1.487442e+09 2.470060e+08 1.163740e+09 2.721010e+08 6.705435e+09
2.453573e-02 1.499991e+09 2.478416e+08 1.265355e+09 2.914428e+08 6.861623e+09
2.459853e-02 1.510519e+09 2.490456e+08 1.376358e+09 3.130351e+08 7.011839e+09
2.466143e-02 1.521885e+09 2.502856e+08 1.478362e+09 3.318557e+08 7.163320e+09
2.472428e-02 1.533047e+09 2.520235e+08 1.580076e+09 3.525163e+08 7.310628e+09
2.478701e-02 1.543071e+09 2.519941e+08 1.677827e+09 3.702036e+08 7.452780e+09
2.484983e-02 1.552319e+09 2.531594e+08 1.775286e+09 3.883253e+08 7.591276e+09
2.491274e-02 1.561505e+09 2.546786e+08 1.874926e+09 4.104504e+08 7.726200e+09
2.497552e-02 1.571472e+09 2.548787e+08 1.965112e+09 4.250153e+08 7.865011e+09
2.503835e-02 1.579232e+09 2.558748e+08 2.053861e+09 4.441179e+08 7.987075e+09
2.510120e-02 1.587012e+09 2.564877e+08 2.143084e+09 4.616054e+08 8.112064e+09
2.516403e-02 1.594687e+09 2.566134e+08 2.225627e+09 4.759276e+08 8.233550e+09
2.522691e-02 1.601236e+09 2.583365e+08 2.310763e+09 4.977636e+08 8.345460e+09
2.528974e-02 1.608020e+09 2.575989e+08 2.385010e+09 5.077932e+08 8.458043e+09
2.535254e-02 1.612458e+09 2.579900e+08 2.464855e+09 5.268403e+08 8.558780e+09
2.541543e-02 1.618114e+09 2.582829e+08 2.535459e+09 5.404640e+08 8.659208e+09
2.547829e-02 1.622480e+09 2.583001e+08 2.606333e+09 5.542219e+08 8.755532e+09
2.554104e-02 1.626426e+09 2.586733e+08 2.668347e+09 5.683339e+08 8.840389e+09
2.560379e-02 1.630166e+09 2.565892e+08 2.733198e+09 5.781068e+08 8.930259e+09
2.566670e-02 1.631238e+09 2.580756e+08 2.791818e+09 5.962516e+08 8.996276e+09
2.572959e-02 1.634191e+09 2.568092e+08 2.847999e+09 6.033677e+08 9.076673e+09
2.579238e-02 1.635285e+09 2.563465e+08 2.898510e+09 6.149945e+08 9.138676e+09
2.585524e-02 1.635524e+09 2.546085e+08 2.948231e+09 6.253909e+08 9.198166e+09
2.591809e-02 1.636510e+09 2.539264e+08 2.993268e+09 6.324790e+08 9.258072e+09
2.598089e-02 1.634734e+09 2.530741e+08 3.030506e+09 6.438406e+08 9.294601e+09
2.604363e-02 1.635017e+09 2.516763e+08 3.071517e+09 6.489492e+08 9.347786e+09
2.610648e-02 1.631909e+09 2.502799e+08 3.104196e+09 6.591016e+08 9.375278e+09
2.616936e-02 1.630757e+09 2.481718e+08 3.135064e+09 6.607725e+08 9.414040e+09
2.623211e-02 1.626473e+09 2.474428e+08 3.158169e+09 6.675649e+08 9.428844e+09
2.629494e-02 1.623405e+09 2.443208e+08 3.188932e+09 6.728753e+08 9.455005e+09
2.635781e-02 1.619475e+09 2.427647e+08 3.202937e+09 6.748426e+08 9.464752e+09
2.642065e-02 1.613394e+09 2.406178e+08 3.220364e+09 6.797116e+08 9.465331e+09
2.648348e-02 1.608928e+09 2.385582e+08 3.230764e+09 6.793436e+08 9.469500e+09
2.654638e-02 1.602885e+09 2.359795e+08 3.245994e+09 6.815596e+08 9.467316e+09
2.660925e-02 1.597202e+09 2.336881e+08 3.248466e+09 6.813063e+08 9.457935e+09
2.667201e-02 1.589486e+09 2.314841e+08 3.246483e+09 6.781830e+08 9.436153e+09
2.673488e-02 1.582122e+09 2.289227e+08 3.248070e+09 6.801162e+08 9.415486e+09
2.679776e-02 1.574324e+09 2.263667e+08 3.244654e+09 6.765231e+08 9.389240e+09
2.686060e-02 1.564915e+09 2.234944e+08 3.240716e+09 6.751506e+08 9.355435e+09
2.692343e-02 1.556013e+09 2.210815e+08 3.222912e+09 6.688383e+08 9.312667e+09
2.698622e-02 1.546426e+09 2.185902e+08 3.214751e+09 6.659449e+08 9.273853e+09
2.704897e-02 1.536249e+09 2.157697e+08 3.199002e+09 6.615660e+08 9.224156e+09
2.711177e-02 1.525813e+09 2.134695e+08 3.177836e+09 6.537037e+08 9.169981e+09
2.717462e-02 1.513855e+09 2.107791e+08 3.154017e+09 6.503391e+08 9.105911e+09
2.723749e-02 1.503362e+09 2.082634e+08 3.129193e+09 6.409534e+08 9.047281e+09
2.730042e-02 1.491120e+09 2.064460e+08 3.102096e+09 6.347868e+08 8.978123e+09
2.736320e-02 1.479197e+09 2.038143e+08 3.069285e+09 6.247308e+08 8.906152e+09
2.742592e-02 1.465951e+09 2.021481e+08 3.036477e+09 6.175058e+08 8.826854e+09
2.748882e-02 1.452939e+09 1.996330e+08 3.000830e+09 6.090574e+08 8.746139e+09
2.755167e-02 1.439275e+09 1.979061e+08 2.960890e+09 5.978717e+08 8.659499e+09
2.761450e-02 1.424994e+09 1.955761e+08 2.920992e+09 5.880535e+08 8.568578e+09
2.767735e-02 1.410836e+09 1.941712e+08 2.878026e+09 5.779061e+08 8.476092e+09
2.774019e-02 1.395891e+09 1.926053e+08 2.832535e+09 5.667290e+08 8.377993e+09
2.780301e-02 1.380539e+09 1.907829e+08 2.784991e+09 5.559001e+08 8.276023e+09
2.786580e-02 1.365245e+09 1.891220e+08 2.735850e+09 5.426439e+08 8.172820e+09
2.792859e-02 1.349304e+09 1.879813e+08 2.681942e+09 5.307815e+08 8.063008e+09
2.799145e-02 1.332895e+09 1.868791e+08 2.629111e+09 5.198682e+08 7.950551e+09
2.805434e-02 1.316802e+09 1.853910e+08 2.572622e+09 5.052429e+08 7.838133e+09
2.811718e-02 1.299638e+09 1.840815e+08 2.516855e+09 4.927910e+08 7.720503e+09
2.817992e-02 1.282970e+09 1.824362e+08 2.456855e+09 4.759284e+08 7.603121e+09
2.824273e-02 1.265023e+09 1.823296e+08 2.398244e+09 4.669644e+08 7.478586e+09
2.830566e-02 1.248015e+09 1.803960e+08 2.332024e+09 4.493816e+08 7.354024e+09
2.836851e-02 1.230143e+09 1.794536e+08 2.269396e+09 4.348695e+08 7.228284e+09
2.843134e-02 1.211905e+09 1.783674e+08 2.207463e+09 4.205949e+08 7.101695e+09
2.849418e-02 1.193823e+09 1.771513e+08 2.138900e+09 4.052663e+08 6.968546e+09
2.855700e-02 1.174832e+09 1.760368e+08 2.072905e+09 3.907843e+08 6.835452e+09
2.861981e-02 1.157079e+09 1.740848e+08 2.005004e+09 3.721993e+08 6.706305e+09
2.868265e-02 1.137620e+09 1.730812e+08 1.938916e+09 3.591831e+08 6.569469e+09
2.874550e-02 1.119400e+09 1.715536e+08 1.865926e+09 3.410319e+08 6.434156e+09
2.880834e-02 1.100398e+09 1.698049e+08 1.796611e+09 3.248222e+08 6.297374e+09
2.887116e-02 1.081085e+09 1.683347e+08 1.728443e+09 3.093097e+08 6.160366e+09
2.893395e-02 1.062606e+09 1.663080e+08 1.657409e+09 2.917144e+08 6.024180e+09
2.899675e-02 1.043022e+09 1.646112e+08 1.586406e+09 2.757045e+08 5.883214e+09
2.905957e-02 1.024616e+09 1.628955e+08 1.514680e+09 2.586119e+08 5.746835e+09
2.912242e-02 1.005537e+09 1.604079e+08 1.443148e+09 2.406047e+08 5.608074e+09
2.918528e-02 9.870684e+08 1.586575e+08 1.373157e+09 2.241105e+08 5.471952e+09
2.924811e-02 9.680280e+08 1.561385e+08 1.303557e+09 2.071745e+08 5.332860e+09
2.931098e-02 9.490881e+08 1.543460e+08 1.231662e+09 1.908497e+08 5.193289e+09
2.937380e-02 9.309649e+08 1.516155e+08 1.162011e+09 1.726006e+08 5.058370e+09
2.943661e-02 9.120522e+08 1.492990e+08 1.093827e+09 1.567041e+08 4.920679e+09
2.949948e-02 8.939923e+08 1.474840e+08 1.024335e+09 1.405488e+08 4.784504e+09
2.956230e-02 8.760769e+08 1.447015e+08 9.557617e+08 1.229032e+08 4.650955e+09
2.962512e-02 8.579901e+08 1.423788e+08 8.883531e+08 1.072447e+08 4.516088e+09
2.968798e-02 8.409176e+08 1.403821e+08 8.222637e+08 9.095469e+07 4.386144e+09
2.975080e-02 8.228823e+08 1.381742e+08 7.566209e+08 7.546700e+07 4.252133e+09
2.981362e-02 8.057284e+08 1.356842e+08 6.928270e+08 5.965220e+07 4.122945e+09
2.987648e-02 7.893170e+08 1.338623e+08 6.272359e+08 4.408746e+07 3.996006e+09
2.993931e-02 7.718656e+08 1.316050e+08 5.658852e+08 2.920099e+07 3.866253e+09
3.000209e-02 7.561304e+08 1.301957e+08 5.050148e+08 1.488348e+07 3.744429e+09
3.006488e-02 7.391977e+08 1.275295e+08 4.450572e+08 -7.470541e+04 3.618124e+09
3.012771e-02 7.239396e+08 1.265558e+08 3.849971e+08 -1.422790e+07 3.498293e+09
3.019054e-02 7.081462e+08 1.247901e+08 3.275650e+08 -2.813554e+07 3.377812e+09
3.025338e-02 6.926665e+08 1.232251e+08 2.728108e+08 -4.096820e+07 3.261084e+09
3.031628e-02 6.780287e+08 1.220421e+08 2.165874e+08 -5.484798e+07 3.145558e+09
3.037913e-02 6.630820e+08 1.206066e+08 1.627109e+08 -6.821062e+07 3.032148e+09
3.044197e-02 6.488903e+08 1.199676e+08 1.100969e+08 -8.075026e+07 2.921011e+09
3.050478e-02 6.346045e+08 1.184871e+08 6.149154e+07 -9.317819e+07 2.813228e+09
3.056757e-02 6.207812e+08 1.179517e+08 1.275134e+07 -1.046546e+08 2.706397e+09
3.063042e-02 6.075691e+08 1.171913e+08 -3.632395e+07 -1.174944e+08 2.603593e+09
3.069327e-02 5.944735e+08 1.164133e+08 -8.211580e+07 -1.297548e+08 2.503110e+09
3.075615e-02 5.814574e+08 1.160097e+08 -1.248523e+08 -1.404057e+08 2.404338e+09
3.081897e-02 5.689901e+08 1.154337e+08 -1.671475e+08 -1.516868e+08 2.309008e+09
3.088177e-02 5.568380e+08 1.151149e+08 -2.079319e+08 -1.632468e+08 2.216936e+09
3.094460e-02 5.450139e+08 1.147179e+08 -2.471571e+08 -1.747622e+08 2.127463e+09
3.100745e-02 5.336190e+08 1.145599e+08 -2.834439e+08 -1.846647e+08 2.041234e+09
3.107031e-02 5.224265e+08 1.144724e+08 -3.183081e+08 -1.956318e+08 1.957636e+09
3.113311e-02 5.119653e+08 1.141808e+08 -3.524683e+08 -2.071848e+08 1.877762e+09
3.119592e-02 5.012423e+08 1.144232e+08 -3.830553e+08 -2.168250e+08 1.800673e+09
3.125876e-02 4.913293e+08 1.143346e+08 -4.123331e+08 -2.273320e+08 1.727248e+09
3.132160e-02 4.817122e+08 1.145318e+08 -4.397214e+08 -2.376808e+08 1.657442e+09
3.138440e-02 4.723871e+08 1.147186e+08 -4.648093e+08 -2.476598e+08 1.590774e+09
3.144727e-02 4.634914e+08 1.149564e+08 -4.880825e+08 -2.571717e+08 1.528917e+09
3.151008e-02 4.549779e+08 1.155053e+08 -5.092100e+08 -2.667317e+08 1.469676e+09
3.157285e-02 4.465311e+08 1.158740e+08 -5.273838e+08 -2.756792e+08 1.413604e+09
3.163570e-02 4.383410e+08 1.164849e+08 -5.432189e+08 -2.841966e+08 1.361402e+09
3.169852e-02 4.315267e+08 1.175619e+08 -5.590682e+08 -2.933516e+08 1.316009e+09
3.176139e-02 4.241514e+08 1.185817e+08 -5.708956e+08 -3.005581e+08 1.272690e+09
3.182425e-02 4.180321e+08 1.202341e+08 -5.821754e+08 -3.088915e+08 1.234590e+09
3.188706e-02 4.113517e+08 1.219275e+08 -5.885667e+08 -3.142258e+08 1.200671e+09
3.194991e-02 4.053507e+08 1.241575e+08 -5.942045e+08 -3.195611e+08 1.171059e+09
3.201276e-02 3.998378e+08 1.271041e+08 -5.975299e+08 -3.223663e+08 1.147876e+09
3.207553e-02 3.947250e+08 1.309464e+08 -5.985002e+08 -3.241292e+08 1.129086e+09
3.213836e-02 3.895627e+08 1.367545e+08 -5.960432e+08 -3.195596e+08 1.114557e+09
