# k, q0, q1/i, q2, q3/i, q4, norm, alpha = 204.77085121873222, 0.01987432793133251
5.385587e-05 8.864569e+12 1.152603e+11 3.506738e+09 -1.973968e+11 9.791890e+12
1.034961e-04 8.855965e+12 2.212887e+11 5.213076e+09 1.337215e+10 -9.686856e+11
1.650345e-04 8.836951e+12 3.520802e+11 1.055374e+10 7.491878e+10 -1.170642e+12
2.219461e-04 8.812138e+12 4.719615e+11 2.329557e+10 -2.192078e+10 4.396815e+11
2.831569e-04 8.777049e+12 5.995372e+11 3.536552e+10 3.249226e+10 -2.434928e+11
3.481074e-04 8.730861e+12 7.328470e+11 5.243705e+10 5.459583e+10 -3.420898e+11
4.078467e-04 8.681893e+12 8.479419e+11 -2.655261e+11 -4.666114e+10 2.590850e+11
4.685721e-04 8.620414e+12 9.757466e+11 3.130361e+11 4.864748e+10 -6.229342e+10
5.344152e-04 8.548122e+12 1.100004e+12 1.812907e+11 5.710171e+10 -1.147806e+11
5.979215e-04 8.470381e+12 1.216090e+12 1.127285e+11 2.689320e+10 1.697161e+10
6.594309e-04 8.386589e+12 1.327210e+12 1.957725e+11 2.624424e+10 9.501385e+10
7.211547e-04 8.295538e+12 1.434545e+12 2.262116e+11 9.156407e+10 -1.389432e+11
7.842715e-04 8.196060e+12 1.537646e+12 2.155363e+11 7.738728e+10 -4.439545e+10
8.480725e-04 8.087500e+12 1.638801e+12 2.945182e+11 8.440857e+10 1.783272e+10
9.105595e-04 7.973706e+12 1.734123e+12 4.174636e+11 1.202496e+11 9.921877e+09
9.726731e-04 7.856628e+12 1.820416e+12 4.046388e+11 1.398511e+11 -2.067034e+10
1.035373e-03 7.731289e+12 1.904336e+12 4.678227e+11 1.925463e+11 -8.446987e+10
1.098784e-03 7.600193e+12 1.980836e+12 5.053954e+11 1.822302e+11 6.409812e+09
1.161586e-03 7.464778e+12 2.052457e+12 5.457343e+11 2.313904e+11 -5.658105e+10
1.224174e-03 7.325022e+12 2.117016e+12 6.166767e+11 2.473171e+11 3.006920e+09
1.288412e-03 7.176871e+12 2.178533e+12 6.667877e+11 3.182017e+11 -9.885460e+10
1.351080e-03 7.029657e+12 2.228956e+12 7.374815e+11 3.024445e+11 5.048282e+10
1.412291e-03 6.880629e+12 2.276502e+12 7.972096e+11 3.954368e+11 -7.474485e+10
1.475368e-03 6.726395e+12 2.316008e+12 8.330246e+11 4.179320e+11 -7.401760e+10
1.538515e-03 6.566978e+12 2.352466e+12 8.953145e+11 5.054647e+11 -1.689745e+11
1.601338e-03 6.409931e+12 2.375440e+12 9.700052e+11 4.660437e+11 4.919895e+10
1.665074e-03 6.244923e+12 2.398965e+12 1.047524e+12 5.477843e+11 -2.153006e+10
1.728027e-03 6.081138e+12 2.418162e+12 1.063888e+12 6.508836e+11 -1.875125e+11
1.789887e-03 5.919845e+12 2.424816e+12 1.178890e+12 6.670245e+11 -4.972295e+10
1.852570e-03 5.756186e+12 2.431034e+12 1.194003e+12 7.438405e+11 -1.745108e+11
1.915088e-03 5.593923e+12 2.426220e+12 1.280272e+12 7.586322e+11 -5.576725e+10
1.978019e-03 5.426623e+12 2.423968e+12 1.316456e+12 8.723219e+11 -2.128955e+11
2.041684e-03 5.261680e+12 2.408452e+12 1.405005e+12 8.992664e+11 -1.127203e+11
2.104726e-03 5.098729e+12 2.392394e+12 1.435854e+12 9.576681e+11 -1.696487e+11
2.167060e-03 4.936705e+12 2.371702e+12 1.498506e+12 1.032391e+12 -1.981805e+11
2.229921e-03 4.776782e+12 2.345155e+12 1.549856e+12 1.081959e+12 -1.978642e+11
2.292794e-03 4.616905e+12 2.315977e+12 1.597483e+12 1.153606e+12 -2.411740e+11
2.355230e-03 4.461971e+12 2.280521e+12 1.658577e+12 1.197671e+12 -2.126725e+11
2.418331e-03 4.306905e+12 2.242339e+12 1.708702e+12 1.257328e+12 -2.240114e+11
2.481215e-03 4.153325e+12 2.202716e+12 1.747680e+12 1.328182e+12 -2.779135e+11
2.543891e-03 4.006056e+12 2.156956e+12 1.800296e+12 1.366554e+12 -2.428549e+11
2.607003e-03 3.856138e+12 2.112114e+12 1.835247e+12 1.445146e+12 -3.117320e+11
2.669740e-03 3.712092e+12 2.063598e+12 1.872051e+12 1.499507e+12 -3.287306e+11
2.732628e-03 3.574777e+12 2.009170e+12 1.920764e+12 1.533249e+12 -2.961593e+11
2.796013e-03 3.434411e+12 1.956978e+12 1.951637e+12 1.598624e+12 -3.400434e+11
2.858795e-03 3.300552e+12 1.902826e+12 1.980101e+12 1.640968e+12 -3.438505e+11
2.920959e-03 3.173808e+12 1.845626e+12 2.013430e+12 1.683395e+12 -3.561447e+11
2.983535e-03 3.046128e+12 1.789999e+12 2.036919e+12 1.733551e+12 -3.736464e+11
3.046449e-03 2.922083e+12 1.732151e+12 2.059352e+12 1.782809e+12 -4.061862e+11
3.109435e-03 2.801945e+12 1.674934e+12 2.072009e+12 1.813442e+12 -4.156915e+11
3.172429e-03 2.691403e+12 1.612462e+12 2.109107e+12 1.835671e+12 -3.706770e+11
3.235378e-03 2.577773e+12 1.554412e+12 2.121336e+12 1.880836e+12 -4.144625e+11
3.298350e-03 2.469028e+12 1.496518e+12 2.130176e+12 1.905837e+12 -4.140328e+11
3.361502e-03 2.362464e+12 1.438546e+12 2.134797e+12 1.942288e+12 -4.524908e+11
3.424034e-03 2.263791e+12 1.380867e+12 2.143639e+12 1.959519e+12 -4.395939e+11
3.486610e-03 2.169554e+12 1.323418e+12 2.151207e+12 1.976091e+12 -4.326670e+11
3.549533e-03 2.073619e+12 1.267995e+12 2.146955e+12 1.999632e+12 -4.607872e+11
3.612035e-03 1.990797e+12 1.211036e+12 2.166070e+12 1.999486e+12 -4.023549e+11
3.674842e-03 1.898900e+12 1.159685e+12 2.137230e+12 2.020968e+12 -4.672437e+11
3.737743e-03 1.820237e+12 1.105633e+12 2.143608e+12 2.021213e+12 -4.340482e+11
3.800817e-03 1.736663e+12 1.055579e+12 2.121152e+12 2.031288e+12 -4.593769e+11
3.863693e-03 1.666616e+12 1.003957e+12 2.125824e+12 2.024712e+12 -4.236915e+11
3.926624e-03 1.591333e+12 9.564409e+11 2.105019e+12 2.024185e+12 -4.280318e+11
3.989691e-03 1.523675e+12 9.092112e+11 2.091569e+12 2.017830e+12 -4.217891e+11
4.052279e-03 1.457025e+12 8.645476e+11 2.072248e+12 2.007858e+12 -4.105212e+11
4.115276e-03 1.392554e+12 8.208069e+11 2.049571e+12 1.999167e+12 -4.130997e+11
4.178091e-03 1.334368e+12 7.791927e+11 2.031112e+12 1.981295e+12 -3.906054e+11
4.240529e-03 1.275539e+12 7.395858e+11 2.005519e+12 1.965756e+12 -3.788883e+11
4.303566e-03 1.221522e+12 7.006925e+11 1.982082e+12 1.944929e+12 -3.670102e+11
4.366473e-03 1.168875e+12 6.644705e+11 1.955439e+12 1.923212e+12 -3.437122e+11
4.429136e-03 1.118825e+12 6.294472e+11 1.923375e+12 1.900697e+12 -3.434608e+11
4.491804e-03 1.067660e+12 5.962345e+11 1.886660e+12 1.871869e+12 -3.294123e+11
4.554524e-03 1.026579e+12 5.642501e+11 1.868135e+12 1.846456e+12 -2.996754e+11
4.617696e-03 9.811966e+11 5.346646e+11 1.826774e+12 1.814159e+12 -2.861682e+11
4.680743e-03 9.394970e+11 5.056054e+11 1.796505e+12 1.782665e+12 -2.628429e+11
4.743600e-03 8.994870e+11 4.782406e+11 1.759948e+12 1.747766e+12 -2.473485e+11
4.806460e-03 8.631779e+11 4.532262e+11 1.728805e+12 1.717590e+12 -2.191446e+11
4.869182e-03 8.271595e+11 4.286733e+11 1.691084e+12 1.680011e+12 -2.054795e+11
4.931803e-03 7.900890e+11 4.054231e+11 1.649137e+12 1.642331e+12 -1.864877e+11
4.994544e-03 7.583800e+11 3.841362e+11 1.613507e+12 1.606361e+12 -1.643684e+11
5.057296e-03 7.278114e+11 3.635395e+11 1.579615e+12 1.569398e+12 -1.387148e+11
5.120127e-03 6.980069e+11 3.448529e+11 1.538650e+12 1.530347e+12 -1.202073e+11
5.183244e-03 6.679681e+11 3.257173e+11 1.499103e+12 1.489354e+12 -9.910342e+10
5.246213e-03 6.406401e+11 3.086532e+11 1.460467e+12 1.450786e+12 -7.769661e+10
5.308940e-03 6.134626e+11 2.919545e+11 1.419010e+12 1.409344e+12 -5.986107e+10
5.371705e-03 5.898874e+11 2.771029e+11 1.384053e+12 1.371725e+12 -3.635933e+10
5.434764e-03 5.659627e+11 2.624635e+11 1.347232e+12 1.332858e+12 -1.123608e+10
5.497589e-03 5.412184e+11 2.483699e+11 1.301070e+12 1.289604e+12 -2.144978e+09
5.560094e-03 5.214961e+11 2.359797e+11 1.270794e+12 1.253796e+12 2.773240e+10
5.623090e-03 4.984721e+11 2.232603e+11 1.226056e+12 1.213266e+12 3.773839e+10
5.686167e-03 4.788275e+11 2.112670e+11 1.190477e+12 1.173321e+12 5.873530e+10
5.748863e-03 4.590015e+11 2.002308e+11 1.151589e+12 1.135121e+12 7.663213e+10
5.811791e-03 4.420766e+11 1.903826e+11 1.118056e+12 1.099287e+12 9.286937e+10
5.874636e-03 4.233581e+11 1.796193e+11 1.080164e+12 1.060396e+12 1.114161e+11
5.937271e-03 4.061658e+11 1.703860e+11 1.041916e+12 1.024429e+12 1.199693e+11
6.000058e-03 3.903748e+11 1.614138e+11 1.008079e+12 9.885832e+11 1.371709e+11
6.062729e-03 3.743151e+11 1.526734e+11 9.714727e+11 9.529779e+11 1.477962e+11
6.125517e-03 3.594792e+11 1.441732e+11 9.372219e+11 9.176753e+11 1.598496e+11
6.188708e-03 3.454753e+11 1.364923e+11 9.051629e+11 8.851569e+11 1.751760e+11
6.251555e-03 3.321446e+11 1.292541e+11 8.716256e+11 8.524896e+11 1.805520e+11
6.314077e-03 3.189795e+11 1.217201e+11 8.398536e+11 8.196553e+11 1.930385e+11
6.377058e-03 3.059231e+11 1.147981e+11 8.060712e+11 7.876492e+11 1.991960e+11
6.440009e-03 2.943471e+11 1.083788e+11 7.759979e+11 7.576279e+11 2.057321e+11
6.502812e-03 2.833874e+11 1.021686e+11 7.475699e+11 7.287622e+11 2.158795e+11
6.565726e-03 2.713801e+11 9.604156e+10 7.140263e+11 6.979544e+11 2.157488e+11
6.628521e-03 2.618455e+11 9.044593e+10 6.886447e+11 6.715994e+11 2.254766e+11
6.691272e-03 2.517551e+11 8.503915e+10 6.594075e+11 6.438259e+11 2.259396e+11
6.754176e-03 2.424886e+11 7.989658e+10 6.331982e+11 6.180908e+11 2.311758e+11
6.816888e-03 2.332996e+11 7.491784e+10 6.063236e+11 5.920906e+11 2.331235e+11
6.879625e-03 2.240416e+11 7.012321e+10 5.783537e+11 5.659102e+11 2.322589e+11
6.942449e-03 2.165974e+11 6.573620e+10 5.556899e+11 5.430197e+11 2.356503e+11
7.005248e-03 2.083891e+11 6.175874e+10 5.304249e+11 5.200239e+11 2.336087e+11
7.068136e-03 2.008681e+11 5.758579e+10 5.066391e+11 4.966143e+11 2.339044e+11
7.131053e-03 1.937950e+11 5.384876e+10 4.840696e+11 4.748921e+11 2.333801e+11
7.194010e-03 1.867807e+11 5.040173e+10 4.611858e+11 4.536561e+11 2.302075e+11
7.256902e-03 1.806961e+11 4.706773e+10 4.410047e+11 4.335903e+11 2.304366e+11
7.319748e-03 1.738196e+11 4.395208e+10 4.180292e+11 4.125388e+11 2.249505e+11
7.382611e-03 1.684791e+11 4.114664e+10 3.998050e+11 3.946105e+11 2.241853e+11
7.445306e-03 1.623585e+11 3.844550e+10 3.790134e+11 3.751973e+11 2.193478e+11
7.507906e-03 1.572667e+11 3.607992e+10 3.609660e+11 3.580705e+11 2.159246e+11
7.570818e-03 1.516172e+11 3.364948e+10 3.414871e+11 3.390068e+11 2.118773e+11
7.633721e-03 1.468338e+11 3.172033e+10 3.245969e+11 3.236619e+11 2.067148e+11
7.696586e-03 1.424485e+11 2.967738e+10 3.082208e+11 3.070536e+11 2.042138e+11
7.759492e-03 1.375756e+11 2.804143e+10 2.910769e+11 2.915565e+11 1.976357e+11
7.822382e-03 1.333848e+11 2.647990e+10 2.759555e+11 2.764656e+11 1.942094e+11
7.885469e-03 1.289365e+11 2.498157e+10 2.597399e+11 2.612079e+11 1.879512e+11
7.948044e-03 1.250637e+11 2.378767e+10 2.457390e+11 2.477606e+11 1.833052e+11
8.010528e-03 1.210136e+11 2.262804e+10 2.310845e+11 2.330379e+11 1.785269e+11
8.073516e-03 1.172416e+11 2.166881e+10 2.176003e+11 2.209738e+11 1.718978e+11
8.136423e-03 1.137217e+11 2.076595e+10 2.047424e+11 2.076325e+11 1.683323e+11
8.199228e-03 1.104017e+11 2.005402e+10 1.925928e+11 1.962646e+11 1.627759e+11
8.262023e-03 1.067853e+11 1.935818e+10 1.798241e+11 1.839165e+11 1.569211e+11
8.324981e-03 1.036644e+11 1.883257e+10 1.688853e+11 1.727706e+11 1.527030e+11
8.388025e-03 1.002709e+11 1.832280e+10 1.570969e+11 1.620046e+11 1.461662e+11
8.450798e-03 9.742108e+10 1.797896e+10 1.471555e+11 1.515041e+11 1.425513e+11
8.513424e-03 9.413735e+10 1.760275e+10 1.364134e+11 1.415232e+11 1.362632e+11
8.576219e-03 9.141654e+10 1.737048e+10 1.271244e+11 1.319110e+11 1.323970e+11
8.639099e-03 8.854565e+10 1.712057e+10 1.177193e+11 1.230127e+11 1.269523e+11
8.701941e-03 8.568634e+10 1.698013e+10 1.087449e+11 1.141356e+11 1.222308e+11
8.764716e-03 8.298580e+10 1.684997e+10 1.004557e+11 1.055517e+11 1.180402e+11
8.827545e-03 8.026060e+10 1.669723e+10 9.213671e+10 9.778036e+10 1.127730e+11
8.890404e-03 7.788807e+10 1.666390e+10 8.480287e+10 9.028431e+10 1.091312e+11
8.953189e-03 7.520270e+10 1.656701e+10 7.730146e+10 8.302296e+10 1.042867e+11
9.016039e-03 7.272098e+10 1.650314e+10 7.041665e+10 7.627086e+10 9.996969e+10
9.078883e-03 7.042336e+10 1.649201e+10 6.397763e+10 6.958897e+10 9.653750e+10
9.141797e-03 6.798519e+10 1.637321e+10 5.763369e+10 6.382945e+10 9.163195e+10
9.204714e-03 6.570888e+10 1.637215e+10 5.179668e+10 5.765216e+10 8.855288e+10
9.267500e-03 6.343727e+10 1.630257e+10 4.615931e+10 5.254144e+10 8.412910e+10
9.330389e-03 6.133306e+10 1.622914e+10 4.098146e+10 4.737551e+10 8.078630e+10
9.393353e-03 5.901407e+10 1.611717e+10 3.597721e+10 4.222019e+10 7.729153e+10
9.456033e-03 5.702409e+10 1.600456e+10 3.123034e+10 3.816146e+10 7.327740e+10
9.518699e-03 5.489729e+10 1.593485e+10 2.709734e+10 3.360314e+10 7.054143e+10
9.581480e-03 5.292708e+10 1.574234e+10 2.281805e+10 2.994124e+10 6.660037e+10
9.644431e-03 5.097187e+10 1.559546e+10 1.903355e+10 2.610665e+10 6.381351e+10
9.707436e-03 4.912392e+10 1.542645e+10 1.537284e+10 2.279899e+10 6.063288e+10
9.770160e-03 4.727434e+10 1.522396e+10 1.207166e+10 1.975711e+10 5.748358e+10
9.832865e-03 4.547225e+10 1.504163e+10 8.981774e+09 1.671241e+10 5.486755e+10
9.895597e-03 4.380166e+10 1.474225e+10 5.955974e+09 1.422095e+10 5.167306e+10
9.958595e-03 4.198029e+10 1.451193e+10 3.422284e+09 1.161173e+10 4.918615e+10
1.002149e-02 4.041790e+10 1.423344e+10 8.282241e+08 9.523419e+09 4.620716e+10
1.008410e-02 3.880525e+10 1.394329e+10 -1.445621e+09 7.456681e+09 4.369243e+10
1.014702e-02 3.730751e+10 1.361189e+10 -3.497711e+09 5.508779e+09 4.157542e+10
1.020999e-02 3.586519e+10 1.331463e+10 -5.596807e+09 3.985728e+09 3.870116e+10
1.027280e-02 3.440262e+10 1.301862e+10 -7.245442e+09 2.410829e+09 3.661280e+10
1.033567e-02 3.305932e+10 1.263757e+10 -8.958883e+09 1.154277e+09 3.415231e+10
1.039854e-02 3.167254e+10 1.225902e+10 -1.033208e+10 -9.804744e+07 3.212190e+10
1.046130e-02 3.046850e+10 1.193405e+10 -1.171723e+10 -1.176981e+09 3.008697e+10
1.052408e-02 2.921719e+10 1.156555e+10 -1.292045e+10 -2.057349e+09 2.790230e+10
1.058689e-02 2.801439e+10 1.116736e+10 -1.387640e+10 -2.910030e+09 2.618177e+10
1.064973e-02 2.696110e+10 1.081445e+10 -1.499180e+10 -3.547776e+09 2.416179e+10
1.071266e-02 2.587983e+10 1.046743e+10 -1.575452e+10 -4.220514e+09 2.262356e+10
1.077552e-02 2.482511e+10 1.008948e+10 -1.650512e+10 -4.665565e+09 2.076489e+10
1.083829e-02 2.387506e+10 9.711522e+09 -1.714682e+10 -5.127479e+09 1.929124e+10
1.090115e-02 2.292779e+10 9.368954e+09 -1.768012e+10 -5.474614e+09 1.784971e+10
1.096400e-02 2.206405e+10 9.003964e+09 -1.819709e+10 -5.748517e+09 1.634751e+10
1.102688e-02 2.119361e+10 8.657761e+09 -1.851729e+10 -5.979198e+09 1.509057e+10
1.108967e-02 2.039479e+10 8.295892e+09 -1.884649e+10 -6.098172e+09 1.380428e+10
1.115232e-02 1.962150e+10 7.966765e+09 -1.905194e+10 -6.192673e+09 1.264234e+10
1.121507e-02 1.889185e+10 7.650083e+09 -1.922475e+10 -6.293296e+09 1.163872e+10
1.127797e-02 1.824740e+10 7.347870e+09 -1.939931e+10 -6.320712e+09 1.064145e+10
1.134099e-02 1.754601e+10 7.016263e+09 -1.936648e+10 -6.309988e+09 9.797058e+09
1.140372e-02 1.695977e+10 6.739155e+09 -1.942837e+10 -6.200153e+09 8.873945e+09
1.146650e-02 1.636039e+10 6.459494e+09 -1.934912e+10 -6.188308e+09 8.194783e+09
1.152952e-02 1.582398e+10 6.179800e+09 -1.927830e+10 -6.084770e+09 7.588113e+09
1.159236e-02 1.529993e+10 5.916636e+09 -1.913673e+10 -5.930440e+09 6.964591e+09
1.165521e-02 1.478471e+10 5.676531e+09 -1.893950e+10 -5.832627e+09 6.494794e+09
1.171802e-02 1.436224e+10 5.433283e+09 -1.877813e+10 -5.645264e+09 6.022707e+09
1.178091e-02 1.389788e+10 5.209354e+09 -1.850740e+10 -5.523373e+09 5.736498e+09
1.184377e-02 1.351966e+10 5.006483e+09 -1.828950e+10 -5.338710e+09 5.450922e+09
1.190645e-02 1.308781e+10 4.774388e+09 -1.792066e+10 -5.116469e+09 5.173170e+09
1.196918e-02 1.274079e+10 4.587445e+09 -1.761670e+10 -4.954194e+09 5.070363e+09
1.203205e-02 1.242170e+10 4.408454e+09 -1.730807e+10 -4.747711e+09 4.969607e+09
1.209494e-02 1.207281e+10 4.239785e+09 -1.690930e+10 -4.577263e+09 4.952933e+09
1.215771e-02 1.179477e+10 4.069084e+09 -1.655869e+10 -4.329041e+09 4.941370e+09
1.222054e-02 1.150100e+10 3.904501e+09 -1.613706e+10 -4.141038e+09 5.074547e+09
1.228344e-02 1.124411e+10 3.773813e+09 -1.574621e+10 -3.965975e+09 5.205277e+09
1.234640e-02 1.098984e+10 3.616346e+09 -1.529763e+10 -3.720325e+09 5.354160e+09
1.240915e-02 1.074581e+10 3.495905e+09 -1.484659e+10 -3.554862e+09 5.601950e+09
1.247184e-02 1.055610e+10 3.365169e+09 -1.444300e+10 -3.293691e+09 5.838836e+09
1.253470e-02 1.033678e+10 3.248075e+09 -1.394899e+10 -3.135390e+09 6.163831e+09
1.259754e-02 1.015187e+10 3.140919e+09 -1.350240e+10 -2.918700e+09 6.495435e+09
1.266036e-02 9.979165e+09 3.027472e+09 -1.303419e+10 -2.708200e+09 6.862921e+09
1.272320e-02 9.794902e+09 2.914081e+09 -1.251042e+10 -2.497815e+09 7.230019e+09
1.278608e-02 9.662108e+09 2.835320e+09 -1.207545e+10 -2.319350e+09 7.675384e+09
1.284892e-02 9.502026e+09 2.742930e+09 -1.156011e+10 -2.136944e+09 8.131770e+09
1.291183e-02 9.378291e+09 2.655896e+09 -1.109502e+10 -1.928555e+09 8.580914e+09
1.297477e-02 9.252236e+09 2.565078e+09 -1.058847e+10 -1.734359e+09 9.055713e+09
1.303751e-02 9.129990e+09 2.491534e+09 -1.009444e+10 -1.554575e+09 9.557055e+09
1.310022e-02 9.034179e+09 2.423522e+09 -9.632510e+09 -1.378825e+09 1.007184e+10
1.316309e-02 8.913568e+09 2.340549e+09 -9.081988e+09 -1.207902e+09 1.057105e+10
1.322594e-02 8.845412e+09 2.282832e+09 -8.666874e+09 -1.014473e+09 1.109726e+10
1.328870e-02 8.739632e+09 2.214953e+09 -8.130759e+09 -8.638584e+08 1.163530e+10
1.335152e-02 8.668182e+09 2.157035e+09 -7.667176e+09 -6.878716e+08 1.217432e+10
1.341448e-02 8.588283e+09 2.097062e+09 -7.184804e+09 -5.450895e+08 1.269792e+10
1.347734e-02 8.512468e+09 2.035418e+09 -6.681845e+09 -3.772080e+08 1.322263e+10
1.354004e-02 8.466607e+09 1.990147e+09 -6.260309e+09 -2.123485e+08 1.375724e+10
1.360289e-02 8.388570e+09 1.939071e+09 -5.753618e+09 -8.178967e+07 1.427403e+10
1.366571e-02 8.340154e+09 1.893435e+09 -5.319012e+09 5.766864e+07 1.479132e+10
1.372857e-02 8.283350e+09 1.847606e+09 -4.857706e+09 1.947486e+08 1.529690e+10
1.379141e-02 8.236058e+09 1.803649e+09 -4.394113e+09 3.349434e+08 1.582459e+10
1.385412e-02 8.192731e+09 1.771210e+09 -4.000006e+09 4.506200e+08 1.629223e+10
1.391702e-02 8.136498e+09 1.728259e+09 -3.511345e+09 5.679064e+08 1.678188e+10
1.397990e-02 8.110065e+09 1.696901e+09 -3.132913e+09 6.856296e+08 1.725788e+10
1.404272e-02 8.059934e+09 1.664940e+09 -2.698239e+09 8.008336e+08 1.770810e+10
1.410560e-02 8.026237e+09 1.636871e+09 -2.288203e+09 8.924913e+08 1.816364e+10
1.416843e-02 7.987415e+09 1.610156e+09 -1.900015e+09 9.892492e+08 1.857678e+10
1.423121e-02 7.946891e+09 1.579977e+09 -1.483350e+09 1.078854e+09 1.901575e+10
1.429401e-02 7.918323e+09 1.566570e+09 -1.166728e+09 1.160882e+09 1.938649e+10
1.435689e-02 7.879498e+09 1.540443e+09 -7.341000e+08 1.240130e+09 1.979915e+10
1.441980e-02 7.840511e+09 1.525094e+09 -4.170132e+08 1.319342e+09 2.013242e+10
1.448261e-02 7.815278e+09 1.507528e+09 -4.109088e+07 1.386324e+09 2.053290e+10
1.454538e-02 7.770240e+09 1.495242e+09 3.153437e+08 1.445423e+09 2.085587e+10
1.460822e-02 7.740862e+09 1.486155e+09 5.910404e+08 1.492703e+09 2.114991e+10
1.467115e-02 7.697360e+09 1.470580e+09 9.535810e+08 1.549792e+09 2.147120e+10
1.473401e-02 7.665709e+09 1.464823e+09 1.228640e+09 1.593853e+09 2.175189e+10
1.479676e-02 7.630264e+09 1.459867e+09 1.559696e+09 1.643303e+09 2.204877e+10
1.485961e-02 7.581074e+09 1.452602e+09 1.823650e+09 1.662758e+09 2.225795e+10
1.492239e-02 7.545137e+09 1.447666e+09 2.107049e+09 1.700859e+09 2.251610e+10
1.498506e-02 7.493127e+09 1.444651e+09 2.391376e+09 1.734435e+09 2.271849e+10
1.504789e-02 7.457360e+09 1.446918e+09 2.577814e+09 1.730998e+09 2.290290e+10
1.511078e-02 7.401200e+09 1.444320e+09 2.883418e+09 1.760812e+09 2.309143e+10
1.517364e-02 7.364914e+09 1.443016e+09 3.104911e+09 1.781048e+09 2.329090e+10
1.523654e-02 7.303825e+09 1.442578e+09 3.306192e+09 1.790126e+09 2.338959e+10
1.529942e-02 7.253162e+09 1.447842e+09 3.549575e+09 1.806416e+09 2.354407e+10
1.536235e-02 7.200331e+09 1.446356e+09 3.708694e+09 1.780670e+09 2.364683e+10
1.542517e-02 7.137351e+09 1.447663e+09 3.932590e+09 1.806807e+09 2.374108e+10
1.548789e-02 7.087146e+09 1.451313e+09 4.078777e+09 1.794048e+09 2.382634e+10
1.555076e-02 7.018178e+09 1.452094e+09 4.272767e+09 1.802062e+09 2.387584e+10
1.561359e-02 6.956986e+09 1.453023e+09 4.430821e+09 1.793216e+09 2.392979e+10
1.567632e-02 6.890070e+09 1.455479e+09 4.547239e+09 1.764843e+09 2.394914e+10
1.573917e-02 6.818771e+09 1.454576e+09 4.730203e+09 1.789893e+09 2.395394e+10
1.580208e-02 6.750334e+09 1.454987e+09 4.792871e+09 1.740376e+09 2.393739e+10
1.586491e-02 6.678703e+09 1.453613e+09 4.958715e+09 1.752778e+09 2.393506e+10
1.592764e-02 6.607527e+09 1.453205e+09 5.054153e+09 1.736051e+09 2.390647e+10
1.599049e-02 6.525691e+09 1.449554e+09 5.135017e+09 1.723042e+09 2.381555e+10
1.605344e-02 6.452519e+09 1.447148e+09 5.259473e+09 1.721071e+09 2.378777e+10
1.611624e-02 6.373367e+09 1.443191e+09 5.287480e+09 1.675932e+09 2.369173e+10
1.617906e-02 6.289761e+09 1.437921e+09 5.388204e+09 1.684036e+09 2.359148e+10
1.624189e-02 6.208219e+09 1.430696e+09 5.421176e+09 1.654151e+09 2.346982e+10
1.630468e-02 6.124216e+09 1.421773e+09 5.485866e+09 1.646478e+09 2.334321e+10
1.636757e-02 6.039194e+09 1.413059e+09 5.541362e+09 1.631966e+09 2.321785e+10
1.643038e-02 5.956503e+09 1.404430e+09 5.537646e+09 1.600774e+09 2.305419e+10
1.649314e-02 5.859928e+09 1.391261e+09 5.593435e+09 1.601764e+09 2.287177e+10
1.655599e-02 5.780611e+09 1.379329e+09 5.569262e+09 1.565950e+09 2.270263e+10
1.661885e-02 5.691747e+09 1.365907e+09 5.609426e+09 1.557544e+09 2.252851e+10
1.668174e-02 5.597647e+09 1.351409e+09 5.596704e+09 1.542281e+09 2.229274e+10
1.674456e-02 5.511980e+09 1.336357e+09 5.579600e+09 1.524092e+09 2.209308e+10
1.680728e-02 5.417661e+09 1.315847e+09 5.582514e+09 1.509419e+09 2.185446e+10
1.687017e-02 5.336152e+09 1.301836e+09 5.542468e+09 1.485637e+09 2.164720e+10
1.693315e-02 5.236196e+09 1.280663e+09 5.513069e+09 1.469841e+09 2.135804e+10
1.699589e-02 5.148972e+09 1.260875e+09 5.463804e+09 1.441779e+09 2.111444e+10
1.705867e-02 5.059768e+09 1.240433e+09 5.427509e+09 1.429535e+09 2.084829e+10
1.712163e-02 4.968977e+09 1.219545e+09 5.399638e+09 1.426699e+09 2.058101e+10
1.718447e-02 4.879075e+09 1.197562e+09 5.306730e+09 1.386322e+09 2.028179e+10
1.724726e-02 4.785466e+09 1.172952e+09 5.252385e+09 1.368585e+09 1.997794e+10
1.731003e-02 4.702977e+09 1.154780e+09 5.182182e+09 1.358711e+09 1.970126e+10
1.737292e-02 4.610469e+09 1.126444e+09 5.110315e+09 1.327081e+09 1.938060e+10
1.743574e-02 4.524770e+09 1.105057e+09 5.032204e+09 1.312546e+09 1.907949e+10
1.749847e-02 4.435951e+09 1.080670e+09 4.942421e+09 1.286846e+09 1.875240e+10
1.756133e-02 4.348582e+09 1.055026e+09 4.863050e+09 1.267804e+09 1.842617e+10
1.762415e-02 4.265615e+09 1.034482e+09 4.743256e+09 1.240005e+09 1.809539e+10
1.768698e-02 4.179332e+09 1.006687e+09 4.673293e+09 1.221315e+09 1.777346e+10
1.774982e-02 4.095335e+09 9.839395e+08 4.550942e+09 1.190808e+09 1.742992e+10
1.781268e-02 4.011234e+09 9.600230e+08 4.441607e+09 1.161846e+09 1.708764e+10
1.787557e-02 3.929362e+09 9.356946e+08 4.347666e+09 1.149426e+09 1.674354e+10
1.793843e-02 3.852787e+09 9.142089e+08 4.219774e+09 1.111793e+09 1.641939e+10
1.800122e-02 3.768563e+09 8.888419e+08 4.115452e+09 1.087987e+09 1.606000e+10
1.806400e-02 3.688644e+09 8.659379e+08 3.980448e+09 1.053133e+09 1.570221e+10
1.812677e-02 3.612207e+09 8.439480e+08 3.863260e+09 1.028597e+09 1.536178e+10
1.818960e-02 3.535976e+09 8.214679e+08 3.742072e+09 9.986201e+08 1.501703e+10
1.825247e-02 3.462225e+09 8.016129e+08 3.614314e+09 9.697867e+08 1.467872e+10
1.831530e-02 3.382907e+09 7.772604e+08 3.493400e+09 9.412867e+08 1.431571e+10
1.837813e-02 3.313634e+09 7.601112e+08 3.338994e+09 9.025979e+08 1.397571e+10
1.844103e-02 3.242408e+09 7.381752e+08 3.236175e+09 8.783231e+08 1.364993e+10
1.850388e-02 3.168247e+09 7.185379e+08 3.087454e+09 8.423750e+08 1.328538e+10
1.856668e-02 3.097050e+09 6.991409e+08 2.950486e+09 8.079909e+08 1.294154e+10
1.862952e-02 3.030509e+09 6.801352e+08 2.832662e+09 7.799146e+08 1.261666e+10
1.869235e-02 2.965914e+09 6.641106e+08 2.681476e+09 7.458051e+08 1.229263e+10
1.875521e-02 2.894133e+09 6.438468e+08 2.555997e+09 7.140217e+08 1.193707e+10
1.881803e-02 2.829928e+09 6.284939e+08 2.406697e+09 6.797856e+08 1.161012e+10
1.888083e-02 2.766367e+09 6.109688e+08 2.279487e+09 6.476768e+08 1.129404e+10
1.894358e-02 2.705907e+09 5.949688e+08 2.153017e+09 6.196044e+08 1.098531e+10
1.900645e-02 2.642546e+09 5.796876e+08 2.006207e+09 5.854483e+08 1.065593e+10
1.906935e-02 2.580343e+09 5.626010e+08 1.884166e+09 5.539218e+08 1.034425e+10
1.913210e-02 2.522962e+09 5.489775e+08 1.739482e+09 5.198333e+08 1.004234e+10
1.919494e-02 2.466616e+09 5.343516e+08 1.615807e+09 4.953222e+08 9.746160e+09
1.925782e-02 2.405941e+09 5.187680e+08 1.477922e+09 4.613564e+08 9.434770e+09
1.932068e-02 2.351980e+09 5.058020e+08 1.347991e+09 4.338442e+08 9.145659e+09
1.938348e-02 2.298400e+09 4.913697e+08 1.233477e+09 4.065035e+08 8.872416e+09
1.944625e-02 2.244083e+09 4.790150e+08 1.090878e+09 3.783722e+08 8.575869e+09
1.950911e-02 2.192144e+09 4.645744e+08 9.760919e+08 3.530111e+08 8.306747e+09
1.957198e-02 2.141476e+09 4.520577e+08 8.496888e+08 3.263263e+08 8.034217e+09
1.963482e-02 2.092191e+09 4.396663e+08 7.235531e+08 2.978332e+08 7.770435e+09
1.969763e-02 2.044701e+09 4.266584e+08 6.165857e+08 2.803185e+08 7.516997e+09
1.976054e-02 1.996300e+09 4.141507e+08 4.874852e+08 2.518525e+08 7.254332e+09
1.982343e-02 1.950969e+09 4.021302e+08 3.791916e+08 2.324811e+08 7.013107e+09
1.988621e-02 1.908214e+09 3.905000e+08 2.679382e+08 2.100274e+08 6.777436e+09
1.994903e-02 1.863138e+09 3.779099e+08 1.575654e+08 1.897747e+08 6.537229e+09
2.001187e-02 1.822082e+09 3.669338e+08 5.370159e+07 1.731357e+08 6.307444e+09
2.007464e-02 1.782360e+09 3.552427e+08 -5.702667e+07 1.512132e+08 6.090595e+09
2.013740e-02 1.742196e+09 3.439369e+08 -1.508060e+08 1.377679e+08 5.870261e+09
2.020021e-02 1.704824e+09 3.328126e+08 -2.545312e+08 1.175319e+08 5.663790e+09
2.026315e-02 1.668662e+09 3.217509e+08 -3.480740e+08 1.056007e+08 5.460368e+09
2.032605e-02 1.633178e+09 3.109178e+08 -4.400988e+08 8.922534e+07 5.263797e+09
2.038878e-02 1.599075e+09 3.005903e+08 -5.351567e+08 7.387850e+07 5.072144e+09
2.045158e-02 1.565226e+09 2.897614e+08 -6.124575e+08 6.397618e+07 4.884437e+09
2.051448e-02 1.536034e+09 2.799354e+08 -7.062065e+08 4.809431e+07 4.714615e+09
2.057734e-02 1.504948e+09 2.701041e+08 -7.806635e+08 4.043410e+07 4.537089e+09
2.064018e-02 1.476819e+09 2.601831e+08 -8.617799e+08 2.665940e+07 4.377470e+09
2.070304e-02 1.447901e+09 2.506977e+08 -9.323899e+08 1.713981e+07 4.212711e+09
2.076595e-02 1.422699e+09 2.416829e+08 -1.004700e+09 9.065193e+06 4.063571e+09
2.082869e-02 1.398233e+09 2.328588e+08 -1.077939e+09 -2.794494e+06 3.920009e+09
2.089140e-02 1.372925e+09 2.243012e+08 -1.137387e+09 -9.011102e+06 3.776025e+09
2.095430e-02 1.350967e+09 2.157493e+08 -1.201610e+09 -2.078202e+07 3.646439e+09
2.101710e-02 1.329308e+09 2.080091e+08 -1.256912e+09 -2.464762e+07 3.517413e+09
2.107990e-02 1.309637e+09 2.006160e+08 -1.316090e+09 -3.465036e+07 3.399876e+09
2.114275e-02 1.289932e+09 1.931636e+08 -1.366845e+09 -4.100402e+07 3.283276e+09
2.120557e-02 1.270293e+09 1.864158e+08 -1.413395e+09 -4.791093e+07 3.170960e+09
2.126842e-02 1.255960e+09 1.797207e+08 -1.464687e+09 -5.575527e+07 3.076506e+09
2.133126e-02 1.238737e+09 1.739620e+08 -1.504290e+09 -6.071395e+07 2.977642e+09
2.139415e-02 1.223498e+09 1.680557e+08 -1.545475e+09 -6.784588e+07 2.886808e+09
2.145701e-02 1.209167e+09 1.629343e+08 -1.580563e+09 -7.480881e+07 2.802187e+09
2.151977e-02 1.196508e+09 1.578636e+08 -1.613197e+09 -7.899055e+07 2.724871e+09
2.158262e-02 1.184799e+09 1.537965e+08 -1.647114e+09 -8.676011e+07 2.654218e+09
2.164549e-02 1.172680e+09 1.496324e+08 -1.672458e+09 -9.155234e+07 2.586148e+09
2.170835e-02 1.162467e+09 1.460505e+08 -1.697207e+09 -9.853019e+07 2.525125e+09
2.177117e-02 1.152464e+09 1.428564e+08 -1.718148e+09 -1.038470e+08 2.469156e+09
2.183391e-02 1.142799e+09 1.401541e+08 -1.735126e+09 -1.085819e+08 2.417446e+09
2.189674e-02 1.136106e+09 1.380750e+08 -1.755310e+09 -1.167422e+08 2.377497e+09
2.195964e-02 1.126021e+09 1.360023e+08 -1.762033e+09 -1.195567e+08 2.330352e+09
2.202248e-02 1.121394e+09 1.347236e+08 -1.777894e+09 -1.283693e+08 2.302647e+09
2.208526e-02 1.113606e+09 1.333952e+08 -1.781686e+09 -1.319653e+08 2.269755e+09
2.214806e-02 1.108610e+09 1.329293e+08 -1.788309e+09 -1.381079e+08 2.246567e+09
2.221095e-02 1.103455e+09 1.327959e+08 -1.790945e+09 -1.446382e+08 2.227393e+09
2.227376e-02 1.096451e+09 1.324250e+08 -1.785409e+09 -1.478538e+08 2.205673e+09
2.233660e-02 1.094982e+09 1.333697e+08 -1.790530e+09 -1.571400e+08 2.204044e+09
2.239951e-02 1.088882e+09 1.339184e+08 -1.779262e+09 -1.588797e+08 2.190192e+09
2.246232e-02 1.086513e+09 1.350525e+08 -1.774650e+09 -1.669128e+08 2.191680e+09
2.252510e-02 1.081834e+09 1.363928e+08 -1.761300e+09 -1.707379e+08 2.188900e+09
2.258787e-02 1.078932e+09 1.380024e+08 -1.749482e+09 -1.757942e+08 2.194014e+09
2.265070e-02 1.077189e+09 1.402514e+08 -1.737268e+09 -1.821851e+08 2.206020e+09
2.271352e-02 1.073674e+09 1.420497e+08 -1.718133e+09 -1.848863e+08 2.215127e+09
2.277642e-02 1.072270e+09 1.448220e+08 -1.703013e+09 -1.922196e+08 2.234045e+09
2.283929e-02 1.069740e+09 1.470344e+08 -1.680578e+09 -1.949187e+08 2.251201e+09
2.290206e-02 1.067648e+09 1.497970e+08 -1.657718e+09 -1.994209e+08 2.272982e+09
2.296496e-02 1.066149e+09 1.530949e+08 -1.634569e+09 -2.040143e+08 2.298126e+09
2.302777e-02 1.062552e+09 1.554251e+08 -1.605097e+09 -2.064485e+08 2.321446e+09
2.309054e-02 1.063565e+09 1.591132e+08 -1.582399e+09 -2.116083e+08 2.357377e+09
2.315342e-02 1.059637e+09 1.619246e+08 -1.549831e+09 -2.138575e+08 2.384382e+09
2.321632e-02 1.059547e+09 1.653276e+08 -1.521524e+09 -2.168599e+08 2.422267e+09
2.327917e-02 1.057594e+09 1.685194e+08 -1.488854e+09 -2.196365e+08 2.457847e+09
2.334191e-02 1.054961e+09 1.713714e+08 -1.453992e+09 -2.210990e+08 2.493102e+09
2.340472e-02 1.054504e+09 1.749244e+08 -1.421997e+09 -2.242684e+08 2.536144e+09
2.346760e-02 1.052366e+09 1.776245e+08 -1.384740e+09 -2.241911e+08 2.576469e+09
2.353050e-02 1.050691e+09 1.810532e+08 -1.348934e+09 -2.263233e+08 2.618883e+09
2.359332e-02 1.049575e+09 1.839372e+08 -1.311982e+09 -2.271695e+08 2.664417e+09
2.365605e-02 1.046565e+09 1.864481e+08 -1.270717e+09 -2.265844e+08 2.706053e+09
2.371890e-02 1.046041e+09 1.895975e+08 -1.233824e+09 -2.271881e+08 2.755283e+09
2.378176e-02 1.043275e+09 1.916932e+08 -1.192760e+09 -2.258106e+08 2.799980e+09
2.384456e-02 1.042525e+09 1.945339e+08 -1.153883e+09 -2.264200e+08 2.850319e+09
2.390740e-02 1.039226e+09 1.962459e+08 -1.111066e+09 -2.242611e+08 2.894262e+09
2.397018e-02 1.037832e+09 1.985237e+08 -1.072076e+09 -2.229688e+08 2.943732e+09
2.403299e-02 1.035604e+09 2.003475e+08 -1.027692e+09 -2.206499e+08 2.992088e+09
2.409587e-02 1.033577e+09 2.016571e+08 -9.856463e+08 -2.181655e+08 3.041299e+09
2.415877e-02 1.030626e+09 2.033058e+08 -9.431734e+08 -2.156205e+08 3.086679e+09
2.422167e-02 1.027948e+09 2.041112e+08 -8.996443e+08 -2.124052e+08 3.133571e+09
2.428445e-02 1.027789e+09 2.057320e+08 -8.605528e+08 -2.091342e+08 3.188220e+09
2.434721e-02 1.022454e+09 2.058426e+08 -8.149209e+08 -2.052080e+08 3.225299e+09
2.441004e-02 1.021682e+09 2.063802e+08 -7.731951e+08 -2.015008e+08 3.278153e+09
2.447292e-02 1.018696e+09 2.069972e+08 -7.304984e+08 -1.966992e+08 3.322515e+09
2.453573e-02 1.015918e+09 2.065503e+08 -6.875309e+08 -1.922946e+08 3.367144e+09
2.459853e-02 1.013331e+09 2.070160e+08 -6.478944e+08 -1.877180e+08 3.410223e+09
2.466143e-02 1.010128e+09 2.060551e+08 -6.040210e+08 -1.827578e+08 3.452553e+09
2.472428e-02 1.007916e+09 2.057005e+08 -5.644294e+08 -1.773453e+08 3.495554e+09
2.478701e-02 1.005064e+09 2.051637e+08 -5.245174e+08 -1.723840e+08 3.536021e+09
2.484983e-02 1.001844e+09 2.036387e+08 -4.812032e+08 -1.666157e+08 3.574778e+09
2.491274e-02 9.987288e+08 2.033794e+08 -4.444377e+08 -1.608969e+08 3.611398e+09
2.497552e-02 9.958177e+08 2.013470e+08 -4.049404e+08 -1.560135e+08 3.647597e+09
2.503835e-02 9.940027e+08 2.007577e+08 -3.676866e+08 -1.500728e+08 3.687169e+09
2.510120e-02 9.898605e+08 1.988716e+08 -3.297437e+08 -1.442326e+08 3.716140e+09
2.516403e-02 9.869869e+08 1.970626e+08 -2.918846e+08 -1.390658e+08 3.749595e+09
2.522691e-02 9.837338e+08 1.957817e+08 -2.573972e+08 -1.325181e+08 3.778021e+09
2.528974e-02 9.811933e+08 1.934886e+08 -2.207999e+08 -1.280904e+08 3.809990e+09
2.535254e-02 9.775340e+08 1.922941e+08 -1.911844e+08 -1.226359e+08 3.832650e+09
2.541543e-02 9.747125e+08 1.900496e+08 -1.547374e+08 -1.169250e+08 3.859977e+09
2.547829e-02 9.706606e+08 1.879344e+08 -1.224099e+08 -1.121006e+08 3.881160e+09
2.554104e-02 9.685172e+08 1.864300e+08 -9.470257e+07 -1.072995e+08 3.904920e+09
2.560379e-02 9.637346e+08 1.838255e+08 -6.061710e+07 -1.026625e+08 3.921010e+09
2.566670e-02 9.616186e+08 1.826219e+08 -3.510744e+07 -9.735282e+07 3.941666e+09
2.572959e-02 9.573201e+08 1.800674e+08 -6.075986e+06 -9.393966e+07 3.954999e+09
2.579238e-02 9.542477e+08 1.785103e+08 1.993229e+07 -8.922644e+07 3.970403e+09
2.585524e-02 9.502376e+08 1.766833e+08 4.477000e+07 -8.571843e+07 3.980287e+09
2.591809e-02 9.463437e+08 1.744799e+08 6.994255e+07 -8.313502e+07 3.990193e+09
2.598089e-02 9.438638e+08 1.732789e+08 9.099039e+07 -7.922029e+07 4.002905e+09
2.604363e-02 9.388093e+08 1.709990e+08 1.165859e+08 -7.574478e+07 4.005315e+09
2.610648e-02 9.348678e+08 1.695680e+08 1.348811e+08 -7.331371e+07 4.008677e+09
2.616936e-02 9.301580e+08 1.678538e+08 1.533343e+08 -7.185774e+07 4.008581e+09
2.623211e-02 9.277163e+08 1.666399e+08 1.743651e+08 -6.919674e+07 4.017812e+09
2.629494e-02 9.213817e+08 1.649783e+08 1.882807e+08 -6.749032e+07 4.005550e+09
2.635781e-02 9.180253e+08 1.637380e+08 2.075279e+08 -6.605530e+07 4.009207e+09
2.642065e-02 9.131368e+08 1.623926e+08 2.198626e+08 -6.526696e+07 4.002280e+09
2.648348e-02 9.087939e+08 1.614262e+08 2.336140e+08 -6.465220e+07 3.996880e+09
2.654638e-02 9.030010e+08 1.601016e+08 2.462980e+08 -6.365281e+07 3.984003e+09
2.660925e-02 8.980376e+08 1.591135e+08 2.554674e+08 -6.389408e+07 3.973616e+09
2.667201e-02 8.939276e+08 1.583935e+08 2.697149e+08 -6.371472e+07 3.967742e+09
2.673488e-02 8.877573e+08 1.571984e+08 2.748116e+08 -6.487167e+07 3.949041e+09
2.679776e-02 8.823212e+08 1.567377e+08 2.840313e+08 -6.433988e+07 3.933336e+09
2.686060e-02 8.757085e+08 1.555558e+08 2.903964e+08 -6.553157e+07 3.912855e+09
2.692343e-02 8.712221e+08 1.552817e+08 2.959948e+08 -6.730489e+07 3.899979e+09
2.698622e-02 8.644018e+08 1.546401e+08 3.010449e+08 -6.820078e+07 3.875648e+09
2.704897e-02 8.580407e+08 1.538224e+08 3.032725e+08 -6.945588e+07 3.852463e+09
2.711177e-02 8.517240e+08 1.536489e+08 3.075432e+08 -7.069324e+07 3.829346e+09
2.717462e-02 8.449880e+08 1.528031e+08 3.067863e+08 -7.398826e+07 3.803105e+09
2.723749e-02 8.387379e+08 1.527204e+08 3.090586e+08 -7.481302e+07 3.778378e+09
2.730042e-02 8.313002e+08 1.521066e+08 3.085172e+08 -7.744122e+07 3.748127e+09
2.736320e-02 8.245925e+08 1.518382e+08 3.047435e+08 -8.002739e+07 3.718924e+09
2.742592e-02 8.170052e+08 1.515280e+08 3.057496e+08 -8.228120e+07 3.688210e+09
2.748882e-02 8.097508e+08 1.509964e+08 2.991213e+08 -8.563254e+07 3.654541e+09
2.755167e-02 8.018844e+08 1.507863e+08 2.977315e+08 -8.728223e+07 3.620560e+09
2.761450e-02 7.941822e+08 1.502170e+08 2.925271e+08 -8.996971e+07 3.585295e+09
2.767735e-02 7.862712e+08 1.500476e+08 2.866000e+08 -9.286074e+07 3.548799e+09
2.774019e-02 7.779443e+08 1.496933e+08 2.813339e+08 -9.599825e+07 3.510358e+09
2.780301e-02 7.702956e+08 1.492679e+08 2.726235e+08 -9.895886e+07 3.473295e+09
2.786580e-02 7.612873e+08 1.489586e+08 2.663310e+08 -1.011336e+08 3.430880e+09
2.792859e-02 7.535309e+08 1.485753e+08 2.560692e+08 -1.050605e+08 3.392228e+09
2.799145e-02 7.442598e+08 1.479924e+08 2.490816e+08 -1.073858e+08 3.348255e+09
2.805434e-02 7.361452e+08 1.477816e+08 2.385265e+08 -1.107728e+08 3.307691e+09
2.811718e-02 7.266464e+08 1.469687e+08 2.282010e+08 -1.133913e+08 3.260232e+09
2.817992e-02 7.177990e+08 1.466553e+08 2.192300e+08 -1.154598e+08 3.216497e+09
2.824273e-02 7.089476e+08 1.459422e+08 2.053759e+08 -1.196472e+08 3.170449e+09
2.830566e-02 6.998886e+08 1.455331e+08 1.960415e+08 -1.216212e+08 3.125227e+09
2.836851e-02 6.909342e+08 1.448850e+08 1.821053e+08 -1.251291e+08 3.078507e+09
2.843134e-02 6.810012e+08 1.440494e+08 1.689672e+08 -1.277009e+08 3.027119e+09
2.849418e-02 6.721101e+08 1.435538e+08 1.586230e+08 -1.297855e+08 2.982025e+09
2.855700e-02 6.627460e+08 1.425916e+08 1.420499e+08 -1.335961e+08 2.931235e+09
2.861981e-02 6.532487e+08 1.419468e+08 1.310923e+08 -1.352422e+08 2.883039e+09
2.868265e-02 6.432536e+08 1.408678e+08 1.151223e+08 -1.380701e+08 2.828955e+09
2.874550e-02 6.345169e+08 1.401741e+08 1.017571e+08 -1.407755e+08 2.782639e+09
2.880834e-02 6.247085e+08 1.391480e+08 8.752670e+07 -1.429027e+08 2.730660e+09
2.887116e-02 6.152350e+08 1.381876e+08 7.101306e+07 -1.456922e+08 2.678843e+09
2.893395e-02 6.053736e+08 1.370384e+08 5.781124e+07 -1.475548e+08 2.626927e+09
2.899675e-02 5.964726e+08 1.360355e+08 4.076432e+07 -1.504115e+08 2.576827e+09
2.905957e-02 5.867759e+08 1.348762e+08 2.686223e+07 -1.521999e+08 2.525460e+09
2.912242e-02 5.769172e+08 1.336612e+08 1.081076e+07 -1.542292e+08 2.471412e+09
2.918528e-02 5.681752e+08 1.325682e+08 -5.926982e+06 -1.571655e+08 2.422398e+09
2.924811e-02 5.579112e+08 1.310282e+08 -1.917950e+07 -1.583839e+08 2.367593e+09
2.931098e-02 5.493068e+08 1.299586e+08 -3.835946e+07 -1.607826e+08 2.317552e+09
2.937380e-02 5.394939e+08 1.284644e+08 -5.197561e+07 -1.626080e+08 2.265105e+09
2.943661e-02 5.303945e+08 1.270400e+08 -6.878747e+07 -1.644014e+08 2.213196e+09
2.949948e-02 5.215412e+08 1.256898e+08 -8.426799e+07 -1.665819e+08 2.163537e+09
2.956230e-02 5.119415e+08 1.240255e+08 -9.942289e+07 -1.679758e+08 2.110928e+09
2.962512e-02 5.035333e+08 1.227267e+08 -1.169255e+08 -1.701142e+08 2.061703e+09
2.968798e-02 4.941214e+08 1.209360e+08 -1.310085e+08 -1.718487e+08 2.009875e+09
2.975080e-02 4.857597e+08 1.195908e+08 -1.478046e+08 -1.736722e+08 1.960918e+09
2.981362e-02 4.768081e+08 1.178304e+08 -1.623808e+08 -1.748996e+08 1.910929e+09
2.987648e-02 4.683260e+08 1.162132e+08 -1.780938e+08 -1.769631e+08 1.862017e+09
2.993931e-02 4.599243e+08 1.146358e+08 -1.934219e+08 -1.785197e+08 1.812934e+09
3.000209e-02 4.514557e+08 1.128055e+08 -2.068157e+08 -1.801402e+08 1.765715e+09
3.006488e-02 4.433581e+08 1.112669e+08 -2.232628e+08 -1.817853e+08 1.716944e+09
3.012771e-02 4.353536e+08 1.094733e+08 -2.369295e+08 -1.834010e+08 1.671248e+09
3.019054e-02 4.274874e+08 1.078380e+08 -2.509755e+08 -1.852440e+08 1.624910e+09
3.025338e-02 4.196069e+08 1.060984e+08 -2.652638e+08 -1.868270e+08 1.578241e+09
3.031628e-02 4.119630e+08 1.044659e+08 -2.775808e+08 -1.885600e+08 1.534524e+09
3.037913e-02 4.046840e+08 1.027578e+08 -2.924704e+08 -1.903016e+08 1.489349e+09
3.044197e-02 3.976206e+08 1.010749e+08 -3.039661e+08 -1.922542e+08 1.448078e+09
3.050478e-02 3.901528e+08 9.952709e+07 -3.174876e+08 -1.939416e+08 1.402769e+09
3.056757e-02 3.832685e+08 9.784660e+07 -3.282965e+08 -1.959709e+08 1.362399e+09
3.063042e-02 3.765058e+08 9.626413e+07 -3.400614e+08 -1.976078e+08 1.321222e+09
3.069327e-02 3.700154e+08 9.480350e+07 -3.515940e+08 -1.999625e+08 1.280962e+09
3.075615e-02 3.632188e+08 9.321874e+07 -3.611157e+08 -2.019204e+08 1.241460e+09
3.081897e-02 3.574016e+08 9.199262e+07 -3.725281e+08 -2.045323e+08 1.203878e+09
3.088177e-02 3.510683e+08 9.048748e+07 -3.810332e+08 -2.065281e+08 1.166384e+09
3.094460e-02 3.454193e+08 8.932787e+07 -3.908512e+08 -2.091822e+08 1.130451e+09
3.100745e-02 3.395752e+08 8.807342e+07 -3.987040e+08 -2.115853e+08 1.095340e+09
3.107031e-02 3.336666e+08 8.695116e+07 -4.055788e+08 -2.140448e+08 1.060479e+09
3.113311e-02 3.290104e+08 8.615154e+07 -4.145676e+08 -2.175099e+08 1.029031e+09
3.119592e-02 3.231462e+08 8.502034e+07 -4.191040e+08 -2.194780e+08 9.958495e+08
3.125876e-02 3.186282e+08 8.444380e+07 -4.264636e+08 -2.231369e+08 9.668451e+08
3.132160e-02 3.136675e+08 8.387708e+07 -4.310189e+08 -2.263425e+08 9.375876e+08
3.138440e-02 3.088438e+08 8.341680e+07 -4.347015e+08 -2.291426e+08 9.099439e+08
3.144727e-02 3.046965e+08 8.316072e+07 -4.394096e+08 -2.324876e+08 8.848659e+08
3.151008e-02 2.999456e+08 8.303193e+07 -4.407273e+08 -2.353233e+08 8.596980e+08
3.157285e-02 2.963368e+08 8.336358e+07 -4.442522e+08 -2.389741e+08 8.389725e+08
3.163570e-02 2.919318e+08 8.371754e+07 -4.440435e+08 -2.412996e+08 8.175205e+08
3.169852e-02 2.882593e+08 8.445325e+07 -4.446913e+08 -2.442317e+08 7.996237e+08
3.176139e-02 2.846586e+08 8.562294e+07 -4.441336e+08 -2.462323e+08 7.839021e+08
3.182425e-02 2.810690e+08 8.721389e+07 -4.416223e+08 -2.482094e+08 7.705489e+08
3.188706e-02 2.779500e+08 8.950215e+07 -4.398123e+08 -2.489074e+08 7.603858e+08
3.194991e-02 2.745038e+08 9.222538e+07 -4.351283e+08 -2.479303e+08 7.525537e+08
3.201276e-02 2.717618e+08 9.637467e+07 -4.309567e+08 -2.446419e+08 7.493875e+08
3.207553e-02 2.688689e+08 1.016352e+08 -4.247469e+08 -2.389399e+08 7.490489e+08
3.213836e-02 2.657514e+08 1.113308e+08 -4.166433e+08 -2.213475e+08 7.516542e+08
