# k, q0, q1/i, q2, q3/i, q4, norm, alpha = 0.0001269817568386293, 0.020396601297980627
5.385587e-05 2.035765e+06 9.702604e+03 2.082857e+02 -3.116442e+04 2.109080e+06
1.034961e-04 2.034934e+06 1.863738e+04 3.865096e+02 2.080646e+03 -2.096424e+05
1.650345e-04 2.033095e+06 2.968669e+04 8.533083e+02 1.176820e+04 -2.531677e+05
2.219461e-04 2.030691e+06 3.985700e+04 1.736183e+03 -3.688616e+03 9.517908e+04
2.831569e-04 2.027284e+06 5.074046e+04 2.705561e+03 4.720946e+03 -5.257546e+04
3.481074e-04 2.022786e+06 6.220082e+04 4.040761e+03 7.897177e+03 -7.379048e+04
4.078467e-04 2.018024e+06 7.278105e+04 -7.111247e+04 -6.981474e+03 5.595301e+04
4.685721e-04 2.011951e+06 8.303166e+04 5.565255e+04 4.631172e+03 -1.312888e+04
5.344152e-04 2.004828e+06 9.433313e+04 2.204562e+04 5.803173e+03 -2.470418e+04
5.979215e-04 1.997127e+06 1.050556e+05 1.506505e+03 5.231171e+02 4.204598e+03
6.594309e-04 1.988752e+06 1.151732e+05 1.488594e+04 -1.461866e+03 2.158569e+04
7.211547e-04 1.979607e+06 1.252226e+05 1.743012e+04 7.746993e+03 -3.000789e+04
7.842715e-04 1.969542e+06 1.352923e+05 8.611175e+03 3.865273e+03 -8.110953e+03
8.480725e-04 1.958444e+06 1.451564e+05 1.973059e+04 2.343830e+03 5.105114e+03
9.105595e-04 1.946688e+06 1.545181e+05 4.117195e+04 4.641204e+03 4.155652e+03
9.726731e-04 1.934523e+06 1.637497e+05 3.148412e+04 5.644283e+03 -1.869205e+03
1.035373e-03 1.921349e+06 1.727360e+05 3.944490e+04 1.114861e+04 -1.627983e+04
1.098784e-03 1.907403e+06 1.814954e+05 3.923324e+04 5.565535e+03 5.938402e+03
1.161586e-03 1.892860e+06 1.899658e+05 4.133899e+04 1.027745e+04 -8.045746e+03
1.224174e-03 1.877620e+06 1.979678e+05 4.889288e+04 8.050395e+03 6.254258e+03
1.288412e-03 1.861309e+06 2.060122e+05 5.340614e+04 1.582809e+04 -1.534940e+04
1.351080e-03 1.844783e+06 2.132810e+05 5.903336e+04 6.919591e+03 1.918027e+04
1.412291e-03 1.827919e+06 2.203096e+05 6.684437e+04 1.815803e+04 -7.250782e+03
1.475368e-03 1.810178e+06 2.271537e+05 6.580355e+04 1.680070e+04 -5.962283e+03
1.538515e-03 1.791594e+06 2.337122e+05 7.375258e+04 2.655091e+04 -2.445085e+04
1.601338e-03 1.772763e+06 2.394200e+05 7.787821e+04 1.094834e+04 2.523759e+04
1.665074e-03 1.752818e+06 2.451658e+05 8.863961e+04 1.858283e+04 1.115088e+04
1.728027e-03 1.732864e+06 2.508968e+05 8.737867e+04 3.275499e+04 -2.357586e+04
1.789887e-03 1.712426e+06 2.552522e+05 1.033702e+05 2.551514e+04 9.021711e+03
1.852570e-03 1.691702e+06 2.601459e+05 1.005985e+05 3.429418e+04 -1.561326e+04
1.915088e-03 1.670368e+06 2.638931e+05 1.098273e+05 2.708092e+04 1.261350e+04
1.978019e-03 1.648394e+06 2.680685e+05 1.146971e+05 4.285504e+04 -1.967644e+04
2.041684e-03 1.625769e+06 2.710470e+05 1.252835e+05 3.734073e+04 5.343863e+03
2.104726e-03 1.603289e+06 2.742486e+05 1.255276e+05 4.147102e+04 -5.000100e+03
2.167060e-03 1.580340e+06 2.767835e+05 1.346448e+05 4.770298e+04 -7.833190e+03
2.229921e-03 1.557128e+06 2.789408e+05 1.394203e+05 4.884354e+04 -5.914903e+03
2.292794e-03 1.533481e+06 2.808353e+05 1.456559e+05 5.517734e+04 -1.181748e+04
2.355230e-03 1.509781e+06 2.820165e+05 1.529760e+05 5.483923e+04 -3.091825e+03
2.418331e-03 1.485580e+06 2.829795e+05 1.593721e+05 5.787420e+04 -2.226765e+03
2.481215e-03 1.461183e+06 2.837843e+05 1.651708e+05 6.525284e+04 -1.089817e+04
2.543891e-03 1.436835e+06 2.838046e+05 1.711925e+05 6.385068e+04 -1.171549e+03
2.607003e-03 1.411838e+06 2.839321e+05 1.781903e+05 7.410920e+04 -1.316899e+04
2.669740e-03 1.387016e+06 2.835456e+05 1.838151e+05 7.889844e+04 -1.580567e+04
2.732628e-03 1.362203e+06 2.823084e+05 1.899290e+05 7.604082e+04 -3.328857e+03
2.796013e-03 1.336749e+06 2.812810e+05 1.966930e+05 8.437990e+04 -1.158276e+04
2.858795e-03 1.311667e+06 2.798688e+05 2.013894e+05 8.852420e+04 -1.222895e+04
2.920959e-03 1.286846e+06 2.777963e+05 2.071779e+05 8.970403e+04 -9.021309e+03
2.983535e-03 1.261606e+06 2.757835e+05 2.130453e+05 9.641706e+04 -1.337373e+04
3.046449e-03 1.236190e+06 2.733317e+05 2.194688e+05 1.029617e+05 -1.742644e+04
3.109435e-03 1.211033e+06 2.708361e+05 2.223934e+05 1.072965e+05 -2.144149e+04
3.172429e-03 1.186008e+06 2.670145e+05 2.291627e+05 1.036840e+05 -5.154705e+03
3.235378e-03 1.160628e+06 2.637688e+05 2.353310e+05 1.115220e+05 -1.411075e+04
3.298350e-03 1.135537e+06 2.603029e+05 2.392742e+05 1.162084e+05 -1.524045e+04
3.361502e-03 1.110225e+06 2.565783e+05 2.447871e+05 1.241651e+05 -2.324514e+04
3.424034e-03 1.085617e+06 2.523878e+05 2.488557e+05 1.261876e+05 -2.018981e+04
3.486610e-03 1.061155e+06 2.478406e+05 2.531595e+05 1.278057e+05 -1.684994e+04
3.549533e-03 1.036249e+06 2.435397e+05 2.580978e+05 1.362208e+05 -2.530699e+04
3.612035e-03 1.012381e+06 2.379336e+05 2.632959e+05 1.316051e+05 -9.701049e+03
3.674842e-03 9.878349e+05 2.339667e+05 2.649798e+05 1.442571e+05 -2.853793e+04
3.737743e-03 9.640201e+05 2.282538e+05 2.697004e+05 1.432024e+05 -2.005747e+04
3.800817e-03 9.398167e+05 2.235537e+05 2.723092e+05 1.523122e+05 -3.069322e+04
3.863693e-03 9.165973e+05 2.172703e+05 2.768767e+05 1.496253e+05 -1.989170e+04
3.926624e-03 8.930198e+05 2.120466e+05 2.794939e+05 1.561972e+05 -2.572430e+04
3.989691e-03 8.700312e+05 2.060860e+05 2.824139e+05 1.579965e+05 -2.497539e+04
4.052279e-03 8.472785e+05 2.003820e+05 2.847995e+05 1.617018e+05 -2.614294e+04
4.115276e-03 8.244929e+05 1.944988e+05 2.877955e+05 1.669577e+05 -3.016735e+04
4.178091e-03 8.025977e+05 1.882712e+05 2.894052e+05 1.669600e+05 -2.673176e+04
4.240529e-03 7.806394e+05 1.823592e+05 2.915652e+05 1.711892e+05 -2.919543e+04
4.303566e-03 7.590202e+05 1.759993e+05 2.936427e+05 1.732542e+05 -2.904028e+04
4.366473e-03 7.377913e+05 1.697874e+05 2.948985e+05 1.749105e+05 -2.780727e+04
4.429136e-03 7.168569e+05 1.636047e+05 2.960798e+05 1.785004e+05 -3.135525e+04
4.491804e-03 6.959984e+05 1.579625e+05 2.961188e+05 1.830951e+05 -3.646599e+04
4.554524e-03 6.760378e+05 1.507681e+05 2.991420e+05 1.816246e+05 -3.006706e+04
4.617696e-03 6.561237e+05 1.449880e+05 2.974598e+05 1.840215e+05 -3.217482e+04
4.680743e-03 6.363571e+05 1.385576e+05 2.988159e+05 1.857700e+05 -3.239669e+04
4.743600e-03 6.170988e+05 1.324596e+05 2.985154e+05 1.878192e+05 -3.441629e+04
4.806460e-03 5.984691e+05 1.258445e+05 2.991682e+05 1.872508e+05 -3.044135e+04
4.869182e-03 5.800041e+05 1.197727e+05 2.985473e+05 1.890078e+05 -3.280939e+04
4.931803e-03 5.616433e+05 1.141814e+05 2.973204e+05 1.918102e+05 -3.623976e+04
4.994544e-03 5.441377e+05 1.079375e+05 2.966548e+05 1.914330e+05 -3.463018e+04
5.057296e-03 5.267686e+05 1.016548e+05 2.967205e+05 1.915743e+05 -3.327295e+04
5.120127e-03 5.101312e+05 9.592325e+04 2.941578e+05 1.908203e+05 -3.254698e+04
5.183244e-03 4.931098e+05 9.026203e+04 2.930014e+05 1.924426e+05 -3.495065e+04
5.246213e-03 4.769251e+05 8.448506e+04 2.913714e+05 1.920631e+05 -3.420540e+04
5.308940e-03 4.609478e+05 7.917803e+04 2.889744e+05 1.927057e+05 -3.619880e+04
5.371705e-03 4.457270e+05 7.326980e+04 2.876850e+05 1.910607e+05 -3.339875e+04
5.434764e-03 4.305388e+05 6.770713e+04 2.860026e+05 1.901148e+05 -3.171556e+04
5.497589e-03 4.157408e+05 6.319096e+04 2.815167e+05 1.906304e+05 -3.612318e+04
5.560094e-03 4.017386e+05 5.734414e+04 2.805681e+05 1.875882e+05 -3.045573e+04
5.623090e-03 3.874374e+05 5.282656e+04 2.768764e+05 1.883633e+05 -3.387569e+04
5.686167e-03 3.737788e+05 4.787299e+04 2.740392e+05 1.865270e+05 -3.307259e+04
5.748863e-03 3.605595e+05 4.330370e+04 2.705008e+05 1.849058e+05 -3.188877e+04
5.811791e-03 3.479821e+05 3.829050e+04 2.678203e+05 1.822919e+05 -3.017260e+04
5.874636e-03 3.351472e+05 3.412729e+04 2.640862e+05 1.808810e+05 -2.969303e+04
5.937271e-03 3.229452e+05 2.988710e+04 2.604733e+05 1.798919e+05 -3.104952e+04
6.000058e-03 3.113186e+05 2.574443e+04 2.564590e+05 1.766259e+05 -2.868932e+04
6.062729e-03 2.997048e+05 2.187002e+04 2.525543e+05 1.750983e+05 -2.895954e+04
6.125517e-03 2.884203e+05 1.814901e+04 2.483630e+05 1.728566e+05 -2.908036e+04
6.188708e-03 2.777604e+05 1.426349e+04 2.445018e+05 1.691758e+05 -2.514970e+04
6.251555e-03 2.672815e+05 1.070981e+04 2.402461e+05 1.671034e+05 -2.643354e+04
6.314077e-03 2.570594e+05 7.484812e+03 2.357254e+05 1.639215e+05 -2.450416e+04
6.377058e-03 2.470431e+05 4.454317e+03 2.309178e+05 1.615415e+05 -2.452829e+04
6.440009e-03 2.375057e+05 1.254747e+03 2.267011e+05 1.585927e+05 -2.380941e+04
6.502812e-03 2.284425e+05 -1.754027e+03 2.221227e+05 1.544596e+05 -2.051330e+04
6.565726e-03 2.191736e+05 -4.053177e+03 2.166145e+05 1.525588e+05 -2.277610e+04
6.628521e-03 2.106947e+05 -7.072273e+03 2.127186e+05 1.483360e+05 -1.867257e+04
6.691272e-03 2.022364e+05 -9.334290e+03 2.074745e+05 1.454782e+05 -1.957936e+04
6.754176e-03 1.942506e+05 -1.176497e+04 2.027965e+05 1.414899e+05 -1.680804e+04
6.816888e-03 1.863369e+05 -1.379332e+04 1.976284e+05 1.380517e+05 -1.608482e+04
6.879625e-03 1.785720e+05 -1.555227e+04 1.922507e+05 1.352009e+05 -1.639526e+04
6.942449e-03 1.714852e+05 -1.768167e+04 1.876330e+05 1.307815e+05 -1.344209e+04
7.005248e-03 1.644931e+05 -1.941788e+04 1.826021e+05 1.276041e+05 -1.310558e+04
7.068136e-03 1.574834e+05 -2.087271e+04 1.772664e+05 1.237856e+05 -1.189644e+04
7.131053e-03 1.509200e+05 -2.236465e+04 1.721869e+05 1.198972e+05 -1.034050e+04
7.194010e-03 1.445659e+05 -2.368292e+04 1.670425e+05 1.164900e+05 -9.903100e+03
7.256902e-03 1.386071e+05 -2.506380e+04 1.622094e+05 1.121720e+05 -7.084547e+03
7.319748e-03 1.323978e+05 -2.584057e+04 1.565545e+05 1.091094e+05 -7.935639e+03
7.382611e-03 1.269700e+05 -2.707032e+04 1.518581e+05 1.046649e+05 -5.082577e+03
7.445306e-03 1.213950e+05 -2.780424e+04 1.466233e+05 1.014761e+05 -4.926797e+03
7.507906e-03 1.162908e+05 -2.870675e+04 1.418165e+05 9.757549e+04 -3.379564e+03
7.570818e-03 1.109647e+05 -2.911577e+04 1.363889e+05 9.404770e+04 -2.506895e+03
7.633721e-03 1.062176e+05 -2.981707e+04 1.316101e+05 9.033373e+04 -1.709467e+03
7.696586e-03 1.015691e+05 -3.034477e+04 1.267750e+05 8.638156e+04 4.017519e+02
7.759492e-03 9.699759e+04 -3.062842e+04 1.216822e+05 8.295647e+04 6.762175e+02
7.822382e-03 9.273134e+04 -3.102199e+04 1.170248e+05 7.919140e+04 2.484101e+03
7.885469e-03 8.845156e+04 -3.108866e+04 1.119965e+05 7.599883e+04 2.604008e+03
7.948044e-03 8.452020e+04 -3.129262e+04 1.073742e+05 7.226808e+04 4.090852e+03
8.010528e-03 8.059202e+04 -3.123697e+04 1.025785e+05 6.903577e+04 4.986480e+03
8.073516e-03 7.697801e+04 -3.128976e+04 9.808709e+04 6.581605e+04 5.274395e+03
8.136423e-03 7.342414e+04 -3.119309e+04 9.351646e+04 6.234480e+04 6.882983e+03
8.199228e-03 7.009359e+04 -3.113955e+04 8.917528e+04 5.899494e+04 7.803155e+03
8.262023e-03 6.670937e+04 -3.078927e+04 8.455516e+04 5.600061e+04 8.205233e+03
8.324981e-03 6.371876e+04 -3.067460e+04 8.052655e+04 5.295514e+04 9.231944e+03
8.388025e-03 6.065085e+04 -3.023341e+04 7.607087e+04 5.006171e+04 9.372624e+03
8.450798e-03 5.782853e+04 -2.995979e+04 7.204830e+04 4.690901e+04 1.080971e+04
8.513424e-03 5.501925e+04 -2.947559e+04 6.789223e+04 4.426541e+04 1.087673e+04
8.576219e-03 5.248611e+04 -2.911177e+04 6.408867e+04 4.152525e+04 1.172597e+04
8.639099e-03 4.996659e+04 -2.861942e+04 6.021228e+04 3.894282e+04 1.195575e+04
8.701941e-03 4.752285e+04 -2.806758e+04 5.634250e+04 3.624222e+04 1.273071e+04
8.764716e-03 4.523806e+04 -2.753454e+04 5.268351e+04 3.373676e+04 1.334540e+04
8.827545e-03 4.305937e+04 -2.694931e+04 4.916768e+04 3.164616e+04 1.311802e+04
8.890404e-03 4.101858e+04 -2.640630e+04 4.572128e+04 2.914875e+04 1.394742e+04
8.953189e-03 3.897817e+04 -2.573978e+04 4.226867e+04 2.695258e+04 1.420090e+04
9.016039e-03 3.707872e+04 -2.510543e+04 3.901984e+04 2.490156e+04 1.436273e+04
9.078883e-03 3.531569e+04 -2.448528e+04 3.591386e+04 2.298095e+04 1.453612e+04
9.141797e-03 3.356256e+04 -2.380288e+04 3.284582e+04 2.108743e+04 1.451966e+04
9.204714e-03 3.191025e+04 -2.310049e+04 2.975537e+04 1.903944e+04 1.521209e+04
9.267500e-03 3.036118e+04 -2.241325e+04 2.694269e+04 1.742870e+04 1.497726e+04
9.330389e-03 2.890365e+04 -2.175249e+04 2.424344e+04 1.584886e+04 1.497507e+04
9.393353e-03 2.745561e+04 -2.098297e+04 2.149068e+04 1.430426e+04 1.504298e+04
9.456033e-03 2.615521e+04 -2.031723e+04 1.900165e+04 1.283862e+04 1.491060e+04
9.518699e-03 2.485710e+04 -1.957453e+04 1.646127e+04 1.140931e+04 1.511679e+04
9.581480e-03 2.368604e+04 -1.887608e+04 1.421822e+04 1.033797e+04 1.450967e+04
9.644431e-03 2.254029e+04 -1.815381e+04 1.189114e+04 9.034195e+03 1.464155e+04
9.707436e-03 2.146624e+04 -1.744949e+04 9.715323e+03 7.881598e+03 1.453441e+04
9.770160e-03 2.045982e+04 -1.675739e+04 7.687403e+03 6.862103e+03 1.431906e+04
9.832865e-03 1.948942e+04 -1.602296e+04 5.630539e+03 5.860087e+03 1.424364e+04
9.895597e-03 1.861048e+04 -1.536733e+04 3.893391e+03 5.127634e+03 1.366487e+04
9.958595e-03 1.773819e+04 -1.462810e+04 2.004487e+03 4.266662e+03 1.358182e+04
1.002149e-02 1.694712e+04 -1.396155e+04 3.674871e+02 3.578697e+03 1.314016e+04
1.008410e-02 1.619635e+04 -1.327740e+04 -1.248726e+03 2.921654e+03 1.285971e+04
1.014702e-02 1.549784e+04 -1.263055e+04 -2.755767e+03 2.338696e+03 1.257683e+04
1.020999e-02 1.483912e+04 -1.196313e+04 -4.160103e+03 1.843249e+03 1.210641e+04
1.027280e-02 1.423038e+04 -1.131471e+04 -5.523903e+03 1.436232e+03 1.168144e+04
1.033567e-02 1.364018e+04 -1.068505e+04 -6.791384e+03 8.860093e+02 1.157945e+04
1.039854e-02 1.310870e+04 -1.004688e+04 -7.944453e+03 6.746011e+02 1.096866e+04
1.046130e-02 1.261872e+04 -9.452499e+03 -9.032788e+03 4.100211e+02 1.054424e+04
1.052408e-02 1.215592e+04 -8.838837e+03 -1.003072e+04 2.327205e+02 1.001711e+04
1.058689e-02 1.172385e+04 -8.248800e+03 -1.101840e+04 -4.011413e+01 9.818573e+03
1.064973e-02 1.132589e+04 -7.684033e+03 -1.184449e+04 -1.454744e+02 9.335593e+03
1.071266e-02 1.097692e+04 -7.136164e+03 -1.265019e+04 -1.389363e+02 8.772418e+03
1.077552e-02 1.063618e+04 -6.570130e+03 -1.338575e+04 -2.312174e+02 8.436067e+03
1.083829e-02 1.032554e+04 -6.046219e+03 -1.405049e+04 -2.783641e+02 8.132273e+03
1.090115e-02 1.005147e+04 -5.533094e+03 -1.467037e+04 -2.436467e+02 7.740667e+03
1.096400e-02 9.799884e+03 -5.022887e+03 -1.513713e+04 -4.433019e+01 7.071134e+03
1.102688e-02 9.572047e+03 -4.532100e+03 -1.564391e+04 8.202859e+00 6.793726e+03
1.108967e-02 9.355553e+03 -4.050690e+03 -1.604224e+04 1.154244e+02 6.441746e+03
1.115232e-02 9.172932e+03 -3.592012e+03 -1.637924e+04 3.182434e+02 5.984545e+03
1.121507e-02 9.024250e+03 -3.140433e+03 -1.671890e+04 5.348558e+02 5.592475e+03
1.127797e-02 8.860512e+03 -2.716595e+03 -1.692959e+04 7.092614e+02 5.309703e+03
1.134099e-02 8.750748e+03 -2.283146e+03 -1.716575e+04 9.868559e+02 4.907946e+03
1.140372e-02 8.612789e+03 -1.885348e+03 -1.727774e+04 1.161754e+03 4.680017e+03
1.146650e-02 8.542661e+03 -1.489620e+03 -1.740081e+04 1.531265e+03 4.225036e+03
1.152952e-02 8.452345e+03 -1.112146e+03 -1.746079e+04 1.773101e+03 4.025408e+03
1.159236e-02 8.379151e+03 -7.453279e+02 -1.746883e+04 2.054112e+03 3.761751e+03
1.165521e-02 8.338643e+03 -3.915633e+02 -1.748542e+04 2.368050e+03 3.525695e+03
1.171802e-02 8.277601e+03 -6.323021e+01 -1.734095e+04 2.751511e+03 3.143010e+03
1.178091e-02 8.262963e+03 2.751584e+02 -1.732219e+04 3.012721e+03 3.082654e+03
1.184377e-02 8.228479e+03 5.712002e+02 -1.715923e+04 3.353231e+03 2.872462e+03
1.190645e-02 8.222609e+03 8.855077e+02 -1.700379e+04 3.700612e+03 2.658735e+03
1.196918e-02 8.218938e+03 1.164631e+03 -1.681254e+04 4.044553e+03 2.519759e+03
1.203205e-02 8.207108e+03 1.431728e+03 -1.654157e+04 4.393918e+03 2.354777e+03
1.209494e-02 8.233635e+03 1.699656e+03 -1.635850e+04 4.717523e+03 2.318020e+03
1.215771e-02 8.232418e+03 1.936573e+03 -1.601995e+04 5.090254e+03 2.145725e+03
1.222054e-02 8.255603e+03 2.181482e+03 -1.577267e+04 5.354606e+03 2.238966e+03
1.228344e-02 8.286135e+03 2.398454e+03 -1.543491e+04 5.742265e+03 2.114158e+03
1.234640e-02 8.312123e+03 2.615766e+03 -1.508258e+04 6.069442e+03 2.084011e+03
1.240915e-02 8.354158e+03 2.817926e+03 -1.476347e+04 6.389011e+03 2.142869e+03
1.247184e-02 8.355304e+03 2.986484e+03 -1.433125e+04 6.637590e+03 2.218252e+03
1.253470e-02 8.424075e+03 3.185780e+03 -1.396992e+04 7.036154e+03 2.187980e+03
1.259754e-02 8.448466e+03 3.338853e+03 -1.354862e+04 7.309775e+03 2.282803e+03
1.266036e-02 8.481707e+03 3.488440e+03 -1.312559e+04 7.573053e+03 2.414073e+03
1.272320e-02 8.525076e+03 3.645588e+03 -1.270781e+04 7.841169e+03 2.542057e+03
1.278608e-02 8.564609e+03 3.765819e+03 -1.223670e+04 8.167145e+03 2.612298e+03
1.284892e-02 8.611921e+03 3.895140e+03 -1.181346e+04 8.418781e+03 2.808768e+03
1.291183e-02 8.638479e+03 4.000972e+03 -1.134264e+04 8.632355e+03 3.019419e+03
1.297477e-02 8.672869e+03 4.103736e+03 -1.085747e+04 8.878019e+03 3.186124e+03
1.303751e-02 8.718087e+03 4.201862e+03 -1.041265e+04 9.094354e+03 3.429554e+03
1.310022e-02 8.747477e+03 4.268282e+03 -9.898449e+03 9.360658e+03 3.571208e+03
1.316309e-02 8.787043e+03 4.362117e+03 -9.449533e+03 9.531424e+03 3.846695e+03
1.322594e-02 8.797492e+03 4.398664e+03 -8.936438e+03 9.689497e+03 4.147563e+03
1.328870e-02 8.847669e+03 4.474530e+03 -8.476120e+03 9.901718e+03 4.394519e+03
1.335152e-02 8.864896e+03 4.508482e+03 -7.986281e+03 1.005273e+04 4.693129e+03
1.341448e-02 8.883595e+03 4.540664e+03 -7.504982e+03 1.019385e+04 4.980913e+03
1.347734e-02 8.906143e+03 4.582719e+03 -7.019945e+03 1.032804e+04 5.291537e+03
1.354004e-02 8.912277e+03 4.582900e+03 -6.516870e+03 1.043420e+04 5.639013e+03
1.360289e-02 8.939104e+03 4.610101e+03 -6.035498e+03 1.060880e+04 5.861305e+03
1.366571e-02 8.936559e+03 4.597046e+03 -5.573758e+03 1.065407e+04 6.271025e+03
1.372857e-02 8.945716e+03 4.603145e+03 -5.087322e+03 1.076145e+04 6.562240e+03
1.379141e-02 8.954430e+03 4.595458e+03 -4.632935e+03 1.081800e+04 6.972518e+03
1.385412e-02 8.937223e+03 4.561009e+03 -4.171231e+03 1.085343e+04 7.311618e+03
1.391702e-02 8.946493e+03 4.551370e+03 -3.717911e+03 1.094641e+04 7.612685e+03
1.397990e-02 8.932261e+03 4.507279e+03 -3.248672e+03 1.096068e+04 8.017202e+03
1.404272e-02 8.915854e+03 4.468965e+03 -2.824747e+03 1.095970e+04 8.388160e+03
1.410560e-02 8.899405e+03 4.425566e+03 -2.369576e+03 1.098836e+04 8.730624e+03
1.416843e-02 8.879404e+03 4.373873e+03 -1.954537e+03 1.099728e+04 9.061816e+03
1.423121e-02 8.862556e+03 4.322333e+03 -1.547916e+03 1.098410e+04 9.438053e+03
1.429401e-02 8.815357e+03 4.245108e+03 -1.131248e+03 1.090879e+04 9.836650e+03
1.435689e-02 8.799022e+03 4.192203e+03 -7.309590e+02 1.091442e+04 1.016533e+04
1.441980e-02 8.755411e+03 4.107216e+03 -3.498337e+02 1.085044e+04 1.051701e+04
1.448261e-02 8.728204e+03 4.038458e+03 4.431154e+01 1.082112e+04 1.087011e+04
1.454538e-02 8.676709e+03 3.959102e+03 4.166793e+02 1.074135e+04 1.121123e+04
1.460822e-02 8.624815e+03 3.862946e+03 7.539193e+02 1.062423e+04 1.159273e+04
1.467115e-02 8.582436e+03 3.781990e+03 1.099037e+03 1.057423e+04 1.187322e+04
1.473401e-02 8.527330e+03 3.678299e+03 1.446519e+03 1.046887e+04 1.222624e+04
1.479676e-02 8.478960e+03 3.590915e+03 1.776766e+03 1.036784e+04 1.257228e+04
1.485961e-02 8.407980e+03 3.486524e+03 2.069271e+03 1.023142e+04 1.286060e+04
1.492239e-02 8.354747e+03 3.383217e+03 2.376647e+03 1.012362e+04 1.318271e+04
1.498506e-02 8.286739e+03 3.285149e+03 2.661377e+03 9.997223e+03 1.344836e+04
1.504789e-02 8.212555e+03 3.161590e+03 2.932583e+03 9.845754e+03 1.374559e+04
1.511078e-02 8.140095e+03 3.063311e+03 3.204461e+03 9.691256e+03 1.403141e+04
1.517364e-02 8.079433e+03 2.947172e+03 3.462806e+03 9.556538e+03 1.431607e+04
1.523654e-02 8.001283e+03 2.834843e+03 3.672210e+03 9.389772e+03 1.454969e+04
1.529942e-02 7.924869e+03 2.725294e+03 3.913736e+03 9.223916e+03 1.481634e+04
1.536235e-02 7.834966e+03 2.598384e+03 4.122404e+03 9.026618e+03 1.505744e+04
1.542517e-02 7.760669e+03 2.490678e+03 4.320312e+03 8.858743e+03 1.527637e+04
1.548789e-02 7.680701e+03 2.367527e+03 4.500700e+03 8.683067e+03 1.549206e+04
1.555076e-02 7.588244e+03 2.251214e+03 4.694172e+03 8.491577e+03 1.568293e+04
1.561359e-02 7.504970e+03 2.133661e+03 4.846959e+03 8.291058e+03 1.588467e+04
1.567632e-02 7.405473e+03 2.008972e+03 4.999453e+03 8.078698e+03 1.605874e+04
1.573917e-02 7.328159e+03 1.902919e+03 5.135611e+03 7.906852e+03 1.619759e+04
1.580208e-02 7.223100e+03 1.772276e+03 5.254014e+03 7.676072e+03 1.635683e+04
1.586491e-02 7.139838e+03 1.662739e+03 5.371100e+03 7.461851e+03 1.651821e+04
1.592764e-02 7.046404e+03 1.545088e+03 5.470947e+03 7.246831e+03 1.665748e+04
1.599049e-02 6.946429e+03 1.429028e+03 5.559393e+03 7.043165e+03 1.672913e+04
1.605344e-02 6.863879e+03 1.320894e+03 5.639316e+03 6.817127e+03 1.687701e+04
1.611624e-02 6.748769e+03 1.195474e+03 5.706243e+03 6.580624e+03 1.694829e+04
1.617906e-02 6.662721e+03 1.093519e+03 5.756576e+03 6.359020e+03 1.703939e+04
1.624189e-02 6.561322e+03 9.807976e+02 5.801104e+03 6.144431e+03 1.707732e+04
1.630468e-02 6.462187e+03 8.727728e+02 5.834779e+03 5.914974e+03 1.712724e+04
1.636757e-02 6.367070e+03 7.670715e+02 5.864567e+03 5.677185e+03 1.719424e+04
1.643038e-02 6.268183e+03 6.620450e+02 5.859752e+03 5.444586e+03 1.721936e+04
1.649314e-02 6.166543e+03 5.643759e+02 5.873396e+03 5.221450e+03 1.722012e+04
1.655599e-02 6.063308e+03 4.576385e+02 5.855485e+03 4.984172e+03 1.722014e+04
1.661885e-02 5.970264e+03 3.630894e+02 5.852457e+03 4.757234e+03 1.722644e+04
1.668174e-02 5.867569e+03 2.694868e+02 5.813436e+03 4.517298e+03 1.720623e+04
1.674456e-02 5.771823e+03 1.787148e+02 5.777972e+03 4.299760e+03 1.717437e+04
1.680728e-02 5.677284e+03 9.059189e+01 5.733330e+03 4.060510e+03 1.713553e+04
1.687017e-02 5.574317e+03 -1.068259e+00 5.686302e+03 3.838284e+03 1.708698e+04
1.693315e-02 5.476066e+03 -8.031461e+01 5.614958e+03 3.605782e+03 1.701349e+04
1.699589e-02 5.376896e+03 -1.643544e+02 5.542463e+03 3.371154e+03 1.695442e+04
1.705867e-02 5.280583e+03 -2.427028e+02 5.472517e+03 3.156564e+03 1.685647e+04
1.712163e-02 5.191513e+03 -3.139460e+02 5.395219e+03 2.937474e+03 1.678119e+04
1.718447e-02 5.087223e+03 -3.873763e+02 5.287873e+03 2.713358e+03 1.666129e+04
1.724726e-02 4.995557e+03 -4.550391e+02 5.189508e+03 2.489886e+03 1.655622e+04
1.731003e-02 4.900226e+03 -5.238875e+02 5.093804e+03 2.281424e+03 1.643740e+04
1.737292e-02 4.806877e+03 -5.836634e+02 4.978030e+03 2.067657e+03 1.629981e+04
1.743574e-02 4.720644e+03 -6.408858e+02 4.862854e+03 1.862365e+03 1.617723e+04
1.749847e-02 4.621455e+03 -7.008907e+02 4.743124e+03 1.648605e+03 1.603014e+04
1.756133e-02 4.532282e+03 -7.527061e+02 4.618637e+03 1.451628e+03 1.586220e+04
1.762415e-02 4.442887e+03 -8.006227e+02 4.476156e+03 1.255125e+03 1.570096e+04
1.768698e-02 4.353636e+03 -8.495680e+02 4.356734e+03 1.059708e+03 1.554063e+04
1.774982e-02 4.265538e+03 -8.920208e+02 4.206204e+03 8.678740e+02 1.536135e+04
1.781268e-02 4.178649e+03 -9.329986e+02 4.063058e+03 6.786572e+02 1.518327e+04
1.787557e-02 4.097580e+03 -9.666284e+02 3.917094e+03 5.007413e+02 1.498998e+04
1.793843e-02 4.009530e+03 -1.005585e+03 3.770042e+03 3.215483e+02 1.480610e+04
1.800122e-02 3.927716e+03 -1.034788e+03 3.618408e+03 1.474312e+02 1.460215e+04
1.806400e-02 3.839370e+03 -1.063705e+03 3.460762e+03 -1.779586e+01 1.438304e+04
1.812677e-02 3.763165e+03 -1.085986e+03 3.300198e+03 -1.794705e+02 1.417479e+04
1.818960e-02 3.684413e+03 -1.110578e+03 3.147505e+03 -3.406518e+02 1.396687e+04
1.825247e-02 3.604864e+03 -1.131753e+03 2.987740e+03 -4.946180e+02 1.375357e+04
1.831530e-02 3.527256e+03 -1.143709e+03 2.825590e+03 -6.385187e+02 1.351575e+04
1.837813e-02 3.451001e+03 -1.160095e+03 2.654036e+03 -7.823112e+02 1.329300e+04
1.844103e-02 3.379355e+03 -1.172697e+03 2.504153e+03 -9.239399e+02 1.307707e+04
1.850388e-02 3.301906e+03 -1.180437e+03 2.335259e+03 -1.051493e+03 1.282561e+04
1.856668e-02 3.226706e+03 -1.183741e+03 2.167726e+03 -1.171575e+03 1.257309e+04
1.862952e-02 3.162884e+03 -1.190138e+03 2.011497e+03 -1.304403e+03 1.236099e+04
1.869235e-02 3.088273e+03 -1.192233e+03 1.845739e+03 -1.410325e+03 1.210900e+04
1.875521e-02 3.019960e+03 -1.188454e+03 1.683591e+03 -1.523076e+03 1.185369e+04
1.881803e-02 2.952857e+03 -1.184160e+03 1.516817e+03 -1.621774e+03 1.160547e+04
1.888083e-02 2.886208e+03 -1.179926e+03 1.364117e+03 -1.719362e+03 1.136164e+04
1.894358e-02 2.825852e+03 -1.174170e+03 1.206506e+03 -1.819685e+03 1.112712e+04
1.900645e-02 2.758337e+03 -1.162453e+03 1.044876e+03 -1.898715e+03 1.085963e+04
1.906935e-02 2.697617e+03 -1.149589e+03 8.937696e+02 -1.981641e+03 1.061070e+04
1.913210e-02 2.635259e+03 -1.137855e+03 7.385776e+02 -2.052528e+03 1.035727e+04
1.919494e-02 2.579897e+03 -1.123525e+03 5.893251e+02 -2.129684e+03 1.011894e+04
1.925782e-02 2.518508e+03 -1.102134e+03 4.357401e+02 -2.184453e+03 9.847923e+03
1.932068e-02 2.460711e+03 -1.085869e+03 2.935373e+02 -2.243084e+03 9.599255e+03
1.938348e-02 2.408913e+03 -1.066361e+03 1.531132e+02 -2.303715e+03 9.361974e+03
1.944625e-02 2.351357e+03 -1.044199e+03 1.018227e+01 -2.343337e+03 9.100085e+03
1.950911e-02 2.299902e+03 -1.019875e+03 -1.260783e+02 -2.387135e+03 8.852908e+03
1.957198e-02 2.246980e+03 -9.962458e+02 -2.600394e+02 -2.422181e+03 8.605562e+03
1.963482e-02 2.197416e+03 -9.700922e+02 -3.922065e+02 -2.450014e+03 8.356966e+03
1.969763e-02 2.148312e+03 -9.443349e+02 -5.165154e+02 -2.481888e+03 8.117253e+03
1.976054e-02 2.098581e+03 -9.142596e+02 -6.436040e+02 -2.495860e+03 7.865915e+03
1.982343e-02 2.054587e+03 -8.851022e+02 -7.636881e+02 -2.514769e+03 7.629133e+03
1.988621e-02 2.007361e+03 -8.584889e+02 -8.752664e+02 -2.526027e+03 7.397808e+03
1.994903e-02 1.963035e+03 -8.248657e+02 -9.901729e+02 -2.528509e+03 7.154313e+03
2.001187e-02 1.920152e+03 -7.936671e+02 -1.097482e+03 -2.531733e+03 6.921743e+03
2.007464e-02 1.877708e+03 -7.626570e+02 -1.202646e+03 -2.526140e+03 6.693806e+03
2.013740e-02 1.838274e+03 -7.289064e+02 -1.301604e+03 -2.520487e+03 6.467143e+03
2.020021e-02 1.796971e+03 -6.962422e+02 -1.397470e+03 -2.505545e+03 6.244700e+03
2.026315e-02 1.759192e+03 -6.618535e+02 -1.489766e+03 -2.490936e+03 6.021828e+03
2.032605e-02 1.721738e+03 -6.278969e+02 -1.576027e+03 -2.469817e+03 5.807032e+03
2.038878e-02 1.687127e+03 -5.922285e+02 -1.662673e+03 -2.443633e+03 5.597866e+03
2.045158e-02 1.651324e+03 -5.565954e+02 -1.738649e+03 -2.417349e+03 5.386647e+03
2.051448e-02 1.616799e+03 -5.233753e+02 -1.815810e+03 -2.384375e+03 5.184581e+03
2.057734e-02 1.585990e+03 -4.862903e+02 -1.885365e+03 -2.350938e+03 4.985490e+03
2.064018e-02 1.552921e+03 -4.522882e+02 -1.951525e+03 -2.312177e+03 4.792531e+03
2.070304e-02 1.521212e+03 -4.156286e+02 -2.011122e+03 -2.267020e+03 4.594472e+03
2.076595e-02 1.493021e+03 -3.801770e+02 -2.069838e+03 -2.224703e+03 4.412462e+03
2.082869e-02 1.464324e+03 -3.452117e+02 -2.124158e+03 -2.175947e+03 4.233190e+03
2.089140e-02 1.437199e+03 -3.088451e+02 -2.172969e+03 -2.127805e+03 4.055521e+03
2.095430e-02 1.409753e+03 -2.740538e+02 -2.216296e+03 -2.071603e+03 3.884176e+03
2.101710e-02 1.384993e+03 -2.388932e+02 -2.256759e+03 -2.018808e+03 3.718771e+03
2.107990e-02 1.360405e+03 -2.041132e+02 -2.294281e+03 -1.960747e+03 3.556458e+03
2.114275e-02 1.336102e+03 -1.702467e+02 -2.325048e+03 -1.900821e+03 3.403612e+03
2.120557e-02 1.314779e+03 -1.330970e+02 -2.354412e+03 -1.839223e+03 3.250039e+03
2.126842e-02 1.291799e+03 -1.027205e+02 -2.376834e+03 -1.774109e+03 3.107670e+03
2.133126e-02 1.272459e+03 -6.719289e+01 -2.400286e+03 -1.714233e+03 2.969033e+03
2.139415e-02 1.251647e+03 -3.468456e+01 -2.415092e+03 -1.646409e+03 2.836083e+03
2.145701e-02 1.232755e+03 -1.644318e+00 -2.426584e+03 -1.576551e+03 2.705107e+03
2.151977e-02 1.214651e+03 2.995411e+01 -2.436589e+03 -1.510927e+03 2.582584e+03
2.158262e-02 1.197691e+03 6.128278e+01 -2.441826e+03 -1.439420e+03 2.468204e+03
2.164549e-02 1.181514e+03 9.359476e+01 -2.445033e+03 -1.371949e+03 2.356031e+03
2.170835e-02 1.163979e+03 1.220380e+02 -2.439073e+03 -1.296788e+03 2.246825e+03
2.177117e-02 1.150519e+03 1.529479e+02 -2.435577e+03 -1.226974e+03 2.147957e+03
2.183391e-02 1.135630e+03 1.818102e+02 -2.427300e+03 -1.156377e+03 2.054040e+03
2.189674e-02 1.122075e+03 2.094360e+02 -2.415108e+03 -1.082526e+03 1.964788e+03
2.195964e-02 1.109384e+03 2.387725e+02 -2.399311e+03 -1.011715e+03 1.880313e+03
2.202248e-02 1.097291e+03 2.635005e+02 -2.380935e+03 -9.361370e+02 1.802638e+03
2.208526e-02 1.085811e+03 2.912088e+02 -2.361479e+03 -8.677209e+02 1.730017e+03
2.214806e-02 1.074815e+03 3.156187e+02 -2.337136e+03 -7.951566e+02 1.663010e+03
2.221095e-02 1.065397e+03 3.413533e+02 -2.310730e+03 -7.224362e+02 1.601801e+03
2.227376e-02 1.054601e+03 3.650734e+02 -2.279183e+03 -6.514591e+02 1.541628e+03
2.233660e-02 1.047453e+03 3.874596e+02 -2.251250e+03 -5.819935e+02 1.497610e+03
2.239951e-02 1.037874e+03 4.110142e+02 -2.214909e+03 -5.132617e+02 1.447818e+03
2.246232e-02 1.030158e+03 4.315192e+02 -2.178274e+03 -4.418971e+02 1.405952e+03
2.252510e-02 1.022417e+03 4.517001e+02 -2.139016e+03 -3.749547e+02 1.370199e+03
2.258787e-02 1.015333e+03 4.719301e+02 -2.097982e+03 -3.077420e+02 1.338581e+03
2.265070e-02 1.009314e+03 4.899330e+02 -2.055412e+03 -2.415412e+02 1.313855e+03
2.271352e-02 1.003411e+03 5.097756e+02 -2.010786e+03 -1.781722e+02 1.291287e+03
2.277642e-02 9.983835e+02 5.247164e+02 -1.964249e+03 -1.142279e+02 1.278090e+03
2.283929e-02 9.929548e+02 5.426245e+02 -1.916169e+03 -5.225589e+01 1.263075e+03
2.290206e-02 9.879410e+02 5.577685e+02 -1.864820e+03 9.324080e+00 1.254452e+03
2.296496e-02 9.839741e+02 5.714543e+02 -1.814855e+03 6.769688e+01 1.252307e+03
2.302777e-02 9.795709e+02 5.866259e+02 -1.760976e+03 1.245049e+02 1.251653e+03
2.309054e-02 9.764219e+02 5.974052e+02 -1.707999e+03 1.825092e+02 1.257394e+03
2.315342e-02 9.729706e+02 6.110211e+02 -1.651997e+03 2.359426e+02 1.264138e+03
2.321632e-02 9.697792e+02 6.204551e+02 -1.595536e+03 2.882794e+02 1.278590e+03
2.327917e-02 9.672837e+02 6.315751e+02 -1.539266e+03 3.388301e+02 1.294459e+03
2.334191e-02 9.640270e+02 6.408563e+02 -1.479191e+03 3.885986e+02 1.310844e+03
2.340472e-02 9.624501e+02 6.483353e+02 -1.421237e+03 4.363777e+02 1.335410e+03
2.346760e-02 9.598105e+02 6.573550e+02 -1.361124e+03 4.803609e+02 1.360776e+03
2.353050e-02 9.586189e+02 6.621167e+02 -1.302770e+03 5.227593e+02 1.391856e+03
2.359332e-02 9.568914e+02 6.696066e+02 -1.240591e+03 5.675291e+02 1.420176e+03
2.365605e-02 9.545267e+02 6.739897e+02 -1.178507e+03 6.064995e+02 1.453106e+03
2.371890e-02 9.537402e+02 6.777421e+02 -1.118249e+03 6.442711e+02 1.491885e+03
2.378176e-02 9.524610e+02 6.825685e+02 -1.057784e+03 6.760961e+02 1.533784e+03
2.384456e-02 9.516451e+02 6.833365e+02 -9.947087e+02 7.142561e+02 1.572266e+03
2.390740e-02 9.500165e+02 6.860781e+02 -9.331927e+02 7.441372e+02 1.615838e+03
2.397018e-02 9.495883e+02 6.863235e+02 -8.727114e+02 7.708112e+02 1.664958e+03
2.403299e-02 9.484365e+02 6.870582e+02 -8.103503e+02 8.016478e+02 1.708990e+03
2.409587e-02 9.476553e+02 6.876694e+02 -7.477901e+02 8.273335e+02 1.758803e+03
2.415877e-02 9.466923e+02 6.842609e+02 -6.875921e+02 8.520276e+02 1.806286e+03
2.422167e-02 9.456611e+02 6.836658e+02 -6.271165e+02 8.711795e+02 1.859909e+03
2.428445e-02 9.461952e+02 6.808026e+02 -5.671042e+02 8.911784e+02 1.916701e+03
2.434721e-02 9.441018e+02 6.766730e+02 -5.078664e+02 9.081202e+02 1.965432e+03
2.441004e-02 9.437584e+02 6.735151e+02 -4.466046e+02 9.255770e+02 2.021793e+03
2.447292e-02 9.431101e+02 6.679802e+02 -3.898147e+02 9.398867e+02 2.076552e+03
2.453573e-02 9.420643e+02 6.639105e+02 -3.309200e+02 9.494631e+02 2.134014e+03
2.459853e-02 9.414964e+02 6.563594e+02 -2.756655e+02 9.611746e+02 2.188121e+03
2.466143e-02 9.398754e+02 6.503322e+02 -2.174674e+02 9.687163e+02 2.245395e+03
2.472428e-02 9.393995e+02 6.432433e+02 -1.626271e+02 9.754108e+02 2.301967e+03
2.478701e-02 9.387036e+02 6.355911e+02 -1.099727e+02 9.786661e+02 2.360177e+03
2.484983e-02 9.366089e+02 6.278236e+02 -5.284484e+01 9.837280e+02 2.414499e+03
2.491274e-02 9.357819e+02 6.173947e+02 -4.046238e+00 9.831876e+02 2.471426e+03
2.497552e-02 9.342883e+02 6.091573e+02 4.852467e+01 9.824963e+02 2.526614e+03
2.503835e-02 9.333445e+02 5.995987e+02 9.829253e+01 9.812973e+02 2.583975e+03
2.510120e-02 9.313799e+02 5.888176e+02 1.471122e+02 9.763302e+02 2.637102e+03
2.516403e-02 9.294832e+02 5.784479e+02 1.966001e+02 9.714915e+02 2.691690e+03
2.522691e-02 9.277506e+02 5.665574e+02 2.407663e+02 9.651546e+02 2.742814e+03
2.528974e-02 9.258931e+02 5.563238e+02 2.890462e+02 9.572587e+02 2.797097e+03
2.535254e-02 9.238865e+02 5.431295e+02 3.277911e+02 9.444282e+02 2.847512e+03
2.541543e-02 9.214528e+02 5.315146e+02 3.742779e+02 9.359561e+02 2.896860e+03
2.547829e-02 9.187537e+02 5.185727e+02 4.148080e+02 9.218409e+02 2.945819e+03
2.554104e-02 9.168604e+02 5.057557e+02 4.528079e+02 9.094217e+02 2.992441e+03
2.560379e-02 9.130960e+02 4.927914e+02 4.933633e+02 8.923840e+02 3.038591e+03
2.566670e-02 9.112889e+02 4.789397e+02 5.283779e+02 8.791207e+02 3.082301e+03
2.572959e-02 9.075197e+02 4.653394e+02 5.636335e+02 8.589518e+02 3.124833e+03
2.579238e-02 9.046031e+02 4.513633e+02 5.984136e+02 8.422786e+02 3.166194e+03
2.585524e-02 9.012199e+02 4.371602e+02 6.288154e+02 8.214311e+02 3.205058e+03
2.591809e-02 8.972384e+02 4.226267e+02 6.606766e+02 8.000292e+02 3.242444e+03
2.598089e-02 8.946511e+02 4.085150e+02 6.894603e+02 7.812032e+02 3.279734e+03
2.604363e-02 8.897462e+02 3.936459e+02 7.186626e+02 7.578664e+02 3.311949e+03
2.610648e-02 8.859557e+02 3.787412e+02 7.428838e+02 7.351014e+02 3.342431e+03
2.616936e-02 8.814532e+02 3.640007e+02 7.652251e+02 7.088041e+02 3.372286e+03
2.623211e-02 8.776548e+02 3.491895e+02 7.932753e+02 6.865347e+02 3.403875e+03
2.629494e-02 8.721647e+02 3.336439e+02 8.087616e+02 6.597571e+02 3.422831e+03
2.635781e-02 8.678982e+02 3.189487e+02 8.334101e+02 6.341066e+02 3.451828e+03
2.642065e-02 8.631309e+02 3.037192e+02 8.486218e+02 6.084000e+02 3.470484e+03
2.648348e-02 8.579841e+02 2.888584e+02 8.660906e+02 5.800135e+02 3.491884e+03
2.654638e-02 8.521995e+02 2.731631e+02 8.804567e+02 5.526251e+02 3.505371e+03
2.660925e-02 8.469138e+02 2.587072e+02 8.922303e+02 5.243294e+02 3.520734e+03
2.667201e-02 8.418008e+02 2.434604e+02 9.089780e+02 4.962024e+02 3.538200e+03
2.673488e-02 8.360271e+02 2.285947e+02 9.150161e+02 4.683866e+02 3.544593e+03
2.679776e-02 8.295777e+02 2.137589e+02 9.253651e+02 4.380684e+02 3.553328e+03
2.686060e-02 8.234000e+02 1.988937e+02 9.313617e+02 4.093063e+02 3.557374e+03
2.692343e-02 8.178442e+02 1.843960e+02 9.389518e+02 3.801580e+02 3.565112e+03
2.698622e-02 8.108755e+02 1.697791e+02 9.425382e+02 3.489632e+02 3.565239e+03
2.704897e-02 8.044755e+02 1.555631e+02 9.443216e+02 3.211233e+02 3.562564e+03
2.711177e-02 7.976252e+02 1.412456e+02 9.478085e+02 2.900859e+02 3.562161e+03
2.717462e-02 7.910880e+02 1.275660e+02 9.453177e+02 2.612487e+02 3.555287e+03
2.723749e-02 7.840341e+02 1.136265e+02 9.466351e+02 2.311760e+02 3.550599e+03
2.730042e-02 7.767912e+02 9.998860e+01 9.434913e+02 2.017146e+02 3.540085e+03
2.736320e-02 7.697132e+02 8.670203e+01 9.372936e+02 1.719899e+02 3.528710e+03
2.742592e-02 7.622569e+02 7.338248e+01 9.352887e+02 1.416398e+02 3.518194e+03
2.748882e-02 7.549814e+02 6.085215e+01 9.249318e+02 1.135578e+02 3.499101e+03
2.755167e-02 7.471429e+02 4.800992e+01 9.198655e+02 8.396764e+01 3.484374e+03
2.761450e-02 7.395560e+02 3.570284e+01 9.101594e+02 5.588856e+01 3.464050e+03
2.767735e-02 7.318385e+02 2.378119e+01 9.000848e+02 2.760224e+01 3.443370e+03
2.774019e-02 7.236091e+02 1.174233e+01 8.894991e+02 -1.525225e+00 3.420510e+03
2.780301e-02 7.160188e+02 4.398302e-01 8.755458e+02 -2.833035e+01 3.394706e+03
2.786580e-02 7.074418e+02 -1.075203e+01 8.638773e+02 -5.600679e+01 3.369323e+03
2.792859e-02 6.999106e+02 -2.150741e+01 8.475749e+02 -8.279973e+01 3.340541e+03
2.799145e-02 6.912123e+02 -3.215285e+01 8.338744e+02 -1.091889e+02 3.310841e+03
2.805434e-02 6.830536e+02 -4.231740e+01 8.172089e+02 -1.352190e+02 3.280026e+03
2.811718e-02 6.745293e+02 -5.197609e+01 7.985972e+02 -1.605361e+02 3.244770e+03
2.817992e-02 6.661690e+02 -6.181695e+01 7.830423e+02 -1.857133e+02 3.212789e+03
2.824273e-02 6.576816e+02 -7.037970e+01 7.607941e+02 -2.094534e+02 3.172644e+03
2.830566e-02 6.491283e+02 -7.976472e+01 7.446614e+02 -2.333163e+02 3.138488e+03
2.836851e-02 6.406339e+02 -8.779358e+01 7.222596e+02 -2.566125e+02 3.098786e+03
2.843134e-02 6.316297e+02 -9.563901e+01 7.000856e+02 -2.790383e+02 3.055745e+03
2.849418e-02 6.232784e+02 -1.039775e+02 6.817281e+02 -3.010423e+02 3.018394e+03
2.855700e-02 6.144863e+02 -1.104669e+02 6.553839e+02 -3.220728e+02 2.971669e+03
2.861981e-02 6.058799e+02 -1.180023e+02 6.362564e+02 -3.426165e+02 2.931173e+03
2.868265e-02 5.969410e+02 -1.238324e+02 6.094377e+02 -3.624221e+02 2.882332e+03
2.874550e-02 5.885046e+02 -1.304704e+02 5.876943e+02 -3.816161e+02 2.839238e+03
2.880834e-02 5.794846e+02 -1.362309e+02 5.641555e+02 -3.997910e+02 2.791708e+03
2.887116e-02 5.709332e+02 -1.411055e+02 5.372369e+02 -4.173508e+02 2.741910e+03
2.893395e-02 5.619985e+02 -1.463930e+02 5.141730e+02 -4.347409e+02 2.695093e+03
2.899675e-02 5.536698e+02 -1.506177e+02 4.865392e+02 -4.510722e+02 2.643853e+03
2.905957e-02 5.448034e+02 -1.551437e+02 4.636063e+02 -4.660302e+02 2.595354e+03
2.912242e-02 5.359697e+02 -1.586483e+02 4.373676e+02 -4.804579e+02 2.542639e+03
2.918528e-02 5.277222e+02 -1.620088e+02 4.102614e+02 -4.953467e+02 2.492185e+03
2.924811e-02 5.185755e+02 -1.651499e+02 3.862306e+02 -5.082144e+02 2.439594e+03
2.931098e-02 5.104955e+02 -1.672568e+02 3.572147e+02 -5.203472e+02 2.385546e+03
2.937380e-02 5.017477e+02 -1.697512e+02 3.334891e+02 -5.322339e+02 2.333667e+03
2.943661e-02 4.932787e+02 -1.712908e+02 3.058641e+02 -5.430308e+02 2.278668e+03
2.949948e-02 4.852039e+02 -1.728652e+02 2.804877e+02 -5.539428e+02 2.226783e+03
2.956230e-02 4.765513e+02 -1.739825e+02 2.556138e+02 -5.626544e+02 2.171917e+03
2.962512e-02 4.687149e+02 -1.743415e+02 2.282170e+02 -5.714086e+02 2.117662e+03
2.968798e-02 4.599703e+02 -1.747314e+02 2.037650e+02 -5.797614e+02 2.062868e+03
2.975080e-02 4.523480e+02 -1.745526e+02 1.770815e+02 -5.872067e+02 2.008327e+03
2.981362e-02 4.441569e+02 -1.739900e+02 1.528495e+02 -5.933717e+02 1.954247e+03
2.987648e-02 4.362570e+02 -1.732423e+02 1.278976e+02 -5.993626e+02 1.899698e+03
2.993931e-02 4.286184e+02 -1.718748e+02 1.026616e+02 -6.047529e+02 1.845200e+03
3.000209e-02 4.203005e+02 -1.705977e+02 8.024761e+01 -6.094055e+02 1.791190e+03
3.006488e-02 4.132620e+02 -1.681254e+02 5.413447e+01 -6.127073e+02 1.735909e+03
3.012771e-02 4.055617e+02 -1.662060e+02 3.195910e+01 -6.161957e+02 1.683653e+03
3.019054e-02 3.981400e+02 -1.636893e+02 9.123461e+00 -6.189660e+02 1.629949e+03
3.025338e-02 3.908703e+02 -1.603252e+02 -1.393596e+01 -6.206700e+02 1.575914e+03
3.031628e-02 3.834618e+02 -1.575052e+02 -3.459251e+01 -6.225869e+02 1.524685e+03
3.037913e-02 3.767475e+02 -1.535783e+02 -5.725941e+01 -6.225845e+02 1.471517e+03
3.044197e-02 3.695423e+02 -1.501657e+02 -7.671819e+01 -6.237153e+02 1.421032e+03
3.050478e-02 3.628227e+02 -1.451125e+02 -9.841306e+01 -6.226204e+02 1.368641e+03
3.056757e-02 3.561371e+02 -1.411151e+02 -1.168888e+02 -6.222646e+02 1.319632e+03
3.063042e-02 3.496014e+02 -1.364106e+02 -1.353172e+02 -6.208159e+02 1.270741e+03
3.069327e-02 3.432420e+02 -1.311918e+02 -1.539165e+02 -6.187509e+02 1.221053e+03
3.075615e-02 3.366764e+02 -1.257983e+02 -1.706510e+02 -6.164759e+02 1.173707e+03
3.081897e-02 3.310295e+02 -1.200076e+02 -1.884771e+02 -6.140532e+02 1.127158e+03
3.088177e-02 3.246303e+02 -1.143009e+02 -2.031436e+02 -6.102092e+02 1.080894e+03
3.094460e-02 3.190404e+02 -1.078300e+02 -2.189476e+02 -6.066984e+02 1.036244e+03
3.100745e-02 3.132448e+02 -1.016205e+02 -2.327983e+02 -6.025237e+02 9.928151e+02
3.107031e-02 3.074419e+02 -9.495811e+01 -2.453062e+02 -5.981499e+02 9.506016e+02
3.113311e-02 3.026208e+02 -8.781145e+01 -2.592935e+02 -5.935120e+02 9.101461e+02
3.119592e-02 2.968044e+02 -8.085822e+01 -2.692059e+02 -5.871676e+02 8.696497e+02
3.125876e-02 2.920482e+02 -7.305343e+01 -2.812206e+02 -5.818137e+02 8.319865e+02
3.132160e-02 2.870906e+02 -6.528175e+01 -2.906080e+02 -5.757529e+02 7.951368e+02
3.138440e-02 2.820965e+02 -5.763271e+01 -2.985419e+02 -5.693375e+02 7.602625e+02
3.144727e-02 2.777565e+02 -4.909805e+01 -3.072821e+02 -5.613071e+02 7.267850e+02
3.151008e-02 2.729507e+02 -4.068199e+01 -3.130919e+02 -5.540793e+02 6.953046e+02
3.157285e-02 2.689818e+02 -3.168632e+01 -3.200339e+02 -5.459358e+02 6.661551e+02
3.163570e-02 2.646337e+02 -2.267909e+01 -3.239143e+02 -5.370815e+02 6.386066e+02
3.169852e-02 2.606310e+02 -1.295462e+01 -3.277151e+02 -5.268471e+02 6.131003e+02
3.176139e-02 2.568840e+02 -3.115252e+00 -3.305234e+02 -5.163388e+02 5.904103e+02
3.182425e-02 2.529638e+02 7.204912e+00 -3.311029e+02 -5.057618e+02 5.698556e+02
3.188706e-02 2.498374e+02 1.848775e+01 -3.325902e+02 -4.920596e+02 5.523885e+02
3.194991e-02 2.461711e+02 3.014434e+01 -3.309671e+02 -4.779048e+02 5.364958e+02
3.201276e-02 2.430710e+02 4.297214e+01 -3.292993e+02 -4.604700e+02 5.242817e+02
3.207553e-02 2.401046e+02 5.709418e+01 -3.263639e+02 -4.408101e+02 5.159209e+02
3.213836e-02 2.369444e+02 7.405041e+01 -3.214099e+02 -4.125727e+02 5.094424e+02
