# k, q0, q1/i, q2, q3/i, q4, norm, alpha = 4.28737e+00, 1.96234e-02
5.385587e-05 1.017274e+13 1.321644e+11 4.023236e+09 -2.270581e+11 1.139827e+13
1.034961e-04 1.016286e+13 2.537427e+11 5.976399e+09 1.538162e+10 -1.126935e+12
1.650345e-04 1.014104e+13 4.037148e+11 1.209495e+10 8.617491e+10 -1.361874e+12
2.219461e-04 1.011257e+13 5.411706e+11 2.670534e+10 -2.521747e+10 5.115080e+11
2.831569e-04 1.007230e+13 6.874475e+11 4.053871e+10 3.737018e+10 -2.832624e+11
3.481074e-04 1.001929e+13 8.402925e+11 6.010577e+10 6.278980e+10 -3.979600e+11
4.078467e-04 9.963156e+12 9.720121e+11 -3.072436e+11 -5.355447e+10 3.015315e+11
4.685721e-04 9.892519e+12 1.118903e+12 3.606328e+11 5.586094e+10 -7.253645e+10
5.344152e-04 9.809581e+12 1.261244e+12 2.082752e+11 6.564070e+10 -1.333529e+11
5.979215e-04 9.720402e+12 1.394213e+12 1.288203e+11 3.091916e+10 1.962689e+10
6.594309e-04 9.624241e+12 1.521604e+12 2.244149e+11 3.013196e+10 1.105477e+11
7.211547e-04 9.519768e+12 1.644616e+12 2.592967e+11 1.052921e+11 -1.615865e+11
7.842715e-04 9.405654e+12 1.762685e+12 2.465992e+11 8.895567e+10 -5.156719e+10
8.480725e-04 9.281090e+12 1.878604e+12 3.374221e+11 9.702187e+10 2.081415e+10
9.105595e-04 9.150476e+12 1.987889e+12 4.790347e+11 1.381577e+11 1.159292e+10
9.726731e-04 9.016195e+12 2.086643e+12 4.638113e+11 1.607061e+11 -2.393948e+10
1.035373e-03 8.872391e+12 2.182767e+12 5.363790e+11 2.213311e+11 -9.801413e+10
1.098784e-03 8.722022e+12 2.270292e+12 5.792721e+11 2.093437e+11 7.562947e+09
1.161586e-03 8.566696e+12 2.352251e+12 6.254076e+11 2.659057e+11 -6.564079e+10
1.224174e-03 8.406383e+12 2.426110e+12 7.068243e+11 2.841500e+11 3.741355e+09
1.288412e-03 8.236450e+12 2.496478e+12 7.642386e+11 3.656345e+11 -1.146842e+11
1.351080e-03 8.067621e+12 2.554067e+12 8.452704e+11 3.474193e+11 5.906309e+10
1.412291e-03 7.896675e+12 2.608439e+12 9.138219e+11 4.543088e+11 -8.628716e+10
1.475368e-03 7.719849e+12 2.653487e+12 9.546227e+11 4.801101e+11 -8.582073e+10
1.538515e-03 7.537008e+12 2.695120e+12 1.026105e+12 5.806019e+11 -1.959526e+11
1.601338e-03 7.356989e+12 2.721155e+12 1.111591e+12 5.352302e+11 5.786311e+10
1.665074e-03 7.167747e+12 2.747958e+12 1.200624e+12 6.291347e+11 -2.431477e+10
1.728027e-03 6.979989e+12 2.769764e+12 1.219091e+12 7.475317e+11 -2.172191e+11
1.789887e-03 6.795027e+12 2.777180e+12 1.351241e+12 7.660087e+11 -5.671735e+10
1.852570e-03 6.607467e+12 2.784079e+12 1.368234e+12 8.540584e+11 -2.020367e+11
1.915088e-03 6.421488e+12 2.778307e+12 1.467144e+12 8.710421e+11 -6.367602e+10
1.978019e-03 6.229688e+12 2.775578e+12 1.508577e+12 1.001468e+12 -2.462490e+11
2.041684e-03 6.040645e+12 2.757547e+12 1.610139e+12 1.032356e+12 -1.294166e+11
2.104726e-03 5.853955e+12 2.738931e+12 1.645247e+12 1.099271e+12 -1.958527e+11
2.167060e-03 5.668241e+12 2.715043e+12 1.717120e+12 1.184900e+12 -2.285700e+11
2.229921e-03 5.485021e+12 2.684425e+12 1.775858e+12 1.241740e+12 -2.282696e+11
2.292794e-03 5.301824e+12 2.650822e+12 1.830410e+12 1.323738e+12 -2.783155e+11
2.355230e-03 5.124326e+12 2.610016e+12 1.900379e+12 1.374274e+12 -2.450190e+11
2.418331e-03 4.946687e+12 2.566105e+12 1.957775e+12 1.442528e+12 -2.580090e+11
2.481215e-03 4.770736e+12 2.520580e+12 2.002413e+12 1.523569e+12 -3.204457e+11
2.543891e-03 4.602081e+12 2.468013e+12 2.062585e+12 1.567583e+12 -2.796170e+11
2.607003e-03 4.430310e+12 2.416552e+12 2.102673e+12 1.657423e+12 -3.593153e+11
2.669740e-03 4.265314e+12 2.360899e+12 2.144760e+12 1.719704e+12 -3.789813e+11
2.732628e-03 4.108123e+12 2.298420e+12 2.200504e+12 1.758053e+12 -3.408513e+11
2.796013e-03 3.947320e+12 2.238600e+12 2.235884e+12 1.832832e+12 -3.916489e+11
2.858795e-03 3.794022e+12 2.176561e+12 2.268336e+12 1.881375e+12 -3.959654e+11
2.920959e-03 3.648937e+12 2.110972e+12 2.306546e+12 1.929434e+12 -4.099309e+11
2.983535e-03 3.502683e+12 2.047295e+12 2.333382e+12 1.986892e+12 -4.301515e+11
3.046449e-03 3.360623e+12 1.981038e+12 2.359136e+12 2.042890e+12 -4.675542e+11
3.109435e-03 3.223046e+12 1.915604e+12 2.373440e+12 2.078015e+12 -4.787664e+11
3.172429e-03 3.096575e+12 1.844049e+12 2.415887e+12 2.102998e+12 -4.259397e+11
3.235378e-03 2.966406e+12 1.777654e+12 2.429998e+12 2.154390e+12 -4.766902e+11
3.298350e-03 2.841864e+12 1.711490e+12 2.439968e+12 2.182922e+12 -4.760782e+11
3.361502e-03 2.719789e+12 1.645205e+12 2.445363e+12 2.224225e+12 -5.205140e+11
3.424034e-03 2.606812e+12 1.579302e+12 2.455374e+12 2.243734e+12 -5.053995e+11
3.486610e-03 2.498933e+12 1.513654e+12 2.463997e+12 2.262304e+12 -4.971052e+11
3.549533e-03 2.388979e+12 1.450363e+12 2.459200e+12 2.288947e+12 -5.296408e+11
3.612035e-03 2.294198e+12 1.385337e+12 2.480936e+12 2.288558e+12 -4.616182e+11
3.674842e-03 2.188841e+12 1.326731e+12 2.448002e+12 2.312685e+12 -5.368679e+11
3.737743e-03 2.098763e+12 1.265056e+12 2.455246e+12 2.312652e+12 -4.981596e+11
3.800817e-03 2.002911e+12 1.207979e+12 2.429557e+12 2.323920e+12 -5.275764e+11
3.863693e-03 1.922728e+12 1.149087e+12 2.434894e+12 2.315910e+12 -4.858212e+11
3.926624e-03 1.836361e+12 1.094946e+12 2.411057e+12 2.315094e+12 -4.908872e+11
3.989691e-03 1.758826e+12 1.041104e+12 2.395704e+12 2.307383e+12 -4.835196e+11
4.052279e-03 1.682359e+12 9.902397e+11 2.373555e+12 2.295710e+12 -4.704338e+11
4.115276e-03 1.608386e+12 9.403871e+11 2.347711e+12 2.285374e+12 -4.732731e+11
4.178091e-03 1.541653e+12 8.930236e+11 2.326534e+12 2.264602e+12 -4.471516e+11
4.240529e-03 1.474071e+12 8.479499e+11 2.297251e+12 2.246633e+12 -4.336507e+11
4.303566e-03 1.412077e+12 8.036588e+11 2.270520e+12 2.222378e+12 -4.197068e+11
4.366473e-03 1.351571e+12 7.624807e+11 2.239976e+12 2.197362e+12 -3.928026e+11
4.429136e-03 1.294103e+12 7.225845e+11 2.203445e+12 2.171187e+12 -3.923437e+11
4.491804e-03 1.235183e+12 6.848390e+11 2.161393e+12 2.138165e+12 -3.763917e+11
4.554524e-03 1.187985e+12 6.484452e+11 2.140323e+12 2.108737e+12 -3.417119e+11
4.617696e-03 1.135785e+12 6.148150e+11 2.092975e+12 2.071536e+12 -3.261118e+11
4.680743e-03 1.087719e+12 5.817798e+11 2.058405e+12 2.035415e+12 -2.992545e+11
4.743600e-03 1.041641e+12 5.506462e+11 2.016681e+12 1.995269e+12 -2.813033e+11
4.806460e-03 9.997894e+11 5.222261e+11 1.981073e+12 1.960618e+12 -2.487251e+11
4.869182e-03 9.582860e+11 4.942756e+11 1.938072e+12 1.917421e+12 -2.328585e+11
4.931803e-03 9.154421e+11 4.678371e+11 1.890099e+12 1.874358e+12 -2.112017e+11
4.994544e-03 8.788588e+11 4.436224e+11 1.849428e+12 1.833088e+12 -1.856172e+11
5.057296e-03 8.435217e+11 4.201840e+11 1.810765e+12 1.790757e+12 -1.560097e+11
5.120127e-03 8.091109e+11 3.989287e+11 1.763954e+12 1.745983e+12 -1.346829e+11
5.183244e-03 7.743221e+11 3.771204e+11 1.718825e+12 1.699164e+12 -1.104744e+11
5.246213e-03 7.426924e+11 3.576807e+11 1.674713e+12 1.655056e+12 -8.584969e+10
5.308940e-03 7.112107e+11 3.386320e+11 1.627388e+12 1.607718e+12 -6.542384e+10
5.371705e-03 6.838996e+11 3.216962e+11 1.587515e+12 1.564713e+12 -3.830623e+10
5.434764e-03 6.561160e+11 3.049894e+11 1.545473e+12 1.520337e+12 -9.459367e+09
5.497589e-03 6.274573e+11 2.888689e+11 1.492775e+12 1.471011e+12 8.411079e+08
5.560094e-03 6.045098e+11 2.747217e+11 1.458230e+12 1.430109e+12 3.528380e+10
5.623090e-03 5.778010e+11 2.601306e+11 1.407163e+12 1.383956e+12 4.658637e+10
5.686167e-03 5.549368e+11 2.463906e+11 1.366569e+12 1.338428e+12 7.065691e+10
5.748863e-03 5.318738e+11 2.337290e+11 1.322141e+12 1.294901e+12 9.111476e+10
5.811791e-03 5.122089e+11 2.224175e+11 1.283940e+12 1.254084e+12 1.098236e+11
5.874636e-03 4.903612e+11 2.100329e+11 1.240630e+12 1.209809e+12 1.309130e+11
5.937271e-03 4.704001e+11 1.993772e+11 1.197022e+12 1.168919e+12 1.406369e+11
6.000058e-03 4.519719e+11 1.890410e+11 1.158368e+12 1.128126e+12 1.602975e+11
6.062729e-03 4.332710e+11 1.789315e+11 1.116577e+12 1.087667e+12 1.723487e+11
6.125517e-03 4.159619e+11 1.690982e+11 1.077498e+12 1.047535e+12 1.860353e+11
6.188708e-03 3.995858e+11 1.602021e+11 1.040837e+12 1.010551e+12 2.035439e+11
6.251555e-03 3.840941e+11 1.517968e+11 1.002623e+12 9.734766e+11 2.095938e+11
6.314077e-03 3.686748e+11 1.430453e+11 9.662851e+11 9.361721e+11 2.237579e+11
6.377058e-03 3.534614e+11 1.349834e+11 9.276998e+11 8.998361e+11 2.306428e+11
6.440009e-03 3.399503e+11 1.274971e+11 8.933616e+11 8.657769e+11 2.380044e+11
6.502812e-03 3.271203e+11 1.202530e+11 8.608724e+11 8.329684e+11 2.495606e+11
6.565726e-03 3.131485e+11 1.130878e+11 8.225273e+11 7.980726e+11 2.491507e+11
6.628521e-03 3.019700e+11 1.065310e+11 7.935174e+11 7.681140e+11 2.602431e+11
6.691272e-03 2.902165e+11 1.001986e+11 7.601173e+11 7.366408e+11 2.605804e+11
6.754176e-03 2.793731e+11 9.415786e+10 7.301342e+11 7.074111e+11 2.664753e+11
6.816888e-03 2.686361e+11 8.830521e+10 6.993841e+11 6.779280e+11 2.685377e+11
6.879625e-03 2.578549e+11 8.266210e+10 6.673619e+11 6.482528e+11 2.673386e+11
6.942449e-03 2.491339e+11 7.748917e+10 6.414433e+11 6.222390e+11 2.711421e+11
7.005248e-03 2.396007e+11 7.279843e+10 6.125274e+11 5.961940e+11 2.686664e+11
7.068136e-03 2.307908e+11 6.786241e+10 5.852710e+11 5.695987e+11 2.688243e+11
7.131053e-03 2.225359e+11 6.343952e+10 5.594070e+11 5.449546e+11 2.681102e+11
7.194010e-03 2.143827e+11 5.935892e+10 5.331912e+11 5.208640e+11 2.643288e+11
7.256902e-03 2.072654e+11 5.539298e+10 5.100578e+11 4.980356e+11 2.645101e+11
7.319748e-03 1.992783e+11 5.169928e+10 4.836823e+11 4.741747e+11 2.580331e+11
7.382611e-03 1.930349e+11 4.834984e+10 4.627866e+11 4.537757e+11 2.571029e+11
7.445306e-03 1.859415e+11 4.513860e+10 4.389009e+11 4.317431e+11 2.514263e+11
7.507906e-03 1.800185e+11 4.230996e+10 4.182143e+11 4.122404e+11 2.474169e+11
7.570818e-03 1.734519e+11 3.939896e+10 3.957806e+11 3.905620e+11 2.426536e+11
7.633721e-03 1.679056e+11 3.709482e+10 3.763921e+11 3.731303e+11 2.366753e+11
7.696586e-03 1.628025e+11 3.463247e+10 3.575441e+11 3.541986e+11 2.337505e+11
7.759492e-03 1.571653e+11 3.266784e+10 3.378376e+11 3.365518e+11 2.261224e+11
7.822382e-03 1.523069e+11 3.077399e+10 3.204229e+11 3.193503e+11 2.221566e+11
7.885469e-03 1.471714e+11 2.897416e+10 3.017384e+11 3.019597e+11 2.148997e+11
7.948044e-03 1.426866e+11 2.751590e+10 2.856043e+11 2.866189e+11 2.095486e+11
8.010528e-03 1.380150e+11 2.609899e+10 2.686909e+11 2.697999e+11 2.040068e+11
8.073516e-03 1.336705e+11 2.493999e+10 2.531568e+11 2.560318e+11 1.963795e+11
8.136423e-03 1.296134e+11 2.382174e+10 2.382926e+11 2.407862e+11 1.922847e+11
8.199228e-03 1.257870e+11 2.293957e+10 2.242788e+11 2.277797e+11 1.859044e+11
8.262023e-03 1.216305e+11 2.208050e+10 2.095112e+11 2.136398e+11 1.791553e+11
8.324981e-03 1.180546e+11 2.141766e+10 1.968775e+11 2.008747e+11 1.743280e+11
8.388025e-03 1.141580e+11 2.079081e+10 1.832282e+11 1.885503e+11 1.668158e+11
8.450798e-03 1.108916e+11 2.033197e+10 1.717047e+11 1.765058e+11 1.626966e+11
8.513424e-03 1.071327e+11 1.986514e+10 1.592818e+11 1.650370e+11 1.554738e+11
8.576219e-03 1.040268e+11 1.955263e+10 1.485070e+11 1.540096e+11 1.510651e+11
8.639099e-03 1.007472e+11 1.923471e+10 1.376060e+11 1.437777e+11 1.448360e+11
8.701941e-03 9.747898e+10 1.903383e+10 1.271825e+11 1.335631e+11 1.394420e+11
8.764716e-03 9.440485e+10 1.884826e+10 1.175598e+11 1.236792e+11 1.346585e+11
8.827545e-03 9.129970e+10 1.866098e+10 1.078988e+11 1.147285e+11 1.286360e+11
8.890404e-03 8.860321e+10 1.858651e+10 9.936921e+10 1.060857e+11 1.244991e+11
8.953189e-03 8.554374e+10 1.845650e+10 9.064546e+10 9.769906e+10 1.189679e+11
9.016039e-03 8.272583e+10 1.836814e+10 8.262680e+10 8.989702e+10 1.140496e+11
9.078883e-03 8.012494e+10 1.833763e+10 7.513281e+10 8.218151e+10 1.101402e+11
9.141797e-03 7.734940e+10 1.819553e+10 6.773767e+10 7.550081e+10 1.045536e+11
9.204714e-03 7.477441e+10 1.817230e+10 6.092443e+10 6.835598e+10 1.010547e+11
9.267500e-03 7.219551e+10 1.809307e+10 5.434567e+10 6.241743e+10 9.601821e+10
9.330389e-03 6.981911e+10 1.800105e+10 4.830992e+10 5.641966e+10 9.221428e+10
9.393353e-03 6.719346e+10 1.787117e+10 4.245040e+10 5.043468e+10 8.823531e+10
9.456033e-03 6.493560e+10 1.774149e+10 3.692052e+10 4.569540e+10 8.367031e+10
9.518699e-03 6.254270e+10 1.766151e+10 3.204956e+10 4.039348e+10 8.056339e+10
9.581480e-03 6.030455e+10 1.745055e+10 2.706437e+10 3.610819e+10 7.607393e+10
9.644431e-03 5.810116e+10 1.728267e+10 2.262394e+10 3.163351e+10 7.290596e+10
9.707436e-03 5.601535e+10 1.709484e+10 1.833602e+10 2.775452e+10 6.928818e+10
9.770160e-03 5.392392e+10 1.687248e+10 1.445926e+10 2.418105e+10 6.571333e+10
9.832865e-03 5.189874e+10 1.667285e+10 1.081795e+10 2.060784e+10 6.273172e+10
9.895597e-03 5.000185e+10 1.634258e+10 7.293512e+09 1.766732e+10 5.909500e+10
9.958595e-03 4.795523e+10 1.609367e+10 4.282110e+09 1.459065e+10 5.626641e+10
1.002149e-02 4.618762e+10 1.578907e+10 1.245433e+09 1.210821e+10 5.287778e+10
1.008410e-02 4.436854e+10 1.547242e+10 -1.435630e+09 9.656049e+09 5.001098e+10
1.014702e-02 4.268772e+10 1.510829e+10 -3.854738e+09 7.348362e+09 4.759946e+10
1.020999e-02 4.105094e+10 1.478595e+10 -6.318953e+09 5.512404e+09 4.432702e+10
1.027280e-02 3.940963e+10 1.446698e+10 -8.282086e+09 3.628369e+09 4.194627e+10
1.033567e-02 3.788904e+10 1.404858e+10 -1.029579e+10 2.101318e+09 3.915311e+10
1.039854e-02 3.632545e+10 1.363814e+10 -1.192412e+10 5.932083e+08 3.682635e+10
1.046130e-02 3.496994e+10 1.328549e+10 -1.355666e+10 -7.189887e+08 3.450557e+10
1.052408e-02 3.355286e+10 1.288650e+10 -1.498121e+10 -1.810064e+09 3.201657e+10
1.058689e-02 3.220124e+10 1.245351e+10 -1.612531e+10 -2.855764e+09 3.005094e+10
1.064973e-02 3.100312e+10 1.207070e+10 -1.743017e+10 -3.664830e+09 2.775065e+10
1.071266e-02 2.978954e+10 1.169774e+10 -1.834779e+10 -4.500209e+09 2.599047e+10
1.077552e-02 2.859245e+10 1.128828e+10 -1.923634e+10 -5.085849e+09 2.387136e+10
1.083829e-02 2.751985e+10 1.087875e+10 -1.999618e+10 -5.677140e+09 2.218602e+10
1.090115e-02 2.645068e+10 1.051158e+10 -2.063920e+10 -6.142437e+09 2.054472e+10
1.096400e-02 2.546588e+10 1.011659e+10 -2.123968e+10 -6.517218e+09 1.882255e+10
1.102688e-02 2.448307e+10 9.744080e+09 -2.162989e+10 -6.838546e+09 1.738366e+10
1.108967e-02 2.357256e+10 9.353773e+09 -2.201772e+10 -7.036762e+09 1.591910e+10
1.115232e-02 2.269322e+10 8.999973e+09 -2.226264e+10 -7.198021e+09 1.458691e+10
1.121507e-02 2.186751e+10 8.662221e+09 -2.247633e+10 -7.367376e+09 1.344071e+10
1.127797e-02 2.112896e+10 8.335795e+09 -2.266817e+10 -7.444128e+09 1.229541e+10
1.134099e-02 2.033334e+10 7.982841e+09 -2.264622e+10 -7.483486e+09 1.133255e+10
1.140372e-02 1.965585e+10 7.683641e+09 -2.270348e+10 -7.402929e+09 1.027918e+10
1.146650e-02 1.897478e+10 7.386437e+09 -2.261656e+10 -7.429793e+09 9.497611e+09
1.152952e-02 1.835720e+10 7.086722e+09 -2.252748e+10 -7.349816e+09 8.802225e+09
1.159236e-02 1.775350e+10 6.805719e+09 -2.235626e+10 -7.212238e+09 8.091801e+09
1.165521e-02 1.716354e+10 6.550476e+09 -2.212601e+10 -7.134393e+09 7.553706e+09
1.171802e-02 1.666801e+10 6.288171e+09 -2.191430e+10 -6.946761e+09 7.006607e+09
1.178091e-02 1.613690e+10 6.052731e+09 -2.160302e+10 -6.839952e+09 6.684618e+09
1.184377e-02 1.569281e+10 5.834431e+09 -2.132858e+10 -6.650798e+09 6.352057e+09
1.190645e-02 1.519140e+10 5.586025e+09 -2.089247e+10 -6.424450e+09 6.040125e+09
1.196918e-02 1.478570e+10 5.386887e+09 -2.052397e+10 -6.255913e+09 5.916868e+09
1.203205e-02 1.440757e+10 5.193788e+09 -2.014138e+10 -6.032485e+09 5.795533e+09
1.209494e-02 1.400206e+10 5.016044e+09 -1.967250e+10 -5.859111e+09 5.783709e+09
1.215771e-02 1.366717e+10 4.829822e+09 -1.923547e+10 -5.583699e+09 5.763997e+09
1.222054e-02 1.332205e+10 4.654420e+09 -1.873537e+10 -5.381107e+09 5.919333e+09
1.228344e-02 1.301529e+10 4.513957e+09 -1.825939e+10 -5.186120e+09 6.064522e+09
1.234640e-02 1.271001e+10 4.341753e+09 -1.771704e+10 -4.910608e+09 6.235601e+09
1.240915e-02 1.241934e+10 4.213761e+09 -1.717748e+10 -4.727179e+09 6.519713e+09
1.247184e-02 1.218508e+10 4.066429e+09 -1.667790e+10 -4.420976e+09 6.785044e+09
1.253470e-02 1.192161e+10 3.942027e+09 -1.608938e+10 -4.245792e+09 7.160452e+09
1.259754e-02 1.169469e+10 3.821464e+09 -1.554503e+10 -3.989829e+09 7.535945e+09
1.266036e-02 1.148216e+10 3.695010e+09 -1.497804e+10 -3.741946e+09 7.953514e+09
1.272320e-02 1.125776e+10 3.568801e+09 -1.435197e+10 -3.495740e+09 8.377000e+09
1.278608e-02 1.108896e+10 3.479070e+09 -1.381806e+10 -3.279198e+09 8.879491e+09
1.284892e-02 1.089236e+10 3.375228e+09 -1.320136e+10 -3.062161e+09 9.404269e+09
1.291183e-02 1.073530e+10 3.274149e+09 -1.263665e+10 -2.808191e+09 9.916070e+09
1.297477e-02 1.057558e+10 3.168813e+09 -1.202435e+10 -2.570638e+09 1.045568e+10
1.303751e-02 1.042266e+10 3.083407e+09 -1.143268e+10 -2.351228e+09 1.103365e+10
1.310022e-02 1.029658e+10 3.001443e+09 -1.086764e+10 -2.128880e+09 1.161168e+10
1.316309e-02 1.014759e+10 2.904267e+09 -1.021650e+10 -1.917341e+09 1.218928e+10
1.322594e-02 1.005311e+10 2.832079e+09 -9.704446e+09 -1.673190e+09 1.278395e+10
1.328870e-02 9.920029e+09 2.750783e+09 -9.066284e+09 -1.483224e+09 1.340357e+10
1.335152e-02 9.824895e+09 2.678239e+09 -8.505843e+09 -1.258481e+09 1.401534e+10
1.341448e-02 9.721820e+09 2.603550e+09 -7.929165e+09 -1.071959e+09 1.461129e+10
1.347734e-02 9.623357e+09 2.526223e+09 -7.327475e+09 -8.574396e+08 1.521423e+10
1.354004e-02 9.557196e+09 2.466085e+09 -6.812780e+09 -6.431554e+08 1.581967e+10
1.360289e-02 9.458530e+09 2.400622e+09 -6.212921e+09 -4.700883e+08 1.641159e+10
1.366571e-02 9.392485e+09 2.340064e+09 -5.690214e+09 -2.853280e+08 1.699811e+10
1.372857e-02 9.317758e+09 2.278793e+09 -5.139060e+09 -1.027772e+08 1.757762e+10
1.379141e-02 9.254130e+09 2.220028e+09 -4.585736e+09 8.152014e+07 1.818102e+10
1.385412e-02 9.196436e+09 2.173441e+09 -4.114023e+09 2.410130e+08 1.871069e+10
1.391702e-02 9.124768e+09 2.115623e+09 -3.537116e+09 3.992751e+08 1.927198e+10
1.397990e-02 9.085305e+09 2.069464e+09 -3.078751e+09 5.605391e+08 1.981221e+10
1.404272e-02 9.022711e+09 2.023551e+09 -2.566460e+09 7.173495e+08 2.032716e+10
1.410560e-02 8.978003e+09 1.981529e+09 -2.079277e+09 8.472994e+08 2.084707e+10
1.416843e-02 8.927839e+09 1.941596e+09 -1.618830e+09 9.831570e+08 2.131550e+10
1.423121e-02 8.877075e+09 1.897666e+09 -1.127934e+09 1.108404e+09 2.181838e+10
1.429401e-02 8.840269e+09 1.871945e+09 -7.499458e+08 1.227795e+09 2.223923e+10
1.435689e-02 8.792493e+09 1.832865e+09 -2.425876e+08 1.340971e+09 2.271191e+10
1.441980e-02 8.745141e+09 1.806006e+09 1.313263e+08 1.453807e+09 2.308996e+10
1.448261e-02 8.712921e+09 1.776395e+09 5.763420e+08 1.553238e+09 2.354671e+10
1.454538e-02 8.661581e+09 1.753123e+09 9.909432e+08 1.642680e+09 2.391787e+10
1.460822e-02 8.626122e+09 1.733980e+09 1.316609e+09 1.716845e+09 2.425035e+10
1.467115e-02 8.576034e+09 1.707908e+09 1.737934e+09 1.801492e+09 2.461755e+10
1.473401e-02 8.539274e+09 1.692601e+09 2.062542e+09 1.871594e+09 2.493624e+10
1.479676e-02 8.499536e+09 1.678721e+09 2.448188e+09 1.946642e+09 2.527713e+10
1.485961e-02 8.445116e+09 1.663004e+09 2.751805e+09 1.985219e+09 2.551578e+10
1.492239e-02 8.404618e+09 1.649810e+09 3.084251e+09 2.045902e+09 2.580881e+10
1.498506e-02 8.348188e+09 1.639474e+09 3.409217e+09 2.099506e+09 2.604254e+10
1.504789e-02 8.308266e+09 1.635417e+09 3.628930e+09 2.109750e+09 2.624842e+10
1.511078e-02 8.248754e+09 1.625922e+09 3.977706e+09 2.158457e+09 2.646844e+10
1.517364e-02 8.208930e+09 1.618446e+09 4.236030e+09 2.194257e+09 2.669479e+10
1.523654e-02 8.142555e+09 1.612803e+09 4.464694e+09 2.215397e+09 2.680646e+10
1.529942e-02 8.089544e+09 1.613477e+09 4.742669e+09 2.245743e+09 2.698630e+10
1.536235e-02 8.032434e+09 1.607125e+09 4.925324e+09 2.225719e+09 2.710135e+10
1.542517e-02 7.965399e+09 1.604305e+09 5.178260e+09 2.264460e+09 2.721198e+10
1.548789e-02 7.911394e+09 1.604599e+09 5.346920e+09 2.258207e+09 2.730697e+10
1.555076e-02 7.838622e+09 1.601964e+09 5.563250e+09 2.274845e+09 2.736698e+10
1.561359e-02 7.773115e+09 1.599953e+09 5.742735e+09 2.270535e+09 2.742872e+10
1.567632e-02 7.701687e+09 1.600071e+09 5.872049e+09 2.243657e+09 2.745099e+10
1.573917e-02 7.625858e+09 1.596678e+09 6.076202e+09 2.277412e+09 2.745907e+10
1.580208e-02 7.551940e+09 1.595348e+09 6.145597e+09 2.223436e+09 2.743810e+10
1.586491e-02 7.476190e+09 1.592092e+09 6.329060e+09 2.241290e+09 2.743955e+10
1.592764e-02 7.400164e+09 1.590426e+09 6.435003e+09 2.224796e+09 2.740747e+10
1.599049e-02 7.311742e+09 1.585414e+09 6.520674e+09 2.211490e+09 2.730342e+10
1.605344e-02 7.234100e+09 1.581965e+09 6.658093e+09 2.210447e+09 2.727617e+10
1.611624e-02 7.148147e+09 1.577344e+09 6.685737e+09 2.158674e+09 2.716420e+10
1.617906e-02 7.058849e+09 1.571392e+09 6.793181e+09 2.167656e+09 2.705432e+10
1.624189e-02 6.970202e+09 1.563321e+09 6.825428e+09 2.133009e+09 2.691450e+10
1.630468e-02 6.879496e+09 1.553812e+09 6.892982e+09 2.122990e+09 2.677155e+10
1.636757e-02 6.788119e+09 1.544641e+09 6.949270e+09 2.104570e+09 2.663212e+10
1.643038e-02 6.697582e+09 1.535868e+09 6.939963e+09 2.066435e+09 2.644409e+10
1.649314e-02 6.593116e+09 1.522132e+09 6.995078e+09 2.064764e+09 2.623959e+10
1.655599e-02 6.505927e+09 1.509940e+09 6.962480e+09 2.021146e+09 2.604439e+10
1.661885e-02 6.409357e+09 1.496081e+09 7.001630e+09 2.008055e+09 2.584932e+10
1.668174e-02 6.306850e+09 1.481502e+09 6.978080e+09 1.986521e+09 2.558225e+10
1.674456e-02 6.212281e+09 1.466116e+09 6.954829e+09 1.963031e+09 2.535325e+10
1.680728e-02 6.109472e+09 1.444644e+09 6.947498e+09 1.940838e+09 2.508540e+10
1.687017e-02 6.018995e+09 1.430819e+09 6.899030e+09 1.910728e+09 2.484624e+10
1.693315e-02 5.909202e+09 1.408814e+09 6.855349e+09 1.886797e+09 2.451959e+10
1.699589e-02 5.812844e+09 1.388656e+09 6.793547e+09 1.850597e+09 2.424170e+10
1.705867e-02 5.713768e+09 1.367369e+09 6.745024e+09 1.832002e+09 2.393798e+10
1.712163e-02 5.613757e+09 1.345922e+09 6.706070e+09 1.824154e+09 2.363611e+10
1.718447e-02 5.513259e+09 1.323293e+09 6.594091e+09 1.773409e+09 2.329250e+10
1.724726e-02 5.409290e+09 1.297452e+09 6.523755e+09 1.747149e+09 2.294805e+10
1.731003e-02 5.316852e+09 1.279017e+09 6.438831e+09 1.732393e+09 2.263039e+10
1.737292e-02 5.213935e+09 1.249052e+09 6.348630e+09 1.690350e+09 2.226656e+10
1.743574e-02 5.117879e+09 1.226869e+09 6.254181e+09 1.669722e+09 2.192293e+10
1.749847e-02 5.018367e+09 1.201384e+09 6.144304e+09 1.635631e+09 2.154886e+10
1.756133e-02 4.920249e+09 1.174228e+09 6.047128e+09 1.608760e+09 2.117725e+10
1.762415e-02 4.826266e+09 1.152776e+09 5.904678e+09 1.573073e+09 2.079672e+10
1.768698e-02 4.729824e+09 1.123266e+09 5.817947e+09 1.546550e+09 2.043228e+10
1.774982e-02 4.634583e+09 1.099274e+09 5.672511e+09 1.507955e+09 2.003748e+10
1.781268e-02 4.539318e+09 1.073733e+09 5.541480e+09 1.470420e+09 1.964578e+10
1.787557e-02 4.447031e+09 1.047852e+09 5.427208e+09 1.452170e+09 1.925321e+10
1.793843e-02 4.359494e+09 1.024970e+09 5.277359e+09 1.406066e+09 1.887999e+10
1.800122e-02 4.264299e+09 9.975963e+08 5.150795e+09 1.374092e+09 1.847036e+10
1.806400e-02 4.173144e+09 9.730104e+08 4.990686e+09 1.330803e+09 1.805895e+10
1.812677e-02 4.086053e+09 9.492406e+08 4.851402e+09 1.299514e+09 1.766874e+10
1.818960e-02 3.999353e+09 9.248878e+08 4.706733e+09 1.261691e+09 1.727435e+10
1.825247e-02 3.914757e+09 9.034408e+08 4.556246e+09 1.226285e+09 1.688470e+10
1.831530e-02 3.824675e+09 8.767787e+08 4.410676e+09 1.189645e+09 1.647029e+10
1.837813e-02 3.744429e+09 8.580210e+08 4.230601e+09 1.143538e+09 1.607592e+10
1.844103e-02 3.663518e+09 8.339763e+08 4.107075e+09 1.112709e+09 1.570487e+10
1.850388e-02 3.578127e+09 8.122623e+08 3.931467e+09 1.068873e+09 1.528382e+10
1.856668e-02 3.496287e+09 7.907777e+08 3.769662e+09 1.027090e+09 1.488825e+10
1.862952e-02 3.420497e+09 7.698441e+08 3.628381e+09 9.926079e+08 1.451635e+10
1.869235e-02 3.344945e+09 7.517495e+08 3.453349e+09 9.522597e+08 1.413960e+10
1.875521e-02 3.263494e+09 7.292737e+08 3.301260e+09 9.126489e+08 1.373297e+10
1.881803e-02 3.188901e+09 7.119145e+08 3.126493e+09 8.719528e+08 1.335407e+10
1.888083e-02 3.115776e+09 6.921388e+08 2.976005e+09 8.333234e+08 1.299019e+10
1.894358e-02 3.046239e+09 6.741791e+08 2.826029e+09 7.996239e+08 1.263479e+10
1.900645e-02 2.972700e+09 6.566709e+08 2.653358e+09 7.588453e+08 1.225247e+10
1.906935e-02 2.901622e+09 6.373726e+08 2.507101e+09 7.207503e+08 1.189474e+10
1.913210e-02 2.834551e+09 6.215745e+08 2.338290e+09 6.807459e+08 1.154350e+10
1.919494e-02 2.769918e+09 6.049967e+08 2.190585e+09 6.509300e+08 1.120223e+10
1.925782e-02 2.699704e+09 5.869420e+08 2.027805e+09 6.105115e+08 1.084153e+10
1.932068e-02 2.637188e+09 5.719848e+08 1.873964e+09 5.777423e+08 1.050610e+10
1.938348e-02 2.575820e+09 5.554351e+08 1.737102e+09 5.448009e+08 1.019200e+10
1.944625e-02 2.512354e+09 5.409535e+08 1.569573e+09 5.118991e+08 9.845024e+09
1.950911e-02 2.452726e+09 5.242699e+08 1.432377e+09 4.810261e+08 9.534935e+09
1.957198e-02 2.393995e+09 5.096163e+08 1.282616e+09 4.493403e+08 9.218054e+09
1.963482e-02 2.336741e+09 4.950717e+08 1.133474e+09 4.157615e+08 8.910873e+09
1.969763e-02 2.282345e+09 4.800477e+08 1.005013e+09 3.939275e+08 8.618674e+09
1.976054e-02 2.225882e+09 4.652893e+08 8.525763e+08 3.605102e+08 8.310694e+09
1.982343e-02 2.173714e+09 4.512698e+08 7.229729e+08 3.369473e+08 8.031494e+09
1.988621e-02 2.124174e+09 4.375925e+08 5.904876e+08 3.101457e+08 7.756759e+09
1.994903e-02 2.072183e+09 4.228287e+08 4.586910e+08 2.854242e+08 7.477321e+09
2.001187e-02 2.024778e+09 4.100594e+08 3.338885e+08 2.651216e+08 7.209516e+09
2.007464e-02 1.978504e+09 3.961914e+08 2.028884e+08 2.390210e+08 6.955635e+09
2.013740e-02 1.932520e+09 3.830546e+08 8.893530e+07 2.220292e+08 6.699814e+09
2.020021e-02 1.889010e+09 3.698257e+08 -3.445426e+07 1.979095e+08 6.457801e+09
2.026315e-02 1.847339e+09 3.570198e+08 -1.472067e+08 1.825629e+08 6.220417e+09
2.032605e-02 1.806394e+09 3.443123e+08 -2.580022e+08 1.626406e+08 5.990542e+09
2.038878e-02 1.766786e+09 3.320713e+08 -3.719646e+08 1.440342e+08 5.765415e+09
2.045158e-02 1.728230e+09 3.195440e+08 -4.671180e+08 1.308268e+08 5.547140e+09
2.051448e-02 1.693834e+09 3.078187e+08 -5.781524e+08 1.119767e+08 5.346148e+09
2.057734e-02 1.658332e+09 2.965841e+08 -6.701135e+08 1.013533e+08 5.138756e+09
2.064018e-02 1.625661e+09 2.848516e+08 -7.677660e+08 8.443813e+07 4.950759e+09
2.070304e-02 1.592551e+09 2.737718e+08 -8.547412e+08 7.204798e+07 4.757718e+09
2.076595e-02 1.563376e+09 2.633317e+08 -9.428196e+08 6.128617e+07 4.582062e+09
2.082869e-02 1.534887e+09 2.529783e+08 -1.031509e+09 4.665368e+07 4.412014e+09
2.089140e-02 1.506043e+09 2.430804e+08 -1.105933e+09 3.773606e+07 4.243181e+09
2.095430e-02 1.480516e+09 2.330121e+08 -1.184209e+09 2.340759e+07 4.089289e+09
2.101710e-02 1.455652e+09 2.240916e+08 -1.253459e+09 1.734611e+07 3.937131e+09
2.107990e-02 1.432788e+09 2.154837e+08 -1.325991e+09 4.741314e+06 3.797253e+09
2.114275e-02 1.410190e+09 2.068984e+08 -1.390054e+09 -4.128911e+06 3.659216e+09
2.120557e-02 1.387735e+09 1.990288e+08 -1.448849e+09 -1.333382e+07 3.526036e+09
2.126842e-02 1.370847e+09 1.912432e+08 -1.512270e+09 -2.346839e+07 3.412681e+09
2.133126e-02 1.351194e+09 1.846081e+08 -1.563389e+09 -3.043981e+07 3.295021e+09
2.139415e-02 1.333540e+09 1.778352e+08 -1.615685e+09 -4.008706e+07 3.186144e+09
2.145701e-02 1.317077e+09 1.718376e+08 -1.661142e+09 -4.905351e+07 3.084488e+09
2.151977e-02 1.302718e+09 1.660196e+08 -1.704145e+09 -5.521970e+07 2.992140e+09
2.158262e-02 1.288756e+09 1.613097e+08 -1.747360e+09 -6.515365e+07 2.905380e+09
2.164549e-02 1.275153e+09 1.564971e+08 -1.782187e+09 -7.184891e+07 2.823640e+09
2.170835e-02 1.263185e+09 1.524136e+08 -1.815176e+09 -8.097267e+07 2.748910e+09
2.177117e-02 1.251843e+09 1.486746e+08 -1.844579e+09 -8.804001e+07 2.680708e+09
2.183391e-02 1.240802e+09 1.456538e+08 -1.869372e+09 -9.480451e+07 2.617261e+09
2.189674e-02 1.232779e+09 1.431799e+08 -1.896658e+09 -1.049169e+08 2.566435e+09
2.195964e-02 1.221548e+09 1.408858e+08 -1.910185e+09 -1.093811e+08 2.508973e+09
2.202248e-02 1.215875e+09 1.393224e+08 -1.932276e+09 -1.200284e+08 2.472113e+09
2.208526e-02 1.207249e+09 1.377997e+08 -1.942417e+09 -1.252774e+08 2.431040e+09
2.214806e-02 1.201329e+09 1.372799e+08 -1.954381e+09 -1.331604e+08 2.400001e+09
2.221095e-02 1.195346e+09 1.370761e+08 -1.961991e+09 -1.412835e+08 2.373702e+09
2.227376e-02 1.187780e+09 1.366969e+08 -1.961285e+09 -1.460535e+08 2.345901e+09
2.233660e-02 1.185631e+09 1.376936e+08 -1.970708e+09 -1.570355e+08 2.338811e+09
2.239951e-02 1.178916e+09 1.383583e+08 -1.963173e+09 -1.601043e+08 2.319961e+09
2.246232e-02 1.176078e+09 1.395754e+08 -1.961955e+09 -1.695441e+08 2.317167e+09
2.252510e-02 1.170958e+09 1.411171e+08 -1.951675e+09 -1.747946e+08 2.310934e+09
2.258787e-02 1.167758e+09 1.429464e+08 -1.942792e+09 -1.811528e+08 2.313257e+09
2.265070e-02 1.165467e+09 1.454053e+08 -1.932395e+09 -1.888277e+08 2.322629e+09
2.271352e-02 1.161845e+09 1.474343e+08 -1.915678e+09 -1.925046e+08 2.330382e+09
2.277642e-02 1.160118e+09 1.505585e+08 -1.901938e+09 -2.012571e+08 2.348098e+09
2.283929e-02 1.157617e+09 1.530774e+08 -1.881419e+09 -2.049038e+08 2.365040e+09
2.290206e-02 1.155204e+09 1.560774e+08 -1.859062e+09 -2.101985e+08 2.386442e+09
2.296496e-02 1.153470e+09 1.598185e+08 -1.836484e+09 -2.159329e+08 2.411881e+09
2.302777e-02 1.149918e+09 1.624339e+08 -1.807599e+09 -2.189592e+08 2.436351e+09
2.309054e-02 1.150877e+09 1.665272e+08 -1.785127e+09 -2.252147e+08 2.473812e+09
2.315342e-02 1.146756e+09 1.696787e+08 -1.752079e+09 -2.279457e+08 2.502229e+09
2.321632e-02 1.146712e+09 1.734080e+08 -1.723404e+09 -2.316640e+08 2.542697e+09
2.327917e-02 1.144747e+09 1.769860e+08 -1.690021e+09 -2.349107e+08 2.580806e+09
2.334191e-02 1.142205e+09 1.801864e+08 -1.654447e+09 -2.368710e+08 2.619156e+09
2.340472e-02 1.141647e+09 1.840817e+08 -1.620984e+09 -2.405760e+08 2.665388e+09
2.346760e-02 1.139702e+09 1.870835e+08 -1.582704e+09 -2.406350e+08 2.709542e+09
2.353050e-02 1.137885e+09 1.908409e+08 -1.544612e+09 -2.431844e+08 2.755617e+09
2.359332e-02 1.137024e+09 1.940645e+08 -1.506616e+09 -2.442016e+08 2.805558e+09
2.365605e-02 1.134080e+09 1.968330e+08 -1.463118e+09 -2.438098e+08 2.851663e+09
2.371890e-02 1.133639e+09 2.002463e+08 -1.424153e+09 -2.443936e+08 2.905620e+09
2.378176e-02 1.130988e+09 2.025511e+08 -1.380869e+09 -2.429738e+08 2.955377e+09
2.384456e-02 1.130377e+09 2.056574e+08 -1.339422e+09 -2.437767e+08 3.010728e+09
2.390740e-02 1.127191e+09 2.075700e+08 -1.294126e+09 -2.414278e+08 3.059815e+09
2.397018e-02 1.125905e+09 2.100019e+08 -1.252292e+09 -2.399154e+08 3.114800e+09
2.403299e-02 1.123922e+09 2.119964e+08 -1.205316e+09 -2.374534e+08 3.168753e+09
2.409587e-02 1.122107e+09 2.134015e+08 -1.160529e+09 -2.347201e+08 3.223735e+09
2.415877e-02 1.119165e+09 2.152191e+08 -1.114650e+09 -2.319981e+08 3.274373e+09
2.422167e-02 1.116759e+09 2.160996e+08 -1.068347e+09 -2.284589e+08 3.327347e+09
2.428445e-02 1.116863e+09 2.177733e+08 -1.026013e+09 -2.247489e+08 3.388069e+09
2.434721e-02 1.111507e+09 2.179336e+08 -9.769409e+08 -2.205659e+08 3.430355e+09
2.441004e-02 1.111213e+09 2.185190e+08 -9.325238e+08 -2.165419e+08 3.489798e+09
2.447292e-02 1.108282e+09 2.191943e+08 -8.861468e+08 -2.113559e+08 3.539620e+09
2.453573e-02 1.105886e+09 2.186415e+08 -8.401336e+08 -2.064257e+08 3.590513e+09
2.459853e-02 1.103244e+09 2.191496e+08 -7.965150e+08 -2.015288e+08 3.638692e+09
2.466143e-02 1.100470e+09 2.181816e+08 -7.498575e+08 -1.963508e+08 3.687288e+09
2.472428e-02 1.098497e+09 2.177894e+08 -7.067467e+08 -1.904177e+08 3.735942e+09
2.478701e-02 1.095834e+09 2.171900e+08 -6.633579e+08 -1.850815e+08 3.782014e+09
2.484983e-02 1.092987e+09 2.155817e+08 -6.169042e+08 -1.789762e+08 3.826479e+09
2.491274e-02 1.089836e+09 2.153624e+08 -5.762008e+08 -1.729319e+08 3.867927e+09
2.497552e-02 1.087430e+09 2.132277e+08 -5.340437e+08 -1.678989e+08 3.910049e+09
2.503835e-02 1.085845e+09 2.126052e+08 -4.931629e+08 -1.615737e+08 3.954862e+09
2.510120e-02 1.081854e+09 2.106546e+08 -4.517876e+08 -1.554539e+08 3.988618e+09
2.516403e-02 1.079352e+09 2.088161e+08 -4.110691e+08 -1.502554e+08 4.027416e+09
2.522691e-02 1.076153e+09 2.075340e+08 -3.728274e+08 -1.434790e+08 4.060040e+09
2.528974e-02 1.074140e+09 2.051534e+08 -3.337462e+08 -1.390665e+08 4.097531e+09
2.535254e-02 1.070357e+09 2.039834e+08 -3.003620e+08 -1.332896e+08 4.123694e+09
2.541543e-02 1.067977e+09 2.017379e+08 -2.611686e+08 -1.278006e+08 4.155998e+09
2.547829e-02 1.064053e+09 1.996283e+08 -2.257277e+08 -1.230637e+08 4.181162e+09
2.554104e-02 1.062114e+09 1.981582e+08 -1.951094e+08 -1.182834e+08 4.208815e+09
2.560379e-02 1.057600e+09 1.955528e+08 -1.583204e+08 -1.138497e+08 4.229072e+09
2.566670e-02 1.055489e+09 1.944817e+08 -1.297092e+08 -1.087000e+08 4.252792e+09
2.572959e-02 1.051390e+09 1.919418e+08 -9.803808e+07 -1.056483e+08 4.269796e+09
2.579238e-02 1.048501e+09 1.905300e+08 -6.951216e+07 -1.012645e+08 4.288566e+09
2.585524e-02 1.044459e+09 1.887923e+08 -4.176840e+07 -9.803089e+07 4.301091e+09
2.591809e-02 1.040756e+09 1.866983e+08 -1.433818e+07 -9.602045e+07 4.314213e+09
2.598089e-02 1.038311e+09 1.857250e+08 9.150672e+06 -9.262659e+07 4.329464e+09
2.604363e-02 1.033319e+09 1.835273e+08 3.711757e+07 -8.966186e+07 4.334528e+09
2.610648e-02 1.029213e+09 1.823192e+08 5.789903e+07 -8.781442e+07 4.339508e+09
2.616936e-02 1.024463e+09 1.807724e+08 7.848997e+07 -8.693644e+07 4.341430e+09
2.623211e-02 1.022224e+09 1.798305e+08 1.014503e+08 -8.510650e+07 4.353481e+09
2.629494e-02 1.015410e+09 1.783641e+08 1.177521e+08 -8.402876e+07 4.341456e+09
2.635781e-02 1.012205e+09 1.773672e+08 1.385989e+08 -8.341919e+07 4.347519e+09
2.642065e-02 1.006919e+09 1.763204e+08 1.531787e+08 -8.349696e+07 4.341102e+09
2.648348e-02 1.002542e+09 1.756194e+08 1.684291e+08 -8.370996e+07 4.337188e+09
2.654638e-02 9.963235e+08 1.745515e+08 1.830076e+08 -8.354817e+07 4.324531e+09
2.660925e-02 9.911098e+08 1.738741e+08 1.937526e+08 -8.473564e+07 4.314767e+09
2.667201e-02 9.868651e+08 1.734413e+08 2.095606e+08 -8.549118e+07 4.310033e+09
2.673488e-02 9.800508e+08 1.725586e+08 2.162223e+08 -8.766870e+07 4.290511e+09
2.679776e-02 9.744006e+08 1.724157e+08 2.266149e+08 -8.803302e+07 4.275223e+09
2.686060e-02 9.670478e+08 1.715065e+08 2.347306e+08 -9.014874e+07 4.253612e+09
2.692343e-02 9.623006e+08 1.715894e+08 2.413170e+08 -9.303489e+07 4.241047e+09
2.698622e-02 9.548735e+08 1.712216e+08 2.476944e+08 -9.478739e+07 4.215759e+09
2.704897e-02 9.477762e+08 1.707130e+08 2.512281e+08 -9.703278e+07 4.191180e+09
2.711177e-02 9.410352e+08 1.708519e+08 2.562549e+08 -9.922935e+07 4.167435e+09
2.717462e-02 9.333674e+08 1.703090e+08 2.567914e+08 -1.035900e+08 4.139111e+09
2.723749e-02 9.266623e+08 1.705272e+08 2.597931e+08 -1.053489e+08 4.113640e+09
2.730042e-02 9.183645e+08 1.701687e+08 2.601682e+08 -1.089027e+08 4.081265e+09
2.736320e-02 9.108892e+08 1.702043e+08 2.570579e+08 -1.124503e+08 4.050118e+09
2.742592e-02 9.025881e+08 1.701371e+08 2.587671e+08 -1.155562e+08 4.017639e+09
2.748882e-02 8.942015e+08 1.698686e+08 2.531233e+08 -1.198880e+08 3.980879e+09
2.755167e-02 8.855942e+08 1.698609e+08 2.521414e+08 -1.222972e+08 3.944783e+09
2.761450e-02 8.768765e+08 1.695244e+08 2.476696e+08 -1.257919e+08 3.906590e+09
2.767735e-02 8.680271e+08 1.695732e+08 2.421183e+08 -1.295066e+08 3.867298e+09
2.774019e-02 8.587215e+08 1.693748e+08 2.373127e+08 -1.334236e+08 3.825829e+09
2.780301e-02 8.499075e+08 1.691328e+08 2.292776e+08 -1.370551e+08 3.785298e+09
2.786580e-02 8.400026e+08 1.689747e+08 2.229479e+08 -1.398500e+08 3.739700e+09
2.792859e-02 8.310023e+08 1.687296e+08 2.131787e+08 -1.445576e+08 3.697224e+09
2.799145e-02 8.206678e+08 1.682511e+08 2.064198e+08 -1.474634e+08 3.649672e+09
2.805434e-02 8.115014e+08 1.681451e+08 1.959884e+08 -1.514590e+08 3.605500e+09
2.811718e-02 8.006282e+08 1.673690e+08 1.860344e+08 -1.544637e+08 3.553347e+09
2.817992e-02 7.907816e+08 1.670996e+08 1.769183e+08 -1.569813e+08 3.505926e+09
2.824273e-02 7.804738e+08 1.664148e+08 1.635768e+08 -1.616516e+08 3.455033e+09
2.830566e-02 7.704070e+08 1.660445e+08 1.538753e+08 -1.640974e+08 3.405994e+09
2.836851e-02 7.601464e+08 1.653676e+08 1.400144e+08 -1.679279e+08 3.354503e+09
2.843134e-02 7.488838e+08 1.644706e+08 1.268396e+08 -1.707235e+08 3.298141e+09
2.849418e-02 7.389213e+08 1.639500e+08 1.162928e+08 -1.731725e+08 3.248969e+09
2.855700e-02 7.280315e+08 1.628754e+08 9.992164e+07 -1.771083e+08 3.192569e+09
2.861981e-02 7.174783e+08 1.621472e+08 8.851750e+07 -1.789891e+08 3.140071e+09
2.868265e-02 7.059287e+08 1.608952e+08 7.264022e+07 -1.817704e+08 3.080026e+09
2.874550e-02 6.960865e+08 1.601078e+08 5.882522e+07 -1.848032e+08 3.029322e+09
2.880834e-02 6.849974e+08 1.589187e+08 4.437823e+07 -1.869562e+08 2.972177e+09
2.887116e-02 6.740874e+08 1.577484e+08 2.776971e+07 -1.896415e+08 2.914627e+09
2.893395e-02 6.631219e+08 1.564007e+08 1.398260e+07 -1.915484e+08 2.857829e+09
2.899675e-02 6.527240e+08 1.551324e+08 -2.966920e+06 -1.942037e+08 2.801922e+09
2.905957e-02 6.419330e+08 1.537904e+08 -1.750105e+07 -1.961231e+08 2.745703e+09
2.912242e-02 6.307276e+08 1.523130e+08 -3.399488e+07 -1.979549e+08 2.685905e+09
2.918528e-02 6.207512e+08 1.509293e+08 -5.101747e+07 -2.007588e+08 2.631533e+09
2.924811e-02 6.093114e+08 1.490993e+08 -6.483100e+07 -2.017891e+08 2.571330e+09
2.931098e-02 5.992845e+08 1.477267e+08 -8.406134e+07 -2.039231e+08 2.515428e+09
2.937380e-02 5.884621e+08 1.459460e+08 -9.850836e+07 -2.056276e+08 2.457934e+09
2.943661e-02 5.780033e+08 1.441507e+08 -1.154713e+08 -2.070690e+08 2.400108e+09
2.949948e-02 5.680639e+08 1.424653e+08 -1.315317e+08 -2.090229e+08 2.345186e+09
2.956230e-02 5.573303e+08 1.404838e+08 -1.472185e+08 -2.102186e+08 2.287206e+09
2.962512e-02 5.476777e+08 1.388075e+08 -1.649861e+08 -2.119732e+08 2.232264e+09
2.968798e-02 5.373356e+08 1.366748e+08 -1.798676e+08 -2.135216e+08 2.175385e+09
2.975080e-02 5.277297e+08 1.349259e+08 -1.968943e+08 -2.149315e+08 2.120639e+09
2.981362e-02 5.177899e+08 1.328225e+08 -2.119605e+08 -2.158273e+08 2.065486e+09
2.987648e-02 5.082852e+08 1.308320e+08 -2.282251e+08 -2.176962e+08 2.011296e+09
2.993931e-02 4.988198e+08 1.288647e+08 -2.439395e+08 -2.188659e+08 1.956774e+09
3.000209e-02 4.896004e+08 1.267011e+08 -2.580762e+08 -2.202513e+08 1.904902e+09
3.006488e-02 4.802668e+08 1.247093e+08 -2.745614e+08 -2.214283e+08 1.850239e+09
3.012771e-02 4.714953e+08 1.226156e+08 -2.888250e+08 -2.228843e+08 1.799856e+09
3.019054e-02 4.627530e+08 1.205902e+08 -3.033380e+08 -2.244464e+08 1.748551e+09
3.025338e-02 4.539750e+08 1.184739e+08 -3.179048e+08 -2.256732e+08 1.696742e+09
3.031628e-02 4.456644e+08 1.165531e+08 -3.309301e+08 -2.272942e+08 1.648606e+09
3.037913e-02 4.373817e+08 1.144452e+08 -3.457667e+08 -2.287083e+08 1.598169e+09
3.044197e-02 4.297833e+08 1.124920e+08 -3.579087e+08 -2.305920e+08 1.552790e+09
3.050478e-02 4.214322e+08 1.105876e+08 -3.715083e+08 -2.319667e+08 1.502421e+09
3.056757e-02 4.139888e+08 1.086172e+08 -3.827600e+08 -2.338913e+08 1.457973e+09
3.063042e-02 4.065178e+08 1.067669e+08 -3.946681e+08 -2.354394e+08 1.412381e+09
3.069327e-02 3.993564e+08 1.050122e+08 -4.063267e+08 -2.376951e+08 1.367765e+09
3.075615e-02 3.920742e+08 1.032174e+08 -4.161847e+08 -2.396265e+08 1.324431e+09
3.081897e-02 3.856286e+08 1.017226e+08 -4.275517e+08 -2.421677e+08 1.282710e+09
3.088177e-02 3.788059e+08 1.000391e+08 -4.361565e+08 -2.442363e+08 1.241579e+09
3.094460e-02 3.726106e+08 9.869178e+07 -4.458956e+08 -2.469469e+08 1.201855e+09
3.100745e-02 3.663146e+08 9.726751e+07 -4.537422e+08 -2.493837e+08 1.163311e+09
3.107031e-02 3.600456e+08 9.605033e+07 -4.606866e+08 -2.520667e+08 1.125364e+09
3.113311e-02 3.548750e+08 9.512362e+07 -4.692507e+08 -2.556714e+08 1.090538e+09
3.119592e-02 3.486802e+08 9.392108e+07 -4.737138e+08 -2.577997e+08 1.054622e+09
3.125876e-02 3.437434e+08 9.331188e+07 -4.805798e+08 -2.616788e+08 1.022737e+09
3.132160e-02 3.384793e+08 9.274350e+07 -4.848368e+08 -2.651919e+08 9.910648e+08
3.138440e-02 3.334126e+08 9.234959e+07 -4.881784e+08 -2.683038e+08 9.613898e+08
3.144727e-02 3.288535e+08 9.213110e+07 -4.920689e+08 -2.718091e+08 9.340702e+08
3.151008e-02 3.239219e+08 9.215271e+07 -4.929406e+08 -2.749961e+08 9.074085e+08
3.157285e-02 3.199784e+08 9.264198e+07 -4.954817e+08 -2.788099e+08 8.851270e+08
3.163570e-02 3.154438e+08 9.324370e+07 -4.946901e+08 -2.813794e+08 8.628351e+08
3.169852e-02 3.114761e+08 9.427906e+07 -4.941536e+08 -2.844556e+08 8.441130e+08
3.176139e-02 3.076640e+08 9.582229e+07 -4.925165e+08 -2.863989e+08 8.280876e+08
3.182425e-02 3.040139e+08 9.792933e+07 -4.890690e+08 -2.884796e+08 8.151462e+08
3.188706e-02 3.006091e+08 1.008041e+08 -4.856463e+08 -2.886146e+08 8.053359e+08
3.194991e-02 2.970681e+08 1.042781e+08 -4.796360e+08 -2.871067e+08 7.987997e+08
3.201276e-02 2.941479e+08 1.094784e+08 -4.737436e+08 -2.824061e+08 7.972881e+08
3.207553e-02 2.911436e+08 1.160159e+08 -4.657745e+08 -2.748973e+08 7.992972e+08
3.213836e-02 2.879419e+08 1.282516e+08 -4.559122e+08 -2.523547e+08 8.049960e+08
