# k, q0, q1/i, q2, q3/i, q4, norm, alpha = 4.96317e+00, 2.00751e-02
5.385587e-05 1.098483e+13 2.056994e+11 -1.209514e+09 2.898266e+10 -7.160570e+12
1.034961e-04 1.097546e+13 3.949805e+11 -1.299917e+09 -1.798885e+09 7.063894e+11
1.650345e-04 1.095477e+13 6.286506e+11 -2.162328e+09 -1.051369e+10 8.487010e+11
2.219461e-04 1.092775e+13 8.432200e+11 -5.715934e+09 4.478016e+09 -3.203817e+11
2.831569e-04 1.088952e+13 1.071932e+12 -8.184673e+09 -2.234717e+09 1.743085e+11
3.481074e-04 1.083915e+13 1.311575e+12 -1.187402e+10 -3.397201e+09 2.429123e+11
4.078467e-04 1.078626e+13 1.512922e+12 -4.109770e+10 1.778359e+10 -1.892947e+11
4.685721e-04 1.071816e+13 1.754778e+12 -8.385321e+09 2.465792e+09 4.170257e+10
5.344152e-04 1.063926e+13 1.978193e+12 -2.502126e+10 9.719990e+09 7.622579e+10
5.979215e-04 1.055432e+13 2.188380e+12 -3.895641e+10 1.918780e+10 -1.612442e+10
6.594309e-04 1.046218e+13 2.394403e+12 -4.369208e+10 2.805032e+10 -8.084284e+10
7.211547e-04 1.036206e+13 2.593141e+12 -4.827605e+10 2.859602e+10 9.910622e+10
7.842715e-04 1.025270e+13 2.784415e+12 -5.980507e+10 4.234148e+10 1.055494e+10
8.480725e-04 1.013262e+13 2.976652e+12 -6.605827e+10 5.513651e+10 -2.612191e+10
9.105595e-04 1.000603e+13 3.161652e+12 -6.895730e+10 6.375791e+10 -2.873382e+10
9.726731e-04 9.876431e+12 3.326235e+12 -7.899550e+10 7.883637e+10 -1.550412e+10
1.035373e-03 9.736762e+12 3.490910e+12 -8.340835e+10 9.305769e+10 3.494747e+10
1.098784e-03 9.590457e+12 3.643126e+12 -9.305605e+10 1.128590e+11 -5.579996e+10
1.161586e-03 9.438942e+12 3.787262e+12 -9.766806e+10 1.309862e+11 -7.594972e+09
1.224174e-03 9.281654e+12 3.922027e+12 -1.038936e+11 1.557443e+11 -6.314661e+10
1.288412e-03 9.114712e+12 4.051256e+12 -1.052070e+11 1.739966e+11 -2.597587e+09
1.351080e-03 8.947760e+12 4.163696e+12 -1.134278e+11 2.091461e+11 -1.218157e+11
1.412291e-03 8.778444e+12 4.269692e+12 -1.113420e+11 2.309526e+11 -5.531234e+10
1.475368e-03 8.602907e+12 4.362026e+12 -1.127039e+11 2.561383e+11 -5.978532e+10
1.538515e-03 8.420417e+12 4.450734e+12 -1.085829e+11 2.815604e+11 -3.493506e+10
1.601338e-03 8.239180e+12 4.518858e+12 -1.164214e+11 3.354171e+11 -1.876189e+11
1.665074e-03 8.048155e+12 4.587646e+12 -1.096217e+11 3.662302e+11 -1.575072e+11
1.728027e-03 7.859401e+12 4.643509e+12 -9.829215e+10 3.908167e+11 -8.377325e+10
1.789887e-03 7.669535e+12 4.686704e+12 -9.759174e+10 4.451511e+11 -1.914935e+11
1.852570e-03 7.479134e+12 4.720184e+12 -8.378414e+10 4.689499e+11 -1.509382e+11
1.915088e-03 7.286914e+12 4.741273e+12 -8.008238e+10 5.303209e+11 -2.407219e+11
1.978019e-03 7.089952e+12 4.760968e+12 -6.001111e+10 5.576779e+11 -1.899758e+11
2.041684e-03 6.892258e+12 4.763450e+12 -5.199376e+10 6.223903e+11 -2.791516e+11
2.104726e-03 6.698231e+12 4.758481e+12 -3.251069e+10 6.601506e+11 -2.727621e+11
2.167060e-03 6.503052e+12 4.747353e+12 -1.426495e+10 7.107854e+11 -3.073316e+11
2.229921e-03 6.309544e+12 4.724731e+12 6.011721e+09 7.623930e+11 -3.311227e+11
2.292794e-03 6.115295e+12 4.695955e+12 2.952640e+10 8.104545e+11 -3.618161e+11
2.355230e-03 5.924912e+12 4.656912e+12 5.100915e+10 8.729600e+11 -4.066394e+11
2.418331e-03 5.733791e+12 4.610825e+12 7.694747e+10 9.274972e+11 -4.487683e+11
2.481215e-03 5.544071e+12 4.559734e+12 1.073290e+11 9.757291e+11 -4.735747e+11
2.543891e-03 5.359735e+12 4.498407e+12 1.343091e+11 1.043023e+12 -5.182643e+11
2.607003e-03 5.172460e+12 4.435028e+12 1.689269e+11 1.091007e+12 -5.461843e+11
2.669740e-03 4.990934e+12 4.364289e+12 2.028940e+11 1.149783e+12 -5.713685e+11
2.732628e-03 4.815266e+12 4.282962e+12 2.339260e+11 1.214549e+12 -6.475619e+11
2.796013e-03 4.636395e+12 4.201933e+12 2.729219e+11 1.268405e+12 -6.730436e+11
2.858795e-03 4.464604e+12 4.115928e+12 3.097178e+11 1.334385e+12 -7.015690e+11
2.920959e-03 4.299849e+12 4.022928e+12 3.478108e+11 1.385353e+12 -7.706215e+11
2.983535e-03 4.134089e+12 3.930260e+12 3.883888e+11 1.446106e+12 -7.960159e+11
3.046449e-03 3.971769e+12 3.831617e+12 4.300900e+11 1.497790e+12 -8.482922e+11
3.109435e-03 3.814250e+12 3.732253e+12 4.733217e+11 1.557402e+12 -8.631874e+11
3.172429e-03 3.665176e+12 3.623366e+12 5.091676e+11 1.628170e+12 -9.575197e+11
3.235378e-03 3.513883e+12 3.518346e+12 5.565704e+11 1.671432e+12 -9.867075e+11
3.298350e-03 3.368451e+12 3.412150e+12 5.984128e+11 1.733459e+12 -1.022215e+12
3.361502e-03 3.225261e+12 3.303101e+12 6.452391e+11 1.775692e+12 -1.059973e+12
3.424034e-03 3.090939e+12 3.193886e+12 6.865713e+11 1.834279e+12 -1.106522e+12
3.486610e-03 2.961604e+12 3.083080e+12 7.282057e+11 1.887417e+12 -1.161402e+12
3.549533e-03 2.830918e+12 2.973516e+12 7.739657e+11 1.928930e+12 -1.189531e+12
3.612035e-03 2.713368e+12 2.862269e+12 8.095272e+11 1.997527e+12 -1.257827e+12
3.674842e-03 2.589880e+12 2.754796e+12 8.584345e+11 2.019396e+12 -1.267663e+12
3.737743e-03 2.478180e+12 2.644792e+12 8.957360e+11 2.074512e+12 -1.324089e+12
3.800817e-03 2.363694e+12 2.538159e+12 9.395678e+11 2.105867e+12 -1.341044e+12
3.863693e-03 2.262427e+12 2.429791e+12 9.740126e+11 2.156520e+12 -1.405716e+12
3.926624e-03 2.157742e+12 2.326219e+12 1.012945e+12 2.190375e+12 -1.427355e+12
3.989691e-03 2.061428e+12 2.222250e+12 1.049869e+12 2.223235e+12 -1.465256e+12
4.052279e-03 1.967268e+12 2.122605e+12 1.083630e+12 2.256624e+12 -1.494452e+12
4.115276e-03 1.876165e+12 2.022743e+12 1.118626e+12 2.280935e+12 -1.521468e+12
4.178091e-03 1.792529e+12 1.927317e+12 1.148214e+12 2.311552e+12 -1.554941e+12
4.240529e-03 1.709098e+12 1.834717e+12 1.177881e+12 2.334573e+12 -1.574060e+12
4.303566e-03 1.631485e+12 1.742677e+12 1.205224e+12 2.355240e+12 -1.603644e+12
4.366473e-03 1.556201e+12 1.655802e+12 1.229370e+12 2.376459e+12 -1.624305e+12
4.429136e-03 1.485438e+12 1.569227e+12 1.255346e+12 2.385407e+12 -1.641417e+12
4.491804e-03 1.413702e+12 1.487759e+12 1.277542e+12 2.394354e+12 -1.641736e+12
4.554524e-03 1.352423e+12 1.408306e+12 1.294461e+12 2.410661e+12 -1.673853e+12
4.617696e-03 1.289886e+12 1.332448e+12 1.310711e+12 2.414019e+12 -1.681675e+12
4.680743e-03 1.229714e+12 1.258995e+12 1.325309e+12 2.418359e+12 -1.687944e+12
4.743600e-03 1.173418e+12 1.188249e+12 1.337990e+12 2.416738e+12 -1.692439e+12
4.806460e-03 1.121276e+12 1.122591e+12 1.345945e+12 2.418061e+12 -1.703657e+12
4.869182e-03 1.070960e+12 1.057769e+12 1.354593e+12 2.410420e+12 -1.702792e+12
4.931803e-03 1.019860e+12 9.964595e+11 1.360996e+12 2.398462e+12 -1.690185e+12
4.994544e-03 9.753811e+11 9.391069e+11 1.363329e+12 2.388821e+12 -1.690333e+12
5.057296e-03 9.319460e+11 8.841934e+11 1.363089e+12 2.376836e+12 -1.687191e+12
5.120127e-03 8.915943e+11 8.332186e+11 1.360707e+12 2.360089e+12 -1.679255e+12
5.183244e-03 8.502108e+11 7.820838e+11 1.358142e+12 2.338670e+12 -1.661393e+12
5.246213e-03 8.128284e+11 7.356968e+11 1.351957e+12 2.317303e+12 -1.648166e+12
5.308940e-03 7.763656e+11 6.906051e+11 1.345361e+12 2.291012e+12 -1.626292e+12
5.371705e-03 7.437972e+11 6.504222e+11 1.333912e+12 2.267381e+12 -1.613958e+12
5.434764e-03 7.108522e+11 6.116504e+11 1.320437e+12 2.239113e+12 -1.595366e+12
5.497589e-03 6.797281e+11 5.730392e+11 1.310552e+12 2.204444e+12 -1.561145e+12
5.560094e-03 6.514623e+11 5.412703e+11 1.290420e+12 2.175836e+12 -1.548292e+12
5.623090e-03 6.225544e+11 5.067845e+11 1.277243e+12 2.137974e+12 -1.512209e+12
5.686167e-03 5.958801e+11 4.762671e+11 1.257813e+12 2.101365e+12 -1.483297e+12
5.748863e-03 5.700608e+11 4.482422e+11 1.236943e+12 2.062425e+12 -1.453114e+12
5.811791e-03 5.476098e+11 4.229679e+11 1.214692e+12 2.025861e+12 -1.425887e+12
5.874636e-03 5.227016e+11 3.970745e+11 1.191569e+12 1.981424e+12 -1.388809e+12
5.937271e-03 5.015224e+11 3.731345e+11 1.170697e+12 1.940314e+12 -1.351840e+12
6.000058e-03 4.803771e+11 3.524859e+11 1.143631e+12 1.896423e+12 -1.317909e+12
6.062729e-03 4.600205e+11 3.315622e+11 1.119458e+12 1.851688e+12 -1.278757e+12
6.125517e-03 4.408380e+11 3.116696e+11 1.093735e+12 1.805676e+12 -1.238149e+12
6.188708e-03 4.216529e+11 2.955253e+11 1.062889e+12 1.758143e+12 -1.203613e+12
6.251555e-03 4.053538e+11 2.784991e+11 1.037436e+12 1.714212e+12 -1.163086e+12
6.314077e-03 3.874612e+11 2.627999e+11 1.008038e+12 1.664106e+12 -1.121561e+12
6.377058e-03 3.712226e+11 2.475880e+11 9.805227e+11 1.616124e+12 -1.079045e+12
6.440009e-03 3.560558e+11 2.340367e+11 9.519551e+11 1.568951e+12 -1.038406e+12
6.502812e-03 3.407360e+11 2.223992e+11 9.194064e+11 1.519367e+12 -1.000386e+12
6.565726e-03 3.267860e+11 2.085294e+11 8.946867e+11 1.471883e+12 -9.533654e+11
6.628521e-03 3.125399e+11 1.986503e+11 8.613265e+11 1.422035e+12 -9.166217e+11
6.691272e-03 3.001448e+11 1.873551e+11 8.344342e+11 1.375878e+12 -8.735634e+11
6.754176e-03 2.870321e+11 1.779651e+11 8.029030e+11 1.326533e+12 -8.346809e+11
6.816888e-03 2.749036e+11 1.679966e+11 7.746860e+11 1.278394e+12 -7.923778e+11
6.879625e-03 2.634194e+11 1.582023e+11 7.483647e+11 1.231801e+12 -7.499496e+11
6.942449e-03 2.520607e+11 1.506135e+11 7.171231e+11 1.184215e+12 -7.130246e+11
7.005248e-03 2.417107e+11 1.428948e+11 6.895841e+11 1.140726e+12 -6.764729e+11
7.068136e-03 2.312620e+11 1.343637e+11 6.627944e+11 1.093021e+12 -6.344322e+11
7.131053e-03 2.213090e+11 1.271673e+11 6.350647e+11 1.047855e+12 -5.973169e+11
7.194010e-03 2.121643e+11 1.203013e+11 6.091226e+11 1.005620e+12 -5.616833e+11
7.256902e-03 2.025769e+11 1.139714e+11 5.807501e+11 9.604166e+11 -5.267114e+11
7.319748e-03 1.945248e+11 1.068318e+11 5.587441e+11 9.199148e+11 -4.893805e+11
7.382611e-03 1.858084e+11 1.013773e+11 5.311810e+11 8.771220e+11 -4.573919e+11
7.445306e-03 1.780595e+11 9.539274e+10 5.084892e+11 8.383383e+11 -4.249547e+11
7.507906e-03 1.705436e+11 9.024527e+10 4.838934e+11 7.997950e+11 -3.951213e+11
7.570818e-03 1.631308e+11 8.419508e+10 4.628451e+11 7.599581e+11 -3.611320e+11
7.633721e-03 1.564981e+11 7.977742e+10 4.399658e+11 7.250430e+11 -3.350971e+11
7.696586e-03 1.494165e+11 7.471275e+10 4.176218e+11 6.866850e+11 -3.056012e+11
7.759492e-03 1.434982e+11 7.024919e+10 3.976559e+11 6.537816e+11 -2.797789e+11
7.822382e-03 1.371177e+11 6.581335e+10 3.766804e+11 6.186345e+11 -2.537667e+11
7.885469e-03 1.316106e+11 6.157287e+10 3.586123e+11 5.873322e+11 -2.295742e+11
7.948044e-03 1.260445e+11 5.768498e+10 3.393711e+11 5.553329e+11 -2.064300e+11
8.010528e-03 1.208434e+11 5.358982e+10 3.225987e+11 5.245516e+11 -1.824333e+11
8.073516e-03 1.160631e+11 5.050601e+10 3.049779e+11 4.975734e+11 -1.650009e+11
8.136423e-03 1.109723e+11 4.676753e+10 2.880386e+11 4.675333e+11 -1.434662e+11
8.199228e-03 1.065390e+11 4.378791e+10 2.716780e+11 4.410212e+11 -1.259236e+11
8.262023e-03 1.024689e+11 4.072208e+10 2.577705e+11 4.156100e+11 -1.075014e+11
8.324981e-03 9.809374e+10 3.788848e+10 2.420601e+11 3.906110e+11 -9.248159e+10
8.388025e-03 9.443795e+10 3.538070e+10 2.288213e+11 3.679937e+11 -7.797460e+10
8.450798e-03 9.051313e+10 3.266976e+10 2.150825e+11 3.435572e+11 -6.194802e+10
8.513424e-03 8.724483e+10 3.067403e+10 2.029108e+11 3.235723e+11 -5.023428e+10
8.576219e-03 8.369893e+10 2.833959e+10 1.901836e+11 3.022084e+11 -3.785752e+10
8.639099e-03 8.055583e+10 2.653188e+10 1.785416e+11 2.832667e+11 -2.800692e+10
8.701941e-03 7.760431e+10 2.469919e+10 1.677940e+11 2.640551e+11 -1.622403e+10
8.764716e-03 7.465209e+10 2.301946e+10 1.571838e+11 2.459109e+11 -6.385339e+09
8.827545e-03 7.195879e+10 2.162376e+10 1.470580e+11 2.303008e+11 6.886567e+07
8.890404e-03 6.922639e+10 2.013199e+10 1.370307e+11 2.131113e+11 8.942543e+09
8.953189e-03 6.684175e+10 1.905361e+10 1.282172e+11 1.983175e+11 1.602462e+10
9.016039e-03 6.441110e+10 1.794973e+10 1.194293e+11 1.839723e+11 2.185787e+10
9.078883e-03 6.206956e+10 1.687558e+10 1.108146e+11 1.701676e+11 2.740119e+10
9.141797e-03 5.994788e+10 1.615750e+10 1.029982e+11 1.577380e+11 3.151522e+10
9.204714e-03 5.785706e+10 1.533527e+10 9.554081e+10 1.445608e+11 3.803981e+10
9.267500e-03 5.586951e+10 1.473017e+10 8.824107e+10 1.335749e+11 4.055775e+10
9.330389e-03 5.392122e+10 1.413748e+10 8.121617e+10 1.225721e+11 4.368693e+10
9.393353e-03 5.210859e+10 1.367645e+10 7.509989e+10 1.123032e+11 4.735168e+10
9.456033e-03 5.034811e+10 1.336487e+10 6.847918e+10 1.028422e+11 4.842571e+10
9.518699e-03 4.864513e+10 1.292713e+10 6.317944e+10 9.324372e+10 5.244093e+10
9.581480e-03 4.702086e+10 1.272267e+10 5.725789e+10 8.534912e+10 5.198229e+10
9.644431e-03 4.544763e+10 1.252922e+10 5.209099e+10 7.693547e+10 5.429234e+10
9.707436e-03 4.393815e+10 1.237936e+10 4.702362e+10 6.927796e+10 5.531221e+10
9.770160e-03 4.248726e+10 1.224811e+10 4.222807e+10 6.212091e+10 5.600816e+10
9.832865e-03 4.109076e+10 1.217009e+10 3.810873e+10 5.541973e+10 5.739272e+10
9.895597e-03 3.972173e+10 1.215356e+10 3.341146e+10 4.944076e+10 5.599746e+10
9.958595e-03 3.841393e+10 1.211030e+10 2.993591e+10 4.350977e+10 5.751071e+10
1.002149e-02 3.714191e+10 1.209021e+10 2.593362e+10 3.807941e+10 5.661626e+10
1.008410e-02 3.592320e+10 1.212457e+10 2.255558e+10 3.311106e+10 5.654248e+10
1.014702e-02 3.472338e+10 1.214904e+10 1.920739e+10 2.818589e+10 5.653676e+10
1.020999e-02 3.360263e+10 1.216624e+10 1.604015e+10 2.392404e+10 5.541093e+10
1.027280e-02 3.249709e+10 1.218111e+10 1.330257e+10 1.981714e+10 5.535044e+10
1.033567e-02 3.142642e+10 1.221870e+10 1.054076e+10 1.589010e+10 5.475280e+10
1.039854e-02 3.036725e+10 1.224784e+10 8.213429e+09 1.267377e+10 5.380903e+10
1.046130e-02 2.938665e+10 1.225210e+10 5.797454e+09 9.322882e+09 5.299996e+10
1.052408e-02 2.843026e+10 1.226884e+10 3.764620e+09 6.525960e+09 5.204531e+10
1.058689e-02 2.746274e+10 1.224423e+10 1.942047e+09 3.757014e+09 5.159075e+10
1.064973e-02 2.659471e+10 1.224235e+10 5.436748e+07 1.321775e+09 5.032892e+10
1.071266e-02 2.573737e+10 1.220527e+10 -1.599825e+09 -1.016459e+09 4.965557e+10
1.077552e-02 2.489155e+10 1.216516e+10 -2.892890e+09 -2.863697e+09 4.867033e+10
1.083829e-02 2.408127e+10 1.208219e+10 -4.206554e+09 -4.782330e+09 4.783398e+10
1.090115e-02 2.332253e+10 1.201568e+10 -5.359817e+09 -6.432652e+09 4.717231e+10
1.096400e-02 2.258282e+10 1.194672e+10 -6.405154e+09 -7.796337e+09 4.581241e+10
1.102688e-02 2.186970e+10 1.180774e+10 -7.200137e+09 -9.058455e+09 4.512353e+10
1.108967e-02 2.117202e+10 1.169781e+10 -7.915266e+09 -1.011983e+10 4.422665e+10
1.115232e-02 2.052880e+10 1.156292e+10 -8.527727e+09 -1.104627e+10 4.332926e+10
1.121507e-02 1.990367e+10 1.141940e+10 -8.994798e+09 -1.177316e+10 4.256686e+10
1.127797e-02 1.932387e+10 1.124193e+10 -9.396188e+09 -1.251773e+10 4.164925e+10
1.134099e-02 1.872992e+10 1.106716e+10 -9.631091e+09 -1.294612e+10 4.098386e+10
1.140372e-02 1.820179e+10 1.090042e+10 -9.796484e+09 -1.335876e+10 4.017256e+10
1.146650e-02 1.769136e+10 1.070605e+10 -9.881078e+09 -1.358986e+10 3.940500e+10
1.152952e-02 1.720392e+10 1.048588e+10 -9.857448e+09 -1.379319e+10 3.873257e+10
1.159236e-02 1.672941e+10 1.028723e+10 -9.737586e+09 -1.380863e+10 3.807177e+10
1.165521e-02 1.629486e+10 1.006672e+10 -9.527819e+09 -1.372180e+10 3.744118e+10
1.171802e-02 1.589253e+10 9.865672e+09 -9.353571e+09 -1.370936e+10 3.668187e+10
1.178091e-02 1.548201e+10 9.600515e+09 -8.913636e+09 -1.335980e+10 3.621893e+10
1.184377e-02 1.514310e+10 9.404080e+09 -8.588456e+09 -1.315750e+10 3.563369e+10
1.190645e-02 1.474974e+10 9.163730e+09 -8.120353e+09 -1.272203e+10 3.503924e+10
1.196918e-02 1.445014e+10 8.930056e+09 -7.614072e+09 -1.232104e+10 3.457304e+10
1.203205e-02 1.414749e+10 8.687360e+09 -7.044553e+09 -1.187317e+10 3.404796e+10
1.209494e-02 1.385673e+10 8.471121e+09 -6.484478e+09 -1.128767e+10 3.368337e+10
1.215771e-02 1.358982e+10 8.261028e+09 -5.902841e+09 -1.079797e+10 3.317967e+10
1.222054e-02 1.333887e+10 8.005492e+09 -5.164646e+09 -1.012127e+10 3.292442e+10
1.228344e-02 1.312228e+10 7.789874e+09 -4.492761e+09 -9.481708e+09 3.251714e+10
1.234640e-02 1.288181e+10 7.556482e+09 -3.769840e+09 -8.804890e+09 3.214572e+10
1.240915e-02 1.269844e+10 7.357976e+09 -3.051835e+09 -8.084619e+09 3.192914e+10
1.247184e-02 1.250138e+10 7.137909e+09 -2.243737e+09 -7.391968e+09 3.163674e+10
1.253470e-02 1.233996e+10 6.924227e+09 -1.514353e+09 -6.627240e+09 3.141336e+10
1.259754e-02 1.217724e+10 6.724561e+09 -7.279985e+08 -5.899146e+09 3.118726e+10
1.266036e-02 1.202912e+10 6.528395e+09 9.100483e+07 -5.131445e+09 3.103809e+10
1.272320e-02 1.187203e+10 6.315392e+09 9.249528e+08 -4.332441e+09 3.089207e+10
1.278608e-02 1.178049e+10 6.144859e+09 1.680339e+09 -3.620971e+09 3.076733e+10
1.284892e-02 1.166120e+10 5.976226e+09 2.458622e+09 -2.828606e+09 3.067523e+10
1.291183e-02 1.155574e+10 5.780379e+09 3.309907e+09 -2.089042e+09 3.066479e+10
1.297477e-02 1.144824e+10 5.616345e+09 4.099616e+09 -1.335142e+09 3.059377e+10
1.303751e-02 1.136074e+10 5.441457e+09 4.901175e+09 -5.856429e+08 3.061521e+10
1.310022e-02 1.130030e+10 5.301247e+09 5.637460e+09 1.088777e+08 3.057635e+10
1.316309e-02 1.121341e+10 5.122979e+09 6.497789e+09 8.826650e+08 3.070067e+10
1.322594e-02 1.115015e+10 5.004526e+09 7.206740e+09 1.528122e+09 3.071911e+10
1.328870e-02 1.109063e+10 4.844034e+09 7.971027e+09 2.226952e+09 3.085012e+10
1.335152e-02 1.103770e+10 4.717284e+09 8.677883e+09 2.868462e+09 3.093699e+10
1.341448e-02 1.099814e+10 4.598736e+09 9.451436e+09 3.552690e+09 3.111690e+10
1.347734e-02 1.093263e+10 4.452203e+09 1.016269e+10 4.143144e+09 3.128170e+10
1.354004e-02 1.088677e+10 4.345885e+09 1.080399e+10 4.709850e+09 3.137909e+10
1.360289e-02 1.086617e+10 4.227849e+09 1.152685e+10 5.342702e+09 3.161408e+10
1.366571e-02 1.082640e+10 4.138321e+09 1.215739e+10 5.890206e+09 3.180331e+10
1.372857e-02 1.078862e+10 4.015042e+09 1.283088e+10 6.412069e+09 3.205960e+10
1.379141e-02 1.075206e+10 3.925325e+09 1.338639e+10 6.884401e+09 3.226579e+10
1.385412e-02 1.073325e+10 3.838023e+09 1.404452e+10 7.404010e+09 3.256115e+10
1.391702e-02 1.070371e+10 3.758372e+09 1.459528e+10 7.875898e+09 3.279008e+10
1.397990e-02 1.067575e+10 3.673030e+09 1.513790e+10 8.294443e+09 3.302786e+10
1.404272e-02 1.063853e+10 3.586511e+09 1.567775e+10 8.690912e+09 3.332619e+10
1.410560e-02 1.061513e+10 3.530294e+09 1.619827e+10 9.108955e+09 3.358730e+10
1.416843e-02 1.059545e+10 3.467925e+09 1.668179e+10 9.481291e+09 3.386656e+10
1.423121e-02 1.055964e+10 3.406227e+09 1.712218e+10 9.816166e+09 3.412690e+10
1.429401e-02 1.053576e+10 3.335938e+09 1.761868e+10 1.013140e+10 3.447608e+10
1.435689e-02 1.050188e+10 3.303324e+09 1.799438e+10 1.043997e+10 3.470481e+10
1.441980e-02 1.048062e+10 3.250746e+09 1.841401e+10 1.074701e+10 3.499162e+10
1.448261e-02 1.043837e+10 3.211224e+09 1.872773e+10 1.098022e+10 3.519998e+10
1.454538e-02 1.040425e+10 3.169568e+09 1.912176e+10 1.122583e+10 3.554470e+10
1.460822e-02 1.036850e+10 3.131049e+09 1.945538e+10 1.143443e+10 3.580315e+10
1.467115e-02 1.033082e+10 3.109556e+09 1.972685e+10 1.164939e+10 3.601642e+10
1.473401e-02 1.029370e+10 3.081649e+09 1.999803e+10 1.184860e+10 3.623533e+10
1.479676e-02 1.023444e+10 3.052304e+09 2.022245e+10 1.196030e+10 3.645425e+10
1.485961e-02 1.020062e+10 3.036740e+09 2.051190e+10 1.215300e+10 3.673494e+10
1.492239e-02 1.014441e+10 3.014132e+09 2.065283e+10 1.225199e+10 3.686618e+10
1.498506e-02 1.009786e+10 3.006578e+09 2.085553e+10 1.238387e+10 3.711010e+10
1.504789e-02 1.003671e+10 2.995537e+09 2.102640e+10 1.251138e+10 3.720147e+10
1.511078e-02 9.972650e+09 2.965218e+09 2.116209e+10 1.252518e+10 3.746323e+10
1.517364e-02 9.910193e+09 2.968156e+09 2.121442e+10 1.261220e+10 3.749671e+10
1.523654e-02 9.848842e+09 2.965976e+09 2.131758e+10 1.268413e+10 3.762598e+10
1.529942e-02 9.772428e+09 2.945188e+09 2.138320e+10 1.267471e+10 3.777194e+10
1.536235e-02 9.701591e+09 2.942671e+09 2.144020e+10 1.272202e+10 3.783859e+10
1.542517e-02 9.623609e+09 2.932914e+09 2.143701e+10 1.269908e+10 3.792390e+10
1.548789e-02 9.540308e+09 2.930505e+09 2.142012e+10 1.271668e+10 3.789149e+10
1.555076e-02 9.456059e+09 2.925245e+09 2.140839e+10 1.270039e+10 3.795026e+10
1.561359e-02 9.364564e+09 2.903157e+09 2.135167e+10 1.261982e+10 3.795132e+10
1.567632e-02 9.277531e+09 2.911976e+09 2.131360e+10 1.263890e+10 3.793688e+10
1.573917e-02 9.178559e+09 2.886887e+09 2.119890e+10 1.252839e+10 3.788275e+10
1.580208e-02 9.078637e+09 2.887424e+09 2.112169e+10 1.250991e+10 3.778782e+10
1.586491e-02 8.982366e+09 2.867194e+09 2.098071e+10 1.238401e+10 3.775598e+10
1.592764e-02 8.877783e+09 2.852977e+09 2.084614e+10 1.229991e+10 3.764320e+10
1.599049e-02 8.766359e+09 2.838807e+09 2.069586e+10 1.222645e+10 3.747280e+10
1.605344e-02 8.662736e+09 2.814150e+09 2.050191e+10 1.206521e+10 3.738227e+10
1.611624e-02 8.542193e+09 2.802313e+09 2.033517e+10 1.199552e+10 3.716624e+10
1.617906e-02 8.437699e+09 2.769895e+09 2.013861e+10 1.183112e+10 3.704617e+10
1.624189e-02 8.311606e+09 2.746782e+09 1.992158e+10 1.172513e+10 3.676815e+10
1.630468e-02 8.193954e+09 2.717527e+09 1.968604e+10 1.157039e+10 3.654744e+10
1.636757e-02 8.076868e+09 2.690662e+09 1.944427e+10 1.141537e+10 3.632384e+10
1.643038e-02 7.953100e+09 2.657217e+09 1.920591e+10 1.127417e+10 3.603733e+10
1.649314e-02 7.833986e+09 2.609683e+09 1.896067e+10 1.108200e+10 3.580478e+10
1.655599e-02 7.698902e+09 2.586587e+09 1.866625e+10 1.095258e+10 3.541735e+10
1.661885e-02 7.575166e+09 2.538328e+09 1.837604e+10 1.074167e+10 3.512747e+10
1.668174e-02 7.455970e+09 2.495028e+09 1.812661e+10 1.059110e+10 3.481641e+10
1.674456e-02 7.323698e+09 2.446847e+09 1.780937e+10 1.038598e+10 3.444703e+10
1.680728e-02 7.199504e+09 2.408127e+09 1.749482e+10 1.020319e+10 3.407024e+10
1.687017e-02 7.062823e+09 2.355289e+09 1.718630e+10 1.001555e+10 3.365309e+10
1.693315e-02 6.942647e+09 2.302290e+09 1.689828e+10 9.835198e+09 3.327890e+10
1.699589e-02 6.813270e+09 2.255960e+09 1.657042e+10 9.634470e+09 3.286920e+10
1.705867e-02 6.678141e+09 2.201687e+09 1.622783e+10 9.440890e+09 3.238263e+10
1.712163e-02 6.557235e+09 2.144273e+09 1.589205e+10 9.217189e+09 3.197137e+10
1.718447e-02 6.427890e+09 2.090346e+09 1.558448e+10 9.041868e+09 3.150987e+10
1.724726e-02 6.305167e+09 2.036352e+09 1.524093e+10 8.832562e+09 3.105089e+10
1.731003e-02 6.169725e+09 1.982748e+09 1.488163e+10 8.633258e+09 3.051380e+10
1.737292e-02 6.051094e+09 1.921458e+09 1.456474e+10 8.431969e+09 3.004980e+10
1.743574e-02 5.928509e+09 1.867808e+09 1.420077e+10 8.212423e+09 2.955220e+10
1.749847e-02 5.801921e+09 1.813498e+09 1.387067e+10 8.034598e+09 2.900750e+10
1.756133e-02 5.679927e+09 1.757602e+09 1.350638e+10 7.813370e+09 2.849046e+10
1.762415e-02 5.558055e+09 1.699493e+09 1.317877e+10 7.629769e+09 2.794023e+10
1.768698e-02 5.439749e+09 1.648354e+09 1.281858e+10 7.419090e+09 2.740568e+10
1.774982e-02 5.319558e+09 1.597989e+09 1.246548e+10 7.225106e+09 2.684669e+10
1.781268e-02 5.204367e+09 1.544545e+09 1.212290e+10 7.025306e+09 2.630068e+10
1.787557e-02 5.092847e+09 1.493817e+09 1.176794e+10 6.815627e+09 2.574691e+10
1.793843e-02 4.969436e+09 1.441009e+09 1.141354e+10 6.623517e+09 2.513980e+10
1.800122e-02 4.863589e+09 1.398147e+09 1.106932e+10 6.430020e+09 2.459948e+10
1.806400e-02 4.748888e+09 1.349463e+09 1.073361e+10 6.254433e+09 2.400620e+10
1.812677e-02 4.641486e+09 1.307632e+09 1.037655e+10 6.048468e+09 2.343837e+10
1.818960e-02 4.529546e+09 1.261596e+09 1.002382e+10 5.851180e+09 2.283929e+10
1.825247e-02 4.421540e+09 1.222045e+09 9.672663e+09 5.665023e+09 2.225200e+10
1.831530e-02 4.326529e+09 1.186213e+09 9.354057e+09 5.487035e+09 2.171468e+10
1.837813e-02 4.211531e+09 1.144760e+09 8.993859e+09 5.295356e+09 2.108260e+10
1.844103e-02 4.115354e+09 1.110601e+09 8.652530e+09 5.102951e+09 2.052604e+10
1.850388e-02 4.010380e+09 1.074029e+09 8.319069e+09 4.925106e+09 1.992987e+10
1.856668e-02 3.916016e+09 1.046029e+09 8.000509e+09 4.758909e+09 1.937552e+10
1.862952e-02 3.820402e+09 1.014959e+09 7.657894e+09 4.565565e+09 1.880871e+10
1.869235e-02 3.715553e+09 9.797259e+08 7.315689e+09 4.377287e+09 1.820068e+10
1.875521e-02 3.627319e+09 9.585626e+08 7.007181e+09 4.216213e+09 1.766792e+10
1.881803e-02 3.533529e+09 9.321759e+08 6.687347e+09 4.046224e+09 1.710287e+10
1.888083e-02 3.442323e+09 9.058628e+08 6.367322e+09 3.868403e+09 1.654968e+10
1.894358e-02 3.352788e+09 8.821204e+08 6.041244e+09 3.682703e+09 1.600864e+10
1.900645e-02 3.263356e+09 8.601263e+08 5.740107e+09 3.523650e+09 1.546431e+10
1.906935e-02 3.181271e+09 8.436256e+08 5.439457e+09 3.361870e+09 1.495225e+10
1.913210e-02 3.091083e+09 8.193996e+08 5.129882e+09 3.188201e+09 1.440820e+10
1.919494e-02 3.009154e+09 8.003940e+08 4.830324e+09 3.016703e+09 1.390404e+10
1.925782e-02 2.929828e+09 7.872641e+08 4.549559e+09 2.867445e+09 1.341058e+10
1.932068e-02 2.847247e+09 7.662724e+08 4.264757e+09 2.703720e+09 1.290651e+10
1.938348e-02 2.771786e+09 7.539291e+08 3.978107e+09 2.543001e+09 1.243609e+10
1.944625e-02 2.691554e+09 7.314949e+08 3.706381e+09 2.378260e+09 1.195456e+10
1.950911e-02 2.620390e+09 7.235508e+08 3.443336e+09 2.236182e+09 1.150743e+10
1.957198e-02 2.545457e+09 7.060433e+08 3.182932e+09 2.081271e+09 1.105187e+10
1.963482e-02 2.473051e+09 6.911084e+08 2.926460e+09 1.931448e+09 1.061265e+10
1.969763e-02 2.404837e+09 6.802925e+08 2.677507e+09 1.783741e+09 1.019377e+10
1.976054e-02 2.336240e+09 6.645937e+08 2.442651e+09 1.640912e+09 9.779896e+09
1.982343e-02 2.270450e+09 6.546826e+08 2.202915e+09 1.501915e+09 9.379517e+09
1.988621e-02 2.204944e+09 6.387482e+08 1.979071e+09 1.357551e+09 8.989764e+09
1.994903e-02 2.143385e+09 6.294492e+08 1.765560e+09 1.231947e+09 8.616677e+09
2.001187e-02 2.082828e+09 6.174221e+08 1.555472e+09 1.100817e+09 8.258736e+09
2.007464e-02 2.022595e+09 6.027935e+08 1.350760e+09 9.650462e+08 7.902378e+09
2.013740e-02 1.967011e+09 5.935482e+08 1.159210e+09 8.477987e+08 7.575331e+09
2.020021e-02 1.910460e+09 5.819456e+08 9.723398e+08 7.260145e+08 7.242167e+09
2.026315e-02 1.857890e+09 5.711946e+08 7.941971e+08 6.107611e+08 6.934206e+09
2.032605e-02 1.805557e+09 5.598116e+08 6.232973e+08 4.959327e+08 6.635562e+09
2.038878e-02 1.756210e+09 5.487057e+08 4.625542e+08 3.882241e+08 6.349396e+09
2.045158e-02 1.708177e+09 5.411534e+08 3.095352e+08 2.907551e+08 6.075426e+09
2.051448e-02 1.662193e+09 5.288516e+08 1.640165e+08 1.844433e+08 5.811741e+09
2.057734e-02 1.618286e+09 5.197336e+08 2.593943e+07 9.207002e+07 5.567511e+09
2.064018e-02 1.575669e+09 5.103988e+08 -1.025078e+08 -6.897132e+05 5.326115e+09
2.070304e-02 1.533303e+09 5.012522e+08 -2.216490e+08 -8.487100e+07 5.097409e+09
2.076595e-02 1.495504e+09 4.925466e+08 -3.350482e+08 -1.650085e+08 4.884839e+09
2.082869e-02 1.458724e+09 4.837435e+08 -4.397178e+08 -2.447431e+08 4.684469e+09
2.089140e-02 1.422747e+09 4.764513e+08 -5.365524e+08 -3.130756e+08 4.490145e+09
2.095430e-02 1.388704e+09 4.684765e+08 -6.242697e+08 -3.814272e+08 4.307489e+09
2.101710e-02 1.356673e+09 4.618306e+08 -7.082533e+08 -4.443060e+08 4.138652e+09
2.107990e-02 1.326608e+09 4.549173e+08 -7.815532e+08 -5.019550e+08 3.978604e+09
2.114275e-02 1.297277e+09 4.484165e+08 -8.459550e+08 -5.546923e+08 3.830119e+09
2.120557e-02 1.269394e+09 4.419814e+08 -9.077578e+08 -6.031887e+08 3.687692e+09
2.126842e-02 1.244152e+09 4.370212e+08 -9.571087e+08 -6.487687e+08 3.560849e+09
2.133126e-02 1.220299e+09 4.322489e+08 -1.007261e+09 -6.886554e+08 3.441484e+09
2.139415e-02 1.197179e+09 4.271709e+08 -1.043879e+09 -7.229300e+08 3.329129e+09
2.145701e-02 1.174918e+09 4.229195e+08 -1.075664e+09 -7.547945e+08 3.226979e+09
2.151977e-02 1.155539e+09 4.193262e+08 -1.104053e+09 -7.827148e+08 3.136404e+09
2.158262e-02 1.136670e+09 4.159967e+08 -1.121829e+09 -8.025867e+08 3.048796e+09
2.164549e-02 1.119583e+09 4.126736e+08 -1.138416e+09 -8.242675e+08 2.976567e+09
2.170835e-02 1.102300e+09 4.097652e+08 -1.143634e+09 -8.377427e+08 2.905286e+09
2.177117e-02 1.088154e+09 4.079431e+08 -1.148693e+09 -8.504809e+08 2.848855e+09
2.183391e-02 1.074028e+09 4.052067e+08 -1.145884e+09 -8.581070e+08 2.796619e+09
2.189674e-02 1.061123e+09 4.035718e+08 -1.137048e+09 -8.607180e+08 2.750506e+09
2.195964e-02 1.049600e+09 4.019022e+08 -1.125811e+09 -8.640581e+08 2.716350e+09
2.202248e-02 1.038800e+09 4.005762e+08 -1.106384e+09 -8.597987e+08 2.683144e+09
2.208526e-02 1.030009e+09 3.994659e+08 -1.087115e+09 -8.580138e+08 2.664886e+09
2.214806e-02 1.021184e+09 3.985193e+08 -1.059913e+09 -8.487403e+08 2.647530e+09
2.221095e-02 1.013311e+09 3.976220e+08 -1.029543e+09 -8.377030e+08 2.636820e+09
2.227376e-02 1.006801e+09 3.964450e+08 -9.943740e+08 -8.276739e+08 2.637791e+09
2.233660e-02 1.001156e+09 3.962440e+08 -9.560594e+08 -8.095080e+08 2.638883e+09
2.239951e-02 9.959979e+08 3.951304e+08 -9.148129e+08 -7.939577e+08 2.648643e+09
2.246232e-02 9.916998e+08 3.943268e+08 -8.682525e+08 -7.733993e+08 2.662384e+09
2.252510e-02 9.883055e+08 3.937470e+08 -8.195082e+08 -7.525167e+08 2.684217e+09
2.258787e-02 9.859404e+08 3.931921e+08 -7.681290e+08 -7.301843e+08 2.712256e+09
2.265070e-02 9.831701e+08 3.917455e+08 -7.118432e+08 -7.026083e+08 2.738100e+09
2.271352e-02 9.827243e+08 3.915094e+08 -6.561263e+08 -6.795852e+08 2.778504e+09
2.277642e-02 9.817630e+08 3.902227e+08 -5.929894e+08 -6.484467e+08 2.818811e+09
2.283929e-02 9.822237e+08 3.896093e+08 -5.314578e+08 -6.217270e+08 2.866589e+09
2.290206e-02 9.823949e+08 3.879460e+08 -4.661935e+08 -5.913416e+08 2.914242e+09
2.296496e-02 9.834313e+08 3.861400e+08 -3.978756e+08 -5.590068e+08 2.967583e+09
2.302777e-02 9.858927e+08 3.858629e+08 -3.290450e+08 -5.284820e+08 3.029698e+09
2.309054e-02 9.875246e+08 3.833215e+08 -2.566840e+08 -4.930767e+08 3.088954e+09
2.315342e-02 9.904521e+08 3.811273e+08 -1.831831e+08 -4.608376e+08 3.154538e+09
2.321632e-02 9.932401e+08 3.794275e+08 -1.085860e+08 -4.256884e+08 3.222805e+09
2.327917e-02 9.972527e+08 3.779644e+08 -3.333505e+07 -3.900207e+08 3.295813e+09
2.334191e-02 1.001282e+09 3.758791e+08 4.568974e+07 -3.548389e+08 3.370887e+09
2.340472e-02 1.005235e+09 3.719168e+08 1.252586e+08 -3.182900e+08 3.446786e+09
2.346760e-02 1.010467e+09 3.712731e+08 2.025856e+08 -2.822363e+08 3.527135e+09
2.353050e-02 1.015296e+09 3.676620e+08 2.857121e+08 -2.443278e+08 3.610426e+09
2.359332e-02 1.020839e+09 3.650591e+08 3.652945e+08 -2.086714e+08 3.693935e+09
2.365605e-02 1.026569e+09 3.622442e+08 4.491796e+08 -1.710354e+08 3.781184e+09
2.371890e-02 1.032091e+09 3.594317e+08 5.291592e+08 -1.334239e+08 3.866182e+09
2.378176e-02 1.038681e+09 3.566756e+08 6.111543e+08 -9.978170e+07 3.958346e+09
2.384456e-02 1.044710e+09 3.526895e+08 6.966959e+08 -5.804596e+07 4.046139e+09
2.390740e-02 1.051208e+09 3.501854e+08 7.787218e+08 -2.306240e+07 4.138260e+09
2.397018e-02 1.057697e+09 3.469889e+08 8.607186e+08 1.423489e+07 4.229012e+09
2.403299e-02 1.064848e+09 3.437315e+08 9.428994e+08 4.974159e+07 4.323646e+09
2.409587e-02 1.071359e+09 3.407486e+08 1.023241e+09 8.521954e+07 4.414360e+09
2.415877e-02 1.078470e+09 3.372595e+08 1.108660e+09 1.248447e+08 4.508759e+09
2.422167e-02 1.085301e+09 3.345775e+08 1.187226e+09 1.579669e+08 4.601461e+09
2.428445e-02 1.091976e+09 3.309485e+08 1.265027e+09 1.932637e+08 4.691471e+09
2.434721e-02 1.099471e+09 3.277627e+08 1.348507e+09 2.288210e+08 4.787730e+09
2.441004e-02 1.105602e+09 3.252323e+08 1.422912e+09 2.630100e+08 4.874233e+09
2.447292e-02 1.112607e+09 3.217593e+08 1.501217e+09 2.965900e+08 4.967279e+09
2.453573e-02 1.119550e+09 3.190362e+08 1.574584e+09 3.272713e+08 5.056562e+09
2.459853e-02 1.126080e+09 3.160745e+08 1.651754e+09 3.635380e+08 5.145417e+09
2.466143e-02 1.132296e+09 3.130833e+08 1.723865e+09 3.927546e+08 5.232337e+09
2.472428e-02 1.138370e+09 3.108350e+08 1.794005e+09 4.261947e+08 5.315308e+09
2.478701e-02 1.145290e+09 3.080374e+08 1.863693e+09 4.543103e+08 5.403453e+09
2.484983e-02 1.150333e+09 3.051771e+08 1.930470e+09 4.835892e+08 5.481340e+09
2.491274e-02 1.155870e+09 3.028476e+08 1.998027e+09 5.148604e+08 5.561892e+09
2.497552e-02 1.162090e+09 3.004290e+08 2.062340e+09 5.402054e+08 5.643888e+09
2.503835e-02 1.166548e+09 2.984588e+08 2.121574e+09 5.677409e+08 5.715554e+09
2.510120e-02 1.171720e+09 2.962048e+08 2.183351e+09 5.950855e+08 5.790140e+09
2.516403e-02 1.175830e+09 2.937018e+08 2.240047e+09 6.176947e+08 5.860560e+09
2.522691e-02 1.180225e+09 2.920775e+08 2.297059e+09 6.448754e+08 5.929698e+09
2.528974e-02 1.184126e+09 2.902243e+08 2.347608e+09 6.658054e+08 5.994218e+09
2.535254e-02 1.187673e+09 2.877119e+08 2.400597e+09 6.880120e+08 6.058013e+09
2.541543e-02 1.190757e+09 2.865149e+08 2.448432e+09 7.107489e+08 6.116065e+09
2.547829e-02 1.193585e+09 2.848490e+08 2.496218e+09 7.310580e+08 6.176184e+09
2.554104e-02 1.195549e+09 2.834090e+08 2.536750e+09 7.494998e+08 6.225860e+09
2.560379e-02 1.197902e+09 2.815397e+08 2.580308e+09 7.670728e+08 6.279308e+09
2.566670e-02 1.199262e+09 2.800862e+08 2.617661e+09 7.849395e+08 6.324846e+09
2.572959e-02 1.200566e+09 2.790901e+08 2.654679e+09 8.006835e+08 6.371107e+09
2.579238e-02 1.201065e+09 2.775956e+08 2.687827e+09 8.163900e+08 6.410175e+09
2.585524e-02 1.201740e+09 2.761356e+08 2.719590e+09 8.293063e+08 6.448996e+09
2.591809e-02 1.201500e+09 2.749599e+08 2.748795e+09 8.425169e+08 6.483887e+09
2.598089e-02 1.200772e+09 2.741176e+08 2.771801e+09 8.543244e+08 6.511785e+09
2.604363e-02 1.199511e+09 2.727317e+08 2.797197e+09 8.648938e+08 6.539038e+09
2.610648e-02 1.198097e+09 2.716548e+08 2.817273e+09 8.747974e+08 6.562080e+09
2.616936e-02 1.196223e+09 2.710877e+08 2.835726e+09 8.835938e+08 6.582906e+09
2.623211e-02 1.193494e+09 2.701008e+08 2.849214e+09 8.908810e+08 6.596037e+09
2.629494e-02 1.190793e+09 2.686020e+08 2.866243e+09 8.981862e+08 6.612496e+09
2.635781e-02 1.187395e+09 2.676234e+08 2.873534e+09 9.018844e+08 6.618154e+09
2.642065e-02 1.183683e+09 2.676874e+08 2.882129e+09 9.090758e+08 6.624266e+09
2.648348e-02 1.179552e+09 2.665199e+08 2.886804e+09 9.112847e+08 6.625505e+09
2.654638e-02 1.174558e+09 2.647309e+08 2.892272e+09 9.133913e+08 6.625188e+09
2.660925e-02 1.169683e+09 2.651012e+08 2.891768e+09 9.164848e+08 6.619303e+09
2.667201e-02 1.163758e+09 2.640415e+08 2.887315e+09 9.157937e+08 6.606234e+09
2.673488e-02 1.157403e+09 2.629827e+08 2.883178e+09 9.157955e+08 6.593935e+09
2.679776e-02 1.151657e+09 2.620777e+08 2.878392e+09 9.140915e+08 6.581183e+09
2.686060e-02 1.144010e+09 2.614544e+08 2.869340e+09 9.139234e+08 6.558136e+09
2.692343e-02 1.136628e+09 2.609919e+08 2.854248e+09 9.094456e+08 6.531560e+09
2.698622e-02 1.129245e+09 2.595933e+08 2.844180e+09 9.056394e+08 6.509322e+09
2.704897e-02 1.120554e+09 2.588623e+08 2.827157e+09 9.013450e+08 6.476407e+09
2.711177e-02 1.112384e+09 2.579950e+08 2.810024e+09 8.959293e+08 6.444680e+09
2.717462e-02 1.102589e+09 2.571983e+08 2.787203e+09 8.899603e+08 6.402211e+09
2.723749e-02 1.093814e+09 2.562039e+08 2.766759e+09 8.819347e+08 6.366347e+09
2.730042e-02 1.083684e+09 2.549810e+08 2.742263e+09 8.740696e+08 6.321574e+09
2.736320e-02 1.073215e+09 2.537462e+08 2.714086e+09 8.643169e+08 6.273355e+09
2.742592e-02 1.063237e+09 2.530128e+08 2.687837e+09 8.559057e+08 6.225595e+09
2.748882e-02 1.052114e+09 2.516397e+08 2.657232e+09 8.457206e+08 6.172399e+09
2.755167e-02 1.040833e+09 2.501182e+08 2.625117e+09 8.335923e+08 6.116660e+09
2.761450e-02 1.028901e+09 2.487383e+08 2.591220e+09 8.227529e+08 6.056617e+09
2.767735e-02 1.017491e+09 2.473122e+08 2.557058e+09 8.105553e+08 5.997970e+09
2.774019e-02 1.005416e+09 2.459649e+08 2.520693e+09 7.972771e+08 5.934702e+09
2.780301e-02 9.926342e+08 2.440471e+08 2.481370e+09 7.836621e+08 5.867095e+09
2.786580e-02 9.799379e+08 2.422032e+08 2.442545e+09 7.692211e+08 5.799041e+09
2.792859e-02 9.673037e+08 2.406799e+08 2.401218e+09 7.551541e+08 5.728951e+09
2.799145e-02 9.540772e+08 2.387144e+08 2.359256e+09 7.396692e+08 5.655864e+09
2.805434e-02 9.403526e+08 2.362875e+08 2.314668e+09 7.223033e+08 5.579630e+09
2.811718e-02 9.267690e+08 2.336645e+08 2.270995e+09 7.066127e+08 5.502917e+09
2.817992e-02 9.137057e+08 2.321105e+08 2.226400e+09 6.899799e+08 5.428149e+09
2.824273e-02 8.991704e+08 2.289748e+08 2.179582e+09 6.726381e+08 5.344703e+09
2.830566e-02 8.851287e+08 2.269660e+08 2.130604e+09 6.547956e+08 5.261125e+09
2.836851e-02 8.710182e+08 2.242647e+08 2.082395e+09 6.363169e+08 5.178060e+09
2.843134e-02 8.570308e+08 2.214120e+08 2.035918e+09 6.187819e+08 5.096252e+09
2.849418e-02 8.423844e+08 2.188083e+08 1.983983e+09 5.990840e+08 5.007015e+09
2.855700e-02 8.276298e+08 2.150201e+08 1.933910e+09 5.793813e+08 4.918473e+09
2.861981e-02 8.133348e+08 2.126278e+08 1.883531e+09 5.604655e+08 4.830978e+09
2.868265e-02 7.991682e+08 2.092858e+08 1.834397e+09 5.419284e+08 4.743961e+09
2.874550e-02 7.842066e+08 2.060869e+08 1.780277e+09 5.203678e+08 4.650805e+09
2.880834e-02 7.693921e+08 2.026284e+08 1.728491e+09 5.004278e+08 4.558238e+09
2.887116e-02 7.553188e+08 1.993688e+08 1.678612e+09 4.815927e+08 4.469634e+09
2.893395e-02 7.406712e+08 1.963593e+08 1.625778e+09 4.610772e+08 4.376363e+09
2.899675e-02 7.261169e+08 1.922657e+08 1.573340e+09 4.401433e+08 4.283229e+09
2.905957e-02 7.115441e+08 1.891215e+08 1.520878e+09 4.200868e+08 4.188967e+09
2.912242e-02 6.974607e+08 1.858497e+08 1.469609e+09 4.004955e+08 4.097633e+09
2.918528e-02 6.830760e+08 1.821486e+08 1.416809e+09 3.791670e+08 4.002752e+09
2.924811e-02 6.689320e+08 1.784996e+08 1.366226e+09 3.589428e+08 3.910616e+09
2.931098e-02 6.548980e+08 1.748010e+08 1.313740e+09 3.385978e+08 3.816258e+09
2.937380e-02 6.410077e+08 1.718333e+08 1.262973e+09 3.194984e+08 3.723286e+09
2.943661e-02 6.271373e+08 1.680291e+08 1.211978e+09 2.986521e+08 3.629940e+09
2.949948e-02 6.135599e+08 1.647007e+08 1.161359e+09 2.789559e+08 3.537236e+09
2.956230e-02 5.997754e+08 1.615796e+08 1.111242e+09 2.600128e+08 3.443504e+09
2.962512e-02 5.868723e+08 1.578969e+08 1.061674e+09 2.399297e+08 3.353327e+09
2.968798e-02 5.736463e+08 1.549123e+08 1.013443e+09 2.210834e+08 3.262528e+09
2.975080e-02 5.608262e+08 1.516630e+08 9.642333e+08 2.017477e+08 3.171927e+09
2.981362e-02 5.479186e+08 1.486911e+08 9.170904e+08 1.835748e+08 3.081636e+09
2.987648e-02 5.352260e+08 1.455710e+08 8.693400e+08 1.646152e+08 2.991674e+09
2.993931e-02 5.232419e+08 1.428963e+08 8.232173e+08 1.468918e+08 2.905436e+09
3.000209e-02 5.109187e+08 1.400216e+08 7.780644e+08 1.286968e+08 2.818087e+09
3.006488e-02 4.991395e+08 1.372810e+08 7.330330e+08 1.117684e+08 2.732440e+09
3.012771e-02 4.873727e+08 1.348560e+08 6.886857e+08 9.411471e+07 2.646791e+09
3.019054e-02 4.761127e+08 1.324168e+08 6.455384e+08 7.728327e+07 2.564390e+09
3.025338e-02 4.647353e+08 1.300355e+08 6.037600e+08 6.104779e+07 2.481715e+09
3.031628e-02 4.538333e+08 1.279407e+08 5.619220e+08 4.437936e+07 2.400512e+09
3.037913e-02 4.432293e+08 1.257194e+08 5.210958e+08 2.848030e+07 2.321674e+09
3.044197e-02 4.325926e+08 1.238701e+08 4.815933e+08 1.309230e+07 2.242619e+09
3.050478e-02 4.225745e+08 1.221258e+08 4.435884e+08 -1.649796e+06 2.167713e+09
3.056757e-02 4.125450e+08 1.203138e+08 4.060812e+08 -1.674981e+07 2.092215e+09
3.063042e-02 4.027194e+08 1.187416e+08 3.691675e+08 -3.147908e+07 2.018680e+09
3.069327e-02 3.935178e+08 1.172883e+08 3.335474e+08 -4.557034e+07 1.948343e+09
3.075615e-02 3.840094e+08 1.159221e+08 2.998978e+08 -5.884679e+07 1.877394e+09
3.081897e-02 3.754140e+08 1.146553e+08 2.660887e+08 -7.281177e+07 1.810903e+09
3.088177e-02 3.666307e+08 1.134831e+08 2.344564e+08 -8.577075e+07 1.745011e+09
3.094460e-02 3.581967e+08 1.125208e+08 2.030314e+08 -9.829331e+07 1.680648e+09
3.100745e-02 3.500687e+08 1.113549e+08 1.734622e+08 -1.109118e+08 1.618775e+09
3.107031e-02 3.420962e+08 1.107086e+08 1.454342e+08 -1.226229e+08 1.559163e+09
3.113311e-02 3.348471e+08 1.099992e+08 1.170520e+08 -1.347574e+08 1.502002e+09
3.119592e-02 3.272007e+08 1.092670e+08 9.184931e+07 -1.454520e+08 1.445999e+09
3.125876e-02 3.203055e+08 1.087842e+08 6.646068e+07 -1.564958e+08 1.392567e+09
3.132160e-02 3.134869e+08 1.083000e+08 4.282711e+07 -1.672065e+08 1.341784e+09
3.138440e-02 3.069827e+08 1.080830e+08 2.097980e+07 -1.771723e+08 1.293405e+09
3.144727e-02 3.007018e+08 1.075381e+08 -4.571499e+05 -1.869030e+08 1.246231e+09
3.151008e-02 2.945862e+08 1.074968e+08 -1.966723e+07 -1.962155e+08 1.202333e+09
3.157285e-02 2.891974e+08 1.075302e+08 -3.828530e+07 -2.051290e+08 1.161500e+09
3.163570e-02 2.834595e+08 1.075654e+08 -5.502412e+07 -2.131461e+08 1.121493e+09
3.169852e-02 2.783909e+08 1.077340e+08 -7.061062e+07 -2.209754e+08 1.084814e+09
3.176139e-02 2.734853e+08 1.080706e+08 -8.505726e+07 -2.281796e+08 1.050913e+09
3.182425e-02 2.687858e+08 1.087464e+08 -9.768159e+07 -2.349382e+08 1.019139e+09
3.188706e-02 2.645593e+08 1.094183e+08 -1.092264e+08 -2.403379e+08 9.907252e+08
3.194991e-02 2.604016e+08 1.104252e+08 -1.190638e+08 -2.458010e+08 9.642880e+08
3.201276e-02 2.565099e+08 1.117175e+08 -1.277930e+08 -2.494049e+08 9.404897e+08
3.207553e-02 2.530403e+08 1.135113e+08 -1.349004e+08 -2.521971e+08 9.202806e+08
3.213836e-02 2.495200e+08 1.160664e+08 -1.402083e+08 -2.521481e+08 9.017032e+08
