# k, q0, q1/i, q2, q3/i, q4, norm, alpha = 243.8557397248968, 0.020160886971027085
5.385587e-05 1.103246e+13 2.076322e+11 -1.226310e+09 2.627302e+10 -7.322718e+12
1.034961e-04 1.102302e+13 3.986900e+11 -1.366229e+09 -1.616743e+09 7.226880e+11
1.650345e-04 1.100217e+13 6.345530e+11 -2.335107e+09 -9.494041e+09 8.682167e+11
2.219461e-04 1.097493e+13 8.511306e+11 -6.014677e+09 4.155675e+09 -3.277656e+11
2.831569e-04 1.093640e+13 1.081981e+12 -8.674684e+09 -1.830530e+09 1.782900e+11
3.481074e-04 1.088563e+13 1.323855e+12 -1.261258e+10 -2.725290e+09 2.484372e+11
4.078467e-04 1.083233e+13 1.527049e+12 -4.736284e+10 1.695239e+10 -1.934881e+11
4.685721e-04 1.076368e+13 1.771167e+12 -6.396223e+09 2.983635e+09 4.254490e+10
5.344152e-04 1.068416e+13 1.996624e+12 -2.586915e+10 1.018114e+10 7.798006e+10
5.979215e-04 1.059856e+13 2.208716e+12 -4.178726e+10 1.921136e+10 -1.651544e+10
6.594309e-04 1.050570e+13 2.416599e+12 -4.621792e+10 2.786828e+10 -8.272229e+10
7.211547e-04 1.040480e+13 2.617123e+12 -5.128176e+10 2.922927e+10 1.014750e+11
7.842715e-04 1.029460e+13 2.810078e+12 -6.412596e+10 4.250885e+10 1.078035e+10
8.480725e-04 1.017358e+13 3.003994e+12 -7.040580e+10 5.524199e+10 -2.655320e+10
9.105595e-04 1.004601e+13 3.190594e+12 -7.267225e+10 6.411422e+10 -2.936743e+10
9.726731e-04 9.915419e+12 3.356559e+12 -8.419084e+10 7.917496e+10 -1.575949e+10
1.035373e-03 9.774684e+12 3.522611e+12 -8.893788e+10 9.384095e+10 3.600309e+10
1.098784e-03 9.627269e+12 3.676036e+12 -9.953259e+10 1.131326e+11 -5.695665e+10
1.161586e-03 9.474614e+12 3.821312e+12 -1.049317e+11 1.316545e+11 -7.454177e+09
1.224174e-03 9.316150e+12 3.957088e+12 -1.116108e+11 1.561708e+11 -6.420672e+10
1.288412e-03 9.147963e+12 4.087278e+12 -1.136198e+11 1.750351e+11 -2.244588e+09
1.351080e-03 8.979788e+12 4.200450e+12 -1.224632e+11 2.093979e+11 -1.239760e+11
1.412291e-03 8.809224e+12 4.307171e+12 -1.208099e+11 2.319347e+11 -5.589386e+10
1.475368e-03 8.632418e+12 4.400036e+12 -1.232990e+11 2.572463e+11 -6.045386e+10
1.538515e-03 8.448607e+12 4.489252e+12 -1.196504e+11 2.831672e+11 -3.512045e+10
1.601338e-03 8.266105e+12 4.557563e+12 -1.282177e+11 3.357860e+11 -1.906419e+11
1.665074e-03 8.073725e+12 4.626615e+12 -1.217462e+11 3.672373e+11 -1.597579e+11
1.728027e-03 7.883647e+12 4.682659e+12 -1.114767e+11 3.927180e+11 -8.448093e+10
1.789887e-03 7.692487e+12 4.725765e+12 -1.106892e+11 4.464514e+11 -1.941101e+11
1.852570e-03 7.500790e+12 4.759162e+12 -9.806927e+10 4.708859e+11 -1.529331e+11
1.915088e-03 7.307303e+12 4.779916e+12 -9.466812e+10 5.316956e+11 -2.440120e+11
1.978019e-03 7.109017e+12 4.799399e+12 -7.521341e+10 5.599814e+11 -1.923636e+11
2.041684e-03 6.910060e+12 4.801328e+12 -6.736351e+10 6.241965e+11 -2.828372e+11
2.104726e-03 6.714797e+12 4.795833e+12 -4.878912e+10 6.623648e+11 -2.763258e+11
2.167060e-03 6.518389e+12 4.784087e+12 -3.072811e+10 7.131154e+11 -3.113813e+11
2.229921e-03 6.323702e+12 4.760721e+12 -1.096028e+10 7.649094e+11 -3.353863e+11
2.292794e-03 6.128278e+12 4.731152e+12 1.222088e+10 8.131089e+11 -3.665827e+11
2.355230e-03 5.936789e+12 4.691175e+12 3.349154e+10 8.756330e+11 -4.119054e+11
2.418331e-03 5.744581e+12 4.644093e+12 5.918111e+10 9.302224e+11 -4.545813e+11
2.481215e-03 5.553785e+12 4.591999e+12 8.930831e+10 9.786853e+11 -4.798387e+11
2.543891e-03 5.368472e+12 4.529520e+12 1.161216e+11 1.046059e+12 -5.248262e+11
2.607003e-03 5.180182e+12 4.465034e+12 1.506773e+11 1.094264e+12 -5.533138e+11
2.669740e-03 4.997715e+12 4.393122e+12 1.845280e+11 1.153351e+12 -5.786565e+11
2.732628e-03 4.821236e+12 4.310406e+12 2.155625e+11 1.217802e+12 -6.559180e+11
2.796013e-03 4.641487e+12 4.228127e+12 2.546106e+11 1.271994e+12 -6.816672e+11
2.858795e-03 4.468900e+12 4.140846e+12 2.914327e+11 1.338260e+12 -7.103566e+11
2.920959e-03 4.303471e+12 4.046394e+12 3.296168e+11 1.388930e+12 -7.806056e+11
2.983535e-03 4.136992e+12 3.952433e+12 3.703780e+11 1.450074e+12 -8.060140e+11
3.046449e-03 3.974029e+12 3.852373e+12 4.123567e+11 1.501673e+12 -8.591447e+11
3.109435e-03 3.815886e+12 3.751730e+12 4.556081e+11 1.561759e+12 -8.740051e+11
3.172429e-03 3.666401e+12 3.641238e+12 4.919990e+11 1.632016e+12 -9.695469e+11
3.235378e-03 3.514591e+12 3.534855e+12 5.396745e+11 1.675555e+12 -9.991221e+11
3.298350e-03 3.368696e+12 3.427347e+12 5.818794e+11 1.737774e+12 -1.034946e+12
3.361502e-03 3.225087e+12 3.316933e+12 6.290962e+11 1.780041e+12 -1.073300e+12
3.424034e-03 3.090446e+12 3.206387e+12 6.708749e+11 1.838689e+12 -1.120235e+12
3.486610e-03 2.960873e+12 3.094213e+12 7.130101e+11 1.891724e+12 -1.175727e+12
3.549533e-03 2.829878e+12 2.983413e+12 7.592671e+11 1.933358e+12 -1.204286e+12
3.612035e-03 2.712248e+12 2.870841e+12 7.955643e+11 2.001943e+12 -1.273230e+12
3.674842e-03 2.588477e+12 2.762267e+12 8.447483e+11 2.023834e+12 -1.283211e+12
3.737743e-03 2.476738e+12 2.651039e+12 8.827738e+11 2.078911e+12 -1.340268e+12
3.800817e-03 2.362065e+12 2.543389e+12 9.270761e+11 2.110379e+12 -1.357295e+12
3.863693e-03 2.260901e+12 2.433819e+12 9.623432e+11 2.160820e+12 -1.422746e+12
3.926624e-03 2.156124e+12 2.329330e+12 1.001862e+12 2.194776e+12 -1.444498e+12
3.989691e-03 2.059893e+12 2.224356e+12 1.039410e+12 2.227525e+12 -1.482808e+12
4.052279e-03 1.965756e+12 2.123871e+12 1.073833e+12 2.260910e+12 -1.512283e+12
4.115276e-03 1.874730e+12 2.023139e+12 1.109523e+12 2.285115e+12 -1.539525e+12
4.178091e-03 1.791252e+12 1.926953e+12 1.139758e+12 2.315659e+12 -1.573274e+12
4.240529e-03 1.707893e+12 1.833712e+12 1.170085e+12 2.338687e+12 -1.592527e+12
4.303566e-03 1.630491e+12 1.740963e+12 1.198145e+12 2.359167e+12 -1.622448e+12
4.366473e-03 1.555346e+12 1.653593e+12 1.222945e+12 2.380396e+12 -1.643157e+12
4.429136e-03 1.484825e+12 1.566411e+12 1.249554e+12 2.389128e+12 -1.660268e+12
4.491804e-03 1.413128e+12 1.484634e+12 1.272238e+12 2.398023e+12 -1.660558e+12
4.554524e-03 1.352216e+12 1.404708e+12 1.289981e+12 2.414264e+12 -1.692975e+12
4.617696e-03 1.289873e+12 1.328553e+12 1.306785e+12 2.417359e+12 -1.700627e+12
4.680743e-03 1.229887e+12 1.254890e+12 1.321983e+12 2.421654e+12 -1.706949e+12
4.743600e-03 1.173828e+12 1.183916e+12 1.335219e+12 2.419833e+12 -1.711351e+12
4.806460e-03 1.121957e+12 1.118160e+12 1.343813e+12 2.421097e+12 -1.722551e+12
4.869182e-03 1.071914e+12 1.053188e+12 1.352980e+12 2.413249e+12 -1.721496e+12
4.931803e-03 1.020902e+12 9.919296e+11 1.359783e+12 2.401109e+12 -1.708603e+12
4.994544e-03 9.767071e+11 9.345862e+11 1.362632e+12 2.391330e+12 -1.708546e+12
5.057296e-03 9.335082e+11 8.797481e+11 1.362926e+12 2.379225e+12 -1.705312e+12
5.120127e-03 8.934027e+11 8.289055e+11 1.360920e+12 2.362268e+12 -1.697024e+12
5.183244e-03 8.521571e+11 7.779261e+11 1.358738e+12 2.340637e+12 -1.678872e+12
5.246213e-03 8.149722e+11 7.317570e+11 1.352932e+12 2.319115e+12 -1.665293e+12
5.308940e-03 7.786506e+11 6.868845e+11 1.346614e+12 2.292578e+12 -1.642988e+12
5.371705e-03 7.463154e+11 6.469888e+11 1.335561e+12 2.268862e+12 -1.630363e+12
5.434764e-03 7.134926e+11 6.085571e+11 1.322416e+12 2.240408e+12 -1.611527e+12
5.497589e-03 6.824835e+11 5.702092e+11 1.312599e+12 2.205436e+12 -1.576530e+12
5.560094e-03 6.543766e+11 5.388662e+11 1.292860e+12 2.176748e+12 -1.563616e+12
5.623090e-03 6.255368e+11 5.047045e+11 1.279781e+12 2.138661e+12 -1.526765e+12
5.686167e-03 5.989417e+11 4.745712e+11 1.260507e+12 2.101825e+12 -1.497461e+12
5.748863e-03 5.731535e+11 4.469731e+11 1.239797e+12 2.062669e+12 -1.466784e+12
5.811791e-03 5.508644e+11 4.221089e+11 1.217692e+12 2.026060e+12 -1.439117e+12
5.874636e-03 5.258729e+11 3.966396e+11 1.194645e+12 1.981293e+12 -1.401551e+12
5.937271e-03 5.047810e+11 3.730640e+11 1.173813e+12 1.940092e+12 -1.363902e+12
6.000058e-03 4.836079e+11 3.528755e+11 1.146790e+12 1.895983e+12 -1.329538e+12
6.062729e-03 4.632224e+11 3.323563e+11 1.122630e+12 1.851096e+12 -1.289741e+12
6.125517e-03 4.440142e+11 3.128155e+11 1.096884e+12 1.804863e+12 -1.248576e+12
6.188708e-03 4.247086e+11 2.971718e+11 1.066075e+12 1.757129e+12 -1.213689e+12
6.251555e-03 4.084609e+11 2.804719e+11 1.040548e+12 1.713176e+12 -1.172512e+12
6.314077e-03 3.903872e+11 2.651681e+11 1.011108e+12 1.662788e+12 -1.130461e+12
6.377058e-03 3.740623e+11 2.502871e+11 9.835254e+11 1.614658e+12 -1.087345e+12
6.440009e-03 3.588048e+11 2.370807e+11 9.548547e+11 1.567370e+12 -1.046178e+12
6.502812e-03 3.433326e+11 2.258142e+11 9.222972e+11 1.517654e+12 -1.007793e+12
6.565726e-03 3.292580e+11 2.121799e+11 8.973860e+11 1.470002e+12 -9.599827e+11
6.628521e-03 3.148331e+11 2.026457e+11 8.640247e+11 1.420048e+12 -9.230069e+11
6.691272e-03 3.023348e+11 1.915666e+11 8.369697e+11 1.373829e+12 -8.793115e+11
6.754176e-03 2.890185e+11 1.824498e+11 8.053748e+11 1.324353e+12 -8.401015e+11
6.816888e-03 2.766999e+11 1.726714e+11 7.770342e+11 1.276076e+12 -7.972656e+11
6.879625e-03 2.650274e+11 1.630416e+11 7.505710e+11 1.229371e+12 -7.542582e+11
6.942449e-03 2.534714e+11 1.556475e+11 7.192655e+11 1.181737e+12 -7.170553e+11
7.005248e-03 2.429672e+11 1.481005e+11 6.916119e+11 1.138276e+12 -6.801808e+11
7.068136e-03 2.322792e+11 1.396301e+11 6.647109e+11 1.090397e+12 -6.375916e+11
7.131053e-03 2.221163e+11 1.325302e+11 6.369046e+11 1.045186e+12 -6.001497e+11
7.194010e-03 2.127928e+11 1.257438e+11 6.108521e+11 1.002970e+12 -5.641684e+11
7.256902e-03 2.029578e+11 1.194672e+11 5.824400e+11 9.577025e+11 -5.289880e+11
7.319748e-03 1.947256e+11 1.123077e+11 5.603053e+11 9.171559e+11 -4.911444e+11
7.382611e-03 1.857767e+11 1.068767e+11 5.327218e+11 8.743852e+11 -4.590053e+11
7.445306e-03 1.778254e+11 1.008766e+11 5.099525e+11 8.355980e+11 -4.262958e+11
7.507906e-03 1.701339e+11 9.569139e+10 4.853126e+11 7.971256e+11 -3.963033e+11
7.570818e-03 1.624631e+11 8.954182e+10 4.642283e+11 7.571753e+11 -3.619173e+11
7.633721e-03 1.556843e+11 8.508450e+10 4.413102e+11 7.224295e+11 -3.358067e+11
7.696586e-03 1.483559e+11 7.990385e+10 4.189846e+11 6.840504e+11 -3.061471e+11
7.759492e-03 1.422978e+11 7.533065e+10 3.989834e+11 6.512494e+11 -2.801491e+11
7.822382e-03 1.357032e+11 7.076522e+10 3.780467e+11 6.161549e+11 -2.540607e+11
7.885469e-03 1.300226e+11 6.639111e+10 3.599567e+11 5.849121e+11 -2.296874e+11
7.948044e-03 1.242858e+11 6.234990e+10 3.407609e+11 5.530191e+11 -2.064874e+11
8.010528e-03 1.188977e+11 5.805691e+10 3.240209e+11 5.222240e+11 -1.823071e+11
8.073516e-03 1.139952e+11 5.485751e+10 3.064119e+11 4.954615e+11 -1.649227e+11
8.136423e-03 1.087117e+11 5.090815e+10 2.895724e+11 4.654708e+11 -1.433566e+11
8.199228e-03 1.041587e+11 4.775589e+10 2.732678e+11 4.391408e+11 -1.258324e+11
8.262023e-03 9.995493e+10 4.448364e+10 2.594047e+11 4.137872e+11 -1.072724e+11
8.324981e-03 9.543659e+10 4.146673e+10 2.437927e+11 3.889670e+11 -9.236999e+10
8.388025e-03 9.167095e+10 3.877978e+10 2.306017e+11 3.664625e+11 -7.787960e+10
8.450798e-03 8.760492e+10 3.583475e+10 2.169942e+11 3.421512e+11 -6.185253e+10
8.513424e-03 8.426974e+10 3.366579e+10 2.048754e+11 3.223326e+11 -5.016448e+10
8.576219e-03 8.059898e+10 3.111423e+10 1.922714e+11 3.011045e+11 -3.789795e+10
8.639099e-03 7.736956e+10 2.913809e+10 1.807057e+11 2.823510e+11 -2.814336e+10
8.701941e-03 7.434704e+10 2.708152e+10 1.700691e+11 2.632524e+11 -1.636144e+10
8.764716e-03 7.131444e+10 2.520212e+10 1.595741e+11 2.452825e+11 -6.570050e+09
8.827545e-03 6.855731e+10 2.364244e+10 1.495173e+11 2.298129e+11 -2.918168e+08
8.890404e-03 6.574984e+10 2.194801e+10 1.396266e+11 2.128194e+11 8.494347e+09
8.953189e-03 6.333382e+10 2.069170e+10 1.309000e+11 1.981672e+11 1.552645e+10
9.016039e-03 6.084440e+10 1.942125e+10 1.222068e+11 1.839845e+11 2.123132e+10
9.078883e-03 5.845800e+10 1.816406e+10 1.137062e+11 1.703543e+11 2.665109e+10
9.141797e-03 5.630661e+10 1.730541e+10 1.059547e+11 1.580673e+11 3.063906e+10
9.204714e-03 5.419766e+10 1.629485e+10 9.862820e+10 1.450717e+11 3.712257e+10
9.267500e-03 5.218084e+10 1.555715e+10 9.139073e+10 1.342200e+11 3.948250e+10
9.330389e-03 5.021173e+10 1.482096e+10 8.445224e+10 1.233989e+11 4.248276e+10
9.393353e-03 4.839806e+10 1.420237e+10 7.842452e+10 1.132465e+11 4.609996e+10
9.456033e-03 4.662702e+10 1.379610e+10 7.185091e+10 1.039645e+11 4.699071e+10
9.518699e-03 4.492270e+10 1.318933e+10 6.664901e+10 9.447479e+10 5.099674e+10
9.581480e-03 4.329072e+10 1.289834e+10 6.075647e+10 8.670944e+10 5.035071e+10
9.644431e-03 4.173686e+10 1.258255e+10 5.566002e+10 7.844998e+10 5.260625e+10
9.707436e-03 4.023981e+10 1.233116e+10 5.063363e+10 7.092574e+10 5.352027e+10
9.770160e-03 3.879492e+10 1.210309e+10 4.588306e+10 6.388713e+10 5.410009e+10
9.832865e-03 3.742972e+10 1.191479e+10 4.180146e+10 5.729477e+10 5.546426e+10
9.895597e-03 3.606898e+10 1.184432e+10 3.711032e+10 5.143586e+10 5.389414e+10
9.958595e-03 3.479918e+10 1.168473e+10 3.367864e+10 4.558626e+10 5.542280e+10
1.002149e-02 3.353800e+10 1.160381e+10 2.967297e+10 4.024803e+10 5.439698e+10
1.008410e-02 3.236016e+10 1.156464e+10 2.630151e+10 3.536511e+10 5.428687e+10
1.014702e-02 3.119729e+10 1.152378e+10 2.296541e+10 3.056166e+10 5.420572e+10
1.020999e-02 3.009798e+10 1.148435e+10 1.977358e+10 2.633751e+10 5.300662e+10
1.027280e-02 2.903481e+10 1.142359e+10 1.704058e+10 2.230605e+10 5.292523e+10
1.033567e-02 2.799922e+10 1.142292e+10 1.425017e+10 1.844471e+10 5.225047e+10
1.039854e-02 2.699126e+10 1.139657e+10 1.190075e+10 1.527557e+10 5.130155e+10
1.046130e-02 2.604649e+10 1.135668e+10 9.453477e+09 1.198265e+10 5.042988e+10
1.052408e-02 2.513368e+10 1.131967e+10 7.391493e+09 9.202818e+09 4.946600e+10
1.058689e-02 2.421686e+10 1.126315e+10 5.527104e+09 6.490439e+09 4.898716e+10
1.064973e-02 2.339398e+10 1.122368e+10 3.592486e+09 4.063818e+09 4.769226e+10
1.071266e-02 2.258061e+10 1.114563e+10 1.902378e+09 1.766812e+09 4.699500e+10
1.077552e-02 2.179246e+10 1.106990e+10 5.545142e+08 -8.624547e+07 4.602811e+10
1.083829e-02 2.102878e+10 1.096587e+10 -8.194484e+08 -1.985670e+09 4.515912e+10
1.090115e-02 2.032407e+10 1.086656e+10 -2.021963e+09 -3.623185e+09 4.449430e+10
1.096400e-02 1.963572e+10 1.076646e+10 -3.121129e+09 -5.000563e+09 4.314045e+10
1.102688e-02 1.897542e+10 1.060547e+10 -3.982628e+09 -6.270559e+09 4.245447e+10
1.108967e-02 1.833693e+10 1.047282e+10 -4.755626e+09 -7.342605e+09 4.156834e+10
1.115232e-02 1.774336e+10 1.031112e+10 -5.426372e+09 -8.293511e+09 4.068503e+10
1.121507e-02 1.718714e+10 1.015186e+10 -5.960538e+09 -9.024520e+09 3.993738e+10
1.127797e-02 1.665256e+10 9.957075e+09 -6.430255e+09 -9.813096e+09 3.901948e+10
1.134099e-02 1.612689e+10 9.768431e+09 -6.727611e+09 -1.024561e+10 3.837572e+10
1.140372e-02 1.565045e+10 9.579010e+09 -6.951472e+09 -1.071571e+10 3.759399e+10
1.146650e-02 1.520238e+10 9.372603e+09 -7.101384e+09 -1.096831e+10 3.684416e+10
1.152952e-02 1.477473e+10 9.145957e+09 -7.146922e+09 -1.121095e+10 3.618559e+10
1.159236e-02 1.435886e+10 8.931996e+09 -7.082911e+09 -1.126707e+10 3.555471e+10
1.165521e-02 1.399113e+10 8.706534e+09 -6.942538e+09 -1.122172e+10 3.495347e+10
1.171802e-02 1.363883e+10 8.492044e+09 -6.816133e+09 -1.125593e+10 3.421306e+10
1.178091e-02 1.329970e+10 8.230908e+09 -6.454185e+09 -1.094868e+10 3.377226e+10
1.184377e-02 1.301501e+10 8.023290e+09 -6.176346e+09 -1.080223e+10 3.321934e+10
1.190645e-02 1.269147e+10 7.788041e+09 -5.766827e+09 -1.039897e+10 3.265995e+10
1.196918e-02 1.244721e+10 7.550954e+09 -5.317668e+09 -1.005571e+10 3.221565e+10
1.203205e-02 1.220417e+10 7.310285e+09 -4.802452e+09 -9.664041e+09 3.171440e+10
1.209494e-02 1.197853e+10 7.098274e+09 -4.297155e+09 -9.121845e+09 3.138298e+10
1.215771e-02 1.176765e+10 6.889712e+09 -3.753715e+09 -8.677276e+09 3.090754e+10
1.222054e-02 1.157916e+10 6.646098e+09 -3.078419e+09 -8.061231e+09 3.067971e+10
1.228344e-02 1.142126e+10 6.437096e+09 -2.452865e+09 -7.471293e+09 3.029770e+10
1.234640e-02 1.124201e+10 6.219546e+09 -1.775979e+09 -6.834990e+09 2.995378e+10
1.240915e-02 1.111631e+10 6.029095e+09 -1.105707e+09 -6.172546e+09 2.976533e+10
1.247184e-02 1.097641e+10 5.825132e+09 -3.327130e+08 -5.532091e+09 2.950679e+10
1.253470e-02 1.087105e+10 5.626938e+09 3.446083e+08 -4.810204e+09 2.929874e+10
1.259754e-02 1.076645e+10 5.447833e+09 1.093595e+09 -4.127636e+09 2.910289e+10
1.266036e-02 1.067195e+10 5.268896e+09 1.875979e+09 -3.410991e+09 2.898439e+10
1.272320e-02 1.057074e+10 5.082166e+09 2.663316e+09 -2.660186e+09 2.886358e+10
1.278608e-02 1.052938e+10 4.929575e+09 3.387460e+09 -1.988545e+09 2.875715e+10
1.284892e-02 1.046322e+10 4.783930e+09 4.129792e+09 -1.242037e+09 2.869584e+10
1.291183e-02 1.040852e+10 4.617787e+09 4.941721e+09 -5.497648e+08 2.870833e+10
1.297477e-02 1.034906e+10 4.477872e+09 5.702452e+09 1.681350e+08 2.866194e+10
1.303751e-02 1.031128e+10 4.335050e+09 6.461459e+09 8.706836e+08 2.870976e+10
1.310022e-02 1.029514e+10 4.218524e+09 7.175892e+09 1.540421e+09 2.868492e+10
1.316309e-02 1.025482e+10 4.076232e+09 7.988376e+09 2.255365e+09 2.884331e+10
1.322594e-02 1.023481e+10 3.983012e+09 8.683529e+09 2.877911e+09 2.888399e+10
1.328870e-02 1.021759e+10 3.857523e+09 9.403139e+09 3.531798e+09 2.903467e+10
1.335152e-02 1.020429e+10 3.761477e+09 1.008749e+10 4.148111e+09 2.914100e+10
1.341448e-02 1.020651e+10 3.675289e+09 1.082888e+10 4.787854e+09 2.935824e+10
1.347734e-02 1.017639e+10 3.565052e+09 1.150567e+10 5.345859e+09 2.953879e+10
1.354004e-02 1.016549e+10 3.488068e+09 1.213080e+10 5.896755e+09 2.965007e+10
1.360289e-02 1.018006e+10 3.405081e+09 1.281175e+10 6.484890e+09 2.991101e+10
1.366571e-02 1.017518e+10 3.347195e+09 1.342545e+10 7.010937e+09 3.012967e+10
1.372857e-02 1.016620e+10 3.259333e+09 1.406167e+10 7.498827e+09 3.040038e+10
1.379141e-02 1.015972e+10 3.202183e+09 1.459591e+10 7.950450e+09 3.062873e+10
1.385412e-02 1.016945e+10 3.147102e+09 1.522684e+10 8.440124e+09 3.095060e+10
1.391702e-02 1.016794e+10 3.100777e+09 1.574732e+10 8.884636e+09 3.120471e+10
1.397990e-02 1.016348e+10 3.044169e+09 1.626931e+10 9.285282e+09 3.145339e+10
1.404272e-02 1.015033e+10 2.992621e+09 1.678189e+10 9.659707e+09 3.177391e+10
1.410560e-02 1.015045e+10 2.965282e+09 1.727859e+10 1.005122e+10 3.206462e+10
1.416843e-02 1.015107e+10 2.931307e+09 1.773544e+10 1.040567e+10 3.235944e+10
1.423121e-02 1.013701e+10 2.902121e+09 1.815307e+10 1.072308e+10 3.264502e+10
1.429401e-02 1.012754e+10 2.856947e+09 1.862557e+10 1.101557e+10 3.300565e+10
1.435689e-02 1.011409e+10 2.853132e+09 1.897960e+10 1.130445e+10 3.326813e+10
1.441980e-02 1.010832e+10 2.825898e+09 1.937511e+10 1.159689e+10 3.356486e+10
1.448261e-02 1.008126e+10 2.811778e+09 1.966884e+10 1.181887e+10 3.379145e+10
1.454538e-02 1.006011e+10 2.795645e+09 2.003829e+10 1.203691e+10 3.416406e+10
1.460822e-02 1.003701e+10 2.778899e+09 2.035418e+10 1.223769e+10 3.443860e+10
1.467115e-02 1.001222e+10 2.781922e+09 2.060347e+10 1.243953e+10 3.467060e+10
1.473401e-02 9.985073e+09 2.771399e+09 2.085522e+10 1.262587e+10 3.489903e+10
1.479676e-02 9.936336e+09 2.765822e+09 2.106304e+10 1.272633e+10 3.514332e+10
1.485961e-02 9.911529e+09 2.768498e+09 2.133214e+10 1.289892e+10 3.544903e+10
1.492239e-02 9.863465e+09 2.763546e+09 2.145545e+10 1.299640e+10 3.558375e+10
1.498506e-02 9.823709e+09 2.773609e+09 2.163825e+10 1.310472e+10 3.585442e+10
1.504789e-02 9.771881e+09 2.777245e+09 2.179647e+10 1.323518e+10 3.595810e+10
1.511078e-02 9.710288e+09 2.763786e+09 2.191348e+10 1.322753e+10 3.623881e+10
1.517364e-02 9.655553e+09 2.779405e+09 2.195080e+10 1.331296e+10 3.628079e+10
1.523654e-02 9.600256e+09 2.791942e+09 2.203843e+10 1.337635e+10 3.642866e+10
1.529942e-02 9.526942e+09 2.785161e+09 2.208975e+10 1.335488e+10 3.659207e+10
1.536235e-02 9.459628e+09 2.789969e+09 2.213332e+10 1.339552e+10 3.666923e+10
1.542517e-02 9.384294e+09 2.793880e+09 2.211581e+10 1.336099e+10 3.676984e+10
1.548789e-02 9.306861e+09 2.801245e+09 2.208551e+10 1.338144e+10 3.674524e+10
1.555076e-02 9.223803e+09 2.803816e+09 2.206193e+10 1.334546e+10 3.682659e+10
1.561359e-02 9.133562e+09 2.792325e+09 2.199264e+10 1.326826e+10 3.682765e+10
1.567632e-02 9.049238e+09 2.804436e+09 2.194353e+10 1.326951e+10 3.683847e+10
1.573917e-02 8.951972e+09 2.793200e+09 2.181597e+10 1.315915e+10 3.678912e+10
1.580208e-02 8.854177e+09 2.794876e+09 2.172857e+10 1.313404e+10 3.670527e+10
1.586491e-02 8.757566e+09 2.783013e+09 2.157733e+10 1.300005e+10 3.668696e+10
1.592764e-02 8.654002e+09 2.773382e+09 2.143220e+10 1.290961e+10 3.658309e+10
1.599049e-02 8.544796e+09 2.764845e+09 2.127138e+10 1.283087e+10 3.642597e+10
1.605344e-02 8.439844e+09 2.746032e+09 2.106702e+10 1.266231e+10 3.634201e+10
1.611624e-02 8.320445e+09 2.733288e+09 2.089186e+10 1.258390e+10 3.614060e+10
1.617906e-02 8.214517e+09 2.707607e+09 2.068539e+10 1.241361e+10 3.602633e+10
1.624189e-02 8.090600e+09 2.687738e+09 2.045893e+10 1.230237e+10 3.576186e+10
1.630468e-02 7.972052e+09 2.660748e+09 2.021320e+10 1.214023e+10 3.554809e+10
1.636757e-02 7.854180e+09 2.635628e+09 1.996453e+10 1.197310e+10 3.533977e+10
1.643038e-02 7.731628e+09 2.604225e+09 1.971654e+10 1.183091e+10 3.506177e+10
1.649314e-02 7.609010e+09 2.559351e+09 1.946443e+10 1.162727e+10 3.483522e+10
1.655599e-02 7.476963e+09 2.535559e+09 1.915936e+10 1.149008e+10 3.446335e+10
1.661885e-02 7.350306e+09 2.489292e+09 1.886122e+10 1.127097e+10 3.417981e+10
1.668174e-02 7.231714e+09 2.446871e+09 1.860605e+10 1.111228e+10 3.388534e+10
1.674456e-02 7.098076e+09 2.398909e+09 1.827784e+10 1.090052e+10 3.351726e+10
1.680728e-02 6.973352e+09 2.360937e+09 1.795678e+10 1.070321e+10 3.315921e+10
1.687017e-02 6.837185e+09 2.307247e+09 1.763924e+10 1.051160e+10 3.274844e+10
1.693315e-02 6.715630e+09 2.255007e+09 1.734600e+10 1.031961e+10 3.239041e+10
1.699589e-02 6.585830e+09 2.206381e+09 1.701090e+10 1.010828e+10 3.199036e+10
1.705867e-02 6.450946e+09 2.152879e+09 1.665919e+10 9.905267e+09 3.151746e+10
1.712163e-02 6.328167e+09 2.094583e+09 1.631639e+10 9.670159e+09 3.111521e+10
1.718447e-02 6.199471e+09 2.039222e+09 1.600226e+10 9.485910e+09 3.066563e+10
1.724726e-02 6.075042e+09 1.984052e+09 1.565263e+10 9.264772e+09 3.022035e+10
1.731003e-02 5.940901e+09 1.929617e+09 1.528453e+10 9.054667e+09 2.969691e+10
1.737292e-02 5.821219e+09 1.866901e+09 1.496346e+10 8.842205e+09 2.924529e+10
1.743574e-02 5.697697e+09 1.811345e+09 1.459130e+10 8.610947e+09 2.875751e+10
1.749847e-02 5.572829e+09 1.756200e+09 1.425782e+10 8.424111e+09 2.823294e+10
1.756133e-02 5.448819e+09 1.697482e+09 1.388586e+10 8.187651e+09 2.772548e+10
1.762415e-02 5.329179e+09 1.639989e+09 1.355155e+10 7.996878e+09 2.718857e+10
1.768698e-02 5.209819e+09 1.585377e+09 1.318810e+10 7.771098e+09 2.667023e+10
1.774982e-02 5.090103e+09 1.533597e+09 1.282868e+10 7.565512e+09 2.612540e+10
1.781268e-02 4.974759e+09 1.479070e+09 1.248170e+10 7.356823e+09 2.559073e+10
1.787557e-02 4.863754e+09 1.425606e+09 1.212095e+10 7.133335e+09 2.505178e+10
1.793843e-02 4.742091e+09 1.372783e+09 1.176190e+10 6.932650e+09 2.445906e+10
1.800122e-02 4.635239e+09 1.326977e+09 1.141428e+10 6.725683e+09 2.393273e+10
1.806400e-02 4.522115e+09 1.278229e+09 1.107450e+10 6.541601e+09 2.335358e+10
1.812677e-02 4.415346e+09 1.234018e+09 1.071212e+10 6.321548e+09 2.279946e+10
1.818960e-02 4.304876e+09 1.187156e+09 1.035646e+10 6.114949e+09 2.221701e+10
1.825247e-02 4.197729e+09 1.146941e+09 1.000032e+10 5.918808e+09 2.164131e+10
1.831530e-02 4.102595e+09 1.108634e+09 9.680713e+09 5.730247e+09 2.111679e+10
1.837813e-02 3.990606e+09 1.068106e+09 9.314001e+09 5.528537e+09 2.049913e+10
1.844103e-02 3.894431e+09 1.032185e+09 8.971678e+09 5.327182e+09 1.995558e+10
1.850388e-02 3.791430e+09 9.957800e+08 8.634233e+09 5.140445e+09 1.937280e+10
1.856668e-02 3.697514e+09 9.667005e+08 8.313575e+09 4.963618e+09 1.882930e+10
1.862952e-02 3.603851e+09 9.354690e+08 7.968905e+09 4.764802e+09 1.827678e+10
1.869235e-02 3.501031e+09 9.013193e+08 7.620405e+09 4.565458e+09 1.767873e+10
1.875521e-02 3.413461e+09 8.793210e+08 7.312852e+09 4.397790e+09 1.715971e+10
1.881803e-02 3.321474e+09 8.537231e+08 6.988762e+09 4.219225e+09 1.660473e+10
1.888083e-02 3.231548e+09 8.280960e+08 6.666475e+09 4.035625e+09 1.606081e+10
1.894358e-02 3.143935e+09 8.047006e+08 6.338229e+09 3.843045e+09 1.553330e+10
1.900645e-02 3.056316e+09 7.841824e+08 6.032848e+09 3.676392e+09 1.499700e+10
1.906935e-02 2.975149e+09 7.678165e+08 5.731707e+09 3.510494e+09 1.449472e+10
1.913210e-02 2.886607e+09 7.456022e+08 5.417886e+09 3.329291e+09 1.395888e+10
1.919494e-02 2.806970e+09 7.280463e+08 5.115536e+09 3.153686e+09 1.346534e+10
1.925782e-02 2.728457e+09 7.155138e+08 4.833296e+09 2.997503e+09 1.298028e+10
1.932068e-02 2.647737e+09 6.972485e+08 4.544545e+09 2.830959e+09 1.248132e+10
1.938348e-02 2.573485e+09 6.855729e+08 4.256305e+09 2.665977e+09 1.202149e+10
1.944625e-02 2.495246e+09 6.663366e+08 3.978963e+09 2.496514e+09 1.154389e+10
1.950911e-02 2.425161e+09 6.591478e+08 3.714908e+09 2.350603e+09 1.110544e+10
1.957198e-02 2.351432e+09 6.441786e+08 3.450800e+09 2.192765e+09 1.065354e+10
1.963482e-02 2.280293e+09 6.314954e+08 3.190676e+09 2.039436e+09 1.021919e+10
1.969763e-02 2.213527e+09 6.221483e+08 2.939606e+09 1.889810e+09 9.808727e+09
1.976054e-02 2.146194e+09 6.090204e+08 2.699340e+09 1.742344e+09 9.396582e+09
1.982343e-02 2.081791e+09 6.006721e+08 2.456768e+09 1.600750e+09 9.004722e+09
1.988621e-02 2.016984e+09 5.875631e+08 2.228395e+09 1.456171e+09 8.612737e+09
1.994903e-02 1.956605e+09 5.796877e+08 2.012038e+09 1.326862e+09 8.246949e+09
2.001187e-02 1.896904e+09 5.698335e+08 1.797836e+09 1.194966e+09 7.890274e+09
2.007464e-02 1.837887e+09 5.575434e+08 1.588116e+09 1.056414e+09 7.536952e+09
2.013740e-02 1.783057e+09 5.496459e+08 1.393532e+09 9.390666e+08 7.212402e+09
2.020021e-02 1.727105e+09 5.399006e+08 1.201848e+09 8.142821e+08 6.879627e+09
2.026315e-02 1.675689e+09 5.309567e+08 1.019482e+09 6.982495e+08 6.575705e+09
2.032605e-02 1.624035e+09 5.209714e+08 8.439306e+08 5.818705e+08 6.277908e+09
2.038878e-02 1.575269e+09 5.112227e+08 6.792502e+08 4.727083e+08 5.992216e+09
2.045158e-02 1.528123e+09 5.047886e+08 5.218880e+08 3.760316e+08 5.719072e+09
2.051448e-02 1.482700e+09 4.938049e+08 3.719483e+08 2.667768e+08 5.456443e+09
2.057734e-02 1.439499e+09 4.856077e+08 2.288345e+08 1.744118e+08 5.212224e+09
2.064018e-02 1.397683e+09 4.772141e+08 9.578310e+07 8.018813e+07 4.971009e+09
2.070304e-02 1.355580e+09 4.684436e+08 -2.696400e+07 -3.463031e+06 4.740727e+09
2.076595e-02 1.318413e+09 4.603225e+08 -1.448791e+08 -8.501666e+07 4.529167e+09
2.082869e-02 1.282348e+09 4.519022e+08 -2.538358e+08 -1.660208e+08 4.328648e+09
2.089140e-02 1.246921e+09 4.448297e+08 -3.548810e+08 -2.337545e+08 4.133301e+09
2.095430e-02 1.213588e+09 4.366737e+08 -4.463676e+08 -3.035677e+08 3.949750e+09
2.101710e-02 1.182094e+09 4.298677e+08 -5.350004e+08 -3.663635e+08 3.779242e+09
2.107990e-02 1.152661e+09 4.228348e+08 -6.119393e+08 -4.247118e+08 3.619366e+09
2.114275e-02 1.123933e+09 4.157756e+08 -6.796913e+08 -4.777024e+08 3.468402e+09
2.120557e-02 1.096758e+09 4.087090e+08 -7.453492e+08 -5.261489e+08 3.325770e+09
2.126842e-02 1.072405e+09 4.032018e+08 -7.982944e+08 -5.726417e+08 3.196116e+09
2.133126e-02 1.049392e+09 3.976356e+08 -8.522196e+08 -6.122430e+08 3.077080e+09
2.139415e-02 1.027105e+09 3.917162e+08 -8.918172e+08 -6.473695e+08 2.963052e+09
2.145701e-02 1.005582e+09 3.863656e+08 -9.264645e+08 -6.788860e+08 2.858113e+09
2.151977e-02 9.870904e+08 3.816163e+08 -9.581757e+08 -7.063734e+08 2.766534e+09
2.158262e-02 9.692193e+08 3.773901e+08 -9.782152e+08 -7.272033e+08 2.676748e+09
2.164549e-02 9.532022e+08 3.727930e+08 -9.979272e+08 -7.479213e+08 2.603432e+09
2.170835e-02 9.369828e+08 3.687732e+08 -1.005322e+09 -7.622442e+08 2.529924e+09
2.177117e-02 9.239419e+08 3.655119e+08 -1.012744e+09 -7.740083e+08 2.472054e+09
2.183391e-02 9.108201e+08 3.615540e+08 -1.012094e+09 -7.814600e+08 2.417228e+09
2.189674e-02 8.991506e+08 3.588435e+08 -1.005023e+09 -7.843980e+08 2.369825e+09
2.195964e-02 8.889357e+08 3.556426e+08 -9.960961e+08 -7.867025e+08 2.334065e+09
2.202248e-02 8.794415e+08 3.534026e+08 -9.777655e+08 -7.826007e+08 2.298370e+09
2.208526e-02 8.720936e+08 3.508858e+08 -9.608924e+08 -7.799549e+08 2.278736e+09
2.214806e-02 8.647107e+08 3.489256e+08 -9.352739e+08 -7.706806e+08 2.260096e+09
2.221095e-02 8.583111e+08 3.469792e+08 -9.058973e+08 -7.590693e+08 2.247641e+09
2.227376e-02 8.531581e+08 3.444568e+08 -8.724666e+08 -7.479864e+08 2.246486e+09
2.233660e-02 8.490041e+08 3.436872e+08 -8.346883e+08 -7.294699e+08 2.245540e+09
2.239951e-02 8.455311e+08 3.414540e+08 -7.955031e+08 -7.135722e+08 2.254915e+09
2.246232e-02 8.428669e+08 3.400528e+08 -7.496195e+08 -6.922541e+08 2.266669e+09
2.252510e-02 8.409370e+08 3.385599e+08 -7.019239e+08 -6.704799e+08 2.286780e+09
2.258787e-02 8.402303e+08 3.373702e+08 -6.516600e+08 -6.473004e+08 2.313750e+09
2.265070e-02 8.391318e+08 3.356385e+08 -5.960809e+08 -6.196073e+08 2.338341e+09
2.271352e-02 8.405423e+08 3.347443e+08 -5.421878e+08 -5.956627e+08 2.378764e+09
2.277642e-02 8.408607e+08 3.333079e+08 -4.788282e+08 -5.635342e+08 2.415895e+09
2.283929e-02 8.432784e+08 3.322586e+08 -4.191268e+08 -5.363048e+08 2.464134e+09
2.290206e-02 8.451733e+08 3.305944e+08 -3.547570e+08 -5.052255e+08 2.511105e+09
2.296496e-02 8.477449e+08 3.288365e+08 -2.869441e+08 -4.722458e+08 2.563283e+09
2.302777e-02 8.520449e+08 3.283475e+08 -2.199642e+08 -4.410697e+08 2.625491e+09
2.309054e-02 8.552822e+08 3.262271e+08 -1.479552e+08 -4.049037e+08 2.683585e+09
2.315342e-02 8.596686e+08 3.241130e+08 -7.548714e+07 -3.720443e+08 2.749253e+09
2.321632e-02 8.642273e+08 3.228025e+08 -2.075867e+06 -3.363388e+08 2.817141e+09
2.327917e-02 8.699389e+08 3.217710e+08 7.182802e+07 -3.004905e+08 2.890841e+09
2.334191e-02 8.754893e+08 3.199361e+08 1.496484e+08 -2.646793e+08 2.966064e+09
2.340472e-02 8.808028e+08 3.167504e+08 2.286666e+08 -2.273620e+08 3.041211e+09
2.346760e-02 8.878173e+08 3.164134e+08 3.038929e+08 -1.917363e+08 3.123935e+09
2.353050e-02 8.939835e+08 3.136650e+08 3.863948e+08 -1.528864e+08 3.205824e+09
2.359332e-02 9.009272e+08 3.116779e+08 4.644458e+08 -1.168598e+08 3.290738e+09
2.365605e-02 9.083981e+08 3.096879e+08 5.466701e+08 -7.925615e+07 3.379582e+09
2.371890e-02 9.150614e+08 3.074432e+08 6.255398e+08 -4.153464e+07 3.465047e+09
2.378176e-02 9.232045e+08 3.056480e+08 7.054060e+08 -8.181933e+06 3.559472e+09
2.384456e-02 9.304145e+08 3.024489e+08 7.902148e+08 3.411726e+07 3.647430e+09
2.390740e-02 9.381582e+08 3.007430e+08 8.704944e+08 6.888779e+07 3.741617e+09
2.397018e-02 9.458719e+08 2.983601e+08 9.509448e+08 1.057962e+08 3.833965e+09
2.403299e-02 9.543804e+08 2.959983e+08 1.031150e+09 1.413781e+08 3.930481e+09
2.409587e-02 9.621838e+08 2.938977e+08 1.109905e+09 1.763481e+08 4.023978e+09
2.415877e-02 9.700588e+08 2.910993e+08 1.194108e+09 2.163111e+08 4.118375e+09
2.422167e-02 9.782339e+08 2.893252e+08 1.270664e+09 2.485502e+08 4.214853e+09
2.428445e-02 9.860321e+08 2.865918e+08 1.346899e+09 2.834126e+08 4.307283e+09
2.434721e-02 9.943412e+08 2.840808e+08 1.428954e+09 3.187508e+08 4.405139e+09
2.441004e-02 1.001718e+09 2.823299e+08 1.501186e+09 3.522066e+08 4.495230e+09
2.447292e-02 1.009455e+09 2.796119e+08 1.578424e+09 3.858254e+08 4.589457e+09
2.453573e-02 1.017752e+09 2.777751e+08 1.649188e+09 4.151167e+08 4.683535e+09
2.459853e-02 1.024644e+09 2.753054e+08 1.725906e+09 4.513927e+08 4.772736e+09
2.466143e-02 1.032070e+09 2.729734e+08 1.795647e+09 4.798422e+08 4.863976e+09
2.472428e-02 1.038887e+09 2.713957e+08 1.864618e+09 5.126519e+08 4.949562e+09
2.478701e-02 1.046676e+09 2.692554e+08 1.932571e+09 5.400701e+08 5.040624e+09
2.484983e-02 1.052688e+09 2.668803e+08 1.997603e+09 5.683768e+08 5.122507e+09
2.491274e-02 1.058766e+09 2.650918e+08 2.064368e+09 5.995163e+08 5.204648e+09
2.497552e-02 1.065846e+09 2.631106e+08 2.126542e+09 6.238320e+08 5.290388e+09
2.503835e-02 1.071100e+09 2.617625e+08 2.184773e+09 6.507965e+08 5.365152e+09
2.510120e-02 1.076949e+09 2.598220e+08 2.245210e+09 6.772775e+08 5.443061e+09
2.516403e-02 1.081983e+09 2.577713e+08 2.300130e+09 6.991773e+08 5.517019e+09
2.522691e-02 1.086852e+09 2.565245e+08 2.356454e+09 7.262207e+08 5.588115e+09
2.528974e-02 1.091728e+09 2.549674e+08 2.405131e+09 7.456259e+08 5.657383e+09
2.535254e-02 1.095560e+09 2.528177e+08 2.457918e+09 7.676796e+08 5.723050e+09
2.541543e-02 1.099519e+09 2.518688e+08 2.504137e+09 7.897837e+08 5.784996e+09
2.547829e-02 1.103092e+09 2.505390e+08 2.550901e+09 8.095071e+08 5.848089e+09
2.554104e-02 1.105559e+09 2.492695e+08 2.590666e+09 8.271708e+08 5.900636e+09
2.560379e-02 1.108942e+09 2.477412e+08 2.632607e+09 8.439201e+08 5.958345e+09
2.566670e-02 1.110492e+09 2.464252e+08 2.669826e+09 8.617268e+08 6.005495e+09
2.572959e-02 1.112595e+09 2.455195e+08 2.705785e+09 8.765867e+08 6.055388e+09
2.579238e-02 1.113860e+09 2.442832e+08 2.738028e+09 8.917383e+08 6.097975e+09
2.585524e-02 1.114962e+09 2.431295e+08 2.769156e+09 9.044982e+08 6.139132e+09
2.591809e-02 1.115501e+09 2.420019e+08 2.797630e+09 9.170034e+08 6.177498e+09
2.598089e-02 1.115222e+09 2.413172e+08 2.819967e+09 9.283914e+08 6.207721e+09
2.604363e-02 1.114874e+09 2.399506e+08 2.844580e+09 9.382499e+08 6.238787e+09
2.610648e-02 1.113911e+09 2.392086e+08 2.864177e+09 9.480380e+08 6.264163e+09
2.616936e-02 1.112606e+09 2.386759e+08 2.882253e+09 9.563399e+08 6.287615e+09
2.623211e-02 1.110666e+09 2.377965e+08 2.894857e+09 9.631011e+08 6.304318e+09
2.629494e-02 1.108396e+09 2.364683e+08 2.912016e+09 9.705889e+08 6.322666e+09
2.635781e-02 1.105872e+09 2.355737e+08 2.918326e+09 9.733580e+08 6.332255e+09
2.642065e-02 1.102517e+09 2.358279e+08 2.926743e+09 9.805290e+08 6.340001e+09
2.648348e-02 1.099102e+09 2.346830e+08 2.930864e+09 9.822367e+08 6.344448e+09
2.654638e-02 1.094755e+09 2.330183e+08 2.936273e+09 9.841267e+08 6.346842e+09
2.660925e-02 1.090531e+09 2.336541e+08 2.934862e+09 9.869206e+08 6.343404e+09
2.667201e-02 1.085296e+09 2.325374e+08 2.930221e+09 9.856908e+08 6.333800e+09
2.673488e-02 1.079377e+09 2.317428e+08 2.926017e+09 9.856431e+08 6.323002e+09
2.679776e-02 1.074480e+09 2.308481e+08 2.920643e+09 9.833693e+08 6.313840e+09
2.686060e-02 1.067303e+09 2.303971e+08 2.911659e+09 9.831466e+08 6.292719e+09
2.692343e-02 1.060597e+09 2.300670e+08 2.896124e+09 9.781489e+08 6.269272e+09
2.698622e-02 1.053771e+09 2.287386e+08 2.885890e+09 9.743321e+08 6.249030e+09
2.704897e-02 1.045656e+09 2.282861e+08 2.868600e+09 9.698666e+08 6.218477e+09
2.711177e-02 1.038335e+09 2.273157e+08 2.851271e+09 9.636198e+08 6.190295e+09
2.717462e-02 1.028932e+09 2.268188e+08 2.828428e+09 9.574999e+08 6.149581e+09
2.723749e-02 1.020924e+09 2.259732e+08 2.807204e+09 9.492323e+08 6.116382e+09
2.730042e-02 1.011479e+09 2.248304e+08 2.782930e+09 9.409158e+08 6.074675e+09
2.736320e-02 1.001572e+09 2.238648e+08 2.754599e+09 9.309873e+08 6.028733e+09
2.742592e-02 9.923708e+08 2.231049e+08 2.727848e+09 9.218705e+08 5.984010e+09
2.748882e-02 9.815341e+08 2.220609e+08 2.697236e+09 9.116515e+08 5.931977e+09
2.755167e-02 9.712447e+08 2.205812e+08 2.665066e+09 8.990036e+08 5.880260e+09
2.761450e-02 9.598828e+08 2.194247e+08 2.630920e+09 8.876149e+08 5.822463e+09
2.767735e-02 9.490954e+08 2.181428e+08 2.596490e+09 8.749159e+08 5.766345e+09
2.774019e-02 9.376932e+08 2.168849e+08 2.560155e+09 8.614375e+08 5.705760e+09
2.780301e-02 9.253978e+08 2.152764e+08 2.520551e+09 8.472894e+08 5.640166e+09
2.786580e-02 9.135999e+08 2.134985e+08 2.481683e+09 8.322512e+08 5.575707e+09
2.792859e-02 9.013942e+08 2.122000e+08 2.440232e+09 8.177494e+08 5.507422e+09
2.799145e-02 8.889441e+08 2.104071e+08 2.398124e+09 8.017679e+08 5.437366e+09
2.805434e-02 8.758245e+08 2.081479e+08 2.353330e+09 7.838645e+08 5.363651e+09
2.811718e-02 8.628575e+08 2.057169e+08 2.309912e+09 7.675663e+08 5.289481e+09
2.817992e-02 8.506657e+08 2.043250e+08 2.264748e+09 7.502781e+08 5.218131e+09
2.824273e-02 8.364376e+08 2.014012e+08 2.218237e+09 7.324120e+08 5.136074e+09
2.830566e-02 8.233848e+08 1.996373e+08 2.168802e+09 7.139366e+08 5.056372e+09
2.836851e-02 8.097601e+08 1.970845e+08 2.120732e+09 6.949076e+08 4.975489e+09
2.843134e-02 7.964572e+08 1.944882e+08 2.074055e+09 6.765836e+08 4.896479e+09
2.849418e-02 7.825354e+08 1.920217e+08 2.022002e+09 6.563835e+08 4.810117e+09
2.855700e-02 7.681665e+08 1.884502e+08 1.972378e+09 6.360668e+08 4.723443e+09
2.861981e-02 7.548159e+08 1.862834e+08 1.921409e+09 6.162301e+08 4.639658e+09
2.868265e-02 7.411297e+08 1.831113e+08 1.872760e+09 5.971409e+08 4.554793e+09
2.874550e-02 7.269046e+08 1.802053e+08 1.818263e+09 5.749186e+08 4.464540e+09
2.880834e-02 7.127515e+08 1.769458e+08 1.766419e+09 5.542033e+08 4.374766e+09
2.887116e-02 6.991825e+08 1.738563e+08 1.716746e+09 5.344860e+08 4.288526e+09
2.893395e-02 6.853476e+08 1.710817e+08 1.663788e+09 5.134629e+08 4.198548e+09
2.899675e-02 6.711560e+08 1.671957e+08 1.611708e+09 4.917830e+08 4.107173e+09
2.905957e-02 6.574220e+08 1.642922e+08 1.558944e+09 4.708101e+08 4.016283e+09
2.912242e-02 6.439911e+08 1.612542e+08 1.507670e+09 4.504051e+08 3.927846e+09
2.918528e-02 6.301201e+08 1.577790e+08 1.455139e+09 4.285267e+08 3.835217e+09
2.924811e-02 6.168243e+08 1.544283e+08 1.404388e+09 4.076267e+08 3.746445e+09
2.931098e-02 6.029841e+08 1.507734e+08 1.352416e+09 3.862580e+08 3.653481e+09
2.937380e-02 5.900374e+08 1.480900e+08 1.301434e+09 3.665145e+08 3.564381e+09
2.943661e-02 5.765539e+08 1.444860e+08 1.250837e+09 3.449703e+08 3.472865e+09
2.949948e-02 5.636375e+08 1.414797e+08 1.200248e+09 3.246653e+08 3.382961e+09
2.956230e-02 5.505614e+08 1.385038e+08 1.150162e+09 3.047956e+08 3.292317e+09
2.962512e-02 5.380127e+08 1.350192e+08 1.101049e+09 2.838163e+08 3.204158e+09
2.968798e-02 5.256239e+08 1.322980e+08 1.052653e+09 2.645542e+08 3.116558e+09
2.975080e-02 5.131560e+08 1.292736e+08 1.003911e+09 2.444912e+08 3.027870e+09
2.981362e-02 5.009119e+08 1.264380e+08 9.570608e+08 2.254777e+08 2.940647e+09
2.987648e-02 4.888053e+08 1.235963e+08 9.093791e+08 2.059617e+08 2.853107e+09
2.993931e-02 4.772133e+08 1.210688e+08 8.638170e+08 1.876193e+08 2.768947e+09
3.000209e-02 4.657136e+08 1.184993e+08 8.183216e+08 1.686864e+08 2.684935e+09
3.006488e-02 4.541423e+08 1.158430e+08 7.743178e+08 1.511449e+08 2.600898e+09
3.012771e-02 4.430819e+08 1.136671e+08 7.300648e+08 1.330409e+08 2.518108e+09
3.019054e-02 4.323315e+08 1.114560e+08 6.871299e+08 1.155227e+08 2.438055e+09
3.025338e-02 4.213906e+08 1.092414e+08 6.459119e+08 9.891564e+07 2.357531e+09
3.031628e-02 4.111819e+08 1.074315e+08 6.040837e+08 8.167450e+07 2.279230e+09
3.037913e-02 4.008713e+08 1.052834e+08 5.641377e+08 6.518928e+07 2.202314e+09
3.044197e-02 3.909000e+08 1.037384e+08 5.245379e+08 4.941488e+07 2.125907e+09
3.050478e-02 3.812362e+08 1.021033e+08 4.874668e+08 3.439145e+07 2.052982e+09
3.056757e-02 3.717277e+08 1.005578e+08 4.501890e+08 1.889778e+07 1.979768e+09
3.063042e-02 3.624468e+08 9.919164e+07 4.137055e+08 3.848826e+06 1.908646e+09
3.069327e-02 3.536229e+08 9.791166e+07 3.785727e+08 -1.065024e+07 1.840309e+09
3.075615e-02 3.447510e+08 9.682703e+07 3.452395e+08 -2.404541e+07 1.771905e+09
3.081897e-02 3.363505e+08 9.568006e+07 3.123969e+08 -3.814981e+07 1.706989e+09
3.088177e-02 3.281856e+08 9.476498e+07 2.808917e+08 -5.140634e+07 1.643625e+09
3.094460e-02 3.201334e+08 9.399733e+07 2.501803e+08 -6.388584e+07 1.581246e+09
3.100745e-02 3.124137e+08 9.309082e+07 2.211507e+08 -7.668461e+07 1.521388e+09
3.107031e-02 3.050481e+08 9.273484e+07 1.932831e+08 -8.837053e+07 1.464208e+09
3.113311e-02 2.979342e+08 9.213034e+07 1.660891e+08 -1.003067e+08 1.408295e+09
3.119592e-02 2.909821e+08 9.177117e+07 1.408372e+08 -1.111893e+08 1.355133e+09
3.125876e-02 2.843321e+08 9.151140e+07 1.164360e+08 -1.218341e+08 1.303267e+09
3.132160e-02 2.779294e+08 9.127380e+07 9.322741e+07 -1.323835e+08 1.254555e+09
3.138440e-02 2.719485e+08 9.139036e+07 7.161562e+07 -1.422182e+08 1.208446e+09
3.144727e-02 2.659120e+08 9.111628e+07 5.117382e+07 -1.515447e+08 1.163096e+09
3.151008e-02 2.603560e+08 9.143006e+07 3.208602e+07 -1.604484e+08 1.121516e+09
3.157285e-02 2.550713e+08 9.173134e+07 1.460445e+07 -1.686926e+08 1.082136e+09
3.163570e-02 2.498229e+08 9.215462e+07 -1.904528e+06 -1.762038e+08 1.044340e+09
3.169852e-02 2.451980e+08 9.276509e+07 -1.697840e+07 -1.834056e+08 1.010104e+09
3.176139e-02 2.405418e+08 9.351652e+07 -3.071721e+07 -1.896814e+08 9.780211e+08
3.182425e-02 2.364247e+08 9.472212e+07 -4.335464e+07 -1.957988e+08 9.492104e+08
3.188706e-02 2.322528e+08 9.587969e+07 -5.366645e+07 -1.997152e+08 9.221901e+08
3.194991e-02 2.286044e+08 9.755258e+07 -6.336964e+07 -2.038458e+08 8.985868e+08
3.201276e-02 2.249573e+08 9.967000e+07 -7.136853e+07 -2.054359e+08 8.771308e+08
3.207553e-02 2.217999e+08 1.024277e+08 -7.797687e+07 -2.059065e+08 8.593942e+08
3.213836e-02 2.187332e+08 1.068834e+08 -8.305915e+07 -2.016121e+08 8.437766e+08
