# k, q0, q1/i, q2, q3/i, q4, norm, alpha = 0.10795670106711949, 0.020396601297980627
5.385587e-05 1.743484e+09 1.138340e+07 1.913051e+05 -2.517192e+07 1.818651e+09
1.034961e-04 1.742759e+09 2.186634e+07 2.957982e+05 1.681987e+06 -1.806950e+08
1.650345e-04 1.741154e+09 3.483284e+07 6.099798e+05 9.508769e+06 -2.182242e+08
2.219461e-04 1.739055e+09 4.677585e+07 1.325010e+06 -2.968095e+06 8.203366e+07
2.831569e-04 1.736081e+09 5.956043e+07 2.023951e+06 3.834107e+06 -4.532412e+07
3.481074e-04 1.732156e+09 7.303316e+07 3.009160e+06 6.416120e+06 -6.361814e+07
4.078467e-04 1.727996e+09 8.505017e+07 -6.161759e+07 -6.283327e+06 4.826319e+07
4.685721e-04 1.722701e+09 9.784213e+07 4.700609e+07 4.285414e+06 -1.135450e+07
5.344152e-04 1.716485e+09 1.109900e+08 1.790776e+07 4.998307e+06 -2.129861e+07
5.979215e-04 1.709763e+09 1.234957e+08 6.052432e+04 4.849438e+05 3.602456e+06
6.594309e-04 1.702457e+09 1.355604e+08 1.131263e+07 -8.989720e+05 1.853309e+07
7.211547e-04 1.694479e+09 1.474687e+08 1.313705e+07 6.609186e+06 -2.581751e+07
7.842715e-04 1.685698e+09 1.593179e+08 5.284706e+06 3.373343e+06 -7.062168e+06
8.480725e-04 1.676020e+09 1.711551e+08 1.451387e+07 2.378382e+06 4.370220e+06
9.105595e-04 1.665772e+09 1.825709e+08 3.255438e+07 4.717399e+06 3.479107e+06
9.726731e-04 1.655164e+09 1.934842e+08 2.385592e+07 5.427724e+06 -1.724127e+06
1.035373e-03 1.643682e+09 2.043464e+08 3.023140e+07 1.015050e+07 -1.405471e+07
1.098784e-03 1.631528e+09 2.148924e+08 2.970979e+07 5.719378e+06 4.890774e+06
1.161586e-03 1.618854e+09 2.251216e+08 3.102879e+07 9.673468e+06 -7.072698e+06
1.224174e-03 1.605580e+09 2.349478e+08 3.711173e+07 8.205470e+06 5.170154e+06
1.288412e-03 1.591373e+09 2.447761e+08 4.040083e+07 1.471822e+07 -1.344506e+07
1.351080e-03 1.576985e+09 2.538191e+08 4.491578e+07 7.872836e+06 1.618966e+07
1.412291e-03 1.562304e+09 2.625566e+08 5.096806e+07 1.735737e+07 -6.607913e+06
1.475368e-03 1.546862e+09 2.710006e+08 4.960360e+07 1.629151e+07 -5.516334e+06
1.538515e-03 1.530692e+09 2.792678e+08 5.573934e+07 2.460451e+07 -2.161175e+07
1.601338e-03 1.514317e+09 2.866586e+08 5.909022e+07 1.245093e+07 2.115607e+07
1.665074e-03 1.496977e+09 2.941505e+08 6.766999e+07 1.917914e+07 8.962252e+06
1.728027e-03 1.479622e+09 3.012932e+08 6.576012e+07 3.069978e+07 -2.104186e+07
1.789887e-03 1.461871e+09 3.074765e+08 7.914639e+07 2.584110e+07 6.921300e+06
1.852570e-03 1.443860e+09 3.136927e+08 7.603560e+07 3.288830e+07 -1.449314e+07
1.915088e-03 1.425340e+09 3.190852e+08 8.362239e+07 2.784904e+07 9.808086e+06
1.978019e-03 1.406256e+09 3.246675e+08 8.688603e+07 4.092976e+07 -1.824481e+07
2.041684e-03 1.386632e+09 3.292993e+08 9.559764e+07 3.740244e+07 3.204828e+06
2.104726e-03 1.367124e+09 3.337802e+08 9.517527e+07 4.089372e+07 -5.826302e+06
2.167060e-03 1.347226e+09 3.377803e+08 1.023299e+08 4.670937e+07 -8.534801e+06
2.229921e-03 1.327106e+09 3.412884e+08 1.058906e+08 4.814206e+07 -6.958840e+06
2.292794e-03 1.306615e+09 3.445119e+08 1.105591e+08 5.387719e+07 -1.236797e+07
2.355230e-03 1.286094e+09 3.470631e+08 1.163736e+08 5.438090e+07 -4.917462e+06
2.418331e-03 1.265144e+09 3.493283e+08 1.212943e+08 5.753782e+07 -4.472683e+06
2.481215e-03 1.244028e+09 3.513437e+08 1.255663e+08 6.410645e+07 -1.227756e+07
2.543891e-03 1.222975e+09 3.526169e+08 1.303338e+08 6.375446e+07 -3.940948e+06
2.607003e-03 1.201358e+09 3.539080e+08 1.355503e+08 7.275708e+07 -1.472084e+07
2.669740e-03 1.179906e+09 3.546390e+08 1.397779e+08 7.731481e+07 -1.712420e+07
2.732628e-03 1.158486e+09 3.545914e+08 1.447206e+08 7.589043e+07 -6.773848e+06
2.796013e-03 1.136508e+09 3.546377e+08 1.498237e+08 8.339347e+07 -1.420945e+07
2.858795e-03 1.114862e+09 3.542130e+08 1.533153e+08 8.747282e+07 -1.478484e+07
2.920959e-03 1.093464e+09 3.531788e+08 1.578824e+08 8.922602e+07 -1.268998e+07
2.983535e-03 1.071703e+09 3.521040e+08 1.623116e+08 9.545690e+07 -1.660422e+07
3.046449e-03 1.049806e+09 3.505949e+08 1.672326e+08 1.015949e+08 -2.068736e+07
3.109435e-03 1.028135e+09 3.488643e+08 1.692372e+08 1.056482e+08 -2.410161e+07
3.172429e-03 1.006624e+09 3.460826e+08 1.749345e+08 1.039621e+08 -1.065289e+07
3.235378e-03 9.847915e+08 3.436529e+08 1.796277e+08 1.110345e+08 -1.890216e+07
3.298350e-03 9.632186e+08 3.408990e+08 1.825549e+08 1.156131e+08 -2.000379e+07
3.361502e-03 9.414659e+08 3.378879e+08 1.866941e+08 1.227909e+08 -2.751555e+07
3.424034e-03 9.203411e+08 3.343897e+08 1.898853e+08 1.252900e+08 -2.517214e+07
3.486610e-03 8.993585e+08 3.305333e+08 1.933246e+08 1.274916e+08 -2.279081e+07
3.549533e-03 8.779883e+08 3.267989e+08 1.969886e+08 1.350215e+08 -3.053642e+07
3.612035e-03 8.575678e+08 3.219861e+08 2.015700e+08 1.325528e+08 -1.734712e+07
3.674842e-03 8.365032e+08 3.182625e+08 2.022209e+08 1.430169e+08 -3.418618e+07
3.737743e-03 8.161415e+08 3.131970e+08 2.062474e+08 1.432615e+08 -2.726719e+07
3.800817e-03 7.954100e+08 3.087747e+08 2.079046e+08 1.511332e+08 -3.686986e+07
3.863693e-03 7.755958e+08 3.031267e+08 2.119414e+08 1.501290e+08 -2.811888e+07
3.926624e-03 7.554350e+08 2.981667e+08 2.137808e+08 1.560803e+08 -3.350470e+07
3.989691e-03 7.358179e+08 2.925876e+08 2.161762e+08 1.583132e+08 -3.342761e+07
4.052279e-03 7.164000e+08 2.871362e+08 2.180135e+08 1.620417e+08 -3.480273e+07
4.115276e-03 6.969663e+08 2.814907e+08 2.203036e+08 1.669922e+08 -3.888715e+07
4.178091e-03 6.783228e+08 2.755112e+08 2.217272e+08 1.677588e+08 -3.633575e+07
4.240529e-03 6.596161e+08 2.697308e+08 2.233842e+08 1.718582e+08 -3.884437e+07
4.303566e-03 6.412294e+08 2.635500e+08 2.251272e+08 1.742572e+08 -3.929492e+07
4.366473e-03 6.231783e+08 2.574237e+08 2.261947e+08 1.763123e+08 -3.858384e+07
4.429136e-03 6.053854e+08 2.512685e+08 2.270887e+08 1.797319e+08 -4.233489e+07
4.491804e-03 5.876403e+08 2.454438e+08 2.269153e+08 1.838081e+08 -4.691456e+07
4.554524e-03 5.707495e+08 2.385245e+08 2.297997e+08 1.836596e+08 -4.205661e+07
4.617696e-03 5.538380e+08 2.324794e+08 2.283090e+08 1.859124e+08 -4.431021e+07
4.680743e-03 5.370924e+08 2.260014e+08 2.295370e+08 1.879750e+08 -4.484963e+07
4.743600e-03 5.207748e+08 2.196997e+08 2.293054e+08 1.900355e+08 -4.704938e+07
4.806460e-03 5.050339e+08 2.130433e+08 2.301208e+08 1.903453e+08 -4.411453e+07
4.869182e-03 4.894132e+08 2.067133e+08 2.296590e+08 1.921028e+08 -4.664658e+07
4.931803e-03 4.738642e+08 2.006952e+08 2.285804e+08 1.946146e+08 -4.984203e+07
4.994544e-03 4.590940e+08 1.942233e+08 2.282618e+08 1.948050e+08 -4.893796e+07
5.057296e-03 4.444511e+08 1.877216e+08 2.285615e+08 1.954943e+08 -4.818544e+07
5.120127e-03 4.304166e+08 1.815635e+08 2.266268e+08 1.951280e+08 -4.796429e+07
5.183244e-03 4.160530e+08 1.754310e+08 2.257451e+08 1.966872e+08 -5.031750e+07
5.246213e-03 4.024250e+08 1.692359e+08 2.246202e+08 1.967195e+08 -5.005590e+07
5.308940e-03 3.889553e+08 1.633435e+08 2.227335e+08 1.973298e+08 -5.205354e+07
5.371705e-03 3.761802e+08 1.570875e+08 2.220404e+08 1.964645e+08 -5.005868e+07
5.434764e-03 3.634207e+08 1.510474e+08 2.209440e+08 1.960735e+08 -4.890196e+07
5.497589e-03 3.509409e+08 1.456736e+08 2.172322e+08 1.961421e+08 -5.289901e+07
5.560094e-03 3.392353e+08 1.395207e+08 2.169931e+08 1.943462e+08 -4.835978e+07
5.623090e-03 3.271956e+08 1.341680e+08 2.139698e+08 1.947786e+08 -5.157938e+07
5.686167e-03 3.157451e+08 1.285710e+08 2.119525e+08 1.934026e+08 -5.103538e+07
5.748863e-03 3.046554e+08 1.232596e+08 2.092884e+08 1.921596e+08 -5.024099e+07
5.811791e-03 2.941532e+08 1.177001e+08 2.075087e+08 1.902132e+08 -4.903757e+07
5.874636e-03 2.833828e+08 1.126728e+08 2.046522e+08 1.890505e+08 -4.870820e+07
5.937271e-03 2.731648e+08 1.076341e+08 2.018796e+08 1.880949e+08 -5.013662e+07
6.000058e-03 2.634469e+08 1.027149e+08 1.989666e+08 1.854664e+08 -4.816960e+07
6.062729e-03 2.537247e+08 9.796635e+07 1.959806e+08 1.840874e+08 -4.856098e+07
6.125517e-03 2.442835e+08 9.333289e+07 1.928104e+08 1.820607e+08 -4.869377e+07
6.188708e-03 2.353990e+08 8.868128e+07 1.900846e+08 1.792271e+08 -4.543332e+07
6.251555e-03 2.266495e+08 8.422979e+07 1.868547e+08 1.772170e+08 -4.661443e+07
6.314077e-03 2.181076e+08 8.004379e+07 1.834773e+08 1.745076e+08 -4.491436e+07
6.377058e-03 2.097317e+08 7.598172e+07 1.797646e+08 1.722515e+08 -4.497161e+07
6.440009e-03 2.017853e+08 7.187813e+07 1.766524e+08 1.696494e+08 -4.435198e+07
6.502812e-03 1.942428e+08 6.796748e+07 1.733356e+08 1.662407e+08 -4.150188e+07
6.565726e-03 1.864697e+08 6.444359e+07 1.689262e+08 1.640222e+08 -4.333424e+07
6.628521e-03 1.794403e+08 6.061916e+07 1.662394e+08 1.606970e+08 -3.983506e+07
6.691272e-03 1.723730e+08 5.723086e+07 1.621777e+08 1.578107e+08 -4.045260e+07
6.754176e-03 1.657328e+08 5.383831e+07 1.587510e+08 1.544230e+08 -3.800920e+07
6.816888e-03 1.591270e+08 5.068947e+07 1.548116e+08 1.511934e+08 -3.720760e+07
6.879625e-03 1.526293e+08 4.772334e+07 1.506043e+08 1.483001e+08 -3.730788e+07
6.942449e-03 1.467532e+08 4.465730e+07 1.472838e+08 1.445457e+08 -3.462800e+07
7.005248e-03 1.409262e+08 4.183932e+07 1.434354e+08 1.414872e+08 -3.419208e+07
7.068136e-03 1.350692e+08 3.918351e+07 1.393692e+08 1.378953e+08 -3.287784e+07
7.131053e-03 1.296018e+08 3.658818e+07 1.355507e+08 1.343242e+08 -3.131405e+07
7.194010e-03 1.243010e+08 3.412948e+07 1.316118e+08 1.310108e+08 -3.069616e+07
7.256902e-03 1.193528e+08 3.172950e+07 1.280654e+08 1.272455e+08 -2.806867e+07
7.319748e-03 1.141360e+08 2.960196e+07 1.235954e+08 1.239330e+08 -2.842851e+07
7.382611e-03 1.096383e+08 2.739490e+07 1.201907e+08 1.200701e+08 -2.572433e+07
7.445306e-03 1.049677e+08 2.543434e+07 1.161127e+08 1.168205e+08 -2.528332e+07
7.507906e-03 1.007227e+08 2.347814e+07 1.125288e+08 1.132133e+08 -2.365394e+07
7.570818e-03 9.624468e+07 2.175615e+07 1.082954e+08 1.096790e+08 -2.254491e+07
7.633721e-03 9.229294e+07 1.998067e+07 1.047119e+08 1.061139e+08 -2.147573e+07
7.696586e-03 8.841428e+07 1.834833e+07 1.010872e+08 1.024789e+08 -1.933897e+07
7.759492e-03 8.457862e+07 1.684686e+07 9.715258e+07 9.898611e+07 -1.868401e+07
7.822382e-03 8.101912e+07 1.537539e+07 9.366332e+07 9.548295e+07 -1.678306e+07
7.885469e-03 7.741547e+07 1.406406e+07 8.973949e+07 9.213542e+07 -1.624171e+07
7.948044e-03 7.412960e+07 1.276798e+07 8.627188e+07 8.859245e+07 -1.455249e+07
8.010528e-03 7.081879e+07 1.161726e+07 8.254925e+07 8.531803e+07 -1.339276e+07
8.073516e-03 6.779042e+07 1.046985e+07 7.912914e+07 8.204596e+07 -1.266706e+07
8.136423e-03 6.480234e+07 9.437695e+06 7.564822e+07 7.869627e+07 -1.089123e+07
8.199228e-03 6.201134e+07 8.422426e+06 7.237709e+07 7.539795e+07 -9.637687e+06
8.262023e-03 5.914191e+07 7.548220e+06 6.876547e+07 7.221481e+07 -8.825469e+06
8.324981e-03 5.663604e+07 6.669212e+06 6.573046e+07 6.923806e+07 -7.516342e+06
8.388025e-03 5.403014e+07 5.918914e+06 6.225351e+07 6.611074e+07 -6.873583e+06
8.450798e-03 5.165578e+07 5.162099e+06 5.922558e+07 6.305219e+07 -5.210610e+06
8.513424e-03 4.926619e+07 4.498692e+06 5.598028e+07 6.015156e+07 -4.655356e+06
8.576219e-03 4.712809e+07 3.868692e+06 5.308661e+07 5.738160e+07 -3.470689e+06
8.639099e-03 4.498743e+07 3.290356e+06 5.009259e+07 5.459756e+07 -2.762400e+06
8.701941e-03 4.290681e+07 2.762966e+06 4.711183e+07 5.176908e+07 -1.630578e+06
8.764716e-03 4.096314e+07 2.273802e+06 4.429869e+07 4.912490e+07 -6.329492e+05
8.827545e-03 3.910009e+07 1.836724e+06 4.154702e+07 4.671595e+07 -3.126827e+05
8.890404e-03 3.736626e+07 1.421484e+06 3.893302e+07 4.414315e+07 8.750771e+05
8.953189e-03 3.561446e+07 1.054119e+06 3.624322e+07 4.167986e+07 1.572328e+06
9.016039e-03 3.398622e+07 7.166384e+05 3.372531e+07 3.937538e+07 2.206778e+06
9.078883e-03 3.247537e+07 4.151585e+05 3.132143e+07 3.721272e+07 2.840630e+06
9.141797e-03 3.096510e+07 1.348791e+05 2.893536e+07 3.501035e+07 3.323202e+06
9.204714e-03 2.954135e+07 -1.051303e+05 2.655226e+07 3.277409e+07 4.361848e+06
9.267500e-03 2.820192e+07 -3.228062e+05 2.435478e+07 3.081271e+07 4.662962e+06
9.330389e-03 2.694417e+07 -5.238560e+05 2.226133e+07 2.893901e+07 5.137504e+06
9.393353e-03 2.567912e+07 -6.774769e+05 2.008563e+07 2.703976e+07 5.650097e+06
9.456033e-03 2.455371e+07 -8.346785e+05 1.816411e+07 2.526052e+07 6.016360e+06
9.518699e-03 2.341879e+07 -9.628258e+05 1.616878e+07 2.350687e+07 6.630312e+06
9.581480e-03 2.239271e+07 -1.063150e+06 1.439205e+07 2.200236e+07 6.599586e+06
9.644431e-03 2.138903e+07 -1.157105e+06 1.257387e+07 2.037399e+07 7.141077e+06
9.707436e-03 2.044655e+07 -1.237606e+06 1.087070e+07 1.886333e+07 7.488787e+06
9.770160e-03 1.956062e+07 -1.297024e+06 9.277384e+06 1.747493e+07 7.739894e+06
9.832865e-03 1.869886e+07 -1.343306e+06 7.643992e+06 1.607340e+07 8.092793e+06
9.895597e-03 1.792120e+07 -1.375568e+06 6.267439e+06 1.492014e+07 8.035050e+06
9.958595e-03 1.713880e+07 -1.390516e+06 4.754356e+06 1.364505e+07 8.365408e+06
1.002149e-02 1.643306e+07 -1.399623e+06 3.455248e+06 1.254139e+07 8.407389e+06
1.008410e-02 1.575714e+07 -1.398833e+06 2.158201e+06 1.145787e+07 8.554624e+06
1.014702e-02 1.513060e+07 -1.393846e+06 9.585588e+05 1.047308e+07 8.697769e+06
1.020999e-02 1.453075e+07 -1.367182e+06 -1.809638e+05 9.527070e+06 8.677513e+06
1.027280e-02 1.397598e+07 -1.343154e+06 -1.286190e+06 8.662805e+06 8.710006e+06
1.033567e-02 1.343942e+07 -1.307017e+06 -2.294767e+06 7.757665e+06 8.932438e+06
1.039854e-02 1.294473e+07 -1.261658e+06 -3.259343e+06 7.039033e+06 8.785405e+06
1.046130e-02 1.249342e+07 -1.218101e+06 -4.144752e+06 6.343109e+06 8.772188e+06
1.052408e-02 1.205716e+07 -1.156157e+06 -4.984154e+06 5.694376e+06 8.661353e+06
1.058689e-02 1.165325e+07 -1.098722e+06 -5.790073e+06 5.019048e+06 8.790994e+06
1.064973e-02 1.127586e+07 -1.032634e+06 -6.487782e+06 4.475062e+06 8.678135e+06
1.071266e-02 1.094404e+07 -9.706671e+05 -7.163898e+06 4.009084e+06 8.545865e+06
1.077552e-02 1.061109e+07 -8.901651e+05 -7.799414e+06 3.485624e+06 8.520966e+06
1.083829e-02 1.031079e+07 -8.150908e+05 -8.363184e+06 3.035819e+06 8.520387e+06
1.090115e-02 1.004215e+07 -7.387682e+05 -8.894080e+06 2.643762e+06 8.466375e+06
1.096400e-02 9.784343e+06 -6.498339e+05 -9.338300e+06 2.354238e+06 8.177284e+06
1.102688e-02 9.554378e+06 -5.658716e+05 -9.782121e+06 2.004394e+06 8.180007e+06
1.108967e-02 9.330266e+06 -4.731645e+05 -1.015380e+07 1.704470e+06 8.100308e+06
1.115232e-02 9.136133e+06 -3.824495e+05 -1.048168e+07 1.478541e+06 7.946376e+06
1.121507e-02 8.973424e+06 -2.932172e+05 -1.080469e+07 1.263728e+06 7.854614e+06
1.127797e-02 8.795349e+06 -1.984378e+05 -1.103423e+07 1.069816e+06 7.777174e+06
1.134099e-02 8.665037e+06 -1.012255e+05 -1.127882e+07 9.141041e+05 7.671307e+06
1.140372e-02 8.508739e+06 -3.115093e+03 -1.142993e+07 7.514206e+05 7.611581e+06
1.146650e-02 8.412170e+06 9.251397e+04 -1.159583e+07 6.842311e+05 7.447016e+06
1.152952e-02 8.299028e+06 1.917445e+05 -1.170229e+07 5.775497e+05 7.419092e+06
1.159236e-02 8.198452e+06 2.926091e+05 -1.177616e+07 5.001821e+05 7.340282e+06
1.165521e-02 8.129342e+06 3.911549e+05 -1.185007e+07 4.525636e+05 7.295365e+06
1.171802e-02 8.037826e+06 4.890538e+05 -1.181561e+07 4.701318e+05 7.105092e+06
1.178091e-02 7.991128e+06 5.924368e+05 -1.185746e+07 4.086699e+05 7.175224e+06
1.184377e-02 7.925567e+06 6.857196e+05 -1.180224e+07 4.332448e+05 7.091469e+06
1.190645e-02 7.884506e+06 7.918705e+05 -1.174210e+07 4.448039e+05 7.040270e+06
1.196918e-02 7.845950e+06 8.873433e+05 -1.166347e+07 4.848023e+05 7.010322e+06
1.203205e-02 7.798677e+06 9.829572e+05 -1.152406e+07 5.373130e+05 6.946220e+06
1.209494e-02 7.790162e+06 1.080903e+06 -1.143660e+07 5.796332e+05 7.003328e+06
1.215771e-02 7.752030e+06 1.171623e+06 -1.124806e+07 6.703759e+05 6.919067e+06
1.222054e-02 7.739332e+06 1.270506e+06 -1.111105e+07 7.010798e+05 7.040237e+06
1.228344e-02 7.731154e+06 1.358761e+06 -1.091945e+07 8.139128e+05 6.998565e+06
1.234640e-02 7.718782e+06 1.453422e+06 -1.070856e+07 8.992639e+05 7.017637e+06
1.240915e-02 7.724314e+06 1.541701e+06 -1.051830e+07 9.930626e+05 7.105278e+06
1.247184e-02 7.689237e+06 1.620799e+06 -1.025290e+07 1.065600e+06 7.145887e+06
1.253470e-02 7.717612e+06 1.714879e+06 -1.002812e+07 1.206512e+06 7.194230e+06
1.259754e-02 7.706460e+06 1.791588e+06 -9.763646e+06 1.309128e+06 7.261140e+06
1.266036e-02 7.702349e+06 1.869618e+06 -9.498077e+06 1.405429e+06 7.359441e+06
1.272320e-02 7.708286e+06 1.955478e+06 -9.227161e+06 1.504948e+06 7.471581e+06
1.278608e-02 7.711642e+06 2.021846e+06 -8.926062e+06 1.656911e+06 7.523717e+06
1.284892e-02 7.723342e+06 2.096648e+06 -8.650352e+06 1.766087e+06 7.674903e+06
1.291183e-02 7.715706e+06 2.163562e+06 -8.341778e+06 1.866234e+06 7.806642e+06
1.297477e-02 7.714768e+06 2.229854e+06 -8.021930e+06 1.985872e+06 7.919070e+06
1.303751e-02 7.725918e+06 2.296788e+06 -7.727401e+06 2.094754e+06 8.088960e+06
1.310022e-02 7.722952e+06 2.346463e+06 -7.388118e+06 2.248155e+06 8.167457e+06
1.316309e-02 7.728496e+06 2.417796e+06 -7.085364e+06 2.337990e+06 8.359042e+06
1.322594e-02 7.711004e+06 2.451861e+06 -6.742660e+06 2.442678e+06 8.525107e+06
1.328870e-02 7.727774e+06 2.515752e+06 -6.431108e+06 2.566875e+06 8.700145e+06
1.335152e-02 7.717338e+06 2.554514e+06 -6.101230e+06 2.675801e+06 8.872837e+06
1.341448e-02 7.707846e+06 2.595258e+06 -5.776903e+06 2.779911e+06 9.041056e+06
1.347734e-02 7.701992e+06 2.643488e+06 -5.442123e+06 2.877914e+06 9.236200e+06
1.354004e-02 7.683775e+06 2.664388e+06 -5.100221e+06 2.972725e+06 9.430280e+06
1.360289e-02 7.682808e+06 2.708446e+06 -4.769930e+06 3.104832e+06 9.567374e+06
1.366571e-02 7.659250e+06 2.723858e+06 -4.455218e+06 3.175911e+06 9.796652e+06
1.372857e-02 7.644206e+06 2.756397e+06 -4.117104e+06 3.276658e+06 9.966161e+06
1.379141e-02 7.630907e+06 2.777406e+06 -3.802869e+06 3.353874e+06 1.021219e+07
1.385412e-02 7.596052e+06 2.784960e+06 -3.485446e+06 3.430761e+06 1.038584e+07
1.391702e-02 7.583716e+06 2.808976e+06 -3.169858e+06 3.534336e+06 1.056379e+07
1.397990e-02 7.552638e+06 2.809426e+06 -2.842740e+06 3.598500e+06 1.078602e+07
1.404272e-02 7.520470e+06 2.816569e+06 -2.547002e+06 3.658344e+06 1.098922e+07
1.410560e-02 7.488030e+06 2.818483e+06 -2.227435e+06 3.735998e+06 1.117709e+07
1.416843e-02 7.454394e+06 2.818488e+06 -1.938456e+06 3.808296e+06 1.134783e+07
1.423121e-02 7.423872e+06 2.816280e+06 -1.652880e+06 3.865155e+06 1.155797e+07
1.429401e-02 7.368372e+06 2.798666e+06 -1.358122e+06 3.892769e+06 1.175775e+07
1.435689e-02 7.338642e+06 2.795680e+06 -1.076006e+06 3.963732e+06 1.194077e+07
1.441980e-02 7.288652e+06 2.773887e+06 -8.077830e+05 4.002252e+06 1.211138e+07
1.448261e-02 7.251236e+06 2.760500e+06 -5.276451e+05 4.056244e+06 1.230276e+07
1.454538e-02 7.194130e+06 2.740808e+06 -2.607786e+05 4.086523e+06 1.247209e+07
1.460822e-02 7.138874e+06 2.709668e+06 -2.242860e+04 4.095390e+06 1.265944e+07
1.467115e-02 7.091043e+06 2.689323e+06 2.228739e+05 4.144470e+06 1.279418e+07
1.473401e-02 7.034206e+06 2.652961e+06 4.716775e+05 4.161491e+06 1.296507e+07
1.479676e-02 6.981920e+06 2.625277e+06 7.098394e+05 4.179317e+06 1.314426e+07
1.485961e-02 6.912816e+06 2.588068e+06 9.196147e+05 4.181118e+06 1.326464e+07
1.492239e-02 6.859124e+06 2.550550e+06 1.140430e+06 4.197556e+06 1.342021e+07
1.498506e-02 6.792522e+06 2.516041e+06 1.347052e+06 4.203919e+06 1.353465e+07
1.504789e-02 6.723681e+06 2.462636e+06 1.541694e+06 4.197956e+06 1.365787e+07
1.511078e-02 6.654046e+06 2.426596e+06 1.743258e+06 4.186282e+06 1.378764e+07
1.517364e-02 6.596827e+06 2.378597e+06 1.929272e+06 4.186172e+06 1.391559e+07
1.523654e-02 6.525304e+06 2.331690e+06 2.080371e+06 4.169030e+06 1.400059e+07
1.529942e-02 6.454602e+06 2.285064e+06 2.259909e+06 4.150982e+06 1.411532e+07
1.536235e-02 6.374892e+06 2.227505e+06 2.413816e+06 4.113724e+06 1.419855e+07
1.542517e-02 6.307120e+06 2.181718e+06 2.560228e+06 4.091552e+06 1.428374e+07
1.548789e-02 6.237116e+06 2.124391e+06 2.692039e+06 4.066524e+06 1.435679e+07
1.555076e-02 6.155269e+06 2.070637e+06 2.839154e+06 4.030688e+06 1.441522e+07
1.561359e-02 6.082532e+06 2.015806e+06 2.953441e+06 3.986500e+06 1.448215e+07
1.567632e-02 5.996934e+06 1.954804e+06 3.069575e+06 3.936115e+06 1.452235e+07
1.573917e-02 5.929344e+06 1.905460e+06 3.172187e+06 3.907958e+06 1.455515e+07
1.580208e-02 5.840926e+06 1.838878e+06 3.263212e+06 3.844296e+06 1.458129e+07
1.586491e-02 5.768814e+06 1.786331e+06 3.354844e+06 3.784446e+06 1.462881e+07
1.592764e-02 5.690056e+06 1.726768e+06 3.432992e+06 3.726717e+06 1.465252e+07
1.599049e-02 5.606462e+06 1.666814e+06 3.503162e+06 3.675344e+06 1.462810e+07
1.605344e-02 5.536211e+06 1.613065e+06 3.567912e+06 3.604120e+06 1.466864e+07
1.611624e-02 5.441504e+06 1.544862e+06 3.624310e+06 3.529998e+06 1.463616e+07
1.617906e-02 5.369201e+06 1.492710e+06 3.667890e+06 3.458957e+06 1.463831e+07
1.624189e-02 5.286189e+06 1.431662e+06 3.707122e+06 3.393776e+06 1.459297e+07
1.630468e-02 5.204555e+06 1.373500e+06 3.739715e+06 3.315894e+06 1.456078e+07
1.636757e-02 5.126051e+06 1.316216e+06 3.770415e+06 3.230143e+06 1.454407e+07
1.643038e-02 5.045928e+06 1.258173e+06 3.773367e+06 3.145795e+06 1.449347e+07
1.649314e-02 4.962520e+06 1.203263e+06 3.793571e+06 3.068100e+06 1.443156e+07
1.655599e-02 4.879774e+06 1.142740e+06 3.788044e+06 2.976593e+06 1.436410e+07
1.661885e-02 4.803810e+06 1.089652e+06 3.795818e+06 2.890582e+06 1.431161e+07
1.668174e-02 4.721210e+06 1.034874e+06 3.776669e+06 2.794194e+06 1.423447e+07
1.674456e-02 4.644574e+06 9.831044e+05 3.759030e+06 2.710844e+06 1.415295e+07
1.680728e-02 4.567814e+06 9.310288e+05 3.736505e+06 2.607851e+06 1.407275e+07
1.687017e-02 4.486616e+06 8.766671e+05 3.712137e+06 2.519160e+06 1.397706e+07
1.693315e-02 4.407570e+06 8.279040e+05 3.669980e+06 2.417970e+06 1.387138e+07
1.699589e-02 4.328834e+06 7.771504e+05 3.627193e+06 2.313722e+06 1.377470e+07
1.705867e-02 4.252531e+06 7.286361e+05 3.586544e+06 2.221207e+06 1.365454e+07
1.712163e-02 4.181344e+06 6.850858e+05 3.540548e+06 2.123921e+06 1.355484e+07
1.718447e-02 4.099561e+06 6.375818e+05 3.472034e+06 2.020038e+06 1.341483e+07
1.724726e-02 4.026374e+06 5.940193e+05 3.410866e+06 1.913533e+06 1.329671e+07
1.731003e-02 3.951825e+06 5.496547e+05 3.351809e+06 1.817533e+06 1.316492e+07
1.737292e-02 3.878118e+06 5.093858e+05 3.278105e+06 1.713723e+06 1.302377e+07
1.743574e-02 3.810086e+06 4.721844e+05 3.203784e+06 1.613970e+06 1.289631e+07
1.749847e-02 3.732582e+06 4.299119e+05 3.128515e+06 1.507130e+06 1.274661e+07
1.756133e-02 3.662272e+06 3.939128e+05 3.048404e+06 1.408483e+06 1.259073e+07
1.762415e-02 3.592904e+06 3.593023e+05 2.953806e+06 1.307475e+06 1.243510e+07
1.768698e-02 3.522732e+06 3.240746e+05 2.879213e+06 1.208149e+06 1.228620e+07
1.774982e-02 3.453818e+06 2.920311e+05 2.778858e+06 1.105297e+06 1.212255e+07
1.781268e-02 3.385946e+06 2.603940e+05 2.685348e+06 1.003780e+06 1.196181e+07
1.787557e-02 3.322522e+06 2.339713e+05 2.589427e+06 9.078192e+05 1.179507e+07
1.793843e-02 3.254529e+06 2.027718e+05 2.492776e+06 8.099396e+05 1.162997e+07
1.800122e-02 3.190141e+06 1.773242e+05 2.393046e+06 7.125901e+05 1.145740e+07
1.806400e-02 3.121787e+06 1.502971e+05 2.288382e+06 6.192918e+05 1.126940e+07
1.812677e-02 3.062296e+06 1.296614e+05 2.180883e+06 5.258335e+05 1.109699e+07
1.818960e-02 3.001041e+06 1.061478e+05 2.080432e+06 4.324588e+05 1.092406e+07
1.825247e-02 2.939345e+06 8.448248e+04 1.973862e+06 3.414783e+05 1.074667e+07
1.831530e-02 2.878612e+06 6.763262e+04 1.865807e+06 2.556957e+05 1.055475e+07
1.837813e-02 2.819885e+06 4.822675e+04 1.749055e+06 1.660823e+05 1.037343e+07
1.844103e-02 2.763940e+06 3.181687e+04 1.651160e+06 8.068562e+04 1.020093e+07
1.850388e-02 2.703864e+06 1.597441e+04 1.536837e+06 -5.271353e+02 1.000056e+07
1.856668e-02 2.645463e+06 3.102596e+03 1.423455e+06 -7.777903e+04 9.800746e+06
1.862952e-02 2.595595e+06 -9.805272e+03 1.319963e+06 -1.635501e+05 9.635703e+06
1.869235e-02 2.538330e+06 -2.196991e+04 1.206829e+06 -2.336687e+05 9.437704e+06
1.875521e-02 2.484660e+06 -3.145618e+04 1.098386e+06 -3.104564e+05 9.241077e+06
1.881803e-02 2.432730e+06 -3.986701e+04 9.838996e+05 -3.795021e+05 9.049061e+06
1.888083e-02 2.381048e+06 -4.827946e+04 8.816372e+05 -4.465304e+05 8.861655e+06
1.894358e-02 2.333896e+06 -5.530338e+04 7.754464e+05 -5.182662e+05 8.684680e+06
1.900645e-02 2.281709e+06 -6.062072e+04 6.646847e+05 -5.782876e+05 8.480499e+06
1.906935e-02 2.234104e+06 -6.427888e+04 5.629266e+05 -6.399391e+05 8.292799e+06
1.913210e-02 2.185898e+06 -6.923647e+04 4.562785e+05 -6.962809e+05 8.101670e+06
1.919494e-02 2.142736e+06 -7.148960e+04 3.555266e+05 -7.564320e+05 7.924864e+06
1.925782e-02 2.094604e+06 -7.163437e+04 2.493058e+05 -8.051069e+05 7.721784e+06
1.932068e-02 2.050011e+06 -7.375548e+04 1.527908e+05 -8.550656e+05 7.536498e+06
1.938348e-02 2.009244e+06 -7.315105e+04 5.789089e+04 -9.066917e+05 7.362506e+06
1.944625e-02 1.964594e+06 -7.262624e+04 -4.127396e+04 -9.481244e+05 7.167819e+06
1.950911e-02 1.924112e+06 -6.991220e+04 -1.341916e+05 -9.908391e+05 6.987156e+06
1.957198e-02 1.882987e+06 -6.807943e+04 -2.264373e+05 -1.029602e+06 6.804881e+06
1.963482e-02 1.844106e+06 -6.469590e+04 -3.181739e+05 -1.064447e+06 6.623440e+06
1.969763e-02 1.805628e+06 -6.107743e+04 -4.022465e+05 -1.101120e+06 6.449988e+06
1.976054e-02 1.766653e+06 -5.570678e+04 -4.913677e+05 -1.129375e+06 6.265952e+06
1.982343e-02 1.731746e+06 -5.002977e+04 -5.740229e+05 -1.159345e+06 6.095846e+06
1.988621e-02 1.695222e+06 -4.607566e+04 -6.505964e+05 -1.184308e+06 5.927496e+06
1.994903e-02 1.659970e+06 -3.841307e+04 -7.309621e+05 -1.206018e+06 5.751890e+06
2.001187e-02 1.626220e+06 -3.160077e+04 -8.047729e+05 -1.227291e+06 5.585148e+06
2.007464e-02 1.592908e+06 -2.523412e+04 -8.785925e+05 -1.244120e+06 5.421328e+06
2.013740e-02 1.561463e+06 -1.681632e+04 -9.469446e+05 -1.260442e+06 5.259192e+06
2.020021e-02 1.529077e+06 -9.324521e+03 -1.014319e+06 -1.271643e+06 5.099214e+06
2.026315e-02 1.498939e+06 -4.464414e+02 -1.078298e+06 -1.282819e+06 4.941634e+06
2.032605e-02 1.469210e+06 8.192245e+03 -1.138816e+06 -1.290000e+06 4.787978e+06
2.038878e-02 1.441540e+06 1.781342e+04 -1.200899e+06 -1.295450e+06 4.638880e+06
2.045158e-02 1.412918e+06 2.767553e+04 -1.253231e+06 -1.299092e+06 4.489150e+06
2.051448e-02 1.385602e+06 3.589077e+04 -1.308197e+06 -1.300251e+06 4.346474e+06
2.057734e-02 1.360575e+06 4.723664e+04 -1.357203e+06 -1.299451e+06 4.205511e+06
2.064018e-02 1.334295e+06 5.624656e+04 -1.404170e+06 -1.296432e+06 4.069172e+06
2.070304e-02 1.308713e+06 6.675757e+04 -1.446466e+06 -1.289343e+06 3.928906e+06
2.076595e-02 1.285883e+06 7.744303e+04 -1.488382e+06 -1.283286e+06 3.801170e+06
2.082869e-02 1.262684e+06 8.744527e+04 -1.527917e+06 -1.273932e+06 3.674810e+06
2.089140e-02 1.240570e+06 9.870784e+04 -1.562384e+06 -1.264114e+06 3.550485e+06
2.095430e-02 1.218261e+06 1.088024e+05 -1.594364e+06 -1.250318e+06 3.429174e+06
2.101710e-02 1.198015e+06 1.199137e+05 -1.623246e+06 -1.236584e+06 3.313844e+06
2.107990e-02 1.177808e+06 1.303562e+05 -1.650852e+06 -1.220869e+06 3.200628e+06
2.114275e-02 1.157889e+06 1.407840e+05 -1.673832e+06 -1.203259e+06 3.092516e+06
2.120557e-02 1.139849e+06 1.531462e+05 -1.695854e+06 -1.184554e+06 2.985416e+06
2.126842e-02 1.121203e+06 1.617487e+05 -1.713039e+06 -1.163374e+06 2.885714e+06
2.133126e-02 1.104751e+06 1.737355e+05 -1.730208e+06 -1.144889e+06 2.790019e+06
2.139415e-02 1.087314e+06 1.839907e+05 -1.742480e+06 -1.121208e+06 2.696043e+06
2.145701e-02 1.071316e+06 1.946229e+05 -1.752160e+06 -1.096447e+06 2.604618e+06
2.151977e-02 1.056131e+06 2.048650e+05 -1.759774e+06 -1.073053e+06 2.520319e+06
2.158262e-02 1.041437e+06 2.150535e+05 -1.766111e+06 -1.046660e+06 2.439455e+06
2.164549e-02 1.027462e+06 2.259647e+05 -1.769084e+06 -1.021859e+06 2.362235e+06
2.170835e-02 1.012527e+06 2.346499e+05 -1.766644e+06 -9.916958e+05 2.285040e+06
2.177117e-02 1.000558e+06 2.453956e+05 -1.765639e+06 -9.649678e+05 2.216754e+06
2.183391e-02 9.875488e+05 2.549044e+05 -1.761201e+06 -9.366005e+05 2.151062e+06
2.189674e-02 9.755607e+05 2.638618e+05 -1.754449e+06 -9.064926e+05 2.088870e+06
2.195964e-02 9.639431e+05 2.741651e+05 -1.744631e+06 -8.771290e+05 2.029283e+06
2.202248e-02 9.532569e+05 2.818560e+05 -1.733744e+06 -8.452906e+05 1.975384e+06
2.208526e-02 9.426582e+05 2.916571e+05 -1.720726e+06 -8.165551e+05 1.925044e+06
2.214806e-02 9.326019e+05 2.996439e+05 -1.705198e+06 -7.849096e+05 1.877886e+06
2.221095e-02 9.234958e+05 3.086045e+05 -1.688665e+06 -7.533816e+05 1.834792e+06
2.227376e-02 9.134751e+05 3.165923e+05 -1.667196e+06 -7.210894e+05 1.791991e+06
2.233660e-02 9.063341e+05 3.242319e+05 -1.649914e+06 -6.909574e+05 1.761394e+06
2.239951e-02 8.969794e+05 3.324478e+05 -1.625113e+06 -6.589801e+05 1.725310e+06
2.246232e-02 8.894574e+05 3.391714e+05 -1.600745e+06 -6.262183e+05 1.696188e+06
2.252510e-02 8.816739e+05 3.461204e+05 -1.574288e+06 -5.945504e+05 1.669923e+06
2.258787e-02 8.744170e+05 3.530657e+05 -1.546524e+06 -5.629494e+05 1.647183e+06
2.265070e-02 8.679813e+05 3.590306e+05 -1.518194e+06 -5.312032e+05 1.628696e+06
2.271352e-02 8.614930e+05 3.662433e+05 -1.487481e+06 -5.005577e+05 1.611907e+06
2.277642e-02 8.558654e+05 3.710323e+05 -1.456715e+06 -4.692762e+05 1.600846e+06
2.283929e-02 8.498491e+05 3.773772e+05 -1.423145e+06 -4.385643e+05 1.589696e+06
2.290206e-02 8.440809e+05 3.823894e+05 -1.388059e+06 -4.073308e+05 1.581716e+06
2.296496e-02 8.392442e+05 3.869984e+05 -1.354128e+06 -3.775454e+05 1.578496e+06
2.302777e-02 8.338078e+05 3.924384e+05 -1.316614e+06 -3.482128e+05 1.575977e+06
2.309054e-02 8.297982e+05 3.956242e+05 -1.280633e+06 -3.180010e+05 1.578433e+06
2.315342e-02 8.250380e+05 4.005828e+05 -1.241736e+06 -2.894396e+05 1.580673e+06
2.321632e-02 8.208059e+05 4.033416e+05 -1.202950e+06 -2.613046e+05 1.587953e+06
2.327917e-02 8.170016e+05 4.072006e+05 -1.163821e+06 -2.338230e+05 1.597031e+06
2.334191e-02 8.125592e+05 4.101879e+05 -1.121838e+06 -2.058418e+05 1.605384e+06
2.340472e-02 8.095829e+05 4.123638e+05 -1.082065e+06 -1.792163e+05 1.619860e+06
2.346760e-02 8.055829e+05 4.154491e+05 -1.039535e+06 -1.538421e+05 1.634539e+06
2.353050e-02 8.028802e+05 4.166015e+05 -9.997691e+05 -1.290115e+05 1.652528e+06
2.359332e-02 7.997214e+05 4.190519e+05 -9.557379e+05 -1.027437e+05 1.670019e+06
2.365605e-02 7.960802e+05 4.199892e+05 -9.119962e+05 -7.859197e+04 1.688886e+06
2.371890e-02 7.937019e+05 4.208621e+05 -8.701948e+05 -5.555254e+04 1.712516e+06
2.378176e-02 7.907424e+05 4.223566e+05 -8.275341e+05 -3.512811e+04 1.737554e+06
2.384456e-02 7.885222e+05 4.217989e+05 -7.835499e+05 -1.081097e+04 1.760861e+06
2.390740e-02 7.854134e+05 4.223778e+05 -7.398602e+05 9.607676e+03 1.786896e+06
2.397018e-02 7.832696e+05 4.218148e+05 -6.977886e+05 2.790167e+04 1.816294e+06
2.403299e-02 7.807469e+05 4.214618e+05 -6.533714e+05 4.936301e+04 1.843258e+06
2.409587e-02 7.783752e+05 4.210993e+05 -6.088504e+05 6.796280e+04 1.873627e+06
2.415877e-02 7.760524e+05 4.189545e+05 -5.667877e+05 8.689838e+04 1.901721e+06
2.422167e-02 7.734944e+05 4.181534e+05 -5.234204e+05 1.025685e+05 1.934110e+06
2.428445e-02 7.723041e+05 4.163948e+05 -4.814716e+05 1.184667e+05 1.969071e+06
2.434721e-02 7.690953e+05 4.139407e+05 -4.390470e+05 1.342788e+05 1.997235e+06
2.441004e-02 7.672077e+05 4.120282e+05 -3.952731e+05 1.495643e+05 2.031845e+06
2.447292e-02 7.652864e+05 4.090820e+05 -3.550804e+05 1.638325e+05 2.064797e+06
2.453573e-02 7.627892e+05 4.067645e+05 -3.127723e+05 1.753854e+05 2.098914e+06
2.459853e-02 7.610509e+05 4.029679e+05 -2.737871e+05 1.887350e+05 2.131298e+06
2.466143e-02 7.582476e+05 3.997389e+05 -2.316624e+05 1.998741e+05 2.165148e+06
2.472428e-02 7.564742e+05 3.962142e+05 -1.926173e+05 2.105341e+05 2.199022e+06
2.478701e-02 7.545821e+05 3.924469e+05 -1.550172e+05 2.193761e+05 2.233662e+06
2.484983e-02 7.515824e+05 3.883910e+05 -1.133783e+05 2.300755e+05 2.265402e+06
2.491274e-02 7.497636e+05 3.833649e+05 -7.891953e+04 2.371908e+05 2.298885e+06
2.497552e-02 7.472172e+05 3.793152e+05 -4.074586e+04 2.444982e+05 2.331079e+06
2.503835e-02 7.453658e+05 3.746908e+05 -4.899614e+03 2.516066e+05 2.365272e+06
2.510120e-02 7.425943e+05 3.694519e+05 3.031090e+04 2.570404e+05 2.395449e+06
2.516403e-02 7.399644e+05 3.643261e+05 6.639630e+04 2.623370e+05 2.427141e+06
2.522691e-02 7.376416e+05 3.587166e+05 9.810202e+04 2.672167e+05 2.456389e+06
2.528974e-02 7.350351e+05 3.537080e+05 1.335600e+05 2.709783e+05 2.487842e+06
2.535254e-02 7.325559e+05 3.475385e+05 1.611869e+05 2.721465e+05 2.516060e+06
2.541543e-02 7.296351e+05 3.418534e+05 1.955005e+05 2.760690e+05 2.544021e+06
2.547829e-02 7.266020e+05 3.356483e+05 2.251114e+05 2.765478e+05 2.571178e+06
2.554104e-02 7.243471e+05 3.297040e+05 2.526235e+05 2.781973e+05 2.597484e+06
2.560379e-02 7.204352e+05 3.233138e+05 2.828980e+05 2.774115e+05 2.622153e+06
2.566670e-02 7.184162e+05 3.168962e+05 3.081246e+05 2.784473e+05 2.646798e+06
2.572959e-02 7.146438e+05 3.103629e+05 3.344277e+05 2.757747e+05 2.669068e+06
2.579238e-02 7.116910e+05 3.037407e+05 3.600698e+05 2.751498e+05 2.691422e+06
2.585524e-02 7.084017e+05 2.970597e+05 3.825113e+05 2.720314e+05 2.711587e+06
2.591809e-02 7.046376e+05 2.900567e+05 4.064324e+05 2.685589e+05 2.730594e+06
2.598089e-02 7.021461e+05 2.835418e+05 4.275724e+05 2.664219e+05 2.750780e+06
2.604363e-02 6.977057e+05 2.762847e+05 4.498648e+05 2.621090e+05 2.765864e+06
2.610648e-02 6.943344e+05 2.693426e+05 4.678402e+05 2.577029e+05 2.780609e+06
2.616936e-02 6.903588e+05 2.623982e+05 4.848335e+05 2.511602e+05 2.794410e+06
2.623211e-02 6.869548e+05 2.552800e+05 5.062180e+05 2.470620e+05 2.810343e+06
2.629494e-02 6.823824e+05 2.479857e+05 5.180292e+05 2.403352e+05 2.816383e+06
2.635781e-02 6.786615e+05 2.409204e+05 5.371056e+05 2.340378e+05 2.830336e+06
2.642065e-02 6.747321e+05 2.338313e+05 5.486866e+05 2.274987e+05 2.837076e+06
2.648348e-02 6.704320e+05 2.267578e+05 5.625469e+05 2.195103e+05 2.845382e+06
2.654638e-02 6.657201e+05 2.191972e+05 5.739810e+05 2.119555e+05 2.848208e+06
2.660925e-02 6.614104e+05 2.124984e+05 5.834500e+05 2.036730e+05 2.852613e+06
2.667201e-02 6.572659e+05 2.051029e+05 5.969861e+05 1.954605e+05 2.858821e+06
2.673488e-02 6.527328e+05 1.982047e+05 6.020185e+05 1.870324e+05 2.857252e+06
2.679776e-02 6.475672e+05 1.909952e+05 6.110723e+05 1.774937e+05 2.856841e+06
2.686060e-02 6.427466e+05 1.839682e+05 6.163988e+05 1.682824e+05 2.853741e+06
2.692343e-02 6.384066e+05 1.771158e+05 6.231312e+05 1.588470e+05 2.853512e+06
2.698622e-02 6.329708e+05 1.700283e+05 6.271683e+05 1.480010e+05 2.847399e+06
2.704897e-02 6.280664e+05 1.633268e+05 6.294974e+05 1.390255e+05 2.839998e+06
2.711177e-02 6.227701e+05 1.563510e+05 6.336328e+05 1.280025e+05 2.833909e+06
2.717462e-02 6.178277e+05 1.499624e+05 6.327567e+05 1.178717e+05 2.823858e+06
2.723749e-02 6.124149e+05 1.431551e+05 6.354342e+05 1.072983e+05 2.814918e+06
2.730042e-02 6.069398e+05 1.366067e+05 6.344478e+05 9.654212e+04 2.802237e+06
2.736320e-02 6.016212e+05 1.302721e+05 6.312186e+05 8.536041e+04 2.789084e+06
2.742592e-02 5.959747e+05 1.237482e+05 6.314942e+05 7.390586e+04 2.776500e+06
2.748882e-02 5.905601e+05 1.177895e+05 6.250252e+05 6.321139e+04 2.758349e+06
2.755167e-02 5.846747e+05 1.114808e+05 6.231081e+05 5.191593e+04 2.742914e+06
2.761450e-02 5.790427e+05 1.055008e+05 6.174798e+05 4.092258e+04 2.724115e+06
2.767735e-02 5.732959e+05 9.971610e+04 6.116418e+05 2.976551e+04 2.704930e+06
2.774019e-02 5.671758e+05 9.374969e+04 6.056448e+05 1.795601e+04 2.684110e+06
2.780301e-02 5.615878e+05 8.827303e+04 5.968210e+05 6.970198e+03 2.662022e+06
2.786580e-02 5.552341e+05 8.269225e+04 5.901401e+05 -4.262888e+03 2.639492e+06
2.792859e-02 5.496968e+05 7.744198e+04 5.796199e+05 -1.572122e+04 2.615581e+06
2.799145e-02 5.432739e+05 7.206329e+04 5.713790e+05 -2.663019e+04 2.590345e+06
2.805434e-02 5.372938e+05 6.703730e+04 5.608828e+05 -3.774976e+04 2.564872e+06
2.811718e-02 5.310306e+05 6.214537e+04 5.488267e+05 -4.899334e+04 2.536355e+06
2.817992e-02 5.249004e+05 5.718565e+04 5.393508e+05 -5.974852e+04 2.510068e+06
2.824273e-02 5.186742e+05 5.281768e+04 5.244829e+05 -7.061846e+04 2.478520e+06
2.830566e-02 5.124341e+05 4.802481e+04 5.145831e+05 -8.092647e+04 2.450898e+06
2.836851e-02 5.062232e+05 4.392004e+04 4.997641e+05 -9.174390e+04 2.419688e+06
2.843134e-02 4.996046e+05 3.977103e+04 4.852251e+05 -1.023435e+05 2.386107e+06
2.849418e-02 4.935641e+05 3.544384e+04 4.736826e+05 -1.120794e+05 2.356722e+06
2.855700e-02 4.871220e+05 3.196204e+04 4.557954e+05 -1.226842e+05 2.321021e+06
2.861981e-02 4.808621e+05 2.797775e+04 4.437730e+05 -1.319464e+05 2.289502e+06
2.868265e-02 4.743057e+05 2.473917e+04 4.255978e+05 -1.422326e+05 2.252361e+06
2.874550e-02 4.682102e+05 2.115608e+04 4.114708e+05 -1.513338e+05 2.219434e+06
2.880834e-02 4.616184e+05 1.789218e+04 3.959194e+05 -1.603255e+05 2.183235e+06
2.887116e-02 4.553808e+05 1.512819e+04 3.777126e+05 -1.696871e+05 2.145862e+06
2.893395e-02 4.488867e+05 1.209417e+04 3.626310e+05 -1.784032e+05 2.110221e+06
2.899675e-02 4.428191e+05 9.540205e+03 3.438406e+05 -1.875932e+05 2.072358e+06
2.905957e-02 4.363906e+05 6.858176e+03 3.287701e+05 -1.950179e+05 2.035644e+06
2.912242e-02 4.299122e+05 4.596428e+03 3.110369e+05 -2.031310e+05 1.996269e+06
2.918528e-02 4.239498e+05 2.450888e+03 2.927483e+05 -2.117495e+05 1.959006e+06
2.924811e-02 4.172529e+05 3.069696e+02 2.768085e+05 -2.188411e+05 1.919560e+06
2.931098e-02 4.113988e+05 -1.308040e+03 2.567613e+05 -2.264865e+05 1.880029e+06
2.937380e-02 4.050090e+05 -3.112428e+03 2.410246e+05 -2.332662e+05 1.841300e+06
2.943661e-02 3.988388e+05 -4.535123e+03 2.221324e+05 -2.403844e+05 1.800950e+06
2.949948e-02 3.929777e+05 -5.896588e+03 2.050357e+05 -2.472877e+05 1.762888e+06
2.956230e-02 3.866549e+05 -7.145718e+03 1.881598e+05 -2.529308e+05 1.722260e+06
2.962512e-02 3.809649e+05 -7.972691e+03 1.692867e+05 -2.593569e+05 1.682821e+06
2.968798e-02 3.745494e+05 -8.927305e+03 1.528073e+05 -2.652512e+05 1.642263e+06
2.975080e-02 3.690191e+05 -9.537374e+03 1.344185e+05 -2.712633e+05 1.602853e+06
2.981362e-02 3.630229e+05 -9.990076e+03 1.179151e+05 -2.760717e+05 1.563024e+06
2.987648e-02 3.572658e+05 -1.037671e+04 1.007669e+05 -2.813194e+05 1.523248e+06
2.993931e-02 3.516832e+05 -1.047700e+04 8.336045e+04 -2.865373e+05 1.483708e+06
3.000209e-02 3.455927e+05 -1.065490e+04 6.823378e+04 -2.908670e+05 1.443936e+06
3.006488e-02 3.404332e+05 -1.022835e+04 4.988885e+04 -2.955476e+05 1.404287e+06
3.012771e-02 3.348270e+05 -1.006338e+04 3.470969e+04 -2.995116e+05 1.365891e+06
3.019054e-02 3.293822e+05 -9.670148e+03 1.897189e+04 -3.037453e+05 1.327054e+06
3.025338e-02 3.240234e+05 -8.855425e+03 2.914285e+03 -3.076043e+05 1.287806e+06
3.031628e-02 3.186119e+05 -8.260285e+03 -1.118324e+04 -3.111616e+05 1.250393e+06
3.037913e-02 3.136824e+05 -7.193026e+03 -2.722504e+04 -3.144395e+05 1.212125e+06
3.044197e-02 3.084240e+05 -6.324635e+03 -4.047883e+04 -3.178673e+05 1.175345e+06
3.050478e-02 3.034065e+05 -4.742812e+03 -5.585861e+04 -3.209603e+05 1.137398e+06
3.056757e-02 2.985246e+05 -3.555088e+03 -6.850802e+04 -3.238142e+05 1.101962e+06
3.063042e-02 2.937160e+05 -2.066215e+03 -8.141428e+04 -3.263262e+05 1.066409e+06
3.069327e-02 2.890110e+05 -3.645372e+02 -9.446500e+04 -3.289934e+05 1.030647e+06
3.075615e-02 2.841406e+05 1.480338e+03 -1.060830e+05 -3.312541e+05 9.960177e+05
3.081897e-02 2.799907e+05 3.542382e+03 -1.186438e+05 -3.340174e+05 9.628259e+05
3.088177e-02 2.752384e+05 5.528540e+03 -1.288500e+05 -3.354884e+05 9.290344e+05
3.094460e-02 2.710951e+05 7.950135e+03 -1.400296e+05 -3.377671e+05 8.968886e+05
3.100745e-02 2.667974e+05 1.027397e+04 -1.496237e+05 -3.394043e+05 8.656592e+05
3.107031e-02 2.624474e+05 1.279424e+04 -1.583031e+05 -3.410351e+05 8.348625e+05
3.113311e-02 2.589089e+05 1.569109e+04 -1.682622e+05 -3.430149e+05 8.061723e+05
3.119592e-02 2.545100e+05 1.838724e+04 -1.750307e+05 -3.433670e+05 7.766737e+05
3.125876e-02 2.509738e+05 2.164589e+04 -1.835625e+05 -3.451333e+05 7.498549e+05
3.132160e-02 2.472443e+05 2.491537e+04 -1.900292e+05 -3.461808e+05 7.233870e+05
3.138440e-02 2.435061e+05 2.817362e+04 -1.953438e+05 -3.468845e+05 6.984269e+05
3.144727e-02 2.402377e+05 3.195810e+04 -2.015477e+05 -3.468924e+05 6.748794e+05
3.151008e-02 2.365786e+05 3.571647e+04 -2.053026e+05 -3.472720e+05 6.523057e+05
3.157285e-02 2.336109e+05 3.990713e+04 -2.100709e+05 -3.473052e+05 6.322275e+05
3.163570e-02 2.302954e+05 4.417596e+04 -2.123807e+05 -3.464500e+05 6.129281e+05
3.169852e-02 2.272239e+05 4.892428e+04 -2.148915e+05 -3.450410e+05 5.952927e+05
3.176139e-02 2.243647e+05 5.389259e+04 -2.164691e+05 -3.430746e+05 5.801121e+05
3.182425e-02 2.213733e+05 5.929922e+04 -2.161877e+05 -3.410271e+05 5.664388e+05
3.188706e-02 2.189448e+05 6.542559e+04 -2.169186e+05 -3.367714e+05 5.555462e+05
3.194991e-02 2.161155e+05 7.197207e+04 -2.149986e+05 -3.319087e+05 5.457482e+05
3.201276e-02 2.137096e+05 7.954179e+04 -2.131485e+05 -3.244049e+05 5.391909e+05
3.207553e-02 2.113895e+05 8.827108e+04 -2.102031e+05 -3.147486e+05 5.356378e+05
3.213836e-02 2.088986e+05 9.944366e+04 -2.056955e+05 -2.978739e+05 5.337448e+05
