# k, q0, q1/i, q2, q3/i, q4, norm, alpha = 1.18448e+01, 2.00279e-02
5.385587e-05 7.422765e+13 2.193793e+12 -1.671310e+10 2.122069e+11 -4.875903e+13
1.034961e-04 7.407524e+13 4.207686e+12 -7.346646e+09 -1.004205e+10 4.843423e+12
1.650345e-04 7.373913e+13 6.679263e+12 1.605906e+09 -6.658899e+10 5.771538e+12
2.219461e-04 7.330169e+13 8.925564e+12 -2.932696e+10 5.750186e+10 -2.193775e+12
2.831569e-04 7.268541e+13 1.128920e+13 -2.659063e+10 3.458551e+10 1.161048e+12
3.481074e-04 7.187831e+13 1.372036e+13 -2.908407e+10 6.829108e+10 1.596610e+12
4.078467e-04 7.103768e+13 1.571373e+13 -4.717578e+11 2.478898e+11 -1.297916e+12
4.685721e-04 6.996171e+13 1.805185e+13 1.893230e+11 2.656951e+11 2.218687e+11
5.344152e-04 6.872950e+13 2.013107e+13 7.108367e+09 4.155427e+11 4.278012e+11
5.979215e-04 6.741857e+13 2.200581e+13 -1.112727e+11 5.933272e+11 -2.120082e+11
6.594309e-04 6.601376e+13 2.376181e+13 -5.372484e+10 8.110969e+11 -7.204458e+11
7.211547e-04 6.450580e+13 2.537858e+13 2.214084e+10 1.012636e+12 5.114089e+11
7.842715e-04 6.288627e+13 2.681894e+13 5.441239e+09 1.291686e+12 -2.600611e+11
8.480725e-04 6.113676e+13 2.816587e+13 1.055549e+11 1.650587e+12 -5.117315e+11
9.105595e-04 5.932488e+13 2.935420e+13 2.814412e+11 1.996444e+12 -6.608575e+11
9.726731e-04 5.750616e+13 3.028353e+13 3.534359e+11 2.389063e+12 -7.131874e+11
1.035373e-03 5.558281e+13 3.111449e+13 5.447478e+11 2.855571e+12 -4.660984e+11
1.098784e-03 5.361991e+13 3.171847e+13 6.836972e+11 3.320632e+12 -1.324135e+12
1.161586e-03 5.162674e+13 3.219344e+13 9.172139e+11 3.864224e+12 -1.140774e+12
1.224174e-03 4.961519e+13 3.248155e+13 1.156021e+12 4.459823e+12 -1.719009e+12
1.288412e-03 4.752668e+13 3.264591e+13 1.491731e+12 5.049751e+12 -1.589765e+12
1.351080e-03 4.551389e+13 3.257680e+13 1.752123e+12 5.765091e+12 -2.586873e+12
1.412291e-03 4.350933e+13 3.245437e+13 2.159607e+12 6.404233e+12 -2.488953e+12
1.475368e-03 4.150504e+13 3.212651e+13 2.548317e+12 7.082525e+12 -2.791439e+12
1.538515e-03 3.947503e+13 3.171502e+13 3.027330e+12 7.760178e+12 -3.066458e+12
1.601338e-03 3.756568e+13 3.106221e+13 3.376935e+12 8.702365e+12 -4.243149e+12
1.665074e-03 3.558640e+13 3.039933e+13 3.928797e+12 9.485531e+12 -4.443974e+12
1.728027e-03 3.368375e+13 2.967083e+13 4.512851e+12 1.015433e+13 -4.463395e+12
1.789887e-03 3.188918e+13 2.875751e+13 5.006255e+12 1.112120e+13 -5.448369e+12
1.852570e-03 3.012040e+13 2.783791e+13 5.627311e+12 1.175573e+13 -5.669983e+12
1.915088e-03 2.844512e+13 2.677995e+13 6.150274e+12 1.275976e+13 -6.557243e+12
1.978019e-03 2.674653e+13 2.575329e+13 6.838246e+12 1.341191e+13 -6.745973e+12
2.041684e-03 2.517043e+13 2.457560e+13 7.406331e+12 1.440055e+13 -7.658394e+12
2.104726e-03 2.366126e+13 2.343484e+13 8.060619e+12 1.510900e+13 -8.031925e+12
2.167060e-03 2.221724e+13 2.226527e+13 8.687820e+12 1.588504e+13 -8.659837e+12
2.229921e-03 2.085806e+13 2.107824e+13 9.311765e+12 1.666225e+13 -9.172160e+12
2.292794e-03 1.955347e+13 1.988530e+13 9.944104e+12 1.734318e+13 -9.726287e+12
2.355230e-03 1.835205e+13 1.870343e+13 1.051696e+13 1.812694e+13 -1.033616e+13
2.418331e-03 1.720266e+13 1.752633e+13 1.111042e+13 1.878399e+13 -1.089281e+13
2.481215e-03 1.610972e+13 1.637845e+13 1.170202e+13 1.934271e+13 -1.131923e+13
2.543891e-03 1.511941e+13 1.527485e+13 1.220718e+13 2.001647e+13 -1.184632e+13
2.607003e-03 1.414840e+13 1.417989e+13 1.275433e+13 2.046676e+13 -1.220914e+13
2.669740e-03 1.326058e+13 1.314959e+13 1.323064e+13 2.095902e+13 -1.254848e+13
2.732628e-03 1.248475e+13 1.215068e+13 1.364138e+13 2.143813e+13 -1.308272e+13
2.796013e-03 1.169953e+13 1.119529e+13 1.406989e+13 2.178097e+13 -1.331103e+13
2.858795e-03 1.098541e+13 1.031930e+13 1.439888e+13 2.212603e+13 -1.355690e+13
2.920959e-03 1.037855e+13 9.472922e+12 1.472496e+13 2.235963e+13 -1.385011e+13
2.983535e-03 9.756609e+12 8.700246e+12 1.499017e+13 2.256141e+13 -1.396175e+13
3.046449e-03 9.208280e+12 7.948877e+12 1.523229e+13 2.267852e+13 -1.407395e+13
3.109435e-03 8.674014e+12 7.286084e+12 1.539571e+13 2.275172e+13 -1.405442e+13
3.172429e-03 8.246880e+12 6.684384e+12 1.545891e+13 2.284798e+13 -1.430328e+13
3.235378e-03 7.804425e+12 6.095370e+12 1.558971e+13 2.277976e+13 -1.416042e+13
3.298350e-03 7.383571e+12 5.585076e+12 1.558883e+13 2.267957e+13 -1.406051e+13
3.361502e-03 7.013355e+12 5.087575e+12 1.562024e+13 2.250881e+13 -1.383704e+13
3.424034e-03 6.668739e+12 4.681732e+12 1.553220e+13 2.231922e+13 -1.368151e+13
3.486610e-03 6.362350e+12 4.314038e+12 1.541204e+13 2.208761e+13 -1.349488e+13
3.549533e-03 6.057936e+12 3.948348e+12 1.530609e+13 2.176727e+13 -1.311693e+13
3.612035e-03 5.786145e+12 3.696250e+12 1.503101e+13 2.145645e+13 -1.296543e+13
3.674842e-03 5.522548e+12 3.375517e+12 1.491615e+13 2.103871e+13 -1.239041e+13
3.737743e-03 5.282874e+12 3.162124e+12 1.461480e+13 2.063259e+13 -1.207987e+13
3.800817e-03 5.042160e+12 2.920452e+12 1.438957e+13 2.014467e+13 -1.152653e+13
3.863693e-03 4.839796e+12 2.767280e+12 1.402470e+13 1.969633e+13 -1.117935e+13
3.926624e-03 4.620622e+12 2.584554e+12 1.372170e+13 1.914795e+13 -1.061130e+13
3.989691e-03 4.435044e+12 2.442738e+12 1.337685e+13 1.863225e+13 -1.010787e+13
4.052279e-03 4.241852e+12 2.305555e+12 1.301480e+13 1.805366e+13 -9.548982e+12
4.115276e-03 4.071664e+12 2.180562e+12 1.266336e+13 1.750062e+13 -8.974932e+12
4.178091e-03 3.897853e+12 2.083566e+12 1.225972e+13 1.691183e+13 -8.438066e+12
4.240529e-03 3.729083e+12 1.975209e+12 1.188627e+13 1.629377e+13 -7.830837e+12
4.303566e-03 3.581406e+12 1.888236e+12 1.148612e+13 1.572314e+13 -7.275594e+12
4.366473e-03 3.417766e+12 1.798979e+12 1.108766e+13 1.508329e+13 -6.686187e+12
4.429136e-03 3.288401e+12 1.723362e+12 1.071413e+13 1.454533e+13 -6.142323e+12
4.491804e-03 3.144190e+12 1.624557e+12 1.035995e+13 1.389697e+13 -5.488903e+12
4.554524e-03 3.011578e+12 1.567648e+12 9.938030e+12 1.334073e+13 -5.019140e+12
4.617696e-03 2.881693e+12 1.489554e+12 9.570681e+12 1.275480e+13 -4.466392e+12
4.680743e-03 2.756139e+12 1.411540e+12 9.210611e+12 1.216080e+13 -3.912437e+12
4.743600e-03 2.644018e+12 1.342720e+12 8.858865e+12 1.162554e+13 -3.415303e+12
4.806460e-03 2.523267e+12 1.271050e+12 8.501843e+12 1.106854e+13 -2.942902e+12
4.869182e-03 2.423348e+12 1.208896e+12 8.169818e+12 1.058241e+13 -2.511349e+12
4.931803e-03 2.321999e+12 1.130081e+12 7.880454e+12 1.004439e+13 -2.006305e+12
4.994544e-03 2.222777e+12 1.067549e+12 7.563025e+12 9.570349e+12 -1.626524e+12
5.057296e-03 2.129091e+12 1.001510e+12 7.263300e+12 9.096303e+12 -1.238656e+12
5.120127e-03 2.039443e+12 9.388691e+11 6.976146e+12 8.659770e+12 -9.035842e+11
5.183244e-03 1.959916e+12 8.763058e+11 6.719743e+12 8.219781e+12 -5.337444e+11
5.246213e-03 1.878949e+12 8.163120e+11 6.461549e+12 7.809174e+12 -2.305092e+11
5.308940e-03 1.807878e+12 7.618669e+11 6.224901e+12 7.424324e+12 6.196487e+10
5.371705e-03 1.732744e+12 7.073716e+11 5.979014e+12 7.055293e+12 2.928853e+11
5.434764e-03 1.664341e+12 6.525321e+11 5.758426e+12 6.687475e+12 5.507881e+11
5.497589e-03 1.606085e+12 6.137617e+11 5.551879e+12 6.378686e+12 7.376373e+11
5.560094e-03 1.540082e+12 5.626784e+11 5.338429e+12 6.043026e+12 9.293251e+11
5.623090e-03 1.486997e+12 5.263274e+11 5.153141e+12 5.759469e+12 1.088861e+12
5.686167e-03 1.432645e+12 4.909669e+11 4.964836e+12 5.469821e+12 1.240289e+12
5.748863e-03 1.380975e+12 4.545419e+11 4.789944e+12 5.196037e+12 1.376728e+12
5.811791e-03 1.327899e+12 4.277720e+11 4.599515e+12 4.953715e+12 1.435577e+12
5.874636e-03 1.284138e+12 3.993173e+11 4.448876e+12 4.699451e+12 1.573511e+12
5.937271e-03 1.238645e+12 3.816144e+11 4.279838e+12 4.493333e+12 1.608004e+12
6.000058e-03 1.194401e+12 3.594261e+11 4.124835e+12 4.268018e+12 1.678549e+12
6.062729e-03 1.153265e+12 3.428083e+11 3.975540e+12 4.068016e+12 1.722899e+12
6.125517e-03 1.113030e+12 3.324203e+11 3.826572e+12 3.876379e+12 1.756916e+12
6.188708e-03 1.074069e+12 3.150612e+11 3.687774e+12 3.681087e+12 1.801747e+12
6.251555e-03 1.033189e+12 3.104697e+11 3.532278e+12 3.518707e+12 1.775625e+12
6.314077e-03 9.983601e+11 2.999665e+11 3.407586e+12 3.342196e+12 1.815863e+12
6.377058e-03 9.616930e+11 2.951506e+11 3.272689e+12 3.187112e+12 1.808910e+12
6.440009e-03 9.256184e+11 2.902638e+11 3.138977e+12 3.035847e+12 1.796603e+12
6.502812e-03 8.905212e+11 2.842002e+11 3.010593e+12 2.883418e+12 1.793709e+12
6.565726e-03 8.566366e+11 2.819946e+11 2.888572e+12 2.750232e+12 1.773676e+12
6.628521e-03 8.234389e+11 2.777611e+11 2.766278e+12 2.612310e+12 1.761235e+12
6.691272e-03 7.894707e+11 2.749736e+11 2.643967e+12 2.484790e+12 1.730593e+12
6.754176e-03 7.576325e+11 2.716187e+11 2.527964e+12 2.359372e+12 1.710461e+12
6.816888e-03 7.262047e+11 2.677401e+11 2.418853e+12 2.240484e+12 1.689852e+12
6.879625e-03 6.962932e+11 2.635427e+11 2.313665e+12 2.130799e+12 1.663591e+12
6.942449e-03 6.655562e+11 2.588669e+11 2.203694e+12 2.016586e+12 1.634443e+12
7.005248e-03 6.347922e+11 2.544323e+11 2.095611e+12 1.913908e+12 1.594009e+12
7.068136e-03 6.073832e+11 2.477570e+11 2.004193e+12 1.812176e+12 1.575057e+12
7.131053e-03 5.795946e+11 2.412783e+11 1.908420e+12 1.715923e+12 1.545006e+12
7.194010e-03 5.519249e+11 2.340172e+11 1.814200e+12 1.623620e+12 1.508770e+12
7.256902e-03 5.255804e+11 2.267127e+11 1.723954e+12 1.532919e+12 1.476758e+12
7.319748e-03 5.012167e+11 2.175005e+11 1.645600e+12 1.453235e+12 1.447491e+12
7.382611e-03 4.764341e+11 2.084629e+11 1.560718e+12 1.369197e+12 1.414304e+12
7.445306e-03 4.532949e+11 1.996064e+11 1.484701e+12 1.297245e+12 1.378264e+12
7.507906e-03 4.294579e+11 1.893218e+11 1.406102e+12 1.218537e+12 1.340843e+12
7.570818e-03 4.102020e+11 1.793046e+11 1.344328e+12 1.157971e+12 1.311733e+12
7.633721e-03 3.882845e+11 1.685368e+11 1.272052e+12 1.088735e+12 1.274157e+12
7.696586e-03 3.697443e+11 1.586967e+11 1.209393e+12 1.028576e+12 1.239394e+12
7.759492e-03 3.502795e+11 1.474964e+11 1.147534e+12 9.682160e+11 1.202456e+12
7.822382e-03 3.327482e+11 1.372372e+11 1.089367e+12 9.138037e+11 1.165391e+12
7.885469e-03 3.165198e+11 1.272531e+11 1.036365e+12 8.642020e+11 1.128525e+12
7.948044e-03 3.006912e+11 1.172823e+11 9.837619e+11 8.156042e+11 1.091644e+12
8.010528e-03 2.865935e+11 1.078795e+11 9.377608e+11 7.725722e+11 1.053904e+12
8.073516e-03 2.717018e+11 9.853541e+10 8.874028e+11 7.274292e+11 1.015437e+12
8.136423e-03 2.587926e+11 9.031340e+10 8.431895e+11 6.894516e+11 9.751804e+11
8.199228e-03 2.460727e+11 8.176396e+10 7.993394e+11 6.494493e+11 9.382105e+11
8.262023e-03 2.350013e+11 7.445664e+10 7.618660e+11 6.164868e+11 9.006768e+11
8.324981e-03 2.233570e+11 6.692432e+10 7.201395e+11 5.809083e+11 8.612620e+11
8.388025e-03 2.128936e+11 6.111109e+10 6.835700e+11 5.514377e+11 8.216866e+11
8.450798e-03 2.035561e+11 5.533760e+10 6.487557e+11 5.234750e+11 7.838111e+11
8.513424e-03 1.941743e+11 4.982929e+10 6.153340e+11 4.944631e+11 7.480542e+11
8.576219e-03 1.852219e+11 4.515347e+10 5.812297e+11 4.683120e+11 7.089906e+11
8.639099e-03 1.768621e+11 4.127358e+10 5.494202e+11 4.437188e+11 6.723361e+11
8.701941e-03 1.692260e+11 3.757318e+10 5.207065e+11 4.203844e+11 6.375136e+11
8.764716e-03 1.620108e+11 3.450367e+10 4.920575e+11 3.987205e+11 6.033249e+11
8.827545e-03 1.543789e+11 3.165637e+10 4.625087e+11 3.759728e+11 5.676231e+11
8.890404e-03 1.478043e+11 2.963828e+10 4.354062e+11 3.563779e+11 5.344979e+11
8.953189e-03 1.414840e+11 2.758965e+10 4.103890e+11 3.364340e+11 5.041645e+11
9.016039e-03 1.351602e+11 2.623217e+10 3.847345e+11 3.183994e+11 4.718613e+11
9.078883e-03 1.292362e+11 2.473430e+10 3.599463e+11 2.992687e+11 4.426024e+11
9.141797e-03 1.234652e+11 2.380240e+10 3.364830e+11 2.822349e+11 4.136028e+11
9.204714e-03 1.182921e+11 2.307376e+10 3.150440e+11 2.658616e+11 3.877737e+11
9.267500e-03 1.127422e+11 2.229711e+10 2.926760e+11 2.490192e+11 3.607634e+11
9.330389e-03 1.077547e+11 2.179876e+10 2.715243e+11 2.332314e+11 3.363930e+11
9.393353e-03 1.029808e+11 2.134980e+10 2.523484e+11 2.185519e+11 3.133946e+11
9.456033e-03 9.820090e+10 2.089376e+10 2.326028e+11 2.031353e+11 2.915945e+11
9.518699e-03 9.370103e+10 2.092580e+10 2.151501e+11 1.905236e+11 2.700333e+11
9.581480e-03 8.922893e+10 2.034565e+10 1.968638e+11 1.758114e+11 2.502803e+11
9.644431e-03 8.520793e+10 2.026880e+10 1.808271e+11 1.631440e+11 2.328185e+11
9.707436e-03 8.115239e+10 1.998954e+10 1.649642e+11 1.504485e+11 2.157459e+11
9.770160e-03 7.714007e+10 1.970089e+10 1.498040e+11 1.384002e+11 1.989952e+11
9.832865e-03 7.351517e+10 1.953689e+10 1.363298e+11 1.275351e+11 1.846614e+11
9.895597e-03 6.997347e+10 1.913658e+10 1.222638e+11 1.157225e+11 1.706217e+11
9.958595e-03 6.643053e+10 1.892171e+10 1.103777e+11 1.061291e+11 1.573798e+11
1.002149e-02 6.306367e+10 1.849693e+10 9.803928e+10 9.590057e+10 1.447102e+11
1.008410e-02 5.998243e+10 1.815836e+10 8.745732e+10 8.677158e+10 1.340066e+11
1.014702e-02 5.701229e+10 1.788508e+10 7.692085e+10 7.814073e+10 1.236129e+11
1.020999e-02 5.408964e+10 1.735336e+10 6.721708e+10 6.968326e+10 1.136081e+11
1.027280e-02 5.127044e+10 1.697138e+10 5.835219e+10 6.225400e+10 1.044106e+11
1.033567e-02 4.863728e+10 1.648283e+10 5.005586e+10 5.503625e+10 9.594452e+10
1.039854e-02 4.617868e+10 1.609136e+10 4.257665e+10 4.859666e+10 8.832572e+10
1.046130e-02 4.383225e+10 1.561170e+10 3.533843e+10 4.241100e+10 8.104541e+10
1.052408e-02 4.152791e+10 1.510385e+10 2.889045e+10 3.682264e+10 7.410660e+10
1.058689e-02 3.933161e+10 1.466705e+10 2.303904e+10 3.195709e+10 6.761439e+10
1.064973e-02 3.740315e+10 1.415804e+10 1.754004e+10 2.702750e+10 6.216862e+10
1.071266e-02 3.544039e+10 1.370969e+10 1.231789e+10 2.280156e+10 5.647167e+10
1.077552e-02 3.362532e+10 1.318849e+10 8.091355e+09 1.913280e+10 5.148665e+10
1.083829e-02 3.191623e+10 1.274279e+10 3.943793e+09 1.570562e+10 4.669461e+10
1.090115e-02 3.028300e+10 1.226159e+10 2.035241e+08 1.263399e+10 4.233855e+10
1.096400e-02 2.882944e+10 1.182604e+10 -3.171793e+09 9.883048e+09 3.836332e+10
1.102688e-02 2.735507e+10 1.135449e+10 -6.066737e+09 7.576669e+09 3.443669e+10
1.108967e-02 2.600845e+10 1.091322e+10 -8.688306e+09 5.451784e+09 3.103468e+10
1.115232e-02 2.475299e+10 1.045929e+10 -1.103712e+10 3.661753e+09 2.771779e+10
1.121507e-02 2.362561e+10 1.003277e+10 -1.301442e+10 2.166761e+09 2.499113e+10
1.127797e-02 2.254264e+10 9.638457e+09 -1.479843e+10 7.927508e+08 2.225664e+10
1.134099e-02 2.151150e+10 9.187864e+09 -1.628583e+10 -3.047328e+08 1.981173e+10
1.140372e-02 2.056938e+10 8.783030e+09 -1.754709e+10 -1.212824e+09 1.757215e+10
1.146650e-02 1.972321e+10 8.386129e+09 -1.857961e+10 -1.943570e+09 1.564542e+10
1.152952e-02 1.893969e+10 8.003993e+09 -1.942341e+10 -2.569471e+09 1.397048e+10
1.159236e-02 1.818254e+10 7.604886e+09 -2.003071e+10 -3.009798e+09 1.237960e+10
1.165521e-02 1.753068e+10 7.234950e+09 -2.041709e+10 -3.276587e+09 1.110060e+10
1.171802e-02 1.693334e+10 6.882668e+09 -2.076926e+10 -3.552786e+09 9.964587e+09
1.178091e-02 1.638233e+10 6.525316e+09 -2.079695e+10 -3.626999e+09 9.142585e+09
1.184377e-02 1.590206e+10 6.195467e+09 -2.078736e+10 -3.680564e+09 8.417160e+09
1.190645e-02 1.544027e+10 5.849633e+09 -2.051208e+10 -3.572435e+09 7.836037e+09
1.196918e-02 1.506379e+10 5.546023e+09 -2.020229e+10 -3.458873e+09 7.483974e+09
1.203205e-02 1.471611e+10 5.247533e+09 -1.976141e+10 -3.310041e+09 7.345582e+09
1.209494e-02 1.443691e+10 4.977690e+09 -1.917978e+10 -3.049528e+09 7.360267e+09
1.215771e-02 1.418298e+10 4.700268e+09 -1.851787e+10 -2.786588e+09 7.466109e+09
1.222054e-02 1.394346e+10 4.454226e+09 -1.770449e+10 -2.457196e+09 7.790045e+09
1.228344e-02 1.379434e+10 4.238644e+09 -1.686706e+10 -2.131504e+09 8.284329e+09
1.234640e-02 1.362962e+10 4.020497e+09 -1.587029e+10 -1.739500e+09 8.825296e+09
1.240915e-02 1.354265e+10 3.846247e+09 -1.489831e+10 -1.342141e+09 9.589754e+09
1.247184e-02 1.341840e+10 3.646042e+09 -1.374589e+10 -9.127571e+08 1.034583e+10
1.253470e-02 1.338739e+10 3.520766e+09 -1.264405e+10 -5.071192e+08 1.137844e+10
1.259754e-02 1.335538e+10 3.381983e+09 -1.141045e+10 -6.337590e+07 1.247338e+10
1.266036e-02 1.332195e+10 3.263783e+09 -1.013156e+10 4.134868e+08 1.355219e+10
1.272320e-02 1.330462e+10 3.176944e+09 -8.818314e+09 9.035948e+08 1.476680e+10
1.278608e-02 1.335388e+10 3.096023e+09 -7.538264e+09 1.304147e+09 1.619131e+10
1.284892e-02 1.338259e+10 3.053065e+09 -6.180692e+09 1.824547e+09 1.759708e+10
1.291183e-02 1.342305e+10 2.996569e+09 -4.789030e+09 2.232071e+09 1.912157e+10
1.297477e-02 1.346410e+10 2.971208e+09 -3.373887e+09 2.748689e+09 2.058310e+10
1.303751e-02 1.352057e+10 2.957558e+09 -1.949069e+09 3.202102e+09 2.226822e+10
1.310022e-02 1.362255e+10 2.963913e+09 -5.637180e+08 3.652912e+09 2.391939e+10
1.316309e-02 1.363329e+10 2.970849e+09 8.873821e+08 4.114448e+09 2.556464e+10
1.322594e-02 1.375006e+10 2.974736e+09 2.311893e+09 4.537392e+09 2.736146e+10
1.328870e-02 1.381687e+10 3.022185e+09 3.697159e+09 4.990865e+09 2.916625e+10
1.335152e-02 1.388682e+10 3.068859e+09 5.105432e+09 5.447931e+09 3.088654e+10
1.341448e-02 1.397147e+10 3.086849e+09 6.536419e+09 5.819898e+09 3.279421e+10
1.347734e-02 1.401093e+10 3.138962e+09 7.923779e+09 6.283652e+09 3.455187e+10
1.354004e-02 1.410034e+10 3.190973e+09 9.257376e+09 6.682557e+09 3.632583e+10
1.360289e-02 1.416040e+10 3.236391e+09 1.063402e+10 7.097183e+09 3.821602e+10
1.366571e-02 1.423754e+10 3.287195e+09 1.195638e+10 7.459585e+09 4.005718e+10
1.372857e-02 1.428341e+10 3.333317e+09 1.328565e+10 7.874151e+09 4.185743e+10
1.379141e-02 1.432163e+10 3.387335e+09 1.448862e+10 8.215593e+09 4.360249e+10
1.385412e-02 1.438521e+10 3.421562e+09 1.583047e+10 8.598535e+09 4.544634e+10
1.391702e-02 1.441426e+10 3.462241e+09 1.701440e+10 8.951091e+09 4.718504e+10
1.397990e-02 1.446629e+10 3.505372e+09 1.816852e+10 9.269215e+09 4.885848e+10
1.404272e-02 1.447895e+10 3.535145e+09 1.934402e+10 9.636961e+09 5.053927e+10
1.410560e-02 1.451087e+10 3.545643e+09 2.048447e+10 9.945594e+09 5.222393e+10
1.416843e-02 1.452918e+10 3.575047e+09 2.158185e+10 1.025775e+10 5.379830e+10
1.423121e-02 1.453597e+10 3.592242e+09 2.259607e+10 1.057291e+10 5.535319e+10
1.429401e-02 1.454117e+10 3.589765e+09 2.367358e+10 1.086139e+10 5.682321e+10
1.435689e-02 1.454309e+10 3.566363e+09 2.461501e+10 1.109326e+10 5.834573e+10
1.441980e-02 1.455023e+10 3.586275e+09 2.558714e+10 1.142168e+10 5.970769e+10
1.448261e-02 1.452216e+10 3.568631e+09 2.641184e+10 1.164775e+10 6.095423e+10
1.454538e-02 1.451136e+10 3.526419e+09 2.734017e+10 1.190337e+10 6.231643e+10
1.460822e-02 1.451037e+10 3.512127e+09 2.820900e+10 1.214945e+10 6.357681e+10
1.467115e-02 1.446388e+10 3.470299e+09 2.895395e+10 1.235091e+10 6.466855e+10
1.473401e-02 1.444187e+10 3.441032e+09 2.967749e+10 1.257444e+10 6.568132e+10
1.479676e-02 1.440495e+10 3.377294e+09 3.037840e+10 1.273093e+10 6.675746e+10
1.485961e-02 1.438732e+10 3.331187e+09 3.114362e+10 1.295210e+10 6.779899e+10
1.492239e-02 1.432479e+10 3.280081e+09 3.167836e+10 1.310552e+10 6.855571e+10
1.498506e-02 1.428313e+10 3.207109e+09 3.231354e+10 1.325290e+10 6.943493e+10
1.504789e-02 1.425149e+10 3.181072e+09 3.289187e+10 1.347680e+10 7.015204e+10
1.511078e-02 1.418610e+10 3.091134e+09 3.341232e+10 1.354854e+10 7.089413e+10
1.517364e-02 1.412975e+10 3.033066e+09 3.379606e+10 1.365804e+10 7.138985e+10
1.523654e-02 1.407268e+10 2.972799e+09 3.427972e+10 1.379462e+10 7.196480e+10
1.529942e-02 1.401708e+10 2.904349e+09 3.468384e+10 1.387105e+10 7.250812e+10
1.536235e-02 1.395426e+10 2.842049e+09 3.505242e+10 1.399015e+10 7.288098e+10
1.542517e-02 1.387416e+10 2.767656e+09 3.534681e+10 1.399943e+10 7.323356e+10
1.548789e-02 1.380920e+10 2.724773e+09 3.559923e+10 1.411731e+10 7.344044e+10
1.555076e-02 1.373091e+10 2.664020e+09 3.586298e+10 1.414140e+10 7.368796e+10
1.561359e-02 1.364934e+10 2.606181e+09 3.603647e+10 1.415712e+10 7.382177e+10
1.567632e-02 1.356558e+10 2.548747e+09 3.622903e+10 1.420841e+10 7.389314e+10
1.573917e-02 1.347390e+10 2.503739e+09 3.632543e+10 1.418561e+10 7.392555e+10
1.580208e-02 1.338689e+10 2.460766e+09 3.643116e+10 1.423341e+10 7.386413e+10
1.586491e-02 1.328918e+10 2.414300e+09 3.644264e+10 1.415869e+10 7.377681e+10
1.592764e-02 1.319755e+10 2.374445e+09 3.645216e+10 1.414351e+10 7.364781e+10
1.599049e-02 1.308447e+10 2.352668e+09 3.643082e+10 1.414840e+10 7.338333e+10
1.605344e-02 1.297395e+10 2.303570e+09 3.632168e+10 1.401446e+10 7.313028e+10
1.611624e-02 1.286009e+10 2.282569e+09 3.623078e+10 1.400109e+10 7.279346e+10
1.617906e-02 1.273945e+10 2.255299e+09 3.608927e+10 1.388397e+10 7.243769e+10
1.624189e-02 1.261648e+10 2.232657e+09 3.591709e+10 1.383152e+10 7.199877e+10
1.630468e-02 1.248075e+10 2.207873e+09 3.568104e+10 1.370437e+10 7.150754e+10
1.636757e-02 1.235386e+10 2.183153e+09 3.543884e+10 1.355627e+10 7.104881e+10
1.643038e-02 1.221721e+10 2.181850e+09 3.515816e+10 1.349934e+10 7.043527e+10
1.649314e-02 1.207669e+10 2.149741e+09 3.488137e+10 1.329558e+10 6.993016e+10
1.655599e-02 1.191597e+10 2.126986e+09 3.451282e+10 1.316591e+10 6.920045e+10
1.661885e-02 1.176306e+10 2.116309e+09 3.411113e+10 1.298190e+10 6.850760e+10
1.668174e-02 1.161977e+10 2.086651e+09 3.378486e+10 1.281409e+10 6.789853e+10
1.674456e-02 1.145246e+10 2.077417e+09 3.331417e+10 1.263898e+10 6.707190e+10
1.680728e-02 1.128833e+10 2.044500e+09 3.287925e+10 1.240944e+10 6.634636e+10
1.687017e-02 1.112068e+10 2.025736e+09 3.240604e+10 1.223480e+10 6.549475e+10
1.693315e-02 1.095309e+10 1.998734e+09 3.195122e+10 1.202380e+10 6.470608e+10
1.699589e-02 1.077851e+10 1.968909e+09 3.143674e+10 1.179086e+10 6.384568e+10
1.705867e-02 1.059696e+10 1.936547e+09 3.089988e+10 1.156016e+10 6.292031e+10
1.712163e-02 1.042384e+10 1.903341e+09 3.034907e+10 1.130564e+10 6.203141e+10
1.718447e-02 1.024316e+10 1.864591e+09 2.982730e+10 1.109241e+10 6.110943e+10
1.724726e-02 1.006318e+10 1.826702e+09 2.925548e+10 1.083794e+10 6.016699e+10
1.731003e-02 9.876430e+09 1.792059e+09 2.865864e+10 1.059508e+10 5.915713e+10
1.737292e-02 9.696415e+09 1.746001e+09 2.810517e+10 1.035359e+10 5.819890e+10
1.743574e-02 9.512081e+09 1.698907e+09 2.747151e+10 1.007621e+10 5.716924e+10
1.749847e-02 9.331174e+09 1.661947e+09 2.690874e+10 9.859573e+09 5.617458e+10
1.756133e-02 9.139786e+09 1.607333e+09 2.626750e+10 9.570022e+09 5.509836e+10
1.762415e-02 8.960289e+09 1.562407e+09 2.568246e+10 9.348918e+09 5.406503e+10
1.768698e-02 8.779856e+09 1.513462e+09 2.505585e+10 9.074839e+09 5.301952e+10
1.774982e-02 8.592617e+09 1.471565e+09 2.442251e+10 8.845700e+09 5.190941e+10
1.781268e-02 8.414057e+09 1.418439e+09 2.381101e+10 8.590918e+09 5.083802e+10
1.787557e-02 8.235914e+09 1.374451e+09 2.317206e+10 8.347416e+09 4.974240e+10
1.793843e-02 8.048055e+09 1.331715e+09 2.252851e+10 8.114708e+09 4.858071e+10
1.800122e-02 7.879680e+09 1.282922e+09 2.191329e+10 7.872604e+09 4.752212e+10
1.806400e-02 7.694780e+09 1.242205e+09 2.128931e+10 7.655860e+09 4.636661e+10
1.812677e-02 7.525279e+09 1.200703e+09 2.064959e+10 7.409593e+09 4.526219e+10
1.818960e-02 7.351054e+09 1.160418e+09 2.001214e+10 7.184866e+09 4.412161e+10
1.825247e-02 7.173485e+09 1.125490e+09 1.935881e+10 6.967571e+09 4.294386e+10
1.831530e-02 7.014038e+09 1.092611e+09 1.876690e+10 6.766574e+09 4.186977e+10
1.837813e-02 6.836454e+09 1.056012e+09 1.811396e+10 6.533284e+09 4.069101e+10
1.844103e-02 6.674370e+09 1.025889e+09 1.747100e+10 6.325578e+09 3.955125e+10
1.850388e-02 6.502090e+09 9.953976e+08 1.685100e+10 6.117058e+09 3.839718e+10
1.856668e-02 6.345088e+09 9.678609e+08 1.625051e+10 5.918684e+09 3.730501e+10
1.862952e-02 6.186583e+09 9.454216e+08 1.560877e+10 5.718920e+09 3.617068e+10
1.869235e-02 6.017794e+09 9.192668e+08 1.497537e+10 5.506498e+09 3.500057e+10
1.875521e-02 5.863791e+09 8.994343e+08 1.438464e+10 5.318589e+09 3.392434e+10
1.881803e-02 5.709256e+09 8.789474e+08 1.377676e+10 5.123344e+09 3.282522e+10
1.888083e-02 5.552212e+09 8.570947e+08 1.316270e+10 4.926576e+09 3.170945e+10
1.894358e-02 5.404123e+09 8.416957e+08 1.255324e+10 4.736465e+09 3.062935e+10
1.900645e-02 5.252205e+09 8.197396e+08 1.197521e+10 4.534003e+09 2.956741e+10
1.906935e-02 5.107353e+09 8.040276e+08 1.138723e+10 4.351807e+09 2.852540e+10
1.913210e-02 4.958974e+09 7.876433e+08 1.080521e+10 4.159880e+09 2.746239e+10
1.919494e-02 4.817041e+09 7.681593e+08 1.022703e+10 3.961742e+09 2.644803e+10
1.925782e-02 4.677647e+09 7.580683e+08 9.680582e+09 3.794325e+09 2.545204e+10
1.932068e-02 4.534867e+09 7.360558e+08 9.129720e+09 3.595725e+09 2.445091e+10
1.938348e-02 4.409307e+09 7.246111e+08 8.577817e+09 3.419440e+09 2.351393e+10
1.944625e-02 4.265868e+09 7.030132e+08 8.056009e+09 3.222826e+09 2.253548e+10
1.950911e-02 4.141745e+09 6.903064e+08 7.537744e+09 3.059024e+09 2.163290e+10
1.957198e-02 4.013293e+09 6.735411e+08 7.036502e+09 2.877700e+09 2.072714e+10
1.963482e-02 3.888311e+09 6.585764e+08 6.538023e+09 2.705267e+09 1.984334e+10
1.969763e-02 3.769544e+09 6.402610e+08 6.056100e+09 2.531882e+09 1.899639e+10
1.976054e-02 3.646570e+09 6.231524e+08 5.597645e+09 2.361452e+09 1.815154e+10
1.982343e-02 3.535927e+09 6.093258e+08 5.132302e+09 2.202358e+09 1.735295e+10
1.988621e-02 3.421874e+09 5.923575e+08 4.699661e+09 2.035595e+09 1.656423e+10
1.994903e-02 3.313571e+09 5.761791e+08 4.276151e+09 1.886536e+09 1.580259e+10
2.001187e-02 3.205032e+09 5.616186e+08 3.864716e+09 1.737563e+09 1.505825e+10
2.007464e-02 3.104795e+09 5.466442e+08 3.472200e+09 1.588555e+09 1.435085e+10
2.013740e-02 3.006071e+09 5.325824e+08 3.091956e+09 1.454668e+09 1.366836e+10
2.020021e-02 2.907870e+09 5.179262e+08 2.725524e+09 1.311313e+09 1.299236e+10
2.026315e-02 2.812282e+09 5.044786e+08 2.371536e+09 1.188343e+09 1.233988e+10
2.032605e-02 2.723842e+09 4.918022e+08 2.033374e+09 1.061329e+09 1.172998e+10
2.038878e-02 2.637964e+09 4.795800e+08 1.710666e+09 9.429156e+08 1.113643e+10
2.045158e-02 2.554793e+09 4.689614e+08 1.400779e+09 8.371441e+08 1.056896e+10
2.051448e-02 2.472938e+09 4.569392e+08 1.110994e+09 7.235429e+08 1.001341e+10
2.057734e-02 2.393638e+09 4.488333e+08 8.250728e+08 6.298006e+08 9.482059e+09
2.064018e-02 2.319701e+09 4.387099e+08 5.588223e+08 5.309112e+08 8.977030e+09
2.070304e-02 2.246781e+09 4.288391e+08 3.124962e+08 4.446396e+08 8.497509e+09
2.076595e-02 2.177416e+09 4.211679e+08 6.680964e+07 3.622195e+08 8.031945e+09
2.082869e-02 2.110389e+09 4.136493e+08 -1.550218e+08 2.840270e+08 7.593229e+09
2.089140e-02 2.047201e+09 4.062180e+08 -3.709936e+08 2.115520e+08 7.174650e+09
2.095430e-02 1.987009e+09 3.996634e+08 -5.660653e+08 1.447773e+08 6.780574e+09
2.101710e-02 1.929335e+09 3.937828e+08 -7.612104e+08 8.165749e+07 6.405020e+09
2.107990e-02 1.872356e+09 3.871836e+08 -9.323518e+08 2.563348e+07 6.043664e+09
2.114275e-02 1.819343e+09 3.807606e+08 -1.090378e+09 -2.781757e+07 5.711553e+09
2.120557e-02 1.771873e+09 3.755581e+08 -1.250182e+09 -7.683319e+07 5.401982e+09
2.126842e-02 1.721745e+09 3.690907e+08 -1.377431e+09 -1.195316e+08 5.103640e+09
2.133126e-02 1.679433e+09 3.646606e+08 -1.515242e+09 -1.616863e+08 4.831836e+09
2.139415e-02 1.635506e+09 3.580425e+08 -1.624584e+09 -1.972722e+08 4.574196e+09
2.145701e-02 1.595779e+09 3.528192e+08 -1.728333e+09 -2.309537e+08 4.337906e+09
2.151977e-02 1.561211e+09 3.479006e+08 -1.827466e+09 -2.616561e+08 4.126920e+09
2.158262e-02 1.523342e+09 3.410108e+08 -1.900953e+09 -2.854741e+08 3.920907e+09
2.164549e-02 1.494424e+09 3.367429e+08 -1.979709e+09 -3.096865e+08 3.749362e+09
2.170835e-02 1.460553e+09 3.295428e+08 -2.030453e+09 -3.282772e+08 3.577162e+09
2.177117e-02 1.436639e+09 3.244992e+08 -2.087743e+09 -3.477885e+08 3.442138e+09
2.183391e-02 1.409994e+09 3.186011e+08 -2.125204e+09 -3.615735e+08 3.311872e+09
2.189674e-02 1.386429e+09 3.121939e+08 -2.151042e+09 -3.715619e+08 3.198910e+09
2.195964e-02 1.367657e+09 3.072886e+08 -2.176912e+09 -3.814055e+08 3.110667e+09
2.202248e-02 1.348058e+09 3.006767e+08 -2.183144e+09 -3.875281e+08 3.028330e+09
2.208526e-02 1.333710e+09 2.959561e+08 -2.189394e+09 -3.927554e+08 2.972501e+09
2.214806e-02 1.319086e+09 2.902002e+08 -2.180376e+09 -3.940146e+08 2.924219e+09
2.221095e-02 1.307007e+09 2.850483e+08 -2.164988e+09 -3.934383e+08 2.892191e+09
2.227376e-02 1.297181e+09 2.799525e+08 -2.142335e+09 -3.921897e+08 2.877373e+09
2.233660e-02 1.289513e+09 2.750364e+08 -2.110393e+09 -3.878460e+08 2.872537e+09
2.239951e-02 1.282921e+09 2.711849e+08 -2.071023e+09 -3.788764e+08 2.883552e+09
2.246232e-02 1.278605e+09 2.663321e+08 -2.023994e+09 -3.732584e+08 2.906101e+09
2.252510e-02 1.275023e+09 2.622578e+08 -1.969141e+09 -3.621513e+08 2.939501e+09
2.258787e-02 1.275417e+09 2.588898e+08 -1.913315e+09 -3.523412e+08 2.991052e+09
2.265070e-02 1.273849e+09 2.555295e+08 -1.841364e+09 -3.370675e+08 3.044036e+09
2.271352e-02 1.277545e+09 2.536196e+08 -1.775415e+09 -3.233572e+08 3.119702e+09
2.277642e-02 1.279259e+09 2.499612e+08 -1.692758e+09 -3.078485e+08 3.194284e+09
2.283929e-02 1.285213e+09 2.485416e+08 -1.614801e+09 -2.915075e+08 3.289597e+09
2.290206e-02 1.289403e+09 2.466180e+08 -1.524373e+09 -2.726192e+08 3.383924e+09
2.296496e-02 1.296520e+09 2.454499e+08 -1.430917e+09 -2.523492e+08 3.491577e+09
2.302777e-02 1.305475e+09 2.440874e+08 -1.338842e+09 -2.344274e+08 3.613014e+09
2.309054e-02 1.313511e+09 2.431007e+08 -1.235199e+09 -2.129693e+08 3.732011e+09
2.315342e-02 1.323225e+09 2.433535e+08 -1.131826e+09 -1.902017e+08 3.864411e+09
2.321632e-02 1.332932e+09 2.427449e+08 -1.023130e+09 -1.678181e+08 3.999870e+09
2.327917e-02 1.345222e+09 2.426361e+08 -9.141375e+08 -1.464641e+08 4.146937e+09
2.334191e-02 1.356671e+09 2.430643e+08 -8.005498e+08 -1.220550e+08 4.296011e+09
2.340472e-02 1.368128e+09 2.433933e+08 -6.821576e+08 -9.822270e+07 4.447328e+09
2.346760e-02 1.382231e+09 2.445364e+08 -5.676343e+08 -7.418776e+07 4.610815e+09
2.353050e-02 1.395204e+09 2.444753e+08 -4.442452e+08 -4.962518e+07 4.773511e+09
2.359332e-02 1.409565e+09 2.458323e+08 -3.265412e+08 -2.505031e+07 4.941301e+09
2.365605e-02 1.423301e+09 2.471534e+08 -2.020767e+08 -4.713570e+05 5.111762e+09
2.371890e-02 1.437569e+09 2.479106e+08 -7.689864e+07 2.364004e+07 5.285160e+09
2.378176e-02 1.452771e+09 2.492952e+08 4.428114e+07 4.956931e+07 5.463275e+09
2.384456e-02 1.467391e+09 2.505508e+08 1.749066e+08 7.350682e+07 5.640590e+09
2.390740e-02 1.482214e+09 2.518657e+08 2.993777e+08 9.900000e+07 5.819989e+09
2.397018e-02 1.497206e+09 2.533412e+08 4.260699e+08 1.242807e+08 6.001710e+09
2.403299e-02 1.512426e+09 2.544871e+08 5.524964e+08 1.483322e+08 6.182232e+09
2.409587e-02 1.527449e+09 2.556979e+08 6.742538e+08 1.713941e+08 6.363462e+09
2.415877e-02 1.542502e+09 2.575386e+08 8.081036e+08 1.987756e+08 6.547296e+09
2.422167e-02 1.557092e+09 2.589782e+08 9.289382e+08 2.221864e+08 6.728032e+09
2.428445e-02 1.572583e+09 2.601858e+08 1.050922e+09 2.449612e+08 6.908667e+09
2.434721e-02 1.584819e+09 2.609986e+08 1.178454e+09 2.697136e+08 7.082226e+09
2.441004e-02 1.601078e+09 2.634830e+08 1.295725e+09 2.934445e+08 7.264168e+09
2.447292e-02 1.613569e+09 2.642897e+08 1.420860e+09 3.165574e+08 7.435419e+09
2.453573e-02 1.627874e+09 2.653954e+08 1.533562e+09 3.390053e+08 7.609013e+09
2.459853e-02 1.640201e+09 2.665026e+08 1.656941e+09 3.630952e+08 7.777054e+09
2.466143e-02 1.653254e+09 2.680620e+08 1.769722e+09 3.851199e+08 7.945208e+09
2.472428e-02 1.666050e+09 2.698414e+08 1.882404e+09 4.080028e+08 8.109144e+09
2.478701e-02 1.677527e+09 2.698088e+08 1.990337e+09 4.279876e+08 8.266388e+09
2.484983e-02 1.688186e+09 2.711508e+08 2.097959e+09 4.490138e+08 8.420116e+09
2.491274e-02 1.698854e+09 2.727058e+08 2.208040e+09 4.733841e+08 8.569867e+09
2.497552e-02 1.710068e+09 2.729604e+08 2.307281e+09 4.900941e+08 8.722859e+09
2.503835e-02 1.719187e+09 2.739063e+08 2.404865e+09 5.109501e+08 8.858289e+09
2.510120e-02 1.728002e+09 2.747165e+08 2.503058e+09 5.310932e+08 8.995553e+09
2.516403e-02 1.736825e+09 2.748428e+08 2.593599e+09 5.470541e+08 9.129711e+09
2.522691e-02 1.744435e+09 2.765581e+08 2.687265e+09 5.709640e+08 9.253258e+09
2.528974e-02 1.752046e+09 2.757653e+08 2.768285e+09 5.824413e+08 9.376375e+09
2.535254e-02 1.757424e+09 2.762579e+08 2.855873e+09 6.033517e+08 9.487485e+09
2.541543e-02 1.763771e+09 2.766648e+08 2.932809e+09 6.188437e+08 9.596983e+09
2.547829e-02 1.768915e+09 2.765782e+08 3.010132e+09 6.338038e+08 9.702900e+09
2.554104e-02 1.773474e+09 2.769640e+08 3.078016e+09 6.493830e+08 9.795672e+09
2.560379e-02 1.777571e+09 2.749104e+08 3.147947e+09 6.604817e+08 9.892300e+09
2.566670e-02 1.779292e+09 2.763833e+08 3.212165e+09 6.799375e+08 9.965809e+09
2.572959e-02 1.782521e+09 2.751282e+08 3.272691e+09 6.881099e+08 1.005229e+10
2.579238e-02 1.783879e+09 2.746891e+08 3.327437e+09 7.009689e+08 1.011932e+10
2.585524e-02 1.784292e+09 2.728791e+08 3.380884e+09 7.122610e+08 1.018328e+10
2.591809e-02 1.785397e+09 2.722145e+08 3.429043e+09 7.200136e+08 1.024772e+10
2.598089e-02 1.783744e+09 2.713501e+08 3.469244e+09 7.322074e+08 1.028741e+10
2.604363e-02 1.783838e+09 2.699766e+08 3.512585e+09 7.383116e+08 1.034264e+10
2.610648e-02 1.780705e+09 2.684840e+08 3.547564e+09 7.487539e+08 1.037260e+10
2.616936e-02 1.779210e+09 2.663614e+08 3.579774e+09 7.508888e+08 1.041247e+10
2.623211e-02 1.774703e+09 2.656263e+08 3.603545e+09 7.579345e+08 1.042768e+10
2.629494e-02 1.771324e+09 2.623395e+08 3.636282e+09 7.638845e+08 1.045446e+10
2.635781e-02 1.766717e+09 2.607105e+08 3.649428e+09 7.655689e+08 1.046218e+10
2.642065e-02 1.760335e+09 2.585950e+08 3.667587e+09 7.710808e+08 1.046249e+10
2.648348e-02 1.755141e+09 2.563482e+08 3.676934e+09 7.702858e+08 1.046413e+10
2.654638e-02 1.748495e+09 2.536690e+08 3.691799e+09 7.725682e+08 1.045984e+10
2.660925e-02 1.742053e+09 2.511660e+08 3.693061e+09 7.719354e+08 1.044723e+10
2.667201e-02 1.733443e+09 2.488701e+08 3.688373e+09 7.685439e+08 1.042085e+10
2.673488e-02 1.725332e+09 2.461762e+08 3.689022e+09 7.703344e+08 1.039667e+10
2.679776e-02 1.716466e+09 2.433292e+08 3.682745e+09 7.660472e+08 1.036481e+10
2.686060e-02 1.706124e+09 2.403692e+08 3.676650e+09 7.644926e+08 1.032594e+10
2.692343e-02 1.696100e+09 2.376528e+08 3.655045e+09 7.572384e+08 1.027653e+10
2.698622e-02 1.685441e+09 2.349807e+08 3.643825e+09 7.538739e+08 1.023160e+10
2.704897e-02 1.674191e+09 2.318617e+08 3.624985e+09 7.487377e+08 1.017516e+10
2.711177e-02 1.662358e+09 2.293423e+08 3.598895e+09 7.399047e+08 1.011242e+10
2.717462e-02 1.649208e+09 2.264453e+08 3.571292e+09 7.361446e+08 1.004061e+10
2.723749e-02 1.637460e+09 2.235236e+08 3.541683e+09 7.253673e+08 9.973549e+09
2.730042e-02 1.623746e+09 2.214583e+08 3.509628e+09 7.183949e+08 9.894733e+09
2.736320e-02 1.610574e+09 2.185935e+08 3.471736e+09 7.074017e+08 9.813725e+09
2.742592e-02 1.595706e+09 2.165321e+08 3.433005e+09 6.988518e+08 9.723734e+09
2.748882e-02 1.581364e+09 2.138801e+08 3.392332e+09 6.898755e+08 9.633009e+09
2.755167e-02 1.566186e+09 2.117760e+08 3.345954e+09 6.771080e+08 9.535351e+09
2.761450e-02 1.550315e+09 2.090899e+08 3.300104e+09 6.662026e+08 9.432972e+09
2.767735e-02 1.534674e+09 2.074982e+08 3.250809e+09 6.549241e+08 9.329152e+09
2.774019e-02 1.518037e+09 2.055402e+08 3.198362e+09 6.422630e+08 9.218580e+09
2.780301e-02 1.501144e+09 2.035848e+08 3.144431e+09 6.306367e+08 9.104345e+09
2.786580e-02 1.484151e+09 2.014913e+08 3.087841e+09 6.156043e+08 8.988214e+09
2.792859e-02 1.466486e+09 2.002042e+08 3.026921e+09 6.024854e+08 8.864990e+09
2.799145e-02 1.448462e+09 1.987935e+08 2.966624e+09 5.902666e+08 8.739374e+09
2.805434e-02 1.430679e+09 1.970704e+08 2.902342e+09 5.739443e+08 8.612958e+09
2.811718e-02 1.411752e+09 1.955092e+08 2.839167e+09 5.602888e+08 8.481410e+09
2.817992e-02 1.393361e+09 1.935320e+08 2.770963e+09 5.412529e+08 8.349927e+09
2.824273e-02 1.373612e+09 1.934195e+08 2.704794e+09 5.316292e+08 8.210438e+09
2.830566e-02 1.354884e+09 1.911158e+08 2.629934e+09 5.118552e+08 8.071210e+09
2.836851e-02 1.335197e+09 1.900107e+08 2.559087e+09 4.956519e+08 7.930388e+09
2.843134e-02 1.315112e+09 1.887063e+08 2.489270e+09 4.798220e+08 7.788861e+09
2.849418e-02 1.295306e+09 1.873666e+08 2.411613e+09 4.625575e+08 7.640027e+09
2.855700e-02 1.274424e+09 1.860127e+08 2.337528e+09 4.464545e+08 7.491542e+09
2.861981e-02 1.254938e+09 1.838784e+08 2.260824e+09 4.254519e+08 7.347077e+09
2.868265e-02 1.233537e+09 1.827252e+08 2.186591e+09 4.110360e+08 7.194445e+09
2.874550e-02 1.213572e+09 1.810193e+08 2.104561e+09 3.905217e+08 7.043420e+09
2.880834e-02 1.192756e+09 1.791818e+08 2.026561e+09 3.724180e+08 6.890778e+09
2.887116e-02 1.171477e+09 1.774995e+08 1.950089e+09 3.549047e+08 6.737796e+09
2.893395e-02 1.151290e+09 1.753653e+08 1.870125e+09 3.350395e+08 6.586230e+09
2.899675e-02 1.129802e+09 1.735273e+08 1.790706e+09 3.170773e+08 6.429086e+09
2.905957e-02 1.109646e+09 1.717268e+08 1.710236e+09 2.975518e+08 6.277173e+09
2.912242e-02 1.088660e+09 1.691032e+08 1.630280e+09 2.774695e+08 6.122643e+09
2.918528e-02 1.068412e+09 1.672651e+08 1.551827e+09 2.586415e+08 5.970937e+09
2.924811e-02 1.047561e+09 1.647416e+08 1.473803e+09 2.396205e+08 5.816274e+09
2.931098e-02 1.026803e+09 1.627832e+08 1.393672e+09 2.209981e+08 5.661220e+09
2.937380e-02 1.006882e+09 1.600408e+08 1.315627e+09 2.002983e+08 5.511059e+09
2.943661e-02 9.861581e+08 1.576360e+08 1.239696e+09 1.823369e+08 5.358274e+09
2.949948e-02 9.663169e+08 1.559091e+08 1.161902e+09 1.640740e+08 5.206766e+09
2.956230e-02 9.466070e+08 1.530636e+08 1.085481e+09 1.439490e+08 5.058531e+09
2.962512e-02 9.267794e+08 1.506815e+08 1.010478e+09 1.261929e+08 4.909081e+09
2.968798e-02 9.079688e+08 1.488668e+08 9.365800e+08 1.078101e+08 4.764591e+09
2.975080e-02 8.881556e+08 1.465792e+08 8.636424e+08 9.022934e+07 4.616230e+09
2.981362e-02 8.692827e+08 1.442514e+08 7.925421e+08 7.228039e+07 4.473130e+09
2.987648e-02 8.511587e+08 1.424596e+08 7.196504e+08 5.460353e+07 4.332326e+09
2.993931e-02 8.319809e+08 1.403168e+08 6.513825e+08 3.800460e+07 4.188856e+09
3.000209e-02 8.145640e+08 1.390907e+08 5.834218e+08 2.146847e+07 4.053658e+09
3.006488e-02 7.959350e+08 1.364291e+08 5.171817e+08 4.963608e+06 3.914415e+09
3.012771e-02 7.790150e+08 1.356888e+08 4.501546e+08 -1.122061e+07 3.781583e+09
3.019054e-02 7.615704e+08 1.339923e+08 3.865423e+08 -2.686906e+07 3.648534e+09
3.025338e-02 7.444052e+08 1.326468e+08 3.257126e+08 -4.112305e+07 3.519406e+09
3.031628e-02 7.281246e+08 1.316641e+08 2.631447e+08 -5.674623e+07 3.391676e+09
3.037913e-02 7.116283e+08 1.303121e+08 2.036352e+08 -7.167407e+07 3.266822e+09
3.044197e-02 6.958210e+08 1.299021e+08 1.450145e+08 -8.578795e+07 3.143943e+09
3.050478e-02 6.799516e+08 1.285688e+08 9.118819e+07 -9.936306e+07 3.025155e+09
3.056757e-02 6.645629e+08 1.282138e+08 3.709980e+07 -1.122949e+08 2.907448e+09
3.063042e-02 6.497942e+08 1.275909e+08 -1.730303e+07 -1.265132e+08 2.793878e+09
3.069327e-02 6.352385e+08 1.269362e+08 -6.799714e+07 -1.398496e+08 2.683262e+09
3.075615e-02 6.206017e+08 1.266936e+08 -1.155350e+08 -1.516906e+08 2.574234e+09
3.081897e-02 6.067716e+08 1.262126e+08 -1.622577e+08 -1.639445e+08 2.469720e+09
3.088177e-02 5.931473e+08 1.259945e+08 -2.076234e+08 -1.767112e+08 2.368185e+09
3.094460e-02 5.799472e+08 1.256375e+08 -2.511032e+08 -1.891632e+08 2.269785e+09
3.100745e-02 5.671222e+08 1.255780e+08 -2.912237e+08 -1.999000e+08 2.174959e+09
3.107031e-02 5.544838e+08 1.255196e+08 -3.300091e+08 -2.117549e+08 2.082756e+09
3.113311e-02 5.428803e+08 1.252148e+08 -3.678571e+08 -2.241472e+08 1.995400e+09
3.119592e-02 5.307509e+08 1.254509e+08 -4.017856e+08 -2.346295e+08 1.910373e+09
3.125876e-02 5.196294e+08 1.253166e+08 -4.342396e+08 -2.457947e+08 1.829857e+09
3.132160e-02 5.088101e+08 1.254331e+08 -4.647500e+08 -2.568020e+08 1.753087e+09
3.138440e-02 4.982836e+08 1.255311e+08 -4.925417e+08 -2.673969e+08 1.679852e+09
3.144727e-02 4.883359e+08 1.256605e+08 -5.184646e+08 -2.775391e+08 1.611991e+09
3.151008e-02 4.786372e+08 1.260614e+08 -5.420088e+08 -2.875916e+08 1.546641e+09
3.157285e-02 4.692277e+08 1.262820e+08 -5.622362e+08 -2.969839e+08 1.485241e+09
3.163570e-02 4.600142e+08 1.266920e+08 -5.800585e+08 -3.060175e+08 1.427832e+09
3.169852e-02 4.522748e+08 1.275884e+08 -5.977342e+08 -3.155815e+08 1.377673e+09
3.176139e-02 4.439960e+08 1.283968e+08 -6.110378e+08 -3.230997e+08 1.329931e+09
3.182425e-02 4.370005e+08 1.297913e+08 -6.236928e+08 -3.317988e+08 1.287675e+09
3.188706e-02 4.295922e+08 1.312746e+08 -6.312219e+08 -3.373624e+08 1.250202e+09
3.194991e-02 4.227903e+08 1.332517e+08 -6.377741e+08 -3.429212e+08 1.217081e+09
3.201276e-02 4.165780e+08 1.359862e+08 -6.417747e+08 -3.458914e+08 1.190905e+09
3.207553e-02 4.108759e+08 1.395896e+08 -6.433646e+08 -3.477814e+08 1.169607e+09
3.213836e-02 4.050370e+08 1.451301e+08 -6.410769e+08 -3.431489e+08 1.152453e+09
