# k, q0, q1/i, q2, q3/i, q4, norm, alpha = 0.0002880149094117968, 0.019180352441928786
0.000000e+00 3.372421e+07 0.000000e+00 0.000000e+00 0.000000e+00 -7.066763e+06
2.542755e-03 7.506624e+06 5.621186e+06 6.303314e+06 7.508510e+06 -4.356026e+06
4.308321e-03 1.938314e+06 5.548049e+05 5.647825e+06 7.393862e+06 -3.516544e+06
6.127972e-03 5.245269e+05 -1.780025e+05 2.038278e+06 1.444940e+06 1.367216e+06
7.953317e-03 1.468199e+05 -8.058586e+04 5.246046e+05 1.591268e+05 7.691922e+05
9.814571e-03 3.632265e+04 -3.170137e+04 8.640876e+04 -2.666918e+03 1.741269e+05
1.156539e-02 9.932324e+03 -3.553712e+03 -3.036532e+03 -2.978819e+03 1.874581e+04
1.336205e-02 7.385215e+03 3.945266e+03 5.912343e+03 1.507583e+04 1.528223e+04
1.519307e-02 7.489395e+03 2.391213e+03 1.872340e+04 1.218008e+04 3.601669e+04
1.700413e-02 5.525117e+03 -3.946126e+02 1.667093e+04 5.092581e+03 3.330902e+04
1.878921e-02 2.955941e+03 -1.454375e+03 7.883871e+03 -4.051948e+02 1.881485e+04
2.056181e-02 1.322347e+03 -9.052177e+02 1.463486e+03 -1.231131e+03 6.857757e+03
2.237315e-02 7.229409e+02 2.133451e+01 -3.242979e+02 3.774164e+02 2.225041e+03
2.420702e-02 8.209531e+02 3.532694e+02 7.236269e+02 1.248322e+03 3.497206e+03
2.604330e-02 9.007889e+02 1.807108e+02 1.866807e+03 9.655189e+02 5.128272e+03
2.781707e-02 7.339727e+02 -1.172804e+02 1.679343e+03 1.774102e+02 4.593702e+03
2.956466e-02 4.846389e+02 -2.031019e+02 7.089260e+02 -2.305686e+02 2.814240e+03
3.136513e-02 2.658500e+02 -1.007594e+02 -9.230762e+01 -1.653161e+02 1.131964e+03
3.317513e-02 2.090550e+02 4.427319e+01 -1.888645e+02 1.295815e+02 7.196257e+02
3.497165e-02 2.334060e+02 8.623731e+01 1.923895e+02 2.671597e+02 1.133052e+03
3.677184e-02 2.550769e+02 3.273854e+01 4.387977e+02 1.792275e+02 1.491249e+03
3.856197e-02 2.160837e+02 -3.430087e+01 3.630184e+02 -3.560076e+00 1.296338e+03
4.034231e-02 1.427653e+02 -5.622548e+01 1.040351e+02 -9.645594e+01 7.717911e+02
4.214741e-02 8.546716e+01 -2.136343e+01 -7.666811e+01 -4.126324e+01 3.340338e+02
4.395085e-02 7.804524e+01 2.298327e+01 -6.079854e+01 5.941427e+01 2.937526e+02
4.574462e-02 9.192702e+01 3.097779e+01 7.711269e+01 9.365183e+01 4.707497e+02
4.755674e-02 1.012169e+02 9.121252e+00 1.609135e+02 5.091050e+01 5.957957e+02
4.935944e-02 8.668549e+01 -1.574586e+01 1.305372e+02 -1.311861e+01 5.179672e+02
5.113615e-02 5.881485e+01 -2.194704e+01 2.591652e+01 -4.102109e+01 3.038815e+02
5.293674e-02 3.897100e+01 -6.541910e+00 -4.009373e+01 -1.296108e+01 1.501513e+02
5.472727e-02 3.744567e+01 9.758022e+00 -2.540758e+01 2.618085e+01 1.477276e+02
5.651697e-02 4.441084e+01 1.272902e+01 3.214954e+01 3.746250e+01 2.267816e+02
5.831477e-02 4.745152e+01 2.998162e+00 6.561333e+01 1.645120e+01 2.750678e+02
6.011451e-02 4.031559e+01 -8.396205e+00 4.623713e+01 -1.077690e+01 2.301965e+02
6.191171e-02 2.820214e+01 -9.841163e+00 -1.117633e+00 -1.835266e+01 1.339672e+02
6.370712e-02 2.073068e+01 -1.848099e+00 -2.729826e+01 -2.861702e+00 7.355650e+01
6.550732e-02 2.110784e+01 5.884819e+00 -1.445891e+01 1.525844e+01 8.327414e+01
6.729498e-02 2.568340e+01 6.728458e+00 1.676557e+01 1.952778e+01 1.314324e+02
6.908598e-02 2.727267e+01 1.040846e+00 3.394880e+01 7.360220e+00 1.545590e+02
7.088188e-02 2.323378e+01 -4.832541e+00 2.224139e+01 -7.819586e+00 1.274873e+02
7.268232e-02 1.677325e+01 -5.174026e+00 -3.442720e+00 -1.057177e+01 7.582377e+01
7.447792e-02 1.249779e+01 -1.079405e+00 -1.742387e+01 -2.450066e+00 4.198135e+01
7.627282e-02 1.261792e+01 3.059428e+00 -1.068535e+01 7.272546e+00 4.677831e+01
7.807562e-02 1.480098e+01 3.453431e+00 5.753507e+00 9.514354e+00 7.079853e+01
7.988558e-02 1.548670e+01 2.160653e-01 1.419659e+01 2.447666e+00 8.186273e+01
8.168049e-02 1.324585e+01 -2.433734e+00 7.756268e+00 -4.579655e+00 6.658457e+01
8.345709e-02 9.784854e+00 -2.348404e+00 -3.926358e+00 -5.307587e+00 4.045147e+01
8.524436e-02 7.972493e+00 -1.330076e-01 -9.665631e+00 -1.204811e-01 2.602038e+01
8.704550e-02 8.468044e+00 2.068276e+00 -4.294644e+00 5.051389e+00 3.204073e+01
8.884478e-02 9.816587e+00 1.797837e+00 5.471932e+00 4.827774e+00 4.678421e+01
9.064103e-02 9.871230e+00 -2.214794e-01 9.173605e+00 2.651345e-01 5.052671e+01
9.243897e-02 8.260844e+00 -1.750211e+00 4.141410e+00 -3.600657e+00 3.894329e+01
9.423607e-02 6.134137e+00 -1.565859e+00 -4.125968e+00 -3.639745e+00 2.185803e+01
9.603871e-02 5.082537e+00 -6.730556e-03 -7.468030e+00 -4.613630e-02 1.335233e+01
9.782410e-02 5.445972e+00 1.270770e+00 -3.847442e+00 2.995626e+00 1.774346e+01
9.961474e-02 6.227825e+00 1.071944e+00 1.982383e+00 2.643683e+00 2.638486e+01
1.014127e-01 6.276203e+00 -9.476624e-02 4.106613e+00 -7.646876e-04 2.877124e+01
1.031985e-01 5.244137e+00 -1.040459e+00 9.995191e-01 -2.133567e+00 2.166723e+01
1.049957e-01 4.182413e+00 -7.884043e-01 -3.572407e+00 -1.678607e+00 1.238236e+01
1.067952e-01 3.852763e+00 2.688417e-01 -4.592759e+00 6.381683e-01 9.418903e+00
1.085930e-01 4.329983e+00 1.014820e+00 -1.218765e+00 2.353590e+00 1.423049e+01
1.103885e-01 4.852949e+00 6.600611e-01 2.795717e+00 1.826506e+00 2.043154e+01
1.121821e-01 4.833741e+00 -3.063796e-01 3.609719e+00 -2.776217e-01 2.119137e+01
1.139837e-01 4.108048e+00 -8.656299e-01 5.404632e-01 -1.771412e+00 1.531732e+01
1.157773e-01 3.320702e+00 -5.816570e-01 -2.887141e+00 -1.211459e+00 8.430219e+00
1.175730e-01 3.067042e+00 2.272802e-01 -3.594461e+00 5.454535e-01 6.555795e+00
1.193666e-01 3.419017e+00 7.352563e-01 -1.103549e+00 1.756231e+00 1.023532e+01
1.211543e-01 3.888338e+00 4.678063e-01 1.779186e+00 1.327179e+00 1.486877e+01
1.229561e-01 3.930067e+00 -1.568852e-01 2.342494e+00 -1.175315e-01 1.550110e+01
1.247542e-01 3.402676e+00 -5.341460e-01 4.561119e-01 -1.121066e+00 1.159262e+01
1.265466e-01 2.845881e+00 -3.540069e-01 -1.764947e+00 -7.073670e-01 7.156675e+00
1.283363e-01 2.720381e+00 1.429006e-01 -2.149557e+00 5.094293e-01 6.165278e+00
1.301269e-01 3.014026e+00 4.512335e-01 -5.551004e-01 1.229104e+00 8.726294e+00
1.319334e-01 3.307369e+00 2.651021e-01 1.260607e+00 7.686903e-01 1.171321e+01
1.337370e-01 3.232336e+00 -1.899874e-01 1.367149e+00 -2.465480e-01 1.154641e+01
1.355323e-01 2.863257e+00 -4.252607e-01 -1.797578e-01 -8.853387e-01 8.499328e+00
1.373301e-01 2.518187e+00 -2.525470e-01 -1.822169e+00 -4.521912e-01 5.350295e+00
1.391197e-01 2.452471e+00 1.351472e-01 -2.015850e+00 3.765516e-01 4.749394e+00
1.409058e-01 2.614035e+00 3.244809e-01 -7.747267e-01 7.847469e-01 6.591408e+00
1.427003e-01 2.744576e+00 1.559733e-01 4.467330e-01 3.970487e-01 8.332835e+00
1.444928e-01 2.674246e+00 -1.563314e-01 4.004943e-01 -2.445330e-01 8.039539e+00
1.462886e-01 2.432924e+00 -2.728240e-01 -7.307258e-01 -5.030062e-01 5.870678e+00
1.480924e-01 2.241777e+00 -6.613846e-02 -1.560766e+00 -1.482842e-01 4.085955e+00
1.498892e-01 2.246773e+00 2.101442e-01 -1.208342e+00 4.722371e-01 4.466624e+00
1.516798e-01 2.427176e+00 2.725640e-01 6.723154e-02 7.015737e-01 6.349916e+00
1.534759e-01 2.561399e+00 6.379271e-02 8.926824e-01 2.704348e-01 7.743366e+00
1.552766e-01 2.447680e+00 -2.047258e-01 5.501378e-01 -3.820635e-01 6.911880e+00
1.570706e-01 2.157861e+00 -2.696661e-01 -5.960256e-01 -6.406195e-01 4.645803e+00
1.588578e-01 1.940763e+00 -1.069482e-01 -1.492119e+00 -2.114515e-01 2.821077e+00
1.606585e-01 1.951956e+00 1.558379e-01 -1.310054e+00 3.783809e-01 2.939258e+00
1.624649e-01 2.120359e+00 2.460189e-01 -3.026170e-01 5.688105e-01 4.555459e+00
1.642557e-01 2.207340e+00 1.099123e-01 5.287095e-01 2.494931e-01 5.765138e+00
1.660459e-01 2.139129e+00 -1.056118e-01 4.737586e-01 -2.219080e-01 5.434593e+00
1.678421e-01 1.955891e+00 -1.917892e-01 -3.069955e-01 -3.792283e-01 3.899483e+00
1.696353e-01 1.826488e+00 -5.725873e-02 -9.170607e-01 -8.308936e-02 2.723706e+00
1.714286e-01 1.861800e+00 1.258191e-01 -7.160227e-01 2.966393e-01 2.942667e+00
1.732198e-01 1.986022e+00 1.739864e-01 3.449635e-02 4.141837e-01 4.149358e+00
1.750152e-01 2.057319e+00 5.102839e-02 6.022542e-01 1.525369e-01 4.986213e+00
1.768177e-01 1.986388e+00 -1.294609e-01 3.853506e-01 -2.248569e-01 4.500208e+00
1.786121e-01 1.838906e+00 -1.903523e-01 -3.636752e-01 -3.584870e-01 3.141433e+00
1.804030e-01 1.713993e+00 -7.029407e-02 -9.707323e-01 -1.440815e-01 2.012428e+00
1.822028e-01 1.694791e+00 7.724115e-02 -9.129237e-01 1.547034e-01 1.977821e+00
1.839998e-01 1.758597e+00 1.153808e-01 -3.920966e-01 2.356452e-01 2.700634e+00
1.857937e-01 1.821132e+00 2.583704e-02 -4.401214e-02 5.054255e-02 3.176546e+00
1.875926e-01 1.762303e+00 -8.191658e-02 -2.027135e-01 -1.878137e-01 2.780397e+00
1.893867e-01 1.659544e+00 -8.590396e-02 -6.143363e-01 -2.203955e-01 1.872451e+00
1.911794e-01 1.584623e+00 2.496480e-03 -8.374805e-01 8.604591e-03 1.402677e+00
1.929763e-01 1.619607e+00 1.122949e-01 -5.323337e-01 2.699853e-01 1.823765e+00
1.947689e-01 1.721079e+00 1.140551e-01 2.255667e-03 2.848087e-01 2.709987e+00
1.965614e-01 1.760172e+00 2.229485e-02 3.373414e-01 5.788724e-02 3.242831e+00
1.983545e-01 1.717382e+00 -9.469053e-02 1.398907e-01 -1.649580e-01 2.847345e+00
2.001492e-01 1.614561e+00 -1.050719e-01 -3.608160e-01 -2.207724e-01 1.923580e+00
2.019476e-01 1.536607e+00 -2.490252e-02 -6.724173e-01 -6.782166e-02 1.307279e+00
2.037448e-01 1.544888e+00 7.003848e-02 -5.407661e-01 1.437430e-01 1.414251e+00
2.055436e-01 1.600360e+00 9.946483e-02 -1.207606e-01 1.743349e-01 2.021923e+00
2.073409e-01 1.623687e+00 2.748292e-02 1.814139e-01 6.425739e-02 2.431129e+00
2.091331e-01 1.589580e+00 -5.620229e-02 9.721176e-02 -9.228063e-02 2.210754e+00
2.109295e-01 1.531463e+00 -8.572809e-02 -2.567282e-01 -1.350405e-01 1.625133e+00
2.127243e-01 1.483548e+00 -2.005490e-02 -4.956697e-01 -8.091585e-02 1.140800e+00
2.145132e-01 1.475730e+00 2.923431e-02 -4.628379e-01 7.462250e-02 1.143829e+00
2.163084e-01 1.516694e+00 2.874213e-02 -2.897300e-01 1.007494e-01 1.437474e+00
2.181043e-01 1.526528e+00 -1.301135e-03 -2.164082e-01 2.638682e-02 1.588786e+00
2.198991e-01 1.495323e+00 -3.918234e-02 -3.195845e-01 -8.450563e-02 1.377033e+00
2.216975e-01 1.445189e+00 -2.087374e-02 -4.636824e-01 -7.830401e-02 1.025378e+00
2.234966e-01 1.435351e+00 2.053503e-02 -4.812117e-01 4.485394e-02 9.373738e-01
2.252970e-01 1.463885e+00 5.808381e-02 -2.843325e-01 1.172710e-01 1.208446e+00
2.270852e-01 1.490822e+00 3.365614e-02 -6.666138e-02 7.763930e-02 1.542105e+00
2.288723e-01 1.489869e+00 -1.888254e-02 -8.077690e-03 -4.763207e-02 1.572447e+00
2.306695e-01 1.448430e+00 -5.516889e-02 -1.996351e-01 -1.218733e-01 1.202083e+00
2.324665e-01 1.393883e+00 -3.426211e-02 -4.125092e-01 -1.082968e-01 7.381774e-01
2.342627e-01 1.372202e+00 1.380962e-02 -4.493852e-01 3.784701e-02 6.365169e-01
2.360563e-01 1.412135e+00 5.210682e-02 -2.964041e-01 1.394530e-01 9.093360e-01
2.378553e-01 1.443366e+00 3.720570e-02 -7.516763e-02 8.702165e-02 1.283677e+00
2.396569e-01 1.454682e+00 -1.662077e-02 -4.224775e-02 1.931118e-03 1.381804e+00
2.414498e-01 1.433546e+00 -4.231833e-02 -1.892554e-01 -9.074534e-02 1.114078e+00
2.432397e-01 1.377644e+00 -1.974478e-02 -3.451010e-01 -8.898766e-02 7.472913e-01
2.450345e-01 1.353117e+00 1.107119e-02 -3.809635e-01 2.179130e-02 6.256528e-01
2.468308e-01 1.386703e+00 3.643980e-02 -2.432623e-01 1.046364e-01 8.456312e-01
2.486244e-01 1.418510e+00 2.959947e-02 -8.527368e-02 7.308400e-02 1.123072e+00
2.504185e-01 1.420585e+00 -1.147415e-02 -4.750269e-02 -1.454903e-02 1.183885e+00
2.522154e-01 1.400344e+00 -3.892625e-02 -1.811513e-01 -6.516343e-02 9.577790e-01
2.540114e-01 1.374469e+00 -1.981603e-02 -3.256544e-01 -5.518748e-02 6.679915e-01
2.558058e-01 1.353649e+00 1.828645e-02 -3.340366e-01 1.216942e-02 6.022960e-01
2.576012e-01 1.372407e+00 3.131299e-02 -2.065488e-01 7.642672e-02 7.685751e-01
2.593962e-01 1.392882e+00 2.081657e-02 -9.550779e-02 4.315271e-02 9.601374e-01
2.611937e-01 1.387532e+00 -9.187483e-03 -7.468934e-02 -3.032487e-02 9.530819e-01
2.629942e-01 1.351124e+00 -1.985237e-02 -1.592112e-01 -6.041911e-02 7.618915e-01
2.647885e-01 1.322879e+00 -3.294047e-03 -2.341939e-01 6.854762e-04 5.812289e-01
2.665811e-01 1.341545e+00 2.320682e-02 -1.950912e-01 6.815214e-02 6.650936e-01
2.683801e-01 1.372004e+00 4.337181e-02 -3.605709e-02 8.663449e-02 9.349794e-01
2.701729e-01 1.389026e+00 2.180687e-02 1.208455e-01 4.321524e-02 1.175231e+00
2.719632e-01 1.383597e+00 -1.892680e-02 1.165750e-01 -4.786531e-02 1.112440e+00
2.737587e-01 1.363684e+00 -4.438864e-02 -4.050362e-02 -7.668196e-02 8.454864e-01
2.755578e-01 1.328847e+00 -1.862546e-02 -2.057849e-01 -6.207589e-02 5.434321e-01
2.773550e-01 1.303650e+00 9.512626e-03 -2.191664e-01 1.465878e-02 4.639596e-01
2.791459e-01 1.317377e+00 2.098210e-02 -1.436557e-01 6.804151e-02 6.069786e-01
2.809385e-01 1.339226e+00 9.273058e-03 -7.076111e-02 3.955095e-02 7.847316e-01
2.827312e-01 1.341633e+00 -1.066462e-02 -7.683916e-02 -2.554495e-02 7.528868e-01
2.845296e-01 1.316661e+00 -2.310949e-02 -1.676431e-01 -5.390907e-02 5.796176e-01
2.863269e-01 1.294244e+00 -3.493803e-04 -2.308094e-01 -2.496082e-02 4.175603e-01
2.881173e-01 1.289580e+00 2.684633e-02 -1.769505e-01 4.757468e-02 4.653270e-01
2.899148e-01 1.310128e+00 3.765004e-02 -3.722610e-02 7.830989e-02 6.825440e-01
2.917136e-01 1.338758e+00 1.118726e-02 7.482656e-02 4.637521e-02 8.818817e-01
2.935083e-01 1.341272e+00 -1.144388e-02 7.068871e-02 -1.996728e-02 8.907069e-01
2.953064e-01 1.328347e+00 -3.415046e-02 -4.379191e-02 -4.701204e-02 6.940042e-01
2.971025e-01 1.292309e+00 -1.024798e-02 -1.591187e-01 -6.516936e-02 4.686595e-01
2.988941e-01 1.269706e+00 6.086074e-03 -1.761409e-01 -1.001255e-02 3.764572e-01
3.006873e-01 1.274189e+00 2.160945e-02 -1.092477e-01 3.296682e-02 4.470382e-01
3.024817e-01 1.293007e+00 8.948892e-04 -5.657996e-02 2.920708e-02 5.328057e-01
3.042771e-01 1.291247e+00 -2.975926e-03 -6.919815e-02 -1.907619e-02 5.421744e-01
3.060756e-01 1.279190e+00 -1.164921e-02 -1.087627e-01 -2.632799e-02 4.264096e-01
3.078722e-01 1.267269e+00 1.624275e-03 -1.506005e-01 -1.756249e-03 3.603873e-01
3.096648e-01 1.275560e+00 2.146114e-02 -1.081019e-01 3.964592e-02 4.106544e-01
3.114599e-01 1.293889e+00 2.384716e-02 -2.977087e-03 5.729280e-02 5.810161e-01
3.132555e-01 1.309121e+00 8.527727e-03 7.435289e-02 2.359296e-02 7.148106e-01
3.150527e-01 1.297976e+00 -1.355114e-02 5.068956e-02 -2.461782e-02 6.948684e-01
3.168493e-01 1.278727e+00 -2.472366e-02 -3.867636e-02 -4.973298e-02 5.098774e-01
3.186391e-01 1.255361e+00 -1.455295e-02 -1.414526e-01 -4.342246e-02 3.408305e-01
3.204305e-01 1.254756e+00 7.760028e-04 -1.741939e-01 1.025460e-03 2.670353e-01
3.222280e-01 1.259414e+00 2.022588e-02 -1.206611e-01 1.441908e-02 3.267670e-01
3.240267e-01 1.256986e+00 1.150199e-02 -5.937943e-02 2.003823e-02 3.934141e-01
3.258197e-01 1.263027e+00 -8.665104e-03 -5.536668e-02 1.120258e-03 4.000975e-01
3.276150e-01 1.257730e+00 -8.965069e-03 -1.115234e-01 -1.264344e-02 3.379089e-01
3.294148e-01 1.246011e+00 1.600584e-03 -1.402550e-01 -8.526505e-03 2.801177e-01
3.312085e-01 1.247892e+00 1.251356e-02 -1.082686e-01 1.986530e-02 3.099094e-01
3.330031e-01 1.256959e+00 1.814998e-02 -4.438208e-02 3.308962e-02 4.122773e-01
3.347987e-01 1.266507e+00 8.508439e-03 1.405491e-02 9.198697e-03 4.796738e-01
3.365969e-01 1.263468e+00 -1.024245e-02 -1.136675e-03 -1.494258e-02 4.633780e-01
3.383923e-01 1.259780e+00 -1.404274e-02 -6.117516e-02 -3.301688e-02 3.390360e-01
3.401828e-01 1.239304e+00 -7.985081e-03 -1.203822e-01 -2.475524e-02 2.470653e-01
3.419763e-01 1.234952e+00 3.456370e-03 -1.333321e-01 -6.392063e-04 1.969058e-01
3.437730e-01 1.233021e+00 1.029794e-02 -1.069259e-01 1.205946e-02 2.312285e-01
3.455681e-01 1.239800e+00 4.497541e-03 -8.140821e-02 1.165458e-02 2.820168e-01
3.473617e-01 1.242434e+00 -4.761189e-03 -8.321770e-02 -5.462106e-04 2.710452e-01
3.491590e-01 1.233177e+00 2.960928e-03 -1.033258e-01 -1.415711e-02 2.386370e-01
3.509566e-01 1.233713e+00 -1.698237e-03 -1.094433e-01 8.378279e-03 2.164440e-01
3.527534e-01 1.239411e+00 1.359850e-02 -9.116879e-02 1.660573e-02 2.578607e-01
3.545449e-01 1.245054e+00 1.334291e-02 -3.749519e-02 1.150009e-02 3.208088e-01
3.563372e-01 1.247205e+00 -1.085144e-03 -1.173744e-02 6.965697e-03 3.557459e-01
3.581341e-01 1.250592e+00 -6.894561e-03 -3.245223e-02 -1.715037e-02 3.146110e-01
3.599303e-01 1.236769e+00 -3.746938e-03 -7.249783e-02 -3.067437e-02 2.338475e-01
3.617254e-01 1.226657e+00 -4.647281e-03 -9.339802e-02 -6.043587e-03 1.685087e-01
3.635200e-01 1.232437e+00 6.649322e-03 -9.739196e-02 1.348727e-02 1.771839e-01
3.653165e-01 1.242010e+00 8.927180e-03 -6.431786e-02 8.342080e-03 2.107440e-01
3.671116e-01 1.241256e+00 9.682829e-03 -2.429927e-02 -4.410378e-03 2.447540e-01
3.689088e-01 1.235075e+00 -5.975510e-03 -2.907204e-02 -6.773517e-03 2.321367e-01
3.707076e-01 1.226867e+00 -5.933022e-03 -6.486420e-02 -1.300839e-02 1.771134e-01
3.725001e-01 1.216063e+00 -3.761006e-03 -9.264586e-02 -6.780108e-03 1.384502e-01
3.742913e-01 1.213843e+00 3.761456e-03 -1.001964e-01 1.354985e-02 1.398530e-01
3.760877e-01 1.224607e+00 7.903523e-03 -7.940000e-02 1.544501e-02 1.771784e-01
3.778836e-01 1.225662e+00 1.287559e-02 -4.601234e-02 3.613642e-03 2.170296e-01
3.796766e-01 1.227045e+00 5.002374e-03 -1.430339e-02 -2.182244e-04 2.328978e-01
3.814707e-01 1.229336e+00 3.611197e-03 -1.225968e-02 1.941983e-03 2.213464e-01
3.832699e-01 1.228475e+00 -7.379608e-04 -1.294864e-02 3.821211e-03 2.226530e-01
3.850666e-01 1.225242e+00 -2.600182e-03 -2.567140e-02 8.386061e-03 2.206120e-01
3.868579e-01 1.224704e+00 -4.437468e-04 -3.729633e-02 1.245611e-03 2.264792e-01
3.886538e-01 1.223355e+00 -3.780431e-03 -5.928587e-02 -1.021471e-02 2.022444e-01
3.904491e-01 1.223757e+00 -3.146086e-03 -8.047131e-02 -1.812075e-02 1.577813e-01
3.922449e-01 1.218326e+00 1.629512e-03 -9.093266e-02 -3.392754e-03 1.265432e-01
3.940400e-01 1.220442e+00 1.312849e-03 -9.358430e-02 9.237232e-03 1.191383e-01
3.958317e-01 1.219927e+00 1.024088e-02 -6.795866e-02 5.200747e-04 1.464169e-01
3.976289e-01 1.221688e+00 1.231517e-03 -5.594532e-02 5.279121e-03 1.653287e-01
3.994255e-01 1.223361e+00 -8.540633e-04 -6.203185e-02 1.752126e-03 1.661566e-01
4.012204e-01 1.224049e+00 1.729485e-03 -6.809683e-02 -4.264283e-03 1.557383e-01
4.030168e-01 1.217623e+00 3.117040e-03 -6.875259e-02 -4.167684e-03 1.383173e-01
4.048122e-01 1.218776e+00 2.079884e-03 -6.565111e-02 6.189122e-03 1.423373e-01
4.066062e-01 1.224389e+00 1.807104e-03 -5.920512e-02 1.267163e-02 1.737130e-01
4.084001e-01 1.229914e+00 2.695004e-03 -5.781889e-02 -6.299258e-03 1.697886e-01
4.101968e-01 1.222662e+00 -4.091084e-04 -6.268102e-02 -3.293696e-03 1.578424e-01
4.119946e-01 1.216115e+00 1.659467e-03 -6.878711e-02 -1.066517e-02 1.152008e-01
4.137897e-01 1.214228e+00 3.281771e-03 -6.968014e-02 5.832391e-03 1.224615e-01
4.155829e-01 1.217215e+00 4.262127e-03 -6.010395e-02 1.972508e-02 1.526373e-01
4.173778e-01 1.223225e+00 8.883892e-03 -3.717349e-02 1.123502e-02 2.023133e-01
4.191752e-01 1.221190e+00 1.224294e-03 -2.130388e-02 -4.509095e-03 2.142063e-01
4.209702e-01 1.217219e+00 4.740906e-05 -3.090880e-02 -1.601892e-02 1.823083e-01
4.227638e-01 1.209075e+00 5.245182e-04 -4.358580e-02 -1.263739e-02 1.350970e-01
4.245604e-01 1.205512e+00 -9.419437e-04 -5.566600e-02 9.561516e-03 1.202176e-01
4.263543e-01 1.220828e+00 8.655583e-03 -4.978207e-02 2.436934e-02 1.572398e-01
4.281451e-01 1.227319e+00 8.906499e-03 -1.636512e-02 1.648642e-02 2.288581e-01
4.299400e-01 1.229787e+00 7.045820e-03 1.419945e-02 7.640140e-05 2.665533e-01
4.317365e-01 1.228408e+00 -1.849018e-03 1.340531e-02 -5.463340e-03 2.565770e-01
4.335323e-01 1.221788e+00 -8.154531e-03 -1.806607e-02 -1.315430e-02 1.998350e-01
4.353294e-01 1.218455e+00 -3.647512e-03 -5.587909e-02 -1.256330e-02 1.447018e-01
4.371263e-01 1.215916e+00 3.329192e-03 -6.835359e-02 -2.629827e-03 1.264183e-01
4.389235e-01 1.216041e+00 5.843367e-03 -5.283446e-02 -2.118934e-04 1.298207e-01
4.407180e-01 1.212491e+00 5.993725e-03 -3.498483e-02 -1.564849e-03 1.351671e-01
4.425103e-01 1.211003e+00 2.277967e-04 -2.854367e-02 -5.841606e-03 1.318334e-01
4.443072e-01 1.213208e+00 -3.839521e-03 -4.416495e-02 3.475966e-03 1.203253e-01
4.461036e-01 1.221582e+00 5.250818e-07 -6.704523e-02 8.022130e-03 1.089854e-01
4.478956e-01 1.222104e+00 7.365236e-03 -5.985919e-02 2.277371e-03 1.245204e-01
4.496902e-01 1.216842e+00 9.394228e-03 -3.391892e-02 -2.166103e-03 1.502858e-01
4.514874e-01 1.216711e+00 1.017519e-04 -1.822448e-02 4.580071e-03 1.614487e-01
4.532823e-01 1.218520e+00 3.376828e-04 -3.020535e-02 -8.034163e-03 1.389207e-01
4.550750e-01 1.209299e+00 -5.716119e-03 -4.899467e-02 -2.342187e-03 1.164424e-01
4.568708e-01 1.206227e+00 5.787057e-04 -7.253439e-02 -3.543952e-03 9.275879e-02
4.586693e-01 1.203648e+00 5.334659e-03 -6.682101e-02 -8.620652e-04 9.173205e-02
4.604629e-01 1.205512e+00 5.601127e-03 -4.921139e-02 6.268662e-03 1.090392e-01
4.622570e-01 1.207568e+00 2.693663e-03 -3.890748e-02 1.074505e-02 1.312638e-01
4.640543e-01 1.211687e+00 3.703388e-04 -4.396290e-02 7.073841e-03 1.440880e-01
4.658487e-01 1.215429e+00 -2.011208e-03 -5.918361e-02 6.704034e-03 1.531582e-01
4.676433e-01 1.215153e+00 4.868592e-03 -6.180175e-02 -8.080221e-03 1.359091e-01
4.694380e-01 1.210996e+00 7.975174e-03 -4.644892e-02 -6.454967e-03 1.373441e-01
4.712319e-01 1.213597e+00 4.166918e-04 -3.475974e-02 5.945429e-03 1.402875e-01
4.730274e-01 1.217858e+00 2.020044e-03 -3.996160e-02 -5.058734e-04 1.399282e-01
4.748233e-01 1.212807e+00 -2.824033e-04 -4.725147e-02 -7.330546e-03 1.367602e-01
4.766206e-01 1.210074e+00 -6.662888e-04 -5.696729e-02 3.822653e-03 1.173551e-01
4.784155e-01 1.214564e+00 4.273070e-04 -6.747980e-02 7.865398e-03 1.178103e-01
4.802074e-01 1.210562e+00 8.929739e-03 -6.081343e-02 -3.702050e-03 1.314685e-01
4.820041e-01 1.210806e+00 2.823206e-03 -3.826347e-02 2.313650e-03 1.441238e-01
4.838035e-01 1.214324e+00 -5.575250e-04 -4.097905e-02 5.015676e-03 1.453631e-01
4.855966e-01 1.212796e+00 3.506488e-03 -5.376885e-02 -1.201688e-02 1.273675e-01
4.873905e-01 1.204571e+00 -2.390761e-03 -5.874086e-02 -2.940935e-04 1.081633e-01
4.891890e-01 1.208596e+00 -1.332662e-03 -7.852957e-02 3.537238e-03 9.884592e-02
4.909845e-01 1.212595e+00 6.224530e-03 -7.763802e-02 7.279516e-03 1.178405e-01
4.927778e-01 1.214817e+00 8.313448e-03 -5.680316e-02 -7.855823e-04 1.329783e-01
4.945710e-01 1.212980e+00 1.539686e-03 -4.573033e-02 4.814537e-03 1.469115e-01
4.963686e-01 1.220023e+00 5.876734e-04 -5.065150e-02 3.084303e-03 1.421962e-01
4.981631e-01 1.217117e+00 4.692534e-03 -5.402208e-02 -4.118938e-03 1.437116e-01
4.999565e-01 1.215350e+00 1.469368e-04 -5.343831e-02 3.221620e-03 1.396186e-01
5.017530e-01 1.224339e+00 3.608078e-03 -5.601230e-02 2.625104e-03 1.346276e-01
5.035473e-01 1.227056e+00 1.961896e-04 -5.641826e-02 -2.580328e-03 1.380685e-01
5.053425e-01 1.223814e+00 2.040050e-03 -6.255990e-02 -1.741867e-03 1.362717e-01
5.071378e-01 1.220441e+00 1.455988e-03 -6.714691e-02 1.647004e-03 1.276662e-01
5.089338e-01 1.213948e+00 4.276047e-03 -6.743275e-02 -2.461078e-04 1.247395e-01
5.107304e-01 1.219846e+00 7.030933e-03 -5.331279e-02 5.120590e-03 1.371354e-01
5.125264e-01 1.214791e+00 8.322944e-03 -3.090665e-02 4.294639e-03 1.643621e-01
5.143202e-01 1.215504e+00 1.369604e-04 -1.711624e-02 8.731769e-03 1.817930e-01
5.161135e-01 1.213305e+00 -9.275729e-04 -2.906054e-02 -4.180316e-03 1.812554e-01
5.179077e-01 1.208631e+00 -2.240121e-03 -4.810032e-02 -7.849686e-03 1.514940e-01
5.197029e-01 1.208227e+00 -2.427154e-03 -7.158212e-02 -1.168569e-02 1.159068e-01
5.214989e-01 1.206996e+00 4.060251e-03 -7.872564e-02 -5.317997e-04 1.004836e-01
5.232939e-01 1.211913e+00 4.866559e-03 -6.693088e-02 9.597585e-03 1.111747e-01
5.250894e-01 1.212682e+00 5.539859e-03 -5.503825e-02 1.616236e-03 1.336480e-01
5.268875e-01 1.208257e+00 2.568560e-03 -4.704482e-02 2.951893e-03 1.433295e-01
5.286829e-01 1.209273e+00 -9.267481e-04 -5.737666e-02 1.247464e-03 1.401162e-01
5.304764e-01 1.209553e+00 -1.067786e-03 -7.559601e-02 -6.338792e-03 1.225543e-01
5.322718e-01 1.208125e+00 4.789735e-03 -7.915848e-02 -3.843058e-03 1.107537e-01
5.340665e-01 1.209361e+00 1.929812e-03 -7.253400e-02 7.179650e-03 1.156595e-01
5.358628e-01 1.215825e+00 2.208812e-03 -7.440858e-02 4.932780e-03 1.202487e-01
5.376582e-01 1.218181e+00 9.179544e-04 -8.026828e-02 -2.234936e-05 1.335329e-01
5.394517e-01 1.214794e+00 3.524418e-03 -8.026756e-02 -4.072461e-03 1.244278e-01
5.412446e-01 1.215938e+00 5.783032e-04 -8.414292e-02 5.454732e-03 1.211965e-01
5.430425e-01 1.216855e+00 4.923782e-03 -8.415233e-02 -3.433317e-04 1.240481e-01
5.448396e-01 1.217350e+00 4.963354e-03 -7.209536e-02 4.868510e-03 1.354890e-01
5.466312e-01 1.222943e+00 1.204796e-04 -6.945297e-02 5.076964e-03 1.484383e-01
5.484273e-01 1.223482e+00 2.369515e-03 -8.148779e-02 -1.668712e-03 1.448830e-01
5.502231e-01 1.220230e+00 3.669525e-04 -8.375695e-02 1.794050e-03 1.367760e-01
5.520189e-01 1.217635e+00 2.044463e-03 -9.301972e-02 -5.524981e-03 1.224113e-01
5.538138e-01 1.216918e+00 5.595952e-03 -8.728238e-02 -3.710817e-03 1.182656e-01
5.556067e-01 1.213678e+00 6.890141e-03 -7.220601e-02 -1.194922e-03 1.187344e-01
5.574029e-01 1.213183e+00 1.317965e-03 -6.335604e-02 7.440628e-03 1.414938e-01
5.591994e-01 1.219005e+00 3.439893e-03 -6.487510e-02 -1.473314e-03 1.363750e-01
5.609943e-01 1.215382e+00 1.496084e-03 -6.825592e-02 -3.882980e-03 1.350591e-01
5.627890e-01 1.214021e+00 3.498030e-03 -6.778780e-02 -1.371462e-03 1.219944e-01
5.645865e-01 1.215377e+00 -3.384172e-04 -7.706453e-02 1.018678e-02 1.233930e-01
5.663833e-01 1.213303e+00 4.028506e-03 -7.586244e-02 -1.524750e-03 1.355715e-01
5.681768e-01 1.214123e+00 -1.095728e-03 -8.337785e-02 2.407504e-03 1.346474e-01
5.699714e-01 1.215908e+00 3.267565e-03 -9.109364e-02 -3.703217e-03 1.284227e-01
5.717666e-01 1.212781e+00 2.071576e-03 -9.003135e-02 -8.467629e-04 1.138924e-01
5.735604e-01 1.213244e+00 6.859381e-03 -8.338240e-02 -2.197876e-03 1.189952e-01
5.753547e-01 1.218220e+00 2.258279e-03 -7.569644e-02 1.194894e-02 1.369950e-01
5.771493e-01 1.224420e+00 6.971268e-03 -6.480014e-02 2.489066e-03 1.523871e-01
5.789465e-01 1.223362e+00 2.670919e-03 -5.648576e-02 4.782986e-04 1.627119e-01
5.807435e-01 1.221881e+00 2.827109e-04 -6.520426e-02 1.380787e-03 1.541727e-01
5.825362e-01 1.219840e+00 3.002828e-03 -7.361389e-02 -7.185484e-03 1.442915e-01
5.843306e-01 1.214965e+00 4.067651e-03 -7.073900e-02 -3.671212e-03 1.290159e-01
5.861281e-01 1.213496e+00 5.779151e-03 -5.856720e-02 -2.568226e-05 1.303790e-01
5.879240e-01 1.217912e+00 2.959734e-03 -5.204422e-02 6.085046e-03 1.433661e-01
5.897195e-01 1.222547e+00 3.301377e-03 -5.037475e-02 3.890088e-03 1.590293e-01
5.915160e-01 1.222255e+00 -7.614621e-04 -5.697259e-02 -4.527062e-04 1.536793e-01
5.933128e-01 1.217926e+00 2.269585e-03 -6.575225e-02 -8.066581e-03 1.322122e-01
5.951052e-01 1.212394e+00 4.554989e-03 -6.741092e-02 -1.154551e-02 1.124634e-01
5.968969e-01 1.208700e+00 2.971090e-03 -6.278262e-02 5.285703e-04 1.020974e-01
5.986941e-01 1.209082e+00 3.124929e-03 -5.961709e-02 9.924204e-03 1.142779e-01
6.004886e-01 1.210799e+00 1.393716e-03 -6.308023e-02 5.375232e-03 1.310990e-01
6.022826e-01 1.206303e+00 2.642933e-03 -6.534804e-02 -1.682242e-03 1.304450e-01
6.040778e-01 1.205598e+00 1.065458e-04 -7.602966e-02 -2.733188e-03 1.218208e-01
6.058727e-01 1.208081e+00 1.382723e-03 -8.231955e-02 -2.044096e-03 1.103225e-01
6.076682e-01 1.207232e+00 5.776844e-03 -8.105586e-02 -4.097896e-03 1.033300e-01
6.094636e-01 1.204784e+00 5.383816e-03 -6.873594e-02 6.533526e-03 1.176349e-01
6.112608e-01 1.210873e+00 4.898870e-04 -7.083581e-02 6.429796e-03 1.219089e-01
6.130571e-01 1.213800e+00 2.312867e-03 -7.796943e-02 -4.089752e-04 1.305954e-01
6.148510e-01 1.213284e+00 3.625176e-03 -7.694136e-02 -8.230928e-03 1.115705e-01
6.166467e-01 1.212352e+00 4.624227e-03 -7.353455e-02 -2.739086e-03 1.061450e-01
6.184426e-01 1.212828e+00 3.765107e-03 -6.929731e-02 4.160358e-03 1.073530e-01
6.202383e-01 1.209991e+00 7.082227e-03 -5.604516e-02 -3.443210e-03 1.132853e-01
6.220331e-01 1.204710e+00 6.228407e-03 -3.987869e-02 -1.307894e-03 1.221596e-01
6.238256e-01 1.203731e+00 8.811597e-04 -4.064409e-02 2.748808e-03 1.212372e-01
6.256207e-01 1.208278e+00 -3.384435e-04 -5.296231e-02 -5.014089e-04 1.104386e-01
6.274180e-01 1.205582e+00 5.618658e-03 -5.270220e-02 -7.470122e-03 1.052106e-01
6.292132e-01 1.201865e+00 1.669624e-03 -5.174984e-02 3.872657e-03 9.752320e-02
6.310070e-01 1.206068e+00 3.395965e-03 -5.502630e-02 3.084717e-03 1.044239e-01
6.328016e-01 1.209055e+00 3.121822e-03 -5.358100e-02 1.065018e-03 1.072472e-01
6.345988e-01 1.205454e+00 3.270146e-03 -5.232346e-02 -1.443876e-03 1.083221e-01
6.363935e-01 1.205338e+00 3.065081e-03 -4.997015e-02 2.585750e-04 1.060026e-01
6.381885e-01 1.204784e+00 2.815232e-03 -5.738676e-02 -2.434068e-03 1.022946e-01
6.399844e-01 1.205558e+00 4.501673e-03 -5.043809e-02 -4.603504e-03 9.419607e-02
6.417790e-01 1.205239e+00 3.575942e-03 -5.049298e-02 -3.420301e-03 8.928054e-02
6.435737e-01 1.208185e+00 1.261330e-03 -5.111376e-02 3.436340e-03 8.960164e-02
6.453671e-01 1.206803e+00 2.289174e-03 -5.999238e-02 1.494350e-03 8.920387e-02
6.471630e-01 1.206854e+00 3.229974e-03 -5.997804e-02 -2.898942e-03 8.217298e-02
6.489575e-01 1.202633e+00 6.216932e-03 -5.368244e-02 -5.777504e-03 7.945932e-02
6.507531e-01 1.204271e+00 2.246038e-03 -4.867241e-02 2.329895e-03 7.554325e-02
6.525500e-01 1.205951e+00 2.822187e-03 -5.190944e-02 -1.288142e-03 7.620036e-02
6.543447e-01 1.208324e+00 1.370303e-03 -5.464309e-02 1.389507e-03 7.484272e-02
6.561416e-01 1.206127e+00 2.422767e-03 -6.292778e-02 -2.538991e-03 7.201914e-02
6.579361e-01 1.204323e+00 2.207577e-03 -6.581911e-02 7.801528e-04 6.448092e-02
6.597296e-01 1.201506e+00 4.021902e-03 -6.802626e-02 3.907215e-03 7.379818e-02
6.615260e-01 1.202080e+00 5.060293e-03 -6.402311e-02 5.260038e-03 8.116794e-02
6.633228e-01 1.200367e+00 4.351999e-03 -5.764572e-02 8.965830e-04 9.408596e-02
6.651187e-01 1.199365e+00 4.293581e-03 -5.102423e-02 7.915448e-04 9.531835e-02
6.669114e-01 1.198782e+00 4.229014e-03 -4.868237e-02 -5.489776e-03 8.827163e-02
6.687054e-01 1.196225e+00 4.406283e-03 -4.336456e-02 -4.560598e-03 8.671765e-02
6.705023e-01 1.198546e+00 3.074288e-03 -4.311575e-02 6.420026e-03 8.583803e-02
6.722992e-01 1.204403e+00 4.664029e-03 -3.878275e-02 3.992727e-03 9.086160e-02
6.740944e-01 1.206066e+00 2.957331e-03 -3.820444e-02 -1.739931e-03 1.016325e-01
6.758872e-01 1.206779e+00 1.985592e-03 -4.308029e-02 7.160533e-04 9.774412e-02
6.776825e-01 1.204277e+00 2.369903e-03 -4.758283e-02 -6.377535e-03 8.410544e-02
6.794791e-01 1.198141e+00 1.658715e-03 -5.279488e-02 -6.169130e-03 6.843524e-02
6.812733e-01 1.197258e+00 5.684991e-03 -5.240447e-02 -3.880557e-03 5.625872e-02
6.830683e-01 1.196834e+00 4.662322e-03 -4.761714e-02 3.797881e-03 6.456830e-02
6.848621e-01 1.197676e+00 4.191404e-03 -4.241742e-02 5.053144e-03 7.335400e-02
6.866570e-01 1.198342e+00 5.761595e-03 -3.326813e-02 -4.701861e-04 8.240893e-02
6.884537e-01 1.197207e+00 3.158666e-03 -3.040631e-02 -1.872116e-03 9.022917e-02
6.902501e-01 1.199692e+00 2.021212e-03 -3.543220e-02 -3.095300e-04 7.433500e-02
6.920470e-01 1.196814e+00 3.012765e-03 -3.564675e-02 -5.468617e-03 6.703939e-02
6.938409e-01 1.194674e+00 4.628784e-03 -3.337027e-02 -3.849424e-03 5.743573e-02
6.956343e-01 1.194259e+00 1.890115e-03 -3.841134e-02 1.014498e-03 5.575318e-02
6.974295e-01 1.199543e+00 9.052415e-04 -4.522166e-02 1.569036e-03 5.307885e-02
6.992264e-01 1.199425e+00 5.198273e-03 -4.593216e-02 -4.386323e-03 5.143964e-02
7.010216e-01 1.197776e+00 3.352277e-03 -4.426455e-02 -7.779746e-05 4.531588e-02
7.028157e-01 1.193589e+00 3.662921e-03 -4.617554e-02 2.849825e-03 5.215022e-02
7.046118e-01 1.195115e+00 3.449991e-03 -4.861164e-02 5.453771e-03 5.888316e-02
7.064070e-01 1.199177e+00 3.612382e-03 -4.573394e-02 -9.023488e-04 6.473969e-02
7.082001e-01 1.196891e+00 5.998068e-03 -4.278433e-02 -3.996619e-03 6.322743e-02
7.099950e-01 1.193920e+00 3.846678e-03 -3.742580e-02 -1.745137e-03 6.190893e-02
7.117916e-01 1.191928e+00 3.086557e-03 -3.785073e-02 7.217930e-04 5.308441e-02
7.135857e-01 1.190129e+00 4.609738e-03 -3.515911e-02 -3.973930e-03 5.276529e-02
7.153810e-01 1.191226e+00 2.249105e-03 -3.725779e-02 2.700832e-03 5.137426e-02
7.171769e-01 1.191138e+00 4.129780e-03 -3.704486e-02 8.274314e-04 5.093927e-02
7.189721e-01 1.190499e+00 5.437192e-03 -3.488225e-02 -2.429887e-03 5.824481e-02
7.207688e-01 1.189365e+00 4.033128e-03 -2.970027e-02 -3.454624e-03 4.802745e-02
7.225642e-01 1.190260e+00 3.645303e-03 -2.900163e-02 -1.123316e-03 4.931747e-02
7.243583e-01 1.189653e+00 2.735257e-03 -3.167201e-02 4.821703e-03 4.935835e-02
7.261538e-01 1.191911e+00 2.193944e-03 -3.418432e-02 3.027803e-03 5.263124e-02
7.279497e-01 1.192145e+00 4.846246e-03 -3.692973e-02 -1.573211e-03 5.380126e-02
7.297435e-01 1.192053e+00 3.893633e-03 -3.504953e-02 -2.119433e-03 5.315577e-02
7.315366e-01 1.193595e+00 3.538211e-03 -3.213882e-02 -3.032152e-03 4.397831e-02
7.333339e-01 1.192745e+00 4.043899e-03 -3.183703e-02 1.278691e-03 4.937152e-02
7.351305e-01 1.196372e+00 3.896878e-03 -3.231502e-02 2.981643e-03 4.490894e-02
7.369246e-01 1.192774e+00 6.902575e-03 -2.771517e-02 -6.909476e-03 4.853463e-02
7.387207e-01 1.190492e+00 4.152498e-03 -1.689850e-02 -3.426771e-03 4.329013e-02
7.405164e-01 1.190624e+00 3.192465e-03 -1.857371e-02 1.049184e-03 3.556350e-02
7.423108e-01 1.189864e+00 3.329582e-03 -1.988953e-02 -1.019411e-03 3.606587e-02
7.441040e-01 1.186526e+00 9.828132e-04 -2.683987e-02 1.405253e-03 3.517120e-02
7.458996e-01 1.187327e+00 4.549107e-03 -3.084318e-02 -1.172181e-03 3.281454e-02
7.476955e-01 1.189131e+00 4.517222e-03 -2.877387e-02 2.577754e-03 3.711473e-02
7.494882e-01 1.190607e+00 2.105592e-03 -3.192378e-02 5.839992e-03 4.257681e-02
7.512836e-01 1.188089e+00 7.311432e-03 -2.527556e-02 -8.295663e-03 4.266924e-02
7.530799e-01 1.188967e+00 4.927431e-03 -1.887435e-02 -4.626081e-03 3.830539e-02
7.548749e-01 1.188403e+00 3.192276e-03 -1.635827e-02 6.433271e-05 3.168874e-02
7.566699e-01 1.189576e+00 3.304057e-03 -2.009308e-02 3.258925e-03 3.295421e-02
7.584671e-01 1.187040e+00 4.381387e-03 -1.843769e-02 2.793469e-03 3.883737e-02
7.602633e-01 1.189059e+00 2.161374e-03 -2.300241e-02 -1.301577e-04 3.797109e-02
7.620571e-01 1.188071e+00 5.197152e-03 -2.220046e-02 -3.107789e-03 3.700898e-02
7.638531e-01 1.186702e+00 5.520109e-03 -1.788939e-02 -3.815641e-03 2.962613e-02
7.656499e-01 1.190308e+00 2.611703e-03 -1.752639e-02 -2.984540e-03 2.602122e-02
7.674455e-01 1.187682e+00 4.744908e-03 -1.750467e-02 -2.547554e-03 1.982943e-02
7.692400e-01 1.185752e+00 4.805518e-03 -1.472734e-02 -1.203863e-03 1.175795e-02
7.710340e-01 1.182609e+00 3.099156e-03 -1.533717e-02 2.537223e-03 1.995196e-02
7.728276e-01 1.185313e+00 2.769421e-03 -1.966070e-02 6.126317e-03 2.391866e-02
7.746220e-01 1.185478e+00 4.312181e-03 -2.136335e-02 -5.313288e-04 3.007746e-02
7.764173e-01 1.185173e+00 5.736621e-03 -1.535957e-02 3.882786e-04 3.421685e-02
7.782136e-01 1.188558e+00 2.982439e-03 -1.433600e-02 2.998948e-04 3.243678e-02
7.800117e-01 1.189008e+00 3.127501e-03 -1.860764e-02 -7.608322e-04 2.734534e-02
7.818056e-01 1.186172e+00 5.681224e-03 -1.583775e-02 -6.078301e-03 2.743248e-02
7.835979e-01 1.184629e+00 2.946266e-03 -1.604127e-02 3.247034e-03 2.132439e-02
7.853947e-01 1.183919e+00 2.296154e-03 -2.128953e-02 4.078681e-04 2.403705e-02
7.871903e-01 1.183963e+00 5.372227e-03 -2.045608e-02 -3.019295e-03 2.126878e-02
7.889853e-01 1.184733e+00 4.678643e-03 -1.647813e-02 1.735275e-04 1.732784e-02
7.907819e-01 1.185259e+00 4.614777e-03 -1.470107e-02 -2.083751e-03 1.520750e-02
7.925772e-01 1.184868e+00 4.907384e-03 -1.408078e-02 -4.222806e-03 1.113500e-02
7.943719e-01 1.181587e+00 3.405641e-03 -1.124146e-02 1.860851e-03 9.972258e-03
7.961659e-01 1.183456e+00 4.970361e-03 -1.130538e-02 1.090356e-03 1.100332e-02
7.979598e-01 1.184242e+00 3.293056e-03 -1.306708e-02 4.552878e-03 2.091428e-02
7.997559e-01 1.186401e+00 4.539504e-03 -1.268665e-02 -8.938336e-04 2.185761e-02
8.015520e-01 1.186617e+00 4.916117e-03 -9.729025e-03 -3.500685e-03 2.032265e-02
8.033475e-01 1.185552e+00 5.627760e-03 -7.705359e-03 -2.297731e-03 1.463664e-02
8.051404e-01 1.182418e+00 3.075579e-03 -6.978443e-03 8.995113e-04 1.117852e-02
8.069349e-01 1.181324e+00 3.455101e-03 -9.893586e-03 3.705824e-03 1.579868e-02
8.087329e-01 1.180440e+00 2.186752e-03 -1.464962e-02 4.708255e-03 2.173780e-02
8.105286e-01 1.183171e+00 4.756895e-03 -1.828134e-02 3.908592e-04 2.495661e-02
8.123233e-01 1.185374e+00 2.918559e-03 -1.804774e-02 -1.874748e-03 2.510064e-02
8.141188e-01 1.186926e+00 7.882077e-03 -1.523617e-02 -5.063731e-03 1.928306e-02
8.159142e-01 1.184254e+00 3.697829e-03 -8.427649e-03 2.474530e-03 2.348674e-02
8.177087e-01 1.183517e+00 4.800132e-03 -6.568908e-03 5.945036e-03 2.637775e-02
8.195037e-01 1.185706e+00 5.212183e-03 -6.389675e-03 -3.947655e-04 3.626551e-02
8.212995e-01 1.182163e+00 5.030638e-03 -3.263943e-04 -3.049949e-03 3.715310e-02
8.230953e-01 1.180966e+00 5.253504e-03 2.466398e-03 -2.407535e-03 3.167888e-02
8.248902e-01 1.180882e+00 1.022766e-03 -3.971663e-03 3.209753e-03 3.038159e-02
8.266848e-01 1.182568e+00 2.632667e-03 -1.465225e-02 2.450762e-03 3.168461e-02
8.284792e-01 1.185622e+00 5.839495e-03 -1.418191e-02 -4.823310e-03 2.164091e-02
8.302734e-01 1.183526e+00 4.161856e-03 -1.118081e-02 -2.168642e-03 2.415263e-02
8.320692e-01 1.186436e+00 5.857303e-03 -7.383304e-03 -2.316614e-03 1.683862e-02
8.338654e-01 1.182606e+00 4.264163e-03 -4.426533e-03 -1.038796e-03 1.710057e-02
8.356607e-01 1.184520e+00 3.726194e-03 -6.897965e-03 1.917686e-03 1.467406e-02
8.374562e-01 1.185012e+00 3.313307e-03 -9.295505e-03 -6.055182e-04 1.361187e-02
8.392510e-01 1.183414e+00 4.789364e-03 -1.140001e-02 -9.180484e-04 1.340062e-02
8.410464e-01 1.184384e+00 4.153286e-03 -1.108594e-02 1.404708e-04 1.043344e-02
8.428427e-01 1.183777e+00 4.518413e-03 -1.046642e-02 -1.177059e-03 9.440550e-03
8.446371e-01 1.183728e+00 3.639666e-03 -1.100501e-02 2.335202e-03 1.282128e-02
8.464320e-01 1.183439e+00 4.803545e-03 -1.389203e-02 1.191153e-03 1.369719e-02
8.482278e-01 1.182096e+00 5.637696e-03 -1.001779e-02 2.270839e-04 1.561793e-02
8.500227e-01 1.181297e+00 4.040396e-03 -8.517747e-03 2.574373e-03 2.217886e-02
8.518177e-01 1.184759e+00 4.600676e-03 -7.722753e-03 -7.709704e-04 1.759770e-02
8.536137e-01 1.183065e+00 5.520222e-03 -7.235058e-03 -6.619256e-03 1.742854e-02
8.554088e-01 1.184131e+00 2.974958e-03 -9.518232e-03 1.808963e-03 1.188600e-02
8.572024e-01 1.185075e+00 4.521881e-03 -1.253901e-02 7.670054e-04 7.326230e-03
8.589967e-01 1.182688e+00 4.574296e-03 -9.107453e-03 1.140583e-03 1.351136e-02
8.607918e-01 1.183313e+00 5.369309e-03 -8.219704e-03 2.124118e-03 1.736493e-02
8.625869e-01 1.184108e+00 5.738377e-03 -1.881062e-03 4.044768e-04 2.255724e-02
8.643824e-01 1.183268e+00 4.704284e-03 -1.677055e-03 1.518081e-03 3.023291e-02
8.661785e-01 1.185565e+00 3.271362e-03 -3.224731e-03 7.832817e-04 2.430085e-02
8.679743e-01 1.184075e+00 4.198851e-03 -7.309526e-03 -3.089120e-03 2.425414e-02
8.697706e-01 1.183268e+00 2.774530e-03 -9.703222e-03 2.189211e-03 1.989622e-02
8.715653e-01 1.181880e+00 7.231370e-03 -8.502766e-03 -4.489087e-03 1.655442e-02
8.733592e-01 1.180514e+00 5.700006e-03 -2.535749e-03 1.291186e-03 2.078081e-02
8.751548e-01 1.183568e+00 2.670255e-03 -3.942531e-03 3.995705e-03 2.229596e-02
8.769502e-01 1.183851e+00 5.778440e-03 -5.189735e-03 -3.727098e-03 2.167010e-02
8.787466e-01 1.184589e+00 2.631146e-03 -6.536729e-03 2.020912e-03 1.787776e-02
8.805415e-01 1.187100e+00 3.004713e-03 -1.655684e-02 -2.862181e-04 1.482121e-02
8.823359e-01 1.185846e+00 4.819022e-03 -1.764663e-02 -1.992954e-04 1.536890e-02
8.841313e-01 1.184109e+00 5.674408e-03 -1.515870e-02 3.670246e-03 2.327723e-02
8.859273e-01 1.184227e+00 5.839309e-03 -1.171159e-02 1.257108e-03 2.445547e-02
8.877230e-01 1.181404e+00 4.501503e-03 -8.252546e-03 -3.325689e-03 2.775028e-02
8.895175e-01 1.184519e+00 4.456839e-03 -7.664850e-03 -3.563631e-03 1.708275e-02
8.913122e-01 1.184874e+00 5.375399e-03 -1.022502e-02 -4.930860e-03 1.156692e-02
8.931078e-01 1.183678e+00 4.059308e-03 -8.773303e-03 3.700475e-03 6.672032e-03
8.949034e-01 1.184051e+00 4.081605e-03 -1.123526e-02 4.034589e-03 1.274104e-02
8.966974e-01 1.184878e+00 5.045061e-03 -1.231176e-02 1.732508e-03 1.968133e-02
8.984931e-01 1.184309e+00 6.568815e-03 -9.348664e-03 -5.628203e-03 1.518230e-02
9.002874e-01 1.182570e+00 4.838984e-03 -2.806522e-03 -5.255510e-03 7.381865e-03
9.020815e-01 1.182131e+00 5.661615e-03 -3.379385e-03 -4.555794e-03 -3.125983e-03
9.038774e-01 1.181719e+00 4.485232e-03 -1.362658e-03 1.406473e-03 -2.590828e-03
9.056723e-01 1.183366e+00 3.800239e-03 -2.113196e-03 5.483796e-03 -1.888784e-03
9.074684e-01 1.184066e+00 4.996426e-03 -4.562942e-03 5.104307e-03 1.295971e-02
9.092635e-01 1.185493e+00 4.222796e-03 -6.521135e-03 2.483555e-03 1.599975e-02
9.110582e-01 1.183203e+00 4.681315e-03 -8.543380e-03 -1.978501e-03 2.041282e-02
9.128546e-01 1.183548e+00 3.860503e-03 -9.756115e-03 -1.440451e-03 1.411628e-02
9.146502e-01 1.184835e+00 4.910079e-03 -1.274495e-02 -2.596195e-03 8.905791e-03
9.164437e-01 1.185155e+00 6.370890e-03 -1.045710e-02 -2.129430e-03 4.228727e-03
9.182390e-01 1.183811e+00 5.851111e-03 -5.830901e-03 7.651708e-04 5.320065e-03
