# k, q0, q1/i, q2, q3/i, q4, norm, alpha = 571.4117399094032, 0.019180352441928786
0.000000e+00 6.900674e+13 0.000000e+00 0.000000e+00 0.000000e+00 -1.446087e+13
2.542755e-03 1.501474e+13 1.321367e+13 1.159945e+13 1.581462e+13 -9.770797e+12
4.308321e-03 3.862912e+12 2.456732e+12 1.031030e+13 1.568041e+13 -8.742575e+12
6.127972e-03 1.064125e+12 2.975674e+11 3.784087e+12 3.782149e+12 1.570848e+12
7.953317e-03 2.955491e+11 1.085176e+11 9.531486e+11 7.691931e+11 1.064227e+12
9.814571e-03 7.266945e+10 2.077279e+10 1.425589e+11 1.290524e+11 2.117675e+11
1.156539e-02 1.888527e+10 4.656259e+09 -1.359351e+10 1.051924e+09 2.011554e+10
1.336205e-02 1.292936e+10 2.734280e+09 4.440962e+09 6.711401e+09 2.989322e+10
1.519307e-02 1.329485e+10 2.298076e+09 3.088234e+10 1.174002e+10 6.710824e+10
1.700413e-02 1.006476e+10 1.692391e+09 2.842902e+10 1.174455e+10 5.842320e+10
1.878921e-02 5.428028e+09 6.523110e+08 1.293510e+10 5.052042e+09 3.112550e+10
2.056181e-02 2.419383e+09 2.184069e+08 1.574067e+09 9.801281e+08 1.044020e+10
2.237315e-02 1.261913e+09 1.451326e+08 -1.558153e+09 1.358816e+08 3.171345e+09
2.420702e-02 1.456924e+09 1.280739e+08 6.410897e+08 4.718400e+08 6.199155e+09
2.604330e-02 1.627739e+09 1.543168e+08 2.929921e+09 9.136029e+08 9.189471e+09
2.781707e-02 1.336546e+09 9.504135e+07 2.726145e+09 7.168755e+08 8.039132e+09
2.956466e-02 8.905364e+08 7.688734e+07 9.880250e+08 3.684825e+08 4.728612e+09
3.136513e-02 4.867744e+08 3.304741e+07 -4.253533e+08 1.939566e+07 1.787720e+09
3.317513e-02 3.774900e+08 3.339925e+07 -5.501546e+08 -2.890539e+07 1.199078e+09
3.497165e-02 4.173729e+08 2.638086e+07 1.911601e+08 6.522376e+07 2.011764e+09
3.677184e-02 4.646193e+08 2.802563e+07 6.822168e+08 1.605035e+08 2.670805e+09
3.856197e-02 3.973051e+08 2.901403e+07 5.618210e+08 1.313228e+08 2.280138e+09
4.034231e-02 2.632973e+08 1.620936e+07 9.844985e+07 3.984779e+07 1.315218e+09
4.214741e-02 1.565420e+08 9.554713e+06 -2.192524e+08 -1.114119e+07 5.426423e+08
4.395085e-02 1.414335e+08 1.012073e+07 -1.777682e+08 -7.047354e+06 5.027049e+08
4.574462e-02 1.668494e+08 8.187874e+06 8.713038e+07 2.395579e+07 8.423090e+08
4.755674e-02 1.851311e+08 8.552288e+06 2.503849e+08 4.478897e+07 1.067072e+09
4.935944e-02 1.590706e+08 8.699666e+06 1.976190e+08 3.921456e+07 9.104465e+08
5.113615e-02 1.079192e+08 4.692980e+06 8.750507e+06 8.713722e+06 5.164606e+08
5.293674e-02 7.115271e+07 3.618420e+06 -1.097588e+08 -3.788622e+06 2.434266e+08
5.472727e-02 6.819032e+07 2.555742e+06 -7.984745e+07 -2.060306e+06 2.504961e+08
5.651697e-02 8.153700e+07 3.409835e+06 3.183260e+07 8.949433e+06 4.040333e+08
5.831477e-02 8.758003e+07 4.255723e+06 9.780776e+07 1.555571e+07 4.925798e+08
6.011451e-02 7.495169e+07 2.706602e+06 6.441455e+07 1.259675e+07 4.075674e+08
6.191171e-02 5.270378e+07 1.413861e+06 -2.083771e+07 3.178992e+06 2.308428e+08
6.370712e-02 3.874156e+07 1.375555e+06 -6.780160e+07 -2.000162e+06 1.233394e+08
6.550732e-02 3.923344e+07 1.409816e+06 -4.160025e+07 -1.100910e+06 1.465008e+08
6.729498e-02 4.773540e+07 1.729669e+06 1.788904e+07 4.750706e+06 2.375291e+08
6.908598e-02 5.084928e+07 1.684992e+06 5.129805e+07 7.672430e+06 2.788640e+08
7.088188e-02 4.349643e+07 1.253314e+06 3.095178e+07 4.380538e+06 2.274235e+08
7.268232e-02 3.159128e+07 1.150880e+06 -1.600605e+07 9.870012e+05 1.325656e+08
7.447792e-02 2.353536e+07 7.555426e+05 -4.074036e+07 -1.846369e+06 7.181752e+07
7.627282e-02 2.365983e+07 8.543389e+05 -2.769021e+07 -1.225215e+06 8.234714e+07
7.807562e-02 2.768382e+07 1.042711e+06 3.462561e+06 1.823340e+06 1.274240e+08
7.988558e-02 2.894165e+07 7.142562e+05 1.967458e+07 2.113255e+06 1.467398e+08
8.168049e-02 2.466779e+07 8.381971e+05 8.326440e+06 1.106637e+06 1.171582e+08
8.345709e-02 1.815090e+07 7.400603e+05 -1.299413e+07 -2.694125e+05 6.853068e+07
8.524436e-02 1.479283e+07 3.102762e+05 -2.319161e+07 -8.903472e+05 4.278911e+07
8.704550e-02 1.576647e+07 5.567079e+05 -1.266458e+07 -2.007753e+04 5.535988e+07
8.884478e-02 1.833943e+07 5.109170e+05 6.149432e+06 7.311142e+05 8.355094e+07
9.064103e-02 1.859246e+07 4.485387e+05 1.392889e+07 9.312663e+05 9.110907e+07
9.243897e-02 1.572887e+07 5.132002e+05 5.235490e+06 7.415623e+05 7.025134e+07
9.423607e-02 1.186138e+07 3.033055e+05 -9.578265e+06 -2.978062e+05 3.927237e+07
9.603871e-02 9.911580e+06 1.976799e+05 -1.560147e+07 -5.624874e+05 2.414581e+07
9.782410e-02 1.053412e+07 2.701051e+05 -8.900631e+06 -1.960092e+05 3.249159e+07
9.961474e-02 1.197489e+07 2.905157e+05 1.850086e+06 1.180800e+05 4.825264e+07
1.014127e-01 1.208109e+07 3.894019e+05 5.748208e+06 4.589755e+05 5.218898e+07
1.031985e-01 1.014755e+07 2.209023e+05 5.347851e+04 3.102646e+05 3.896994e+07
1.049957e-01 8.211278e+06 2.731155e+04 -8.309016e+06 -8.226217e+04 2.196031e+07
1.067952e-01 7.614588e+06 5.612561e+04 -1.013406e+07 -2.687754e+05 1.674111e+07
1.085930e-01 8.525373e+06 2.197878e+05 -3.825051e+06 -9.740614e+04 2.605313e+07
1.103885e-01 9.489767e+06 2.138715e+05 3.714373e+06 4.313088e+05 3.764759e+07
1.121821e-01 9.474428e+06 8.937013e+04 5.383092e+06 5.934784e+05 3.897826e+07
1.139837e-01 8.174738e+06 1.011496e+05 -1.836743e+05 2.686950e+05 2.818770e+07
1.157773e-01 6.737756e+06 5.359725e+04 -6.375278e+06 -2.264458e+04 1.567847e+07
1.175730e-01 6.251262e+06 7.809509e+04 -7.608694e+06 -1.916460e+05 1.244644e+07
1.193666e-01 6.872591e+06 1.199914e+05 -3.030079e+06 -1.582910e+04 1.929966e+07
1.211543e-01 7.726620e+06 3.409493e+04 2.174148e+06 2.718337e+05 2.750301e+07
1.229561e-01 7.782686e+06 1.140565e+05 3.072044e+06 3.727480e+05 2.812064e+07
1.247542e-01 6.767598e+06 1.302435e+05 -5.558474e+05 1.049690e+05 2.058228e+07
1.265466e-01 5.704880e+06 5.867257e+04 -4.694046e+06 1.487464e+04 1.230516e+07
1.283363e-01 5.470734e+06 -1.760597e+04 -5.369130e+06 4.822638e+04 1.056606e+07
1.301269e-01 6.034136e+06 3.193313e+04 -2.297483e+06 1.220506e+05 1.552566e+07
1.319334e-01 6.574650e+06 9.334702e+04 1.180865e+06 1.525749e+05 2.114773e+07
1.337370e-01 6.431230e+06 6.253032e+04 1.478488e+06 2.637875e+05 2.081981e+07
1.355323e-01 5.758968e+06 4.552177e+04 -1.339280e+06 8.475633e+04 1.515162e+07
1.373301e-01 5.124269e+06 1.055305e+02 -4.350596e+06 6.302710e+04 9.377408e+06
1.391197e-01 5.005314e+06 3.410792e+04 -4.666614e+06 -3.888024e+04 8.378104e+06
1.409058e-01 5.291328e+06 7.585218e+04 -2.333070e+06 -4.201471e+04 1.182929e+07
1.427003e-01 5.511312e+06 7.619195e+04 -2.329818e+04 -1.140716e+03 1.497403e+07
1.444928e-01 5.373138e+06 3.686479e+04 -1.013952e+05 1.274795e+05 1.435220e+07
1.462886e-01 4.932796e+06 3.149574e+03 -2.230681e+06 1.209155e+05 1.028468e+07
1.480924e-01 4.575004e+06 3.912923e+04 -3.737571e+06 -8.212345e+04 6.952632e+06
1.498892e-01 4.566564e+06 6.377741e+04 -3.002415e+06 -1.064512e+05 7.785914e+06
1.516798e-01 4.905118e+06 3.384621e+04 -5.569046e+05 3.020628e+04 1.138386e+07
1.534759e-01 5.169440e+06 3.212146e+04 1.090343e+06 1.382166e+05 1.406678e+07
1.552766e-01 4.969124e+06 4.048093e+04 5.664251e+05 1.131133e+05 1.261667e+07
1.570706e-01 4.437134e+06 5.942807e+04 -1.459072e+06 -3.955087e+04 8.520566e+06
1.588578e-01 4.039324e+06 9.068063e+03 -3.073898e+06 -1.008756e+04 5.231174e+06
1.606585e-01 4.061914e+06 2.169538e+04 -2.745824e+06 -2.493212e+04 5.471252e+06
1.624649e-01 4.362827e+06 3.935039e+04 -9.168143e+05 -3.624446e+04 8.419023e+06
1.642557e-01 4.503834e+06 6.209534e+04 5.758988e+05 2.311100e+02 1.051154e+07
1.660459e-01 4.364092e+06 4.583332e+04 4.070248e+05 4.145973e+04 9.729700e+06
1.678421e-01 4.019156e+06 -5.097263e+03 -1.099471e+06 4.770107e+04 6.790620e+06
1.696353e-01 3.781163e+06 7.047204e+02 -2.265788e+06 2.788219e+04 4.594548e+06
1.714286e-01 3.853692e+06 1.166739e+04 -1.858396e+06 -4.110993e+04 5.067282e+06
1.732198e-01 4.090969e+06 2.772567e+04 -4.128109e+05 -1.035165e+04 7.387353e+06
1.750152e-01 4.238516e+06 4.028125e+04 7.164350e+05 4.916771e+04 9.027618e+06
1.768177e-01 4.110520e+06 1.926150e+04 3.820914e+05 8.799490e+04 8.186161e+06
1.786121e-01 3.832947e+06 -1.282705e+04 -9.642341e+05 6.015011e+04 5.677837e+06
1.804030e-01 3.601254e+06 1.966840e+04 -2.069854e+06 1.481367e+03 3.608411e+06
1.822028e-01 3.562284e+06 2.933640e+04 -1.977882e+06 -5.099988e+04 3.567784e+06
1.839998e-01 3.673233e+06 1.885048e+04 -9.925846e+05 -6.538110e+04 4.916094e+06
1.857937e-01 3.797318e+06 9.801213e+03 -3.351313e+05 -1.278827e+03 5.806579e+06
1.875926e-01 3.705780e+06 1.248777e+04 -6.382226e+05 3.831531e+03 5.109354e+06
1.893867e-01 3.521880e+06 3.444292e+04 -1.375690e+06 -3.986778e+04 3.448010e+06
1.911794e-01 3.372896e+06 1.544522e+04 -1.763616e+06 -3.285621e+04 2.621755e+06
1.929763e-01 3.432806e+06 1.389233e+04 -1.188566e+06 2.783246e+03 3.435220e+06
1.947689e-01 3.620615e+06 8.598536e+03 -1.847015e+05 1.020556e+04 5.054384e+06
1.965614e-01 3.690592e+06 2.469447e+04 4.360633e+05 7.207521e+03 6.027468e+06
1.983545e-01 3.616048e+06 -1.361285e+03 6.435214e+04 6.561707e+04 5.270151e+06
2.001492e-01 3.431188e+06 8.446855e+03 -8.726362e+05 3.518419e+04 3.546691e+06
2.019476e-01 3.287546e+06 1.472363e+04 -1.459175e+06 -3.322900e+04 2.428222e+06
2.037448e-01 3.302361e+06 1.235515e+04 -1.204743e+06 -3.858078e+04 2.633931e+06
2.055436e-01 3.407116e+06 3.288767e+04 -4.227606e+05 -7.240231e+04 3.748415e+06
2.073409e-01 3.442616e+06 2.456560e+04 1.444230e+05 -1.209375e+04 4.487233e+06
2.091331e-01 3.371629e+06 1.184621e+04 -3.816797e+03 5.238697e+04 4.055077e+06
2.109295e-01 3.262100e+06 -1.878838e+04 -6.655990e+05 5.956520e+04 2.947534e+06
2.127243e-01 3.169595e+06 2.066646e+04 -1.105695e+06 -5.063939e+04 2.052724e+06
2.145132e-01 3.151240e+06 3.054740e+03 -1.038284e+06 4.217344e+03 2.077499e+06
2.163084e-01 3.233092e+06 -5.750243e+03 -7.071105e+05 1.092443e+04 2.618355e+06
2.181043e-01 3.250460e+06 1.763149e+04 -5.631874e+05 4.320712e+04 2.911124e+06
2.198991e-01 3.193156e+06 6.825623e+03 -7.419016e+05 -8.490487e+03 2.526179e+06
2.216975e-01 3.100150e+06 1.465307e+04 -1.001506e+06 -4.550537e+04 1.885735e+06
2.234966e-01 3.088708e+06 3.860097e+03 -1.037330e+06 -1.223593e+04 1.718092e+06
2.252970e-01 3.141238e+06 1.961174e+04 -6.550698e+05 -2.493966e+04 2.245699e+06
2.270852e-01 3.189426e+06 8.515892e+03 -2.382764e+05 -6.261957e+03 2.871460e+06
2.288723e-01 3.188974e+06 1.274545e+04 -9.497584e+04 -1.215132e+04 2.956204e+06
2.306695e-01 3.115393e+06 7.757208e+03 -4.185855e+05 1.070804e+04 2.304700e+06
2.324665e-01 3.014974e+06 1.283200e+04 -7.882556e+05 -4.925820e+04 1.472154e+06
2.342627e-01 2.970960e+06 -5.251992e+02 -8.505262e+05 -6.873693e+03 1.311206e+06
2.360563e-01 3.050502e+06 8.040005e+03 -5.834468e+05 3.889600e+04 1.807532e+06
2.378553e-01 3.107905e+06 2.645062e+03 -2.011222e+05 -9.183036e+03 2.490541e+06
2.396569e-01 3.125964e+06 -8.540132e+03 -1.572785e+05 5.155012e+04 2.624450e+06
2.414498e-01 3.090801e+06 8.274312e+03 -4.400654e+05 8.619657e+03 2.081907e+06
2.432397e-01 2.977874e+06 3.142428e+04 -7.268016e+05 -5.454342e+04 1.416256e+06
2.450345e-01 2.932144e+06 -3.309273e+03 -7.862740e+05 -1.795183e+04 1.193838e+06
2.468308e-01 2.993186e+06 1.929693e+03 -5.200238e+05 3.232438e+03 1.584857e+06
2.486244e-01 3.047045e+06 6.031328e+03 -2.255429e+05 6.769699e+03 2.093577e+06
2.504185e-01 3.051586e+06 1.091769e+03 -1.677926e+05 2.320188e+04 2.186570e+06
2.522154e-01 3.017144e+06 -3.354736e+03 -4.214948e+05 2.294966e+04 1.755914e+06
2.540114e-01 2.967920e+06 7.601813e+03 -6.918617e+05 -1.760751e+04 1.205832e+06
2.558058e-01 2.926217e+06 1.697961e+04 -7.007841e+05 -4.152389e+04 1.090329e+06
2.576012e-01 2.960062e+06 2.405719e+03 -4.647672e+05 5.621717e+03 1.396523e+06
2.593962e-01 2.999069e+06 9.013167e+03 -2.669894e+05 -4.344395e+03 1.731884e+06
2.611937e-01 2.983445e+06 1.395305e+04 -2.321210e+05 -1.611873e+04 1.699772e+06
2.629942e-01 2.909363e+06 1.803883e+04 -3.915621e+05 -1.653446e+04 1.336896e+06
2.647885e-01 2.856153e+06 5.965729e+03 -5.389769e+05 2.317067e+04 1.008862e+06
2.665811e-01 2.895692e+06 -9.367024e+03 -4.697891e+05 4.607501e+03 1.173534e+06
2.683801e-01 2.951789e+06 1.004713e+04 -1.597212e+05 -2.213923e+04 1.677371e+06
2.701729e-01 2.983730e+06 1.380113e+04 1.362654e+05 -2.180049e+03 2.149545e+06
2.719632e-01 2.977644e+06 1.159696e+03 1.353516e+05 -6.193148e+02 2.040833e+06
2.737587e-01 2.942065e+06 -9.260774e+03 -1.524550e+05 3.650309e+04 1.535115e+06
2.755578e-01 2.878460e+06 1.929919e+04 -4.553180e+05 -1.849441e+04 9.782685e+05
2.773550e-01 2.828284e+06 1.341519e+04 -4.899750e+05 -1.231700e+04 8.432563e+05
2.791459e-01 2.853683e+06 -3.439434e+03 -3.463081e+05 2.076853e+04 1.107180e+06
2.809385e-01 2.896500e+06 -2.352277e+03 -2.204545e+05 2.315476e+04 1.430959e+06
2.827312e-01 2.904704e+06 5.165842e+03 -2.383811e+05 9.070497e+03 1.371241e+06
2.845296e-01 2.855866e+06 5.116419e+03 -4.024155e+05 -1.720260e+04 1.043886e+06
2.863269e-01 2.805690e+06 1.783251e+04 -5.021197e+05 -3.767260e+04 7.269528e+05
2.881173e-01 2.794227e+06 1.253451e+04 -3.975400e+05 -1.468925e+04 8.255956e+05
2.899148e-01 2.834786e+06 9.959067e+03 -1.339986e+05 -1.992116e+03 1.231927e+06
2.917136e-01 2.889543e+06 -1.254700e+04 8.132382e+04 1.452033e+04 1.607324e+06
2.935083e-01 2.898039e+06 5.157658e+03 7.042052e+04 2.031851e+04 1.617435e+06
2.953064e-01 2.877593e+06 -5.369837e+03 -1.452115e+05 3.878711e+04 1.246715e+06
2.971025e-01 2.808116e+06 2.655417e+04 -3.618127e+05 -4.505132e+04 8.359249e+05
2.988941e-01 2.759336e+06 1.280779e+04 -3.873288e+05 -3.882769e+04 6.545299e+05
3.006873e-01 2.765799e+06 1.241241e+04 -2.536856e+05 -7.126550e+03 7.851786e+05
3.024817e-01 2.803652e+06 -1.659820e+04 -1.573600e+05 2.149581e+04 9.378916e+05
3.042771e-01 2.802708e+06 1.090919e+04 -1.904561e+05 -2.197567e+03 9.610333e+05
3.060756e-01 2.781869e+06 5.114229e+03 -2.659868e+05 3.614290e+03 7.590983e+05
3.078722e-01 2.758402e+06 2.974228e+03 -3.430882e+05 -9.383545e+03 6.408632e+05
3.096648e-01 2.773191e+06 8.015109e+03 -2.576216e+05 -8.560752e+03 7.307229e+05
3.114599e-01 2.806304e+06 4.127419e+03 -5.474385e+04 4.249557e+03 1.066793e+06
3.132555e-01 2.840444e+06 2.642519e+03 9.806283e+04 7.745271e+03 1.329872e+06
3.150527e-01 2.818674e+06 8.166774e+03 6.049204e+04 1.349610e+04 1.306102e+06
3.168493e-01 2.784846e+06 4.488117e+03 -9.760105e+04 1.614228e+04 9.752638e+05
3.186391e-01 2.741894e+06 6.504318e+03 -2.874281e+05 -1.094801e+04 6.668262e+05
3.204305e-01 2.742174e+06 -7.533933e+03 -3.522421e+05 -1.155982e+03 5.253358e+05
3.222280e-01 2.751604e+06 1.800017e+04 -2.583428e+05 -3.653270e+04 6.283496e+05
3.240267e-01 2.740198e+06 1.154174e+04 -1.432010e+05 -2.248517e+03 7.417312e+05
3.258197e-01 2.752232e+06 -6.020465e+03 -1.380085e+05 2.069426e+04 7.344302e+05
3.276150e-01 2.743270e+06 3.400528e+03 -2.490391e+05 1.745722e+04 5.996135e+05
3.294148e-01 2.719207e+06 9.416138e+03 -3.047905e+05 -1.549791e+04 4.988802e+05
3.312085e-01 2.720900e+06 4.624484e+03 -2.424754e+05 -1.456243e+04 5.639196e+05
3.330031e-01 2.738986e+06 5.897084e+03 -1.186841e+05 2.725433e+01 7.623170e+05
3.347987e-01 2.756376e+06 7.932578e+03 -4.365164e+02 -1.133157e+04 8.979504e+05
3.365969e-01 2.751181e+06 -1.774306e+03 -2.346565e+04 1.600569e+04 8.731356e+05
3.383923e-01 2.749998e+06 4.257525e+03 -1.325927e+05 2.659557e+03 6.478024e+05
3.401828e-01 2.708825e+06 6.317953e+03 -2.389425e+05 -5.768930e+03 4.765216e+05
3.419763e-01 2.698921e+06 7.440548e+03 -2.670375e+05 -1.057771e+04 3.825073e+05
3.437730e-01 2.695588e+06 5.630872e+03 -2.214636e+05 -7.291518e+03 4.325570e+05
3.455681e-01 2.707826e+06 3.640462e+03 -1.788626e+05 2.410933e+03 5.177556e+05
3.473617e-01 2.711916e+06 -2.582647e+03 -1.905029e+05 1.344858e+04 5.003006e+05
3.491590e-01 2.694592e+06 1.427828e+04 -2.340432e+05 -8.838932e+03 4.404708e+05
3.509566e-01 2.696153e+06 -6.740022e+03 -2.457898e+05 1.114903e+04 3.985012e+05
3.527534e-01 2.710254e+06 8.240021e+03 -2.113141e+05 -6.588408e+03 4.838194e+05
3.545449e-01 2.721380e+06 1.226037e+04 -1.103523e+05 -2.450899e+04 6.077008e+05
3.563372e-01 2.721835e+06 -5.849949e+03 -5.028857e+04 1.022633e+04 6.819565e+05
3.581341e-01 2.731873e+06 3.310083e+03 -8.104489e+04 1.874371e+03 5.978417e+05
3.599303e-01 2.703906e+06 1.642074e+04 -1.523072e+05 -2.120237e+04 4.601951e+05
3.617254e-01 2.684853e+06 -2.882009e+03 -1.905835e+05 3.846707e+03 3.369936e+05
3.635200e-01 2.696744e+06 1.114311e+03 -1.986388e+05 6.544057e+03 3.485644e+05
3.653165e-01 2.714590e+06 2.800160e+03 -1.311500e+05 -2.066432e+04 4.006226e+05
3.671116e-01 2.709627e+06 1.689496e+04 -4.667616e+04 -2.119752e+04 4.719018e+05
3.689088e-01 2.701227e+06 1.617503e+03 -5.365077e+04 1.395686e+04 4.646425e+05
3.707076e-01 2.691274e+06 8.016443e+03 -1.225875e+05 7.806565e+03 3.763214e+05
3.725001e-01 2.668709e+06 5.248794e+03 -1.678132e+05 1.133880e+03 3.162566e+05
3.742913e-01 2.662210e+06 3.716165e+03 -1.791713e+05 1.035422e+04 3.058530e+05
3.760877e-01 2.682681e+06 7.399726e+01 -1.473568e+05 -1.241398e+03 3.628877e+05
3.778836e-01 2.681996e+06 1.165814e+04 -9.509144e+04 -2.635227e+04 4.193015e+05
3.796766e-01 2.680956e+06 3.958709e+03 -4.151064e+04 -1.332943e+04 4.294795e+05
3.814707e-01 2.684910e+06 7.619853e+03 -4.232996e+04 8.416743e+02 3.939217e+05
3.832699e-01 2.680000e+06 1.495941e+03 -4.452282e+04 9.667350e+03 3.912014e+05
3.850666e-01 2.673602e+06 1.652630e+03 -7.057914e+04 1.876590e+04 3.922560e+05
3.868579e-01 2.674366e+06 4.518527e+03 -9.730023e+04 1.541702e+04 4.144368e+05
3.886538e-01 2.673834e+06 1.627270e+03 -1.395067e+05 2.440069e+03 3.696561e+05
3.904491e-01 2.675376e+06 1.122118e+03 -1.732150e+05 -1.322973e+04 2.907317e+05
3.922449e-01 2.665998e+06 5.436788e+03 -1.918805e+05 8.729280e+02 2.307127e+05
3.940400e-01 2.671213e+06 2.431558e+03 -1.988966e+05 5.277871e+03 2.201796e+05
3.958317e-01 2.669956e+06 1.304777e+04 -1.467702e+05 -1.550340e+04 2.728830e+05
3.976289e-01 2.674924e+06 -3.382916e+03 -1.259097e+05 1.400445e+03 3.091297e+05
3.994255e-01 2.677944e+06 1.467597e+02 -1.434694e+05 9.115029e+03 3.147610e+05
4.012204e-01 2.682660e+06 7.415302e+03 -1.563653e+05 1.453677e+03 2.972019e+05
4.030168e-01 2.670573e+06 9.357945e+03 -1.563640e+05 -1.277878e+04 2.567809e+05
4.048122e-01 2.671222e+06 6.553038e+02 -1.499919e+05 3.963889e+02 2.628904e+05
4.066062e-01 2.680348e+06 -1.585391e+03 -1.319625e+05 1.343339e+04 3.171184e+05
4.084001e-01 2.692154e+06 7.819669e+03 -1.302502e+05 -1.035409e+04 3.119084e+05
4.101968e-01 2.677618e+06 7.309090e+03 -1.368316e+05 3.048064e+03 2.939539e+05
4.119946e-01 2.662765e+06 1.103352e+04 -1.414541e+05 -1.367038e+04 2.115897e+05
4.137897e-01 2.660202e+06 2.782254e+03 -1.459104e+05 5.410340e+03 2.299830e+05
4.155829e-01 2.665073e+06 -6.247382e+02 -1.295910e+05 1.429986e+04 2.856675e+05
4.173778e-01 2.675690e+06 1.047146e+04 -9.186048e+04 -2.514493e+03 3.789455e+05
4.191752e-01 2.669276e+06 3.842531e+03 -5.951481e+04 -9.739521e+03 4.023705e+05
4.209702e-01 2.661647e+06 9.832705e+03 -7.642816e+04 -1.109790e+04 3.385002e+05
4.227638e-01 2.646714e+06 1.075939e+04 -1.001597e+05 -7.085450e+03 2.507763e+05
4.245604e-01 2.640347e+06 -6.038348e+03 -1.255861e+05 1.468594e+04 2.364984e+05
4.263543e-01 2.672725e+06 1.039595e+03 -1.165452e+05 1.931639e+04 2.988651e+05
4.281451e-01 2.687457e+06 2.484987e+03 -5.506143e+04 -5.241765e+03 4.328640e+05
4.299400e-01 2.689924e+06 9.412869e+03 4.530522e+03 -1.659233e+04 5.056089e+05
4.317365e-01 2.688317e+06 7.129309e+03 7.853262e+03 9.679532e+03 4.850923e+05
4.335323e-01 2.675956e+06 -9.417535e+02 -5.530074e+04 1.081143e+04 3.883960e+05
4.353294e-01 2.670852e+06 4.827722e+03 -1.259863e+05 -5.618174e+02 2.808848e+05
4.371263e-01 2.666058e+06 8.063529e+03 -1.510605e+05 -4.590972e+03 2.479064e+05
4.389235e-01 2.664776e+06 6.150938e+03 -1.185228e+05 -1.401063e+04 2.490769e+05
4.407180e-01 2.657034e+06 1.003896e+04 -8.648821e+04 -1.203592e+04 2.600310e+05
4.425103e-01 2.652946e+06 2.552043e+03 -7.163144e+04 -7.351550e+03 2.526218e+05
4.443072e-01 2.658487e+06 -3.638750e+03 -1.004746e+05 1.962923e+04 2.257605e+05
4.461036e-01 2.676542e+06 -6.671741e+01 -1.479346e+05 1.817418e+04 2.035175e+05
4.478956e-01 2.679010e+06 7.614717e+03 -1.379469e+05 -7.270495e+03 2.396067e+05
4.496902e-01 2.671640e+06 1.284248e+04 -9.443668e+04 -1.849085e+04 2.934348e+05
4.514874e-01 2.670456e+06 1.370574e+03 -6.029580e+04 4.372461e+03 3.184193e+05
4.532823e-01 2.673672e+06 1.086775e+04 -7.621925e+04 -3.735699e+03 2.716307e+05
4.550750e-01 2.652820e+06 1.435631e+03 -1.046401e+05 1.506604e+04 2.361589e+05
4.568708e-01 2.648967e+06 7.807034e+03 -1.549499e+05 2.688313e+03 1.983921e+05
4.586693e-01 2.644235e+06 9.505920e+03 -1.426903e+05 -1.447893e+04 1.928999e+05
4.604629e-01 2.644328e+06 3.586041e+03 -1.026645e+05 -6.931799e+03 2.155588e+05
4.622570e-01 2.646280e+06 1.210753e+03 -8.482495e+04 1.162497e+04 2.529468e+05
4.640543e-01 2.656968e+06 1.852463e+03 -1.021992e+05 1.697680e+04 2.772376e+05
4.658487e-01 2.665431e+06 -1.319535e+03 -1.346936e+05 1.813410e+04 2.914822e+05
4.676433e-01 2.664928e+06 1.010583e+04 -1.382120e+05 -1.761035e+04 2.577789e+05
4.694380e-01 2.655155e+06 1.272089e+04 -1.042348e+05 -2.301742e+04 2.698205e+05
4.712319e-01 2.661446e+06 -4.277958e+03 -8.275694e+04 1.114757e+04 2.749741e+05
4.730274e-01 2.672558e+06 6.607290e+03 -9.272360e+04 4.923428e+03 2.801133e+05
4.748233e-01 2.661604e+06 6.610667e+03 -1.032489e+05 -7.544334e+03 2.826401e+05
4.766206e-01 2.657512e+06 4.437515e+03 -1.231014e+05 1.574520e+04 2.490519e+05
4.784155e-01 2.666907e+06 -5.044706e+01 -1.447429e+05 1.239046e+04 2.513371e+05
4.802074e-01 2.657444e+06 1.331259e+04 -1.323917e+05 -1.977503e+04 2.775012e+05
4.820041e-01 2.657236e+06 2.257961e+03 -8.956770e+04 -5.068001e+03 2.988571e+05
4.838035e-01 2.663603e+06 7.810092e+02 -9.292567e+04 1.489671e+04 2.953374e+05
4.855966e-01 2.663844e+06 1.550993e+04 -1.190565e+05 -1.233921e+04 2.606659e+05
4.873905e-01 2.646266e+06 8.318678e+02 -1.292179e+05 1.165673e+04 2.303219e+05
4.891890e-01 2.655574e+06 -3.647034e+03 -1.683942e+05 7.936695e+03 2.105371e+05
4.909845e-01 2.665005e+06 6.559564e+03 -1.735167e+05 4.211875e+03 2.452241e+05
4.927778e-01 2.670358e+06 1.112702e+04 -1.378913e+05 -1.510734e+04 2.768709e+05
4.945710e-01 2.664934e+06 -1.530111e+02 -1.184498e+05 2.234596e+03 3.004388e+05
4.963686e-01 2.678094e+06 2.242888e+03 -1.290851e+05 8.166041e+03 2.828213e+05
4.981631e-01 2.674451e+06 1.096083e+04 -1.387738e+05 -5.137074e+03 2.859789e+05
4.999565e-01 2.669820e+06 -3.342211e+02 -1.364408e+05 2.272524e+03 2.773310e+05
5.017530e-01 2.687802e+06 4.987364e+03 -1.349817e+05 2.871071e+03 2.685931e+05
5.035473e-01 2.692424e+06 -1.265248e+03 -1.341889e+05 5.622088e+01 2.726219e+05
5.053425e-01 2.688446e+06 9.217662e+03 -1.491184e+05 1.755265e+03 2.751271e+05
5.071378e-01 2.682780e+06 9.046521e+03 -1.643448e+05 5.568669e+03 2.606743e+05
5.089338e-01 2.667116e+06 7.768313e+03 -1.623957e+05 -6.442143e+03 2.568606e+05
5.107304e-01 2.680067e+06 6.479774e+03 -1.344819e+05 -5.190678e+03 2.775908e+05
5.125264e-01 2.669043e+06 1.346523e+04 -8.825698e+04 -1.451126e+04 3.372376e+05
5.143202e-01 2.669718e+06 2.357416e+03 -5.733393e+04 1.238136e+04 3.744063e+05
5.161135e-01 2.665417e+06 8.070416e+03 -7.423285e+04 3.513326e+03 3.750157e+05
5.179077e-01 2.657534e+06 6.249431e+03 -1.093861e+05 1.067845e+04 3.255571e+05
5.197029e-01 2.657251e+06 -1.543346e+03 -1.512165e+05 -6.753097e+03 2.638185e+05
5.214989e-01 2.656147e+06 7.275279e+03 -1.675857e+05 -2.142811e+03 2.284758e+05
5.232939e-01 2.663993e+06 5.067351e+03 -1.450189e+05 3.790901e+03 2.477329e+05
5.250894e-01 2.665510e+06 7.831053e+03 -1.257519e+05 -8.973057e+03 2.841448e+05
5.268875e-01 2.656004e+06 7.969000e+03 -1.125533e+05 4.755325e+03 3.037228e+05
5.286829e-01 2.657644e+06 4.334519e+03 -1.323081e+05 1.277646e+04 2.976390e+05
5.304764e-01 2.658026e+06 1.714677e+03 -1.663233e+05 -2.858549e+03 2.662479e+05
5.322718e-01 2.655239e+06 9.434158e+03 -1.718253e+05 -8.119494e+03 2.431231e+05
5.340665e-01 2.658192e+06 3.947068e+02 -1.599330e+05 9.709680e+03 2.551675e+05
5.358628e-01 2.672193e+06 2.358818e+03 -1.677369e+05 7.032470e+03 2.620021e+05
5.376582e-01 2.678235e+06 2.258402e+03 -1.787831e+05 3.074374e+03 2.852865e+05
5.394517e-01 2.672049e+06 1.061019e+04 -1.836538e+05 -4.175405e+03 2.713237e+05
5.412446e-01 2.673895e+06 1.566981e+03 -1.891518e+05 7.386800e+03 2.666392e+05
5.430425e-01 2.673660e+06 7.573760e+03 -1.867220e+05 -7.385778e+03 2.702394e+05
5.448396e-01 2.675557e+06 5.755673e+03 -1.659822e+05 1.323519e+03 2.887683e+05
5.466312e-01 2.685948e+06 -3.415956e+02 -1.600068e+05 5.756447e+03 3.078267e+05
5.484273e-01 2.685716e+06 9.966341e+03 -1.787278e+05 -2.878025e+03 2.909275e+05
5.502231e-01 2.678060e+06 6.207443e+03 -1.832429e+05 1.132997e+04 2.815639e+05
5.520189e-01 2.675257e+06 6.051818e+03 -2.037010e+05 -4.716264e+03 2.576494e+05
5.538138e-01 2.673450e+06 9.218104e+03 -1.909159e+05 -1.500675e+04 2.478682e+05
5.556067e-01 2.665816e+06 1.196957e+04 -1.593836e+05 -1.279869e+04 2.460683e+05
5.574029e-01 2.664500e+06 7.575244e+02 -1.450848e+05 9.109779e+03 2.903693e+05
5.591994e-01 2.676874e+06 6.787665e+03 -1.498561e+05 -1.485048e+03 2.797365e+05
5.609943e-01 2.670164e+06 4.852952e+03 -1.555478e+05 -4.018094e+03 2.748312e+05
5.627890e-01 2.665146e+06 1.177594e+04 -1.518948e+05 -4.251978e+03 2.504576e+05
5.645865e-01 2.667822e+06 4.610923e+02 -1.707407e+05 2.064379e+04 2.563626e+05
5.663833e-01 2.664076e+06 9.910357e+03 -1.730532e+05 -2.216799e+03 2.833796e+05
5.681768e-01 2.665380e+06 3.530592e+02 -1.843760e+05 5.893354e+03 2.752954e+05
5.699714e-01 2.667656e+06 9.441274e+03 -1.944526e+05 -3.272930e+03 2.615751e+05
5.717666e-01 2.660706e+06 5.153335e+03 -1.910539e+05 -2.431896e+03 2.354828e+05
5.735604e-01 2.663006e+06 9.135310e+03 -1.776148e+05 -1.270351e+04 2.491846e+05
5.753547e-01 2.672787e+06 -1.722348e+03 -1.604167e+05 6.994745e+03 2.772488e+05
5.771493e-01 2.684690e+06 1.071697e+04 -1.372669e+05 -8.851452e+03 3.014712e+05
5.789465e-01 2.681021e+06 4.968083e+03 -1.216494e+05 -1.175301e+02 3.173355e+05
5.807435e-01 2.679876e+06 4.414973e+03 -1.440156e+05 1.272511e+04 2.987191e+05
5.825362e-01 2.676832e+06 1.180508e+04 -1.633796e+05 -9.354241e+03 2.791607e+05
5.843306e-01 2.665631e+06 8.855547e+03 -1.556050e+05 -1.056732e+04 2.456197e+05
5.861281e-01 2.660787e+06 8.396514e+03 -1.294984e+05 -1.079955e+04 2.492747e+05
5.879240e-01 2.669630e+06 -7.575714e+02 -1.178558e+05 7.729203e+03 2.779886e+05
5.897195e-01 2.681403e+06 6.720183e+03 -1.146015e+05 6.710864e+03 3.108212e+05
5.915160e-01 2.680645e+06 5.632033e+03 -1.229494e+05 5.787371e+03 3.050142e+05
5.933128e-01 2.671065e+06 1.175905e+04 -1.380709e+05 -7.604005e+03 2.707993e+05
5.951052e-01 2.659957e+06 1.232822e+04 -1.345732e+05 -1.862364e+04 2.328916e+05
5.968969e-01 2.651239e+06 6.102600e+03 -1.246654e+05 -4.602319e+03 2.093603e+05
5.986941e-01 2.651849e+06 6.289778e+03 -1.197783e+05 1.450617e+04 2.279459e+05
6.004886e-01 2.655728e+06 6.422813e+03 -1.274731e+05 6.087787e+03 2.576910e+05
6.022826e-01 2.645202e+06 1.013955e+04 -1.347226e+05 3.503329e+02 2.576279e+05
6.040778e-01 2.644630e+06 2.236264e+03 -1.544221e+05 4.463118e+03 2.382865e+05
6.058727e-01 2.649892e+06 3.533527e+03 -1.662847e+05 -1.378776e+03 2.175021e+05
6.076682e-01 2.647158e+06 1.052491e+04 -1.639919e+05 -1.434814e+04 2.035726e+05
6.094636e-01 2.641943e+06 9.009449e+03 -1.426114e+05 6.184555e+03 2.339025e+05
6.112608e-01 2.654659e+06 -9.110620e+02 -1.482099e+05 9.800472e+03 2.344888e+05
6.130571e-01 2.660518e+06 4.819078e+03 -1.625596e+05 2.120562e+03 2.474913e+05
6.148510e-01 2.658502e+06 8.736843e+03 -1.607335e+05 -1.495568e+04 2.143105e+05
6.166467e-01 2.656210e+06 8.643558e+03 -1.518609e+05 -6.513525e+03 2.010587e+05
6.184426e-01 2.656604e+06 7.173038e+03 -1.403991e+05 -3.068940e+02 1.981659e+05
6.202383e-01 2.649932e+06 1.409735e+04 -1.124276e+05 -1.847380e+04 2.140018e+05
6.220331e-01 2.639299e+06 1.179156e+04 -8.170847e+04 -6.744694e+03 2.322123e+05
6.238256e-01 2.636454e+06 3.506931e+03 -7.893095e+04 8.595136e+03 2.332232e+05
6.256207e-01 2.646322e+06 1.816125e+03 -1.002364e+05 3.150189e+03 2.096585e+05
6.274180e-01 2.641032e+06 1.438476e+04 -1.006645e+05 -1.224056e+04 2.017085e+05
6.292132e-01 2.633274e+06 3.470815e+03 -9.769653e+04 5.993310e+03 1.856865e+05
6.310070e-01 2.641382e+06 4.901099e+03 -1.042925e+05 3.781252e+03 1.958698e+05
6.328016e-01 2.649203e+06 5.268397e+03 -1.030582e+05 1.481788e+03 1.970970e+05
6.345988e-01 2.641313e+06 9.736298e+03 -1.026330e+05 -4.859042e+03 2.022736e+05
6.363935e-01 2.641548e+06 7.742664e+03 -9.668245e+04 2.312968e+03 1.947508e+05
6.381885e-01 2.639986e+06 5.550469e+03 -1.097038e+05 -4.042343e+03 1.856081e+05
6.399844e-01 2.642352e+06 8.523778e+03 -9.762817e+04 -7.754882e+03 1.771206e+05
6.417790e-01 2.642262e+06 6.637539e+03 -9.793227e+04 -6.022631e+03 1.685949e+05
6.435737e-01 2.647709e+06 3.110319e+03 -9.688052e+04 9.345586e+03 1.688985e+05
6.453671e-01 2.645476e+06 8.203839e+03 -1.142279e+05 3.681406e+03 1.669461e+05
6.471630e-01 2.644902e+06 7.942557e+03 -1.155255e+05 -6.647880e+03 1.483860e+05
6.489575e-01 2.635464e+06 1.291709e+04 -1.001972e+05 -1.618845e+04 1.424711e+05
6.507531e-01 2.637999e+06 2.154242e+03 -9.114577e+04 5.594289e+03 1.353175e+05
6.525500e-01 2.641950e+06 5.659583e+03 -9.855409e+04 -3.909453e+02 1.360265e+05
6.543447e-01 2.647778e+06 5.533195e+03 -1.054363e+05 6.752277e+03 1.331439e+05
6.561416e-01 2.643107e+06 9.247818e+03 -1.210488e+05 -1.289253e+03 1.314586e+05
6.579361e-01 2.639550e+06 6.753127e+03 -1.266297e+05 3.489681e+03 1.179739e+05
6.597296e-01 2.634312e+06 9.221809e+03 -1.323912e+05 4.739428e+03 1.388327e+05
6.615260e-01 2.634988e+06 9.572205e+03 -1.248692e+05 1.967445e+03 1.523179e+05
6.633228e-01 2.629977e+06 9.244590e+03 -1.101422e+05 -7.304992e+03 1.724222e+05
6.651187e-01 2.626748e+06 9.201947e+03 -9.750227e+04 -1.856137e+03 1.747634e+05
6.669114e-01 2.626290e+06 8.126748e+03 -9.315412e+04 -8.030777e+03 1.569509e+05
6.687054e-01 2.621041e+06 7.299628e+03 -8.175566e+04 -1.123235e+04 1.528799e+05
6.705023e-01 2.626016e+06 4.594558e+03 -8.218531e+04 7.588752e+03 1.509326e+05
6.722992e-01 2.636969e+06 5.996719e+03 -7.262467e+04 2.786076e+03 1.644390e+05
6.740944e-01 2.640888e+06 4.892828e+03 -7.011842e+04 -2.943593e+03 1.850885e+05
6.758872e-01 2.641763e+06 8.194138e+03 -8.023073e+04 6.582613e+03 1.777530e+05
6.776825e-01 2.636976e+06 1.012351e+04 -8.725934e+04 -5.816852e+03 1.523451e+05
6.794791e-01 2.625035e+06 7.755659e+03 -9.678779e+04 -5.694025e+03 1.239869e+05
6.812733e-01 2.624915e+06 1.191829e+04 -9.522454e+04 -7.314556e+03 9.931922e+04
6.830683e-01 2.624007e+06 6.291603e+03 -8.658642e+04 1.119632e+03 1.152754e+05
6.848621e-01 2.626101e+06 6.587796e+03 -7.915774e+04 1.699645e+03 1.333389e+05
6.866570e-01 2.626368e+06 1.027104e+04 -6.107271e+04 -6.726083e+03 1.484742e+05
6.884537e-01 2.623214e+06 6.814853e+03 -5.433409e+04 -1.023590e+03 1.634833e+05
6.902501e-01 2.627778e+06 6.826277e+03 -6.362320e+04 2.501148e+03 1.342144e+05
6.920470e-01 2.621159e+06 9.078703e+03 -6.190154e+04 -8.534062e+03 1.217665e+05
6.938409e-01 2.615513e+06 1.133435e+04 -5.469133e+04 -6.858155e+03 9.898773e+04
6.956343e-01 2.616035e+06 3.261023e+03 -6.616909e+04 5.525583e+03 9.604029e+04
6.974295e-01 2.627542e+06 1.331526e+03 -7.962627e+04 5.791224e+03 8.901359e+04
6.992264e-01 2.627481e+06 1.237126e+04 -8.046436e+04 -7.277322e+03 8.588124e+04
7.010216e-01 2.623618e+06 8.963230e+03 -7.745452e+04 -9.106705e+02 7.498055e+04
7.028157e-01 2.616309e+06 7.558927e+03 -8.565267e+04 6.173357e+03 9.127795e+04
7.046118e-01 2.621300e+06 6.130626e+03 -9.609079e+04 1.112199e+04 1.047731e+05
7.064070e-01 2.630012e+06 6.576084e+03 -8.988552e+04 -5.266535e+03 1.168604e+05
7.082001e-01 2.623442e+06 1.233362e+04 -8.431324e+04 -9.728310e+03 1.154000e+05
7.099950e-01 2.618006e+06 8.923498e+03 -7.169952e+04 -2.355180e+03 1.114250e+05
7.117916e-01 2.613165e+06 9.612326e+03 -7.186574e+04 -6.344616e+01 9.807379e+04
7.135857e-01 2.610095e+06 9.851706e+03 -6.462817e+04 -7.395915e+03 9.718875e+04
7.153810e-01 2.613337e+06 5.009789e+03 -6.770435e+04 3.859128e+03 8.973624e+04
7.171769e-01 2.612236e+06 8.761035e+03 -6.485143e+04 -2.010943e+02 8.887587e+04
7.189721e-01 2.612747e+06 1.002248e+04 -6.297718e+04 -4.073930e+03 1.052417e+05
7.207688e-01 2.611186e+06 7.761485e+03 -5.334589e+04 -6.288167e+03 9.025580e+04
7.225642e-01 2.612876e+06 7.446482e+03 -5.071902e+04 -9.383558e+02 9.438508e+04
7.243583e-01 2.610962e+06 6.914982e+03 -5.882456e+04 9.467117e+03 9.769455e+04
7.261538e-01 2.615371e+06 5.974785e+03 -6.461359e+04 4.544240e+03 9.833464e+04
7.279497e-01 2.614595e+06 8.902117e+03 -6.943193e+04 -4.559001e+03 9.407280e+04
7.297435e-01 2.615010e+06 6.556219e+03 -6.845691e+04 -2.235322e+03 9.206044e+04
7.315366e-01 2.618603e+06 7.265904e+03 -6.240351e+04 -7.762201e+03 7.224151e+04
7.333339e-01 2.616374e+06 7.265498e+03 -6.256181e+04 3.504227e+03 8.275601e+04
7.351305e-01 2.624626e+06 8.008972e+03 -6.392723e+04 3.716255e+03 7.490497e+04
7.369246e-01 2.617013e+06 1.360558e+04 -5.552271e+04 -1.735490e+04 8.526580e+04
7.387207e-01 2.612454e+06 9.110520e+03 -3.055118e+04 -7.975911e+03 7.354638e+04
7.405164e-01 2.611380e+06 8.934151e+03 -2.928864e+04 3.352160e+03 5.708875e+04
7.423108e-01 2.610866e+06 1.013454e+04 -3.361978e+04 2.388869e+03 6.062819e+04
7.441040e-01 2.604072e+06 3.966636e+03 -4.847448e+04 4.256327e+03 6.102780e+04
7.458996e-01 2.605218e+06 1.035491e+04 -5.398742e+04 -1.533051e+03 5.535134e+04
7.476955e-01 2.608798e+06 8.012843e+03 -5.064694e+04 4.525411e+03 6.371305e+04
7.494882e-01 2.612238e+06 3.311732e+03 -5.974739e+04 1.018059e+04 7.568100e+04
7.512836e-01 2.606710e+06 1.485611e+04 -4.814566e+04 -1.962202e+04 8.056976e+04
7.530799e-01 2.608458e+06 8.222293e+03 -3.352457e+04 -8.953671e+03 6.832501e+04
7.548749e-01 2.606597e+06 6.639599e+03 -2.552912e+04 1.617693e+03 5.278692e+04
7.566699e-01 2.610702e+06 8.190456e+03 -3.758928e+04 5.999835e+03 6.009360e+04
7.584671e-01 2.605197e+06 1.122064e+04 -3.362773e+04 3.044582e+03 7.170294e+04
7.602633e-01 2.608235e+06 4.752147e+03 -3.919685e+04 9.771970e+01 6.557681e+04
7.620571e-01 2.606834e+06 1.027243e+04 -3.898591e+04 -3.538005e+03 6.631979e+04
7.638531e-01 2.605808e+06 1.003214e+04 -3.363720e+04 -5.327782e+03 5.654538e+04
7.656499e-01 2.613283e+06 5.470687e+03 -3.215606e+04 -4.180770e+03 5.014328e+04
7.674455e-01 2.606612e+06 1.071121e+04 -3.003381e+04 -3.930792e+03 3.599119e+04
7.692400e-01 2.603062e+06 1.201343e+04 -2.416624e+04 -2.843812e+03 1.966779e+04
7.710340e-01 2.596758e+06 8.170912e+03 -2.796383e+04 5.634792e+03 3.639003e+04
7.728276e-01 2.603302e+06 5.400420e+03 -3.910021e+04 1.110125e+04 4.374621e+04
7.746220e-01 2.603305e+06 8.136056e+03 -4.457248e+04 -4.332166e+03 5.852445e+04
7.764173e-01 2.601588e+06 1.058516e+04 -3.081934e+04 -1.753121e+03 6.599561e+04
7.782136e-01 2.608205e+06 5.324443e+03 -2.790039e+04 1.653760e+03 5.970879e+04
7.800117e-01 2.608738e+06 7.216140e+03 -3.487232e+04 3.217288e+02 4.753847e+04
7.818056e-01 2.602794e+06 1.483373e+04 -2.872818e+04 -1.246608e+04 5.189491e+04
7.835979e-01 2.599540e+06 8.982963e+03 -2.764100e+04 7.236874e+03 3.954610e+04
7.853947e-01 2.599409e+06 4.563056e+03 -3.942036e+04 3.259705e+03 4.434526e+04
7.871903e-01 2.599356e+06 1.087076e+04 -3.553581e+04 -8.617043e+03 3.683879e+04
7.889853e-01 2.600940e+06 8.950629e+03 -2.616590e+04 -7.642621e+02 2.770338e+04
7.907819e-01 2.603060e+06 8.733977e+03 -2.318239e+04 -1.807839e+03 2.375851e+04
7.925772e-01 2.602614e+06 1.037490e+04 -2.378739e+04 -7.912357e+03 1.666841e+04
7.943719e-01 2.595008e+06 8.332453e+03 -1.718778e+04 3.329909e+03 1.563404e+04
7.961659e-01 2.599449e+06 1.023804e+04 -1.845034e+04 6.643182e+02 1.855179e+04
7.979598e-01 2.601207e+06 5.920477e+03 -2.359118e+04 8.449654e+03 3.785500e+04
7.997559e-01 2.605285e+06 7.374820e+03 -2.372700e+04 -2.638980e+03 4.289177e+04
8.015520e-01 2.605432e+06 9.775613e+03 -1.716238e+04 -6.541314e+03 3.691802e+04
8.033475e-01 2.603279e+06 1.338352e+04 -1.321859e+04 -5.670712e+03 2.383634e+04
8.051404e-01 2.596067e+06 9.146118e+03 -1.089173e+04 2.995830e+03 1.750967e+04
8.069349e-01 2.593934e+06 9.990700e+03 -1.608512e+04 6.605098e+03 2.594792e+04
8.087329e-01 2.591449e+06 5.433587e+03 -2.686179e+04 9.439636e+03 3.859853e+04
8.105286e-01 2.597882e+06 8.170451e+03 -3.600219e+04 2.383106e+03 4.594140e+04
8.123233e-01 2.601874e+06 4.216389e+03 -3.309891e+04 -2.606433e+03 4.983375e+04
8.141188e-01 2.605677e+06 1.525577e+04 -2.715790e+04 -1.141970e+04 3.617093e+04
8.159142e-01 2.599499e+06 8.133406e+03 -1.354120e+04 2.013074e+02 4.696738e+04
8.177087e-01 2.597897e+06 1.000351e+04 -9.061795e+03 7.067722e+03 5.211572e+04
8.195037e-01 2.601480e+06 1.027198e+04 -9.393331e+03 -3.829194e+03 7.064344e+04
8.212995e-01 2.594770e+06 1.042030e+04 3.672338e+03 -5.005843e+03 7.105338e+04
8.230953e-01 2.592392e+06 1.328860e+04 7.362171e+03 -3.331102e+03 6.223950e+04
8.248902e-01 2.593439e+06 2.676031e+03 -7.753192e+03 1.387465e+04 6.167438e+04
8.266848e-01 2.598224e+06 6.199493e+03 -3.039856e+04 6.984696e+03 6.349288e+04
8.284792e-01 2.604503e+06 1.159233e+04 -2.984116e+04 -1.008332e+04 4.399865e+04
8.302734e-01 2.599880e+06 6.650994e+03 -2.362747e+04 -5.145046e+03 4.946702e+04
8.320692e-01 2.606848e+06 1.107078e+04 -1.712909e+04 -4.291395e+03 3.054688e+04
8.338654e-01 2.599476e+06 1.037331e+04 -1.169319e+04 -3.326268e+03 3.184709e+04
8.356607e-01 2.602693e+06 9.004316e+03 -1.563054e+04 5.207890e+03 2.580039e+04
8.374562e-01 2.605231e+06 6.940029e+03 -2.121398e+04 1.362899e+03 2.228044e+04
8.392510e-01 2.600953e+06 1.139130e+04 -2.475462e+04 -2.597249e+03 2.516199e+04
8.410464e-01 2.602409e+06 8.518595e+03 -2.240643e+04 1.064405e+03 1.896329e+04
8.428427e-01 2.600276e+06 1.120334e+04 -1.881749e+04 -3.557305e+03 1.578653e+04
8.446371e-01 2.600192e+06 8.007677e+03 -1.993687e+04 6.651290e+03 2.296247e+04
8.464320e-01 2.600379e+06 1.073874e+04 -2.749462e+04 6.483718e+02 2.386684e+04
8.482278e-01 2.597716e+06 1.119064e+04 -1.981946e+04 -1.327755e+03 3.121256e+04
8.500227e-01 2.596228e+06 6.956333e+03 -1.845605e+04 3.326063e+03 4.286692e+04
8.518177e-01 2.603542e+06 9.188673e+03 -1.804365e+04 -7.816525e+02 3.499457e+04
8.536137e-01 2.599910e+06 1.147616e+04 -1.871037e+04 -9.717553e+03 3.622894e+04
8.554088e-01 2.601960e+06 6.994616e+03 -1.910729e+04 6.338862e+03 2.129967e+04
8.572024e-01 2.604109e+06 1.189807e+04 -2.664442e+04 -1.196189e+03 1.203544e+04
8.589967e-01 2.598524e+06 8.978122e+03 -1.695149e+04 -9.787200e+02 2.795518e+04
8.607918e-01 2.599670e+06 9.593893e+03 -1.524833e+04 1.651107e+03 3.369570e+04
8.625869e-01 2.601220e+06 1.129853e+04 -8.963126e+02 -3.187446e+03 4.568046e+04
8.643824e-01 2.599906e+06 9.711835e+03 -6.896162e+02 2.255635e+03 6.354988e+04
8.661785e-01 2.605070e+06 8.359523e+03 -2.444086e+03 4.318891e+03 5.174005e+04
8.679743e-01 2.602218e+06 1.058822e+04 -9.469255e+03 -2.812292e+03 5.184968e+04
8.697706e-01 2.600291e+06 7.456892e+03 -1.521575e+04 5.191863e+03 4.318617e+04
8.715653e-01 2.597717e+06 1.462073e+04 -1.243410e+04 -1.064241e+04 3.775238e+04
8.733592e-01 2.594834e+06 1.038265e+04 -2.649979e+03 1.377417e+03 4.591386e+04
8.751548e-01 2.601304e+06 4.643738e+03 -6.393178e+03 7.513437e+03 4.963976e+04
8.769502e-01 2.601496e+06 1.306379e+04 -9.345081e+03 -6.509598e+03 4.904248e+04
8.787466e-01 2.603091e+06 6.314043e+03 -1.124521e+04 8.572154e+03 3.936014e+04
8.805415e-01 2.609138e+06 6.670715e+03 -3.202845e+04 3.460516e+03 3.336745e+04
8.823359e-01 2.607127e+06 1.099730e+04 -3.631823e+04 -1.544076e+03 3.374483e+04
8.841313e-01 2.603870e+06 1.263240e+04 -3.062636e+04 3.467419e+03 4.834590e+04
8.859273e-01 2.603032e+06 1.271485e+04 -2.518430e+04 -1.738254e+03 5.091818e+04
8.877230e-01 2.596851e+06 8.873844e+03 -1.771776e+04 -6.279688e+03 5.714268e+04
8.895175e-01 2.603438e+06 8.417571e+03 -1.609881e+04 -2.657207e+03 3.563553e+04
8.913122e-01 2.603690e+06 1.110413e+04 -2.013725e+04 -7.769740e+03 2.274058e+04
8.931078e-01 2.600978e+06 9.738808e+03 -1.626011e+04 5.994192e+03 1.057977e+04
8.949034e-01 2.601861e+06 9.597731e+03 -2.297480e+04 5.995853e+03 2.602682e+04
8.966974e-01 2.603560e+06 9.652958e+03 -2.552108e+04 2.683649e+03 3.797748e+04
8.984931e-01 2.602045e+06 1.380429e+04 -1.892991e+04 -1.135903e+04 2.619818e+04
9.002874e-01 2.598945e+06 9.970164e+03 -7.296270e+03 -6.988964e+03 1.515799e+04
9.020815e-01 2.598983e+06 1.162946e+04 -7.785715e+03 -8.903670e+03 -9.062021e+03
9.038774e-01 2.596924e+06 9.510661e+03 -8.163965e+02 1.646592e+03 -9.157068e+03
9.056723e-01 2.600648e+06 7.464845e+03 -3.041111e+03 8.840889e+03 -7.334219e+03
9.074684e-01 2.602041e+06 1.096249e+04 -9.201498e+03 7.260878e+03 2.372896e+04
9.092635e-01 2.604560e+06 1.037432e+04 -1.203290e+04 4.099675e+03 2.615311e+04
9.110582e-01 2.599630e+06 1.129939e+04 -1.619909e+04 -2.687424e+03 3.614075e+04
9.128546e-01 2.600977e+06 7.985162e+03 -1.977284e+04 1.207035e+03 2.538768e+04
9.146502e-01 2.603094e+06 9.881606e+03 -2.520745e+04 -3.098470e+03 1.279065e+04
9.164437e-01 2.604943e+06 1.261339e+04 -2.099498e+04 -3.482080e+03 6.713635e+03
9.182390e-01 2.602513e+06 1.167702e+04 -1.516083e+04 4.477676e+02 9.399849e+03
