# k, q0, q1/i, q2, q3/i, q4, norm, alpha = 1.18448e+01, 2.00279e-02
0.000000e+00 7.432017e+13 0.000000e+00 0.000000e+00 0.000000e+00 -1.564661e+13
2.542755e-03 1.614056e+13 1.419877e+13 1.251976e+13 1.707711e+13 -1.051890e+13
4.308321e-03 4.142455e+12 2.631719e+12 1.107373e+13 1.684509e+13 -9.372809e+12
6.127972e-03 1.142042e+12 3.209205e+11 4.053316e+12 4.049420e+12 1.690272e+12
7.953317e-03 3.155112e+11 1.148427e+11 1.015880e+12 8.172675e+11 1.141543e+12
9.814571e-03 7.746077e+10 2.220814e+10 1.497432e+11 1.360973e+11 2.240459e+11
1.156539e-02 2.021936e+10 5.013015e+09 -1.513947e+10 4.831362e+08 2.099428e+10
1.336205e-02 1.392389e+10 3.011349e+09 5.209289e+09 7.213265e+09 3.248517e+10
1.519307e-02 1.420053e+10 2.449081e+09 3.363061e+10 1.255090e+10 7.246361e+10
1.700413e-02 1.064854e+10 1.806550e+09 3.046465e+10 1.260197e+10 6.223999e+10
1.878921e-02 5.731077e+09 6.467795e+08 1.355529e+10 5.304976e+09 3.281542e+10
2.056181e-02 2.518329e+09 2.292072e+08 1.362677e+09 9.529415e+08 1.064340e+10
2.237315e-02 1.322668e+09 1.559647e+08 -1.743949e+09 8.455988e+07 3.253990e+09
2.420702e-02 1.581179e+09 1.372819e+08 8.372134e+08 5.166501e+08 6.874318e+09
2.604330e-02 1.770656e+09 1.631000e+08 3.355268e+09 1.007907e+09 1.014316e+10
2.781707e-02 1.453001e+09 1.086009e+08 3.073169e+09 8.060563e+08 8.845171e+09
2.956466e-02 9.632159e+08 7.808563e+07 1.123138e+09 3.996634e+08 5.154528e+09
3.136513e-02 5.138047e+08 3.955031e+07 -4.466506e+08 1.533026e+07 1.885141e+09
3.317513e-02 3.920699e+08 3.601020e+07 -5.782975e+08 -3.828479e+07 1.246360e+09
3.497165e-02 4.404731e+08 2.684042e+07 2.435518e+08 6.974666e+07 2.156363e+09
3.677184e-02 4.979183e+08 3.106811e+07 7.938652e+08 1.778035e+08 2.907062e+09
3.856197e-02 4.273699e+08 3.052086e+07 6.615087e+08 1.516615e+08 2.498219e+09
4.034231e-02 2.838353e+08 1.705388e+07 1.458534e+08 4.646825e+07 1.443594e+09
4.214741e-02 1.643237e+08 1.044506e+07 -2.152088e+08 -6.398707e+06 5.828627e+08
4.395085e-02 1.473936e+08 9.439877e+06 -1.962481e+08 -5.883433e+06 5.144332e+08
4.574462e-02 1.732553e+08 8.465353e+06 8.018678e+07 2.183864e+07 8.646950e+08
4.755674e-02 1.913791e+08 9.810781e+06 2.562290e+08 4.482047e+07 1.104708e+09
4.935944e-02 1.648437e+08 9.065992e+06 2.066255e+08 4.050248e+07 9.466533e+08
5.113615e-02 1.119512e+08 4.688350e+06 1.040414e+07 8.825965e+06 5.368482e+08
5.293674e-02 7.356816e+07 3.587385e+06 -1.144997e+08 -4.505088e+06 2.488213e+08
5.472727e-02 6.991409e+07 2.849936e+06 -8.561842e+07 -3.483470e+06 2.516410e+08
5.651697e-02 8.359445e+07 3.768174e+06 2.847719e+07 9.234692e+06 4.093951e+08
5.831477e-02 8.961514e+07 3.614388e+06 9.576858e+07 1.654094e+07 5.002641e+08
6.011451e-02 7.732066e+07 2.420602e+06 5.897144e+07 1.298318e+07 4.126336e+08
6.191171e-02 5.511704e+07 1.841791e+06 -2.586947e+07 2.803413e+06 2.346854e+08
6.370712e-02 4.047033e+07 1.714505e+06 -7.061983e+07 -2.443714e+06 1.299199e+08
6.550732e-02 4.163376e+07 1.105550e+06 -4.175931e+07 -1.139361e+05 1.567411e+08
6.729498e-02 5.035844e+07 1.632270e+06 1.701463e+07 4.889782e+06 2.474997e+08
6.908598e-02 5.271574e+07 1.849938e+06 4.744429e+07 8.111332e+06 2.840545e+08
7.088188e-02 4.465267e+07 1.109434e+06 2.380671e+07 4.141024e+06 2.264200e+08
7.268232e-02 3.280602e+07 1.076814e+06 -2.396858e+07 1.238896e+05 1.299865e+08
7.447792e-02 2.493171e+07 9.888091e+05 -4.505651e+07 -2.158943e+06 7.400953e+07
7.627282e-02 2.557229e+07 9.216384e+05 -2.786019e+07 -1.187906e+06 9.100110e+07
7.807562e-02 2.969392e+07 1.115406e+06 4.812034e+06 1.838141e+06 1.375980e+08
7.988558e-02 3.051421e+07 6.613884e+05 1.898775e+07 2.393804e+06 1.529318e+08
8.168049e-02 2.573542e+07 8.547584e+05 4.039354e+06 1.092614e+06 1.177422e+08
8.345709e-02 1.893594e+07 7.134874e+05 -1.855391e+07 -7.454546e+05 6.590044e+07
8.524436e-02 1.559002e+07 4.548522e+05 -2.670985e+07 -1.623338e+06 4.249972e+07
8.704550e-02 1.688394e+07 5.901914e+05 -1.293071e+07 -4.486577e+05 5.902848e+07
8.884478e-02 1.952067e+07 6.375731e+05 7.107822e+06 6.982085e+05 8.838162e+07
9.064103e-02 1.937832e+07 5.389930e+05 1.392379e+07 1.112294e+06 9.352804e+07
9.243897e-02 1.622871e+07 4.201822e+05 3.339246e+06 7.048836e+05 6.966552e+07
9.423607e-02 1.236070e+07 2.612477e+05 -1.184528e+07 -2.250288e+05 3.814409e+07
9.603871e-02 1.079127e+07 2.621662e+05 -1.543312e+07 -6.336791e+05 2.707689e+07
9.782410e-02 1.200120e+07 3.091672e+05 -5.531995e+06 -9.849770e+04 4.086564e+07
9.961474e-02 1.376886e+07 3.096743e+05 6.820186e+06 5.127847e+05 5.948686e+07
1.014127e-01 1.370058e+07 2.907178e+05 9.727312e+06 1.111956e+06 6.192580e+07
1.031985e-01 1.167935e+07 1.582711e+05 1.386850e+06 5.833919e+05 4.486712e+07
1.049957e-01 9.324618e+06 1.564008e+05 -8.237968e+06 -1.946884e+05 2.538815e+07
1.067952e-01 8.495431e+06 1.989281e+05 -9.463839e+06 -3.628460e+05 2.040060e+07
1.085930e-01 9.589862e+06 1.599002e+05 -1.589618e+06 1.527028e+05 3.193663e+07
1.103885e-01 1.091564e+07 2.064792e+05 6.654946e+06 7.280280e+05 4.533389e+07
1.121821e-01 1.072870e+07 1.783912e+05 7.950950e+06 7.230171e+05 4.578678e+07
1.139837e-01 9.110558e+06 6.260249e+04 1.118864e+06 2.976200e+05 3.238695e+07
1.157773e-01 7.422092e+06 7.632752e+04 -6.421796e+06 1.195910e+04 1.755429e+07
1.175730e-01 6.882196e+06 7.420043e+04 -7.946096e+06 -1.710083e+05 1.349918e+07
1.193666e-01 7.565902e+06 1.184344e+05 -3.127920e+06 -5.672604e+03 2.091520e+07
1.211543e-01 8.366990e+06 1.200341e+05 2.590041e+06 2.545763e+05 2.959634e+07
1.229561e-01 8.295764e+06 1.049793e+05 3.212384e+06 4.064051e+05 2.971088e+07
1.247542e-01 7.205916e+06 9.515127e+04 -1.035782e+06 1.470308e+05 2.106576e+07
1.265466e-01 6.166946e+06 9.378076e+03 -5.657489e+06 -6.252795e+04 1.215820e+07
1.283363e-01 5.979813e+06 3.554944e+04 -6.043482e+06 -4.466364e+04 1.045804e+07
1.301269e-01 6.444278e+06 7.102400e+04 -2.515037e+06 -2.323986e+04 1.593300e+07
1.319334e-01 7.007277e+06 6.488476e+04 1.034219e+06 2.871372e+05 2.154492e+07
1.337370e-01 6.932322e+06 -1.431613e+04 7.968571e+05 2.615503e+05 2.066871e+07
1.355323e-01 6.195732e+06 7.841164e+04 -2.516554e+06 1.775567e+05 1.456085e+07
1.373301e-01 5.516743e+06 5.163356e+04 -5.246384e+06 -6.515002e+04 8.973734e+06
1.391197e-01 5.442934e+06 3.819204e+04 -4.669830e+06 -1.215046e+05 9.376656e+06
1.409058e-01 5.961102e+06 6.426218e+04 -1.383868e+06 6.260284e+04 1.435477e+07
1.427003e-01 6.327546e+06 6.123619e+04 1.456493e+06 -3.215340e+04 1.839653e+07
1.444928e-01 6.153368e+06 6.934505e+04 1.254839e+06 1.151009e+05 1.724415e+07
1.462886e-01 5.527543e+06 4.244966e+04 -1.411506e+06 1.145032e+05 1.191321e+07
1.480924e-01 5.004283e+06 1.885617e+04 -3.639182e+06 -2.693100e+04 7.460541e+06
1.498892e-01 4.990868e+06 -4.417776e+03 -3.520802e+06 9.112188e+04 7.602600e+06
1.516798e-01 5.345960e+06 6.429314e+04 -1.256186e+06 -7.248140e+03 1.126940e+07
1.534759e-01 5.590750e+06 5.281762e+04 6.888111e+05 7.310657e+04 1.414450e+07
1.552766e-01 5.435052e+06 1.340646e+04 3.677494e+05 1.322443e+05 1.309885e+07
1.570706e-01 5.030240e+06 4.173964e+04 -1.631994e+06 1.312531e+03 9.117733e+06
1.588578e-01 4.535603e+06 9.459088e+04 -3.180704e+06 -1.532404e+05 5.784710e+06
1.606585e-01 4.379404e+06 4.497125e+04 -2.895884e+06 -1.008593e+05 5.496230e+06
1.624649e-01 4.558840e+06 2.561984e+04 -1.468206e+06 -8.614085e+03 7.597160e+06
1.642557e-01 4.725267e+06 -1.240647e+04 -5.550599e+05 1.078114e+05 9.088829e+06
1.660459e-01 4.677832e+06 -5.325754e+03 -9.767426e+05 1.003910e+05 8.221228e+06
1.678421e-01 4.407346e+06 2.783281e+04 -2.151946e+06 -5.167557e+04 5.899750e+06
1.696353e-01 4.241110e+06 2.009506e+04 -2.663392e+06 -4.776811e+04 4.593681e+06
1.714286e-01 4.336620e+06 3.125695e+04 -1.886933e+06 -7.803112e+04 5.465410e+06
1.732198e-01 4.502903e+06 3.541973e+04 -6.239441e+05 -5.314107e+04 7.396246e+06
1.750152e-01 4.515373e+06 2.833771e+04 -8.156031e+04 1.185501e+05 8.021494e+06
1.768177e-01 4.358739e+06 -6.024715e+03 -9.159107e+05 4.247685e+04 6.421954e+06
1.786121e-01 4.099327e+06 2.192180e+04 -2.022505e+06 -6.252932e+04 4.155284e+06
1.804030e-01 3.964385e+06 4.093536e+04 -2.198414e+06 -9.488901e+04 3.456331e+06
1.822028e-01 4.104283e+06 2.648144e+04 -1.159440e+06 2.324325e+03 5.002892e+06
1.839998e-01 4.332028e+06 1.465535e+04 1.463794e+05 6.328219e+04 7.188682e+06
1.857937e-01 4.389782e+06 -5.119855e+03 4.553508e+05 8.604241e+04 7.779013e+06
1.875926e-01 4.168007e+06 4.188065e+04 -4.323442e+05 2.615658e+03 6.031503e+06
1.893867e-01 3.852604e+06 7.610646e+03 -1.555817e+06 -6.017684e+03 3.710498e+06
1.911794e-01 3.817119e+06 1.620286e+04 -1.862712e+06 -6.928402e+04 2.992722e+06
1.929763e-01 3.959710e+06 6.519447e+03 -9.062414e+05 -2.210592e+04 4.492734e+06
1.947689e-01 4.179136e+06 2.497754e+04 3.791126e+05 2.885454e+04 6.496933e+06
1.965614e-01 4.217611e+06 2.703670e+04 8.274238e+05 1.536198e+04 7.109202e+06
1.983545e-01 4.018967e+06 7.793496e+03 6.416588e+04 6.665288e+04 5.605541e+06
2.001492e-01 3.787260e+06 -1.775903e+03 -1.085121e+06 -1.819495e+03 3.505281e+06
2.019476e-01 3.687751e+06 3.104999e+04 -1.373910e+06 -5.198066e+04 2.769894e+06
2.037448e-01 3.794042e+06 4.455894e+04 -5.119202e+05 -4.953097e+04 4.073690e+06
2.055436e-01 3.952631e+06 -1.627897e+04 5.852126e+05 7.174198e+04 5.812590e+06
2.073409e-01 4.023048e+06 1.832466e+04 9.023244e+05 6.342138e+04 6.476466e+06
2.091331e-01 3.883651e+06 1.334610e+04 2.216644e+05 3.513936e+04 5.085546e+06
2.109295e-01 3.637470e+06 1.892161e+04 -8.135296e+05 -5.734077e+04 3.043651e+06
2.127243e-01 3.538586e+06 6.453386e+03 -1.174478e+06 -4.061710e+04 2.169373e+06
2.145132e-01 3.635034e+06 -6.304375e+03 -6.583020e+05 3.850248e+04 3.043602e+06
2.163084e-01 3.816033e+06 2.036231e+04 2.220871e+05 1.746505e+04 4.594211e+06
2.181043e-01 3.849179e+06 2.373778e+04 6.748878e+05 -6.967756e+03 5.209372e+06
2.198991e-01 3.745121e+06 4.369598e+03 1.881999e+05 4.276943e+04 4.191482e+06
2.216975e-01 3.519305e+06 1.908639e+04 -6.830859e+05 -3.689568e+04 2.512261e+06
2.234966e-01 3.408058e+06 1.983032e+04 -1.023453e+06 -4.178588e+04 1.712255e+06
2.252970e-01 3.474856e+06 -5.410267e+03 -6.473248e+05 3.739114e+04 2.368146e+06
2.270852e-01 3.638249e+06 4.494017e+03 1.119785e+05 2.169620e+04 3.713762e+06
2.288723e-01 3.704452e+06 1.523057e+04 4.950158e+05 -9.998356e+03 4.316636e+06
2.306695e-01 3.624371e+06 1.043634e+04 1.986713e+05 2.066315e+04 3.653414e+06
2.324665e-01 3.480692e+06 1.959199e+03 -4.666384e+05 -7.131182e+03 2.300973e+06
2.342627e-01 3.398058e+06 -9.452663e+03 -9.460330e+05 2.011287e+04 1.475788e+06
2.360563e-01 3.436518e+06 7.853669e+02 -8.052096e+05 3.199001e+03 1.713481e+06
2.378553e-01 3.501642e+06 2.684950e+04 -2.996261e+05 -1.072292e+04 2.513903e+06
2.396569e-01 3.530898e+06 2.124479e+04 3.640204e+04 -1.834277e+03 3.030959e+06
2.414498e-01 3.474593e+06 -1.804056e+04 -1.603284e+05 5.633302e+04 2.694929e+06
2.432397e-01 3.388597e+06 3.372718e+04 -5.729530e+05 -3.405032e+04 1.899111e+06
2.450345e-01 3.303080e+06 5.554310e+03 -7.894391e+05 -3.507290e+04 1.371511e+06
2.468308e-01 3.320667e+06 4.172264e+03 -6.781105e+05 -5.127563e+03 1.420927e+06
2.486244e-01 3.365018e+06 1.112499e+04 -3.911588e+05 -1.112557e+04 1.877463e+06
2.504185e-01 3.376618e+06 -2.242172e+03 -2.994489e+05 3.080225e+04 2.050058e+06
2.522154e-01 3.364321e+06 -2.508076e+03 -4.809272e+05 2.879562e+04 1.766629e+06
2.540114e-01 3.287856e+06 2.130649e+04 -7.143884e+05 -4.998013e+04 1.283027e+06
2.558058e-01 3.243887e+06 1.268359e+04 -7.329825e+05 -1.416837e+04 1.082437e+06
2.576012e-01 3.257936e+06 2.147087e+04 -5.120332e+05 -5.265966e+04 1.316314e+06
2.593962e-01 3.297745e+06 -1.146783e+04 -2.815317e+05 1.730146e+04 1.640674e+06
2.611937e-01 3.311833e+06 6.753530e+03 -2.556952e+05 -6.016562e+03 1.642612e+06
2.629942e-01 3.279834e+06 -3.714706e+03 -4.225088e+05 7.378723e+03 1.331190e+06
2.647885e-01 3.249303e+06 2.334779e+03 -6.163953e+05 1.568854e+04 9.732830e+05
2.665811e-01 3.248400e+06 1.591318e+04 -5.947962e+05 -2.848614e+04 9.816412e+05
2.683801e-01 3.268264e+06 5.440256e+02 -4.106391e+05 -1.211344e+04 1.207170e+06
2.701729e-01 3.288656e+06 2.031322e+04 -2.542282e+05 1.192526e+04 1.479566e+06
2.719632e-01 3.262099e+06 -8.890221e+03 -2.947497e+05 -1.740580e+03 1.361282e+06
2.737587e-01 3.229952e+06 1.012037e+04 -4.912162e+05 1.619034e+04 1.051208e+06
2.755578e-01 3.189270e+06 2.350086e+04 -5.680389e+05 -4.082842e+04 8.349088e+05
2.773550e-01 3.200132e+06 -9.556985e+03 -4.075581e+05 1.670554e+04 1.029849e+06
2.791459e-01 3.272877e+06 6.309349e+02 -1.739560e+05 4.646936e+03 1.492586e+06
2.809385e-01 3.302194e+06 2.196318e+03 -2.522690e+04 4.749148e+03 1.704974e+06
2.827312e-01 3.264138e+06 2.859367e+04 -6.955888e+04 -2.826646e+04 1.565070e+06
2.845296e-01 3.187112e+06 2.285295e+03 -3.198200e+05 1.057968e+04 1.067642e+06
2.863269e-01 3.167810e+06 -1.145278e+04 -5.072840e+05 3.418278e+04 7.698184e+05
2.881173e-01 3.183032e+06 2.126787e+04 -4.148293e+05 -3.155429e+04 8.955286e+05
2.899148e-01 3.219960e+06 -1.364749e+03 -1.154598e+05 -2.390977e+03 1.408418e+06
2.917136e-01 3.301877e+06 -1.187557e+04 6.483380e+04 4.533398e+04 1.720694e+06
2.935083e-01 3.276483e+06 2.282645e+04 2.566843e+04 -3.675237e+04 1.636170e+06
2.953064e-01 3.208774e+06 6.338276e+03 -1.766269e+05 -9.084700e+03 1.163340e+06
2.971025e-01 3.174338e+06 -1.051381e+04 -3.963872e+05 2.561443e+04 7.500762e+05
2.988941e-01 3.173842e+06 2.272526e+04 -4.124701e+05 -1.278024e+04 7.743496e+05
3.006873e-01 3.169689e+06 1.596186e+04 -2.000643e+05 -1.609498e+04 1.086985e+06
3.024817e-01 3.186391e+06 8.457824e+03 -2.227860e+04 -1.061511e+03 1.315990e+06
3.042771e-01 3.182202e+06 -4.335682e+03 -3.630232e+04 9.930211e+03 1.277888e+06
3.060756e-01 3.154464e+06 1.235046e+04 -1.867889e+05 -1.511357e+03 9.477443e+05
3.078722e-01 3.130857e+06 -5.858778e+03 -3.408491e+05 1.835569e+04 7.371814e+05
3.096648e-01 3.136075e+06 1.016584e+03 -3.367090e+05 1.278417e+04 7.517684e+05
3.114599e-01 3.165321e+06 1.974400e+04 -1.662355e+05 -4.636824e+04 9.944729e+05
3.132555e-01 3.170480e+06 8.097572e+03 -1.595816e+04 -2.361785e+04 1.117008e+06
3.150527e-01 3.145248e+06 3.843552e+03 -3.416323e+04 1.011183e+04 1.029568e+06
3.168493e-01 3.138047e+06 -1.012518e+04 -2.122303e+05 4.032070e+04 7.868109e+05
3.186391e-01 3.120484e+06 1.694556e+04 -3.445897e+05 -5.769804e+03 6.183596e+05
3.204305e-01 3.110402e+06 1.173180e+01 -3.037543e+05 -6.407800e+01 6.535047e+05
3.222280e-01 3.129212e+06 4.202790e+03 -1.841126e+05 -3.983983e+03 8.568374e+05
3.240267e-01 3.146193e+06 1.089820e+04 -7.420218e+04 -2.917455e+04 9.520736e+05
3.258197e-01 3.120798e+06 1.427196e+04 -7.296742e+04 -2.771364e+04 8.402838e+05
3.276150e-01 3.090526e+06 2.696026e+03 -1.712396e+05 -7.992758e+03 5.766744e+05
3.294148e-01 3.061574e+06 1.574753e+04 -2.293876e+05 -1.822919e+04 3.843554e+05
3.312085e-01 3.069002e+06 -9.310071e+02 -1.997267e+05 1.995118e+04 4.461629e+05
3.330031e-01 3.092979e+06 -3.369186e+03 -1.383105e+05 2.986002e+04 6.311454e+05
3.347987e-01 3.104508e+06 7.340981e+03 -9.547090e+04 -1.353479e+04 7.433473e+05
3.365969e-01 3.098664e+06 2.569409e+03 -1.308674e+05 3.429658e+03 6.584219e+05
3.383923e-01 3.089025e+06 2.484455e+03 -2.296614e+05 -8.754053e+03 4.561222e+05
3.401828e-01 3.063170e+06 1.710322e+04 -2.718350e+05 2.320666e+03 3.769991e+05
3.419763e-01 3.066106e+06 -2.979452e+03 -2.203241e+05 1.511321e+04 4.879071e+05
3.437730e-01 3.088086e+06 1.152228e+03 -1.434242e+05 7.029927e+03 6.724680e+05
3.455681e-01 3.101820e+06 6.378932e+03 -8.138941e+04 -1.441285e+04 7.544061e+05
3.473617e-01 3.089445e+06 6.166572e+03 -9.457744e+04 -1.355013e+04 6.487743e+05
3.491590e-01 3.080078e+06 2.271437e+03 -1.809488e+05 -4.002498e+03 4.558100e+05
3.509566e-01 3.064937e+06 5.648518e+03 -2.143063e+05 1.186807e+03 4.094516e+05
3.527534e-01 3.078721e+06 8.795508e+03 -1.574506e+05 4.529121e+03 5.030808e+05
3.545449e-01 3.087888e+06 -3.273174e+03 -8.820355e+04 1.836401e+04 6.561773e+05
3.563372e-01 3.095104e+06 1.207390e+04 -7.652798e+04 4.380546e+03 7.260863e+05
3.581341e-01 3.097374e+06 -1.116718e+04 -1.389556e+05 1.291721e+04 6.293072e+05
3.599303e-01 3.086674e+06 8.037294e+03 -2.276315e+05 -8.882564e+03 4.428715e+05
3.617254e-01 3.070803e+06 1.280090e+04 -2.535966e+05 -1.180715e+04 3.675815e+05
3.635200e-01 3.069705e+06 -4.265546e+03 -2.121293e+05 1.550749e+04 4.342065e+05
3.653165e-01 3.096190e+06 1.179710e+04 -1.523986e+05 -1.931141e+03 5.570201e+05
3.671116e-01 3.073237e+06 1.915311e+04 -1.077516e+05 -2.272257e+04 5.919538e+05
3.689088e-01 3.030668e+06 1.023414e+04 -1.254143e+05 -2.298584e+03 5.141465e+05
3.707076e-01 3.030073e+06 -8.616323e+03 -2.064622e+05 1.951494e+04 3.871032e+05
3.725001e-01 3.057753e+06 -3.623254e+03 -2.547531e+05 1.225385e+04 3.623148e+05
3.742913e-01 3.064032e+06 6.179921e+03 -2.141096e+05 -1.272725e+04 4.500391e+05
3.760877e-01 3.074036e+06 8.872783e+03 -1.323204e+05 -5.295306e+03 5.291432e+05
3.778836e-01 3.066233e+06 1.125871e+04 -1.277079e+05 2.785776e+03 5.459939e+05
3.796766e-01 3.032746e+06 1.892554e+04 -1.439816e+05 -3.654159e+04 4.107271e+05
3.814707e-01 3.011682e+06 -9.884729e+01 -1.957363e+05 -4.060321e+03 2.927889e+05
3.832699e-01 3.026343e+06 -6.593592e+03 -2.026667e+05 1.963675e+04 2.788064e+05
3.850666e-01 3.046694e+06 5.667030e+03 -1.691612e+05 1.231924e+04 3.831694e+05
3.868579e-01 3.049878e+06 1.154091e+04 -1.029978e+05 -4.252936e+03 5.262254e+05
3.886538e-01 3.043334e+06 7.740851e+03 -8.170865e+04 -1.159833e+04 5.176064e+05
3.904491e-01 3.029784e+06 5.724020e+03 -1.208197e+05 -5.597592e+03 4.255588e+05
3.922449e-01 3.004632e+06 6.600057e+03 -1.624870e+05 -5.914556e+03 3.012579e+05
3.940400e-01 3.008376e+06 6.318519e+03 -1.715953e+05 1.844266e+04 2.974219e+05
3.958317e-01 3.021773e+06 4.777295e+03 -1.216736e+05 -7.998993e+03 4.168333e+05
3.976289e-01 3.035134e+06 -8.948824e+02 -6.117996e+04 -1.655686e+04 4.642258e+05
3.994255e-01 3.026418e+06 9.547266e+03 -5.900275e+04 -2.309986e+03 4.735703e+05
4.012204e-01 3.021599e+06 5.395008e+03 -1.107276e+05 1.752610e+04 3.629584e+05
4.030168e-01 3.009629e+06 4.254092e+03 -1.728309e+05 -6.135347e+03 2.688235e+05
4.048122e-01 3.008769e+06 8.437911e+03 -1.385750e+05 -2.700838e+04 2.759370e+05
4.066062e-01 3.023842e+06 5.579916e+02 -5.977903e+04 6.566221e+03 3.805303e+05
4.084001e-01 3.052644e+06 -2.758098e+03 -7.093846e+03 1.090518e+04 4.735749e+05
4.101968e-01 3.051544e+06 9.292101e+03 -2.995024e+04 3.525546e+03 4.652695e+05
4.119946e-01 3.037041e+06 4.944830e+03 -9.930398e+04 1.202317e+04 3.518899e+05
4.137897e-01 3.009548e+06 1.173497e+04 -1.624688e+05 -1.177225e+04 2.413024e+05
4.155829e-01 3.007978e+06 -3.993381e+03 -1.865240e+05 1.982915e+04 2.392133e+05
4.173778e-01 3.036414e+06 -4.589947e+03 -1.677888e+05 1.739003e+04 3.371449e+05
4.191752e-01 3.062558e+06 3.920683e+03 -1.098151e+05 -2.081544e+04 4.064111e+05
4.209702e-01 3.045206e+06 2.119512e+04 -8.466775e+04 -3.336518e+04 3.803681e+05
4.227638e-01 3.013485e+06 7.721422e+03 -8.169150e+04 2.342471e+03 3.061789e+05
4.245604e-01 3.013871e+06 4.111889e+03 -1.497773e+05 7.200045e+03 1.961975e+05
4.263543e-01 3.000654e+06 8.634641e+03 -1.526073e+05 -4.374457e+02 2.188601e+05
4.281451e-01 3.002637e+06 6.352461e+03 -1.049592e+05 -8.789880e+02 2.967902e+05
4.299400e-01 3.009746e+06 6.699036e+03 -5.384811e+04 -4.187619e+03 3.623195e+05
4.317365e-01 3.024682e+06 -2.706687e+03 -5.205764e+04 5.806525e+03 3.594083e+05
4.335323e-01 3.017280e+06 8.327069e+03 -9.129261e+04 -6.098401e+02 3.168795e+05
4.353294e-01 3.012511e+06 6.880711e+03 -1.124865e+05 3.450556e+03 2.489939e+05
4.371263e-01 3.008628e+06 3.832087e+02 -1.235699e+05 -1.044498e+04 2.494270e+05
4.389235e-01 3.028817e+06 5.891050e+03 -9.051952e+04 1.234130e+04 2.909377e+05
4.407180e-01 3.036955e+06 6.964615e+02 -7.710766e+04 -1.817378e+03 3.391969e+05
4.425103e-01 3.028903e+06 9.631896e+03 -8.399935e+04 -1.296083e+03 3.376391e+05
4.443072e-01 3.022178e+06 6.516573e+03 -1.113737e+05 3.800585e+03 2.642460e+05
4.461036e-01 3.014800e+06 8.385944e+03 -1.324171e+05 -2.678170e+03 2.362924e+05
4.478956e-01 3.007869e+06 6.732841e+03 -1.307808e+05 1.033049e+04 2.498234e+05
4.496902e-01 3.003892e+06 9.503580e+03 -9.567710e+04 -6.612264e+03 3.189557e+05
4.514874e-01 3.016032e+06 -2.965330e+03 -7.179280e+04 7.709195e+03 3.500351e+05
4.532823e-01 3.026754e+06 1.774885e+03 -9.127561e+04 -1.685206e+04 3.347122e+05
4.550750e-01 3.024489e+06 5.767387e+03 -1.019245e+05 -9.094136e+03 2.405008e+05
4.568708e-01 3.029560e+06 4.428080e+02 -1.342619e+05 1.179827e+04 1.907563e+05
4.586693e-01 3.025880e+06 1.047450e+04 -1.353016e+05 -1.669277e+02 2.088646e+05
4.604629e-01 3.024527e+06 1.142213e+04 -1.000932e+05 2.623104e+03 2.563152e+05
4.622570e-01 3.007817e+06 1.157068e+04 -7.174215e+04 -3.600030e+03 3.001815e+05
4.640543e-01 3.001412e+06 1.152285e+03 -8.968734e+04 4.939783e+03 2.932874e+05
4.658487e-01 3.020184e+06 5.995287e+02 -1.331843e+05 8.028985e+03 2.434513e+05
4.676433e-01 3.011682e+06 4.625973e+03 -1.540329e+05 -2.188139e+03 2.240512e+05
4.694380e-01 3.018114e+06 4.314824e+03 -1.448158e+05 -4.376623e+03 2.092607e+05
4.712319e-01 3.021471e+06 9.909157e+03 -1.024641e+05 -6.390153e+03 2.806026e+05
4.730274e-01 3.026802e+06 4.100003e+03 -8.353175e+04 1.336308e+04 2.989086e+05
4.748233e-01 3.020327e+06 6.488033e+03 -1.051608e+05 -6.444171e+03 2.777297e+05
4.766206e-01 3.014210e+06 7.964558e+03 -1.197538e+05 -4.437659e+03 2.302064e+05
4.784155e-01 3.011926e+06 4.249332e+03 -1.410277e+05 -8.561863e+03 1.809174e+05
4.802074e-01 3.007312e+06 1.035105e+04 -1.321395e+05 1.345101e+03 1.946998e+05
4.820041e-01 3.015081e+06 -2.633872e+03 -1.203833e+05 2.431481e+04 2.470997e+05
4.838035e-01 3.026818e+06 7.573057e+03 -1.352839e+05 7.685046e+03 2.860918e+05
4.855966e-01 3.013073e+06 1.037394e+04 -1.353108e+05 -4.298171e+03 2.949705e+05
4.873905e-01 3.008642e+06 1.346560e+03 -1.583008e+05 5.940323e+03 2.682161e+05
4.891890e-01 3.016420e+06 3.924643e+03 -1.730587e+05 1.052290e+03 2.239939e+05
4.909845e-01 3.015939e+06 7.180583e+03 -1.703699e+05 -1.027885e+04 2.434998e+05
4.927778e-01 3.029939e+06 2.258976e+03 -1.527445e+05 -1.052057e+03 2.599390e+05
4.945710e-01 3.034100e+06 4.588583e+03 -1.344470e+05 8.907944e+02 2.749632e+05
4.963686e-01 3.021761e+06 1.486259e+04 -1.287803e+05 -7.236933e+03 2.678118e+05
4.981631e-01 3.014974e+06 5.553685e+03 -1.421507e+05 5.169384e+03 2.536062e+05
4.999565e-01 3.008692e+06 6.780893e+03 -1.476972e+05 1.372293e+03 2.415560e+05
5.017530e-01 3.010479e+06 3.774391e+03 -1.353059e+05 -6.681042e+03 2.614727e+05
5.035473e-01 3.015440e+06 7.263664e+03 -1.182237e+05 3.252134e+03 2.766392e+05
5.053425e-01 3.026570e+06 -2.124713e+03 -1.349901e+05 1.144555e+04 2.856521e+05
5.071378e-01 3.017570e+06 1.337001e+04 -1.529254e+05 -3.615375e+03 2.575638e+05
5.089338e-01 3.006804e+06 1.868136e+03 -1.744460e+05 1.563688e+04 2.551912e+05
5.107304e-01 3.020379e+06 4.684577e+03 -1.956830e+05 7.383280e+03 2.297821e+05
5.125264e-01 3.017112e+06 9.196192e+03 -1.765385e+05 -1.879906e+04 2.630209e+05
5.143202e-01 3.015413e+06 6.277402e+03 -1.388019e+05 -6.022564e+03 2.897193e+05
5.161135e-01 3.026905e+06 4.701930e+03 -1.475882e+05 1.106502e+04 2.866357e+05
5.179077e-01 3.022228e+06 3.246475e+03 -1.706074e+05 1.130246e+04 2.756223e+05
5.197029e-01 3.016676e+06 7.256032e+03 -2.073647e+05 4.945691e+02 2.603408e+05
5.214989e-01 3.018678e+06 4.921316e+03 -2.138467e+05 1.259343e+04 2.571020e+05
5.232939e-01 3.020205e+06 1.270481e+04 -2.095778e+05 -9.950271e+03 2.715457e+05
5.250894e-01 3.017784e+06 -1.596473e+03 -1.814737e+05 -3.451315e+03 3.059594e+05
5.268875e-01 3.027196e+06 7.466386e+03 -1.835756e+05 1.674145e+03 2.914453e+05
5.286829e-01 3.017046e+06 1.688185e+04 -1.771498e+05 -9.155121e+03 2.865303e+05
5.304764e-01 3.016295e+06 -4.191838e+03 -1.875865e+05 1.254827e+04 2.602177e+05
5.322718e-01 3.018895e+06 5.973062e+03 -1.925374e+05 -1.532932e+04 2.554645e+05
5.340665e-01 3.021808e+06 1.194667e+04 -1.674897e+05 -5.606278e+03 2.811123e+05
5.358628e-01 3.026322e+06 7.721197e+03 -1.338993e+05 -2.546028e+03 2.934659e+05
5.376582e-01 3.019796e+06 3.086893e+03 -1.366463e+05 9.366951e+02 3.101082e+05
5.394517e-01 3.020195e+06 7.140271e+03 -1.699432e+05 1.702974e+04 2.750249e+05
5.412446e-01 3.016766e+06 7.402622e+03 -1.921126e+05 -8.202818e+02 2.723549e+05
5.430425e-01 3.006212e+06 7.111473e+03 -1.921693e+05 -6.139623e+03 2.625778e+05
5.448396e-01 3.007162e+06 1.204177e+04 -1.707578e+05 -5.419113e+03 2.649354e+05
5.466312e-01 3.012646e+06 3.965351e+03 -1.436439e+05 -5.141276e+03 2.941139e+05
5.484273e-01 3.009144e+06 9.920788e+03 -1.351456e+05 -9.220979e+03 2.865399e+05
5.502231e-01 3.016524e+06 -1.610273e+03 -1.481398e+05 1.816458e+04 2.845638e+05
5.520189e-01 3.029532e+06 4.999491e+03 -1.652379e+05 -2.297659e+03 2.616671e+05
5.538138e-01 3.021752e+06 9.792829e+03 -1.733209e+05 -1.911003e+03 2.735277e+05
5.556067e-01 3.031391e+06 -1.426973e+03 -1.767766e+05 1.782396e+04 2.929310e+05
5.574029e-01 3.035030e+06 1.269897e+04 -1.718243e+05 -7.981428e+03 2.942186e+05
5.591994e-01 3.020453e+06 1.525547e+04 -1.449343e+05 -2.789947e+04 2.870662e+05
5.609943e-01 3.010954e+06 6.503781e+03 -1.410576e+05 -8.816165e+02 2.330869e+05
5.627890e-01 3.003948e+06 1.127335e+04 -1.376754e+05 -1.416099e+04 2.127733e+05
5.645865e-01 2.995102e+06 6.481856e+03 -1.396761e+05 1.360180e+04 2.374252e+05
5.663833e-01 3.014478e+06 -1.039902e+03 -1.509267e+05 2.041279e+04 2.442643e+05
5.681768e-01 3.017090e+06 7.870997e+03 -1.520469e+05 -1.225328e+04 2.696032e+05
5.699714e-01 3.010448e+06 6.702296e+03 -1.387012e+05 -2.774210e+03 2.688109e+05
5.717666e-01 3.014295e+06 1.064330e+04 -1.439012e+05 4.650409e+03 2.566070e+05
5.735604e-01 3.008212e+06 8.791492e+03 -1.290292e+05 -1.546425e+04 2.642320e+05
5.753547e-01 3.011534e+06 1.223559e+03 -1.227314e+05 7.442170e+03 2.612225e+05
5.771493e-01 3.031379e+06 -1.048542e+03 -1.384879e+05 9.762059e+03 2.642768e+05
5.789465e-01 3.038241e+06 5.893902e+03 -1.511628e+05 -1.560395e+03 2.458278e+05
5.807435e-01 3.026771e+06 1.236774e+04 -1.584877e+05 -1.512075e+04 2.142956e+05
5.825362e-01 3.024675e+06 8.293715e+03 -1.613701e+05 3.688827e+03 1.782753e+05
5.843306e-01 3.022448e+06 4.483202e+03 -1.855748e+05 1.567575e+04 1.957415e+05
5.861281e-01 3.021480e+06 9.459068e+03 -1.728886e+05 -8.558044e+02 2.302635e+05
5.879240e-01 3.017016e+06 8.930638e+03 -1.621152e+05 -1.705504e+03 2.720338e+05
5.897195e-01 3.016428e+06 1.269415e+04 -1.387969e+05 -3.744391e+03 2.855860e+05
5.915160e-01 3.011459e+06 6.522676e+03 -1.360681e+05 -3.485635e+03 2.640721e+05
5.933128e-01 3.007716e+06 1.008514e+04 -1.332149e+05 -1.671254e+04 2.242900e+05
5.951052e-01 3.002456e+06 3.414717e+03 -1.389553e+05 6.077730e+03 2.226501e+05
5.968969e-01 3.016882e+06 7.007240e+03 -1.360282e+05 3.648664e+03 2.273705e+05
5.986941e-01 3.013384e+06 7.076171e+03 -1.249949e+05 -7.082346e+03 2.420825e+05
6.004886e-01 3.019246e+06 5.161423e+03 -1.299576e+05 1.024908e+04 2.569472e+05
6.022826e-01 3.016440e+06 9.512580e+03 -1.389788e+05 -5.512433e+03 2.368168e+05
6.040778e-01 3.010768e+06 5.092919e+03 -1.505041e+05 -1.019049e+03 2.149505e+05
6.058727e-01 3.010514e+06 1.067771e+04 -1.481184e+05 -5.705484e+03 2.031082e+05
6.076682e-01 3.007701e+06 1.236369e+04 -1.266426e+05 -9.347870e+03 2.236783e+05
6.094636e-01 3.003116e+06 1.153025e+04 -1.021601e+05 -4.897989e+03 2.293305e+05
6.112608e-01 2.994656e+06 2.287427e+03 -8.942448e+04 1.079654e+04 2.596878e+05
6.130571e-01 3.011722e+06 4.477698e+03 -1.162133e+05 9.636353e+03 2.485586e+05
6.148510e-01 3.003556e+06 1.326432e+04 -1.323125e+05 -1.805435e+04 2.164392e+05
6.166467e-01 2.998502e+06 5.439119e+03 -1.269225e+05 -6.650479e+02 1.966832e+05
6.184426e-01 2.995300e+06 1.276252e+04 -1.202721e+05 -1.239567e+03 1.830939e+05
6.202383e-01 2.991220e+06 9.976867e+03 -1.000319e+05 -5.897302e+03 2.074415e+05
6.220331e-01 2.989766e+06 7.536804e+03 -9.319934e+04 -1.082017e+03 2.110903e+05
6.238256e-01 2.992120e+06 3.551883e+03 -1.023650e+05 1.429373e+04 2.122893e+05
6.256207e-01 3.000415e+06 -4.651084e+01 -1.355928e+05 1.265663e+04 2.122548e+05
6.274180e-01 2.996683e+06 1.462239e+04 -1.423828e+05 -7.742409e+03 2.152344e+05
6.292132e-01 2.994776e+06 9.011547e+03 -1.282190e+05 -3.691727e+03 2.201339e+05
6.310070e-01 2.996181e+06 8.903074e+03 -1.031774e+05 -1.048821e+04 2.161016e+05
6.328016e-01 2.986161e+06 1.132799e+04 -9.487951e+04 -1.125009e+04 2.226263e+05
6.345988e-01 2.986922e+06 1.056877e+04 -9.026542e+04 7.293420e+03 1.921964e+05
6.363935e-01 2.986506e+06 -2.375050e+03 -1.148832e+05 4.851915e+03 1.935122e+05
6.381885e-01 2.997833e+06 9.537682e+03 -1.229515e+05 -4.934425e+03 1.709014e+05
6.399844e-01 2.997617e+06 2.416610e+03 -1.144682e+05 5.868699e+02 1.745208e+05
6.417790e-01 3.009846e+06 7.989486e+03 -1.139262e+05 -5.619768e+03 1.572321e+05
6.435737e-01 3.003421e+06 1.321753e+04 -1.010675e+05 -5.671758e+03 1.649607e+05
6.453671e-01 2.993998e+06 1.122294e+04 -1.099898e+05 -3.667385e+03 1.418845e+05
6.471630e-01 2.985576e+06 6.973378e+03 -1.204591e+05 1.285137e+04 1.457492e+05
6.489575e-01 2.993242e+06 3.016990e+03 -1.317164e+05 1.268817e+04 1.555054e+05
6.507531e-01 2.995710e+06 1.432576e+04 -1.157863e+05 -1.724594e+04 1.789806e+05
6.525500e-01 2.993525e+06 7.410535e+03 -8.854959e+04 -1.029536e+04 1.971759e+05
6.543447e-01 2.995010e+06 4.789230e+03 -7.888436e+04 7.197721e+03 1.939945e+05
6.561416e-01 3.002913e+06 9.134831e+03 -9.834211e+04 2.804675e+03 1.744244e+05
6.579361e-01 2.994554e+06 9.921000e+03 -1.036127e+05 -1.349962e+04 1.516187e+05
6.597296e-01 2.986283e+06 1.311214e+04 -9.440465e+04 -9.613588e+03 1.324712e+05
6.615260e-01 2.979798e+06 9.215244e+03 -7.782662e+04 -7.990351e+03 1.234897e+05
6.633228e-01 2.986480e+06 2.925898e+03 -7.860575e+04 1.229168e+04 1.454350e+05
6.651187e-01 2.990892e+06 1.213024e+04 -8.259517e+04 6.439696e+03 1.570560e+05
6.669114e-01 2.984080e+06 7.281255e+03 -8.472360e+04 -8.359348e+02 1.623893e+05
6.687054e-01 2.987822e+06 6.537890e+03 -8.986622e+04 -3.693175e+03 1.602608e+05
6.705023e-01 2.993588e+06 4.493116e+03 -1.006184e+05 8.116230e+03 1.428685e+05
6.722992e-01 2.993877e+06 1.263003e+04 -9.053162e+04 -1.461413e+04 1.568991e+05
6.740944e-01 2.990606e+06 7.196857e+03 -8.723866e+04 1.501442e+03 1.525886e+05
6.758872e-01 2.990269e+06 1.219896e+04 -7.502771e+04 -7.645427e+03 1.410116e+05
6.776825e-01 2.983290e+06 8.780355e+03 -8.386000e+04 -5.872750e+03 1.268227e+05
6.794791e-01 2.979359e+06 8.493580e+03 -8.445320e+04 3.828540e+03 1.061807e+05
6.812733e-01 2.984177e+06 7.163100e+03 -9.066130e+04 6.955347e+02 9.383602e+04
6.830683e-01 2.978314e+06 9.093028e+03 -9.137426e+04 7.900797e+02 1.131893e+05
6.848621e-01 2.986497e+06 8.844349e+03 -7.924075e+04 1.225040e+03 1.237904e+05
6.866570e-01 2.979589e+06 1.218713e+04 -7.308183e+04 -1.173475e+04 1.241369e+05
6.884537e-01 2.977952e+06 5.104807e+03 -7.059198e+04 8.970760e+03 1.255530e+05
6.902501e-01 2.977926e+06 1.393479e+04 -7.607868e+04 -8.717727e+03 1.186409e+05
6.920470e-01 2.977021e+06 4.208127e+03 -6.818409e+04 2.046849e+03 1.191383e+05
6.938409e-01 2.983404e+06 5.613895e+03 -5.968485e+04 -3.654323e+03 1.179508e+05
6.956343e-01 2.985938e+06 1.363573e+04 -5.335690e+04 -1.002888e+04 1.197494e+05
6.974295e-01 2.978115e+06 1.128182e+04 -4.477554e+04 2.993104e+03 1.182239e+05
6.992264e-01 2.974182e+06 8.857177e+03 -5.316375e+04 1.025216e+04 1.204420e+05
7.010216e-01 2.967902e+06 9.471253e+03 -6.437012e+04 3.192035e+03 1.132875e+05
7.028157e-01 2.970102e+06 3.217139e+03 -7.396241e+04 2.965646e+03 1.263164e+05
7.046118e-01 2.977945e+06 1.095360e+04 -7.438093e+04 -6.784487e+03 1.311347e+05
7.064070e-01 2.975390e+06 9.918971e+03 -6.368830e+04 -1.827343e+03 1.285249e+05
7.082001e-01 2.972394e+06 1.247778e+04 -6.005711e+04 -3.379762e+03 1.220390e+05
7.099950e-01 2.965819e+06 7.797469e+03 -5.183134e+04 -9.935967e+03 1.028567e+05
7.117916e-01 2.967067e+06 7.752442e+03 -6.084105e+04 4.850869e+02 8.769710e+04
7.135857e-01 2.967348e+06 1.242557e+04 -4.486845e+04 -5.222818e+03 8.432429e+04
7.153810e-01 2.955012e+06 1.442285e+04 -3.083061e+04 -7.784956e+03 1.044515e+05
7.171769e-01 2.960791e+06 7.335236e+02 -2.698437e+04 1.330949e+04 1.092902e+05
7.189721e-01 2.962982e+06 1.225661e+04 -3.597998e+04 -6.999886e+03 1.101163e+05
7.207688e-01 2.961409e+06 8.574018e+03 -3.825405e+04 3.896421e+03 9.326903e+04
7.225642e-01 2.964654e+06 5.694705e+03 -5.647164e+04 4.261984e+03 8.358220e+04
7.243583e-01 2.968891e+06 1.027891e+04 -6.167966e+04 -4.070204e+03 8.648376e+04
7.261538e-01 2.965345e+06 8.483693e+03 -5.713310e+04 -1.433422e+03 7.911752e+04
7.279497e-01 2.963484e+06 1.474789e+04 -4.491928e+04 -1.736416e+03 8.493328e+04
7.297435e-01 2.960188e+06 5.003337e+03 -4.684681e+04 -2.799782e+03 7.744315e+04
7.315366e-01 2.959400e+06 9.797827e+03 -5.040164e+04 -8.608314e+03 6.207823e+04
7.333339e-01 2.957202e+06 1.326462e+04 -4.895344e+04 -2.044830e+03 5.127408e+04
7.351305e-01 2.964134e+06 4.666865e+03 -4.577398e+04 9.013962e+03 5.381914e+04
7.369246e-01 2.962680e+06 1.027666e+04 -4.403136e+04 -5.074274e+03 6.463637e+04
7.387207e-01 2.966692e+06 6.198589e+03 -4.054747e+04 -1.786234e+02 7.060215e+04
7.405164e-01 2.974340e+06 6.127647e+03 -4.872946e+04 3.787803e+03 6.505585e+04
7.423108e-01 2.972282e+06 1.544726e+04 -4.504202e+04 -1.425583e+04 4.689568e+04
7.441040e-01 2.953987e+06 1.252317e+04 -3.663035e+04 -4.964522e+03 4.478270e+04
7.458996e-01 2.963655e+06 6.698557e+03 -3.760024e+04 8.437641e+03 3.117459e+04
7.476955e-01 2.962767e+06 7.690390e+03 -4.150902e+04 6.109932e+03 6.697683e+04
7.494882e-01 2.967834e+06 8.510546e+03 -4.254706e+04 5.776856e+03 6.819650e+04
7.512836e-01 2.962905e+06 1.335896e+04 -3.357927e+04 -7.694295e+03 8.882762e+04
7.530799e-01 2.960369e+06 8.608611e+03 -2.775047e+04 -1.324740e+03 8.685007e+04
7.548749e-01 2.962236e+06 8.799151e+03 -2.711744e+04 -1.171725e+03 7.669311e+04
7.566699e-01 2.959624e+06 1.398267e+04 -1.079493e+04 -1.023432e+04 8.865836e+04
7.584671e-01 2.961000e+06 4.394253e+03 -3.544339e+03 1.363688e+03 7.532930e+04
7.602633e-01 2.964980e+06 9.715385e+03 -1.048446e+04 1.623673e+03 7.804748e+04
7.620571e-01 2.971503e+06 5.310942e+03 -2.642126e+04 9.070153e+03 8.019943e+04
7.638531e-01 2.970250e+06 1.178395e+04 -3.775601e+04 1.114251e+03 6.734018e+04
7.656499e-01 2.968960e+06 6.877338e+03 -4.342918e+04 1.689471e+03 6.921179e+04
7.674455e-01 2.970772e+06 1.523346e+04 -3.861253e+04 -8.510779e+03 5.228785e+04
7.692400e-01 2.966008e+06 8.722495e+03 -2.566987e+04 -9.750634e+03 5.281506e+04
7.710340e-01 2.964414e+06 7.795882e+03 -2.442173e+04 6.560516e+03 5.107860e+04
7.728276e-01 2.967880e+06 1.102172e+04 -2.779069e+04 2.821586e+03 4.983969e+04
7.746220e-01 2.960982e+06 1.049374e+04 -3.791917e+04 3.510581e+03 5.176837e+04
7.764173e-01 2.953129e+06 1.448854e+04 -4.204462e+04 -7.502463e+02 5.805282e+04
7.782136e-01 2.950937e+06 8.698780e+03 -3.134795e+04 -5.936178e+02 6.310979e+04
7.800117e-01 2.953316e+06 8.507098e+03 -3.321238e+04 9.649928e+02 6.381873e+04
7.818056e-01 2.955853e+06 1.109001e+04 -2.617375e+04 -7.017297e+03 6.366830e+04
7.835979e-01 2.953652e+06 1.031422e+04 -2.345616e+04 1.742086e+03 5.451033e+04
7.853947e-01 2.958396e+06 3.995905e+03 -4.085902e+04 8.318229e+03 5.322988e+04
7.871903e-01 2.961449e+06 1.589627e+04 -3.779396e+04 -1.265206e+04 3.624392e+04
7.889853e-01 2.951687e+06 6.085105e+03 -3.682417e+04 4.894425e+03 3.955696e+04
7.907819e-01 2.962458e+06 8.109364e+03 -3.608280e+04 -2.553588e+03 4.163255e+04
7.925772e-01 2.960312e+06 1.143248e+04 -3.660408e+04 3.909157e+03 5.032664e+04
7.943719e-01 2.960528e+06 1.071765e+04 -3.767438e+04 -3.450804e+03 4.509432e+04
7.961659e-01 2.953636e+06 1.447324e+04 -2.546272e+04 -4.845055e+03 4.843229e+04
7.979598e-01 2.950414e+06 8.433195e+03 -3.114745e+04 3.533316e+03 4.004742e+04
7.997559e-01 2.954938e+06 7.526606e+03 -3.376620e+04 3.900948e+03 4.581540e+04
8.015520e-01 2.959560e+06 1.157230e+04 -3.893346e+04 -1.583479e+03 3.797361e+04
8.033475e-01 2.959060e+06 1.022967e+04 -3.712854e+04 -6.467273e+03 3.381180e+04
8.051404e-01 2.961118e+06 6.080885e+03 -4.105632e+04 7.160388e+03 2.661126e+04
8.069349e-01 2.955528e+06 1.589945e+04 -4.155243e+04 -2.115126e+02 4.037784e+04
8.087329e-01 2.957840e+06 6.115985e+03 -3.520597e+04 1.563731e+03 4.672904e+04
8.105286e-01 2.950783e+06 1.513111e+04 -2.937634e+04 -4.008472e+03 6.714358e+04
8.123233e-01 2.954694e+06 7.523787e+03 -1.978939e+04 4.852617e+03 7.143845e+04
8.141188e-01 2.955552e+06 8.625577e+03 -2.715134e+04 -4.267836e+03 6.103782e+04
8.159142e-01 2.958402e+06 1.298392e+04 -2.507277e+04 -1.043468e+04 4.985934e+04
8.177087e-01 2.951276e+06 1.017847e+04 -2.537530e+04 2.766824e+03 3.203162e+04
8.195037e-01 2.951976e+06 1.312750e+04 -3.132803e+04 -6.796035e+02 2.499788e+04
8.212995e-01 2.944350e+06 1.256542e+04 -1.629250e+04 -5.882249e+03 3.804637e+04
8.230953e-01 2.948368e+06 7.045217e+03 -1.126037e+04 -4.285791e+02 2.845754e+04
8.248902e-01 2.953400e+06 1.124118e+04 -8.943677e+03 -9.978133e+03 2.738002e+04
8.266848e-01 2.949481e+06 1.182568e+04 -1.511312e+03 1.312978e+03 2.062948e+04
8.284792e-01 2.953076e+06 7.644941e+03 -5.234838e+03 1.259037e+04 2.386991e+04
8.302734e-01 2.953674e+06 8.719817e+03 -2.119032e+04 8.796734e+03 4.013668e+04
8.320692e-01 2.957946e+06 1.031875e+04 -2.088075e+04 -3.655902e+03 5.151156e+04
8.338654e-01 2.956376e+06 1.138023e+04 -1.768261e+04 -7.914892e+03 4.263929e+04
8.356607e-01 2.953767e+06 9.631749e+03 -2.273565e+04 3.639606e+03 3.177628e+04
8.374562e-01 2.952415e+06 1.387113e+04 -3.165318e+04 8.440568e+03 3.341049e+04
8.392510e-01 2.943806e+06 1.247080e+04 -3.353203e+04 -2.666570e+03 3.575379e+04
8.410464e-01 2.945797e+06 6.876628e+03 -3.442749e+04 2.585954e+03 4.361346e+04
8.428427e-01 2.960606e+06 5.221031e+03 -3.921950e+04 7.334006e+03 5.380184e+04
8.446371e-01 2.964066e+06 1.366158e+04 -3.026415e+04 -1.203894e+04 5.029081e+04
8.464320e-01 2.960539e+06 1.193590e+04 -1.253594e+04 -1.073954e+04 3.046700e+04
8.482278e-01 2.956700e+06 1.444200e+04 -9.757417e+03 -1.081589e+03 3.097153e+04
8.500227e-01 2.952630e+06 8.720055e+03 -1.909003e+04 7.789729e+03 1.803081e+04
8.518177e-01 2.955323e+06 9.681648e+03 -2.766164e+04 2.999066e+03 2.905075e+04
8.536137e-01 2.958174e+06 1.110101e+04 -2.214603e+04 -4.340204e+03 2.548932e+04
8.554088e-01 2.955608e+06 1.232434e+04 -1.326420e+04 -3.748017e+03 3.152893e+04
8.572024e-01 2.956988e+06 1.307285e+04 -3.240621e+03 -4.993875e+03 2.184059e+04
8.589967e-01 2.945528e+06 1.509815e+04 5.867421e+03 -5.323429e+03 2.977255e+04
8.607918e-01 2.947160e+06 7.550459e+03 -1.723733e+03 1.018637e+04 2.506748e+04
8.625869e-01 2.948650e+06 1.029978e+04 -7.805536e+03 1.173910e+03 2.735090e+04
8.643824e-01 2.952570e+06 7.960228e+03 -6.637970e+03 -3.740097e+03 3.852269e+04
8.661785e-01 2.957468e+06 1.098930e+04 -8.441105e+03 3.825748e+03 2.918211e+04
8.679743e-01 2.954625e+06 1.485506e+04 -5.149998e+02 -9.035798e+03 2.276327e+04
8.697706e-01 2.952446e+06 9.602624e+03 -8.997811e+02 -2.211755e+03 2.057442e+04
8.715653e-01 2.955960e+06 1.021042e+04 -1.525039e+03 6.620497e+03 1.363562e+04
8.733592e-01 2.950875e+06 1.479346e+04 3.399465e+03 -8.621338e+03 1.759993e+04
8.751548e-01 2.948769e+06 1.072512e+04 1.258687e+04 -1.089413e+03 2.105524e+04
8.769502e-01 2.952002e+06 1.099036e+04 1.941886e+04 3.003417e+02 2.511607e+04
8.787466e-01 2.950181e+06 9.141450e+03 9.843354e+03 4.056170e+03 1.310396e+04
8.805415e-01 2.951541e+06 1.088282e+04 -4.293966e+03 9.472853e+03 1.683682e+04
8.823359e-01 2.954953e+06 7.977147e+03 -2.141929e+04 7.586646e+03 1.930223e+04
8.841313e-01 2.956336e+06 1.147248e+04 -3.399847e+04 3.880143e+03 2.083492e+04
8.859273e-01 2.953994e+06 1.238431e+04 -3.458377e+04 -4.238400e+02 3.283427e+04
8.877230e-01 2.951467e+06 1.364933e+04 -2.417590e+04 -5.450528e+03 3.081054e+04
8.895175e-01 2.954624e+06 8.117729e+03 -1.956077e+04 1.489731e+03 3.256578e+04
8.913122e-01 2.955444e+06 1.426396e+04 -1.893288e+04 -5.207515e+03 3.082029e+04
8.931078e-01 2.948742e+06 1.247684e+04 -1.921308e+04 3.824240e+03 3.182780e+04
8.949034e-01 2.948658e+06 1.344872e+04 -1.515855e+04 2.796160e+00 3.852828e+04
8.966974e-01 2.947439e+06 1.088634e+04 -1.237787e+04 -7.832774e+03 3.280932e+04
8.984931e-01 2.948470e+06 6.795947e+03 -1.263929e+04 5.699378e+03 3.219949e+04
9.002874e-01 2.963272e+06 7.090880e+03 -3.324214e+04 9.170574e+03 2.000879e+04
9.020815e-01 2.961890e+06 1.634355e+04 -3.499318e+04 -9.867629e+03 1.390606e+04
9.038774e-01 2.950564e+06 1.372210e+04 -2.974236e+04 -3.089466e+03 3.839655e+03
9.056723e-01 2.951312e+06 1.098783e+04 -2.872744e+04 8.941806e+03 1.557108e+04
9.074684e-01 2.949976e+06 1.335867e+04 -2.597051e+04 1.161029e+02 2.455776e+04
9.092635e-01 2.948942e+06 1.128479e+04 -2.316985e+04 -4.780459e+03 2.754737e+04
9.110582e-01 2.948688e+06 1.161257e+04 -1.705696e+04 7.205049e+02 3.362408e+04
9.128546e-01 2.953561e+06 8.116280e+03 -2.434640e+04 5.429271e+03 2.194840e+04
9.146502e-01 2.954900e+06 1.309969e+04 -2.865299e+04 -6.535613e+03 2.683513e+04
9.164437e-01 2.956850e+06 1.584957e+04 -1.647253e+04 -4.697387e+03 1.434088e+04
9.182390e-01 2.946606e+06 1.518383e+04 -6.634580e+03 -5.426010e+03 2.202222e+04
