# k, q0, q1/i, q2, q3/i, q4, norm, alpha = 1.96625e+00, 2.04666e-02
0.000000e+00 1.660440e+12 0.000000e+00 0.000000e+00 0.000000e+00 8.188099e+11
2.542755e-03 1.146712e+12 4.416335e+11 5.535453e+10 1.526882e+11 -1.419659e+11
4.308321e-03 6.061173e+11 3.534283e+11 1.707409e+11 1.474170e+11 1.420016e+10
6.127972e-03 2.353459e+11 1.642367e+11 1.411609e+11 1.932725e+11 -7.579347e+10
7.953317e-03 7.557624e+10 4.963992e+10 7.223043e+10 1.006953e+11 -1.718059e+10
9.814571e-03 2.201837e+10 1.221911e+10 1.115874e+10 2.867568e+10 -2.725977e+09
1.156539e-02 9.012182e+09 1.574177e+09 -7.191570e+09 1.895056e+09 1.250896e+10
1.336205e-02 7.197842e+09 9.321940e+08 -3.765649e+09 -4.091553e+08 1.334528e+10
1.519307e-02 6.140469e+09 1.628106e+09 1.404037e+09 2.087882e+09 1.528638e+10
1.700413e-02 4.114506e+09 1.202677e+09 2.926628e+09 2.390371e+09 1.308496e+10
1.878921e-02 2.340312e+09 5.968140e+08 7.913615e+08 9.951154e+08 8.058284e+09
2.056181e-02 1.294204e+09 3.124701e+08 -1.040104e+09 -2.016714e+08 3.702748e+09
2.237315e-02 8.608001e+08 1.810665e+08 -1.264887e+09 -4.311887e+08 1.986586e+09
2.420702e-02 7.217248e+08 1.737861e+08 -3.630461e+08 -1.450532e+08 2.173826e+09
2.604330e-02 6.393018e+08 1.401572e+08 4.306013e+08 1.564269e+08 2.673826e+09
2.781707e-02 4.993285e+08 8.586559e+07 5.320339e+08 1.911759e+08 2.374546e+09
2.956466e-02 3.386667e+08 4.839794e+07 2.101329e+08 1.144038e+08 1.513730e+09
3.136513e-02 2.244781e+08 2.280714e+07 -1.818072e+08 8.743975e+06 7.445087e+08
3.317513e-02 1.743082e+08 1.545527e+07 -2.334910e+08 -1.833660e+07 4.744264e+08
3.497165e-02 1.831928e+08 1.859020e+07 -6.733510e+07 7.464952e+06 6.465009e+08
3.677184e-02 1.842077e+08 2.212108e+07 1.100878e+08 4.275838e+07 8.336263e+08
3.856197e-02 1.613449e+08 1.921406e+07 1.325241e+08 5.014873e+07 7.887101e+08
4.034231e-02 1.164849e+08 1.198804e+07 2.488777e+07 2.003957e+07 5.255739e+08
4.214741e-02 7.776806e+07 8.900898e+06 -7.288504e+07 -8.293944e+06 2.761877e+08
4.395085e-02 6.008000e+07 7.892992e+06 -9.106094e+07 -1.467583e+07 1.863097e+08
4.574462e-02 5.948833e+07 5.485211e+06 -2.825310e+07 -2.770490e+05 2.385218e+08
4.755674e-02 6.571176e+07 3.938624e+06 3.222774e+07 1.366140e+07 3.115438e+08
4.935944e-02 5.963658e+07 4.447408e+06 3.915762e+07 1.291065e+07 2.917899e+08
5.113615e-02 4.642193e+07 4.712462e+06 3.511710e+06 5.038261e+06 2.099524e+08
5.293674e-02 3.181211e+07 3.272683e+06 -3.414111e+07 -3.695051e+06 1.181948e+08
5.472727e-02 2.699997e+07 1.872161e+06 -3.875430e+07 -5.255088e+06 9.054162e+07
5.651697e-02 2.795999e+07 1.868326e+06 -1.298489e+07 -9.259893e+05 1.124169e+08
5.831477e-02 3.013961e+07 2.346585e+06 1.174000e+07 3.277130e+06 1.435031e+08
6.011451e-02 2.724132e+07 2.272574e+06 1.463871e+07 3.740080e+06 1.356210e+08
6.191171e-02 2.095552e+07 1.614198e+06 -3.490624e+06 5.155873e+05 9.428542e+07
6.370712e-02 1.548322e+07 9.400665e+05 -2.001984e+07 -1.348459e+06 5.543817e+07
6.550732e-02 1.413884e+07 5.440674e+05 -2.064812e+07 -9.068853e+05 4.715853e+07
6.729498e-02 1.594531e+07 6.094618e+05 -6.331784e+06 9.060376e+05 6.620446e+07
6.908598e-02 1.765833e+07 9.794610e+05 7.711605e+06 2.331952e+06 8.616466e+07
7.088188e-02 1.625064e+07 1.026147e+06 9.209602e+06 1.996331e+06 8.204309e+07
7.268232e-02 1.285975e+07 8.515700e+05 -9.299043e+05 3.343512e+05 5.882020e+07
7.447792e-02 9.551987e+06 6.437197e+05 -1.100672e+07 -9.266981e+05 3.538278e+07
7.627282e-02 8.302299e+06 5.062541e+05 -1.137270e+07 -1.041980e+06 2.889524e+07
7.807562e-02 9.246272e+06 3.978760e+05 -3.318930e+06 1.374009e+04 3.940030e+07
7.988558e-02 1.011734e+07 4.555603e+05 5.060427e+06 1.009460e+06 5.003473e+07
8.168049e-02 9.596383e+06 5.337078e+05 5.672426e+06 1.160300e+06 4.856522e+07
8.345709e-02 7.671748e+06 4.123737e+05 -5.326179e+05 4.593909e+05 3.513716e+07
8.524436e-02 5.800268e+06 1.908136e+05 -6.940090e+06 -2.870090e+05 2.082812e+07
8.704550e-02 5.258856e+06 2.020573e+05 -8.159246e+06 -6.115867e+05 1.658651e+07
8.884478e-02 5.607384e+06 3.458619e+05 -3.702603e+06 -2.601552e+05 2.179259e+07
9.064103e-02 6.023428e+06 3.610774e+05 1.276123e+06 2.278698e+05 2.853169e+07
9.243897e-02 5.742341e+06 2.357676e+05 2.115167e+06 4.367298e+05 2.810205e+07
9.423607e-02 4.740368e+06 1.581767e+05 -1.220076e+06 2.116648e+05 2.063660e+07
9.603871e-02 3.822393e+06 1.321237e+05 -4.876844e+06 -1.104563e+05 1.316846e+07
9.782410e-02 3.540041e+06 9.355187e+04 -5.069512e+06 -1.673406e+05 1.147145e+07
9.961474e-02 3.950350e+06 1.023029e+05 -2.194164e+06 3.850875e+04 1.563750e+07
1.014127e-01 4.322556e+06 1.424042e+05 8.193640e+05 2.447065e+05 1.985837e+07
1.031985e-01 4.140970e+06 1.804882e+05 1.217062e+06 2.693149e+05 1.946317e+07
1.049957e-01 3.436442e+06 1.454842e+05 -1.143022e+06 -4.671918e+03 1.438462e+07
1.067952e-01 2.748412e+06 9.970280e+04 -3.297057e+06 -2.036495e+05 9.274305e+06
1.085930e-01 2.587132e+06 8.454778e+04 -3.396258e+06 -2.236301e+05 8.263938e+06
1.103885e-01 2.827798e+06 9.694596e+04 -1.315279e+06 -7.818116e+03 1.102014e+07
1.121821e-01 3.064922e+06 1.102782e+05 6.249306e+05 1.542240e+05 1.379934e+07
1.139837e-01 2.928280e+06 8.777609e+04 7.613344e+05 1.892813e+05 1.334596e+07
1.157773e-01 2.457876e+06 6.848552e+04 -9.434549e+05 3.917657e+04 9.704104e+06
1.175730e-01 2.019362e+06 5.897072e+04 -2.693124e+06 -1.192192e+05 6.115342e+06
1.193666e-01 1.872097e+06 5.477889e+04 -2.811486e+06 -1.398375e+05 5.268288e+06
1.211543e-01 2.054642e+06 5.561215e+04 -1.442536e+06 -5.734057e+04 7.175099e+06
1.229561e-01 2.242028e+06 7.267667e+04 1.932536e+04 3.261960e+04 9.245714e+06
1.247542e-01 2.157811e+06 8.596132e+04 1.914277e+05 5.462237e+04 9.098719e+06
1.265466e-01 1.832506e+06 6.332115e+04 -9.325961e+05 -6.439554e+03 6.715603e+06
1.283363e-01 1.512173e+06 3.172100e+04 -1.978142e+06 -7.688048e+04 4.288759e+06
1.301269e-01 1.476228e+06 2.846712e+04 -2.025243e+06 -9.912578e+04 3.980843e+06
1.319334e-01 1.619355e+06 5.083814e+04 -8.900470e+05 -4.004211e+04 5.547265e+06
1.337370e-01 1.760195e+06 6.072655e+04 2.142958e+05 3.867421e+04 7.191224e+06
1.355323e-01 1.701366e+06 5.098107e+04 3.303346e+05 5.601521e+04 7.070236e+06
1.373301e-01 1.476696e+06 3.795843e+04 -4.299189e+05 -4.173186e+03 5.372648e+06
1.391197e-01 1.249058e+06 3.013865e+04 -1.329212e+06 -5.264955e+04 3.526519e+06
1.409058e-01 1.175552e+06 1.951102e+04 -1.400466e+06 -4.377245e+04 3.064247e+06
1.427003e-01 1.277030e+06 2.002985e+04 -7.279766e+05 -5.849773e+03 4.064772e+06
1.444928e-01 1.389363e+06 2.931989e+04 1.923441e+04 3.374566e+04 5.181966e+06
1.462886e-01 1.353728e+06 3.661148e+04 1.239476e+05 1.149317e+04 5.099764e+06
1.480924e-01 1.179318e+06 3.912909e+04 -4.609267e+05 -3.166411e+04 3.819226e+06
1.498892e-01 9.973246e+05 2.947153e+04 -1.049942e+06 -6.699379e+04 2.485104e+06
1.516798e-01 9.453090e+05 1.994412e+04 -1.105579e+06 -5.679021e+04 2.174136e+06
1.534759e-01 1.016151e+06 1.464354e+04 -6.025442e+05 -3.224131e+03 2.899514e+06
1.552766e-01 1.101170e+06 9.103031e+03 -6.932491e+04 3.778601e+04 3.717251e+06
1.570706e-01 1.091974e+06 1.247166e+04 -2.408544e+04 4.422655e+04 3.702015e+06
1.588578e-01 9.995764e+05 1.409636e+04 -4.246366e+05 3.454666e+03 2.895649e+06
1.606585e-01 8.816458e+05 1.817695e+04 -8.364786e+05 -3.818954e+04 2.001276e+06
1.624649e-01 8.471844e+05 2.182922e+04 -8.394457e+05 -4.450660e+04 1.827003e+06
1.642557e-01 8.888218e+05 1.836065e+04 -4.536193e+05 -1.898790e+04 2.370348e+06
1.660459e-01 9.323880e+05 1.895224e+04 -7.604263e+04 8.407215e+03 2.913896e+06
1.678421e-01 9.100308e+05 1.719018e+04 -7.363753e+04 1.182982e+04 2.825375e+06
1.696353e-01 8.289728e+05 9.832265e+03 -3.847589e+05 -1.455128e+03 2.180856e+06
1.714286e-01 7.547039e+05 1.949296e+03 -6.793568e+05 -1.260773e+04 1.550328e+06
1.732198e-01 7.592946e+05 1.780654e+03 -6.529768e+05 -1.845510e+04 1.525058e+06
1.750152e-01 8.137926e+05 1.178312e+04 -3.341751e+05 -1.255197e+04 2.013056e+06
1.768177e-01 8.449183e+05 1.850426e+04 -3.952373e+04 1.857699e+03 2.436574e+06
1.786121e-01 8.169702e+05 1.610011e+04 -6.331365e+04 1.046889e+04 2.322452e+06
1.804030e-01 7.392182e+05 1.130395e+04 -3.410355e+05 7.332910e+02 1.737612e+06
1.822028e-01 6.781790e+05 8.890788e+03 -5.719191e+05 -2.061561e+04 1.254576e+06
1.839998e-01 6.812678e+05 4.217008e+03 -4.955510e+05 -1.378257e+04 1.325304e+06
1.857937e-01 7.415988e+05 5.645226e+03 -1.634771e+05 5.678637e+03 1.856366e+06
1.875926e-01 7.823619e+05 1.212328e+04 1.272668e+05 1.683848e+04 2.298678e+06
1.893867e-01 7.637754e+05 1.476050e+04 1.352054e+05 1.695672e+04 2.254729e+06
1.911794e-01 6.943154e+05 1.009271e+04 -1.330822e+05 7.891419e+03 1.728407e+06
1.929763e-01 6.291630e+05 1.253830e+03 -4.018088e+05 -5.043568e+03 1.179549e+06
1.947689e-01 6.218568e+05 2.077332e+03 -4.543433e+05 -2.095362e+04 1.039714e+06
1.965614e-01 6.435298e+05 1.110425e+04 -2.710083e+05 -2.040808e+04 1.282610e+06
1.983545e-01 6.645856e+05 1.170591e+04 -8.129929e+04 -6.002842e+03 1.552831e+06
2.001492e-01 6.508769e+05 7.721943e+03 -8.717594e+04 4.495631e+03 1.485086e+06
2.019476e-01 6.020474e+05 3.978478e+03 -2.761022e+05 -3.306272e+03 1.083944e+06
2.037448e-01 5.631735e+05 4.016615e+03 -4.448945e+05 -1.685730e+04 7.323393e+05
2.055436e-01 5.565601e+05 8.872865e+03 -4.103024e+05 -1.937673e+04 7.274422e+05
2.073409e-01 5.820142e+05 9.864114e+03 -1.989049e+05 -7.786524e+03 1.043048e+06
2.091331e-01 6.105492e+05 5.390781e+03 -2.079531e+04 1.299635e+04 1.338438e+06
2.109295e-01 6.050454e+05 1.287208e+03 -1.381898e+04 1.579876e+04 1.313128e+06
2.127243e-01 5.718464e+05 1.317646e+03 -1.824434e+05 -6.369459e+02 9.935536e+05
2.145132e-01 5.332651e+05 1.913472e+03 -3.460161e+05 -1.093457e+04 6.562796e+05
2.163084e-01 5.286983e+05 4.069078e+03 -3.486667e+05 -1.306419e+04 6.079416e+05
2.181043e-01 5.527308e+05 6.524887e+03 -1.867581e+05 -6.336375e+03 8.611122e+05
2.198991e-01 5.784619e+05 6.491569e+03 -1.269071e+04 5.534507e+03 1.145110e+06
2.216975e-01 5.786480e+05 6.506577e+03 3.278084e+04 7.249412e+03 1.193544e+06
2.234966e-01 5.479025e+05 4.882639e+03 -8.066362e+04 6.356932e+02 9.688105e+05
2.252970e-01 5.143269e+05 2.642817e+03 -2.266498e+05 -2.630613e+03 6.806491e+05
2.270852e-01 5.014878e+05 2.365210e+03 -2.726908e+05 -5.671868e+03 5.694550e+05
2.288723e-01 5.118555e+05 3.281541e+03 -1.999969e+05 -6.129198e+03 6.720746e+05
2.306695e-01 5.249149e+05 5.492250e+03 -9.977340e+04 -3.767989e+03 8.225357e+05
2.324665e-01 5.233922e+05 4.105861e+03 -7.803711e+04 -1.944344e+03 8.353823e+05
2.342627e-01 5.067039e+05 1.705778e+03 -1.421488e+05 -3.815835e+03 6.933304e+05
2.360563e-01 4.897276e+05 1.763042e+03 -2.117724e+05 -6.124730e+03 5.280248e+05
2.378553e-01 4.857242e+05 4.798262e+03 -2.097745e+05 -1.028126e+04 5.034120e+05
2.396569e-01 4.926798e+05 7.988035e+03 -1.307931e+05 -8.920914e+03 6.142584e+05
2.414498e-01 4.968679e+05 7.472099e+03 -5.160305e+04 -7.621471e+03 7.203824e+05
2.432397e-01 4.866824e+05 5.824491e+03 -5.384895e+04 -6.451616e+03 6.849138e+05
2.450345e-01 4.654759e+05 3.919422e+03 -1.254940e+05 -3.785067e+03 5.306017e+05
2.468308e-01 4.475927e+05 1.357312e+03 -1.981559e+05 -3.556875e+03 3.833197e+05
2.486244e-01 4.466991e+05 -7.577709e+02 -2.001018e+05 1.124738e+03 3.694098e+05
2.504185e-01 4.616139e+05 -2.556454e+03 -1.445371e+05 1.079477e+04 4.744078e+05
2.522154e-01 4.769421e+05 -6.340988e+02 -9.134980e+04 9.284929e+03 5.752612e+05
2.540114e-01 4.739948e+05 2.268072e+03 -1.031076e+05 2.642922e+03 5.588779e+05
2.558058e-01 4.591645e+05 1.752608e+03 -1.621670e+05 -1.296420e+03 4.440042e+05
2.576012e-01 4.494561e+05 5.381992e+02 -2.073466e+05 -6.326179e+03 3.429249e+05
2.593962e-01 4.517990e+05 2.559803e+03 -1.871101e+05 -8.696421e+03 3.586634e+05
2.611937e-01 4.633380e+05 5.095525e+03 -1.102779e+05 -7.968323e+03 4.761622e+05
2.629942e-01 4.700680e+05 4.099322e+03 -4.230158e+04 -2.407244e+03 5.725661e+05
2.647885e-01 4.647047e+05 2.649947e+03 -4.169171e+04 5.088429e+03 5.572911e+05
2.665811e-01 4.498220e+05 2.719370e+03 -1.032171e+05 4.969646e+03 4.471538e+05
2.683801e-01 4.341986e+05 2.545771e+03 -1.540719e+05 -3.728690e+02 3.419743e+05
2.701729e-01 4.302441e+05 3.668392e+03 -1.514108e+05 -6.389351e+03 3.318071e+05
2.719632e-01 4.352937e+05 4.234684e+03 -9.843384e+04 -6.521089e+03 4.083757e+05
2.737587e-01 4.407815e+05 4.451067e+03 -5.231253e+04 -2.210502e+03 4.801416e+05
2.755578e-01 4.373076e+05 2.364498e+03 -5.220672e+04 -2.464812e+03 4.689568e+05
2.773550e-01 4.273568e+05 2.515012e+03 -8.850434e+04 -7.751999e+03 3.754881e+05
2.791459e-01 4.164742e+05 5.393411e+03 -1.131300e+05 -1.517255e+04 3.009853e+05
2.809385e-01 4.141964e+05 4.032339e+03 -8.957071e+04 -1.130766e+04 3.052713e+05
2.827312e-01 4.220730e+05 2.257579e+02 -4.047786e+04 -1.740405e+02 3.762982e+05
2.845296e-01 4.303585e+05 -2.952486e+03 -8.132740e+03 9.885132e+03 4.283011e+05
2.863269e-01 4.333220e+05 -2.708020e+03 -2.826369e+04 8.904509e+03 4.009840e+05
2.881173e-01 4.256607e+05 4.935479e+02 -7.988122e+04 1.606012e+03 3.113803e+05
2.899148e-01 4.159923e+05 2.441441e+03 -1.176527e+05 -7.014938e+03 2.375920e+05
2.917136e-01 4.137619e+05 2.002907e+03 -1.087996e+05 -2.873484e+03 2.364497e+05
2.935083e-01 4.197515e+05 1.745662e+03 -7.018248e+04 8.487095e+02 3.002774e+05
2.953064e-01 4.226670e+05 2.488585e+03 -4.205076e+04 2.779441e+03 3.462813e+05
2.971025e-01 4.187766e+05 2.291904e+03 -4.682610e+04 1.172654e+03 3.298123e+05
2.988941e-01 4.089196e+05 2.656342e+03 -8.287810e+04 -1.250349e+03 2.615983e+05
3.006873e-01 4.008039e+05 2.695882e+03 -1.114735e+05 -6.913738e+02 2.089402e+05
3.024817e-01 4.009634e+05 1.573660e+01 -1.010598e+05 1.027255e+03 2.222748e+05
3.042771e-01 4.092577e+05 -1.351597e+03 -7.060056e+04 2.425665e+03 2.792521e+05
3.060756e-01 4.172044e+05 -3.227651e+01 -4.861579e+04 6.412734e+00 3.200344e+05
3.078722e-01 4.145512e+05 2.352238e+03 -6.071472e+04 -3.279603e+03 2.890041e+05
3.096648e-01 4.040148e+05 3.706657e+03 -9.189946e+04 -6.617299e+03 2.155053e+05
3.114599e-01 3.957154e+05 2.915147e+03 -1.117292e+05 -5.368132e+03 1.618112e+05
3.132555e-01 3.955937e+05 2.622026e+03 -9.904552e+04 -1.905688e+03 1.761129e+05
3.150527e-01 4.003602e+05 2.168166e+03 -5.999344e+04 -1.121328e+03 2.366152e+05
3.168493e-01 4.038452e+05 1.799457e+03 -3.259597e+04 -1.615885e+03 2.793002e+05
3.186391e-01 4.021858e+05 6.746991e+02 -3.558988e+04 -9.003145e+02 2.651450e+05
3.204305e-01 3.953892e+05 1.093546e+03 -6.472056e+04 -2.632019e+02 2.053080e+05
3.222280e-01 3.891094e+05 2.394182e+03 -8.953359e+04 4.109330e+02 1.578733e+05
3.240267e-01 3.874656e+05 2.221120e+03 -8.420727e+04 7.925605e+02 1.673367e+05
3.258197e-01 3.924658e+05 4.408903e+00 -5.901076e+04 -3.075977e+02 2.150151e+05
3.276150e-01 3.978994e+05 -1.171387e+03 -3.739194e+04 1.678201e+03 2.483349e+05
3.294148e-01 3.996730e+05 -7.880605e+02 -4.490425e+04 -1.797716e+03 2.285257e+05
3.312085e-01 3.952042e+05 1.890609e+03 -7.140127e+04 -1.820623e+03 1.756185e+05
3.330031e-01 3.878605e+05 3.964109e+03 -8.677568e+04 -4.261322e+03 1.345808e+05
3.347987e-01 3.856267e+05 3.264744e+03 -7.367531e+04 -3.478050e+03 1.464174e+05
3.365969e-01 3.895049e+05 5.725236e+02 -4.942066e+04 2.413809e+02 1.907419e+05
3.383923e-01 3.933274e+05 -2.255260e+02 -3.020912e+04 6.679044e+02 2.196393e+05
3.401828e-01 3.942973e+05 6.725396e+02 -3.572566e+04 -2.835383e+03 2.024082e+05
3.419763e-01 3.892076e+05 1.654042e+03 -5.881859e+04 -5.129709e+03 1.531718e+05
3.437730e-01 3.865421e+05 1.124587e+03 -7.014345e+04 -4.348687e+03 1.218231e+05
3.455681e-01 3.876596e+05 1.134725e+03 -5.680150e+04 -3.234119e+03 1.331948e+05
3.473617e-01 3.925269e+05 1.721470e+03 -2.778394e+04 -1.919939e+03 1.802877e+05
3.491590e-01 3.952320e+05 1.989891e+03 -7.013239e+03 -4.211717e+02 2.095401e+05
3.509566e-01 3.917406e+05 2.769313e+03 -1.301883e+04 5.429797e+02 1.962452e+05
3.527534e-01 3.834499e+05 2.388217e+03 -4.137659e+04 4.176883e+02 1.433401e+05
3.545449e-01 3.776071e+05 1.709112e+03 -6.571225e+04 3.951541e+02 1.009278e+05
3.563372e-01 3.760637e+05 1.659096e+03 -6.559713e+04 -4.646624e+02 9.972209e+04
3.581341e-01 3.794797e+05 5.834386e+02 -4.790092e+04 -6.993417e+02 1.323037e+05
3.599303e-01 3.826669e+05 1.553643e+03 -3.102490e+04 -2.029233e+03 1.565929e+05
3.617254e-01 3.801085e+05 3.224879e+03 -2.997187e+04 -4.030731e+03 1.480601e+05
3.635200e-01 3.732982e+05 1.477642e+03 -4.579019e+04 -3.946942e+02 1.125075e+05
3.653165e-01 3.719468e+05 -1.874121e+03 -6.174589e+04 2.456052e+03 8.429445e+04
3.671116e-01 3.769947e+05 -2.756505e+03 -5.990988e+04 1.590189e+03 8.762544e+04
3.689088e-01 3.835459e+05 2.378110e+02 -4.390196e+04 -2.441751e+03 1.170512e+05
3.707076e-01 3.856356e+05 2.656371e+03 -2.925916e+04 -1.571262e+03 1.413772e+05
3.725001e-01 3.824641e+05 3.366137e+03 -2.945549e+04 2.104821e+03 1.369499e+05
3.742913e-01 3.752950e+05 3.088054e+03 -4.421903e+04 2.621073e+03 1.131356e+05
3.760877e-01 3.715613e+05 1.560356e+03 -5.349508e+04 8.860168e+02 9.944955e+04
3.778836e-01 3.740336e+05 2.130146e+02 -4.282411e+04 1.861549e+02 1.169733e+05
3.796766e-01 3.784838e+05 1.168865e+03 -2.271177e+04 3.040503e+02 1.553542e+05
3.814707e-01 3.797619e+05 2.368363e+03 -1.158618e+04 6.356176e+02 1.793446e+05
3.832699e-01 3.771438e+05 1.382393e+03 -1.744701e+04 -8.622118e+02 1.618147e+05
3.850666e-01 3.725493e+05 6.392091e+02 -3.775489e+04 -2.760212e+03 1.211394e+05
3.868579e-01 3.706603e+05 -4.728809e+02 -5.482482e+04 -2.577741e+03 8.731426e+04
3.886538e-01 3.723527e+05 3.200653e+01 -5.325734e+04 -1.450071e+03 8.259077e+04
3.904491e-01 3.742731e+05 2.871697e+03 -3.544483e+04 -2.169801e+03 1.052132e+05
3.922449e-01 3.743515e+05 2.156552e+03 -2.232886e+04 1.339564e+03 1.313150e+05
3.940400e-01 3.737055e+05 4.842152e+02 -2.465479e+04 3.369974e+03 1.268544e+05
3.958317e-01 3.715128e+05 3.481168e+02 -3.933257e+04 5.327179e+02 1.025155e+05
3.976289e-01 3.702022e+05 8.180198e+01 -5.135008e+04 9.875789e+02 8.240493e+04
3.994255e-01 3.713681e+05 8.775375e+02 -4.985204e+04 -3.841615e+02 8.093062e+04
4.012204e-01 3.727461e+05 2.404579e+03 -3.569068e+04 -3.160395e+03 1.010903e+05
4.030168e-01 3.728471e+05 1.938481e+03 -2.134860e+04 -2.906310e+03 1.189606e+05
4.048122e-01 3.726417e+05 9.893118e+02 -2.355324e+04 4.137447e+02 1.163020e+05
4.066062e-01 3.705572e+05 7.613727e+02 -3.314123e+04 1.605810e+03 9.781941e+04
4.084001e-01 3.700480e+05 1.844629e+02 -4.200369e+04 1.216409e+03 7.975076e+04
4.101968e-01 3.708606e+05 1.147633e+03 -3.788466e+04 -4.047819e+03 8.201541e+04
4.119946e-01 3.725558e+05 1.990297e+03 -2.637112e+04 -4.661069e+03 9.753291e+04
4.137897e-01 3.730546e+05 2.090053e+03 -1.896904e+04 -6.955231e+02 1.071682e+05
4.155829e-01 3.700078e+05 7.440901e+02 -2.537415e+04 3.765690e+03 9.558807e+04
4.173778e-01 3.684501e+05 9.108234e+02 -3.887002e+04 1.426434e+03 7.063344e+04
4.191752e-01 3.661273e+05 2.636034e+03 -4.298121e+04 -4.788807e+03 6.023586e+04
4.209702e-01 3.651468e+05 2.968280e+03 -3.304383e+04 -5.638781e+03 7.235469e+04
4.227638e-01 3.668695e+05 1.464367e+03 -1.394443e+04 -2.282848e+03 9.500188e+04
4.245604e-01 3.693959e+05 7.943113e+02 -3.495867e+03 -1.285969e+02 1.093402e+05
4.263543e-01 3.682033e+05 7.820615e+02 -8.551295e+03 1.894314e+03 1.037125e+05
4.281451e-01 3.653552e+05 1.202184e+03 -2.330604e+04 2.803526e+03 7.967728e+04
4.299400e-01 3.618702e+05 1.595952e+03 -3.635075e+04 3.099033e+03 6.174288e+04
4.317365e-01 3.615810e+05 3.579757e+02 -3.759599e+04 2.652509e+03 6.653433e+04
4.335323e-01 3.649555e+05 -2.231230e+02 -3.026336e+04 6.519700e+02 8.348041e+04
4.353294e-01 3.677786e+05 1.232334e+03 -2.107295e+04 -4.350091e+03 9.325346e+04
4.371263e-01 3.667383e+05 2.471596e+03 -1.964595e+04 -7.156814e+03 8.445473e+04
4.389235e-01 3.639898e+05 1.026016e+03 -2.586567e+04 -3.974727e+03 5.929746e+04
4.407180e-01 3.649990e+05 -1.039920e+03 -3.223812e+04 -2.745029e+02 4.101032e+04
4.425103e-01 3.673319e+05 6.947585e+02 -2.870954e+04 -1.351277e+03 4.179432e+04
4.443072e-01 3.686876e+05 2.866770e+03 -1.655342e+04 -1.886745e+03 6.189686e+04
4.461036e-01 3.679154e+05 2.270100e+03 -7.904129e+03 9.543182e+02 7.694381e+04
4.478956e-01 3.665305e+05 6.530004e+02 -1.095294e+04 3.091188e+03 7.391348e+04
4.496902e-01 3.655944e+05 4.405005e+02 -2.235382e+04 2.834984e+02 5.685490e+04
4.514874e-01 3.630088e+05 2.199543e+03 -2.844779e+04 -2.143525e+03 4.198845e+04
4.532823e-01 3.624607e+05 2.578555e+03 -2.492049e+04 -2.843798e+03 4.711342e+04
4.550750e-01 3.624278e+05 1.724698e+03 -1.347284e+04 -1.257023e+03 6.184745e+04
4.568708e-01 3.634300e+05 1.443726e+03 -3.564466e+03 -3.118707e+02 7.516787e+04
4.586693e-01 3.630570e+05 1.286243e+03 -6.127202e+03 8.951497e+01 7.455862e+04
4.604629e-01 3.613337e+05 6.150903e+02 -1.573241e+04 2.071319e+03 5.892454e+04
4.622570e-01 3.605432e+05 6.930759e+02 -2.450655e+04 1.888123e+03 4.363008e+04
4.640543e-01 3.600821e+05 1.387202e+03 -2.557259e+04 5.759953e+02 4.330586e+04
4.658487e-01 3.609052e+05 1.555960e+03 -1.873568e+04 -9.159582e+02 5.513564e+04
4.676433e-01 3.608130e+05 2.640975e+03 -1.036000e+04 -3.643365e+03 6.316596e+04
4.694380e-01 3.593803e+05 2.034761e+03 -8.260881e+03 -4.215118e+03 6.089089e+04
4.712319e-01 3.590742e+05 -8.494520e+02 -1.203430e+04 2.252302e+02 5.103130e+04
4.730274e-01 3.629105e+05 -1.898487e+03 -1.850807e+04 3.972560e+03 4.202012e+04
4.748233e-01 3.660675e+05 -2.176711e+02 -2.003710e+04 4.284270e+03 4.740121e+04
4.766206e-01 3.668437e+05 2.306029e+03 -1.531211e+04 1.415104e+03 6.018672e+04
4.784155e-01 3.650390e+05 2.335678e+03 -1.228644e+04 1.323740e+02 6.890815e+04
4.802074e-01 3.637699e+05 1.187764e+03 -1.620828e+04 -1.835930e+02 6.287047e+04
4.820041e-01 3.620418e+05 1.015721e+03 -2.486655e+04 -5.984319e+02 4.643727e+04
4.838035e-01 3.608832e+05 1.663130e+03 -3.030030e+04 -4.682025e+02 3.568464e+04
4.855966e-01 3.608477e+05 1.715481e+03 -2.819307e+04 7.354163e+02 4.049852e+04
4.873905e-01 3.615300e+05 1.433798e+03 -2.095803e+04 1.816995e+03 5.454961e+04
4.891890e-01 3.618093e+05 1.859059e+03 -1.501985e+04 -2.475003e+02 6.504630e+04
4.909845e-01 3.606186e+05 1.950813e+03 -1.453194e+04 -1.375966e+03 6.405174e+04
4.927778e-01 3.580584e+05 1.747370e+03 -1.991073e+04 -7.846285e+02 5.439345e+04
4.945710e-01 3.566971e+05 1.198896e+03 -2.402987e+04 -3.306047e+02 4.515883e+04
4.963686e-01 3.576040e+05 4.372648e+02 -2.182541e+04 1.303357e+02 4.732852e+04
4.981631e-01 3.603946e+05 3.161935e+02 -1.499356e+04 -9.450552e+02 5.904583e+04
4.999565e-01 3.624526e+05 1.524521e+03 -9.805495e+03 -7.897000e+02 6.578542e+04
5.017530e-01 3.612861e+05 1.248719e+03 -1.203068e+04 9.032272e+02 6.119378e+04
5.035473e-01 3.597392e+05 7.351979e+02 -2.021129e+04 1.351485e+03 4.638381e+04
5.053425e-01 3.585423e+05 2.096441e+03 -2.537226e+04 -1.125300e+03 3.486632e+04
5.071378e-01 3.568393e+05 2.122358e+03 -2.391366e+04 -2.333494e+03 3.713952e+04
5.089338e-01 3.582582e+05 2.167495e+02 -1.682430e+04 -6.970693e+02 4.751115e+04
5.107304e-01 3.612682e+05 1.327192e+02 -1.162654e+04 -7.100035e+02 5.501827e+04
5.125264e-01 3.613282e+05 1.781507e+03 -1.098874e+04 -8.124854e+02 5.425995e+04
5.143202e-01 3.596527e+05 1.969387e+03 -1.653998e+04 -2.341013e+02 4.390959e+04
5.161135e-01 3.576740e+05 1.407950e+03 -2.231267e+04 1.200783e+03 3.386986e+04
5.179077e-01 3.573537e+05 1.528356e+03 -2.224073e+04 -1.509170e+02 3.542512e+04
5.197029e-01 3.568462e+05 2.161161e+03 -1.536139e+04 -1.734099e+03 4.355422e+04
5.214989e-01 3.568173e+05 2.281604e+03 -8.134694e+03 -2.433301e+03 5.131730e+04
5.232939e-01 3.561753e+05 1.640940e+03 -4.504473e+03 -3.669532e+03 4.889284e+04
5.250894e-01 3.554747e+05 1.583867e+03 -6.549456e+03 -2.990992e+03 4.204422e+04
5.268875e-01 3.545028e+05 1.324952e+03 -9.738925e+03 -5.739108e+02 3.267221e+04
5.286829e-01 3.541662e+05 8.634777e+02 -1.087606e+04 2.367670e+03 2.952663e+04
5.304764e-01 3.547869e+05 8.202725e+01 -1.259904e+04 4.316940e+03 3.427153e+04
5.322718e-01 3.562128e+05 3.764814e+02 -1.353337e+04 3.722694e+03 3.779101e+04
5.340665e-01 3.559705e+05 1.817911e+03 -1.714123e+04 4.125984e+02 3.722487e+04
5.358628e-01 3.549565e+05 1.702938e+03 -1.996683e+04 -1.277044e+03 3.228070e+04
5.376582e-01 3.553322e+05 5.304537e+02 -2.127028e+04 -7.255073e+02 2.928409e+04
5.394517e-01 3.570904e+05 8.832402e+02 -1.950149e+04 -6.542864e+02 3.465565e+04
5.412446e-01 3.575072e+05 1.699786e+03 -1.428295e+04 4.190570e+02 4.400197e+04
5.430425e-01 3.572689e+05 1.304567e+03 -1.224570e+04 1.287766e+03 4.749245e+04
5.448396e-01 3.570377e+05 7.289341e+02 -1.417764e+04 -1.077810e+02 4.246651e+04
5.466312e-01 3.566714e+05 1.643201e+03 -1.736795e+04 -3.368073e+03 3.077289e+04
5.484273e-01 3.553928e+05 2.356045e+03 -1.939705e+04 -2.438006e+03 2.468978e+04
5.502231e-01 3.539963e+05 1.820307e+03 -1.737822e+04 7.273761e+02 2.439915e+04
5.520189e-01 3.540367e+05 1.439663e+03 -1.593927e+04 2.271646e+03 2.874187e+04
5.538138e-01 3.542138e+05 1.454823e+03 -1.515891e+04 4.114202e+02 3.338834e+04
5.556067e-01 3.536261e+05 1.247364e+03 -1.804862e+04 -2.577155e+02 3.290653e+04
5.574029e-01 3.539277e+05 7.139031e+02 -2.129375e+04 -2.106296e+02 2.750853e+04
5.591994e-01 3.541162e+05 5.748002e+02 -2.198780e+04 -1.072430e+02 2.337349e+04
5.609943e-01 3.560519e+05 4.745717e+02 -1.895440e+04 -1.223660e+03 2.669068e+04
5.627890e-01 3.580393e+05 9.493412e+02 -1.267644e+04 -2.013029e+03 3.422639e+04
5.645865e-01 3.586947e+05 2.076639e+03 -8.845228e+03 -2.073589e+03 3.638959e+04
5.663833e-01 3.567348e+05 2.767527e+03 -1.021819e+04 -1.036615e+03 3.120243e+04
5.681768e-01 3.535266e+05 2.253234e+03 -1.408779e+04 4.468525e+02 2.323044e+04
5.699714e-01 3.523582e+05 1.570244e+03 -1.766352e+04 9.391752e+02 1.629801e+04
5.717666e-01 3.521683e+05 1.897819e+03 -1.584743e+04 -1.877799e+03 1.950255e+04
5.735604e-01 3.526262e+05 2.132267e+03 -8.648082e+03 -3.200188e+03 2.668288e+04
5.753547e-01 3.532954e+05 1.726231e+03 -2.148575e+03 -3.077483e+03 3.114610e+04
5.771493e-01 3.539032e+05 3.289795e+02 -9.157457e+02 -9.148737e+02 2.929570e+04
5.789465e-01 3.543748e+05 9.357512e+02 -3.630769e+03 1.169609e+03 2.242969e+04
5.807435e-01 3.538572e+05 2.054711e+03 -7.312817e+03 1.336389e+03 2.029590e+04
5.825362e-01 3.522411e+05 2.103464e+03 -7.918758e+03 2.200523e+03 2.286292e+04
5.843306e-01 3.518654e+05 1.611321e+03 -5.682009e+03 1.941005e+03 2.966091e+04
5.861281e-01 3.523682e+05 1.417980e+03 -5.091426e+03 3.123777e+02 3.636907e+04
5.879240e-01 3.519673e+05 9.695475e+02 -7.201522e+03 6.077354e+02 3.427454e+04
5.897195e-01 3.523745e+05 6.950141e+02 -1.226156e+04 -2.205943e+02 2.652389e+04
5.915160e-01 3.529032e+05 1.080491e+03 -1.421710e+04 -2.318091e+03 1.853738e+04
5.933128e-01 3.540866e+05 7.974982e+02 -1.437992e+04 -1.759096e+03 1.872958e+04
5.951052e-01 3.556280e+05 1.697431e+02 -1.228970e+04 1.121695e+03 2.111946e+04
5.968969e-01 3.566776e+05 1.084527e+03 -1.075289e+04 1.545865e+03 2.275758e+04
5.986941e-01 3.561524e+05 2.344343e+03 -1.025032e+04 -1.409169e+03 2.298864e+04
6.004886e-01 3.545485e+05 1.766360e+03 -1.163047e+04 -7.249661e+02 2.166075e+04
6.022826e-01 3.552949e+05 3.577552e+02 -1.308108e+04 1.977761e+03 1.992953e+04
6.040778e-01 3.567306e+05 1.059900e+02 -1.328112e+04 1.217568e+03 2.176102e+04
6.058727e-01 3.583987e+05 2.110528e+03 -1.189448e+04 -1.385100e+03 2.493246e+04
6.076682e-01 3.564762e+05 3.667417e+03 -8.607723e+03 -3.361167e+03 2.669952e+04
6.094636e-01 3.537764e+05 2.750463e+03 -8.372689e+03 -1.830788e+03 2.344591e+04
6.112608e-01 3.521233e+05 1.486278e+03 -1.115257e+04 5.240682e+02 1.507481e+04
6.130571e-01 3.509981e+05 9.093589e+02 -1.475498e+04 2.215597e+03 9.867310e+03
6.148510e-01 3.513804e+05 8.823885e+02 -1.607906e+04 1.570867e+03 1.039997e+04
6.166467e-01 3.525208e+05 1.182413e+03 -1.492663e+04 -8.981515e+02 1.395687e+04
6.184426e-01 3.531327e+05 1.388766e+03 -1.255022e+04 -1.932146e+03 1.710470e+04
6.202383e-01 3.538646e+05 1.545069e+03 -1.046648e+04 -2.581825e+03 1.575687e+04
6.220331e-01 3.539250e+05 1.573088e+03 -1.151543e+04 -1.255656e+03 1.244677e+04
6.238256e-01 3.544022e+05 1.485003e+03 -9.114292e+03 -4.305885e+02 1.123802e+04
6.256207e-01 3.543147e+05 2.083988e+03 -7.131556e+03 3.250789e+02 1.337958e+04
6.274180e-01 3.540695e+05 2.422193e+03 -3.835449e+03 -4.764704e+02 1.898700e+04
6.292132e-01 3.531032e+05 2.178560e+03 -4.035639e+02 -1.194645e+03 2.266335e+04
6.310070e-01 3.524725e+05 1.360208e+03 -3.495913e+02 -3.269060e+02 2.226138e+04
6.328016e-01 3.521925e+05 1.420976e+03 -2.775386e+03 6.347586e+02 1.796867e+04
6.345988e-01 3.512848e+05 1.881797e+03 -5.128113e+03 2.307293e+03 1.599538e+04
6.363935e-01 3.505627e+05 1.338911e+03 -7.019453e+03 3.037609e+03 1.937179e+04
6.381885e-01 3.514505e+05 7.640580e+02 -6.663659e+03 2.017733e+03 2.380618e+04
6.399844e-01 3.529932e+05 4.844905e+02 -5.838566e+03 -1.076595e+03 2.678374e+04
6.417790e-01 3.545945e+05 1.159190e+03 -5.539794e+03 -3.440628e+03 2.555282e+04
6.435737e-01 3.545868e+05 2.143024e+03 -4.050231e+03 -3.931997e+03 1.933182e+04
6.453671e-01 3.538016e+05 2.007321e+03 -4.172603e+03 -1.328921e+03 1.572105e+04
6.471630e-01 3.539212e+05 1.030921e+03 -4.396659e+03 6.390939e+02 1.381553e+04
6.489575e-01 3.549011e+05 9.349302e+02 -3.432389e+03 2.655588e+02 1.395864e+04
6.507531e-01 3.548641e+05 1.820602e+03 -3.094874e+03 -1.311732e+03 1.295290e+04
6.525500e-01 3.542452e+05 2.339747e+03 -2.862628e+03 -1.579840e+03 1.210330e+04
6.543447e-01 3.532152e+05 2.250241e+03 -3.012217e+03 -3.254154e+02 1.009748e+04
6.561416e-01 3.524947e+05 1.633350e+03 -4.047879e+03 1.990982e+03 1.262980e+04
6.579361e-01 3.530669e+05 7.800476e+02 -4.040813e+03 3.978539e+03 1.845976e+04
6.597296e-01 3.546780e+05 7.817801e+02 -4.506430e+03 2.761169e+03 2.393290e+04
6.615260e-01 3.549162e+05 1.974792e+03 -4.366103e+03 1.397747e+02 2.642775e+04
6.633228e-01 3.535773e+05 2.332987e+03 -5.694418e+03 -1.674150e+03 2.367995e+04
6.651187e-01 3.522018e+05 1.929384e+03 -7.678131e+03 -4.032721e+02 1.979483e+04
6.669114e-01 3.513867e+05 1.599316e+03 -9.878682e+03 1.230271e+03 1.601480e+04
6.687054e-01 3.507384e+05 2.348497e+03 -9.370387e+03 1.869084e+01 1.791000e+04
6.705023e-01 3.499771e+05 2.154750e+03 -7.084628e+03 3.591205e+01 2.261362e+04
6.722992e-01 3.506997e+05 8.985314e+02 -5.597276e+03 7.270590e+02 2.502146e+04
6.740944e-01 3.515098e+05 6.484961e+02 -6.238988e+03 8.050013e+02 2.358913e+04
6.758872e-01 3.520193e+05 1.627349e+03 -8.226765e+03 -1.040975e+03 1.927425e+04
6.776825e-01 3.515552e+05 1.652898e+03 -9.230811e+03 -2.328916e+03 1.463996e+04
6.794791e-01 3.521115e+05 1.646038e+03 -9.155193e+03 -1.393595e+03 1.332525e+04
6.812733e-01 3.530790e+05 1.068994e+03 -8.854558e+03 1.097503e+03 1.421148e+04
6.830683e-01 3.532682e+05 1.520012e+03 -1.044675e+04 1.665441e+03 1.495546e+04
6.848621e-01 3.524726e+05 2.145621e+03 -1.186667e+04 1.575893e+03 1.529134e+04
6.866570e-01 3.519308e+05 1.354068e+03 -1.444251e+04 9.527447e+02 1.464572e+04
6.884537e-01 3.521391e+05 1.221273e+03 -1.454354e+04 -5.007896e+02 1.355113e+04
6.902501e-01 3.528342e+05 1.904122e+03 -1.206059e+04 -2.020785e+03 1.435676e+04
6.920470e-01 3.524487e+05 2.490324e+03 -9.103033e+03 -1.113169e+03 1.983409e+04
6.938409e-01 3.517239e+05 2.433101e+03 -6.745212e+03 -2.812522e+02 2.236200e+04
6.956343e-01 3.507370e+05 2.076666e+03 -6.173357e+03 -1.737848e+02 2.208752e+04
6.974295e-01 3.502808e+05 1.969985e+03 -7.423162e+03 -6.676831e+02 1.997499e+04
6.992264e-01 3.497151e+05 1.716284e+03 -7.419382e+03 -1.264968e+02 1.940313e+04
7.010216e-01 3.503346e+05 1.214671e+03 -6.829996e+03 1.558864e+03 2.229972e+04
7.028157e-01 3.510619e+05 1.421421e+03 -5.409858e+03 9.234834e+02 2.497675e+04
7.046118e-01 3.511508e+05 2.348634e+03 -4.296978e+03 -1.292061e+03 2.733062e+04
7.064070e-01 3.501925e+05 1.967390e+03 -3.957722e+03 -1.819689e+03 2.751086e+04
7.082001e-01 3.502319e+05 1.127198e+03 -5.943729e+03 -5.998307e+02 2.162636e+04
7.099950e-01 3.503547e+05 1.714379e+03 -7.085377e+03 -1.029331e+03 1.455462e+04
7.117916e-01 3.497781e+05 2.125697e+03 -6.346102e+03 -1.511526e+03 1.366518e+04
7.135857e-01 3.501148e+05 1.150663e+03 -5.740461e+03 4.515650e+02 1.493108e+04
7.153810e-01 3.518805e+05 7.922861e+02 -5.254651e+03 1.545393e+03 1.490118e+04
7.171769e-01 3.522858e+05 1.483507e+03 -7.569341e+03 7.519384e+02 1.541171e+04
7.189721e-01 3.526213e+05 1.405965e+03 -9.284477e+03 6.144188e+02 1.589197e+04
7.207688e-01 3.532248e+05 1.160525e+03 -1.033386e+04 7.454804e+02 1.546588e+04
7.225642e-01 3.538140e+05 1.442009e+03 -1.015913e+04 6.288928e+02 1.810041e+04
7.243583e-01 3.541730e+05 2.308292e+03 -7.620157e+03 -6.115012e+02 2.066810e+04
7.261538e-01 3.529371e+05 2.664517e+03 -6.748924e+03 -3.691801e+02 2.382231e+04
7.279497e-01 3.518943e+05 1.991276e+03 -8.284808e+03 2.255617e+03 2.406470e+04
7.297435e-01 3.517782e+05 1.210577e+03 -1.206339e+04 2.979285e+03 2.227274e+04
7.315366e-01 3.519812e+05 1.579726e+03 -1.547612e+04 8.641599e+02 2.137381e+04
7.333339e-01 3.522358e+05 1.877344e+03 -1.494422e+04 -9.413386e+02 2.247301e+04
7.351305e-01 3.528101e+05 1.577769e+03 -1.159487e+04 -2.512988e+03 2.417950e+04
7.369246e-01 3.534258e+05 1.768903e+03 -7.231347e+03 -2.274099e+03 2.334604e+04
7.387207e-01 3.531287e+05 2.701699e+03 -5.481382e+03 -3.159070e+03 1.916820e+04
7.405164e-01 3.515886e+05 3.070598e+03 -4.018673e+03 -3.111465e+03 1.544502e+04
7.423108e-01 3.504105e+05 1.319422e+03 -5.915830e+03 6.819690e+02 1.397093e+04
7.441040e-01 3.513320e+05 8.316287e+02 -7.446740e+03 3.538110e+03 1.177832e+04
7.458996e-01 3.514892e+05 2.382654e+03 -8.336190e+03 6.558809e+02 1.446406e+04
7.476955e-01 3.504500e+05 2.893397e+03 -7.609881e+03 -1.002460e+03 1.940981e+04
7.494882e-01 3.492918e+05 1.908086e+03 -7.514694e+03 8.180974e+02 2.102207e+04
7.512836e-01 3.500788e+05 9.478505e+02 -9.624227e+03 2.057260e+03 1.990606e+04
7.530799e-01 3.510117e+05 7.467530e+02 -1.155786e+04 1.169007e+03 2.025409e+04
7.548749e-01 3.518836e+05 1.947367e+03 -1.190144e+04 -1.205346e+03 2.033282e+04
7.566699e-01 3.518654e+05 2.342919e+03 -1.045260e+04 -1.322458e+03 2.322399e+04
7.584671e-01 3.512172e+05 1.918768e+03 -9.450690e+03 1.101365e+03 2.334961e+04
7.602633e-01 3.513599e+05 9.332587e+02 -1.210326e+04 3.151911e+03 2.277267e+04
7.620571e-01 3.523688e+05 5.494167e+02 -1.555243e+04 1.684858e+03 2.098752e+04
7.638531e-01 3.536356e+05 1.187451e+03 -1.715494e+04 -1.088936e+03 1.926663e+04
7.656499e-01 3.541434e+05 2.212879e+03 -1.572823e+04 -2.786079e+03 1.957288e+04
7.674455e-01 3.537000e+05 2.576682e+03 -1.178632e+04 -2.067104e+03 2.051529e+04
7.692400e-01 3.531996e+05 2.186307e+03 -9.177452e+03 -1.548447e+02 2.282049e+04
7.710340e-01 3.534816e+05 1.348456e+03 -9.215367e+03 1.016677e+03 2.225047e+04
7.728276e-01 3.539609e+05 1.748489e+03 -1.123100e+04 -3.019093e+02 1.949914e+04
7.746220e-01 3.532751e+05 2.639930e+03 -1.219820e+04 -1.944311e+03 1.695181e+04
7.764173e-01 3.518270e+05 2.391553e+03 -1.111423e+04 -9.682779e+02 1.481726e+04
7.782136e-01 3.516875e+05 1.818649e+03 -1.059658e+04 2.827681e+02 1.341819e+04
7.800117e-01 3.519298e+05 1.625203e+03 -1.038474e+04 -3.986384e+02 1.346885e+04
7.818056e-01 3.525463e+05 1.911344e+03 -1.095395e+04 -7.866410e+02 1.405378e+04
7.835979e-01 3.524539e+05 2.095904e+03 -1.131702e+04 -5.620717e+02 1.378147e+04
7.853947e-01 3.520129e+05 2.339496e+03 -1.045333e+04 -4.652353e+02 1.298546e+04
7.871903e-01 3.518727e+05 1.881448e+03 -9.056454e+03 -5.141442e+02 1.467268e+04
7.889853e-01 3.524486e+05 1.436671e+03 -8.477077e+03 1.022397e+03 1.910148e+04
7.907819e-01 3.531899e+05 1.485563e+03 -8.699735e+03 2.605757e+03 2.273551e+04
7.925772e-01 3.538675e+05 1.423198e+03 -1.135254e+04 2.904584e+03 2.430641e+04
7.943719e-01 3.542986e+05 1.305836e+03 -1.380301e+04 3.579246e+02 2.302319e+04
7.961659e-01 3.550742e+05 1.753852e+03 -1.455226e+04 -1.062099e+03 2.164342e+04
7.979598e-01 3.548360e+05 2.263287e+03 -1.385792e+04 -1.189305e+03 2.163200e+04
7.997559e-01 3.543914e+05 2.881644e+03 -1.287119e+04 -1.048770e+03 2.010258e+04
8.015520e-01 3.530894e+05 3.256017e+03 -1.076618e+04 -2.595426e+03 1.967951e+04
8.033475e-01 3.514073e+05 2.658099e+03 -9.119051e+03 -3.269243e+03 1.721746e+04
8.051404e-01 3.516633e+05 1.500465e+03 -8.194609e+03 -2.252654e+03 1.301196e+04
8.069349e-01 3.526363e+05 1.320540e+03 -7.753769e+03 -7.258760e+02 1.033137e+04
8.087329e-01 3.533524e+05 1.737670e+03 -7.927309e+03 1.317115e+03 1.221332e+04
8.105286e-01 3.539026e+05 1.424087e+03 -8.475770e+03 3.243423e+03 1.611922e+04
8.123233e-01 3.541832e+05 1.924345e+03 -9.777267e+03 2.098922e+03 1.712444e+04
8.141188e-01 3.538274e+05 2.702748e+03 -1.076242e+04 -8.424473e+02 1.851141e+04
8.159142e-01 3.522438e+05 2.451135e+03 -1.094071e+04 -1.237600e+03 1.750422e+04
8.177087e-01 3.525134e+05 1.844085e+03 -1.102825e+04 -8.052956e+02 1.520276e+04
8.195037e-01 3.531737e+05 1.754919e+03 -1.010432e+04 -6.533456e+02 1.362613e+04
8.212995e-01 3.535105e+05 2.219801e+03 -8.174872e+03 -1.298580e+03 1.591196e+04
8.230953e-01 3.535025e+05 1.967789e+03 -6.463321e+03 -4.419495e+02 1.724542e+04
8.248902e-01 3.534570e+05 1.862269e+03 -5.667781e+03 1.152654e+03 1.719971e+04
8.266848e-01 3.530149e+05 2.686007e+03 -6.870572e+03 5.854434e+02 1.634002e+04
8.284792e-01 3.517487e+05 2.809796e+03 -7.504113e+03 -5.018139e+02 1.778289e+04
8.302734e-01 3.510035e+05 2.164162e+03 -7.502631e+03 1.896435e+02 1.763210e+04
8.320692e-01 3.514880e+05 1.409257e+03 -8.051990e+03 5.731074e+02 1.697208e+04
8.338654e-01 3.525350e+05 1.084412e+03 -9.515133e+03 5.126103e+02 1.619351e+04
8.356607e-01 3.535441e+05 1.634860e+03 -1.138229e+04 4.094325e+02 1.528154e+04
8.374562e-01 3.535553e+05 2.205017e+03 -1.203437e+04 -5.154843e+02 1.447257e+04
8.392510e-01 3.537796e+05 2.315763e+03 -1.124853e+04 -8.184510e+02 1.516168e+04
8.410464e-01 3.536224e+05 2.228154e+03 -8.838294e+03 -1.383723e+03 1.596827e+04
8.428427e-01 3.536638e+05 2.127366e+03 -6.842198e+03 -1.219972e+03 1.729191e+04
8.446371e-01 3.534773e+05 2.435832e+03 -5.926283e+03 -5.324692e+02 1.693409e+04
8.464320e-01 3.532118e+05 2.144044e+03 -6.755646e+03 -8.179987e+02 1.429728e+04
8.482278e-01 3.526872e+05 2.098721e+03 -8.032516e+03 -9.524517e+02 1.050721e+04
8.500227e-01 3.529951e+05 1.738667e+03 -9.594077e+03 4.846782e+02 8.520836e+03
8.518177e-01 3.531560e+05 1.701930e+03 -1.111870e+04 1.920655e+03 8.811327e+03
8.536137e-01 3.535892e+05 2.238073e+03 -1.194482e+04 1.341880e+03 9.832696e+03
8.554088e-01 3.530951e+05 2.327889e+03 -1.207893e+04 8.137311e+02 1.312513e+04
8.572024e-01 3.530204e+05 1.943424e+03 -1.201233e+04 5.393344e+02 1.473889e+04
8.589967e-01 3.531998e+05 2.458219e+03 -1.140884e+04 -4.886646e+02 1.466921e+04
8.607918e-01 3.521436e+05 2.841700e+03 -1.078025e+04 -8.175034e+02 1.683424e+04
8.625869e-01 3.514701e+05 1.996628e+03 -1.106443e+04 2.073654e+03 1.779155e+04
8.643824e-01 3.515054e+05 1.762670e+03 -1.321948e+04 3.105049e+03 1.718105e+04
8.661785e-01 3.515333e+05 2.202923e+03 -1.557716e+04 2.200807e+02 1.777131e+04
8.679743e-01 3.511875e+05 2.818641e+03 -1.527924e+04 -3.645106e+03 1.554621e+04
8.697706e-01 3.508717e+05 3.034316e+03 -1.192489e+04 -5.151172e+03 1.380756e+04
8.715653e-01 3.506907e+05 2.512985e+03 -8.529916e+03 -3.103161e+03 1.284703e+04
8.733592e-01 3.507343e+05 1.949272e+03 -5.901840e+03 1.004452e+03 1.371652e+04
8.751548e-01 3.513644e+05 1.830555e+03 -6.051137e+03 1.833589e+03 1.573776e+04
8.769502e-01 3.512590e+05 2.030182e+03 -7.319900e+03 1.389437e+03 1.733261e+04
8.787466e-01 3.509990e+05 2.139678e+03 -9.294292e+03 5.085334e+02 1.626731e+04
8.805415e-01 3.510892e+05 2.039194e+03 -1.026605e+04 -1.222055e+03 1.402884e+04
8.823359e-01 3.507551e+05 2.520726e+03 -1.055498e+04 -1.565993e+03 1.304600e+04
8.841313e-01 3.504727e+05 2.944371e+03 -8.592704e+03 -2.027680e+03 1.179817e+04
8.859273e-01 3.498572e+05 2.951855e+03 -5.607456e+03 -2.279566e+03 1.275955e+04
8.877230e-01 3.490395e+05 2.416984e+03 -3.581715e+03 -9.817164e+02 1.335742e+04
8.895175e-01 3.496740e+05 1.617839e+03 -3.525583e+03 1.221118e+03 1.392225e+04
8.913122e-01 3.498600e+05 1.846400e+03 -4.688105e+03 1.668105e+03 1.332493e+04
8.931078e-01 3.496854e+05 2.566391e+03 -6.909118e+03 1.305032e+03 1.437018e+04
8.949034e-01 3.494233e+05 2.050633e+03 -7.926231e+03 2.027186e+02 1.507167e+04
8.966974e-01 3.498825e+05 1.947905e+03 -8.061245e+03 -9.507726e+02 1.293766e+04
8.984931e-01 3.500403e+05 2.173686e+03 -6.996283e+03 -2.148138e+03 1.064922e+04
9.002874e-01 3.505954e+05 1.998937e+03 -6.586250e+03 -1.776620e+03 7.443854e+03
9.020815e-01 3.510982e+05 1.833276e+03 -6.355126e+03 -3.308919e+02 4.554618e+03
9.038774e-01 3.519269e+05 2.066545e+03 -6.312966e+03 -1.490383e+02 4.420735e+03
9.056723e-01 3.521508e+05 2.569531e+03 -4.477125e+03 -1.082781e+03 5.367728e+03
9.074684e-01 3.519258e+05 2.575488e+03 -2.697010e+03 -8.456309e+02 9.044336e+03
9.092635e-01 3.520752e+05 2.310305e+03 -2.656975e+03 7.757946e+02 1.071003e+04
9.110582e-01 3.515426e+05 2.379840e+03 -3.130387e+03 5.017733e+02 9.292777e+03
9.128546e-01 3.510893e+05 2.591556e+03 -3.523708e+03 -4.643362e+02 9.780208e+03
9.146502e-01 3.510452e+05 2.291050e+03 -3.197562e+03 -2.004779e+01 1.036158e+04
9.164437e-01 3.514531e+05 1.739132e+03 -3.648884e+03 5.020173e+02 1.042057e+04
9.182390e-01 3.520304e+05 2.560265e+03 -3.635296e+03 7.040029e+02 1.086905e+04
