# k, q0, q1/i, q2, q3/i, q4, norm, alpha = 0.00010325879791149288, 0.01987432793133251
0.000000e+00 4.336361e+06 0.000000e+00 0.000000e+00 0.000000e+00 2.097819e+06
2.542755e-03 1.958057e+06 8.858806e+05 7.113554e+05 5.759041e+05 -2.489122e+05
4.308321e-03 6.506215e+05 1.873443e+05 1.061893e+06 7.930410e+05 6.347094e+04
6.127972e-03 1.871691e+05 -1.336855e+04 5.090369e+05 3.631077e+05 1.528069e+05
7.953317e-03 6.578258e+04 -3.335229e+04 1.608682e+05 7.725895e+04 1.637324e+05
9.814571e-03 2.436852e+04 -1.098541e+04 1.700166e+04 2.368376e+03 4.622735e+04
1.156539e-02 9.386799e+03 -5.921765e+02 -7.987048e+03 -2.022588e+03 7.430638e+03
1.336205e-02 4.710430e+03 1.283468e+03 -3.168322e+03 4.071662e+03 5.363491e+03
1.519307e-02 3.822012e+03 7.798483e+02 2.540476e+03 4.052478e+03 1.143965e+04
1.700413e-02 2.880093e+03 6.323122e+01 3.616823e+03 1.467660e+03 1.154777e+04
1.878921e-02 1.609608e+03 -3.853093e+02 1.685870e+03 -3.179742e+02 6.954735e+03
2.056181e-02 7.972194e+02 -2.618496e+02 -8.063476e+00 -2.686238e+02 2.750435e+03
2.237315e-02 5.717823e+02 -3.536988e+01 -6.661244e+02 2.001562e+02 1.371584e+03
2.420702e-02 5.533193e+02 9.886615e+01 -2.717063e+02 4.623499e+02 1.704534e+03
2.604330e-02 5.047599e+02 5.584699e+01 1.800705e+02 3.173814e+02 2.125827e+03
2.781707e-02 4.163406e+02 -2.408140e+01 2.239195e+02 3.019715e+01 1.874702e+03
2.956466e-02 2.771149e+02 -5.391064e+01 1.899153e+01 -1.134177e+02 1.187681e+03
3.136513e-02 1.751440e+02 -3.225710e+01 -1.989308e+02 -7.410583e+01 5.799965e+02
3.317513e-02 1.311387e+02 1.484854e+01 -1.921537e+02 3.002344e+01 3.750071e+02
3.497165e-02 1.261389e+02 3.219989e+01 -4.827003e+01 8.244423e+01 4.753281e+02
3.677184e-02 1.239814e+02 1.569805e+01 6.567659e+01 5.830703e+01 5.810803e+02
3.856197e-02 1.080810e+02 -1.134852e+01 6.308783e+01 1.005409e+00 5.277179e+02
4.034231e-02 7.755676e+01 -1.905424e+01 -1.597793e+01 -2.920519e+01 3.361952e+02
4.214741e-02 5.331901e+01 -8.222431e+00 -7.261958e+01 -1.447186e+01 1.807086e+02
4.395085e-02 4.787933e+01 5.917720e+00 -7.045372e+01 1.737606e+01 1.526543e+02
4.574462e-02 5.055943e+01 1.140402e+01 -1.907503e+01 3.356707e+01 2.085673e+02
4.755674e-02 5.266722e+01 4.180886e+00 1.975076e+01 2.033116e+01 2.542104e+02
4.935944e-02 4.524180e+01 -4.582033e+00 1.468561e+01 -3.283179e+00 2.221307e+02
5.113615e-02 3.456027e+01 -7.653706e+00 -1.344277e+01 -1.400542e+01 1.512881e+02
5.293674e-02 2.583123e+01 -3.359244e+00 -3.767649e+01 -6.545898e+00 8.947303e+01
5.472727e-02 2.298280e+01 2.451434e+00 -3.565320e+01 6.161865e+00 7.634057e+01
5.651697e-02 2.319437e+01 4.106441e+00 -1.559712e+01 1.109627e+01 9.338797e+01
5.831477e-02 2.357000e+01 1.511235e+00 -5.928308e-01 5.848770e+00 1.085619e+02
6.011451e-02 2.093302e+01 -1.866606e+00 -2.004751e+00 -2.911285e+00 9.603223e+01
6.191171e-02 1.602408e+01 -2.601017e+00 -1.282193e+01 -6.128363e+00 6.494328e+01
6.370712e-02 1.267599e+01 -6.056191e-01 -1.941305e+01 -1.916602e+00 4.283776e+01
6.550732e-02 1.195074e+01 1.740587e+00 -1.532178e+01 3.781078e+00 4.193486e+01
6.729498e-02 1.254009e+01 2.055216e+00 -5.039519e+00 5.301381e+00 5.329093e+01
6.908598e-02 1.241556e+01 4.305089e-01 1.677257e+00 1.766734e+00 5.920333e+01
7.088188e-02 1.059953e+01 -1.404383e+00 -9.645526e-01 -2.207065e+00 4.915828e+01
7.268232e-02 8.492653e+00 -1.595074e+00 -8.172869e+00 -3.108282e+00 3.314636e+01
7.447792e-02 7.085238e+00 -2.513383e-01 -1.188527e+01 -5.952225e-01 2.268081e+01
7.627282e-02 6.875887e+00 1.072334e+00 -8.945597e+00 2.277061e+00 2.377308e+01
7.807562e-02 7.192998e+00 1.044801e+00 -3.022868e+00 2.697358e+00 3.061135e+01
7.988558e-02 7.088175e+00 -7.131328e-02 -4.227404e-01 5.265440e-01 3.250370e+01
8.168049e-02 6.222220e+00 -8.929870e-01 -2.897027e+00 -1.746891e+00 2.654967e+01
8.345709e-02 4.955633e+00 -7.727698e-01 -6.637323e+00 -1.651462e+00 1.745363e+01
8.524436e-02 4.361545e+00 1.098226e-01 -7.754313e+00 3.724920e-01 1.329179e+01
8.704550e-02 4.622406e+00 8.612604e-01 -4.969357e+00 2.197056e+00 1.651702e+01
8.884478e-02 5.053422e+00 7.341187e-01 -8.819610e-01 2.020641e+00 2.205588e+01
9.064103e-02 5.132219e+00 -4.327846e-02 7.160717e-01 2.609084e-01 2.389979e+01
9.243897e-02 4.447873e+00 -6.582048e-01 -9.537998e-01 -1.359705e+00 1.921486e+01
9.423607e-02 3.531195e+00 -5.476015e-01 -3.901241e+00 -1.400816e+00 1.233723e+01
9.603871e-02 3.002194e+00 6.876852e-02 -4.839155e+00 -1.660549e-02 8.970556e+00
9.782410e-02 3.069068e+00 5.159168e-01 -3.161918e+00 1.241754e+00 1.058872e+01
9.961474e-02 3.412028e+00 4.313555e-01 -6.859553e-01 1.251800e+00 1.415401e+01
1.014127e-01 3.429393e+00 -4.784935e-02 2.906993e-01 9.856208e-02 1.504930e+01
1.031985e-01 3.012102e+00 -4.154355e-01 -8.826914e-01 -8.675793e-01 1.225579e+01
1.049957e-01 2.452671e+00 -3.676230e-01 -2.751975e+00 -7.970073e-01 8.041020e+00
1.067952e-01 2.197921e+00 3.802470e-02 -3.381324e+00 5.860807e-02 6.140957e+00
1.085930e-01 2.239235e+00 3.611134e-01 -2.206814e+00 7.770790e-01 7.290964e+00
1.103885e-01 2.433687e+00 2.776226e-01 -5.644529e-01 7.444906e-01 9.611832e+00
1.121821e-01 2.436354e+00 -6.794118e-02 -8.853357e-02 4.508444e-02 1.004517e+01
1.139837e-01 2.207778e+00 -3.120699e-01 -9.968840e-01 -5.043213e-01 8.154215e+00
1.157773e-01 1.905848e+00 -2.165075e-01 -2.243083e+00 -4.445432e-01 5.645586e+00
1.175730e-01 1.743425e+00 9.181349e-02 -2.423732e+00 1.739360e-01 4.699466e+00
1.193666e-01 1.852584e+00 2.928427e-01 -1.436699e+00 6.621654e-01 5.993363e+00
1.211543e-01 1.997259e+00 2.142518e-01 -1.561699e-01 5.399768e-01 7.721195e+00
1.229561e-01 1.986477e+00 -4.068848e-02 2.640545e-01 -5.889316e-02 8.037501e+00
1.247542e-01 1.757057e+00 -2.456385e-01 -4.169554e-01 -5.184846e-01 6.427324e+00
1.265466e-01 1.492349e+00 -2.210541e-01 -1.515567e+00 -4.405886e-01 4.206597e+00
1.283363e-01 1.361013e+00 -8.073215e-03 -1.940348e+00 -3.940845e-02 3.064841e+00
1.301269e-01 1.377167e+00 1.661953e-01 -1.485970e+00 3.380057e-01 3.553618e+00
1.319334e-01 1.448620e+00 1.428735e-01 -6.697115e-01 3.627073e-01 4.641033e+00
1.337370e-01 1.465938e+00 -3.742806e-03 -3.549902e-01 6.022104e-02 5.025580e+00
1.355323e-01 1.365052e+00 -1.047442e-01 -6.430326e-01 -1.838637e-01 4.303611e+00
1.373301e-01 1.239887e+00 -7.864778e-02 -1.079673e+00 -1.540887e-01 3.321010e+00
1.391197e-01 1.191650e+00 2.681975e-02 -1.176612e+00 9.227392e-02 2.962735e+00
1.409058e-01 1.232577e+00 8.990844e-02 -8.286491e-01 2.304598e-01 3.387058e+00
1.427003e-01 1.256290e+00 5.473618e-02 -4.264659e-01 1.138080e-01 3.878519e+00
1.444928e-01 1.205268e+00 -6.059215e-02 -4.133669e-01 -1.148744e-01 3.692889e+00
1.462886e-01 1.101918e+00 -1.108757e-01 -7.902120e-01 -2.264803e-01 2.839228e+00
1.480924e-01 1.010916e+00 -4.422218e-02 -1.151651e+00 -1.011408e-01 2.052178e+00
1.498892e-01 9.988244e-01 6.011369e-02 -1.077040e+00 1.446740e-01 2.015563e+00
1.516798e-01 1.069459e+00 1.140687e-01 -6.345429e-01 2.703794e-01 2.653045e+00
1.534759e-01 1.113736e+00 6.924656e-02 -1.813814e-01 1.512803e-01 3.276618e+00
1.552766e-01 1.077570e+00 -3.224131e-02 -9.907059e-02 -6.376211e-02 3.228111e+00
1.570706e-01 9.808879e-01 -8.366748e-02 -3.932122e-01 -1.928700e-01 2.542089e+00
1.588578e-01 8.907264e-01 -4.661770e-02 -7.046767e-01 -1.202713e-01 1.858990e+00
1.606585e-01 8.522293e-01 2.641251e-02 -7.207385e-01 4.922054e-02 1.661393e+00
1.624649e-01 8.866456e-01 5.675928e-02 -4.857530e-01 1.344061e-01 1.964071e+00
1.642557e-01 9.069070e-01 3.079714e-02 -2.467905e-01 4.422937e-02 2.248358e+00
1.660459e-01 8.675212e-01 -3.555471e-02 -2.496547e-01 -9.607913e-02 2.088426e+00
1.678421e-01 7.905926e-01 -6.263491e-02 -4.762898e-01 -1.397283e-01 1.551045e+00
1.696353e-01 7.373930e-01 -2.403227e-02 -6.756563e-01 -4.710802e-02 1.131814e+00
1.714286e-01 7.349182e-01 4.204155e-02 -6.130624e-01 8.755287e-02 1.155267e+00
1.732198e-01 7.737898e-01 6.988832e-02 -3.426060e-01 1.528444e-01 1.553106e+00
1.750152e-01 8.115359e-01 3.319963e-02 -9.927235e-02 8.747311e-02 1.896300e+00
1.768177e-01 8.037599e-01 -2.447125e-02 -7.755505e-02 -3.056237e-02 1.882700e+00
1.786121e-01 7.569910e-01 -4.708829e-02 -2.635514e-01 -9.301461e-02 1.509555e+00
1.804030e-01 7.128084e-01 -2.732315e-02 -4.357203e-01 -4.901733e-02 1.154856e+00
1.822028e-01 7.065290e-01 9.469147e-03 -4.583154e-01 4.016313e-02 1.090971e+00
1.839998e-01 7.252062e-01 2.074930e-02 -3.515873e-01 7.548288e-02 1.241175e+00
1.857937e-01 7.382692e-01 3.769858e-03 -2.698197e-01 7.885254e-03 1.358563e+00
1.875926e-01 7.104222e-01 -1.743013e-02 -3.033770e-01 -7.757027e-02 1.201202e+00
1.893867e-01 6.617689e-01 -2.080219e-02 -3.989851e-01 -6.804468e-02 9.209532e-01
1.911794e-01 6.446992e-01 1.017246e-03 -4.448431e-01 1.974541e-02 7.742202e-01
1.929763e-01 6.653106e-01 3.643332e-02 -3.463365e-01 9.339232e-02 9.310296e-01
1.947689e-01 6.876539e-01 4.242527e-02 -1.559015e-01 8.033451e-02 1.210475e+00
1.965614e-01 6.866283e-01 4.559057e-03 -4.084634e-02 9.339973e-03 1.327796e+00
1.983545e-01 6.693876e-01 -3.232564e-02 -1.154621e-01 -5.979990e-02 1.180643e+00
2.001492e-01 6.343188e-01 -3.288975e-02 -2.692334e-01 -7.081933e-02 8.690085e-01
2.019476e-01 6.093551e-01 -5.896483e-03 -3.595775e-01 -4.905578e-03 6.810403e-01
2.037448e-01 6.237761e-01 2.427943e-02 -3.072862e-01 6.335597e-02 7.609968e-01
2.055436e-01 6.483344e-01 3.245163e-02 -1.655659e-01 6.706215e-02 9.790428e-01
2.073409e-01 6.502652e-01 6.299658e-03 -6.936485e-02 2.496587e-03 1.083072e+00
2.091331e-01 6.240044e-01 -2.194594e-02 -1.066445e-01 -5.729686e-02 9.433306e-01
2.109295e-01 5.915480e-01 -2.475017e-02 -2.238641e-01 -5.462164e-02 7.011147e-01
2.127243e-01 5.746656e-01 -1.795178e-03 -2.842097e-01 2.465757e-03 5.589125e-01
2.145132e-01 5.799972e-01 2.476543e-02 -2.248997e-01 5.818570e-02 6.532301e-01
2.163084e-01 6.002242e-01 2.542345e-02 -1.020549e-01 6.620327e-02 8.555387e-01
2.181043e-01 6.083382e-01 2.295219e-03 -3.106876e-02 8.040657e-03 9.488567e-01
2.198991e-01 5.966083e-01 -1.985639e-02 -7.567436e-02 -5.694681e-02 8.367588e-01
2.216975e-01 5.660014e-01 -2.338235e-02 -1.827508e-01 -6.076160e-02 6.004441e-01
2.234966e-01 5.458909e-01 -6.658420e-03 -2.500086e-01 -1.591262e-03 4.587618e-01
2.252970e-01 5.484405e-01 1.594405e-02 -2.200578e-01 4.378886e-02 5.060834e-01
2.270852e-01 5.640044e-01 2.188764e-02 -1.242579e-01 4.841516e-02 6.660617e-01
2.288723e-01 5.760927e-01 4.546147e-03 -6.107564e-02 1.736288e-02 7.584938e-01
2.306695e-01 5.710130e-01 -1.661897e-02 -8.938893e-02 -2.941054e-02 6.981252e-01
2.324665e-01 5.571642e-01 -2.108745e-02 -1.772643e-01 -4.294019e-02 5.336447e-01
2.342627e-01 5.453966e-01 -5.954428e-03 -2.398547e-01 -2.362762e-02 4.036052e-01
2.360563e-01 5.394881e-01 8.684032e-03 -2.238037e-01 1.071114e-02 3.839242e-01
2.378553e-01 5.482582e-01 7.486278e-03 -1.818777e-01 2.928973e-02 4.578596e-01
2.396569e-01 5.520504e-01 1.097985e-04 -1.587801e-01 8.403896e-03 4.971642e-01
2.414498e-01 5.369832e-01 -2.776489e-03 -1.693516e-01 -2.292540e-02 4.578341e-01
2.432397e-01 5.158215e-01 -4.900094e-03 -1.895289e-01 -1.895945e-02 3.756934e-01
2.450345e-01 5.134411e-01 1.180021e-03 -1.974159e-01 1.370968e-02 3.533251e-01
2.468308e-01 5.243537e-01 7.199362e-03 -1.761783e-01 2.921426e-02 4.105129e-01
2.486244e-01 5.341303e-01 5.188818e-03 -1.402092e-01 8.964988e-03 4.667940e-01
2.504185e-01 5.266828e-01 -2.689076e-03 -1.292792e-01 -2.038313e-02 4.514697e-01
2.522154e-01 5.148948e-01 -9.371260e-03 -1.602928e-01 -2.712579e-02 3.568225e-01
2.540114e-01 5.039678e-01 -5.763590e-04 -1.870015e-01 -1.425998e-02 2.785949e-01
2.558058e-01 5.078071e-01 1.074459e-02 -1.635181e-01 2.349218e-02 2.946274e-01
2.576012e-01 5.215772e-01 1.811882e-02 -9.503831e-02 4.449495e-02 4.058250e-01
2.593962e-01 5.312326e-01 7.653897e-03 -3.314128e-02 3.297280e-02 5.225068e-01
2.611937e-01 5.348710e-01 -8.027553e-03 -3.778686e-02 -7.035190e-03 5.296881e-01
2.629942e-01 5.224662e-01 -1.462300e-02 -9.690852e-02 -4.282273e-02 4.189728e-01
2.647885e-01 5.038378e-01 -8.878320e-03 -1.564516e-01 -3.099520e-02 2.823279e-01
2.665811e-01 4.950832e-01 4.290636e-03 -1.661176e-01 6.362426e-03 2.367540e-01
2.683801e-01 5.007622e-01 1.409531e-02 -1.193039e-01 2.905320e-02 2.989509e-01
2.701729e-01 5.118719e-01 1.009717e-02 -6.345789e-02 2.155795e-02 3.859355e-01
2.719632e-01 5.139460e-01 -1.266533e-03 -4.341732e-02 6.964494e-04 4.168649e-01
2.737587e-01 5.077704e-01 -1.098691e-02 -7.800169e-02 -1.438402e-02 3.587461e-01
2.755578e-01 4.943844e-01 -2.807500e-03 -1.137618e-01 -1.868010e-02 2.763947e-01
2.773550e-01 4.860064e-01 6.291597e-03 -1.101888e-01 9.632236e-03 2.647646e-01
2.791459e-01 4.948529e-01 1.007052e-02 -6.992050e-02 3.277682e-02 3.341381e-01
2.809385e-01 5.071179e-01 5.412345e-03 -3.115343e-02 2.353102e-02 4.172053e-01
2.827312e-01 5.118138e-01 -3.119047e-03 -2.561483e-02 -1.133148e-02 4.297116e-01
2.845296e-01 4.978379e-01 -1.059075e-02 -5.801257e-02 -3.227638e-02 3.474589e-01
2.863269e-01 4.789782e-01 -9.910694e-03 -1.056963e-01 -2.767733e-02 2.365749e-01
2.881173e-01 4.682904e-01 -5.204324e-04 -1.290213e-01 -4.457717e-03 1.805806e-01
2.899148e-01 4.705169e-01 7.413986e-03 -1.128998e-01 1.973691e-02 2.072179e-01
2.917136e-01 4.796844e-01 7.666051e-03 -7.703516e-02 1.777756e-02 2.627555e-01
2.935083e-01 4.860662e-01 2.868705e-03 -5.792522e-02 -1.880277e-03 2.842939e-01
2.953064e-01 4.838629e-01 -2.599881e-03 -6.616412e-02 -1.174451e-02 2.584006e-01
2.971025e-01 4.775495e-01 -1.358524e-03 -7.861932e-02 -2.886884e-03 2.138125e-01
2.988941e-01 4.751871e-01 4.971385e-03 -7.495124e-02 1.670566e-02 2.204503e-01
3.006873e-01 4.812935e-01 8.761298e-03 -4.643710e-02 2.406292e-02 2.821144e-01
3.024817e-01 4.902049e-01 6.752359e-03 -8.247518e-03 1.882214e-02 3.512285e-01
3.042771e-01 4.937265e-01 -1.526786e-03 3.146381e-03 -4.017537e-03 3.638534e-01
3.060756e-01 4.895051e-01 -8.196861e-03 -2.124790e-02 -2.010271e-02 3.122357e-01
3.078722e-01 4.784852e-01 -6.958239e-03 -6.174479e-02 -2.654352e-02 2.240823e-01
3.096648e-01 4.661472e-01 -2.027184e-03 -8.038551e-02 -1.350378e-02 1.624500e-01
3.114599e-01 4.651566e-01 6.864354e-04 -8.326337e-02 5.215860e-03 1.535112e-01
3.132555e-01 4.710670e-01 5.617266e-04 -7.645316e-02 1.099846e-02 1.756988e-01
3.150527e-01 4.739365e-01 -1.140587e-03 -7.515053e-02 9.993910e-04 1.871680e-01
3.168493e-01 4.722793e-01 -3.877781e-03 -8.948492e-02 -8.029735e-03 1.711296e-01
3.186391e-01 4.714019e-01 -1.958251e-03 -1.052869e-01 -8.765826e-03 1.352936e-01
3.204305e-01 4.641696e-01 6.730371e-03 -9.523889e-02 -4.256513e-03 1.266898e-01
3.222280e-01 4.617270e-01 5.577870e-03 -7.024951e-02 1.286569e-02 1.478550e-01
3.240267e-01 4.667935e-01 3.551598e-03 -4.980418e-02 1.553915e-02 1.898133e-01
3.258197e-01 4.720263e-01 1.595609e-04 -4.441209e-02 6.211902e-03 2.157643e-01
3.276150e-01 4.693980e-01 -1.722651e-03 -5.346464e-02 -8.705799e-03 2.000981e-01
3.294148e-01 4.604030e-01 -1.903474e-03 -6.379526e-02 -1.324597e-02 1.608600e-01
3.312085e-01 4.598965e-01 -2.363749e-03 -7.478914e-02 -4.167390e-03 1.283137e-01
3.330031e-01 4.615486e-01 2.320066e-03 -7.548510e-02 -8.813050e-04 1.208946e-01
3.347987e-01 4.605551e-01 2.383872e-03 -6.433992e-02 2.009651e-04 1.249007e-01
3.365969e-01 4.604298e-01 -5.042714e-04 -6.013592e-02 -4.717479e-04 1.251578e-01
3.383923e-01 4.605463e-01 -2.945005e-03 -7.109523e-02 -4.348565e-04 1.184019e-01
3.401828e-01 4.565286e-01 2.899498e-04 -7.791398e-02 -2.297039e-03 1.066219e-01
3.419763e-01 4.525855e-01 1.684727e-03 -7.632828e-02 5.680001e-03 1.116262e-01
3.437730e-01 4.565787e-01 2.736763e-03 -6.921085e-02 8.421129e-03 1.281515e-01
3.455681e-01 4.588245e-01 5.732564e-03 -5.193530e-02 2.456663e-03 1.467416e-01
3.473617e-01 4.588842e-01 2.273849e-03 -3.724861e-02 3.592608e-03 1.594799e-01
3.491590e-01 4.598905e-01 -1.278360e-03 -3.890412e-02 3.468374e-03 1.590736e-01
3.509566e-01 4.578915e-01 4.702670e-04 -4.389649e-02 -5.354377e-03 1.489915e-01
3.527534e-01 4.546106e-01 8.454558e-04 -4.500181e-02 -5.953735e-03 1.346562e-01
3.545449e-01 4.546560e-01 2.102240e-04 -4.541130e-02 -3.162408e-03 1.186306e-01
3.563372e-01 4.558641e-01 7.280294e-04 -4.426247e-02 -6.139673e-03 1.065041e-01
3.581341e-01 4.538702e-01 2.871770e-04 -4.499390e-02 -5.729524e-04 1.012383e-01
3.599303e-01 4.538746e-01 -1.169954e-03 -4.942932e-02 7.141563e-03 1.018409e-01
3.617254e-01 4.531841e-01 2.479888e-05 -5.213149e-02 7.383486e-03 1.096960e-01
3.635200e-01 4.546062e-01 1.552303e-03 -5.032732e-02 2.692971e-03 1.240938e-01
3.653165e-01 4.554384e-01 1.262502e-03 -4.690420e-02 2.026157e-04 1.299665e-01
3.671116e-01 4.595842e-01 -7.385064e-04 -4.664716e-02 -3.993382e-03 1.235104e-01
3.689088e-01 4.601400e-01 2.008846e-03 -4.754288e-02 -1.202169e-02 1.025396e-01
3.707076e-01 4.533619e-01 1.506786e-03 -4.149218e-02 -9.432849e-03 7.896770e-02
3.725001e-01 4.493024e-01 6.233605e-05 -3.878265e-02 2.431591e-03 7.063016e-02
3.742913e-01 4.468388e-01 -5.015832e-04 -4.397978e-02 7.680918e-03 8.052571e-02
3.760877e-01 4.448676e-01 -3.602465e-04 -4.710281e-02 7.562165e-03 9.346982e-02
3.778836e-01 4.426619e-01 3.811504e-04 -4.901627e-02 1.396573e-04 9.764294e-02
3.796766e-01 4.420579e-01 1.364675e-03 -4.808187e-02 -2.812545e-03 9.087647e-02
3.814707e-01 4.422335e-01 3.509529e-03 -4.161600e-02 -1.927350e-03 9.022657e-02
3.832699e-01 4.436030e-01 4.907032e-03 -2.561974e-02 5.799955e-04 9.209004e-02
3.850666e-01 4.441368e-01 2.347659e-03 -1.167792e-02 5.808503e-03 1.092569e-01
3.868579e-01 4.478371e-01 1.882878e-04 -9.666987e-03 1.811872e-03 1.188422e-01
3.886538e-01 4.478609e-01 -3.311719e-03 -1.899966e-02 -1.716956e-03 1.132420e-01
3.904491e-01 4.467725e-01 -2.204861e-03 -3.481390e-02 -7.968444e-03 8.687931e-02
3.922449e-01 4.435544e-01 -6.106207e-04 -4.249918e-02 -6.855257e-03 6.809311e-02
3.940400e-01 4.444610e-01 -3.457029e-04 -4.895473e-02 4.886042e-03 6.289124e-02
3.958317e-01 4.476866e-01 2.635152e-03 -4.618289e-02 3.488095e-03 6.897382e-02
3.976289e-01 4.481488e-01 2.639290e-03 -3.710981e-02 3.154828e-04 7.993640e-02
3.994255e-01 4.486012e-01 -1.701539e-04 -3.324404e-02 3.204705e-03 8.547840e-02
4.012204e-01 4.520901e-01 1.107406e-03 -3.643204e-02 -1.104336e-03 7.760267e-02
4.030168e-01 4.486482e-01 4.178604e-03 -2.983397e-02 -4.286195e-03 7.948089e-02
4.048122e-01 4.455306e-01 2.655679e-03 -1.771391e-02 4.375674e-03 8.480461e-02
4.066062e-01 4.471552e-01 5.598217e-04 -1.092601e-02 4.222041e-03 9.268520e-02
4.084001e-01 4.487949e-01 -1.166381e-03 -1.478858e-02 -7.905327e-04 9.820091e-02
4.101968e-01 4.490559e-01 -1.708938e-03 -2.445674e-02 -1.966162e-03 8.606815e-02
4.119946e-01 4.425986e-01 -1.004618e-03 -3.338288e-02 -5.805672e-03 6.928451e-02
4.137897e-01 4.398880e-01 2.118337e-04 -3.868924e-02 -1.151909e-03 5.895143e-02
4.155829e-01 4.389081e-01 2.128015e-03 -3.585306e-02 1.890486e-03 6.076468e-02
4.173778e-01 4.419096e-01 8.550760e-04 -3.127177e-02 5.573641e-03 7.155689e-02
4.191752e-01 4.437267e-01 1.678335e-03 -2.824519e-02 -4.916752e-04 7.767968e-02
4.209702e-01 4.411982e-01 -3.349944e-04 -2.918151e-02 -1.485148e-03 7.510208e-02
4.227638e-01 4.404098e-01 -1.383860e-03 -3.533639e-02 -6.770979e-04 6.425954e-02
4.245604e-01 4.407845e-01 -4.707684e-05 -4.232264e-02 -8.546851e-04 5.758176e-02
4.263543e-01 4.423359e-01 2.421251e-03 -4.056284e-02 2.151731e-03 6.198636e-02
4.281451e-01 4.413777e-01 3.182083e-03 -2.996496e-02 1.097797e-03 6.985079e-02
4.299400e-01 4.422052e-01 1.425572e-03 -2.232607e-02 8.259564e-05 7.324244e-02
4.317365e-01 4.424288e-01 6.296387e-04 -2.176482e-02 -4.472497e-03 6.903058e-02
4.335323e-01 4.398248e-01 -2.407750e-04 -2.603886e-02 -4.086321e-03 6.043987e-02
4.353294e-01 4.387316e-01 -8.520247e-04 -2.999682e-02 1.456639e-03 5.153686e-02
4.371263e-01 4.400332e-01 -2.570771e-05 -3.518634e-02 3.549477e-03 5.389749e-02
4.389235e-01 4.402843e-01 1.800855e-03 -3.367252e-02 1.614677e-04 5.649574e-02
4.407180e-01 4.402636e-01 1.144204e-03 -3.057248e-02 -7.581168e-04 5.957983e-02
4.425103e-01 4.421216e-01 1.802120e-05 -3.246404e-02 3.860435e-04 5.547632e-02
4.443072e-01 4.402597e-01 1.246402e-03 -3.490985e-02 -2.093482e-03 5.216953e-02
4.461036e-01 4.389471e-01 1.270240e-03 -3.100276e-02 2.486750e-03 5.242933e-02
4.478956e-01 4.383020e-01 2.034720e-03 -2.837459e-02 1.977322e-03 5.959718e-02
4.496902e-01 4.402047e-01 9.979658e-04 -2.278640e-02 2.754861e-03 6.747942e-02
4.514874e-01 4.420847e-01 5.356952e-04 -2.363385e-02 -2.741785e-03 6.563969e-02
4.532823e-01 4.403102e-01 1.958553e-04 -2.502435e-02 -5.461364e-03 5.545111e-02
4.550750e-01 4.385837e-01 -7.879700e-04 -3.097445e-02 -3.636180e-03 3.928870e-02
4.568708e-01 4.347165e-01 1.268190e-03 -3.243474e-02 -2.511544e-03 3.300437e-02
4.586693e-01 4.322470e-01 9.148400e-04 -3.009471e-02 3.035587e-03 3.749968e-02
4.604629e-01 4.340453e-01 -3.162357e-04 -3.146005e-02 6.447438e-03 4.586696e-02
4.622570e-01 4.370564e-01 1.252386e-03 -3.197458e-02 1.165099e-03 5.279195e-02
4.640543e-01 4.365664e-01 2.044980e-03 -3.037407e-02 -3.811426e-03 5.149829e-02
4.658487e-01 4.352402e-01 1.258236e-03 -2.674253e-02 3.518240e-04 4.731360e-02
4.676433e-01 4.373252e-01 1.455058e-03 -2.462956e-02 2.673222e-03 5.151783e-02
4.694380e-01 4.377811e-01 2.557711e-03 -1.913420e-02 2.786451e-03 6.318044e-02
4.712319e-01 4.364182e-01 2.383341e-03 -1.037979e-02 1.280838e-03 7.054854e-02
4.730274e-01 4.346355e-01 -1.163169e-04 -8.471054e-03 -1.884503e-03 6.871723e-02
4.748233e-01 4.358447e-01 -1.869245e-03 -1.648136e-02 -2.942997e-03 5.907609e-02
4.766206e-01 4.369787e-01 -1.091019e-03 -2.668224e-02 -6.285721e-04 4.732076e-02
4.784155e-01 4.377119e-01 7.937413e-04 -3.097962e-02 1.064278e-03 4.519033e-02
4.802074e-01 4.385348e-01 2.388890e-03 -2.704411e-02 2.306250e-03 5.002857e-02
4.820041e-01 4.396044e-01 2.790950e-03 -2.002347e-02 2.254529e-03 6.078474e-02
4.838035e-01 4.394437e-01 1.535087e-03 -1.354636e-02 -8.918062e-05 6.639222e-02
4.855966e-01 4.375094e-01 3.509252e-04 -1.335556e-02 -2.413117e-03 6.100217e-02
4.873905e-01 4.369763e-01 -5.343177e-04 -1.915185e-02 -2.316137e-03 5.277123e-02
4.891890e-01 4.361939e-01 9.243790e-04 -2.266346e-02 -2.530485e-03 4.477291e-02
4.909845e-01 4.349925e-01 9.446631e-04 -2.215388e-02 1.578568e-03 4.350126e-02
4.927778e-01 4.350286e-01 1.199913e-05 -2.214819e-02 5.811713e-03 5.062035e-02
4.945710e-01 4.364134e-01 2.305963e-04 -2.582799e-02 2.782898e-03 5.821769e-02
4.963686e-01 4.348305e-01 1.238361e-03 -2.612479e-02 -2.253143e-03 5.825527e-02
4.981631e-01 4.342784e-01 6.378855e-05 -2.685961e-02 4.254332e-04 5.534386e-02
4.999565e-01 4.360198e-01 4.429946e-04 -2.978239e-02 -1.662224e-04 5.327721e-02
5.017530e-01 4.371904e-01 9.777867e-04 -3.148489e-02 1.360458e-03 5.559248e-02
5.035473e-01 4.392710e-01 -5.543721e-05 -3.121107e-02 1.047610e-03 5.596163e-02
5.053425e-01 4.421909e-01 9.197159e-05 -3.524198e-02 -1.115188e-03 5.402726e-02
5.071378e-01 4.404315e-01 1.446180e-03 -3.555728e-02 -3.491985e-03 4.927583e-02
5.089338e-01 4.380098e-01 4.043047e-04 -3.508554e-02 1.843139e-03 4.755020e-02
5.107304e-01 4.375018e-01 -1.071248e-05 -3.705599e-02 4.215097e-03 5.021108e-02
5.125264e-01 4.401119e-01 7.119974e-04 -3.953258e-02 3.172435e-03 5.716564e-02
5.143202e-01 4.415540e-01 2.106590e-03 -3.823052e-02 -3.019912e-03 6.115454e-02
5.161135e-01 4.387747e-01 2.475923e-03 -3.240338e-02 -3.924213e-03 5.545362e-02
5.179077e-01 4.362533e-01 -3.102724e-04 -3.101994e-02 -6.518811e-04 4.745260e-02
5.197029e-01 4.362040e-01 1.634349e-04 -3.471483e-02 -5.135660e-04 4.354857e-02
5.214989e-01 4.368946e-01 9.303825e-04 -3.748629e-02 2.419328e-04 4.198385e-02
5.232939e-01 4.375964e-01 1.079525e-03 -3.694345e-02 2.516976e-03 4.840996e-02
5.250894e-01 4.376545e-01 1.822267e-04 -3.692710e-02 3.746860e-03 5.322880e-02
5.268875e-01 4.391035e-01 1.444186e-04 -4.028076e-02 1.005735e-03 5.596097e-02
5.286829e-01 4.384238e-01 7.425596e-04 -4.316329e-02 -2.774160e-03 5.245741e-02
5.304764e-01 4.383437e-01 8.089196e-04 -4.332057e-02 -6.098046e-04 4.898791e-02
5.322718e-01 4.393568e-01 1.449964e-03 -4.276219e-02 1.330325e-03 5.092443e-02
5.340665e-01 4.406149e-01 2.023228e-03 -3.838289e-02 9.013644e-04 5.447845e-02
5.358628e-01 4.419983e-01 1.047970e-03 -3.524947e-02 3.397584e-03 6.179518e-02
5.376582e-01 4.433657e-01 5.124350e-04 -3.643411e-02 1.646699e-03 6.528887e-02
5.394517e-01 4.417809e-01 7.605751e-04 -3.676598e-02 -1.490219e-03 6.278057e-02
5.412446e-01 4.395598e-01 1.500663e-03 -3.701677e-02 -4.617197e-03 5.554963e-02
5.430425e-01 4.370119e-01 7.109544e-04 -3.614341e-02 -5.102137e-04 5.199299e-02
5.448396e-01 4.382166e-01 -2.178692e-04 -3.850964e-02 3.263126e-03 5.081731e-02
5.466312e-01 4.391829e-01 3.824657e-04 -4.148885e-02 1.284215e-03 5.383813e-02
5.484273e-01 4.395907e-01 8.267862e-04 -4.415438e-02 -1.681533e-03 5.465449e-02
5.502231e-01 4.400484e-01 1.745546e-03 -4.321754e-02 -3.306908e-03 4.833016e-02
5.520189e-01 4.400907e-01 2.131502e-03 -3.807154e-02 -1.706463e-03 4.585924e-02
5.538138e-01 4.404643e-01 1.217411e-03 -3.431700e-02 3.064992e-03 4.941984e-02
5.556067e-01 4.423281e-01 8.700360e-04 -3.484616e-02 3.238701e-03 5.660658e-02
5.574029e-01 4.420302e-01 1.321650e-03 -3.325585e-02 -3.678135e-04 5.998985e-02
5.591994e-01 4.405505e-01 1.951789e-04 -3.418956e-02 -1.977776e-04 5.853846e-02
5.609943e-01 4.416098e-01 -7.199949e-04 -4.060958e-02 2.145616e-03 5.598173e-02
5.627890e-01 4.421510e-01 1.664332e-03 -4.273298e-02 -6.579339e-04 5.711652e-02
5.645865e-01 4.408064e-01 1.971929e-03 -3.835704e-02 -1.242447e-04 5.831344e-02
5.663833e-01 4.397827e-01 2.154628e-03 -3.393708e-02 -1.002898e-03 5.840914e-02
5.681768e-01 4.380224e-01 1.704598e-03 -2.922609e-02 -2.799215e-03 5.626925e-02
5.699714e-01 4.376980e-01 -1.093047e-03 -3.143145e-02 5.887426e-04 5.234238e-02
5.717666e-01 4.396780e-01 7.965759e-04 -3.712119e-02 -5.069555e-04 4.805950e-02
5.735604e-01 4.384427e-01 1.754283e-03 -3.601694e-02 8.930535e-04 4.972461e-02
5.753547e-01 4.384862e-01 1.727035e-03 -3.211524e-02 3.604032e-03 5.477224e-02
5.771493e-01 4.391193e-01 6.927069e-04 -3.079559e-02 3.541596e-03 6.430881e-02
5.789465e-01 4.418419e-01 2.865352e-04 -3.377562e-02 9.344651e-04 6.777051e-02
5.807435e-01 4.409961e-01 1.136351e-03 -3.499397e-02 -5.206470e-03 6.295799e-02
5.825362e-01 4.364322e-01 1.361967e-03 -3.484435e-02 -5.031723e-03 5.146611e-02
5.843306e-01 4.347394e-01 -3.740311e-04 -3.679108e-02 6.311549e-04 4.366568e-02
5.861281e-01 4.357461e-01 1.007180e-03 -3.947656e-02 1.302575e-03 4.376464e-02
5.879240e-01 4.360461e-01 1.835436e-03 -3.839377e-02 4.960579e-04 4.893861e-02
5.897195e-01 4.376854e-01 9.386777e-04 -3.646262e-02 6.613592e-04 5.005543e-02
5.915160e-01 4.387328e-01 1.180392e-03 -3.635006e-02 -5.165821e-04 4.819546e-02
5.933128e-01 4.388547e-01 2.675864e-04 -3.738334e-02 1.916693e-03 4.975412e-02
5.951052e-01 4.379901e-01 1.166147e-03 -3.836470e-02 1.394236e-03 5.085042e-02
5.968969e-01 4.361166e-01 1.294093e-03 -3.747164e-02 1.913374e-03 5.604717e-02
5.986941e-01 4.366695e-01 7.848794e-04 -3.696250e-02 1.987793e-03 6.140339e-02
6.004886e-01 4.374407e-01 1.295172e-03 -3.671149e-02 8.519602e-05 6.260969e-02
6.022826e-01 4.368657e-01 1.608968e-03 -3.542282e-02 -3.209458e-03 5.950598e-02
6.040778e-01 4.382778e-01 1.247557e-03 -3.226557e-02 -3.292360e-03 5.218425e-02
6.058727e-01 4.387496e-01 1.128656e-03 -3.384289e-02 1.398023e-03 5.173990e-02
6.076682e-01 4.384018e-01 1.477693e-03 -3.217515e-02 7.684970e-04 5.309472e-02
6.094636e-01 4.363341e-01 1.590424e-03 -3.023816e-02 -3.758590e-04 5.631350e-02
6.112608e-01 4.355690e-01 3.710790e-04 -2.994932e-02 1.762405e-04 5.292340e-02
6.130571e-01 4.356377e-01 8.789972e-04 -3.136009e-02 -2.540390e-03 4.892088e-02
6.148510e-01 4.340909e-01 2.147083e-03 -3.038279e-02 -4.172909e-03 4.271702e-02
6.166467e-01 4.339605e-01 1.202010e-03 -2.728101e-02 -9.744712e-04 3.814516e-02
6.184426e-01 4.362341e-01 7.550130e-04 -2.769863e-02 2.470973e-03 4.046619e-02
6.202383e-01 4.372457e-01 8.342089e-04 -2.899356e-02 2.374876e-03 4.303439e-02
6.220331e-01 4.365374e-01 6.683643e-04 -3.062952e-02 2.576015e-04 4.648153e-02
6.238256e-01 4.345312e-01 8.489087e-04 -3.194275e-02 -1.404703e-03 4.303325e-02
6.256207e-01 4.339412e-01 1.183910e-03 -3.321677e-02 -1.500058e-03 4.003926e-02
6.274180e-01 4.345301e-01 1.849519e-03 -3.163002e-02 -7.955258e-04 3.660838e-02
6.292132e-01 4.352341e-01 2.243598e-03 -2.704903e-02 1.443894e-04 3.889518e-02
6.310070e-01 4.362988e-01 1.459694e-03 -2.345762e-02 1.899854e-04 4.215917e-02
6.328016e-01 4.371464e-01 4.153027e-04 -2.427299e-02 1.057483e-03 4.178718e-02
6.345988e-01 4.376732e-01 -2.981917e-04 -2.910325e-02 8.570511e-04 4.127806e-02
6.363935e-01 4.375436e-01 1.219895e-03 -3.243406e-02 -4.001563e-04 3.887639e-02
6.381885e-01 4.358398e-01 2.472042e-03 -2.869584e-02 -5.868830e-04 4.029333e-02
6.399844e-01 4.359145e-01 2.801880e-03 -2.268607e-02 1.556401e-03 4.547796e-02
6.417790e-01 4.368025e-01 2.116576e-03 -1.641875e-02 2.652503e-03 5.270709e-02
6.435737e-01 4.384200e-01 2.291002e-03 -1.220454e-02 2.110078e-04 5.639802e-02
6.453671e-01 4.377608e-01 1.463773e-03 -1.053830e-02 -2.943489e-03 5.550211e-02
6.471630e-01 4.363941e-01 4.364580e-04 -1.130251e-02 -1.592077e-03 4.938026e-02
6.489575e-01 4.363490e-01 -1.274234e-04 -1.608712e-02 5.925777e-04 4.492073e-02
6.507531e-01 4.363131e-01 2.717057e-04 -2.068934e-02 2.623322e-04 4.313663e-02
6.525500e-01 4.362555e-01 7.555875e-04 -2.305410e-02 4.303619e-05 4.104128e-02
6.543447e-01 4.352013e-01 1.579503e-03 -2.334294e-02 -2.094747e-03 3.999782e-02
6.561416e-01 4.332321e-01 1.176530e-03 -2.213201e-02 2.099740e-04 3.975334e-02
6.579361e-01 4.343552e-01 2.931978e-04 -2.299499e-02 2.087144e-03 3.843197e-02
6.597296e-01 4.345627e-01 1.515172e-03 -2.433308e-02 -7.102255e-04 3.883266e-02
6.615260e-01 4.345853e-01 1.421500e-03 -2.313639e-02 -9.198264e-04 3.999275e-02
6.633228e-01 4.338481e-01 1.049456e-03 -2.306528e-02 -5.496758e-04 3.843413e-02
6.651187e-01 4.327591e-01 8.067231e-04 -2.389830e-02 -4.831163e-04 3.682226e-02
6.669114e-01 4.315671e-01 1.255782e-03 -2.426586e-02 -2.200946e-03 3.278460e-02
6.687054e-01 4.321426e-01 5.012368e-04 -2.608021e-02 9.290105e-06 3.059684e-02
6.705023e-01 4.338194e-01 1.659843e-03 -2.694403e-02 -3.194205e-04 2.884322e-02
6.722992e-01 4.344133e-01 1.971343e-03 -2.395312e-02 -1.228870e-03 2.738446e-02
6.740944e-01 4.334904e-01 1.542668e-03 -2.124239e-02 -7.303318e-04 2.781000e-02
6.758872e-01 4.336680e-01 1.310003e-03 -2.184592e-02 -1.056467e-03 2.612308e-02
6.776825e-01 4.336594e-01 9.138581e-04 -2.183879e-02 7.830277e-04 2.514320e-02
6.794791e-01 4.339132e-01 1.884398e-03 -2.127419e-02 1.540271e-03 2.812929e-02
6.812733e-01 4.335376e-01 1.912949e-03 -1.802619e-02 1.782509e-03 3.312689e-02
6.830683e-01 4.335763e-01 2.044973e-03 -1.491342e-02 1.561405e-03 4.002000e-02
6.848621e-01 4.339685e-01 4.690201e-04 -1.520790e-02 7.452353e-04 4.192657e-02
6.866570e-01 4.339159e-01 4.661522e-04 -1.780521e-02 -8.249976e-05 4.071500e-02
6.884537e-01 4.326806e-01 6.345591e-04 -2.143667e-02 -1.781670e-03 3.741823e-02
6.902501e-01 4.316357e-01 1.903564e-03 -2.086562e-02 -1.529536e-03 3.316394e-02
6.920470e-01 4.307109e-01 2.589272e-03 -1.681372e-02 -1.333825e-04 3.329094e-02
6.938409e-01 4.316217e-01 1.767063e-03 -1.320365e-02 2.458885e-04 3.538717e-02
6.956343e-01 4.316956e-01 1.805385e-03 -1.084021e-02 -9.537942e-04 3.649431e-02
6.974295e-01 4.316810e-01 2.764644e-04 -1.157928e-02 5.766703e-04 3.641829e-02
6.992264e-01 4.333349e-01 -1.344221e-04 -1.636461e-02 -1.667422e-04 3.094907e-02
7.010216e-01 4.329666e-01 1.742951e-03 -2.004177e-02 -3.174956e-03 2.796646e-02
7.028157e-01 4.311619e-01 2.189190e-03 -1.639055e-02 -1.692603e-03 2.351009e-02
7.046118e-01 4.299232e-01 1.205722e-03 -1.377470e-02 1.859174e-03 2.648727e-02
7.064070e-01 4.309405e-01 9.379913e-04 -1.452825e-02 1.981480e-03 2.835648e-02
7.082001e-01 4.307472e-01 1.240891e-03 -1.499837e-02 -5.007183e-05 3.056590e-02
7.099950e-01 4.318634e-01 2.872053e-04 -1.755159e-02 1.731923e-03 3.285957e-02
7.117916e-01 4.340079e-01 1.489307e-03 -1.997286e-02 -3.118875e-05 3.121193e-02
7.135857e-01 4.325948e-01 2.269841e-03 -1.732822e-02 -1.035041e-03 3.254231e-02
7.153810e-01 4.318693e-01 1.515688e-03 -1.437951e-02 -9.547049e-04 3.188533e-02
7.171769e-01 4.314946e-01 1.479534e-03 -1.321218e-02 -1.421128e-03 3.006725e-02
7.189721e-01 4.300606e-01 1.579047e-03 -1.293161e-02 -3.450508e-03 2.361043e-02
7.207688e-01 4.281957e-01 1.056527e-03 -1.323691e-02 -1.572973e-03 1.849837e-02
7.225642e-01 4.283542e-01 1.900618e-04 -1.588915e-02 2.525547e-03 1.851378e-02
7.243583e-01 4.301286e-01 8.873821e-04 -1.949650e-02 3.009210e-03 2.158572e-02
7.261538e-01 4.303514e-01 2.194969e-03 -1.823992e-02 -7.120909e-04 2.539636e-02
7.279497e-01 4.303862e-01 1.694834e-03 -1.486957e-02 -1.141991e-03 2.494461e-02
7.297435e-01 4.312032e-01 1.809889e-03 -1.449818e-02 -1.898806e-03 2.262079e-02
7.315366e-01 4.296556e-01 2.544363e-03 -1.035732e-02 -8.510252e-04 2.281780e-02
7.333339e-01 4.284383e-01 1.433858e-03 -8.492387e-03 2.459308e-03 2.627322e-02
7.351305e-01 4.293667e-01 1.841543e-03 -6.831201e-03 1.387078e-03 3.090991e-02
7.369246e-01 4.299511e-01 1.543442e-03 -5.012987e-03 -1.383372e-05 3.429984e-02
7.387207e-01 4.297588e-01 1.178186e-03 -6.151073e-03 -1.953829e-03 3.071907e-02
7.405164e-01 4.287641e-01 9.005545e-04 -6.748465e-03 -3.055917e-03 2.403516e-02
7.423108e-01 4.287869e-01 4.006920e-04 -9.666845e-03 -3.915450e-04 1.881294e-02
7.441040e-01 4.302151e-01 1.066028e-03 -1.228968e-02 9.010296e-04 1.587131e-02
7.458996e-01 4.315837e-01 2.241204e-03 -1.096348e-02 -4.276996e-05 1.887796e-02
7.476955e-01 4.314166e-01 2.056775e-03 -7.793640e-03 1.195707e-03 2.308135e-02
7.494882e-01 4.319935e-01 8.473704e-04 -7.450380e-03 1.562372e-03 2.639352e-02
7.512836e-01 4.303902e-01 1.437303e-03 -7.924651e-03 -1.997635e-03 2.400606e-02
7.530799e-01 4.275768e-01 1.302583e-03 -9.448900e-03 -3.226199e-03 1.827992e-02
7.548749e-01 4.261926e-01 1.039313e-03 -9.585342e-03 -1.198737e-03 1.303550e-02
7.566699e-01 4.270703e-01 1.427643e-03 -1.097736e-02 6.858259e-04 1.165901e-02
7.584671e-01 4.273818e-01 2.350489e-03 -8.423435e-03 3.552705e-04 1.425927e-02
7.602633e-01 4.276388e-01 1.760340e-03 -5.250691e-03 -6.080483e-04 1.616059e-02
7.620571e-01 4.286602e-01 1.186923e-03 -4.770507e-03 -7.255591e-04 1.481633e-02
7.638531e-01 4.287904e-01 9.557884e-04 -5.606572e-03 -9.218078e-04 1.191224e-02
7.656499e-01 4.281034e-01 1.065565e-03 -8.050012e-03 1.052148e-03 1.213915e-02
7.674455e-01 4.280716e-01 8.652401e-04 -9.361185e-03 2.449187e-03 1.350200e-02
7.692400e-01 4.281641e-01 1.941070e-03 -9.673361e-03 1.388940e-03 1.956812e-02
7.710340e-01 4.280049e-01 1.650224e-03 -8.232527e-03 1.165683e-03 2.315190e-02
7.728276e-01 4.286588e-01 9.212808e-04 -9.845545e-03 9.076845e-04 2.456030e-02
7.746220e-01 4.284166e-01 1.560119e-03 -1.023998e-02 -2.650531e-03 2.268847e-02
7.764173e-01 4.265909e-01 2.129165e-03 -9.148990e-03 -3.710070e-03 1.672396e-02
7.782136e-01 4.249826e-01 1.480075e-03 -8.212621e-03 -1.072048e-03 1.286738e-02
7.800117e-01 4.255907e-01 5.783569e-04 -8.330599e-03 1.593865e-03 1.060013e-02
7.818056e-01 4.274179e-01 1.460207e-03 -1.071228e-02 -1.240796e-03 1.077141e-02
7.835979e-01 4.276386e-01 1.642440e-03 -9.701838e-03 -2.868626e-04 1.116447e-02
7.853947e-01 4.270794e-01 2.163999e-03 -7.927037e-03 -3.194240e-04 9.234976e-03
7.871903e-01 4.256366e-01 1.947065e-03 -5.299326e-03 6.541020e-04 1.239472e-02
7.889853e-01 4.264927e-01 1.042992e-03 -5.495979e-03 2.457417e-03 1.492091e-02
7.907819e-01 4.268808e-01 2.382183e-03 -4.351605e-03 -1.848293e-03 1.545187e-02
7.925772e-01 4.259759e-01 1.712112e-03 -1.953228e-03 -2.751744e-03 1.337744e-02
7.943719e-01 4.270768e-01 8.917694e-04 -2.827244e-03 -1.075686e-03 8.460632e-03
7.961659e-01 4.281208e-01 1.060448e-03 -6.057950e-03 -3.957876e-04 5.723949e-03
7.979598e-01 4.280405e-01 1.123772e-03 -6.677290e-03 1.459269e-03 6.186748e-03
7.997559e-01 4.273955e-01 1.776577e-03 -7.136353e-03 3.692404e-04 7.118744e-03
8.015520e-01 4.269266e-01 1.455666e-03 -6.111126e-03 5.888650e-04 1.034905e-02
8.033475e-01 4.271399e-01 1.689939e-03 -6.022105e-03 -1.757982e-03 7.510893e-03
8.051404e-01 4.260823e-01 1.976076e-03 -4.262270e-03 -2.391193e-03 5.307815e-03
8.069349e-01 4.254689e-01 1.075579e-03 -4.631917e-03 2.559375e-04 2.803874e-03
8.087329e-01 4.254782e-01 1.073671e-03 -7.085633e-03 1.203648e-03 3.357158e-03
8.105286e-01 4.254185e-01 1.865956e-03 -6.417662e-03 4.294237e-04 6.142328e-03
8.123233e-01 4.252925e-01 1.596565e-03 -5.483164e-03 1.494748e-03 9.548365e-03
8.141188e-01 4.252995e-01 1.453725e-03 -5.261091e-03 1.520003e-03 1.241619e-02
8.159142e-01 4.257891e-01 1.304635e-03 -5.849231e-03 -3.033685e-04 1.201081e-02
8.177087e-01 4.260053e-01 1.973738e-03 -4.895069e-03 -2.324634e-03 1.075583e-02
8.195037e-01 4.260346e-01 1.422007e-03 -4.985831e-03 -5.630223e-04 8.089338e-03
8.212995e-01 4.266902e-01 1.324142e-03 -4.904559e-03 5.924051e-04 7.599741e-03
8.230953e-01 4.254992e-01 1.747608e-03 -4.739293e-03 -6.602176e-05 8.511069e-03
8.248902e-01 4.242167e-01 1.164519e-03 -5.356153e-03 1.381932e-03 9.949456e-03
8.266848e-01 4.229409e-01 1.562224e-03 -5.817325e-03 -9.025753e-04 9.241496e-03
8.284792e-01 4.221868e-01 1.907866e-03 -5.316839e-03 -1.316905e-03 9.235770e-03
8.302734e-01 4.242301e-01 6.529698e-04 -7.116484e-03 2.077251e-03 9.693212e-03
8.320692e-01 4.274859e-01 1.538454e-03 -8.352408e-03 1.441717e-03 1.201965e-02
8.338654e-01 4.289059e-01 1.613318e-03 -8.921620e-03 1.455618e-03 1.636322e-02
8.356607e-01 4.280008e-01 2.085323e-03 -7.324148e-03 -1.183422e-03 1.614956e-02
8.374562e-01 4.260435e-01 2.251210e-03 -4.780799e-03 -3.287404e-03 1.183091e-02
8.392510e-01 4.245273e-01 1.377682e-03 -3.632821e-03 -1.305058e-03 8.331222e-03
8.410464e-01 4.257446e-01 8.055806e-04 -6.005291e-03 1.605990e-03 6.350276e-03
8.428427e-01 4.262628e-01 1.487775e-03 -7.952939e-03 5.389998e-04 8.697556e-03
8.446371e-01 4.258884e-01 2.295787e-03 -6.071824e-03 -1.399552e-03 8.150336e-03
8.464320e-01 4.241242e-01 2.235384e-03 -3.483471e-03 -1.274088e-03 8.189620e-03
8.482278e-01 4.232314e-01 1.155429e-03 -3.003930e-03 1.423437e-03 8.905583e-03
8.500227e-01 4.241185e-01 7.982057e-04 -5.183675e-03 2.700662e-03 1.063887e-02
8.518177e-01 4.251158e-01 1.404059e-03 -7.133303e-03 5.233545e-04 1.312949e-02
8.536137e-01 4.258828e-01 2.050061e-03 -6.559220e-03 -7.522690e-04 1.285137e-02
8.554088e-01 4.253877e-01 2.144552e-03 -4.323382e-03 -1.061931e-03 1.337128e-02
8.572024e-01 4.260661e-01 1.457501e-03 -4.299603e-03 8.676672e-04 1.293084e-02
8.589967e-01 4.268318e-01 1.976455e-03 -3.664815e-03 7.836456e-05 1.348102e-02
8.607918e-01 4.269639e-01 2.010010e-03 -2.555962e-03 6.207639e-05 1.561563e-02
8.625869e-01 4.262607e-01 2.542400e-03 2.392012e-04 -1.462884e-03 1.562813e-02
8.643824e-01 4.259261e-01 1.483111e-03 2.234698e-03 -6.797878e-04 1.371838e-02
8.661785e-01 4.257634e-01 1.423094e-03 2.198076e-03 -7.917349e-04 1.287411e-02
8.679743e-01 4.248263e-01 1.428624e-03 4.780324e-04 -8.112200e-04 9.574415e-03
8.697706e-01 4.243436e-01 1.632539e-03 3.612516e-05 -1.814912e-03 6.684869e-03
8.715653e-01 4.232200e-01 1.445248e-03 -1.524544e-04 -2.455888e-04 4.700178e-03
8.733592e-01 4.240704e-01 1.243303e-03 -1.633660e-03 5.928964e-04 3.587371e-03
8.751548e-01 4.240958e-01 1.452345e-03 -2.044500e-03 7.212921e-05 4.505170e-03
8.769502e-01 4.242638e-01 1.295304e-03 -4.314513e-03 9.610712e-04 5.437488e-03
8.787466e-01 4.239174e-01 1.456861e-03 -5.118349e-03 2.636711e-04 5.613347e-03
8.805415e-01 4.239618e-01 1.847219e-03 -5.909091e-03 -1.525373e-05 6.293061e-03
8.823359e-01 4.241580e-01 1.888728e-03 -5.009105e-03 -9.410603e-05 6.704174e-03
8.841313e-01 4.243467e-01 2.059642e-03 -2.766033e-03 6.114797e-04 8.494027e-03
8.859273e-01 4.247584e-01 2.044189e-03 -9.064759e-04 5.416273e-04 8.865122e-03
8.877230e-01 4.245566e-01 1.743591e-03 -2.247119e-04 -1.554582e-03 9.009263e-03
8.895175e-01 4.250848e-01 1.251891e-03 -9.571991e-04 -1.590885e-03 6.349486e-03
8.913122e-01 4.251518e-01 1.298800e-03 -3.075477e-03 -4.662424e-04 3.703681e-03
8.931078e-01 4.248065e-01 1.394230e-03 -4.519734e-03 1.533388e-03 3.366945e-03
8.949034e-01 4.250708e-01 1.393533e-03 -5.486161e-03 1.814737e-03 4.932294e-03
8.966974e-01 4.254158e-01 1.882665e-03 -6.164435e-03 -5.861928e-04 7.298502e-03
8.984931e-01 4.249341e-01 2.004474e-03 -4.833396e-03 -3.833473e-04 8.293264e-03
9.002874e-01 4.255944e-01 1.225632e-03 -5.323583e-03 1.427817e-03 8.908357e-03
9.020815e-01 4.264218e-01 1.843439e-03 -6.220854e-03 -8.356880e-04 8.670455e-03
9.038774e-01 4.259334e-01 2.836514e-03 -3.717369e-03 -2.271886e-03 7.123881e-03
9.056723e-01 4.256158e-01 1.673208e-03 -1.255540e-03 1.501606e-04 6.330230e-03
9.074684e-01 4.256685e-01 1.976990e-03 -7.044386e-04 3.290611e-04 6.126333e-03
9.092635e-01 4.246395e-01 1.771004e-03 -9.181580e-05 -3.343037e-04 7.469153e-03
9.110582e-01 4.247624e-01 1.653645e-03 -2.302523e-04 -9.497767e-04 5.158258e-03
9.128546e-01 4.251364e-01 1.608753e-03 -5.881058e-04 -9.150952e-04 4.353722e-03
9.146502e-01 4.256995e-01 1.735526e-03 -1.718844e-03 6.652203e-04 3.091612e-03
9.164437e-01 4.255840e-01 1.351079e-03 -1.489211e-03 1.254347e-03 4.592051e-03
9.182390e-01 4.251651e-01 2.278532e-03 -1.142073e-03 -4.087675e-05 6.069020e-03
