# k, q0, q1/i, q2, q3/i, q4, norm, alpha = 243.8557397248968, 0.020160886971027085
0.000000e+00 1.104013e+13 0.000000e+00 0.000000e+00 0.000000e+00 -2.324505e+12
2.542755e-03 5.315276e+12 4.347028e+12 3.555751e+11 8.664342e+11 -6.442329e+11
4.308321e-03 1.743657e+12 1.668664e+12 1.272918e+12 2.378430e+12 -1.652880e+12
6.127972e-03 4.795155e+11 3.454098e+11 1.111620e+12 1.800149e+12 -1.165916e+12
7.953317e-03 1.291611e+11 7.198779e+10 3.362989e+11 5.469523e+11 -1.955245e+11
9.814571e-03 3.812243e+10 1.283083e+10 4.293596e+10 8.126780e+10 1.928489e+10
1.156539e-02 1.598631e+10 7.301742e+09 -5.712490e+09 -1.061381e+10 4.554994e+10
1.336205e-02 1.033603e+10 3.509425e+09 1.056694e+10 5.148442e+09 3.122347e+10
1.519307e-02 9.520779e+09 2.238495e+09 2.158611e+10 1.341787e+10 3.722575e+10
1.700413e-02 6.642162e+09 1.840192e+09 1.658476e+10 1.019965e+10 3.194777e+10
1.878921e-02 3.391882e+09 7.210290e+08 6.842320e+09 4.337609e+09 1.707442e+10
2.056181e-02 1.490507e+09 3.668100e+08 5.219356e+08 8.250438e+08 5.519739e+09
2.237315e-02 8.861089e+08 1.925942e+08 -6.308474e+08 -3.402150e+08 2.465331e+09
2.420702e-02 9.878610e+08 1.948970e+08 1.219937e+09 4.451419e+08 4.336675e+09
2.604330e-02 1.096140e+09 1.622875e+08 2.746533e+09 1.086598e+09 6.179361e+09
2.781707e-02 9.169645e+08 1.195214e+08 2.508483e+09 9.246993e+08 5.620272e+09
2.956466e-02 5.609475e+08 8.157947e+07 1.155402e+09 4.487988e+08 3.330448e+09
3.136513e-02 2.783236e+08 3.374125e+07 8.912476e+07 6.469095e+07 1.260295e+09
3.317513e-02 2.093326e+08 2.250009e+07 -8.444472e+07 -3.688614e+07 7.557756e+08
3.497165e-02 2.625948e+08 3.159890e+07 3.688451e+08 1.012098e+08 1.318483e+09
3.677184e-02 3.046797e+08 3.092110e+07 7.518576e+08 2.201803e+08 1.867448e+09
3.856197e-02 2.683281e+08 2.534159e+07 6.776644e+08 1.914367e+08 1.719697e+09
4.034231e-02 1.771294e+08 1.664223e+07 3.269818e+08 9.633738e+07 1.076970e+09
4.214741e-02 9.658907e+07 6.404550e+06 1.027255e+07 1.217400e+07 4.489087e+08
4.395085e-02 7.757786e+07 5.159112e+06 -5.398618e+07 -4.346681e+06 2.823403e+08
4.574462e-02 9.600077e+07 7.406943e+06 8.939606e+07 2.334813e+07 4.751680e+08
4.755674e-02 1.134561e+08 8.857732e+06 2.217275e+08 5.206793e+07 6.760269e+08
4.935944e-02 1.022283e+08 7.723278e+06 2.164898e+08 4.892057e+07 6.398203e+08
5.113615e-02 7.015306e+07 5.401392e+06 9.283590e+07 2.189192e+07 4.044101e+08
5.293674e-02 4.243155e+07 3.336537e+06 -1.570580e+07 -2.523382e+05 1.861432e+08
5.472727e-02 3.615589e+07 1.821277e+06 -2.729494e+07 -3.228382e+06 1.381833e+08
5.651697e-02 4.513027e+07 2.759447e+06 3.874562e+07 9.025925e+06 2.280605e+08
5.831477e-02 5.329969e+07 3.237979e+06 9.451859e+07 1.880548e+07 3.172713e+08
6.011451e-02 4.830022e+07 2.978165e+06 8.830875e+07 1.785369e+07 2.962129e+08
6.191171e-02 3.487037e+07 1.854362e+06 3.373577e+07 7.110984e+06 1.914825e+08
6.370712e-02 2.309232e+07 1.433423e+06 -1.242616e+07 -1.228003e+06 9.613298e+07
6.550732e-02 2.051676e+07 1.489828e+06 -1.244691e+07 -1.473198e+06 8.115186e+07
6.729498e-02 2.546193e+07 1.381467e+06 2.203525e+07 3.396777e+06 1.317920e+08
6.908598e-02 2.875419e+07 1.550739e+06 4.961924e+07 8.369048e+06 1.719767e+08
7.088188e-02 2.646536e+07 1.132793e+06 4.459263e+07 7.546920e+06 1.592331e+08
7.268232e-02 1.903406e+07 8.320363e+05 1.279283e+07 3.518309e+06 9.929781e+07
7.447792e-02 1.291174e+07 4.796546e+05 -1.206305e+07 -4.467951e+05 4.853648e+07
7.627282e-02 1.236472e+07 4.769466e+05 -1.057066e+07 -7.161518e+05 4.534441e+07
7.807562e-02 1.557168e+07 6.660182e+05 1.063598e+07 1.870053e+06 7.748146e+07
7.988558e-02 1.806837e+07 8.881314e+05 2.746634e+07 4.370314e+06 1.038562e+08
8.168049e-02 1.656293e+07 7.079886e+05 2.400931e+07 3.522522e+06 9.561125e+07
8.345709e-02 1.200694e+07 5.778937e+05 5.892125e+06 1.376099e+06 5.995175e+07
8.524436e-02 8.467035e+06 3.643779e+05 -8.205534e+06 -5.456698e+05 3.113695e+07
8.704550e-02 8.258352e+06 2.599716e+05 -6.145527e+06 -3.775490e+05 3.063269e+07
8.884478e-02 1.063066e+07 3.640409e+05 7.948112e+06 1.231009e+06 5.289860e+07
9.064103e-02 1.233963e+07 4.458852e+05 1.897864e+07 2.584410e+06 7.054637e+07
9.243897e-02 1.138906e+07 4.320449e+05 1.698906e+07 2.409272e+06 6.528399e+07
9.423607e-02 8.596524e+06 3.109042e+05 5.049194e+06 9.272736e+05 4.258314e+07
9.603871e-02 6.197007e+06 1.736986e+05 -4.974194e+06 -3.266591e+05 2.250088e+07
9.782410e-02 5.918756e+06 1.625939e+05 -4.587776e+06 -2.285509e+05 2.074827e+07
9.961474e-02 7.316531e+06 2.614445e+05 3.791321e+06 6.235974e+05 3.399835e+07
1.014127e-01 8.375448e+06 2.751530e+05 1.088622e+07 1.383600e+06 4.528444e+07
1.031985e-01 7.800206e+06 2.476070e+05 9.803075e+06 1.186774e+06 4.198152e+07
1.049957e-01 5.925086e+06 2.620697e+05 2.143721e+06 3.835621e+05 2.706294e+07
1.067952e-01 4.313752e+06 1.498497e+05 -4.617577e+06 -3.058936e+05 1.374859e+07
1.085930e-01 4.112829e+06 9.348827e+04 -4.203069e+06 -2.825117e+05 1.253440e+07
1.103885e-01 5.125312e+06 1.635904e+05 1.543005e+06 2.674717e+05 2.186638e+07
1.121821e-01 5.863452e+06 2.021336e+05 6.840530e+06 7.703840e+05 3.003430e+07
1.139837e-01 5.577938e+06 1.666837e+05 6.435413e+06 7.503068e+05 2.872592e+07
1.157773e-01 4.413114e+06 9.396602e+04 1.431400e+06 2.869529e+05 1.902336e+07
1.175730e-01 3.403862e+06 7.971945e+04 -2.919594e+06 -1.519936e+05 1.025154e+07
1.193666e-01 3.289826e+06 1.019701e+05 -2.705855e+06 -2.282400e+05 9.615749e+06
1.211543e-01 3.910548e+06 1.339908e+05 1.468246e+06 1.314832e+05 1.598662e+07
1.229561e-01 4.471964e+06 1.284275e+05 5.203608e+06 4.686124e+05 2.186306e+07
1.247542e-01 4.308044e+06 1.042985e+05 5.084252e+06 4.277282e+05 2.098095e+07
1.265466e-01 3.456335e+06 1.028030e+05 1.543541e+06 1.455586e+05 1.401812e+07
1.283363e-01 2.628290e+06 8.534163e+04 -1.940316e+06 -9.567524e+04 7.130388e+06
1.301269e-01 2.414516e+06 5.705256e+04 -2.451898e+06 -1.196160e+05 5.632998e+06
1.319334e-01 2.782446e+06 2.314641e+04 -1.801966e+05 7.606551e+04 9.136950e+06
1.337370e-01 3.179263e+06 6.076163e+04 2.044252e+06 2.441056e+05 1.283646e+07
1.355323e-01 3.050875e+06 9.931868e+04 1.971100e+06 1.937476e+05 1.226627e+07
1.373301e-01 2.491408e+06 8.523389e+04 -1.562876e+05 -1.261083e+04 8.071465e+06
1.391197e-01 2.045138e+06 4.625002e+04 -1.852102e+06 -1.247377e+05 4.481433e+06
1.409058e-01 2.080816e+06 3.180347e+04 -1.395388e+06 -6.853943e+04 4.910029e+06
1.427003e-01 2.471973e+06 3.070798e+04 8.548829e+05 1.436478e+05 8.532562e+06
1.444928e-01 2.811462e+06 5.560158e+04 2.728118e+06 2.248552e+05 1.170264e+07
1.462886e-01 2.696828e+06 6.990730e+04 2.577720e+06 2.145156e+05 1.124934e+07
1.480924e-01 2.242552e+06 2.369563e+04 6.650655e+05 8.661764e+04 7.552321e+06
1.498892e-01 1.878675e+06 -1.885433e+03 -1.141183e+06 -4.413889e+03 4.133278e+06
1.516798e-01 1.861184e+06 1.832688e+04 -1.167576e+06 -4.543497e+04 3.785371e+06
1.534759e-01 2.095761e+06 6.685550e+04 4.160540e+05 9.598416e+03 6.264306e+06
1.552766e-01 2.318216e+06 5.249303e+04 1.946242e+06 9.166573e+04 8.772229e+06
1.570706e-01 2.281537e+06 4.341192e+04 2.036163e+06 1.301761e+05 8.653211e+06
1.588578e-01 1.973390e+06 4.293606e+04 7.242276e+05 4.660284e+04 6.137448e+06
1.606585e-01 1.656071e+06 1.689785e+04 -6.367257e+05 -1.430633e+04 3.485528e+06
1.624649e-01 1.588080e+06 1.471172e+04 -8.510573e+05 -1.772705e+04 2.907241e+06
1.642557e-01 1.754656e+06 1.430336e+04 6.948164e+04 3.320219e+04 4.441763e+06
1.660459e-01 1.932156e+06 2.269879e+04 1.075596e+06 1.079609e+05 6.114108e+06
1.678421e-01 1.929817e+06 2.264481e+04 1.184504e+06 9.674093e+04 6.246818e+06
1.696353e-01 1.732750e+06 2.272565e+04 3.704226e+05 4.171300e+04 4.638151e+06
1.714286e-01 1.532258e+06 1.468942e+04 -5.207004e+05 -1.699512e+04 2.948267e+06
1.732198e-01 1.475238e+06 1.364510e+02 -7.105226e+05 -1.554003e+04 2.423278e+06
1.750152e-01 1.558652e+06 1.071807e+04 -2.544294e+05 2.061893e+04 3.134143e+06
1.768177e-01 1.628789e+06 2.024275e+04 1.923112e+05 2.475586e+04 3.864753e+06
1.786121e-01 1.567350e+06 2.302722e+04 6.945470e+04 2.164469e+04 3.512980e+06
1.804030e-01 1.433623e+06 1.891638e+04 -4.856932e+05 -3.788359e+04 2.405364e+06
1.822028e-01 1.328351e+06 2.718674e+04 -8.095852e+05 -7.542661e+04 1.623723e+06
1.839998e-01 1.347396e+06 2.292942e+04 -5.488339e+05 -2.647178e+04 1.972778e+06
1.857937e-01 1.458105e+06 7.203680e+03 9.989757e+04 2.816395e+04 3.000846e+06
1.875926e-01 1.523301e+06 8.921053e+03 5.028147e+05 4.835011e+04 3.637412e+06
1.893867e-01 1.466173e+06 4.889668e+03 2.400819e+05 3.485980e+04 3.156300e+06
1.911794e-01 1.338403e+06 4.095629e+02 -3.529447e+05 2.298175e+04 2.029226e+06
1.929763e-01 1.295207e+06 -1.333781e+03 -6.255269e+05 -8.787064e+03 1.494468e+06
1.947689e-01 1.367553e+06 1.177077e+04 -1.899097e+05 -3.224349e+03 2.196825e+06
1.965614e-01 1.515136e+06 2.734766e+04 6.439945e+05 4.116122e+04 3.616614e+06
1.983545e-01 1.593992e+06 1.970895e+04 1.159406e+06 5.673167e+04 4.485837e+06
2.001492e-01 1.528922e+06 1.701871e+04 9.573379e+05 3.491627e+04 4.005139e+06
2.019476e-01 1.369710e+06 7.835052e+03 2.119974e+05 3.884378e+03 2.608115e+06
2.037448e-01 1.238620e+06 5.051935e+03 -3.891582e+05 8.495944e+03 1.450636e+06
2.055436e-01 1.232139e+06 4.849434e+03 -3.835820e+05 6.016757e+03 1.394359e+06
2.073409e-01 1.322162e+06 1.668600e+04 1.500312e+05 5.853805e+03 2.274932e+06
2.091331e-01 1.388876e+06 1.942311e+04 6.280121e+05 2.613291e+04 3.110294e+06
2.109295e-01 1.371168e+06 7.707803e+03 6.073295e+05 4.554748e+04 3.008986e+06
2.127243e-01 1.269277e+06 3.468611e+03 1.244587e+05 2.927387e+04 2.094993e+06
2.145132e-01 1.168527e+06 2.897524e+03 -3.793054e+05 1.647330e+03 1.158680e+06
2.163084e-01 1.135314e+06 5.721122e+03 -5.182457e+05 -7.372717e+03 8.691083e+05
2.181043e-01 1.162724e+06 1.332580e+04 -3.140074e+05 -7.284789e+03 1.200800e+06
2.198991e-01 1.191018e+06 1.217108e+04 -8.642060e+04 -8.080323e+03 1.538592e+06
2.216975e-01 1.167196e+06 7.443473e+03 -1.258390e+05 -1.067095e+04 1.395007e+06
2.234966e-01 1.116362e+06 -3.263131e+02 -3.550945e+05 -4.837176e+03 9.494195e+05
2.252970e-01 1.102647e+06 -4.267494e+03 -4.493398e+05 5.738172e+03 7.228415e+05
2.270852e-01 1.152546e+06 1.353481e+04 -1.844199e+05 -1.693665e+03 1.145521e+06
2.288723e-01 1.228934e+06 1.670411e+04 3.106628e+05 8.195006e+03 2.005012e+06
2.306695e-01 1.287053e+06 4.227406e+03 6.494683e+05 4.636419e+04 2.588830e+06
2.324665e-01 1.272698e+06 4.246119e+03 5.716004e+05 4.614680e+04 2.431363e+06
2.342627e-01 1.184467e+06 7.512476e+03 1.494889e+05 1.532787e+04 1.676829e+06
2.360563e-01 1.095117e+06 1.992238e+03 -2.422947e+05 4.578535e+03 9.402564e+05
2.378553e-01 1.077178e+06 -3.079336e+03 -3.548121e+05 3.687632e+03 7.240588e+05
2.396569e-01 1.113673e+06 2.231206e+03 -1.843611e+05 4.969738e+03 1.010946e+06
2.414498e-01 1.147759e+06 1.098858e+04 1.624586e+04 -6.126882e+03 1.323565e+06
2.432397e-01 1.130637e+06 8.063726e+03 2.541674e+04 -1.183988e+04 1.297420e+06
2.450345e-01 1.085371e+06 1.142493e+04 -1.498132e+05 -1.152896e+04 9.163849e+05
2.468308e-01 1.041077e+06 7.639619e+03 -2.998414e+05 3.346569e+02 6.351241e+05
2.486244e-01 1.045583e+06 -2.488598e+03 -2.523766e+05 1.609264e+04 6.953652e+05
2.504185e-01 1.088396e+06 7.324921e+03 -4.304000e+04 1.209783e+04 1.053898e+06
2.522154e-01 1.112045e+06 1.009734e+04 1.438671e+05 -5.239183e+03 1.365926e+06
2.540114e-01 1.099684e+06 1.106894e+04 1.413050e+05 -1.126992e+04 1.302626e+06
2.558058e-01 1.052989e+06 1.129011e+04 -2.445054e+04 -2.235565e+04 9.367607e+05
2.576012e-01 1.020037e+06 -2.695411e+03 -1.868481e+05 -1.071834e+04 6.132304e+05
2.593962e-01 1.025774e+06 -9.728024e+03 -2.034576e+05 4.665801e+03 5.404426e+05
2.611937e-01 1.049397e+06 1.164359e+04 -8.689039e+04 6.662708e+03 7.349704e+05
2.629942e-01 1.051627e+06 7.839334e+03 3.093222e+02 1.466359e+04 9.107405e+05
2.647885e-01 1.043857e+06 -3.657863e+03 -3.850601e+04 1.475300e+04 8.441068e+05
2.665811e-01 1.027293e+06 1.536781e+03 -1.389792e+05 -2.971583e+03 6.620746e+05
2.683801e-01 1.019075e+06 4.168464e+03 -1.634753e+05 -6.903832e+03 5.966487e+05
2.701729e-01 1.035185e+06 7.724323e+03 -6.166285e+04 2.258068e+03 7.627530e+05
2.719632e-01 1.059995e+06 3.440916e+03 9.721570e+04 1.141531e+04 1.030962e+06
2.737587e-01 1.069315e+06 9.839229e+02 1.421649e+05 1.110308e+04 1.103853e+06
2.755578e-01 1.044851e+06 2.408844e+03 3.311738e+04 -2.534940e+03 8.866628e+05
2.773550e-01 1.010510e+06 5.315434e+03 -1.428282e+05 -7.612369e+03 5.553298e+05
2.791459e-01 9.928740e+05 5.138380e+03 -2.052508e+05 -4.609229e+03 4.164860e+05
2.809385e-01 1.014113e+06 4.182726e+02 -9.030816e+04 4.533212e+03 6.106569e+05
2.827312e-01 1.059860e+06 -4.799342e+02 1.154622e+05 7.348221e+03 9.697694e+05
2.845296e-01 1.080557e+06 3.642313e+03 2.213689e+05 1.247648e+04 1.142240e+06
2.863269e-01 1.063349e+06 -1.660684e+03 1.282450e+05 6.067588e+03 9.865367e+05
2.881173e-01 1.025655e+06 3.101862e+03 -6.282157e+04 2.526604e+03 6.165081e+05
2.899148e-01 9.952807e+05 1.067267e+04 -1.785345e+05 -6.520102e+03 3.909185e+05
2.917136e-01 9.970482e+05 8.435606e+03 -1.111834e+05 2.117969e+03 5.069054e+05
2.935083e-01 1.025873e+06 4.642247e+03 7.319448e+04 6.018379e+03 8.163934e+05
2.953064e-01 1.050611e+06 -2.191752e+03 1.886438e+05 1.224066e+04 1.029573e+06
2.971025e-01 1.045826e+06 3.210928e+03 1.466455e+05 1.987817e+03 9.345200e+05
2.988941e-01 1.003934e+06 9.184955e+03 -1.715114e+04 -3.314877e+03 6.253680e+05
3.006873e-01 9.748239e+05 8.401624e+02 -1.360960e+05 8.818928e+02 3.852462e+05
3.024817e-01 9.817774e+05 3.713461e+03 -1.053148e+05 -1.410571e+03 4.220459e+05
3.042771e-01 1.007809e+06 4.449793e+03 4.086206e+04 4.697653e+03 6.999002e+05
3.060756e-01 1.033178e+06 1.198427e+03 1.694491e+05 1.697711e+04 9.317768e+05
3.078722e-01 1.032727e+06 -2.555991e+02 1.504634e+05 1.379679e+04 8.869936e+05
3.096648e-01 1.002285e+06 8.573155e+03 2.030112e+04 -7.659173e+03 6.484086e+05
3.114599e-01 9.719661e+05 -4.904091e+02 -1.123617e+05 -5.902262e+03 3.981052e+05
3.132555e-01 9.729234e+05 -2.665557e+03 -1.330573e+05 -4.850688e+03 3.288455e+05
3.150527e-01 9.889676e+05 6.695867e+03 -5.042898e+04 -4.393953e+03 4.680005e+05
3.168493e-01 9.976977e+05 9.649387e+03 3.903207e+04 1.062411e+02 6.161022e+05
3.186391e-01 9.878716e+05 5.286794e+03 4.063499e+04 2.808262e+03 6.007492e+05
3.204305e-01 9.680419e+05 6.780032e+02 -4.860252e+04 2.763134e+02 4.310761e+05
3.222280e-01 9.522942e+05 1.684237e+03 -1.446336e+05 -1.847613e+03 2.661938e+05
3.240267e-01 9.480456e+05 5.611013e+03 -1.512633e+05 -6.874550e+03 2.221402e+05
3.258197e-01 9.535301e+05 6.272193e+03 -9.512542e+04 -4.340270e+03 3.262457e+05
3.276150e-01 9.662949e+05 -2.069204e+03 -2.583067e+04 5.901127e+03 4.311444e+05
3.294148e-01 9.695892e+05 1.575049e+03 -2.211320e+04 1.304455e+03 4.252702e+05
3.312085e-01 9.591529e+05 5.828385e+03 -6.410095e+04 -2.592345e+03 3.615555e+05
3.330031e-01 9.554468e+05 1.254584e+03 -7.909823e+04 5.005097e+03 3.408754e+05
3.347987e-01 9.670132e+05 1.211467e+02 -2.614955e+04 1.516987e+04 4.414756e+05
3.365969e-01 9.891706e+05 1.044146e+03 7.607255e+04 7.412062e+03 6.326590e+05
3.383923e-01 1.000671e+06 5.011176e+03 1.432456e+05 1.936900e+03 7.459038e+05
3.401828e-01 9.898144e+05 7.538944e+03 1.182880e+05 -5.714400e+02 6.888405e+05
3.419763e-01 9.650374e+05 2.660074e+03 1.022678e+04 -2.944633e+03 4.869046e+05
3.437730e-01 9.498897e+05 -3.117207e+03 -8.789330e+04 -4.503727e+03 2.892035e+05
3.455681e-01 9.494580e+05 9.662552e+02 -1.126759e+05 -4.234852e+03 2.232896e+05
3.473617e-01 9.578629e+05 4.208384e+03 -7.357865e+04 -3.649159e+03 3.013608e+05
3.491590e-01 9.643342e+05 5.414511e+03 -1.402299e+04 1.825562e+03 3.844174e+05
3.509566e-01 9.575125e+05 8.087334e+03 -1.017886e+04 -1.598554e+03 3.696961e+05
3.527534e-01 9.408864e+05 2.997397e+03 -6.099213e+04 -6.904467e+03 2.692621e+05
3.545449e-01 9.323933e+05 -9.302392e+02 -1.108609e+05 -5.846402e+03 1.552491e+05
3.563372e-01 9.311334e+05 4.581618e+03 -1.220266e+05 -6.466064e+03 1.259547e+05
3.581341e-01 9.336358e+05 5.288158e+03 -9.294057e+04 -3.908986e+03 1.743271e+05
3.599303e-01 9.362689e+05 1.667215e+03 -6.499325e+04 -9.263495e+02 2.137446e+05
3.617254e-01 9.360360e+05 2.546796e+03 -7.273977e+04 4.251931e+03 2.085145e+05
3.635200e-01 9.321241e+05 -1.226125e+03 -9.747720e+04 7.115824e+03 1.658662e+05
3.653165e-01 9.387562e+05 -2.227991e+02 -9.536431e+04 2.985115e+03 1.695497e+05
3.671116e-01 9.498046e+05 4.919705e+03 -3.365365e+04 -7.070005e+03 2.815297e+05
3.689088e-01 9.635687e+05 4.670959e+03 6.023918e+04 2.832411e+01 4.435903e+05
3.707076e-01 9.729424e+05 4.602648e+03 1.171959e+05 7.331409e+03 5.375622e+05
3.725001e-01 9.669691e+05 2.957456e+03 9.270656e+04 1.324093e+04 5.025368e+05
3.742913e-01 9.474237e+05 2.101942e+03 1.906373e+04 2.263457e+03 3.540015e+05
3.760877e-01 9.306096e+05 8.451268e+03 -5.221111e+04 -8.411896e+03 2.260766e+05
3.778836e-01 9.232187e+05 2.488326e+03 -7.470548e+04 -9.369372e+03 1.867623e+05
3.796766e-01 9.307709e+05 -1.827149e+03 -5.194119e+04 -2.483680e+03 2.150807e+05
3.814707e-01 9.357531e+05 4.007054e+03 -2.574916e+04 -2.472842e+03 2.373842e+05
3.832699e-01 9.303484e+05 6.679327e+03 -3.116454e+04 -3.224894e+03 2.178341e+05
3.850666e-01 9.179912e+05 2.959396e+03 -6.201669e+04 4.226124e+03 1.638018e+05
3.868579e-01 9.228896e+05 -4.551990e+03 -7.727440e+04 9.967426e+03 1.527877e+05
3.886538e-01 9.371050e+05 1.859906e+02 -4.017339e+04 3.825431e+03 2.196810e+05
3.904491e-01 9.493066e+05 4.628166e+03 3.036171e+04 -4.259425e+03 3.422944e+05
3.922449e-01 9.525377e+05 9.485716e+03 8.097341e+04 -9.245802e+03 4.179289e+05
3.940400e-01 9.420236e+05 7.569366e+03 7.163220e+04 -3.497499e+03 3.806497e+05
3.958317e-01 9.278306e+05 -1.017087e+03 1.950885e+03 3.131592e+03 2.464438e+05
3.976289e-01 9.216986e+05 -2.723586e+03 -5.877329e+04 1.828234e+03 1.328555e+05
3.994255e-01 9.245654e+05 1.899380e+03 -6.735991e+04 7.236504e+02 1.188081e+05
4.012204e-01 9.311538e+05 4.936832e+03 -2.049879e+04 2.637347e+03 2.134599e+05
4.030168e-01 9.408582e+05 5.576570e+02 2.519274e+04 1.500402e+04 3.147015e+05
4.048122e-01 9.449914e+05 -6.932292e+02 3.441143e+04 1.073233e+04 3.347268e+05
4.066062e-01 9.414132e+05 2.787712e+03 2.983267e+03 -5.667651e+03 2.723646e+05
4.084001e-01 9.319676e+05 5.863596e+03 -3.756874e+04 -1.825579e+04 1.918832e+05
4.101968e-01 9.276321e+05 4.671574e+03 -3.481493e+04 -9.752994e+03 1.692237e+05
4.119946e-01 9.303809e+05 5.305435e+03 3.670815e+03 2.270599e+03 2.131660e+05
4.137897e-01 9.327886e+05 5.379120e+03 4.382438e+04 6.923894e+03 2.879329e+05
4.155829e-01 9.361968e+05 -3.615774e+02 5.685154e+04 5.678690e+03 3.145540e+05
4.173778e-01 9.332562e+05 3.232495e+03 2.704899e+04 1.493830e+03 2.737999e+05
4.191752e-01 9.245189e+05 1.927851e+03 -1.921554e+04 -1.646803e+03 1.933709e+05
4.209702e-01 9.193087e+05 3.413417e+03 -4.914326e+04 -7.669149e+02 1.253786e+05
4.227638e-01 9.114009e+05 7.813092e+03 -5.803559e+04 -4.545683e+03 1.089586e+05
4.245604e-01 9.106454e+05 4.108987e+02 -4.988632e+04 3.000125e+03 1.245127e+05
4.263543e-01 9.150864e+05 -1.031027e+03 -5.177446e+04 1.110336e+04 1.251262e+05
4.281451e-01 9.164744e+05 6.995948e+02 -6.399169e+04 3.631429e+03 1.161487e+05
4.299400e-01 9.162652e+05 3.462874e+03 -6.830388e+04 -3.008149e+03 1.148284e+05
4.317365e-01 9.141154e+05 7.029591e+03 -5.687782e+04 -6.257412e+03 1.209255e+05
4.335323e-01 9.108142e+05 5.663990e+03 -4.356284e+04 -7.980637e+03 1.394475e+05
4.353294e-01 9.096458e+05 2.950277e+03 -3.343023e+04 -1.737095e+03 1.438467e+05
4.371263e-01 9.090808e+05 -5.922931e+01 -4.300534e+04 4.096426e+03 1.228045e+05
4.389235e-01 9.080792e+05 1.103256e+03 -6.562139e+04 7.132424e+03 9.528711e+04
4.407180e-01 9.109652e+05 2.268596e+03 -7.044068e+04 4.285597e+03 9.603701e+04
4.425103e-01 9.142216e+05 3.934929e+03 -4.306027e+04 -7.248023e+03 1.355755e+05
4.443072e-01 9.188310e+05 6.841538e+03 3.139138e+03 -1.263663e+04 1.961050e+05
4.461036e-01 9.171240e+05 6.472477e+03 3.124984e+04 -5.134188e+03 2.343959e+05
4.478956e-01 9.127688e+05 2.114885e+03 2.210966e+04 3.806351e+03 2.077235e+05
4.496902e-01 9.084395e+05 -1.543202e+03 -1.718884e+04 6.867259e+03 1.403151e+05
4.514874e-01 9.064280e+05 2.126874e+03 -5.800386e+04 -1.667142e+02 8.221989e+04
4.532823e-01 9.055534e+05 1.374678e+03 -6.986216e+04 -7.807023e+02 6.192841e+04
4.550750e-01 9.100914e+05 1.745197e+03 -4.931826e+04 -6.412018e+03 8.412201e+04
4.568708e-01 9.144110e+05 6.105081e+03 -2.159922e+04 -6.884214e+03 1.237025e+05
4.586693e-01 9.155061e+05 2.097494e+03 -6.484148e+03 -1.339809e+03 1.414893e+05
4.604629e-01 9.142754e+05 2.637366e+03 -8.558203e+03 -1.138851e+03 1.206048e+05
4.622570e-01 9.125519e+05 2.280891e+03 -2.620787e+04 9.504955e+02 9.053780e+04
4.640543e-01 9.109085e+05 3.340559e+03 -3.418095e+04 -3.335898e+03 6.936807e+04
4.658487e-01 9.075820e+05 6.570409e+03 -3.233055e+04 -5.618464e+03 7.084738e+04
4.676433e-01 9.051222e+05 3.779693e+03 -2.341553e+04 -1.117136e+03 8.153355e+04
4.694380e-01 9.044885e+05 3.511963e+03 -2.353004e+04 4.228137e+03 8.151587e+04
4.712319e-01 9.050147e+05 -1.020145e+03 -2.967906e+04 7.361774e+03 7.855184e+04
4.730274e-01 9.109553e+05 4.008873e+02 -3.147626e+04 1.820141e+02 8.093373e+04
4.748233e-01 9.132304e+05 2.240675e+03 -2.603423e+04 1.877920e+02 9.943189e+04
4.766206e-01 9.127641e+05 4.045652e+03 -1.679514e+04 -1.306238e+03 1.058026e+05
4.784155e-01 9.086941e+05 9.246898e+03 -1.267635e+04 -8.568665e+03 1.016931e+05
4.802074e-01 8.973966e+05 6.606676e+03 -1.722996e+04 -3.493724e+03 8.951442e+04
4.820041e-01 8.966205e+05 3.164493e+02 -2.463652e+04 2.335562e+03 6.830966e+04
4.838035e-01 8.988215e+05 1.686568e+03 -2.961236e+04 4.741040e+03 7.291105e+04
4.855966e-01 9.053436e+05 -1.905357e+02 -1.585489e+04 1.478475e+03 9.541098e+04
4.873905e-01 9.105463e+05 5.543450e+03 -6.746555e+02 -2.257993e+03 1.216033e+05
4.891890e-01 9.085968e+05 2.441706e+03 7.312920e+02 -8.085569e+02 1.326112e+05
4.909845e-01 9.065576e+05 3.266414e+03 -1.064729e+04 2.203581e+03 1.040442e+05
4.927778e-01 9.012494e+05 4.025818e+03 -3.050449e+04 1.442912e+03 7.442363e+04
4.945710e-01 9.022181e+05 -5.948419e+02 -4.241855e+04 1.982252e+03 6.419836e+04
4.963686e-01 9.058344e+05 4.200194e+03 -2.817478e+04 -4.295006e+03 7.539019e+04
4.981631e-01 9.053192e+05 6.830486e+03 -1.035351e+04 -6.527914e+03 1.012022e+05
4.999565e-01 9.041961e+05 2.766241e+03 -1.737388e+03 -2.714451e+02 1.048958e+05
5.017530e-01 9.036417e+05 -4.946860e+02 -1.641514e+04 4.717898e+03 8.078537e+04
5.035473e-01 9.055738e+05 2.530951e+03 -2.974995e+04 7.303937e+02 5.672783e+04
5.053425e-01 9.021762e+05 6.368025e+03 -2.875284e+04 -3.101486e+03 6.574900e+04
5.071378e-01 9.044878e+05 4.054459e+03 -3.022281e+03 9.704921e+02 1.064035e+05
5.089338e-01 9.092481e+05 4.235424e+03 3.286075e+04 -4.581277e+03 1.596667e+05
5.107304e-01 9.100412e+05 6.442435e+03 5.446880e+04 -2.938499e+02 1.908041e+05
5.125264e-01 9.042974e+05 3.491772e+03 4.235076e+04 6.467405e+03 1.732895e+05
5.143202e-01 8.995398e+05 8.532925e+02 1.035035e+04 8.241525e+03 1.244253e+05
5.161135e-01 8.963425e+05 1.940087e+03 -1.613373e+04 1.275820e+03 8.008244e+04
5.179077e-01 8.962146e+05 1.934752e+03 -2.389007e+04 -1.256544e+03 7.738220e+04
5.197029e-01 9.009319e+05 1.435113e+03 -1.013179e+04 1.825013e+02 9.266777e+04
5.214989e-01 9.049815e+05 4.164301e+03 4.291471e+02 -4.090860e+03 1.088348e+05
5.232939e-01 9.012065e+05 7.597822e+03 4.430210e+03 -7.364902e+03 1.128682e+05
5.250894e-01 8.968126e+05 3.594073e+03 -4.422018e+02 -3.506000e+03 8.490210e+04
5.268875e-01 8.934300e+05 2.903775e+03 -1.187825e+04 1.482102e+03 5.680032e+04
5.286829e-01 8.940028e+05 2.220239e+03 -1.647928e+04 3.635247e+03 5.828421e+04
5.304764e-01 8.978877e+05 -7.399452e+02 -1.397053e+04 2.830536e+03 6.259636e+04
5.322718e-01 9.015612e+05 3.883086e+03 -1.257420e+04 -2.456151e+03 6.688238e+04
5.340665e-01 8.991848e+05 4.389724e+03 -1.706655e+04 -4.441242e+03 6.145254e+04
5.358628e-01 8.984228e+05 2.827783e+03 -2.094048e+04 1.312010e+03 4.549522e+04
5.376582e-01 8.957069e+05 4.065686e+03 -2.567248e+04 3.181135e+03 4.635327e+04
5.394517e-01 8.993685e+05 6.202930e+02 -1.707295e+04 3.031299e+03 5.822967e+04
5.412446e-01 9.031106e+05 3.715192e+03 -5.159622e+03 -1.920083e+03 7.640687e+04
5.430425e-01 9.026542e+05 4.289860e+03 -2.374623e+03 -3.644719e+03 8.213134e+04
5.448396e-01 9.012709e+05 1.698249e+03 -1.135844e+04 -2.407461e+03 5.852469e+04
5.466312e-01 8.966427e+05 6.932859e+03 -2.128874e+04 -1.738906e+03 3.250942e+04
5.484273e-01 8.938345e+05 3.615903e+03 -2.653509e+04 1.290779e+03 3.421512e+04
5.502231e-01 8.995162e+05 1.601612e+03 -7.559068e+03 -6.942384e+01 6.249250e+04
5.520189e-01 9.030819e+05 5.368178e+03 1.946488e+04 -4.369908e+02 1.111844e+05
5.538138e-01 9.060739e+05 2.209268e+03 3.285579e+04 4.155325e+03 1.422521e+05
5.556067e-01 9.073477e+05 9.949091e+02 2.808346e+04 5.551547e+03 1.313400e+05
5.574029e-01 9.032222e+05 5.727473e+03 8.364780e+03 1.621067e+02 1.060510e+05
5.591994e-01 8.973936e+05 3.948948e+03 -1.051164e+04 1.061142e+03 8.292862e+04
5.609943e-01 8.976653e+05 3.279639e+03 -1.120200e+04 -2.250394e+03 6.813131e+04
5.627890e-01 8.989531e+05 2.860376e+03 -2.469785e+03 -8.003924e+03 7.034151e+04
5.645865e-01 9.041101e+05 2.196231e+03 8.716669e+03 -8.095429e+03 7.391605e+04
5.663833e-01 9.019474e+05 5.972250e+03 5.369780e+03 -3.278411e+03 6.197908e+04
5.681768e-01 8.970420e+05 4.002466e+03 -4.570925e+03 6.080732e+03 3.919280e+04
5.699714e-01 8.920236e+05 6.223187e+03 -1.355525e+04 4.437142e+03 2.148951e+04
5.717666e-01 8.877318e+05 6.720062e+03 -1.499462e+04 1.720800e+03 4.204764e+04
5.735604e-01 8.885541e+05 7.238680e+02 -6.749384e+03 8.474066e+03 6.594322e+04
5.753547e-01 8.949358e+05 -7.794639e+02 -4.042465e+03 3.996434e+03 7.818462e+04
5.771493e-01 8.995325e+05 1.092533e+03 -5.925167e+03 -3.226883e+02 8.014628e+04
5.789465e-01 8.981342e+05 5.233334e+03 -1.433342e+04 -3.238817e+03 6.537679e+04
5.807435e-01 8.959716e+05 3.706206e+03 -1.683484e+04 -2.735338e+03 5.529075e+04
5.825362e-01 8.957102e+05 4.217552e+03 -1.097703e+04 -2.210561e+03 5.408984e+04
5.843306e-01 8.977580e+05 2.464072e+03 -4.501729e+02 -3.642914e+03 6.727234e+04
5.861281e-01 8.998968e+05 3.772451e+03 8.555846e+03 -4.214088e+03 7.008831e+04
5.879240e-01 8.980701e+05 5.957073e+03 5.015198e+03 -9.504725e+02 6.745752e+04
5.897195e-01 8.937595e+05 3.267394e+03 -7.299526e+03 4.268729e+03 5.041223e+04
5.915160e-01 8.910116e+05 6.177715e+03 -1.702630e+04 2.277678e+03 3.641802e+04
5.933128e-01 8.876128e+05 3.488810e+03 -1.940905e+04 -6.372742e+02 3.574559e+04
5.951052e-01 8.903242e+05 1.174300e+03 -1.143551e+04 7.119431e+02 4.219680e+04
5.968969e-01 8.965104e+05 9.042531e+02 -9.559556e+03 5.804792e+02 5.437906e+04
5.986941e-01 8.983911e+05 4.624834e+03 -9.230227e+03 -6.131839e+02 5.334612e+04
6.004886e-01 8.966651e+05 2.960859e+03 -1.005128e+04 9.697538e+02 5.087009e+04
6.022826e-01 8.978446e+05 2.513329e+03 -1.048386e+04 2.777242e+03 5.458803e+04
6.040778e-01 9.015305e+05 2.245271e+03 -3.479231e+03 -6.436818e+02 6.729426e+04
6.058727e-01 9.003872e+05 8.639684e+03 1.092217e+04 -5.217774e+03 8.066452e+04
6.076682e-01 8.950366e+05 7.026773e+03 1.680536e+04 -4.249292e+03 8.612877e+04
6.094636e-01 8.928343e+05 1.540042e+03 1.101401e+04 1.359516e+03 6.443563e+04
6.112608e-01 8.934394e+05 2.014945e+03 -2.578978e+03 6.289620e+02 3.805662e+04
6.130571e-01 8.918493e+05 6.186443e+03 -1.290792e+04 -1.538439e+03 2.159434e+04
6.148510e-01 8.910819e+05 4.162425e+03 -6.754383e+03 -1.279564e+03 3.281620e+04
6.166467e-01 8.927749e+05 4.038391e+03 6.482115e+03 -1.443770e+03 5.165206e+04
6.184426e-01 8.960447e+05 3.348649e+03 2.044645e+04 -3.059896e+03 7.399100e+04
6.202383e-01 8.988632e+05 1.763995e+03 2.301455e+04 -2.653812e+03 7.310670e+04
6.220331e-01 8.993101e+05 3.244291e+03 1.623672e+04 1.566628e+03 5.584609e+04
6.238256e-01 8.968316e+05 3.241255e+03 1.810600e+03 4.549862e+03 3.831369e+04
6.256207e-01 8.953505e+05 4.963247e+03 -3.284057e+03 1.177734e+03 2.632218e+04
6.274180e-01 8.934679e+05 4.601085e+03 -5.154979e+03 -1.007880e+03 3.450709e+04
6.292132e-01 8.949798e+05 2.639407e+03 1.238634e+02 -2.015267e+03 3.958579e+04
6.310070e-01 8.958238e+05 5.345721e+03 -1.161728e+03 -1.276060e+03 3.562991e+04
6.328016e-01 8.919065e+05 4.512970e+03 -6.397316e+03 5.191560e+03 3.205421e+04
6.345988e-01 8.908326e+05 3.282553e+03 -1.293658e+04 7.658150e+03 2.578704e+04
6.363935e-01 8.913418e+05 2.024362e+03 -1.896785e+04 7.880916e+03 2.951727e+04
6.381885e-01 8.933856e+05 4.299319e+03 -1.915553e+04 -1.886001e+03 3.733589e+04
6.399844e-01 8.919649e+05 5.297356e+03 -1.398381e+04 -7.392791e+03 4.067170e+04
6.417790e-01 8.918012e+05 3.552544e+03 -1.156309e+04 -1.530179e+03 3.926952e+04
6.435737e-01 8.914567e+05 8.124527e+02 -1.445366e+04 7.380984e+03 2.985762e+04
6.453671e-01 8.937694e+05 4.219348e+03 -2.015996e+04 5.830717e+02 2.717586e+04
6.471630e-01 8.940855e+05 6.078332e+03 -1.287791e+04 -5.306633e+03 4.652621e+04
6.489575e-01 8.944638e+05 3.368298e+03 -2.208864e+03 -1.650691e+03 5.965461e+04
6.507531e-01 8.968759e+05 4.842198e+03 7.074246e+03 -3.627205e+03 6.264274e+04
6.525500e-01 8.944034e+05 5.803550e+03 6.722139e+03 -3.395065e+03 6.312123e+04
6.543447e-01 8.955418e+05 7.185439e+02 3.795298e+03 -1.636246e+03 4.679260e+04
6.561416e-01 8.981343e+05 2.561968e+03 -1.297948e+03 4.623273e+02 3.301038e+04
6.579361e-01 8.974148e+05 4.315785e+03 -4.194817e+02 1.065142e+03 3.370290e+04
6.597296e-01 8.981649e+05 5.715767e+03 3.434811e+03 1.886879e+03 4.691852e+04
6.615260e-01 8.960324e+05 6.653373e+03 9.645661e+03 -7.049910e+02 5.681157e+04
6.633228e-01 8.913915e+05 6.237449e+03 6.907252e+03 3.638797e+03 6.110255e+04
6.651187e-01 8.898986e+05 1.431603e+03 -6.496833e+03 9.722894e+03 5.136774e+04
6.669114e-01 8.893839e+05 2.778262e+03 -1.905263e+04 5.975175e+03 3.712005e+04
6.687054e-01 8.896268e+05 2.428417e+03 -2.490890e+04 -2.134707e+03 3.334720e+04
6.705023e-01 8.933576e+05 4.057882e+03 -1.768722e+04 -6.010276e+03 3.477730e+04
6.722992e-01 8.931803e+05 5.373400e+03 -8.763526e+03 -6.897925e+03 4.417493e+04
6.740944e-01 8.939686e+05 4.408278e+03 -8.102252e+02 -3.670805e+03 4.116856e+04
6.758872e-01 8.943558e+05 3.757909e+03 -4.667855e+02 -1.166406e+03 3.263557e+04
6.776825e-01 8.931906e+05 5.056119e+03 -5.578440e+03 -3.367640e+03 2.382869e+04
6.794791e-01 8.929326e+05 3.005073e+03 -1.295777e+04 2.216722e+03 2.227151e+04
6.812733e-01 8.938512e+05 2.342406e+03 -1.758878e+04 7.451261e+03 1.789613e+04
6.830683e-01 8.926751e+05 6.320312e+03 -1.876181e+04 2.761915e+03 1.856004e+04
6.848621e-01 8.877499e+05 6.401652e+03 -2.073176e+04 -1.918599e+03 1.915723e+04
6.866570e-01 8.876732e+05 2.985916e+03 -1.996258e+04 -7.970966e+02 1.925247e+04
6.884537e-01 8.892489e+05 4.163675e+03 -1.775231e+04 -4.607890e+03 1.213802e+04
6.902501e-01 8.867176e+05 8.550691e+03 -1.254666e+04 -5.974756e+03 1.781306e+04
6.920470e-01 8.857637e+05 2.382160e+03 -9.268092e+03 1.604141e+03 2.385877e+04
6.938409e-01 8.897154e+05 1.575626e+03 -8.589219e+03 5.689788e+03 2.207239e+04
6.956343e-01 8.904132e+05 4.431323e+03 -1.129894e+04 2.478276e+03 2.908437e+04
6.974295e-01 8.901671e+05 4.635624e+03 -9.532443e+03 4.265279e+02 3.612607e+04
6.992264e-01 8.909186e+05 3.476072e+03 -5.086677e+03 2.013657e+03 4.393529e+04
7.010216e-01 8.925258e+05 4.658610e+03 1.991550e+03 -6.266470e+02 5.364051e+04
7.028157e-01 8.917396e+05 5.188053e+03 2.555277e+03 -2.661730e+03 5.857227e+04
7.046118e-01 8.915434e+05 3.711133e+03 1.282760e+03 5.086437e+02 5.362322e+04
7.064070e-01 8.913622e+05 2.022921e+03 -1.058681e+04 3.828758e+03 3.812418e+04
7.082001e-01 8.936047e+05 7.012218e+02 -2.305605e+04 5.608091e+03 2.474577e+04
7.099950e-01 8.965569e+05 6.027350e+03 -2.695796e+04 -1.173512e+03 1.951943e+04
7.117916e-01 8.933934e+05 8.079028e+03 -1.932778e+04 -4.647493e+03 3.747841e+04
7.135857e-01 8.926830e+05 4.241817e+03 -5.048988e+03 -2.017988e+03 5.148091e+04
7.153810e-01 8.949490e+05 4.176814e+03 2.419189e+03 -1.438902e+03 5.903309e+04
7.171769e-01 8.948681e+05 3.813220e+03 3.453009e+03 -1.399101e+03 5.904726e+04
7.189721e-01 8.956702e+05 4.289598e+03 -2.060720e+03 5.349443e+02 4.757357e+04
7.207688e-01 8.942534e+05 2.720664e+03 -6.199314e+03 4.356426e+03 4.092988e+04
7.225642e-01 8.956041e+05 5.842196e+03 -6.723194e+03 -3.958962e+02 4.059407e+04
7.243583e-01 8.932348e+05 6.691501e+03 -2.660732e+03 -2.587998e+03 5.110867e+04
7.261538e-01 8.931989e+05 3.520299e+03 -1.970088e+03 1.935052e+03 5.495342e+04
7.279497e-01 8.946944e+05 1.448911e+03 -5.292003e+03 3.961466e+03 5.130271e+04
7.297435e-01 8.973248e+05 3.017615e+03 -1.515227e+04 2.506522e+03 4.160749e+04
7.315366e-01 8.986842e+05 3.708856e+03 -1.809978e+04 -3.267338e+03 3.020849e+04
7.333339e-01 8.975045e+05 7.903630e+03 -1.624370e+04 -6.336385e+03 2.943985e+04
7.351305e-01 8.945428e+05 5.941792e+03 -1.284152e+04 -2.008634e+03 3.428102e+04
7.369246e-01 8.948846e+05 2.086913e+03 -1.128896e+04 4.092574e+03 3.260341e+04
7.387207e-01 8.974919e+05 2.819393e+03 -1.469789e+04 2.379476e+03 3.071044e+04
7.405164e-01 8.979242e+05 5.110911e+03 -1.627845e+04 -2.786604e+03 2.944285e+04
7.423108e-01 8.970632e+05 7.482505e+03 -9.709333e+03 -5.776314e+03 3.503062e+04
7.441040e-01 8.952910e+05 5.290429e+03 -3.762903e+03 8.537877e+02 4.560693e+04
7.458996e-01 8.953317e+05 5.089522e+03 1.824001e+03 3.781527e+03 5.115703e+04
7.476955e-01 8.939626e+05 5.312196e+03 -4.427210e+00 3.435002e+03 5.837904e+04
7.494882e-01 8.939948e+05 1.735258e+03 -6.078137e+03 2.866267e+03 5.269706e+04
7.512836e-01 8.959044e+05 3.077579e+03 -1.349338e+04 -1.424117e+02 4.068503e+04
7.530799e-01 8.963787e+05 5.330664e+03 -1.572146e+04 -3.523375e+03 3.551063e+04
7.548749e-01 8.961301e+05 4.657279e+03 -1.084747e+04 -4.004856e+03 3.184580e+04
7.566699e-01 8.969932e+05 6.077125e+03 -5.903700e+03 -2.969568e+03 3.670595e+04
7.584671e-01 8.979971e+05 4.208043e+03 -2.548880e+03 1.100447e+02 4.537124e+04
7.602633e-01 8.991751e+05 3.135413e+03 -5.088248e+03 4.754627e+03 4.567131e+04
7.620571e-01 8.975408e+05 6.064649e+03 -9.268618e+03 2.223101e+03 3.736994e+04
7.638531e-01 8.950004e+05 5.403854e+03 -1.252873e+04 7.361987e+02 3.597747e+04
7.656499e-01 8.963334e+05 3.165632e+03 -1.403090e+04 1.365305e+03 3.502632e+04
7.674455e-01 8.970036e+05 5.557585e+03 -1.370890e+04 -2.305535e+01 3.746610e+04
7.692400e-01 8.952185e+05 5.876577e+03 -1.586517e+04 2.579962e+03 3.855063e+04
7.710340e-01 8.961543e+05 3.435703e+03 -1.794728e+04 8.295700e+02 3.616514e+04
7.728276e-01 8.946225e+05 5.882897e+03 -1.924593e+04 -1.462001e+03 3.332469e+04
7.746220e-01 8.938792e+05 4.827782e+03 -2.129006e+04 2.277992e+03 3.942203e+04
7.764173e-01 8.951182e+05 3.766885e+03 -1.976462e+04 3.459557e+03 3.859342e+04
7.782136e-01 8.958304e+05 5.207795e+03 -1.880440e+04 -1.872101e+03 4.365789e+04
7.800117e-01 8.955641e+05 5.930301e+03 -1.727510e+04 -4.707890e+03 4.325365e+04
7.818056e-01 8.946619e+05 4.993972e+03 -1.857802e+04 -3.829804e+03 3.869205e+04
7.835979e-01 8.933692e+05 5.367298e+03 -1.961742e+04 -6.863429e+02 2.874047e+04
7.853947e-01 8.927697e+05 4.642907e+03 -2.064070e+04 2.319977e+02 2.173492e+04
7.871903e-01 8.936739e+05 4.738666e+03 -1.778537e+04 -6.565563e+02 2.370968e+04
7.889853e-01 8.941182e+05 4.457927e+03 -1.551541e+04 8.485306e+01 3.292532e+04
7.907819e-01 8.954901e+05 5.772854e+03 -1.258818e+04 -2.949800e+02 3.670700e+04
7.925772e-01 8.932759e+05 6.107521e+03 -1.308686e+04 5.682213e+02 3.770727e+04
7.943719e-01 8.924803e+05 4.447641e+03 -1.573659e+04 3.480730e+03 3.583288e+04
7.961659e-01 8.926591e+05 3.857668e+03 -1.738635e+04 2.010076e+03 3.505695e+04
7.979598e-01 8.932399e+05 5.580568e+03 -1.718209e+04 -2.359765e+03 3.615889e+04
7.997559e-01 8.918706e+05 7.421592e+03 -1.198597e+04 -3.496426e+03 4.129934e+04
8.015520e-01 8.904526e+05 6.567824e+03 -9.116146e+03 -2.985313e+03 4.074019e+04
8.033475e-01 8.884347e+05 5.241273e+03 -1.035926e+04 1.275874e+03 4.024593e+04
8.051404e-01 8.885990e+05 3.208919e+03 -1.298400e+04 4.862231e+03 3.419783e+04
8.069349e-01 8.899648e+05 3.430164e+03 -2.043044e+04 4.471125e+03 3.377022e+04
8.087329e-01 8.922961e+05 3.711179e+03 -2.258604e+04 2.094297e+03 3.546201e+04
8.105286e-01 8.931648e+05 4.467697e+03 -2.198029e+04 -1.685858e+03 3.787294e+04
8.123233e-01 8.935146e+05 6.510783e+03 -1.961824e+04 -2.675365e+03 4.098461e+04
8.141188e-01 8.924707e+05 4.195379e+03 -2.097341e+04 3.588163e+02 3.978846e+04
8.159142e-01 8.943392e+05 3.409547e+03 -2.032184e+04 1.503312e+03 3.795855e+04
8.177087e-01 8.959866e+05 4.239130e+03 -2.040881e+04 2.246563e+03 4.344539e+04
8.195037e-01 8.995489e+05 2.736983e+03 -2.062156e+04 2.031492e+03 5.011908e+04
8.212995e-01 9.006693e+05 5.583506e+03 -1.871168e+04 -4.220953e+02 5.375814e+04
8.230953e-01 8.986777e+05 8.277424e+03 -1.641244e+04 -4.183142e+03 5.393991e+04
8.248902e-01 8.940466e+05 7.775958e+03 -1.691491e+04 -3.146622e+03 4.789753e+04
8.266848e-01 8.918614e+05 4.544587e+03 -1.914509e+04 -1.473773e+03 3.793984e+04
8.284792e-01 8.947974e+05 2.767850e+03 -2.089742e+04 1.731367e+03 3.464747e+04
8.302734e-01 8.979462e+05 4.325349e+03 -1.858857e+04 -6.711911e+01 4.133920e+04
8.320692e-01 8.978508e+05 6.021465e+03 -1.514138e+04 9.612040e+02 4.988111e+04
8.338654e-01 8.970629e+05 6.298994e+03 -1.496838e+04 1.323247e+03 5.296541e+04
8.356607e-01 8.966227e+05 4.936752e+03 -1.856148e+04 2.263319e+02 4.754840e+04
8.374562e-01 8.955763e+05 5.307825e+03 -2.156075e+04 -3.720708e+03 3.483827e+04
8.392510e-01 8.951372e+05 5.542585e+03 -2.105675e+04 -3.186223e+03 2.528751e+04
8.410464e-01 8.957446e+05 5.091790e+03 -1.937962e+04 -1.156955e+03 2.379243e+04
8.428427e-01 8.967932e+05 4.719261e+03 -1.483189e+04 1.240052e+03 3.064669e+04
8.446371e-01 8.984069e+05 5.498852e+03 -1.119705e+04 -3.631016e+03 3.734701e+04
8.464320e-01 8.973392e+05 6.918356e+03 -7.350911e+03 -3.363838e+03 3.721589e+04
8.482278e-01 8.942182e+05 7.476369e+03 -7.073643e+03 -2.168360e+03 3.278359e+04
8.500227e-01 8.921746e+05 6.307319e+03 -7.944062e+03 5.918583e+02 2.676796e+04
8.518177e-01 8.918448e+05 4.185863e+03 -1.095190e+04 9.156627e+02 2.512913e+04
8.536137e-01 8.936257e+05 5.350279e+03 -7.423423e+03 -2.438425e+02 2.638948e+04
8.554088e-01 8.938076e+05 5.085260e+03 -8.684990e+03 5.391652e+02 3.236309e+04
8.572024e-01 8.954624e+05 4.199060e+03 -8.636618e+03 2.932530e+03 3.059839e+04
8.589967e-01 8.949190e+05 5.097964e+03 -1.230304e+04 4.336650e+03 3.052023e+04
8.607918e-01 8.946179e+05 5.602820e+03 -1.895319e+04 2.441047e+03 2.664297e+04
8.625869e-01 8.924292e+05 6.735811e+03 -2.096590e+04 -1.388572e+02 2.660324e+04
8.643824e-01 8.926507e+05 4.048415e+03 -2.219774e+04 -1.834736e+03 2.669405e+04
8.661785e-01 8.950984e+05 5.332331e+03 -1.995096e+04 -3.262152e+03 2.367506e+04
8.679743e-01 8.937356e+05 7.623705e+03 -1.668912e+04 -6.057628e+03 2.169993e+04
8.697706e-01 8.924082e+05 5.882277e+03 -1.345785e+04 -1.368403e+03 2.108221e+04
8.715653e-01 8.935611e+05 4.830738e+03 -9.693911e+03 2.165296e+03 2.345586e+04
8.733592e-01 8.938704e+05 6.769168e+03 -8.365887e+03 1.672882e+03 2.933973e+04
8.751548e-01 8.941044e+05 5.740880e+03 -6.022499e+03 -2.014699e+03 3.800603e+04
8.769502e-01 8.931302e+05 5.549938e+03 -3.700420e+03 -7.801471e+02 3.889235e+04
8.787466e-01 8.910203e+05 7.161750e+03 -4.855259e+03 8.894556e+02 3.206242e+04
8.805415e-01 8.882036e+05 8.243035e+03 -9.738410e+03 6.031370e+02 2.757533e+04
8.823359e-01 8.852208e+05 4.459537e+03 -1.485652e+04 3.015159e+03 2.642012e+04
8.841313e-01 8.870960e+05 3.757274e+03 -1.478976e+04 1.459335e+02 2.415024e+04
8.859273e-01 8.883000e+05 6.645026e+03 -1.338593e+04 -2.885177e+03 2.321111e+04
8.877230e-01 8.868900e+05 5.596587e+03 -1.004071e+04 -7.928075e+02 2.945695e+04
8.895175e-01 8.886878e+05 3.714127e+03 -1.160201e+04 2.377846e+03 2.715918e+04
8.913122e-01 8.910173e+05 4.955370e+03 -1.400453e+04 2.278583e+03 2.572251e+04
8.931078e-01 8.908537e+05 7.548895e+03 -1.099417e+04 -2.094881e+03 2.894473e+04
8.949034e-01 8.895008e+05 5.378088e+03 -1.098885e+04 6.051344e+01 3.692946e+04
8.966974e-01 8.924586e+05 2.690522e+03 -9.593457e+03 3.912016e+03 3.780872e+04
8.984931e-01 8.950254e+05 5.184316e+03 -1.400755e+04 3.205753e+03 3.989843e+04
9.002874e-01 8.942694e+05 5.147534e+03 -1.860912e+04 -4.521581e+02 3.295221e+04
9.020815e-01 8.923607e+05 8.003394e+03 -1.837429e+04 -3.758793e+03 2.352911e+04
9.038774e-01 8.888681e+05 8.097034e+03 -1.758218e+04 -4.524849e+03 2.139051e+04
9.056723e-01 8.896519e+05 5.612036e+03 -1.274389e+04 -1.842278e+03 2.211375e+04
9.074684e-01 8.913235e+05 5.167291e+03 -7.559933e+03 -5.979590e+02 2.905278e+04
9.092635e-01 8.924116e+05 4.980096e+03 -4.178102e+03 1.972706e+03 3.388050e+04
9.110582e-01 8.930377e+05 5.317776e+03 -6.855664e+03 2.380796e+03 3.280273e+04
9.128546e-01 8.933371e+05 4.704123e+03 -1.197179e+04 -4.634405e+01 2.819918e+04
9.146502e-01 8.944684e+05 4.924052e+03 -1.586039e+04 1.802318e+03 2.704215e+04
9.164437e-01 8.948179e+05 5.774655e+03 -1.666239e+04 3.537532e+02 2.842310e+04
9.182390e-01 8.938126e+05 9.676692e+03 -1.203809e+04 -6.241566e+02 3.730711e+04
