# k, q0, q1/i, q2, q3/i, q4, norm, alpha = 0.10795670106711949, 0.020396601297980627
0.000000e+00 1.744332e+09 0.000000e+00 0.000000e+00 0.000000e+00 8.405987e+08
2.542755e-03 1.212623e+09 3.677744e+08 8.589256e+07 1.686865e+08 -1.467162e+08
4.308321e-03 6.453817e+08 2.702259e+08 2.125131e+08 1.352372e+08 3.079825e+07
6.127972e-03 2.505343e+08 1.029804e+08 1.776092e+08 1.808686e+08 -5.729048e+07
7.953317e-03 7.829966e+07 1.449739e+07 8.782207e+07 8.393643e+07 8.499520e+05
9.814571e-03 2.170994e+07 -1.039917e+06 1.289262e+07 2.173686e+07 2.232327e+06
1.156539e-02 8.633271e+06 -5.809586e+05 -1.085481e+07 1.662376e+06 1.055267e+07
1.336205e-02 7.357893e+06 1.725737e+06 -6.052295e+06 3.541710e+06 9.476254e+06
1.519307e-02 6.538379e+06 1.913873e+06 1.059279e+06 5.091453e+06 1.364566e+07
1.700413e-02 4.447576e+06 5.779691e+05 3.486221e+06 3.037263e+06 1.373392e+07
1.878921e-02 2.545570e+06 -2.174365e+05 1.058244e+06 3.373000e+05 9.223628e+06
2.056181e-02 1.399437e+06 -1.022532e+05 -1.231636e+06 -7.305316e+05 4.214078e+06
2.237315e-02 9.248264e+05 1.595901e+05 -1.618435e+06 -2.959814e+05 1.862920e+06
2.420702e-02 7.778041e+05 3.133402e+05 -5.733001e+05 3.254658e+05 1.946624e+06
2.604330e-02 7.106334e+05 1.953791e+05 4.015452e+05 4.723080e+05 2.711192e+06
2.781707e-02 5.656043e+05 2.094171e+04 5.649668e+05 1.745253e+05 2.621555e+06
2.956466e-02 3.843018e+05 -6.283891e+04 2.120765e+05 -5.790449e+04 1.737556e+06
3.136513e-02 2.486136e+05 -4.277432e+04 -2.483270e+05 -1.025527e+05 8.222032e+05
3.317513e-02 1.840907e+05 1.895863e+04 -3.242782e+05 9.545215e+03 4.276749e+05
3.497165e-02 1.903616e+05 5.361334e+04 -1.452078e+05 1.096382e+05 5.704262e+05
3.677184e-02 1.938468e+05 4.040330e+04 6.236055e+04 1.026801e+05 8.067792e+05
3.856197e-02 1.698866e+05 2.822317e+03 1.062346e+05 3.293383e+04 8.038661e+05
4.034231e-02 1.224200e+05 -1.937671e+04 -1.356472e+03 -3.418214e+04 5.492509e+05
4.214741e-02 8.213595e+04 -1.111019e+04 -1.044392e+05 -4.034852e+04 2.837922e+05
4.395085e-02 6.577231e+04 9.818651e+03 -1.203439e+05 -1.243050e-01 1.823370e+05
4.574462e-02 6.596436e+04 1.904818e+04 -4.650468e+04 3.867087e+04 2.394552e+05
4.755674e-02 7.192368e+04 1.040569e+04 2.236862e+04 3.792331e+04 3.261896e+05
4.935944e-02 6.457948e+04 -2.365904e+03 2.884475e+04 6.818503e+03 3.113783e+05
5.113615e-02 4.999941e+04 -8.092156e+03 -1.326863e+04 -1.701785e+04 2.198561e+05
5.293674e-02 3.430409e+04 -3.648179e+03 -5.449230e+04 -1.619304e+04 1.154296e+05
5.472727e-02 2.987012e+04 4.924551e+03 -5.586172e+04 2.271112e+03 8.628477e+04
5.651697e-02 3.185571e+04 8.976866e+03 -1.936159e+04 1.702287e+04 1.203067e+05
5.831477e-02 3.515719e+04 6.208606e+03 1.577558e+04 1.554221e+04 1.672315e+05
6.011451e-02 3.224956e+04 -4.263435e+02 2.246117e+04 1.555620e+03 1.663793e+05
6.191171e-02 2.482932e+04 -4.273073e+03 6.780724e+02 -9.960977e+03 1.183058e+05
6.370712e-02 1.785527e+04 -2.838843e+03 -2.227706e+04 -8.893521e+03 6.584135e+04
6.550732e-02 1.501746e+04 1.205411e+03 -2.778892e+04 5.497292e+02 4.477846e+04
6.729498e-02 1.601804e+04 3.541360e+03 -1.514882e+04 7.724971e+03 5.814725e+04
6.908598e-02 1.750499e+04 2.523929e+03 -6.552879e+02 6.506296e+03 7.836649e+04
7.088188e-02 1.619538e+04 -3.824296e+02 1.852673e+03 -1.168045e+02 7.661900e+04
7.268232e-02 1.293076e+04 -1.936327e+03 -7.879856e+03 -4.947464e+03 5.467388e+04
7.447792e-02 9.702867e+03 -8.552913e+02 -1.743682e+04 -3.618697e+03 3.159061e+04
7.627282e-02 8.655423e+03 1.303708e+03 -1.663578e+04 1.501664e+03 2.623032e+04
7.807562e-02 9.827424e+03 2.287212e+03 -6.963519e+03 5.089729e+03 3.873986e+04
7.988558e-02 1.088303e+04 1.285019e+03 2.489646e+03 3.839814e+03 5.143965e+04
8.168049e-02 1.033898e+04 -5.142521e+02 3.343564e+03 -4.277881e+02 5.071407e+04
8.345709e-02 8.224227e+03 -1.408968e+03 -3.326672e+03 -3.263803e+03 3.627304e+04
8.524436e-02 6.218692e+03 -7.993463e+02 -9.900758e+03 -2.391915e+03 2.115403e+04
8.704550e-02 5.769811e+03 6.844599e+02 -1.035223e+04 8.798320e+02 1.752062e+04
8.884478e-02 6.439230e+03 1.517485e+03 -4.407522e+03 3.131452e+03 2.488203e+04
9.064103e-02 7.147554e+03 1.040584e+03 1.811780e+03 2.466602e+03 3.381262e+04
9.243897e-02 6.802483e+03 -2.303310e+02 2.797423e+03 -9.256242e+01 3.373506e+04
9.423607e-02 5.536839e+03 -9.504036e+02 -1.490001e+03 -2.050472e+03 2.462183e+04
9.603871e-02 4.267660e+03 -5.980240e+02 -6.361542e+03 -1.719608e+03 1.445631e+04
9.782410e-02 3.727491e+03 2.694168e+02 -7.315983e+03 1.178636e+02 1.068560e+04
9.961474e-02 4.001147e+03 8.020907e+02 -4.412234e+03 1.504245e+03 1.411728e+04
1.014127e-01 4.359326e+03 5.348250e+02 -9.341179e+02 1.172988e+03 1.877020e+04
1.031985e-01 4.220616e+03 -1.222225e+02 -1.572109e+02 -2.420218e+02 1.902866e+04
1.049957e-01 3.541639e+03 -4.915508e+02 -2.454620e+03 -1.233827e+03 1.408487e+04
1.067952e-01 2.829684e+03 -2.814109e+02 -4.730338e+03 -8.722120e+02 8.701919e+03
1.085930e-01 2.635721e+03 2.568409e+02 -4.853234e+03 2.952869e+02 7.418147e+03
1.103885e-01 2.896506e+03 5.302007e+02 -2.690574e+03 1.070114e+03 1.028528e+04
1.121821e-01 3.159642e+03 2.995425e+02 -5.512433e+02 7.270114e+02 1.338802e+04
1.139837e-01 3.039693e+03 -1.406300e+02 -2.522157e+02 -2.377177e+02 1.321080e+04
1.157773e-01 2.561583e+03 -3.546524e+02 -1.838214e+03 -8.651793e+02 9.776566e+03
1.175730e-01 2.138053e+03 -1.516709e+02 -3.421491e+03 -5.085907e+02 6.433601e+03
1.193666e-01 2.064607e+03 2.261926e+02 -3.212859e+03 4.065969e+02 6.042914e+03
1.211543e-01 2.327553e+03 4.057295e+02 -1.475010e+03 9.431433e+02 8.547042e+03
1.229561e-01 2.543996e+03 2.309760e+02 2.173698e+02 6.040190e+02 1.101155e+04
1.247542e-01 2.462849e+03 -1.071293e+02 3.861918e+02 -2.208772e+02 1.091670e+04
1.265466e-01 2.089208e+03 -2.837552e+02 -9.784539e+02 -7.432043e+02 8.084058e+03
1.283363e-01 1.717636e+03 -1.495279e+02 -2.217713e+03 -5.217449e+02 5.133405e+03
1.301269e-01 1.634444e+03 1.549485e+02 -2.323209e+03 1.301388e+02 4.503954e+03
1.319334e-01 1.748191e+03 3.311791e+02 -1.096056e+03 5.673357e+02 6.071244e+03
1.337370e-01 1.861006e+03 2.086397e+02 1.554546e+02 4.012573e+02 7.829517e+03
1.355323e-01 1.792297e+03 -6.139891e+01 3.284395e+02 -1.383612e+02 7.785050e+03
1.373301e-01 1.556984e+03 -2.175214e+02 -5.718793e+02 -5.116108e+02 5.898367e+03
1.391197e-01 1.308264e+03 -1.340693e+02 -1.637316e+03 -3.794115e+02 3.730122e+03
1.409058e-01 1.202861e+03 5.886625e+01 -1.826123e+03 6.250293e+01 2.952540e+03
1.427003e-01 1.284906e+03 1.704980e+02 -1.199508e+03 3.537828e+02 3.814828e+03
1.444928e-01 1.391830e+03 1.108426e+02 -4.382654e+02 2.659789e+02 4.952385e+03
1.462886e-01 1.369019e+03 -3.587463e+01 -2.908451e+02 -8.727499e+01 5.005000e+03
1.480924e-01 1.212705e+03 -1.145662e+02 -8.250193e+02 -3.220114e+02 3.865412e+03
1.498892e-01 1.042473e+03 -5.716324e+01 -1.360683e+03 -2.414591e+02 2.614947e+03
1.516798e-01 1.000723e+03 5.996817e+01 -1.403458e+03 4.860742e+01 2.316837e+03
1.534759e-01 1.061215e+03 1.182635e+02 -9.253795e+02 2.320833e+02 2.954028e+03
1.552766e-01 1.114399e+03 5.721376e+01 -4.676876e+02 1.531947e+02 3.605161e+03
1.570706e-01 1.078574e+03 -4.703284e+01 -4.833102e+02 -9.152950e+01 3.427083e+03
1.588578e-01 9.662426e+02 -7.982405e+01 -8.806579e+02 -2.397395e+02 2.576485e+03
1.606585e-01 8.629995e+02 -1.680280e+01 -1.194619e+03 -1.345566e+02 1.808965e+03
1.624649e-01 8.514084e+02 7.367229e+01 -1.058207e+03 1.043634e+02 1.829215e+03
1.642557e-01 9.210759e+02 9.773302e+01 -5.873838e+02 2.256953e+02 2.511029e+03
1.660459e-01 9.835499e+02 3.573872e+01 -2.293199e+02 1.120088e+02 3.077073e+03
1.678421e-01 9.563218e+02 -4.625341e+01 -2.857445e+02 -1.021197e+02 2.913579e+03
1.696353e-01 8.544396e+02 -6.829214e+01 -6.457767e+02 -1.974921e+02 2.164609e+03
1.714286e-01 7.660002e+02 -1.933397e+01 -9.309706e+02 -9.619492e+01 1.516300e+03
1.732198e-01 7.465886e+02 4.884083e+01 -8.697117e+02 7.266110e+01 1.496855e+03
1.750152e-01 7.821257e+02 6.064563e+01 -5.801336e+02 1.335576e+02 1.918752e+03
1.768177e-01 8.007476e+02 8.119744e+00 -3.986647e+02 3.613961e+01 2.171154e+03
1.786121e-01 7.588701e+02 -4.466882e+01 -5.270635e+02 -1.019828e+02 1.868826e+03
1.804030e-01 6.899150e+02 -3.157360e+01 -7.874601e+02 -1.075369e+02 1.328892e+03
1.822028e-01 6.628835e+02 4.202813e+01 -7.908709e+02 5.877402e+01 1.183174e+03
1.839998e-01 7.320326e+02 1.158279e+02 -3.803177e+02 2.549726e+02 1.800804e+03
1.857937e-01 8.470809e+02 1.146603e+02 2.374253e+02 2.853769e+02 2.823480e+03
1.875926e-01 9.076632e+02 3.022839e+01 5.946696e+02 1.087329e+02 3.402793e+03
1.893867e-01 8.701137e+02 -7.128940e+01 4.371174e+02 -1.232770e+02 3.099684e+03
1.911794e-01 7.518578e+02 -1.071700e+02 -9.902207e+01 -2.365473e+02 2.094701e+03
1.929763e-01 6.414323e+02 -5.382280e+01 -5.579949e+02 -1.588941e+02 1.174444e+03
1.947689e-01 6.091805e+02 3.611127e+01 -6.221960e+02 3.038782e+01 9.532592e+02
1.965614e-01 6.476531e+02 7.846736e+01 -3.157172e+02 1.430768e+02 1.379596e+03
1.983545e-01 6.967596e+02 4.819888e+01 1.034941e+01 1.029103e+02 1.899546e+03
2.001492e-01 6.908156e+02 -1.786701e+01 5.732351e+01 -3.819588e+01 1.939229e+03
2.019476e-01 6.273795e+02 -5.648547e+01 -1.824568e+02 -1.282732e+02 1.453401e+03
2.037448e-01 5.650447e+02 -3.665569e+01 -4.545008e+02 -9.598239e+01 9.170677e+02
2.055436e-01 5.488247e+02 1.622769e+01 -5.102888e+02 2.118911e+01 7.668050e+02
2.073409e-01 5.787091e+02 5.187682e+01 -3.276949e+02 1.021150e+02 1.049782e+03
2.091331e-01 6.086959e+02 3.509107e+01 -1.142655e+02 8.170192e+01 1.388879e+03
2.109295e-01 6.051556e+02 -8.954493e+00 -7.058905e+01 -9.722714e+00 1.416678e+03
2.127243e-01 5.683434e+02 -3.462103e+01 -2.214158e+02 -8.008558e+01 1.118075e+03
2.145132e-01 5.321556e+02 -2.062895e+01 -3.870003e+02 -6.102156e+01 7.741191e+02
2.163084e-01 5.217414e+02 1.685188e+01 -4.019774e+02 1.765639e+01 6.865114e+02
2.181043e-01 5.373064e+02 3.716908e+01 -2.563542e+02 5.876764e+01 8.822112e+02
2.198991e-01 5.502153e+02 2.040118e+01 -1.110678e+02 2.570560e+01 1.092474e+03
2.216975e-01 5.398133e+02 -1.552866e+01 -1.089309e+02 -4.028886e+01 1.065714e+03
2.234966e-01 5.109995e+02 -3.269061e+01 -2.406558e+02 -6.509898e+01 8.110250e+02
2.252970e-01 4.887036e+02 -1.566431e+01 -3.639214e+02 -2.325255e+01 5.806591e+02
2.270852e-01 4.893580e+02 1.784078e+01 -3.467851e+02 4.590154e+01 5.834047e+02
2.288723e-01 5.117336e+02 3.428926e+01 -2.086020e+02 6.955134e+01 8.028499e+02
2.306695e-01 5.282820e+02 1.736273e+01 -7.964708e+01 3.204610e+01 1.002622e+03
2.324665e-01 5.219887e+02 -1.297102e+01 -8.008263e+01 -2.806658e+01 9.762010e+02
2.342627e-01 4.929820e+02 -2.812236e+01 -2.038667e+02 -6.057943e+01 7.334982e+02
2.360563e-01 4.666436e+02 -1.247610e+01 -3.152926e+02 -3.248223e+01 5.003897e+02
2.378553e-01 4.643397e+02 1.510955e+01 -3.168777e+02 2.020817e+01 4.830189e+02
2.396569e-01 4.788735e+02 2.858347e+01 -2.011978e+02 4.596592e+01 6.490643e+02
2.414498e-01 4.912727e+02 1.424039e+01 -9.677529e+01 1.960350e+01 8.044135e+02
2.432397e-01 4.854891e+02 -9.871538e+00 -9.514217e+01 -2.975976e+01 7.806450e+02
2.450345e-01 4.623305e+02 -1.708741e+01 -1.767425e+02 -5.425790e+01 6.019638e+02
2.468308e-01 4.416551e+02 -4.487098e+00 -2.465126e+02 -2.663255e+01 4.448174e+02
2.486244e-01 4.404215e+02 1.742123e+01 -2.211411e+02 2.334976e+01 4.477268e+02
2.504185e-01 4.564180e+02 2.421993e+01 -1.158036e+02 4.663524e+01 5.984357e+02
2.522154e-01 4.724279e+02 9.359417e+00 -3.476678e+01 2.068067e+01 7.312881e+02
2.540114e-01 4.698620e+02 -1.229600e+01 -4.879826e+01 -1.875755e+01 6.986549e+02
2.558058e-01 4.500132e+02 -1.968421e+01 -1.466446e+02 -3.769923e+01 5.199324e+02
2.576012e-01 4.283876e+02 -7.557229e+00 -2.285229e+02 -1.583183e+01 3.582511e+02
2.593962e-01 4.252613e+02 1.095348e+01 -2.270892e+02 1.817009e+01 3.564296e+02
2.611937e-01 4.378870e+02 1.991487e+01 -1.473103e+02 3.088954e+01 4.807370e+02
2.629942e-01 4.470927e+02 1.188869e+01 -6.919849e+01 6.589572e+00 5.857271e+02
2.647885e-01 4.394295e+02 -5.104555e+00 -6.481525e+01 -2.986556e+01 5.548619e+02
2.665811e-01 4.219844e+02 -1.521475e+01 -1.305141e+02 -4.202545e+01 4.132632e+02
2.683801e-01 4.093356e+02 -6.462101e+00 -1.911143e+02 -1.615487e+01 2.899972e+02
2.701729e-01 4.112908e+02 1.070079e+01 -1.814377e+02 1.781560e+01 2.903973e+02
2.719632e-01 4.220028e+02 1.850568e+01 -1.031650e+02 3.229039e+01 4.026912e+02
2.737587e-01 4.329777e+02 1.005338e+01 -3.334097e+01 1.511925e+01 5.072088e+02
2.755578e-01 4.291933e+02 -5.033847e+00 -3.432299e+01 -1.251684e+01 4.915429e+02
2.773550e-01 4.142894e+02 -1.086455e+01 -9.450031e+01 -2.574899e+01 3.776635e+02
2.791459e-01 3.977873e+02 -4.959406e+00 -1.508214e+02 -1.081328e+01 2.706797e+02
2.809385e-01 3.963105e+02 6.023032e+00 -1.533728e+02 1.513472e+01 2.659749e+02
2.827312e-01 4.076736e+02 1.114403e+01 -1.036486e+02 2.539398e+01 3.532271e+02
2.845296e-01 4.159735e+02 5.951928e+00 -5.548597e+01 8.852890e+00 4.330153e+02
2.863269e-01 4.113666e+02 -4.887228e+00 -5.812651e+01 -1.501170e+01 4.190777e+02
2.881173e-01 3.997051e+02 -8.665404e+00 -1.038940e+02 -2.191190e+01 3.297794e+02
2.899148e-01 3.892144e+02 -3.682935e+00 -1.427513e+02 -3.829277e+00 2.589988e+02
2.917136e-01 3.926898e+02 6.040621e+00 -1.325934e+02 2.066911e+01 2.740221e+02
2.935083e-01 4.043850e+02 1.111557e+01 -8.079346e+01 2.543808e+01 3.566935e+02
2.953064e-01 4.113199e+02 5.261628e+00 -4.331301e+01 8.422904e+00 4.236921e+02
2.971025e-01 4.081797e+02 -7.511060e+00 -5.331961e+01 -9.766075e+00 4.034591e+02
2.988941e-01 3.982655e+02 -1.112924e+01 -1.020798e+02 -1.831133e+01 3.084034e+02
3.006873e-01 3.879543e+02 -1.948742e+00 -1.462692e+02 -1.180371e+01 2.304177e+02
3.024817e-01 3.863320e+02 7.976734e+00 -1.364554e+02 4.544826e+00 2.299505e+02
3.042771e-01 3.922684e+02 1.135633e+01 -9.167730e+01 1.168042e+01 2.875478e+02
3.060756e-01 3.957348e+02 6.714309e+00 -5.439172e+01 -3.671614e+00 3.310745e+02
3.078722e-01 3.878419e+02 -2.745277e+00 -5.884224e+01 -1.864839e+01 2.998283e+02
3.096648e-01 3.789862e+02 -9.316270e+00 -9.797839e+01 -1.509691e+01 2.204986e+02
3.114599e-01 3.775087e+02 -4.799278e+00 -1.309288e+02 4.476844e+00 1.682216e+02
3.132555e-01 3.843854e+02 5.712762e+00 -1.198726e+02 2.489373e+01 2.000454e+02
3.150527e-01 3.946018e+02 1.143476e+01 -7.443776e+01 2.955864e+01 2.890861e+02
3.168493e-01 3.977976e+02 7.660106e+00 -3.486963e+01 1.036108e+01 3.558764e+02
3.186391e-01 3.914752e+02 3.478472e-01 -3.474325e+01 -1.711139e+01 3.378568e+02
3.204305e-01 3.794791e+02 -4.415133e+00 -6.462529e+01 -2.623328e+01 2.592225e+02
3.222280e-01 3.735110e+02 -1.143483e+00 -9.146979e+01 -1.308048e+01 1.904742e+02
3.240267e-01 3.738505e+02 7.698114e+00 -7.760393e+01 6.195332e+00 1.946669e+02
3.258197e-01 3.784935e+02 1.041051e+01 -3.763057e+01 1.564514e+01 2.578360e+02
3.276150e-01 3.817297e+02 2.090318e+00 -6.948770e+00 1.059620e+01 3.108371e+02
3.294148e-01 3.803009e+02 -7.606065e+00 -2.020398e+01 -5.839124e+00 2.933159e+02
3.312085e-01 3.748362e+02 -9.901642e+00 -6.569283e+01 -1.432715e+01 2.236459e+02
3.330031e-01 3.701769e+02 -3.179486e+00 -9.827139e+01 -6.291856e+00 1.637054e+02
3.347987e-01 3.707755e+02 5.253147e+00 -9.595051e+01 9.000915e+00 1.655152e+02
3.365969e-01 3.774087e+02 8.383225e+00 -6.146682e+01 1.548861e+01 2.239288e+02
3.383923e-01 3.810165e+02 5.036026e+00 -3.223024e+01 4.979864e+00 2.664766e+02
3.401828e-01 3.767409e+02 -7.579744e-01 -3.393551e+01 -1.374530e+01 2.496000e+02
3.419763e-01 3.659471e+02 -3.949473e+00 -6.236585e+01 -1.858230e+01 1.883302e+02
3.437730e-01 3.582946e+02 -1.204862e+00 -8.609764e+01 -4.366981e+00 1.350256e+02
3.455681e-01 3.606466e+02 6.598021e+00 -7.531685e+01 1.422814e+01 1.507041e+02
3.473617e-01 3.686123e+02 1.031495e+01 -3.322860e+01 2.116887e+01 2.244915e+02
3.491590e-01 3.775351e+02 5.869580e+00 1.022682e+01 1.450808e+01 3.026472e+02
3.509566e-01 3.788705e+02 -8.741403e-01 2.206913e+01 -6.343670e+00 3.188425e+02
3.527534e-01 3.714291e+02 -4.597937e+00 -8.461937e-01 -1.851164e+01 2.729795e+02
3.545449e-01 3.613685e+02 -4.591849e+00 -3.308228e+01 -1.420955e+01 2.060316e+02
3.563372e-01 3.564638e+02 -1.351969e+00 -5.218212e+01 -1.752099e+00 1.636188e+02
3.581341e-01 3.578959e+02 1.978038e+00 -5.220197e+01 5.391023e+00 1.643272e+02
3.599303e-01 3.606456e+02 9.254694e-01 -4.743090e+01 2.838308e+00 1.707911e+02
3.617254e-01 3.605981e+02 -1.478242e+00 -5.490103e+01 -5.620222e+00 1.583915e+02
3.635200e-01 3.568639e+02 -1.576188e+00 -7.205035e+01 -1.218834e+01 1.208483e+02
3.653165e-01 3.527854e+02 2.880343e+00 -7.897992e+01 -7.057813e+00 9.594933e+01
3.671116e-01 3.529657e+02 6.665976e+00 -6.376493e+01 6.474896e+00 1.123098e+02
3.689088e-01 3.572568e+02 7.100523e+00 -3.193603e+01 1.493167e+01 1.577714e+02
3.707076e-01 3.614309e+02 4.982738e+00 -5.428432e+00 1.183460e+01 2.028639e+02
3.725001e-01 3.611704e+02 -1.069712e-01 -2.578856e+00 -1.370803e+00 2.093513e+02
3.742913e-01 3.553521e+02 -2.065678e+00 -1.796953e+01 -1.011459e+01 1.732232e+02
3.760877e-01 3.503737e+02 -3.467614e-01 -3.398660e+01 -1.097365e+01 1.322346e+02
3.778836e-01 3.485904e+02 1.991781e+00 -3.698195e+01 -1.284365e+00 1.182645e+02
3.796766e-01 3.513570e+02 2.495772e+00 -2.626390e+01 4.647370e+00 1.330367e+02
3.814707e-01 3.527761e+02 1.663015e+00 -1.810230e+01 1.008272e+00 1.476185e+02
3.832699e-01 3.496695e+02 -1.087171e+00 -2.302553e+01 -5.905170e+00 1.396749e+02
3.850666e-01 3.449469e+02 -2.699772e+00 -3.831466e+01 -7.456459e+00 1.120960e+02
3.868579e-01 3.426317e+02 -9.453913e-01 -5.064641e+01 -1.061962e+00 9.041862e+01
3.886538e-01 3.459192e+02 2.924158e+00 -4.621811e+01 8.078834e+00 9.924254e+01
3.904491e-01 3.522878e+02 4.782479e+00 -2.677760e+01 1.015739e+01 1.350999e+02
3.922449e-01 3.572084e+02 2.912372e+00 -8.408290e+00 7.056982e+00 1.674200e+02
3.940400e-01 3.566482e+02 -5.570140e-01 -6.481582e+00 -2.958852e+00 1.694774e+02
3.958317e-01 3.528695e+02 -3.595148e+00 -2.323200e+01 -7.658760e+00 1.401593e+02
3.976289e-01 3.494164e+02 -3.165743e+00 -4.539019e+01 -4.795711e+00 1.017796e+02
3.994255e-01 3.469627e+02 1.080233e+00 -5.587201e+01 -2.969280e+00 8.431974e+01
4.012204e-01 3.454266e+02 4.105527e+00 -5.171836e+01 -6.278021e-01 8.998405e+01
4.030168e-01 3.446953e+02 1.934799e+00 -4.393515e+01 2.344896e+00 9.868080e+01
4.048122e-01 3.456353e+02 -9.525133e-01 -4.309359e+01 1.856817e+00 9.899820e+01
4.066062e-01 3.462654e+02 -1.612294e+00 -4.946106e+01 -5.680486e-01 8.963570e+01
4.084001e-01 3.464879e+02 1.153767e+00 -5.121817e+01 -3.729500e-01 8.474722e+01
4.101968e-01 3.468920e+02 4.007803e+00 -4.408096e+01 1.426211e+00 9.339934e+01
4.119946e-01 3.472729e+02 3.739389e+00 -3.277495e+01 3.001542e+00 1.114674e+02
4.137897e-01 3.478850e+02 2.641048e-01 -2.806674e+01 3.441205e+00 1.208084e+02
4.155829e-01 3.479625e+02 -2.214037e+00 -3.649379e+01 9.490579e-01 1.121950e+02
4.173778e-01 3.459360e+02 -1.154501e+00 -4.844458e+01 -1.887090e+00 9.461153e+01
4.191752e-01 3.429638e+02 2.524013e+00 -5.241782e+01 -2.830641e+00 8.422406e+01
4.209702e-01 3.416215e+02 5.122142e+00 -4.232766e+01 -3.042155e+00 8.872289e+01
4.227638e-01 3.418669e+02 3.661764e+00 -2.785615e+01 -1.562465e+00 9.864925e+01
4.245604e-01 3.428544e+02 1.150267e+00 -2.093496e+01 -3.012226e+00 1.004130e+02
4.263543e-01 3.415170e+02 -8.290840e-01 -2.704830e+01 -3.208996e+00 8.896982e+01
4.281451e-01 3.389264e+02 -1.135915e+00 -3.993761e+01 1.026861e+00 7.200166e+01
4.299400e-01 3.375382e+02 7.682225e-01 -4.369330e+01 3.211319e+00 6.447925e+01
4.317365e-01 3.396022e+02 3.995638e+00 -3.563404e+01 4.251801e+00 7.848710e+01
4.335323e-01 3.426772e+02 3.187404e+00 -2.046645e+01 1.821220e+00 1.020608e+02
4.353294e-01 3.458501e+02 9.253413e-01 -1.380352e+01 -1.574542e+00 1.083038e+02
4.371263e-01 3.455363e+02 -9.830540e-01 -1.931436e+01 -7.559638e+00 9.167010e+01
4.389235e-01 3.426064e+02 -2.361528e-01 -3.128633e+01 -7.853161e+00 6.469476e+01
4.407180e-01 3.408790e+02 2.357670e+00 -3.396733e+01 -1.495803e+00 5.541150e+01
4.425103e-01 3.412895e+02 4.040416e+00 -2.323437e+01 6.902484e+00 7.024870e+01
4.443072e-01 3.443826e+02 4.070856e+00 -5.866791e+00 1.065670e+01 1.000652e+02
4.461036e-01 3.456381e+02 2.922462e+00 8.031177e+00 2.953622e+00 1.213878e+02
4.478956e-01 3.431851e+02 -7.833062e-02 5.605390e+00 -5.277714e+00 1.171264e+02
4.496902e-01 3.391290e+02 -2.022123e+00 -7.741906e+00 -6.985999e+00 9.219987e+01
4.514874e-01 3.363348e+02 -1.273356e+00 -2.377110e+01 -4.705358e+00 6.258673e+01
4.532823e-01 3.346490e+02 5.209210e-02 -3.155933e+01 5.133039e-01 5.339925e+01
4.550750e-01 3.361329e+02 1.356647e+00 -2.998744e+01 2.252937e+00 5.546316e+01
4.568708e-01 3.366949e+02 1.915250e+00 -2.541528e+01 -1.257016e+00 6.144918e+01
4.586693e-01 3.364115e+02 2.193370e-01 -2.478758e+01 -4.833916e+00 5.762921e+01
4.604629e-01 3.366500e+02 1.643478e-01 -2.824448e+01 -4.959490e+00 4.390390e+01
4.622570e-01 3.376932e+02 1.506649e+00 -2.886481e+01 -1.368344e+00 3.609165e+01
4.640543e-01 3.394920e+02 3.110479e+00 -2.124625e+01 3.652251e+00 4.380167e+01
4.658487e-01 3.408460e+02 3.667781e+00 -1.010613e+01 5.430531e+00 6.332136e+01
4.676433e-01 3.406300e+02 2.247787e+00 -3.362452e+00 3.216169e+00 8.035658e+01
4.694380e-01 3.387072e+02 6.035044e-01 -3.643235e+00 -1.099188e+00 7.968034e+01
4.712319e-01 3.342675e+02 5.339232e-01 -1.179966e+01 -4.988936e+00 6.690209e+01
4.730274e-01 3.309722e+02 2.811224e-01 -1.999301e+01 -3.657710e+00 5.240391e+01
4.748233e-01 3.303952e+02 -3.856171e-01 -2.482578e+01 -5.281025e-01 4.572514e+01
4.766206e-01 3.328834e+02 -3.436669e-01 -2.568154e+01 1.989938e+00 4.440055e+01
4.784155e-01 3.355185e+02 7.428485e-01 -2.496577e+01 1.582296e-01 4.412623e+01
4.802074e-01 3.340916e+02 1.673028e+00 -2.570852e+01 -2.063346e+00 4.147634e+01
4.820041e-01 3.326092e+02 1.169658e+00 -2.623573e+01 1.145792e+00 4.055745e+01
4.838035e-01 3.331230e+02 4.911941e-01 -2.677898e+01 4.965715e+00 4.512734e+01
4.855966e-01 3.353366e+02 1.075034e+00 -2.469283e+01 4.762674e+00 5.467223e+01
4.873905e-01 3.370793e+02 1.725020e+00 -2.024043e+01 3.687590e-01 6.474760e+01
4.891890e-01 3.373359e+02 1.462559e+00 -1.932740e+01 -3.331223e+00 6.657500e+01
4.909845e-01 3.349713e+02 5.975069e-01 -2.222569e+01 -1.881962e+00 5.654576e+01
4.927778e-01 3.331790e+02 8.873351e-01 -2.573050e+01 2.712792e+00 5.214404e+01
4.945710e-01 3.333479e+02 1.803897e+00 -2.402268e+01 7.128211e+00 6.060400e+01
4.963686e-01 3.367586e+02 2.786632e+00 -1.481247e+01 6.690762e+00 8.095493e+01
4.981631e-01 3.400936e+02 1.922496e+00 -5.079021e+00 3.916120e+00 1.009787e+02
4.999565e-01 3.415683e+02 5.674594e-01 -3.284250e+00 -2.427585e+00 1.006932e+02
5.017530e-01 3.388601e+02 2.679891e-01 -7.985200e+00 -9.963432e+00 8.136022e+01
5.035473e-01 3.347994e+02 -4.510474e-01 -2.003918e+01 -8.261869e+00 5.604840e+01
5.053425e-01 3.342042e+02 -5.888959e-02 -2.840570e+01 2.935940e-01 4.081198e+01
5.071378e-01 3.347023e+02 2.950156e+00 -2.567441e+01 4.464478e+00 4.580566e+01
5.089338e-01 3.348890e+02 4.732945e+00 -1.417002e+01 3.372400e+00 6.573932e+01
5.107304e-01 3.351980e+02 2.033309e+00 -3.250658e+00 2.604585e+00 8.031755e+01
5.125264e-01 3.374663e+02 -1.419656e+00 -3.440546e+00 -6.438023e-01 7.970849e+01
5.143202e-01 3.393585e+02 -1.093175e+00 -1.068949e+01 -3.589154e+00 6.719830e+01
5.161135e-01 3.388207e+02 1.523065e+00 -1.543243e+01 -5.325520e+00 5.347603e+01
5.179077e-01 3.354833e+02 3.609170e+00 -1.452871e+01 -2.808869e+00 4.998930e+01
5.197029e-01 3.339022e+02 2.586797e+00 -9.460554e+00 8.003317e-01 5.178043e+01
5.214989e-01 3.329159e+02 1.083223e+00 -7.192531e+00 -8.493690e-02 5.191256e+01
5.232939e-01 3.318094e+02 5.095583e-01 -1.054689e+01 -2.679424e+00 4.680459e+01
5.250894e-01 3.309416e+02 -1.911038e-01 -1.726248e+01 -1.575955e+00 3.818972e+01
5.268875e-01 3.306617e+02 3.351291e-01 -2.132857e+01 -6.409080e-01 3.016894e+01
5.286829e-01 3.306266e+02 1.545045e+00 -2.254323e+01 4.361858e-01 3.000627e+01
5.304764e-01 3.312951e+02 1.300323e+00 -2.007481e+01 7.398199e-01 3.209094e+01
5.322718e-01 3.318477e+02 7.688510e-01 -1.951271e+01 2.798752e-01 3.287870e+01
5.340665e-01 3.313227e+02 8.384123e-01 -2.219576e+01 2.398402e-01 2.854711e+01
5.358628e-01 3.302505e+02 2.240011e+00 -2.218884e+01 -9.048954e-01 2.684881e+01
5.376582e-01 3.292419e+02 3.648727e+00 -1.785801e+01 5.662128e-01 3.389000e+01
5.394517e-01 3.303867e+02 3.259207e+00 -6.928292e+00 2.077745e+00 4.705937e+01
5.412446e-01 3.315361e+02 2.494478e+00 1.359601e+00 -4.266635e-01 5.709313e+01
5.430425e-01 3.319153e+02 4.865909e-01 2.676892e+00 -1.404670e+00 5.723124e+01
5.448396e-01 3.313993e+02 -1.274441e+00 -5.106843e+00 -5.024928e-01 4.427306e+01
5.466312e-01 3.300273e+02 -5.919362e-01 -1.555303e+01 3.432999e-01 3.239266e+01
5.484273e-01 3.292686e+02 1.646593e+00 -2.017794e+01 1.591143e+00 2.989908e+01
5.502231e-01 3.288074e+02 3.250549e+00 -1.563461e+01 2.900803e+00 3.968883e+01
5.520189e-01 3.286637e+02 3.201329e+00 -7.558669e+00 1.306123e+00 5.202129e+01
5.538138e-01 3.286448e+02 9.984785e-01 -3.930622e+00 -7.400563e-01 5.618232e+01
5.556067e-01 3.286922e+02 -1.040219e+00 -8.979220e+00 -2.819589e+00 4.478098e+01
5.574029e-01 3.291232e+02 -8.780652e-01 -1.778117e+01 -2.083357e+00 3.219096e+01
5.591994e-01 3.300836e+02 1.318687e+00 -2.055239e+01 1.098739e+00 2.691646e+01
5.609943e-01 3.313454e+02 3.250937e+00 -1.511671e+01 3.226960e+00 3.710207e+01
5.627890e-01 3.319916e+02 3.519793e+00 -5.194670e+00 3.171813e+00 5.338276e+01
5.645865e-01 3.317798e+02 1.827721e+00 -5.270390e-01 -4.363853e-01 5.956879e+01
5.663833e-01 3.297254e+02 4.850422e-01 -4.371363e+00 -5.657235e+00 5.070444e+01
5.681768e-01 3.271256e+02 4.123308e-01 -1.124376e+01 -7.010115e+00 3.288189e+01
5.699714e-01 3.264569e+02 1.173797e+00 -1.405366e+01 -1.538163e+00 2.380593e+01
5.717666e-01 3.284951e+02 2.851648e+00 -8.032645e+00 5.098523e+00 3.196366e+01
5.735604e-01 3.313413e+02 3.561256e+00 4.067979e+00 7.127782e+00 5.441190e+01
5.753547e-01 3.337713e+02 2.260571e+00 1.428907e+01 3.836557e+00 7.346289e+01
5.771493e-01 3.339908e+02 6.903235e-01 1.532760e+01 -1.769769e+00 7.614465e+01
5.789465e-01 3.308626e+02 -1.178371e-02 8.201427e+00 -5.398317e+00 6.227325e+01
5.807435e-01 3.281895e+02 -6.258529e-02 -1.933330e+00 -4.636110e+00 4.197507e+01
5.825362e-01 3.262775e+02 7.959783e-02 -9.985668e+00 -6.705777e-01 2.942983e+01
5.843306e-01 3.273120e+02 7.080547e-01 -1.193343e+01 1.498023e+00 2.505953e+01
5.861281e-01 3.275515e+02 1.683815e+00 -1.082887e+01 -3.553315e-01 2.766800e+01
5.879240e-01 3.271922e+02 9.432423e-01 -1.128329e+01 -1.414895e+00 2.694220e+01
5.897195e-01 3.271273e+02 1.713656e-02 -1.411688e+01 -1.140959e+00 2.123461e+01
5.915160e-01 3.282719e+02 9.225825e-01 -1.711488e+01 -7.262002e-01 1.852158e+01
5.933128e-01 3.292630e+02 2.553721e+00 -1.418280e+01 9.555731e-01 2.379939e+01
5.951052e-01 3.294589e+02 3.253348e+00 -8.508546e+00 2.868747e+00 3.314074e+01
5.968969e-01 3.294074e+02 2.928270e+00 -1.319678e+00 2.549926e+00 4.297474e+01
5.986941e-01 3.278769e+02 1.773226e+00 1.475092e+00 2.368539e-02 4.573290e+01
6.004886e-01 3.260760e+02 3.381756e-01 -2.594507e+00 -8.782152e-01 4.190337e+01
6.022826e-01 3.252315e+02 -3.997923e-01 -9.278994e+00 1.425038e-01 3.168164e+01
6.040778e-01 3.251960e+02 1.819487e-02 -1.503211e+01 -9.628550e-01 2.408777e+01
6.058727e-01 3.259060e+02 1.058455e+00 -1.743927e+01 -1.876075e+00 2.156486e+01
6.076682e-01 3.262516e+02 1.250803e+00 -1.615088e+01 -7.771592e-01 1.979273e+01
6.094636e-01 3.270366e+02 1.568823e+00 -1.563953e+01 -1.441678e+00 1.786986e+01
6.112608e-01 3.269240e+02 1.900218e+00 -1.481492e+01 -1.703658e+00 1.664157e+01
6.130571e-01 3.271921e+02 1.562096e+00 -1.337726e+01 1.209339e+00 1.861795e+01
6.148510e-01 3.282881e+02 1.003461e+00 -1.331882e+01 2.910071e+00 2.163153e+01
6.166467e-01 3.291678e+02 1.794017e+00 -1.148268e+01 -2.883901e-01 2.328123e+01
6.184426e-01 3.288062e+02 2.324357e+00 -9.747709e+00 -3.852430e+00 2.418191e+01
6.202383e-01 3.272623e+02 1.723787e+00 -9.723562e+00 -3.173580e+00 2.232483e+01
6.220331e-01 3.266776e+02 1.197171e+00 -1.060123e+01 1.237175e-01 1.652453e+01
6.238256e-01 3.256477e+02 2.162882e+00 -1.004638e+01 7.500963e-01 1.601273e+01
6.256207e-01 3.247966e+02 2.788009e+00 -6.898022e+00 1.320593e-01 1.896543e+01
6.274180e-01 3.248668e+02 2.180451e+00 -2.464238e+00 -1.150927e+00 2.334094e+01
6.292132e-01 3.258355e+02 8.907524e-01 -4.964748e-01 1.619759e-01 2.421808e+01
6.310070e-01 3.270781e+02 -5.121106e-01 -4.158967e+00 1.569342e+00 2.397401e+01
6.328016e-01 3.283822e+02 -2.106937e-02 -8.925857e+00 1.874093e+00 2.066351e+01
6.345988e-01 3.276596e+02 1.773474e+00 -1.176758e+01 3.465901e-01 1.944477e+01
6.363935e-01 3.262393e+02 2.076000e+00 -1.080772e+01 1.300726e-01 2.074570e+01
6.381885e-01 3.256584e+02 1.322064e+00 -9.196319e+00 9.458371e-01 2.175149e+01
6.399844e-01 3.263362e+02 9.747451e-01 -1.022156e+01 -4.045748e-01 2.156663e+01
6.417790e-01 3.261585e+02 1.003521e+00 -1.332847e+01 -1.096366e+00 1.897905e+01
6.435737e-01 3.251851e+02 1.589468e+00 -1.525723e+01 -2.781397e-01 1.431662e+01
6.453671e-01 3.244373e+02 1.598379e+00 -1.503710e+01 1.001357e+00 1.452670e+01
6.471630e-01 3.248291e+02 1.716612e+00 -1.380006e+01 2.008797e+00 1.744764e+01
6.489575e-01 3.255506e+02 2.187350e+00 -1.064062e+01 -8.379076e-02 2.050610e+01
6.507531e-01 3.253336e+02 2.552442e+00 -8.098636e+00 -2.489340e+00 2.111835e+01
6.525500e-01 3.248328e+02 1.740219e+00 -7.028537e+00 -2.584419e+00 1.962787e+01
6.543447e-01 3.246596e+02 8.568558e-01 -9.096122e+00 -1.185840e+00 1.617539e+01
6.561416e-01 3.263430e+02 5.982820e-01 -1.071249e+01 5.686562e-01 1.590901e+01
6.579361e-01 3.272763e+02 8.907894e-01 -1.134095e+01 1.554382e+00 1.829665e+01
6.597296e-01 3.278638e+02 1.706897e+00 -1.061265e+01 1.110449e+00 2.067095e+01
6.615260e-01 3.271712e+02 2.467775e+00 -9.887266e+00 -5.666056e-01 2.139740e+01
6.633228e-01 3.252935e+02 1.869130e+00 -1.008300e+01 1.380524e+00 2.436670e+01
6.651187e-01 3.248925e+02 1.543850e+00 -8.634860e+00 3.342688e+00 2.683709e+01
6.669114e-01 3.252502e+02 2.208242e+00 -6.444741e+00 3.072170e+00 3.272210e+01
6.687054e-01 3.262779e+02 2.224207e+00 -1.843464e+00 1.970257e-02 3.999251e+01
6.705023e-01 3.271495e+02 1.625919e+00 7.439943e-01 -1.791247e+00 4.362209e+01
6.722992e-01 3.270500e+02 8.398145e-01 -6.593397e-01 -1.598803e+00 3.964686e+01
6.740944e-01 3.261035e+02 9.386564e-01 -3.953494e+00 -1.101762e+00 3.145819e+01
6.758872e-01 3.242313e+02 2.288356e+00 -5.872553e+00 -7.442231e-01 2.762732e+01
6.776825e-01 3.234875e+02 2.620025e+00 -2.492528e+00 1.429708e+00 3.260966e+01
6.794791e-01 3.251981e+02 1.859468e+00 2.543140e+00 4.202261e+00 4.163635e+01
6.812733e-01 3.281439e+02 1.368441e+00 6.438925e+00 1.503698e+00 4.945243e+01
6.830683e-01 3.300805e+02 8.127853e-01 5.508617e+00 -2.686594e+00 4.693150e+01
6.848621e-01 3.296618e+02 5.998372e-01 1.259112e+00 -5.793991e+00 3.476222e+01
6.866570e-01 3.274217e+02 1.199278e+00 -5.255157e+00 -6.001241e+00 1.815030e+01
6.884537e-01 3.251335e+02 2.191139e+00 -8.204224e+00 -2.381034e+00 9.121357e+00
6.902501e-01 3.241367e+02 2.549949e+00 -6.278972e+00 2.099612e+00 1.057333e+01
6.920470e-01 3.249897e+02 1.968957e+00 -1.792743e+00 4.159776e+00 1.987384e+01
6.938409e-01 3.265712e+02 1.565582e+00 6.235122e-01 1.946928e+00 2.780262e+01
6.956343e-01 3.274199e+02 1.075620e+00 4.977611e-01 -8.476036e-01 2.753767e+01
6.974295e-01 3.275899e+02 1.408929e+00 -4.839227e-01 -3.008836e+00 2.169597e+01
6.992264e-01 3.264186e+02 2.235831e+00 -1.908087e+00 -2.530171e+00 1.665667e+01
7.010216e-01 3.256743e+02 2.054892e+00 -1.011892e+00 4.990504e-01 1.639506e+01
7.028157e-01 3.264960e+02 1.451301e+00 6.265419e-01 2.433021e+00 2.033912e+01
7.046118e-01 3.277435e+02 1.055508e+00 5.351827e-01 2.430720e+00 2.457723e+01
7.064070e-01 3.282631e+02 7.353438e-01 -1.565264e+00 6.665732e-01 2.555665e+01
7.082001e-01 3.281784e+02 7.756107e-01 -5.889706e+00 -6.841834e-01 2.053663e+01
7.099950e-01 3.282519e+02 7.376142e-01 -9.751966e+00 -1.103801e+00 1.615381e+01
7.117916e-01 3.279310e+02 1.234615e+00 -1.173167e+01 -1.128793e-01 1.414289e+01
7.135857e-01 3.280865e+02 1.647722e+00 -1.140853e+01 8.139570e-01 1.354705e+01
7.153810e-01 3.276903e+02 2.006220e+00 -1.132293e+01 2.329071e-01 1.570397e+01
7.171769e-01 3.274030e+02 2.049958e+00 -1.017047e+01 -5.299975e-01 1.628215e+01
7.189721e-01 3.275202e+02 1.570923e+00 -9.944150e+00 1.087597e-01 1.689219e+01
7.207688e-01 3.277643e+02 1.360907e+00 -1.048946e+01 1.293524e+00 1.858059e+01
7.225642e-01 3.285787e+02 1.587915e+00 -1.009128e+01 2.115902e+00 2.259936e+01
7.243583e-01 3.285149e+02 1.708290e+00 -1.019033e+01 1.337393e+00 2.520052e+01
7.261538e-01 3.278872e+02 1.700371e+00 -1.109025e+01 -6.408993e-01 2.448160e+01
7.279497e-01 3.265536e+02 1.534683e+00 -1.331288e+01 -1.649210e+00 2.055760e+01
7.297435e-01 3.254759e+02 1.630339e+00 -1.549238e+01 -1.547358e+00 1.592800e+01
7.315366e-01 3.245812e+02 1.868487e+00 -1.536652e+01 5.734904e-03 1.352697e+01
7.333339e-01 3.249849e+02 2.303928e+00 -1.342584e+01 6.870800e-01 1.658479e+01
7.351305e-01 3.259186e+02 2.123109e+00 -9.337224e+00 4.077418e-01 2.206612e+01
7.369246e-01 3.279312e+02 1.087622e+00 -7.167878e+00 1.434774e+00 2.581843e+01
7.387207e-01 3.298947e+02 9.211617e-01 -8.041422e+00 1.421352e+00 2.585232e+01
7.405164e-01 3.295263e+02 1.805858e+00 -1.063214e+01 9.901076e-01 2.396638e+01
7.423108e-01 3.281697e+02 2.358014e+00 -1.166679e+01 6.797750e-02 2.355014e+01
7.441040e-01 3.268741e+02 2.425754e+00 -9.624439e+00 4.994930e-01 2.553480e+01
7.458996e-01 3.262752e+02 2.962095e+00 -6.500521e+00 -1.775573e+00 2.787359e+01
7.476955e-01 3.254745e+02 2.841483e+00 -3.603904e+00 -2.623821e+00 3.123560e+01
7.494882e-01 3.251542e+02 1.536359e+00 -2.671018e+00 -1.910533e+00 2.936441e+01
7.512836e-01 3.251802e+02 7.665775e-01 -4.465105e+00 -6.612358e-01 2.189907e+01
7.530799e-01 3.252763e+02 1.413174e+00 -7.020144e+00 -9.006671e-01 1.708169e+01
7.548749e-01 3.244281e+02 1.795594e+00 -7.351225e+00 -1.175608e+00 1.443660e+01
7.566699e-01 3.246630e+02 1.886205e+00 -7.614817e+00 -1.047442e+00 1.418453e+01
7.584671e-01 3.249583e+02 1.435036e+00 -7.821445e+00 -3.756507e-01 1.480916e+01
7.602633e-01 3.260215e+02 8.349157e-01 -9.353377e+00 5.630435e-01 1.468391e+01
7.620571e-01 3.269018e+02 4.931066e-01 -1.212253e+01 2.192972e+00 1.393188e+01
7.638531e-01 3.271700e+02 1.299572e+00 -1.409714e+01 2.406359e+00 1.438619e+01
7.656499e-01 3.277733e+02 2.268017e+00 -1.434998e+01 4.400395e-02 1.557207e+01
7.674455e-01 3.279093e+02 2.910481e+00 -1.240061e+01 -1.404561e+00 1.909515e+01
7.692400e-01 3.278918e+02 1.799363e+00 -1.089540e+01 -2.793162e-01 2.159090e+01
7.710340e-01 3.285502e+02 7.322776e-01 -1.166056e+01 2.057502e+00 2.105509e+01
7.728276e-01 3.283707e+02 8.701627e-01 -1.494953e+01 2.978918e+00 2.023287e+01
7.746220e-01 3.280570e+02 1.671689e+00 -1.706050e+01 6.722688e-01 1.944576e+01
7.764173e-01 3.271217e+02 2.375744e+00 -1.788185e+01 -1.967283e+00 1.868327e+01
7.782136e-01 3.263532e+02 2.660810e+00 -1.535736e+01 -2.826029e+00 1.837837e+01
7.800117e-01 3.257007e+02 2.326687e+00 -1.324587e+01 -1.334533e+00 1.759072e+01
7.818056e-01 3.255957e+02 1.702357e+00 -1.215511e+01 -8.259396e-02 1.621814e+01
7.835979e-01 3.258899e+02 1.898683e+00 -1.154312e+01 3.575118e-01 1.741849e+01
7.853947e-01 3.265731e+02 2.322330e+00 -1.100350e+01 -5.568485e-02 2.121237e+01
7.871903e-01 3.271785e+02 2.395187e+00 -8.030497e+00 4.842003e-01 2.491200e+01
7.889853e-01 3.278343e+02 1.764057e+00 -6.755387e+00 9.274563e-01 2.597455e+01
7.907819e-01 3.280040e+02 1.641104e+00 -5.725982e+00 -8.437807e-01 2.408794e+01
7.925772e-01 3.271326e+02 2.277046e+00 -7.260067e+00 -3.130033e+00 1.930171e+01
7.943719e-01 3.251254e+02 2.046354e+00 -8.175069e+00 -2.636987e+00 1.619648e+01
7.961659e-01 3.249262e+02 1.335470e+00 -9.191353e+00 7.731593e-01 1.298448e+01
7.979598e-01 3.264401e+02 1.519136e+00 -8.413465e+00 1.711366e+00 1.448526e+01
7.997559e-01 3.279879e+02 2.107906e+00 -5.478430e+00 4.415793e-01 1.936354e+01
8.015520e-01 3.289781e+02 2.605464e+00 -2.763540e+00 -1.004079e+00 2.226816e+01
8.033475e-01 3.282492e+02 2.837529e+00 -4.998834e-01 -2.085944e+00 2.176036e+01
8.051404e-01 3.267321e+02 1.997525e+00 -8.590806e-01 -2.229389e+00 1.813836e+01
8.069349e-01 3.261546e+02 1.217904e+00 -3.294918e+00 -7.018530e-01 1.217957e+01
8.087329e-01 3.263752e+02 1.139423e+00 -6.398088e+00 5.314910e-01 1.265878e+01
8.105286e-01 3.260777e+02 1.542439e+00 -9.208227e+00 2.507220e+00 1.368150e+01
8.123233e-01 3.256310e+02 1.951969e+00 -1.016396e+01 2.444193e+00 1.438473e+01
8.141188e-01 3.244780e+02 2.166879e+00 -1.048385e+01 1.137968e+00 1.649340e+01
8.159142e-01 3.240244e+02 1.791860e+00 -1.116194e+01 -1.237849e-03 1.721495e+01
8.177087e-01 3.238346e+02 1.615918e+00 -1.250869e+01 7.685390e-01 1.850670e+01
8.195037e-01 3.238380e+02 1.418233e+00 -1.430065e+01 2.103998e+00 1.888066e+01
8.212995e-01 3.242905e+02 1.366086e+00 -1.430973e+01 1.286783e+00 1.818949e+01
8.230953e-01 3.246001e+02 2.172394e+00 -1.462163e+01 -1.587630e+00 1.791728e+01
8.248902e-01 3.247234e+02 2.631044e+00 -1.265565e+01 -2.871725e+00 1.791100e+01
8.266848e-01 3.245706e+02 2.747474e+00 -1.042686e+01 -2.039854e+00 1.704872e+01
8.284792e-01 3.242696e+02 2.578574e+00 -7.612093e+00 -3.705770e-01 1.846082e+01
8.302734e-01 3.242187e+02 1.877582e+00 -6.070117e+00 5.529860e-01 1.924561e+01
8.320692e-01 3.254475e+02 1.143368e+00 -6.383512e+00 6.561852e-01 2.017279e+01
8.338654e-01 3.263269e+02 1.450737e+00 -8.104472e+00 -1.032026e+00 1.794054e+01
8.356607e-01 3.262476e+02 2.058815e+00 -9.501836e+00 -1.894279e+00 1.554755e+01
8.374562e-01 3.254660e+02 2.056929e+00 -1.051540e+01 -6.728457e-01 1.215617e+01
8.392510e-01 3.255027e+02 1.981422e+00 -9.841642e+00 8.437699e-01 1.240391e+01
8.410464e-01 3.254352e+02 2.247321e+00 -9.480639e+00 1.498291e+00 1.494424e+01
8.428427e-01 3.259124e+02 2.273088e+00 -8.149351e+00 1.049423e+00 1.871537e+01
8.446371e-01 3.259811e+02 2.090286e+00 -7.688474e+00 6.305395e-01 2.060175e+01
8.464320e-01 3.256737e+02 2.066725e+00 -7.823903e+00 -2.398944e-01 2.148273e+01
8.482278e-01 3.249825e+02 2.224712e+00 -8.092855e+00 1.392430e-01 2.008541e+01
8.500227e-01 3.245975e+02 2.421768e+00 -7.113964e+00 2.724601e-01 2.108093e+01
8.518177e-01 3.245813e+02 2.330991e+00 -4.928972e+00 -6.337707e-02 2.273657e+01
8.536137e-01 3.257539e+02 1.698977e+00 -3.914421e+00 -3.920687e-01 2.522829e+01
8.554088e-01 3.267462e+02 1.707575e+00 -3.567340e+00 -1.120830e+00 2.500802e+01
8.572024e-01 3.269290e+02 1.563805e+00 -4.824098e+00 -9.257532e-01 2.229040e+01
8.589967e-01 3.262980e+02 1.419156e+00 -7.368396e+00 -7.125447e-01 1.692522e+01
8.607918e-01 3.255225e+02 1.929649e+00 -9.239841e+00 -6.550225e-01 1.373944e+01
8.625869e-01 3.242331e+02 2.399588e+00 -1.022360e+01 1.820193e-01 1.306917e+01
8.643824e-01 3.241777e+02 2.309921e+00 -9.232789e+00 2.842352e-01 1.419833e+01
8.661785e-01 3.242508e+02 2.299796e+00 -8.132756e+00 -2.539327e-01 1.592323e+01
8.679743e-01 3.243985e+02 2.146904e+00 -7.716374e+00 -5.509782e-01 1.617578e+01
8.697706e-01 3.246287e+02 1.802048e+00 -8.291214e+00 -1.339715e+00 1.434816e+01
8.715653e-01 3.242962e+02 2.128061e+00 -8.961555e+00 -1.961638e+00 1.131473e+01
8.733592e-01 3.233455e+02 2.315300e+00 -9.433237e+00 -1.126085e+00 9.853301e+00
8.751548e-01 3.227160e+02 2.144147e+00 -1.014926e+01 1.311799e+00 9.717940e+00
8.769502e-01 3.228470e+02 1.949071e+00 -9.968210e+00 1.396524e+00 9.901456e+00
8.787466e-01 3.233816e+02 2.121084e+00 -9.469512e+00 6.219451e-01 1.324265e+01
8.805415e-01 3.246673e+02 1.990100e+00 -8.574390e+00 8.639634e-01 1.725846e+01
8.823359e-01 3.258804e+02 1.879535e+00 -7.213535e+00 1.294355e+00 1.958603e+01
8.841313e-01 3.263788e+02 2.085920e+00 -7.144345e+00 -1.563612e-01 1.969330e+01
8.859273e-01 3.259997e+02 2.511900e+00 -6.924097e+00 -2.372943e+00 1.825038e+01
8.877230e-01 3.250676e+02 2.328962e+00 -7.309812e+00 -2.914092e+00 1.535532e+01
8.895175e-01 3.244495e+02 2.139346e+00 -7.404452e+00 -1.511584e+00 1.094887e+01
8.913122e-01 3.244687e+02 1.620002e+00 -9.042139e+00 1.075632e+00 1.026206e+01
8.931078e-01 3.256158e+02 1.305361e+00 -1.028661e+01 3.110265e+00 1.264835e+01
8.949034e-01 3.267987e+02 1.925273e+00 -1.008825e+01 1.164049e+00 1.428078e+01
8.966974e-01 3.267016e+02 2.444376e+00 -1.006598e+01 -2.044755e-01 1.534551e+01
8.984931e-01 3.257067e+02 2.214377e+00 -9.171008e+00 -8.412496e-01 1.347960e+01
9.002874e-01 3.253893e+02 2.554600e+00 -1.017828e+01 -1.400333e+00 1.130117e+01
9.020815e-01 3.245931e+02 3.130759e+00 -8.524862e+00 -9.915761e-01 1.236577e+01
9.038774e-01 3.241314e+02 2.711448e+00 -6.341919e+00 7.513916e-01 1.701239e+01
9.056723e-01 3.254651e+02 2.129362e+00 -3.055875e+00 1.855838e+00 2.080166e+01
9.074684e-01 3.263298e+02 2.120078e+00 -1.563366e+00 8.014471e-01 2.352853e+01
9.092635e-01 3.265489e+02 2.070659e+00 -1.401567e+00 -1.416621e+00 2.288849e+01
9.110582e-01 3.253341e+02 1.824353e+00 -3.827695e+00 -1.443039e+00 1.737830e+01
9.128546e-01 3.244355e+02 1.695726e+00 -6.590284e+00 -1.209139e+00 1.322394e+01
9.146502e-01 3.240098e+02 1.783488e+00 -8.669180e+00 4.087810e-01 1.043840e+01
9.164437e-01 3.246728e+02 1.761556e+00 -8.802442e+00 5.128806e-01 1.099672e+01
9.182390e-01 3.256959e+02 2.666317e+00 -7.538120e+00 -4.876876e-01 1.228315e+01
