# k, q0, q1/i, q2, q3/i, q4, norm, alpha = 204.77085121873222, 0.01987432793133251
0.000000e+00 8.870822e+12 0.000000e+00 0.000000e+00 0.000000e+00 4.291900e+12
2.542755e-03 3.943436e+12 2.201080e+12 1.265500e+12 1.184015e+12 -5.393539e+11
4.308321e-03 1.300242e+12 7.178864e+11 1.988530e+12 1.813644e+12 -8.427386e+10
6.127972e-03 3.751366e+11 1.598871e+11 9.388064e+11 9.141275e+11 1.180610e+11
7.953317e-03 1.345753e+11 2.678178e+10 2.932566e+11 2.741481e+11 2.115436e+11
9.814571e-03 4.938232e+10 1.198510e+10 2.513753e+10 4.008181e+10 5.444250e+10
1.156539e-02 1.806390e+10 7.058941e+09 -1.962107e+10 -4.095174e+09 9.342474e+09
1.336205e-02 8.811906e+09 2.039867e+09 -8.582241e+09 -5.354362e+08 1.217353e+10
1.519307e-02 7.152921e+09 1.075437e+09 3.023335e+09 2.594071e+09 2.225618e+10
1.700413e-02 5.316855e+09 1.086615e+09 5.616334e+09 2.252116e+09 2.116078e+10
1.878921e-02 2.949284e+09 5.020033e+08 2.415373e+09 8.547242e+08 1.212380e+10
2.056181e-02 1.470889e+09 1.727750e+08 -5.974865e+08 3.549569e+08 4.493979e+09
2.237315e-02 1.085362e+09 4.312466e+07 -1.743921e+09 1.012324e+08 2.318614e+09
2.420702e-02 1.041896e+09 8.880946e+07 -9.030531e+08 9.191128e+07 3.136445e+09
2.604330e-02 9.396924e+08 8.816060e+07 7.073338e+07 1.692437e+08 3.922003e+09
2.781707e-02 7.684493e+08 8.313033e+07 2.487267e+08 8.802764e+07 3.391330e+09
2.956466e-02 5.097027e+08 6.742302e+07 -7.782606e+07 2.370964e+06 2.092726e+09
3.136513e-02 3.248113e+08 3.198648e+07 -4.607156e+08 -4.628142e+07 1.018670e+09
3.317513e-02 2.429392e+08 2.199653e+07 -4.346187e+08 -4.366730e+07 6.772121e+08
3.497165e-02 2.334430e+08 2.021656e+07 -1.574042e+08 -8.400657e+06 8.824604e+08
3.677184e-02 2.304032e+08 1.783857e+07 6.638754e+07 3.020840e+07 1.072415e+09
3.856197e-02 2.021947e+08 1.230142e+07 7.069338e+07 3.010795e+07 9.577539e+08
4.034231e-02 1.457113e+08 9.200569e+06 -6.836852e+07 9.363451e+06 6.011980e+08
4.214741e-02 1.002705e+08 5.854636e+06 -1.678954e+08 -6.840189e+06 3.210353e+08
4.395085e-02 9.036899e+07 3.590017e+06 -1.601240e+08 -6.603536e+06 2.812730e+08
4.574462e-02 9.585337e+07 4.675604e+06 -6.255340e+07 4.536620e+06 3.890262e+08
4.755674e-02 9.985438e+07 4.749520e+06 1.264468e+07 1.049100e+07 4.713926e+08
4.935944e-02 8.542794e+07 4.720616e+06 7.459550e+06 6.860082e+06 4.068425e+08
5.113615e-02 6.513460e+07 3.217684e+06 -4.169863e+07 8.949798e+05 2.730588e+08
5.293674e-02 4.877088e+07 2.345869e+06 -8.456721e+07 -3.901506e+06 1.595913e+08
5.472727e-02 4.310120e+07 2.306078e+06 -7.894243e+07 -4.511294e+06 1.379671e+08
5.651697e-02 4.317565e+07 2.058650e+06 -3.973885e+07 -1.175672e+06 1.706806e+08
5.831477e-02 4.385398e+07 1.907299e+06 -1.085297e+07 1.439025e+06 1.974427e+08
6.011451e-02 3.893819e+07 1.948589e+06 -1.254805e+07 7.506602e+05 1.725789e+08
6.191171e-02 2.976933e+07 1.587078e+06 -3.182254e+07 -1.705442e+06 1.147472e+08
6.370712e-02 2.360563e+07 1.110486e+06 -4.352758e+07 -2.599686e+06 7.498084e+07
6.550732e-02 2.233124e+07 1.020109e+06 -3.530357e+07 -1.982560e+06 7.491153e+07
6.729498e-02 2.349915e+07 1.028883e+06 -1.550829e+07 -3.429362e+05 9.691965e+07
6.908598e-02 2.328105e+07 1.056908e+06 -2.155195e+06 5.600186e+05 1.076947e+08
7.088188e-02 1.994539e+07 7.123553e+05 -6.339100e+06 7.577732e+05 8.905944e+07
7.268232e-02 1.608033e+07 4.048962e+05 -1.934638e+07 -1.317613e+05 5.964009e+07
7.447792e-02 1.349720e+07 3.819772e+05 -2.588769e+07 -1.098442e+06 4.080231e+07
7.627282e-02 1.307731e+07 6.054534e+05 -2.007182e+07 -1.067655e+06 4.342469e+07
7.807562e-02 1.360786e+07 5.303734e+05 -8.790181e+06 -1.393850e+05 5.633002e+07
7.988558e-02 1.345326e+07 3.171810e+05 -3.581997e+06 5.077028e+05 5.962552e+07
8.168049e-02 1.189294e+07 3.798211e+05 -7.818296e+06 2.738824e+04 4.851349e+07
8.345709e-02 9.529843e+06 2.705158e+05 -1.443309e+07 -4.096575e+05 3.198076e+07
8.524436e-02 8.393469e+06 1.706233e+05 -1.623311e+07 -5.321447e+05 2.453904e+07
8.704550e-02 8.858166e+06 2.273034e+05 -1.087415e+07 -2.234206e+05 3.076458e+07
8.884478e-02 9.631870e+06 2.523333e+05 -3.229036e+06 2.168373e+05 4.095739e+07
9.064103e-02 9.791933e+06 2.099962e+05 -2.674463e+05 3.778934e+05 4.407546e+07
9.243897e-02 8.522074e+06 2.326892e+05 -3.318192e+06 6.679538e+04 3.508665e+07
9.423607e-02 6.802030e+06 2.411421e+05 -8.712225e+06 -4.385911e+05 2.240861e+07
9.603871e-02 5.799228e+06 2.102191e+05 -1.035455e+07 -5.213547e+05 1.634980e+07
9.782410e-02 5.907181e+06 1.373335e+05 -7.158558e+06 -1.984507e+05 1.948026e+07
9.961474e-02 6.542930e+06 1.003133e+05 -2.469214e+06 1.646585e+05 2.608469e+07
1.014127e-01 6.577940e+06 1.368148e+05 -5.518214e+05 1.715542e+05 2.759150e+07
1.031985e-01 5.805410e+06 1.576539e+05 -2.691944e+06 3.544036e+04 2.238569e+07
1.049957e-01 4.770223e+06 8.010192e+04 -6.078751e+06 -1.201045e+05 1.465004e+07
1.067952e-01 4.292706e+06 9.504912e+04 -7.198601e+06 -2.559666e+05 1.115184e+07
1.085930e-01 4.341794e+06 1.414511e+05 -4.938724e+06 -2.347811e+05 1.337797e+07
1.103885e-01 4.688424e+06 8.494981e+04 -1.850298e+06 4.333019e+04 1.767398e+07
1.121821e-01 4.709780e+06 3.380723e+04 -9.597264e+05 2.217248e+05 1.839423e+07
1.139837e-01 4.308540e+06 1.471623e+04 -2.681548e+06 1.863232e+05 1.482709e+07
1.157773e-01 3.748187e+06 5.817642e+04 -4.998796e+06 -7.243894e+04 1.021636e+07
1.175730e-01 3.430958e+06 7.539800e+04 -5.274368e+06 -1.846157e+05 8.550729e+06
1.193666e-01 3.635572e+06 7.521275e+04 -3.376485e+06 -1.156312e+05 1.104981e+07
1.211543e-01 3.904082e+06 7.163879e+04 -9.035945e+05 6.523625e+03 1.429612e+07
1.229561e-01 3.889986e+06 8.376557e+04 -3.257431e+04 3.211545e+04 1.490089e+07
1.247542e-01 3.480251e+06 5.413038e+04 -1.238771e+06 3.034285e+04 1.199329e+07
1.265466e-01 3.002078e+06 8.077657e+03 -3.232585e+06 9.095730e+03 7.956458e+06
1.283363e-01 2.755755e+06 3.756049e+04 -3.991086e+06 -1.238785e+05 5.831940e+06
1.301269e-01 2.768022e+06 7.164413e+04 -3.145683e+06 -1.339018e+05 6.718156e+06
1.319334e-01 2.877818e+06 5.121154e+04 -1.670455e+06 -1.753706e+04 8.616553e+06
1.337370e-01 2.890082e+06 2.992062e+04 -1.138824e+06 3.514036e+04 9.159043e+06
1.355323e-01 2.686880e+06 2.376238e+04 -1.712446e+06 2.484122e+04 7.657696e+06
1.373301e-01 2.443420e+06 2.472998e+04 -2.549530e+06 -2.435425e+04 5.773014e+06
1.391197e-01 2.354739e+06 1.326060e+04 -2.716384e+06 -2.205686e+04 5.154518e+06
1.409058e-01 2.440828e+06 2.204992e+04 -2.022652e+06 -2.603615e+04 6.005304e+06
1.427003e-01 2.493095e+06 5.551027e+04 -1.214369e+06 -4.122612e+04 7.005817e+06
1.444928e-01 2.403468e+06 2.586622e+04 -1.118357e+06 -7.318790e+03 6.745900e+06
1.462886e-01 2.221448e+06 1.033462e+04 -1.762232e+06 -3.899184e+03 5.208640e+06
1.480924e-01 2.060343e+06 1.670199e+04 -2.399418e+06 -4.326877e+04 3.817439e+06
1.498892e-01 2.036074e+06 9.880046e+03 -2.244569e+06 -4.680845e+04 3.772202e+06
1.516798e-01 2.163973e+06 2.160431e+04 -1.413994e+06 -2.979804e+04 4.929590e+06
1.534759e-01 2.235026e+06 4.512022e+04 -5.768470e+05 -2.991060e+04 6.042014e+06
1.552766e-01 2.154158e+06 3.483605e+04 -4.310479e+05 -3.921596e+03 5.897463e+06
1.570706e-01 1.965164e+06 2.402135e+04 -9.767001e+05 -2.273680e+04 4.565774e+06
1.588578e-01 1.796380e+06 2.340003e+04 -1.564922e+06 -3.428713e+04 3.285900e+06
1.606585e-01 1.726961e+06 1.408635e+04 -1.601850e+06 -3.496765e+04 2.952411e+06
1.624649e-01 1.799469e+06 4.797354e+03 -1.147010e+06 -2.171102e+04 3.546065e+06
1.642557e-01 1.840910e+06 3.416313e+04 -6.672061e+05 -4.697999e+04 4.104547e+06
1.660459e-01 1.769878e+06 2.892303e+04 -6.345318e+05 -3.310939e+04 3.853421e+06
1.678421e-01 1.628719e+06 1.391314e+04 -1.022396e+06 -1.121319e+04 2.886932e+06
1.696353e-01 1.533500e+06 6.271926e+03 -1.375024e+06 -1.193139e+04 2.137973e+06
1.714286e-01 1.530106e+06 1.024613e+04 -1.263103e+06 -3.086658e+04 2.192297e+06
1.732198e-01 1.599693e+06 1.208699e+04 -7.692326e+05 -1.931938e+04 2.914031e+06
1.750152e-01 1.666783e+06 7.818238e+03 -3.381578e+05 1.876613e+03 3.505264e+06
1.768177e-01 1.646738e+06 7.322321e+03 -3.172086e+05 1.916838e+04 3.432165e+06
1.786121e-01 1.553682e+06 1.026731e+04 -6.752356e+05 5.663767e+03 2.702522e+06
1.804030e-01 1.468820e+06 2.929601e+03 -9.960311e+05 -1.076889e+03 2.027673e+06
1.822028e-01 1.459080e+06 5.689419e+02 -1.030636e+06 2.495623e+03 1.918796e+06
1.839998e-01 1.494824e+06 -1.219700e+03 -8.155517e+05 1.221323e+04 2.217040e+06
1.857937e-01 1.521870e+06 9.450391e+03 -6.427682e+05 -1.364353e+04 2.456068e+06
1.875926e-01 1.471137e+06 2.346374e+04 -6.817531e+05 -5.213470e+04 2.179858e+06
1.893867e-01 1.384422e+06 1.514236e+04 -8.521144e+05 -2.797997e+04 1.687628e+06
1.911794e-01 1.355977e+06 -4.532002e+03 -9.316187e+05 2.906845e+03 1.428297e+06
1.929763e-01 1.394654e+06 5.733092e+03 -7.434399e+05 -2.253476e+02 1.710849e+06
1.947689e-01 1.434295e+06 2.155854e+04 -3.902623e+05 -2.730406e+04 2.235392e+06
1.965614e-01 1.427176e+06 1.060524e+04 -1.752242e+05 -1.110993e+04 2.446493e+06
1.983545e-01 1.391392e+06 8.030959e+02 -3.080878e+05 1.094151e+04 2.146629e+06
2.001492e-01 1.327534e+06 5.091430e+03 -5.959234e+05 2.984575e+03 1.558868e+06
2.019476e-01 1.284609e+06 -2.853587e+03 -7.802874e+05 7.770099e+03 1.229006e+06
2.037448e-01 1.318642e+06 -3.593991e+03 -6.898922e+05 2.687717e+03 1.391823e+06
2.055436e-01 1.363591e+06 1.390972e+04 -4.204324e+05 -1.461324e+04 1.802493e+06
2.073409e-01 1.360715e+06 1.604633e+04 -2.334188e+05 -2.559558e+04 1.994961e+06
2.091331e-01 1.306680e+06 1.076502e+04 -2.900640e+05 -1.418469e+04 1.725855e+06
2.109295e-01 1.244394e+06 6.343830e+03 -5.028999e+05 -2.493859e+03 1.268176e+06
2.127243e-01 1.212006e+06 3.564730e+03 -6.142070e+05 -1.591103e+03 1.004724e+06
2.145132e-01 1.223610e+06 5.038768e+03 -5.008110e+05 -3.991097e+03 1.186259e+06
2.163084e-01 1.263659e+06 4.235214e+03 -2.688728e+05 6.052509e+03 1.571453e+06
2.181043e-01 1.280223e+06 1.981635e+03 -1.351201e+05 1.125046e+03 1.756448e+06
2.198991e-01 1.258684e+06 7.350324e+03 -2.073179e+05 -1.633184e+04 1.550330e+06
2.216975e-01 1.199379e+06 8.584928e+03 -3.973245e+05 -1.342235e+04 1.110453e+06
2.234966e-01 1.161727e+06 2.169678e+03 -5.233002e+05 1.130978e+04 8.480747e+05
2.252970e-01 1.167585e+06 2.251340e+03 -4.676838e+05 -1.490885e+02 9.370416e+05
2.270852e-01 1.196637e+06 4.145750e+03 -2.848418e+05 -5.640791e+03 1.243623e+06
2.288723e-01 1.221487e+06 3.853020e+02 -1.630066e+05 1.122421e+04 1.423677e+06
2.306695e-01 1.215295e+06 -2.404660e+03 -2.140143e+05 8.342777e+03 1.321918e+06
2.324665e-01 1.189036e+06 -1.013141e+03 -3.700493e+05 -1.845472e+03 1.016574e+06
2.342627e-01 1.165915e+06 4.083807e+03 -4.818804e+05 -1.724605e+04 7.723563e+05
2.360563e-01 1.154114e+06 5.480996e+03 -4.532383e+05 -1.435415e+04 7.330316e+05
2.378553e-01 1.170971e+06 -1.808297e+03 -3.817296e+05 1.105797e+04 8.635939e+05
2.396569e-01 1.177878e+06 4.305780e+03 -3.422753e+05 5.202860e+03 9.291100e+05
2.414498e-01 1.146179e+06 1.694331e+04 -3.655549e+05 -1.830400e+04 8.592047e+05
2.432397e-01 1.104563e+06 6.932434e+03 -4.036268e+05 -1.431265e+04 7.094578e+05
2.450345e-01 1.100468e+06 -3.596931e+03 -4.179290e+05 1.179877e+04 6.660700e+05
2.468308e-01 1.123716e+06 -4.465725e+03 -3.804058e+05 1.434740e+04 7.781716e+05
2.486244e-01 1.144724e+06 3.442579e+03 -3.102563e+05 -1.057220e+04 8.904809e+05
2.504185e-01 1.128087e+06 9.810445e+03 -2.729346e+05 -2.161661e+04 8.714642e+05
2.522154e-01 1.108306e+06 2.764878e+03 -3.195202e+05 -8.193497e+03 7.069327e+05
2.540114e-01 1.090193e+06 5.010545e+03 -3.620875e+05 -1.893017e+04 5.741128e+05
2.558058e-01 1.097768e+06 -7.813364e+02 -3.122035e+05 -6.764027e+03 6.041886e+05
2.576012e-01 1.123150e+06 3.446392e+03 -1.822658e+05 2.457868e+03 8.051318e+05
2.593962e-01 1.139641e+06 -1.342005e+03 -7.654516e+04 1.935058e+04 1.017448e+06
2.611937e-01 1.147590e+06 -1.305673e+03 -9.543962e+04 1.513419e+04 1.018858e+06
2.629942e-01 1.122786e+06 5.040542e+03 -2.089709e+05 -1.311773e+04 8.005253e+05
2.647885e-01 1.087608e+06 6.026495e+03 -3.205719e+05 -1.397500e+04 5.421574e+05
2.665811e-01 1.070726e+06 4.130286e+03 -3.392535e+05 -5.937444e+03 4.545804e+05
2.683801e-01 1.081354e+06 2.947167e+03 -2.522111e+05 -5.118388e+03 5.695732e+05
2.701729e-01 1.101504e+06 1.064250e+03 -1.484120e+05 -5.882868e+03 7.267356e+05
2.719632e-01 1.104435e+06 2.571813e+03 -1.128936e+05 5.362161e+03 7.757054e+05
2.737587e-01 1.091005e+06 8.278095e+02 -1.802039e+05 7.872938e+03 6.605648e+05
2.755578e-01 1.064027e+06 9.629707e+03 -2.483613e+05 -1.359122e+04 5.032719e+05
2.773550e-01 1.047564e+06 5.226976e+03 -2.406017e+05 -5.637552e+03 4.831138e+05
2.791459e-01 1.064548e+06 -2.772198e+03 -1.636962e+05 1.063433e+04 6.201364e+05
2.809385e-01 1.091639e+06 -5.333142e+03 -9.024179e+04 1.431670e+04 7.871644e+05
2.827312e-01 1.103135e+06 4.576721e+03 -7.087971e+04 -5.114386e+03 8.219464e+05
2.845296e-01 1.075192e+06 9.110729e+03 -1.198160e+05 -8.995732e+03 6.866971e+05
2.863269e-01 1.039361e+06 6.760798e+03 -1.985156e+05 -7.580983e+03 4.879346e+05
2.881173e-01 1.018326e+06 3.979104e+03 -2.395410e+05 -5.337004e+03 3.859891e+05
2.899148e-01 1.023145e+06 4.508887e+02 -2.144611e+05 4.194605e+03 4.270238e+05
2.917136e-01 1.038756e+06 -1.800238e+03 -1.569178e+05 -1.438178e+03 5.174232e+05
2.935083e-01 1.049855e+06 5.476249e+02 -1.304415e+05 -9.186540e+03 5.372989e+05
2.953064e-01 1.044034e+06 2.262932e+03 -1.521939e+05 -8.942222e+03 4.699356e+05
2.971025e-01 1.030730e+06 4.474685e+03 -1.795113e+05 -1.398098e+03 3.782935e+05
2.988941e-01 1.025789e+06 3.241782e+03 -1.737726e+05 6.695860e+03 3.873677e+05
3.006873e-01 1.038465e+06 -6.643024e+02 -1.180656e+05 3.485897e+03 5.060335e+05
3.024817e-01 1.056783e+06 1.597199e+02 -4.231856e+04 4.935706e+03 6.426355e+05
3.042771e-01 1.065071e+06 1.793168e+02 -1.640869e+04 -1.340119e+03 6.729486e+05
3.060756e-01 1.059145e+06 6.708828e+02 -5.870740e+04 1.395517e+03 5.774816e+05
3.078722e-01 1.039503e+06 7.408584e+03 -1.351503e+05 -1.331140e+04 4.112977e+05
3.096648e-01 1.013967e+06 5.501215e+03 -1.687451e+05 -1.186697e+04 2.956273e+05
3.114599e-01 1.011343e+06 -1.301459e+03 -1.731203e+05 3.563500e+03 2.782225e+05
3.132555e-01 1.022802e+06 -3.011977e+03 -1.573466e+05 1.104422e+04 3.225377e+05
3.150527e-01 1.028297e+06 1.161882e+03 -1.527824e+05 5.038059e+03 3.571728e+05
3.168493e-01 1.025916e+06 -6.673445e+02 -1.745803e+05 2.975963e+03 3.393713e+05
3.186391e-01 1.026782e+06 1.351253e+03 -2.009821e+05 -4.435644e+03 2.778532e+05
3.204305e-01 1.012456e+06 1.224765e+04 -1.787411e+05 -2.118700e+04 2.717261e+05
3.222280e-01 1.006559e+06 2.032807e+03 -1.334487e+05 -1.145080e+03 3.110555e+05
3.240267e-01 1.015619e+06 -2.134253e+03 -9.962588e+04 8.768719e+03 3.809060e+05
3.258197e-01 1.025808e+06 -1.335648e+00 -9.448081e+04 8.313171e+03 4.180302e+05
3.276150e-01 1.020236e+06 4.813411e+03 -1.164628e+05 -5.917438e+03 3.826808e+05
3.294148e-01 1.001712e+06 4.535060e+03 -1.371399e+05 -1.156826e+04 3.043152e+05
3.312085e-01 1.000900e+06 -2.619146e+03 -1.546454e+05 -2.414831e+03 2.348790e+05
3.330031e-01 1.003352e+06 3.414417e+03 -1.513812e+05 -7.585285e+03 2.147594e+05
3.347987e-01 1.001540e+06 2.772722e+03 -1.288216e+05 -4.871877e+03 2.278439e+05
3.365969e-01 1.001861e+06 6.430436e+02 -1.183485e+05 2.494306e+03 2.367116e+05
3.383923e-01 1.003155e+06 -3.788126e+02 -1.343621e+05 7.614755e+03 2.285225e+05
3.401828e-01 9.961888e+05 6.354158e+03 -1.459761e+05 -1.503780e+03 2.156464e+05
3.419763e-01 9.893942e+05 1.650396e+03 -1.450657e+05 4.416365e+03 2.309311e+05
3.437730e-01 9.981953e+05 -1.928997e+03 -1.346500e+05 9.172979e+02 2.560825e+05
3.455681e-01 1.000297e+06 5.324454e+03 -1.030888e+05 -1.399877e+04 2.800536e+05
3.473617e-01 9.982102e+05 2.026376e+03 -7.734255e+04 -1.775474e+03 2.923008e+05
3.491590e-01 9.999556e+05 -1.042852e+03 -8.516230e+04 7.875922e+03 2.809411e+05
3.509566e-01 9.969347e+05 4.370590e+03 -9.895881e+04 -5.975741e+03 2.580901e+05
3.527534e-01 9.907152e+05 2.837691e+03 -1.022549e+05 -8.393656e+03 2.329761e+05
3.545449e-01 9.911976e+05 -1.750852e+02 -1.014091e+05 -2.469330e+03 2.020484e+05
3.563372e-01 9.945118e+05 1.588011e+03 -9.816555e+04 -9.527296e+03 1.802805e+05
3.581341e-01 9.910748e+05 2.017390e+03 -1.003100e+05 1.731347e+03 1.726199e+05
3.599303e-01 9.909380e+05 5.744952e+02 -1.093703e+05 1.136229e+04 1.766243e+05
3.617254e-01 9.874532e+05 1.290222e+03 -1.129604e+05 7.640212e+03 1.907539e+05
3.635200e-01 9.898538e+05 1.169105e+03 -1.085410e+05 -2.671519e+02 2.176665e+05
3.653165e-01 9.925956e+05 6.730691e+00 -1.025302e+05 -3.647491e+02 2.322122e+05
3.671116e-01 1.002501e+06 -2.862204e+03 -9.935000e+04 -3.212239e+03 2.242604e+05
3.689088e-01 1.004123e+06 6.362575e+03 -9.691682e+04 -1.755331e+04 1.882053e+05
3.707076e-01 9.897146e+05 7.140460e+03 -7.998112e+04 -1.689276e+04 1.495501e+05
3.725001e-01 9.809052e+05 3.261687e+03 -7.106135e+04 4.229074e+03 1.346619e+05
3.742913e-01 9.762591e+05 1.783117e+03 -8.311133e+04 1.316465e+04 1.514432e+05
3.760877e-01 9.731835e+05 2.645284e+03 -9.332564e+04 1.198604e+04 1.764595e+05
3.778836e-01 9.684981e+05 3.120944e+03 -9.910864e+04 -1.907346e+03 1.831923e+05
3.796766e-01 9.657774e+05 1.581564e+03 -9.405437e+04 -8.715983e+03 1.641718e+05
3.814707e-01 9.659082e+05 2.649141e+03 -7.936200e+04 -1.069154e+04 1.585691e+05
3.832699e-01 9.688269e+05 4.206425e+03 -4.912465e+04 -1.120745e+04 1.608363e+05
3.850666e-01 9.696254e+05 -2.551147e+02 -2.317778e+04 3.060281e+03 1.976068e+05
3.868579e-01 9.779395e+05 4.150263e+02 -2.036698e+04 5.183794e+03 2.160599e+05
3.886538e-01 9.781636e+05 -1.477118e+03 -3.964364e+04 8.366660e+03 2.104594e+05
3.904491e-01 9.761872e+05 1.932674e+03 -6.937905e+04 -1.389865e+03 1.656124e+05
3.922449e-01 9.692329e+05 2.647706e+03 -8.249908e+04 -5.016225e+03 1.333719e+05
3.940400e-01 9.708576e+05 -2.323296e+03 -9.656102e+04 1.013548e+04 1.258616e+05
3.958317e-01 9.782189e+05 1.458377e+03 -9.414548e+04 3.703134e+01 1.352181e+05
3.976289e-01 9.779871e+05 3.033182e+03 -7.842858e+04 -7.837690e+03 1.534699e+05
3.994255e-01 9.786185e+05 -2.029444e+03 -7.233460e+04 5.446971e+03 1.615738e+05
4.012204e-01 9.869436e+05 1.486020e+03 -8.107114e+04 -2.780793e+03 1.379742e+05
4.030168e-01 9.798451e+05 7.919675e+03 -6.885398e+04 -1.546270e+04 1.387154e+05
4.048122e-01 9.733282e+05 3.113049e+03 -4.527855e+04 -1.304735e+02 1.501729e+05
4.066062e-01 9.767128e+05 -6.542897e+02 -3.224581e+04 3.999169e+03 1.674017e+05
4.084001e-01 9.792166e+05 -6.438680e+01 -3.582511e+04 1.309880e+03 1.780916e+05
4.101968e-01 9.797461e+05 2.804166e+03 -5.122099e+04 5.842298e+03 1.554391e+05
4.119946e-01 9.668509e+05 5.204551e+03 -6.835484e+04 -2.770611e+03 1.296084e+05
4.137897e-01 9.618699e+05 1.955281e+03 -7.901365e+04 1.403356e+03 1.133286e+05
4.155829e-01 9.601945e+05 1.927253e+03 -7.419096e+04 -6.056564e+02 1.179220e+05
4.173778e-01 9.652664e+05 -1.444842e+03 -6.647202e+04 4.202830e+03 1.384881e+05
4.191752e-01 9.684070e+05 3.624016e+03 -5.918550e+04 -4.927101e+03 1.467419e+05
4.209702e-01 9.628477e+05 2.499179e+03 -6.073262e+04 -7.119045e+02 1.394068e+05
4.227638e-01 9.617144e+05 1.444443e+02 -7.179648e+04 4.197322e+03 1.155584e+05
4.245604e-01 9.632186e+05 8.203557e+00 -8.583085e+04 2.490267e+02 1.007318e+05
4.263543e-01 9.669245e+05 2.380975e+03 -8.440573e+04 -1.136497e+03 1.102199e+05
4.281451e-01 9.642728e+05 3.698607e+03 -6.390188e+04 -6.195630e+03 1.294245e+05
4.299400e-01 9.654791e+05 1.310084e+03 -4.863898e+04 -7.126701e+02 1.399850e+05
4.317365e-01 9.663961e+05 2.524359e+03 -4.559646e+04 -2.790374e+03 1.352530e+05
4.335323e-01 9.616429e+05 2.775479e+03 -5.375430e+04 -1.269799e+03 1.258023e+05
4.353294e-01 9.606150e+05 4.487696e+02 -6.177398e+04 5.179417e+03 1.108990e+05
4.371263e-01 9.629799e+05 1.831178e+02 -7.084437e+04 3.710981e+03 1.115520e+05
4.389235e-01 9.632869e+05 2.502336e+03 -6.825728e+04 -3.084746e+03 1.123939e+05
4.407180e-01 9.638276e+05 1.215809e+03 -6.453472e+04 -2.333227e+03 1.141370e+05
4.425103e-01 9.671354e+05 5.954221e+02 -6.898926e+04 2.328471e+03 1.015376e+05
4.443072e-01 9.635332e+05 3.822503e+03 -7.522895e+04 -4.341770e+03 9.464229e+04
4.461036e-01 9.615591e+05 2.117885e+03 -6.990195e+04 2.846476e+03 9.665326e+04
4.478956e-01 9.605193e+05 2.002754e+03 -6.618416e+04 -1.445643e+03 1.114214e+05
4.496902e-01 9.646989e+05 -1.228426e+02 -5.521033e+04 2.899721e+03 1.290004e+05
4.514874e-01 9.695921e+05 1.431187e+03 -5.550887e+04 -3.213197e+03 1.258496e+05
4.532823e-01 9.660371e+05 3.446153e+03 -5.607814e+04 -5.276761e+03 1.081235e+05
4.550750e-01 9.632484e+05 2.140356e+03 -6.663552e+04 -1.232883e+03 7.767337e+04
4.568708e-01 9.557099e+05 5.552953e+03 -6.863577e+04 -4.052842e+03 6.697096e+04
4.586693e-01 9.504516e+05 2.269612e+03 -6.470029e+04 2.738056e+03 7.631834e+04
4.604629e-01 9.529952e+05 -1.996260e+03 -6.760784e+04 9.700338e+03 9.185675e+04
4.622570e-01 9.586117e+05 1.692417e+03 -6.881828e+04 1.137014e+03 1.050070e+05
4.640543e-01 9.570207e+05 3.948180e+03 -6.585405e+04 -8.056764e+03 1.053898e+05
4.658487e-01 9.541626e+05 1.249879e+03 -5.950658e+04 -4.944273e+02 9.942148e+04
4.676433e-01 9.588460e+05 5.700242e+02 -5.643473e+04 1.084482e+03 1.075504e+05
4.694380e-01 9.599906e+05 3.319233e+03 -4.525449e+04 -2.056747e+03 1.284646e+05
4.712319e-01 9.569211e+05 5.221365e+03 -2.718062e+04 -2.849144e+03 1.447289e+05
4.730274e-01 9.530490e+05 1.629751e+03 -2.030802e+04 -1.219171e+03 1.450599e+05
4.748233e-01 9.561184e+05 -1.473847e+03 -3.224201e+04 3.517769e+03 1.267816e+05
4.766206e-01 9.602094e+05 -4.573772e+02 -5.051497e+04 5.532394e+03 1.061364e+05
4.784155e-01 9.623544e+05 1.389504e+03 -6.017063e+04 8.519775e+02 1.055624e+05
4.802074e-01 9.635399e+05 2.413521e+03 -5.308729e+04 -2.975271e+03 1.140752e+05
4.820041e-01 9.646009e+05 2.544246e+03 -3.979375e+04 -2.100963e+03 1.297875e+05
4.838035e-01 9.637824e+05 3.026872e+03 -2.964746e+04 -2.225516e+03 1.363298e+05
4.855966e-01 9.596310e+05 2.478688e+03 -3.233131e+04 -1.412616e+03 1.247594e+05
4.873905e-01 9.588768e+05 6.937797e+02 -4.540091e+04 1.143098e+03 1.081762e+05
4.891890e-01 9.575684e+05 3.274170e+03 -5.234027e+04 -3.162855e+03 9.184547e+04
4.909845e-01 9.545848e+05 3.061622e+03 -5.181254e+04 6.738143e+02 8.973118e+04
4.927778e-01 9.537074e+05 3.536387e+02 -5.056273e+04 9.210101e+03 1.026770e+05
4.945710e-01 9.563736e+05 1.203490e+03 -5.880560e+04 5.008194e+03 1.168298e+05
4.963686e-01 9.534902e+05 3.461291e+03 -6.001895e+04 -3.069288e+03 1.202792e+05
4.981631e-01 9.533869e+05 2.426756e+02 -6.278572e+04 3.735198e+03 1.180922e+05
4.999565e-01 9.578422e+05 3.798319e+02 -6.933799e+04 1.233357e+02 1.144626e+05
5.017530e-01 9.609674e+05 8.734721e+02 -7.272216e+04 2.026238e+03 1.187887e+05
5.035473e-01 9.655299e+05 -4.566674e+02 -7.164750e+04 2.160682e+03 1.202492e+05
5.053425e-01 9.713617e+05 1.180243e+02 -7.775891e+04 -4.503853e+02 1.176001e+05
5.071378e-01 9.678584e+05 4.899702e+03 -7.637867e+04 -5.469991e+03 1.076780e+05
5.089338e-01 9.633386e+05 2.904120e+03 -7.573963e+04 3.553465e+03 1.070809e+05
5.107304e-01 9.618703e+05 3.751786e+02 -8.055885e+04 6.880366e+03 1.141294e+05
5.125264e-01 9.667780e+05 -3.185836e+02 -8.562128e+04 5.253919e+03 1.256314e+05
5.143202e-01 9.695912e+05 3.331682e+03 -8.378935e+04 -8.277753e+03 1.320693e+05
5.161135e-01 9.635478e+05 6.453638e+03 -7.252698e+04 -8.333881e+03 1.202963e+05
5.179077e-01 9.587112e+05 9.082738e+02 -7.033857e+04 9.933689e+02 1.047739e+05
5.197029e-01 9.589364e+05 1.503833e+03 -7.798277e+04 3.494152e+02 9.542728e+04
5.214989e-01 9.601438e+05 1.687048e+03 -8.305750e+04 6.910238e+02 8.978414e+04
5.232939e-01 9.617212e+05 1.779487e+03 -8.304250e+04 2.850751e+03 1.024069e+05
5.250894e-01 9.615401e+05 5.766577e+02 -8.366583e+04 5.279231e+03 1.120486e+05
5.268875e-01 9.645190e+05 1.145600e+03 -9.072312e+04 3.397583e+03 1.187233e+05
5.286829e-01 9.639963e+05 2.306099e+03 -9.669981e+04 -2.827329e+03 1.118518e+05
5.304764e-01 9.643977e+05 1.706321e+03 -9.647020e+04 -1.180550e+03 1.039582e+05
5.322718e-01 9.663458e+05 1.264158e+03 -9.510354e+04 -1.234572e+02 1.079965e+05
5.340665e-01 9.684076e+05 2.261892e+03 -8.671383e+04 -3.321546e+03 1.160472e+05
5.358628e-01 9.711326e+05 6.099537e+02 -8.046212e+04 4.407651e+03 1.311595e+05
5.376582e-01 9.740679e+05 1.600252e+03 -8.384546e+04 3.492301e+03 1.399115e+05
5.394517e-01 9.709357e+05 3.846025e+03 -8.445957e+04 -1.768768e+03 1.354847e+05
5.412446e-01 9.661704e+05 5.012910e+03 -8.376801e+04 -8.630592e+03 1.200954e+05
5.430425e-01 9.602560e+05 2.774149e+03 -7.991720e+04 -1.083149e+03 1.109149e+05
5.448396e-01 9.626699e+05 -2.275309e+01 -8.369891e+04 5.933135e+03 1.062080e+05
5.466312e-01 9.647706e+05 9.516300e+02 -9.012455e+04 3.676643e+03 1.116575e+05
5.484273e-01 9.668313e+05 1.230507e+03 -9.826273e+04 -1.136974e+03 1.147144e+05
5.502231e-01 9.678176e+05 3.020960e+03 -9.614256e+04 -6.688491e+03 1.035235e+05
5.520189e-01 9.667019e+05 3.425530e+03 -8.381421e+04 -6.287897e+03 9.989897e+04
5.538138e-01 9.668789e+05 8.760978e+02 -7.672779e+04 3.638329e+03 1.092118e+05
5.556067e-01 9.713438e+05 1.078688e+03 -7.841641e+04 3.438264e+03 1.220990e+05
5.574029e-01 9.704705e+05 4.038752e+03 -7.453665e+04 -1.386780e+03 1.295440e+05
5.591994e-01 9.675006e+05 1.637313e+03 -7.519242e+04 1.877688e+03 1.292526e+05
5.609943e-01 9.701234e+05 -4.411767e+02 -8.796000e+04 7.574675e+03 1.260981e+05
5.627890e-01 9.716957e+05 3.512791e+03 -9.305926e+04 -2.033060e+03 1.296294e+05
5.645865e-01 9.683056e+05 4.121541e+03 -8.405290e+04 -4.435399e+03 1.311786e+05
5.663833e-01 9.653751e+05 4.292708e+03 -7.467060e+04 -6.417092e+03 1.290274e+05
5.681768e-01 9.608279e+05 4.211606e+03 -6.378116e+04 -6.070087e+03 1.227409e+05
5.699714e-01 9.602505e+05 -1.182738e+03 -6.690077e+04 4.141825e+03 1.126855e+05
5.717666e-01 9.644430e+05 2.317589e+03 -7.747596e+04 -2.957529e+02 1.017412e+05
5.735604e-01 9.616980e+05 3.902618e+03 -7.413317e+04 -1.533367e+03 1.053223e+05
5.753547e-01 9.616262e+05 2.425371e+03 -6.671200e+04 2.541679e+03 1.158401e+05
5.771493e-01 9.627717e+05 1.027206e+02 -6.511129e+04 4.814486e+03 1.353992e+05
5.789465e-01 9.689676e+05 6.055889e+02 -7.261306e+04 4.038479e+03 1.420862e+05
5.807435e-01 9.676281e+05 4.614418e+03 -7.552433e+04 -6.810989e+03 1.338908e+05
5.825362e-01 9.584269e+05 5.871158e+03 -7.527496e+04 -6.932860e+03 1.125672e+05
5.843306e-01 9.549496e+05 8.967051e+02 -7.784232e+04 2.710045e+03 9.680282e+04
5.861281e-01 9.568611e+05 1.702972e+03 -8.302099e+04 1.359311e+03 9.446923e+04
5.879240e-01 9.576922e+05 2.535240e+03 -8.189195e+04 -5.943542e+02 1.028396e+05
5.897195e-01 9.611839e+05 7.170611e+02 -7.890161e+04 -6.654478e+02 1.039677e+05
5.915160e-01 9.623807e+05 2.476960e+03 -7.683685e+04 -2.129376e+03 9.792425e+04
5.933128e-01 9.621908e+05 1.707347e+03 -7.804316e+04 2.753624e+03 9.985291e+04
5.951052e-01 9.602271e+05 3.999080e+03 -8.032702e+04 5.727635e+02 1.021776e+05
5.968969e-01 9.565528e+05 3.038707e+03 -7.835053e+04 1.722706e+03 1.126882e+05
5.986941e-01 9.575112e+05 1.695535e+03 -7.634116e+04 2.002166e+03 1.226498e+05
6.004886e-01 9.586636e+05 2.384960e+03 -7.507735e+04 -7.920813e+02 1.261135e+05
6.022826e-01 9.570464e+05 2.848277e+03 -7.118025e+04 -6.093152e+03 1.219745e+05
6.040778e-01 9.598689e+05 1.713378e+03 -6.310774e+04 -5.998445e+03 1.067308e+05
6.058727e-01 9.609978e+05 1.947195e+03 -6.589836e+04 2.550347e+03 1.047449e+05
6.076682e-01 9.612712e+05 3.662558e+03 -6.409846e+04 -3.152138e+02 1.060764e+05
6.094636e-01 9.569015e+05 4.369694e+03 -6.188779e+04 -2.910203e+03 1.136664e+05
6.112608e-01 9.549862e+05 1.700233e+03 -6.002067e+04 1.034107e+03 1.050835e+05
6.130571e-01 9.548454e+05 2.734228e+03 -6.147965e+04 -3.532047e+03 9.514598e+04
6.148510e-01 9.512381e+05 4.563462e+03 -5.849929e+04 -8.144588e+03 8.324938e+04
6.166467e-01 9.508999e+05 1.612880e+03 -5.155543e+04 -3.244226e+03 7.350988e+04
6.184426e-01 9.551707e+05 4.765168e+02 -5.169406e+04 3.585955e+03 7.626488e+04
6.202383e-01 9.577564e+05 2.112691e+03 -5.467669e+04 4.640544e+03 8.072784e+04
6.220331e-01 9.564298e+05 3.338132e+03 -5.907771e+04 1.434201e+03 8.856943e+04
6.238256e-01 9.525081e+05 3.563700e+03 -6.144932e+04 -1.335292e+03 8.260380e+04
6.256207e-01 9.514769e+05 2.443429e+03 -6.291007e+04 -2.102421e+03 7.624231e+04
6.274180e-01 9.532222e+05 2.194798e+03 -6.069828e+04 -3.470329e+03 6.992999e+04
6.292132e-01 9.548559e+05 2.203492e+03 -5.259581e+04 -2.692393e+03 7.455020e+04
6.310070e-01 9.569944e+05 1.883456e+03 -4.572239e+04 -1.247363e+03 7.988316e+04
6.328016e-01 9.584008e+05 1.860628e+03 -4.675822e+04 2.243885e+03 7.806563e+04
6.345988e-01 9.589829e+05 1.053861e+03 -5.505944e+04 3.508798e+03 7.664233e+04
6.363935e-01 9.590812e+05 3.580206e+03 -6.130026e+04 -7.178787e+02 7.011774e+04
6.381885e-01 9.552025e+05 4.419910e+03 -5.401372e+04 -4.514750e+03 7.421005e+04
6.399844e-01 9.551437e+05 3.236467e+03 -4.178910e+04 -3.329665e+03 8.429791e+04
6.417790e-01 9.557394e+05 1.622305e+03 -2.973981e+04 -1.357332e+02 9.783876e+04
6.435737e-01 9.584046e+05 3.486311e+03 -2.262065e+04 -1.968721e+03 1.034075e+05
6.453671e-01 9.566169e+05 3.459598e+03 -1.979907e+04 -4.717731e+03 9.981595e+04
6.471630e-01 9.535167e+05 2.699196e+03 -2.203137e+04 -1.175879e+02 8.672038e+04
6.489575e-01 9.540578e+05 1.539627e+03 -3.223505e+04 4.694665e+03 7.885888e+04
6.507531e-01 9.543575e+05 1.913298e+03 -4.192847e+04 2.451730e+03 7.620548e+04
6.525500e-01 9.540209e+05 2.738531e+03 -4.524912e+04 3.553144e+02 7.126787e+04
6.543447e-01 9.519492e+05 4.259533e+03 -4.439332e+04 -4.136131e+03 6.902248e+04
6.561416e-01 9.482796e+05 3.189195e+03 -4.194175e+04 -6.996500e+01 6.909536e+04
6.579361e-01 9.505288e+05 9.745134e+02 -4.269087e+04 3.609938e+03 6.680030e+04
6.597296e-01 9.507328e+05 3.070846e+03 -4.507832e+04 -1.527121e+03 6.800375e+04
6.615260e-01 9.510014e+05 2.731707e+03 -4.277882e+04 -1.437278e+03 7.140333e+04
6.633228e-01 9.493139e+05 3.502413e+03 -4.251839e+04 -4.409790e+02 6.911127e+04
6.651187e-01 9.472748e+05 3.011663e+03 -4.409045e+04 4.024587e+02 6.701277e+04
6.669114e-01 9.453038e+05 3.510864e+03 -4.528250e+04 -2.995924e+03 5.988122e+04
6.687054e-01 9.465318e+05 3.242607e+02 -4.830049e+04 8.583356e+02 5.473972e+04
6.705023e-01 9.496197e+05 2.539225e+03 -4.900276e+04 -1.689594e+03 4.903680e+04
6.722992e-01 9.507922e+05 3.492628e+03 -4.361995e+04 -3.852310e+03 4.594503e+04
6.740944e-01 9.492639e+05 2.740597e+03 -3.963890e+04 -1.319738e+03 4.737302e+04
6.758872e-01 9.497166e+05 2.795204e+03 -4.108545e+04 -1.004064e+03 4.355968e+04
6.776825e-01 9.497874e+05 1.783475e+03 -4.150443e+04 1.423037e+03 4.143968e+04
6.794791e-01 9.501001e+05 3.908511e+03 -4.010272e+04 -2.406665e+02 4.761235e+04
6.812733e-01 9.488735e+05 2.861384e+03 -3.355042e+04 -2.378753e+02 5.838885e+04
6.830683e-01 9.490642e+05 3.376715e+03 -2.793222e+04 8.212719e+02 7.324659e+04
6.848621e-01 9.499682e+05 1.843645e+03 -2.809947e+04 1.675396e+03 7.746553e+04
6.866570e-01 9.497363e+05 3.029289e+03 -3.260469e+04 2.172125e+03 7.489004e+04
6.884537e-01 9.476236e+05 2.680433e+03 -3.985942e+04 -1.008448e+03 6.888298e+04
6.902501e-01 9.454288e+05 4.152833e+03 -3.817138e+04 -4.038844e+03 5.999863e+04
6.920470e-01 9.431474e+05 4.094366e+03 -3.040445e+04 -2.769252e+03 6.182861e+04
6.938409e-01 9.450086e+05 2.090758e+03 -2.352960e+04 -2.049271e+03 6.628817e+04
6.956343e-01 9.449808e+05 3.500982e+03 -1.885249e+04 -2.596712e+03 6.716122e+04
6.974295e-01 9.449285e+05 1.426239e+03 -2.035218e+04 3.114365e+03 6.682851e+04
6.992264e-01 9.491099e+05 5.135864e+02 -3.001676e+04 3.714655e+03 5.431183e+04
7.010216e-01 9.486252e+05 4.399712e+03 -3.734608e+04 -5.144392e+03 4.893610e+04
7.028157e-01 9.450307e+05 4.792366e+03 -2.950039e+04 -4.633169e+03 4.140663e+04
7.046118e-01 9.422214e+05 2.512430e+03 -2.390442e+04 1.436823e+03 4.742574e+04
7.064070e-01 9.442287e+05 2.175260e+03 -2.478544e+04 2.499086e+03 5.092182e+04
7.082001e-01 9.436860e+05 2.906164e+03 -2.573584e+04 2.069080e+02 5.628654e+04
7.099950e-01 9.466112e+05 4.876005e+01 -3.124040e+04 5.020662e+03 6.033212e+04
7.117916e-01 9.517611e+05 2.646999e+03 -3.675807e+04 -1.429227e+02 5.611945e+04
7.135857e-01 9.488944e+05 4.354746e+03 -3.221135e+04 -3.506415e+03 6.005721e+04
7.153810e-01 9.473624e+05 3.551019e+03 -2.579124e+04 -3.285946e+03 5.744417e+04
7.171769e-01 9.458761e+05 3.793908e+03 -2.219142e+04 -2.385330e+03 5.290551e+04
7.189721e-01 9.431232e+05 4.493791e+03 -2.152978e+04 -4.437835e+03 4.027978e+04
7.207688e-01 9.389472e+05 3.644193e+03 -2.228288e+04 -1.537344e+03 3.148278e+04
7.225642e-01 9.389215e+05 9.147729e+02 -2.715047e+04 5.990507e+03 3.066703e+04
7.243583e-01 9.426039e+05 1.593582e+03 -3.494370e+04 4.944186e+03 3.633437e+04
7.261538e-01 9.430931e+05 3.819375e+03 -3.328104e+04 -3.012089e+03 4.569892e+04
7.279497e-01 9.431918e+05 2.353646e+03 -2.665408e+04 -2.378138e+03 4.631615e+04
7.297435e-01 9.453162e+05 3.277566e+03 -2.569054e+04 -4.024882e+03 4.093380e+04
7.315366e-01 9.417565e+05 5.461567e+03 -1.720452e+04 -3.611023e+03 4.192437e+04
7.333339e-01 9.396951e+05 2.084264e+03 -1.529733e+04 3.027244e+03 4.912421e+04
7.351305e-01 9.419933e+05 2.967568e+03 -1.287757e+04 4.648247e+02 5.856711e+04
7.369246e-01 9.432901e+05 2.707787e+03 -9.463907e+03 -2.815503e+02 6.507729e+04
7.387207e-01 9.431545e+05 3.365511e+03 -1.179179e+04 -2.390410e+03 5.890774e+04
7.405164e-01 9.406786e+05 3.487462e+03 -1.099221e+04 -3.297336e+03 4.546700e+04
7.423108e-01 9.404456e+05 1.615598e+03 -1.603290e+04 1.712779e+03 3.582479e+04
7.441040e-01 9.433083e+05 1.445641e+03 -2.068938e+04 1.969396e+03 2.858468e+04
7.458996e-01 9.458024e+05 3.188793e+03 -1.788171e+04 -3.056527e+03 3.352552e+04
7.476955e-01 9.455082e+05 3.338570e+03 -1.244194e+04 -1.007122e+02 4.181144e+04
7.494882e-01 9.470852e+05 2.297794e+03 -1.280892e+04 3.296765e+03 4.794789e+04
7.512836e-01 9.443140e+05 5.155099e+03 -1.384217e+04 -1.948129e+03 4.323775e+04
7.530799e-01 9.387767e+05 5.003091e+03 -1.742489e+04 -4.042199e+03 3.340907e+04
7.548749e-01 9.356289e+05 2.705408e+03 -1.591360e+04 -8.544605e+02 2.238361e+04
7.566699e-01 9.375101e+05 2.231869e+03 -1.911524e+04 8.287253e+02 1.825892e+04
7.584671e-01 9.383028e+05 3.718924e+03 -1.491033e+04 -1.592033e+03 2.386832e+04
7.602633e-01 9.388354e+05 2.731965e+03 -8.359142e+03 -2.816225e+03 2.779399e+04
7.620571e-01 9.406611e+05 2.347171e+03 -6.010260e+03 -9.159985e+02 2.510770e+04
7.638531e-01 9.409209e+05 2.734267e+03 -6.785333e+03 1.113648e+02 2.004541e+04
7.656499e-01 9.400863e+05 3.262170e+03 -1.204643e+04 2.906727e+03 2.166145e+04
7.674455e-01 9.397371e+05 2.557390e+03 -1.449051e+04 3.238804e+03 2.429052e+04
7.692400e-01 9.395911e+05 3.677413e+03 -1.517503e+04 7.296277e+02 3.595998e+04
7.710340e-01 9.394038e+05 3.080895e+03 -1.336572e+04 1.927604e+03 4.335431e+04
7.728276e-01 9.414124e+05 1.793239e+03 -1.905726e+04 3.437805e+03 4.684118e+04
7.746220e-01 9.413944e+05 4.013276e+03 -2.059192e+04 -3.664721e+03 4.302301e+04
7.764173e-01 9.375971e+05 5.257052e+03 -1.805378e+04 -6.097581e+03 3.162724e+04
7.782136e-01 9.344716e+05 3.657137e+03 -1.640735e+04 -1.428559e+03 2.429592e+04
7.800117e-01 9.354756e+05 1.008974e+03 -1.649984e+04 3.657517e+03 2.094538e+04
7.818056e-01 9.386340e+05 2.528762e+03 -2.057355e+04 -2.542096e+03 2.010361e+04
7.835979e-01 9.384229e+05 3.392844e+03 -1.705166e+04 -1.547438e+03 1.928053e+04
7.853947e-01 9.369201e+05 5.035927e+03 -1.392915e+04 -2.670450e+03 1.487658e+04
7.871903e-01 9.340999e+05 3.591020e+03 -9.118507e+03 1.071170e+02 2.103034e+04
7.889853e-01 9.361872e+05 1.448192e+03 -1.067747e+04 4.308849e+03 2.562354e+04
7.907819e-01 9.371974e+05 4.620763e+03 -8.948637e+03 -4.089902e+03 2.756762e+04
7.925772e-01 9.351029e+05 3.209604e+03 -3.989670e+03 -4.220521e+03 2.471445e+04
7.943719e-01 9.374930e+05 1.624401e+03 -5.355165e+03 6.788155e+02 1.451398e+04
7.961659e-01 9.399153e+05 2.443832e+03 -1.159067e+04 9.361598e+02 9.125637e+03
7.979598e-01 9.397026e+05 3.268131e+03 -1.288316e+04 2.248023e+03 1.069555e+04
7.997559e-01 9.382596e+05 4.127509e+03 -1.384304e+04 -7.909551e+02 1.195742e+04
8.015520e-01 9.373971e+05 2.919481e+03 -1.230878e+04 8.020096e+02 1.780311e+04
8.033475e-01 9.382664e+05 3.428527e+03 -1.230178e+04 -2.574435e+03 1.124938e+04
8.051404e-01 9.364686e+05 4.451276e+03 -9.471021e+03 -3.713408e+03 8.023351e+03
8.069349e-01 9.349923e+05 3.153694e+03 -9.841782e+03 1.262939e+03 3.765094e+03
8.087329e-01 9.347116e+05 2.834207e+03 -1.467623e+04 2.398126e+03 5.721767e+03
8.105286e-01 9.347152e+05 3.942897e+03 -1.324859e+04 -1.494796e+02 1.173409e+04
8.123233e-01 9.344902e+05 3.100908e+03 -1.042995e+04 1.073183e+03 1.796489e+04
8.141188e-01 9.343246e+05 3.256713e+03 -9.864040e+03 1.438001e+03 2.401745e+04
8.159142e-01 9.357129e+05 2.312618e+03 -1.109372e+04 -1.013045e+02 2.346007e+04
8.177087e-01 9.365389e+05 3.759045e+03 -8.805021e+03 -3.727891e+03 2.027081e+04
8.195037e-01 9.366836e+05 2.866519e+03 -8.682744e+03 -3.143226e+02 1.479339e+04
8.212995e-01 9.378883e+05 3.319672e+03 -8.116563e+03 4.807051e+02 1.479606e+04
8.230953e-01 9.350084e+05 4.589921e+03 -7.297505e+03 -6.389639e+02 1.664860e+04
8.248902e-01 9.326383e+05 3.782117e+03 -9.252386e+03 3.156182e+03 1.922596e+04
8.266848e-01 9.303818e+05 4.359498e+03 -1.151464e+04 -1.349078e+03 1.817578e+04
8.284792e-01 9.284420e+05 3.412955e+03 -1.083754e+04 -2.114923e+03 1.835081e+04
8.302734e-01 9.323464e+05 -1.249853e+02 -1.394424e+04 4.343367e+03 1.869406e+04
8.320692e-01 9.390985e+05 1.554524e+03 -1.701329e+04 2.601302e+03 2.420353e+04
8.338654e-01 9.424230e+05 2.820300e+03 -1.926259e+04 2.551645e+03 3.421928e+04
8.356607e-01 9.407536e+05 5.020733e+03 -1.659993e+04 -3.353883e+03 3.452101e+04
8.374562e-01 9.366503e+05 5.799194e+03 -1.052487e+04 -6.974732e+03 2.521779e+04
8.392510e-01 9.331059e+05 3.630642e+03 -6.280909e+03 -2.017109e+03 1.579947e+04
8.410464e-01 9.359188e+05 1.445460e+03 -1.117893e+04 4.692042e+03 1.068318e+04
8.428427e-01 9.372766e+05 2.970587e+03 -1.612551e+04 8.716277e+02 1.616142e+04
8.446371e-01 9.364932e+05 4.974061e+03 -1.309909e+04 -3.431187e+03 1.581905e+04
8.464320e-01 9.329139e+05 5.315670e+03 -7.407191e+03 -3.512405e+03 1.579997e+04
8.482278e-01 9.307438e+05 3.032730e+03 -6.057958e+03 2.444619e+03 1.735659e+04
8.500227e-01 9.323539e+05 1.883349e+03 -9.977528e+03 5.050756e+03 2.098424e+04
8.518177e-01 9.341086e+05 2.922164e+03 -1.349665e+04 1.754218e+01 2.603541e+04
8.536137e-01 9.350673e+05 3.814712e+03 -1.148604e+04 -2.133935e+03 2.444030e+04
8.554088e-01 9.338041e+05 3.907212e+03 -7.210238e+03 -2.091548e+03 2.436022e+04
8.572024e-01 9.352186e+05 2.304510e+03 -8.333511e+03 1.352593e+03 2.337467e+04
8.589967e-01 9.364709e+05 3.343395e+03 -7.573618e+03 -3.552664e+02 2.444248e+04
8.607918e-01 9.373048e+05 3.459232e+03 -6.926001e+03 -6.246636e+02 2.968395e+04
8.625869e-01 9.358486e+05 5.317223e+03 -1.409755e+03 -4.791057e+03 3.007951e+04
8.643824e-01 9.347121e+05 3.405453e+03 4.109902e+03 -1.761106e+03 2.453310e+04
8.661785e-01 9.347438e+05 3.452805e+03 4.722934e+03 7.332457e+01 2.274118e+04
8.679743e-01 9.334105e+05 3.922528e+03 9.588660e+02 3.404340e+02 1.694392e+04
8.697706e-01 9.328046e+05 4.460595e+03 1.389520e+02 -2.756727e+03 1.133506e+04
8.715653e-01 9.299049e+05 3.481729e+03 8.010801e+02 2.019868e+02 7.359707e+03
8.733592e-01 9.318021e+05 2.629211e+03 -2.353878e+03 1.971439e+03 5.565155e+03
8.751548e-01 9.318270e+05 3.384634e+03 -3.838784e+03 3.839993e+02 8.365966e+03
8.769502e-01 9.320973e+05 3.252165e+03 -8.701042e+03 2.879304e+03 1.033823e+04
8.787466e-01 9.318166e+05 3.529191e+03 -1.124084e+04 1.580941e+03 1.077342e+04
8.805415e-01 9.320959e+05 3.901858e+03 -1.354115e+04 -4.523482e+02 1.315748e+04
8.823359e-01 9.320135e+05 3.459019e+03 -1.036807e+04 -2.167319e+03 1.321410e+04
8.841313e-01 9.318336e+05 3.679809e+03 -4.465441e+03 -8.466550e+02 1.573020e+04
8.859273e-01 9.326258e+05 3.748703e+03 -1.469322e+03 -7.480797e+01 1.677028e+04
8.877230e-01 9.323054e+05 3.459028e+03 -5.529341e+02 -2.024723e+03 1.768846e+04
8.895175e-01 9.336377e+05 3.021906e+03 -1.780159e+03 -1.360951e+03 1.083991e+04
8.913122e-01 9.336505e+05 3.540744e+03 -5.405635e+03 1.494846e+02 4.784463e+03
8.931078e-01 9.330624e+05 3.527905e+03 -9.111589e+03 3.421415e+03 4.930546e+03
8.949034e-01 9.339800e+05 3.021063e+03 -1.156087e+04 3.070628e+03 9.011284e+03
8.966974e-01 9.346632e+05 3.634767e+03 -1.278792e+04 -1.384275e+03 1.413224e+04
8.984931e-01 9.339337e+05 3.948687e+03 -1.022545e+04 -8.492810e+02 1.615026e+04
9.002874e-01 9.355412e+05 2.540637e+03 -1.164424e+04 3.062898e+03 1.828889e+04
9.020815e-01 9.373943e+05 3.286717e+03 -1.368821e+04 -1.943580e+03 1.708584e+04
9.038774e-01 9.363265e+05 5.445001e+03 -8.403086e+03 -5.266977e+03 1.369173e+04
9.056723e-01 9.355056e+05 3.319927e+03 -2.989937e+03 -8.449449e+02 1.125876e+04
9.074684e-01 9.351082e+05 4.669200e+03 -1.592859e+03 -6.636230e+02 9.639443e+03
9.092635e-01 9.327436e+05 4.368846e+03 1.203129e+02 -7.929827e+02 1.296814e+04
9.110582e-01 9.330777e+05 3.142004e+03 -3.564112e+02 -3.987729e+02 8.454442e+03
9.128546e-01 9.343148e+05 3.011746e+03 -9.292874e+02 -6.638739e+02 7.015026e+03
9.146502e-01 9.356585e+05 3.646938e+03 -3.454834e+03 1.290806e+03 4.912672e+03
9.164437e-01 9.355186e+05 3.356926e+03 -2.789063e+03 1.347193e+03 8.619125e+03
9.182390e-01 9.346222e+05 5.410531e+03 -1.908466e+03 -1.299917e+03 1.134237e+04
