# k, q0, q1/i, q2, q3/i, q4, norm, alpha = 0.2755865845459939, 0.020160886971027085
0.000000e+00 1.239704e+10 0.000000e+00 0.000000e+00 0.000000e+00 -2.613787e+09
2.542755e-03 6.077472e+09 4.391934e+09 6.479455e+08 9.230164e+08 -6.487628e+08
4.308321e-03 2.016708e+09 1.491773e+09 1.697068e+09 2.589386e+09 -1.673933e+09
6.127972e-03 5.416436e+08 1.413888e+08 1.414988e+09 1.898506e+09 -1.088656e+09
7.953317e-03 1.386374e+08 -2.636289e+07 4.234899e+08 5.130062e+08 -8.222377e+07
9.814571e-03 3.792235e+07 -1.633008e+07 4.447743e+07 5.095147e+07 6.406964e+07
1.156539e-02 1.588298e+07 6.743937e+06 -2.088741e+07 -1.508507e+07 3.302227e+07
1.336205e-02 1.147638e+07 8.087984e+06 6.840924e+06 1.701208e+07 1.523295e+07
1.519307e-02 1.114208e+07 3.732358e+06 2.464681e+07 2.176803e+07 3.522282e+07
1.700413e-02 7.775687e+06 3.123904e+05 1.990825e+07 1.031742e+07 3.813016e+07
1.878921e-02 3.831845e+06 -1.347535e+06 8.122421e+06 1.422668e+06 2.195207e+07
2.056181e-02 1.591782e+06 -6.466756e+05 2.134489e+05 -9.121744e+05 6.628435e+06
2.237315e-02 9.290094e+05 4.073132e+05 -1.364970e+06 2.269656e+05 1.437004e+06
2.420702e-02 1.147770e+06 7.212078e+05 1.201700e+06 1.887727e+06 3.932186e+06
2.604330e-02 1.305477e+06 3.457658e+05 3.248350e+06 1.939826e+06 6.895153e+06
2.781707e-02 1.082034e+06 -1.031695e+05 2.992310e+06 7.642599e+05 6.740071e+06
2.956466e-02 6.289952e+05 -2.551995e+05 1.280074e+06 -1.633498e+05 4.014558e+06
3.136513e-02 2.834323e+05 -1.265508e+05 -6.997653e+04 -2.835305e+05 1.281336e+06
3.317513e-02 2.106745e+05 8.783824e+04 -2.706244e+05 1.005448e+05 5.109222e+05
3.497165e-02 2.915427e+05 1.687338e+05 3.417030e+05 4.525453e+05 1.244466e+06
3.677184e-02 3.541664e+05 8.638625e+04 8.754082e+05 4.323433e+05 2.084831e+06
3.856197e-02 3.115907e+05 -3.077101e+04 8.030756e+05 1.361908e+05 2.031573e+06
4.034231e-02 1.974399e+05 -7.921067e+04 3.594109e+05 -8.875420e+04 1.262392e+06
4.214741e-02 9.758355e+04 -4.453811e+04 -4.446695e+04 -9.870991e+04 4.449373e+05
4.395085e-02 7.774995e+04 2.245560e+04 -1.168552e+05 3.774289e+04 2.111326e+05
4.574462e-02 1.059119e+05 5.182345e+04 7.741609e+04 1.391561e+05 4.662948e+05
4.755674e-02 1.311352e+05 2.800183e+04 2.582558e+05 1.210989e+05 7.609987e+05
4.935944e-02 1.179824e+05 -1.248104e+04 2.551048e+05 2.435242e+04 7.508081e+05
5.113615e-02 7.792170e+04 -2.903463e+04 9.689792e+04 -4.703138e+04 4.637321e+05
5.293674e-02 4.354301e+04 -1.374175e+04 -4.215545e+04 -3.821301e+04 1.798266e+05
5.472727e-02 3.686211e+04 1.065233e+04 -5.543652e+04 1.755022e+04 1.103329e+05
5.651697e-02 4.987323e+04 2.192167e+04 3.334180e+04 5.815206e+04 2.304823e+05
5.831477e-02 6.127769e+04 1.113115e+04 1.092729e+05 4.568584e+04 3.585482e+05
6.011451e-02 5.527118e+04 -6.424771e+03 1.029975e+05 3.974573e+03 3.442193e+05
6.191171e-02 3.815299e+04 -1.370848e+04 3.219990e+04 -2.520862e+04 2.139173e+05
6.370712e-02 2.347138e+04 -5.757585e+03 -2.795571e+04 -1.738679e+04 8.885698e+04
6.550732e-02 2.091958e+04 6.930310e+03 -2.737177e+04 1.164621e+04 6.704511e+04
6.729498e-02 2.818341e+04 1.124924e+04 1.934353e+04 2.883955e+04 1.355599e+05
6.908598e-02 3.316341e+04 5.284258e+03 5.730111e+04 2.101080e+04 1.954417e+05
7.088188e-02 3.048203e+04 -4.199921e+03 5.217039e+04 -1.190724e+03 1.861606e+05
7.268232e-02 2.109062e+04 -7.544117e+03 1.185361e+04 -1.402362e+04 1.120375e+05
7.447792e-02 1.341653e+04 -3.076893e+03 -2.007935e+04 -8.184892e+03 4.581365e+04
7.627282e-02 1.301711e+04 3.894964e+03 -1.789316e+04 7.700321e+03 4.023794e+04
7.807562e-02 1.746371e+04 6.416795e+03 1.007043e+04 1.648576e+04 8.250529e+04
7.988558e-02 2.088708e+04 2.883485e+03 3.250528e+04 1.103457e+04 1.195683e+05
8.168049e-02 1.901704e+04 -2.690596e+03 2.837666e+04 -2.453345e+03 1.118284e+05
8.345709e-02 1.323999e+04 -4.447358e+03 4.980070e+03 -9.240201e+03 6.699134e+04
8.524436e-02 8.788485e+03 -1.648902e+03 -1.348957e+04 -4.913045e+03 2.891938e+04
8.704550e-02 8.694305e+03 2.631246e+03 -1.081004e+04 5.377365e+03 2.744315e+04
8.884478e-02 1.191363e+04 4.194761e+03 7.655893e+03 1.088458e+04 5.664438e+04
9.064103e-02 1.420845e+04 1.815418e+03 2.231486e+04 7.002887e+03 8.115605e+04
9.243897e-02 1.303972e+04 -1.738016e+03 1.989431e+04 -1.429593e+03 7.602265e+04
9.423607e-02 9.481510e+03 -3.108921e+03 4.402938e+03 -6.344328e+03 4.730496e+04
9.603871e-02 6.455986e+03 -1.296027e+03 -8.701069e+03 -3.571743e+03 2.090296e+04
9.782410e-02 6.229926e+03 1.550447e+03 -8.058356e+03 3.089990e+03 1.846512e+04
9.961474e-02 8.155123e+03 2.701120e+03 3.205179e+03 6.718724e+03 3.616307e+04
1.014127e-01 9.653469e+03 1.258432e+03 1.291272e+04 4.417664e+03 5.226729e+04
1.031985e-01 9.019537e+03 -1.039817e+03 1.187026e+04 -1.082991e+03 4.957211e+04
1.049957e-01 6.680301e+03 -1.894582e+03 2.160984e+03 -4.260352e+03 3.107652e+04
1.067952e-01 4.667779e+03 -8.266320e+02 -6.510867e+03 -2.487485e+03 1.387748e+04
1.085930e-01 4.460255e+03 9.882480e+02 -5.993392e+03 1.900960e+03 1.203307e+04
1.103885e-01 5.811580e+03 1.775098e+03 1.481792e+03 4.304865e+03 2.414479e+04
1.121821e-01 6.791303e+03 8.657617e+02 8.337566e+03 2.750887e+03 3.511150e+04
1.139837e-01 6.421865e+03 -7.133878e+02 7.777458e+03 -8.722866e+02 3.382421e+04
1.157773e-01 4.913576e+03 -1.380863e+03 1.213405e+03 -2.907538e+03 2.140792e+04
1.175730e-01 3.625341e+03 -5.939697e+02 -4.523566e+03 -1.638728e+03 9.900798e+03
1.193666e-01 3.523214e+03 7.328828e+02 -4.260059e+03 1.339357e+03 8.913800e+03
1.211543e-01 4.392072e+03 1.309038e+03 1.218501e+03 3.085203e+03 1.733147e+04
1.229561e-01 5.181422e+03 6.643839e+02 6.180835e+03 2.025873e+03 2.545305e+04
1.247542e-01 5.006269e+03 -4.470700e+02 6.124050e+03 -5.950832e+02 2.490360e+04
1.265466e-01 3.935061e+03 -9.484926e+02 1.598872e+03 -2.169730e+03 1.625675e+04
1.283363e-01 2.891479e+03 -4.998963e+02 -2.836118e+03 -1.424163e+03 7.420465e+03
1.301269e-01 2.645251e+03 3.348150e+02 -3.414136e+03 5.643167e+02 5.481424e+03
1.319334e-01 3.151205e+03 6.958754e+02 -4.036848e+02 1.775517e+03 1.012950e+04
1.337370e-01 3.684822e+03 3.600031e+02 2.513230e+03 1.136967e+03 1.514947e+04
1.355323e-01 3.527709e+03 -2.760317e+02 2.428848e+03 -5.093321e+02 1.462187e+04
1.373301e-01 2.811879e+03 -5.398024e+02 -3.583597e+02 -1.369805e+03 9.222211e+03
1.391197e-01 2.242219e+03 -1.846075e+02 -2.613493e+03 -6.402064e+02 4.484522e+03
1.409058e-01 2.291060e+03 4.160105e+02 -2.064308e+03 8.467820e+02 4.892560e+03
1.427003e-01 2.800409e+03 6.349738e+02 8.331637e+02 1.634896e+03 9.562137e+03
1.444928e-01 3.237858e+03 2.935096e+02 3.253507e+03 9.119391e+02 1.374123e+04
1.462886e-01 3.092841e+03 -2.632806e+02 3.041659e+03 -4.465359e+02 1.323284e+04
1.480924e-01 2.508489e+03 -5.440980e+02 5.381003e+02 -1.174813e+03 8.474079e+03
1.498892e-01 2.040586e+03 -2.741109e+02 -1.802091e+03 -6.133371e+02 4.025060e+03
1.516798e-01 2.026140e+03 2.437757e+02 -1.829726e+03 5.020259e+02 3.547992e+03
1.534759e-01 2.347544e+03 5.161793e+02 2.389269e+02 1.110954e+03 6.785261e+03
1.552766e-01 2.651508e+03 2.731561e+02 2.231356e+03 6.770428e+02 1.012465e+04
1.570706e-01 2.602926e+03 -1.581832e+02 2.331889e+03 -2.812436e+02 1.006589e+04
1.588578e-01 2.201557e+03 -3.674680e+02 6.287165e+02 -8.847581e+02 6.836322e+03
1.606585e-01 1.794911e+03 -2.165016e+02 -1.120953e+03 -5.488815e+02 3.386003e+03
1.624649e-01 1.716635e+03 1.360802e+02 -1.357275e+03 2.687312e+02 2.648446e+03
1.642557e-01 1.943374e+03 3.102003e+02 -1.284668e+02 7.554042e+02 4.689506e+03
1.660459e-01 2.179600e+03 1.795407e+02 1.186349e+03 5.344004e+02 6.932957e+03
1.678421e-01 2.172323e+03 -1.046872e+02 1.311050e+03 -1.458003e+02 7.137282e+03
1.696353e-01 1.914272e+03 -2.494298e+02 2.304303e+02 -5.568754e+02 5.055974e+03
1.714286e-01 1.657582e+03 -1.485418e+02 -9.328322e+02 -3.836262e+02 2.839800e+03
1.732198e-01 1.597985e+03 5.870511e+01 -1.146283e+03 1.285309e+02 2.214255e+03
1.750152e-01 1.722588e+03 1.729283e+02 -4.815524e+02 4.205226e+02 3.263352e+03
1.768177e-01 1.829881e+03 8.601047e+01 1.770285e+02 2.065929e+02 4.367925e+03
1.786121e-01 1.759567e+03 -7.843880e+01 7.208898e+01 -1.892115e+02 4.041358e+03
1.804030e-01 1.589152e+03 -1.303885e+02 -6.395129e+02 -3.738896e+02 2.642142e+03
1.822028e-01 1.456267e+03 2.478721e+00 -1.084698e+03 -1.430776e+02 1.608725e+03
1.839998e-01 1.482159e+03 1.544237e+02 -7.538682e+02 2.768098e+02 2.022942e+03
1.857937e-01 1.627181e+03 1.593521e+02 9.636448e+01 4.079493e+02 3.368461e+03
1.875926e-01 1.713635e+03 2.583684e+01 6.198029e+02 1.215427e+02 4.225261e+03
1.893867e-01 1.638855e+03 -1.310031e+02 2.690546e+02 -2.560100e+02 3.612097e+03
1.911794e-01 1.470603e+03 -1.437210e+02 -5.195505e+02 -3.024199e+02 2.125672e+03
1.929763e-01 1.405148e+03 5.763289e+00 -9.115787e+02 1.466983e+01 1.346891e+03
1.947689e-01 1.497922e+03 1.905764e+02 -3.730665e+02 4.235104e+02 2.198580e+03
1.965614e-01 1.688434e+03 2.285663e+02 6.998655e+02 5.284929e+02 4.026380e+03
1.983545e-01 1.792001e+03 6.766514e+01 1.386954e+03 1.894880e+02 5.189113e+03
2.001492e-01 1.709131e+03 -1.226871e+02 1.129707e+03 -2.792390e+02 4.624505e+03
2.019476e-01 1.504471e+03 -1.934504e+02 1.642411e+02 -4.545931e+02 2.842026e+03
2.037448e-01 1.338651e+03 -8.336982e+01 -6.140076e+02 -1.852072e+02 1.340300e+03
2.055436e-01 1.335630e+03 8.823714e+01 -5.912702e+02 2.191581e+02 1.278398e+03
2.073409e-01 1.462113e+03 1.729910e+02 1.190532e+02 3.964099e+02 2.466760e+03
2.091331e-01 1.561756e+03 9.856308e+01 7.720537e+02 2.331664e+02 3.626948e+03
2.109295e-01 1.545934e+03 -5.711744e+01 7.814662e+02 -8.548630e+01 3.589991e+03
2.127243e-01 1.419722e+03 -1.345421e+02 1.846438e+02 -2.730172e+02 2.472364e+03
2.145132e-01 1.294326e+03 -8.541924e+01 -4.448203e+02 -1.927147e+02 1.298666e+03
2.163084e-01 1.255377e+03 2.430269e+01 -6.129325e+02 4.050924e+01 9.453171e+02
2.181043e-01 1.294552e+03 8.258264e+01 -3.279253e+02 1.624035e+02 1.404989e+03
2.198991e-01 1.336515e+03 3.997398e+01 -1.421539e+01 7.400764e+01 1.882894e+03
2.216975e-01 1.312453e+03 -3.189496e+01 -5.337062e+01 -9.248898e+01 1.738933e+03
2.234966e-01 1.250507e+03 -5.254911e+01 -3.480732e+02 -1.210634e+02 1.185197e+03
2.252970e-01 1.230820e+03 1.231048e+01 -4.814427e+02 5.315900e+01 8.775696e+02
2.270852e-01 1.290294e+03 1.137572e+02 -1.585163e+02 2.407409e+02 1.373604e+03
2.288723e-01 1.386111e+03 1.249184e+02 4.511083e+02 2.778427e+02 2.427944e+03
2.306695e-01 1.454543e+03 2.970509e+01 8.491427e+02 1.281093e+02 3.134715e+03
2.324665e-01 1.428514e+03 -7.620103e+01 7.195795e+02 -1.253082e+02 2.899909e+03
2.342627e-01 1.311062e+03 -1.138309e+02 1.653900e+02 -2.562465e+02 1.905252e+03
2.360563e-01 1.199351e+03 -6.841322e+01 -3.345519e+02 -1.503499e+02 9.504503e+02
2.378553e-01 1.180487e+03 1.344141e+01 -4.641336e+02 4.701373e+01 6.999971e+02
2.396569e-01 1.231540e+03 6.214875e+01 -2.282567e+02 1.532912e+02 1.103694e+03
2.414498e-01 1.279156e+03 3.909007e+01 4.006653e+01 6.864947e+01 1.534530e+03
2.432397e-01 1.259981e+03 -2.441238e+01 4.798239e+01 -8.157330e+01 1.506110e+03
2.450345e-01 1.200594e+03 -4.394995e+01 -1.888355e+02 -1.358613e+02 1.014427e+03
2.468308e-01 1.145297e+03 -1.398661e+01 -3.914366e+02 -3.900716e+01 6.376245e+02
2.486244e-01 1.152143e+03 3.335437e+01 -3.335852e+02 1.152455e+02 7.085240e+02
2.504185e-01 1.206771e+03 6.338687e+01 -6.285805e+01 1.588947e+02 1.178286e+03
2.522154e-01 1.239844e+03 3.143068e+01 1.747444e+02 5.222953e+01 1.585380e+03
2.540114e-01 1.223140e+03 -1.862670e+01 1.655394e+02 -8.615750e+01 1.506344e+03
2.558058e-01 1.162415e+03 -3.844525e+01 -5.201758e+01 -1.504896e+02 1.032704e+03
2.576012e-01 1.119956e+03 -2.514227e+01 -2.605177e+02 -7.148779e+01 6.157767e+02
2.593962e-01 1.128623e+03 6.976302e+00 -2.753718e+02 5.141574e+01 5.432084e+02
2.611937e-01 1.161482e+03 4.109022e+01 -1.203937e+02 8.817195e+01 8.061441e+02
2.629942e-01 1.166992e+03 1.170397e+01 -3.019522e+00 3.364999e+01 1.030050e+03
2.647885e-01 1.153961e+03 -3.100135e+01 -6.496564e+01 -4.286745e+01 9.314609e+02
2.665811e-01 1.129628e+03 -2.624440e+01 -2.155220e+02 -6.543365e+01 6.671348e+02
2.683801e-01 1.117321e+03 1.216569e+01 -2.638546e+02 8.652168e+00 5.505509e+02
2.701729e-01 1.137928e+03 4.825935e+01 -1.295423e+02 9.844088e+01 7.592185e+02
2.719632e-01 1.172352e+03 4.004402e+01 9.030352e+01 1.053470e+02 1.127886e+03
2.737587e-01 1.188330e+03 -1.805396e+00 1.674347e+02 1.318845e+01 1.268037e+03
2.755578e-01 1.160094e+03 -3.652829e+01 3.675614e+01 -9.115566e+01 1.027052e+03
2.773550e-01 1.116209e+03 -2.960747e+01 -1.853479e+02 -9.298244e+01 6.103161e+02
2.791459e-01 1.091933e+03 1.265857e+01 -2.660925e+02 6.370762e+00 4.217518e+02
2.809385e-01 1.117865e+03 4.626093e+01 -1.202486e+02 1.137290e+02 6.567490e+02
2.827312e-01 1.175805e+03 4.356823e+01 1.397632e+02 1.167687e+02 1.108875e+03
2.845296e-01 1.202160e+03 5.973579e+00 2.731435e+02 2.243288e+01 1.332269e+03
2.863269e-01 1.180301e+03 -4.518951e+01 1.511701e+02 -8.902412e+01 1.135188e+03
2.881173e-01 1.131825e+03 -4.466005e+01 -1.012278e+02 -1.032393e+02 6.630027e+02
2.899148e-01 1.093994e+03 1.239194e+00 -2.525371e+02 -2.495511e+01 3.683688e+02
2.917136e-01 1.097491e+03 4.469555e+01 -1.614938e+02 8.978723e+01 5.128408e+02
2.935083e-01 1.134754e+03 5.011907e+01 7.917087e+01 1.151885e+02 9.119319e+02
2.953064e-01 1.166188e+03 8.008867e+00 2.279984e+02 4.251286e+01 1.194448e+03
2.971025e-01 1.159207e+03 -3.029535e+01 1.672046e+02 -6.944305e+01 1.079285e+03
2.988941e-01 1.107235e+03 -3.616451e+01 -4.926274e+01 -1.033157e+02 6.776999e+02
3.006873e-01 1.070706e+03 -1.382484e+01 -2.036053e+02 -3.251765e+01 3.594554e+02
3.024817e-01 1.078682e+03 3.264179e+01 -1.623581e+02 6.225778e+01 4.069878e+02
3.042771e-01 1.112753e+03 4.672787e+01 2.934826e+01 1.069701e+02 7.677092e+02
3.060756e-01 1.146222e+03 1.760851e+01 1.972424e+02 6.326363e+01 1.074310e+03
3.078722e-01 1.144609e+03 -2.329667e+01 1.755125e+02 -3.402707e+01 1.025533e+03
3.096648e-01 1.106077e+03 -3.073845e+01 6.343628e+00 -1.009964e+02 7.151642e+02
3.114599e-01 1.068296e+03 -2.106592e+01 -1.649705e+02 -5.926801e+01 3.907487e+02
3.132555e-01 1.069495e+03 8.434038e+00 -1.901380e+02 1.888370e+01 3.140972e+02
3.150527e-01 1.092064e+03 3.391660e+01 -7.676345e+01 6.431012e+01 5.072926e+02
3.168493e-01 1.107147e+03 2.446934e+01 4.829975e+01 3.854162e+01 7.143979e+02
3.186391e-01 1.097630e+03 -6.208227e+00 6.095609e+01 -2.184149e+01 7.104564e+02
3.204305e-01 1.074036e+03 -2.356504e+01 -4.700012e+01 -5.771806e+01 5.075643e+02
3.222280e-01 1.054061e+03 -1.073361e+01 -1.663801e+02 -3.736500e+01 3.030067e+02
3.240267e-01 1.048575e+03 1.295828e+01 -1.710220e+02 9.652777e+00 2.514131e+02
3.258197e-01 1.056391e+03 2.169328e+01 -9.902865e+01 3.633055e+01 3.758717e+02
3.276150e-01 1.071415e+03 2.289138e+00 -2.061311e+01 2.185527e+01 4.992164e+02
3.294148e-01 1.072580e+03 -1.011107e+01 -3.111183e+01 -2.461170e+01 4.730374e+02
3.312085e-01 1.056024e+03 -7.415664e+00 -1.006836e+02 -3.668889e+01 3.604953e+02
3.330031e-01 1.048499e+03 3.603279e+00 -1.309706e+02 1.024588e+01 3.078321e+02
3.347987e-01 1.062685e+03 2.314425e+01 -6.557360e+01 7.376647e+01 4.276519e+02
3.365969e-01 1.092420e+03 2.720992e+01 6.741354e+01 7.567868e+01 6.794645e+02
3.383923e-01 1.109414e+03 1.250168e+01 1.603965e+02 2.360677e+01 8.418674e+02
3.401828e-01 1.096980e+03 -8.848998e+00 1.348431e+02 -4.069091e+01 7.825948e+02
3.419763e-01 1.065196e+03 -2.502647e+01 2.614502e+00 -7.086185e+01 5.314613e+02
3.437730e-01 1.045642e+03 -1.936738e+01 -1.211139e+02 -4.645803e+01 2.842027e+02
3.455681e-01 1.045036e+03 7.402643e+00 -1.512366e+02 6.551592e+00 2.109532e+02
3.473617e-01 1.056583e+03 2.167000e+01 -9.393496e+01 3.667763e+01 3.243571e+02
3.491590e-01 1.067310e+03 1.435141e+01 -9.587310e+00 3.158243e+01 4.469420e+02
3.509566e-01 1.061186e+03 1.435400e+00 2.801745e+00 -1.033258e+01 4.434976e+02
3.527534e-01 1.042401e+03 -1.151910e+01 -5.900062e+01 -3.981975e+01 3.281415e+02
3.545449e-01 1.031761e+03 -9.068355e+00 -1.229087e+02 -2.824335e+01 1.906967e+02
3.563372e-01 1.030146e+03 8.651258e+00 -1.363130e+02 -2.686465e+00 1.566441e+02
3.581341e-01 1.032990e+03 1.338478e+01 -9.737115e+01 1.319377e+01 2.170841e+02
3.599303e-01 1.036079e+03 3.156873e+00 -6.321508e+01 4.730966e+00 2.654156e+02
3.617254e-01 1.035009e+03 -3.857632e+00 -7.686751e+01 -8.591477e+00 2.499148e+02
3.635200e-01 1.028599e+03 -4.938165e+00 -1.129118e+02 -4.107569e+00 1.847549e+02
3.653165e-01 1.034482e+03 8.039410e+00 -1.132030e+02 2.082293e+01 1.788128e+02
3.671116e-01 1.048203e+03 2.543827e+01 -3.858323e+01 4.077132e+01 3.125484e+02
3.689088e-01 1.066608e+03 2.399197e+01 7.595366e+01 4.784434e+01 5.160896e+02
3.707076e-01 1.078181e+03 7.295111e+00 1.442269e+02 1.957576e+01 6.334918e+02
3.725001e-01 1.070410e+03 -1.417640e+01 1.089042e+02 -1.660369e+01 5.841367e+02
3.742913e-01 1.046246e+03 -2.108376e+01 1.169137e+01 -4.688339e+01 3.884658e+02
3.760877e-01 1.024603e+03 -1.901246e+00 -7.691264e+01 -4.304250e+01 2.236456e+02
3.778836e-01 1.015206e+03 7.194547e+00 -9.973462e+01 -7.590888e+00 1.826425e+02
3.796766e-01 1.026083e+03 7.629589e+00 -6.572234e+01 1.961116e+01 2.345879e+02
3.814707e-01 1.034795e+03 6.964956e+00 -2.665869e+01 7.512622e+00 2.756164e+02
3.832699e-01 1.029688e+03 1.354643e+00 -2.962467e+01 -1.527336e+01 2.548165e+02
3.850666e-01 1.014222e+03 -2.826461e+00 -6.976620e+01 -1.087732e+01 1.834866e+02
3.868579e-01 1.018391e+03 -1.277843e+00 -9.120023e+01 1.947352e+01 1.651031e+02
3.886538e-01 1.035329e+03 1.519770e+01 -4.634269e+01 4.166439e+01 2.460535e+02
3.904491e-01 1.050987e+03 2.142562e+01 4.185971e+01 3.602292e+01 4.010518e+02
3.922449e-01 1.056099e+03 1.474489e+01 1.069689e+02 1.577775e+00 5.007014e+02
3.940400e-01 1.043627e+03 -2.547664e+00 9.734487e+01 -2.975916e+01 4.599914e+02
3.958317e-01 1.025880e+03 -1.776054e+01 1.196644e+01 -3.679577e+01 2.970077e+02
3.976289e-01 1.018482e+03 -1.083559e+01 -6.321859e+01 -1.793464e+01 1.568817e+02
3.994255e-01 1.022039e+03 8.616178e+00 -7.344085e+01 1.501304e+01 1.402190e+02
4.012204e-01 1.030565e+03 1.742212e+01 -1.585579e+01 3.551247e+01 2.567541e+02
4.030168e-01 1.042086e+03 5.147345e+00 3.743095e+01 3.509269e+01 3.744412e+02
4.048122e-01 1.045953e+03 -7.817464e+00 4.224517e+01 -2.550866e+00 3.859266e+02
4.066062e-01 1.039107e+03 -8.688646e+00 -6.225201e+00 -4.100162e+01 2.907350e+02
4.084001e-01 1.025780e+03 -1.200628e-01 -6.511207e+01 -4.189226e+01 1.782679e+02
4.101968e-01 1.020178e+03 8.219663e+00 -6.496034e+01 -1.836111e+00 1.472146e+02
4.119946e-01 1.025083e+03 1.592060e+01 -1.382883e+01 3.325488e+01 2.076756e+02
4.137897e-01 1.029989e+03 1.373570e+01 4.205949e+01 3.234330e+01 3.111313e+02
4.155829e-01 1.034872e+03 -5.925303e-01 6.180033e+01 5.743230e+00 3.541596e+02
4.173778e-01 1.030806e+03 -4.880475e+00 2.592499e+01 -2.127061e+01 3.085511e+02
4.191752e-01 1.019941e+03 -7.533626e+00 -2.892102e+01 -2.638017e+01 2.102808e+02
4.209702e-01 1.013473e+03 -8.797756e-01 -6.387299e+01 -1.132108e+01 1.293713e+02
4.227638e-01 1.004958e+03 9.173695e+00 -7.138689e+01 -1.859606e+00 1.135452e+02
4.245604e-01 1.005083e+03 1.889903e+00 -5.816761e+01 8.799426e+00 1.356199e+02
4.263543e-01 1.010143e+03 -1.101936e+00 -5.896858e+01 1.259470e+01 1.399060e+02
4.281451e-01 1.011487e+03 -1.578636e+00 -7.452894e+01 7.595282e-01 1.295587e+02
4.299400e-01 1.011756e+03 3.225976e+00 -8.175903e+01 -2.589100e+00 1.240154e+02
4.317365e-01 1.009664e+03 1.029996e+01 -6.738213e+01 -6.283338e-01 1.315011e+02
4.335323e-01 1.005877e+03 8.947549e+00 -4.989109e+01 -2.673262e+00 1.574197e+02
4.353294e-01 1.005448e+03 2.001293e+00 -3.731429e+01 -3.386328e+00 1.638254e+02
4.371263e-01 1.004358e+03 -4.077509e+00 -5.050637e+01 -4.688601e+00 1.381522e+02
4.389235e-01 1.001979e+03 -1.107800e+00 -7.974466e+01 1.275953e+00 1.010202e+02
4.407180e-01 1.003729e+03 5.108070e+00 -8.563545e+01 1.056898e+01 9.800388e+01
4.425103e-01 1.007996e+03 1.274756e+01 -5.306821e+01 1.328631e+01 1.465303e+02
4.443072e-01 1.015024e+03 1.538965e+01 1.895067e+00 7.236380e+00 2.236440e+02
4.461036e-01 1.014519e+03 8.898564e+00 3.707421e+01 -6.395723e-01 2.733207e+02
4.478956e-01 1.009786e+03 -3.806620e+00 2.852083e+01 -1.034439e+01 2.424847e+02
4.496902e-01 1.003850e+03 -1.047803e+01 -1.892995e+01 -1.485353e+01 1.599727e+02
4.514874e-01 1.000442e+03 -2.150771e+00 -6.861537e+01 -1.507678e+01 8.975379e+01
4.532823e-01 9.988071e+02 3.534717e+00 -8.105769e+01 1.435578e+00 6.668294e+01
4.550750e-01 1.004036e+03 7.738134e+00 -5.579050e+01 6.819414e+00 9.494257e+01
4.568708e-01 1.009414e+03 1.181861e+01 -2.220366e+01 2.459406e+00 1.424550e+02
4.586693e-01 1.010716e+03 2.154248e+00 -7.071874e+00 -1.835789e+00 1.618033e+02
4.604629e-01 1.009314e+03 -9.138512e-01 -1.231202e+01 -8.926555e+00 1.305386e+02
4.622570e-01 1.006650e+03 -6.869758e-01 -3.518804e+01 -7.341054e+00 9.127087e+01
4.640543e-01 1.004465e+03 3.105946e+00 -4.389213e+01 -5.774884e+00 6.882803e+01
4.658487e-01 1.000966e+03 8.137759e+00 -4.091478e+01 -2.299560e+00 7.775321e+01
4.676433e-01 9.986573e+02 4.246907e+00 -2.963875e+01 2.381312e+00 9.444852e+01
4.694380e-01 9.979969e+02 3.119705e+00 -2.915794e+01 3.740088e+00 9.135246e+01
4.712319e-01 9.974760e+02 -5.950530e-01 -3.641259e+01 5.298483e+00 8.324045e+01
4.730274e-01 1.004300e+03 1.859282e+00 -3.992557e+01 2.228182e+00 8.447151e+01
4.748233e-01 1.007879e+03 4.609885e+00 -3.402881e+01 6.312774e+00 1.078584e+02
4.766206e-01 1.008421e+03 4.787364e+00 -2.249402e+01 1.910266e+00 1.182631e+02
4.784155e-01 1.004320e+03 7.473950e+00 -1.605817e+01 -1.188376e+01 1.138819e+02
4.802074e-01 9.920158e+02 4.057836e+00 -2.218299e+01 -1.094545e+01 9.495732e+01
4.820041e-01 9.899100e+02 -4.611184e-01 -3.311554e+01 -2.529279e+00 6.837681e+01
4.838035e-01 9.921327e+02 4.579781e+00 -3.867547e+01 9.898193e+00 7.293419e+01
4.855966e-01 9.994830e+02 5.289474e+00 -2.061351e+01 1.255581e+01 1.020760e+02
4.873905e-01 1.005943e+03 1.005484e+01 1.401839e+00 5.970941e+00 1.384055e+02
4.891890e-01 1.004217e+03 2.472243e+00 5.998461e+00 -1.446227e+00 1.551159e+02
4.909845e-01 1.001385e+03 -2.219740e-01 -4.718876e+00 -5.963247e+00 1.244995e+02
4.927778e-01 9.949187e+02 1.797810e+00 -2.725540e+01 -5.844147e+00 8.939165e+01
4.945710e-01 9.954843e+02 4.484605e-01 -4.121766e+01 2.599364e+00 7.765198e+01
4.963686e-01 9.998905e+02 7.604815e+00 -2.548684e+01 3.640364e+00 9.368178e+01
4.981631e-01 1.000237e+03 9.098216e+00 -4.692453e+00 -1.235280e+00 1.211645e+02
4.999565e-01 9.987523e+02 2.182410e+00 3.951483e+00 -5.073248e+00 1.217062e+02
5.017530e-01 9.975337e+02 -4.102304e+00 -1.661866e+01 -5.193815e+00 8.816827e+01
5.035473e-01 9.991763e+02 5.323415e-01 -3.583579e+01 -4.408634e+00 5.476580e+01
5.053425e-01 9.949919e+02 9.773704e+00 -3.477435e+01 4.737141e+00 6.450856e+01
5.071378e-01 9.978353e+02 1.128756e+01 -3.133912e+00 2.057495e+01 1.161733e+02
5.089338e-01 1.004306e+03 1.004822e+01 3.944679e+01 1.199710e+01 1.837781e+02
5.107304e-01 1.005853e+03 6.901404e+00 6.263933e+01 1.566239e+00 2.201238e+02
5.125264e-01 9.984027e+02 -2.591586e+00 4.638474e+01 -6.470868e+00 1.930486e+02
5.143202e-01 9.919378e+02 -7.177830e+00 5.739080e+00 -7.797281e+00 1.289095e+02
5.161135e-01 9.877916e+02 -1.547831e+00 -2.842440e+01 -6.253832e+00 7.656488e+01
5.179077e-01 9.884935e+02 3.915229e+00 -3.801924e+01 3.504256e+00 7.587222e+01
5.197029e-01 9.945860e+02 6.733159e+00 -1.785920e+01 8.201423e+00 9.826910e+01
5.214989e-01 9.986644e+02 7.963586e+00 -1.421588e+00 -1.549849e+00 1.215189e+02
5.232939e-01 9.945187e+02 6.871770e+00 3.872371e+00 -1.223200e+01 1.263817e+02
5.250894e-01 9.893777e+02 8.931956e-02 -3.638431e+00 -1.043725e+01 9.137975e+01
5.268875e-01 9.857533e+02 1.170366e+00 -1.781866e+01 -1.905542e+00 5.684330e+01
5.286829e-01 9.865703e+02 3.953222e+00 -2.214716e+01 6.447651e+00 6.019247e+01
5.304764e-01 9.914088e+02 1.858419e+00 -1.721117e+01 6.490001e+00 6.980984e+01
5.322718e-01 9.955596e+02 4.881830e+00 -1.372350e+01 -2.896373e+00 7.790090e+01
5.340665e-01 9.925942e+02 3.167261e+00 -1.954220e+01 -9.799095e+00 7.068410e+01
5.358628e-01 9.907709e+02 1.576120e+00 -2.519941e+01 -2.215186e+00 5.003202e+01
5.376582e-01 9.872060e+02 4.733912e+00 -3.117569e+01 6.292758e+00 4.842600e+01
5.394517e-01 9.920342e+02 3.636700e+00 -2.051500e+01 1.113039e+01 6.184716e+01
5.412446e-01 9.971110e+02 6.527309e+00 -5.993025e+00 3.154744e+00 8.604186e+01
5.430425e-01 9.970306e+02 4.138115e+00 -3.378630e+00 -6.297753e+00 9.511340e+01
5.448396e-01 9.953560e+02 -1.382664e+00 -1.477456e+01 -1.117093e+01 6.802257e+01
5.466312e-01 9.896618e+02 5.336843e+00 -2.685637e+01 -7.966394e+00 3.418129e+01
5.484273e-01 9.858630e+02 6.411903e+00 -3.249461e+01 4.974766e+00 3.397338e+01
5.502231e-01 9.922741e+02 7.556269e+00 -8.756192e+00 1.263685e+01 6.805218e+01
5.520189e-01 9.972130e+02 1.131672e+01 2.392628e+01 1.221031e+01 1.245333e+02
5.538138e-01 1.000836e+03 3.531770e+00 3.918203e+01 7.244645e+00 1.608317e+02
5.556067e-01 1.001750e+03 -3.156269e+00 3.046273e+01 -1.701399e+00 1.455842e+02
5.574029e-01 9.962120e+02 3.929539e-01 4.196428e+00 -1.148069e+01 1.113523e+02
5.591994e-01 9.885137e+02 1.767133e+00 -1.935830e+01 -5.296780e+00 8.087364e+01
5.609943e-01 9.884521e+02 5.291467e+00 -1.835633e+01 -1.913657e-01 6.463655e+01
5.627890e-01 9.907493e+02 7.134876e+00 -5.486124e+00 -3.075154e+00 7.029420e+01
5.645865e-01 9.972057e+02 4.763474e+00 8.193812e+00 -7.020175e+00 8.122695e+01
5.663833e-01 9.950439e+02 4.374908e+00 3.924211e+00 -7.235621e+00 7.101308e+01
5.681768e-01 9.894615e+02 2.623887e-01 -7.544128e+00 1.458951e+00 4.260582e+01
5.699714e-01 9.836448e+02 4.195762e+00 -1.839531e+01 4.691806e+00 2.158417e+01
5.717666e-01 9.787992e+02 8.633489e+00 -1.943803e+01 6.813405e+00 4.533914e+01
5.735604e-01 9.793232e+02 3.643750e+00 -8.288833e+00 1.513500e+01 7.583700e+01
5.753547e-01 9.867097e+02 3.629070e-01 -3.823185e+00 6.570614e+00 9.104551e+01
5.771493e-01 9.923092e+02 8.878953e-01 -8.322864e+00 -4.644928e+00 9.115044e+01
5.789465e-01 9.903582e+02 4.232018e+00 -2.010726e+01 -1.028033e+01 7.101949e+01
5.807435e-01 9.876697e+02 3.645329e+00 -2.315386e+01 -3.875393e+00 5.583017e+01
5.825362e-01 9.878937e+02 6.520351e+00 -1.614956e+01 2.989743e+00 5.403466e+01
5.843306e-01 9.911831e+02 5.582633e+00 -2.900759e+00 2.235312e+00 7.320197e+01
5.861281e-01 9.944393e+02 5.443144e+00 8.603949e+00 -3.988301e+00 7.947971e+01
5.879240e-01 9.919365e+02 5.232624e+00 4.811580e+00 -6.899710e+00 7.734991e+01
5.897195e-01 9.859952e+02 1.094256e-02 -9.647664e+00 -2.099278e+00 5.761817e+01
5.915160e-01 9.824600e+02 4.439104e+00 -2.105559e+01 5.642834e-02 3.704987e+01
5.933128e-01 9.787726e+02 4.763359e+00 -2.276564e+01 2.256504e+00 3.443061e+01
5.951052e-01 9.822853e+02 4.192756e+00 -1.331829e+01 6.084816e+00 4.527569e+01
5.968969e-01 9.896377e+02 3.708870e+00 -9.633744e+00 3.926491e+00 6.503968e+01
5.986941e-01 9.918517e+02 5.579468e+00 -7.239247e+00 -8.435912e-01 6.721160e+01
6.004886e-01 9.900940e+02 4.000550e+00 -6.121175e+00 9.364319e-01 6.366444e+01
6.022826e-01 9.918043e+02 4.254083e+00 -6.379752e+00 6.129606e+00 6.889877e+01
6.040778e-01 9.965783e+02 3.952710e+00 7.949309e-01 6.267421e+00 8.479873e+01
6.058727e-01 9.960176e+02 9.632689e+00 1.631832e+01 -8.230410e-01 1.005364e+02
6.076682e-01 9.898770e+02 6.580379e+00 2.233917e+01 -6.372657e+00 1.053885e+02
6.094636e-01 9.866014e+02 -1.013716e+00 1.277196e+01 -6.484989e+00 7.839102e+01
6.112608e-01 9.865074e+02 -3.554316e-01 -5.883065e+00 -7.266993e+00 4.529439e+01
6.130571e-01 9.839840e+02 6.338821e+00 -1.794954e+01 -2.982219e+00 2.555706e+01
6.148510e-01 9.831119e+02 7.253612e+00 -9.284588e+00 4.048900e+00 3.862809e+01
6.166467e-01 9.849072e+02 8.635302e+00 9.046640e+00 5.637440e+00 6.313113e+01
6.184426e-01 9.885265e+02 6.573860e+00 2.622038e+01 -5.151803e-01 8.943285e+01
6.202383e-01 9.916315e+02 1.455768e+00 2.821179e+01 -6.451208e+00 8.614812e+01
6.220331e-01 9.921518e+02 7.486900e-01 1.729092e+01 -5.344521e+00 6.203050e+01
6.238256e-01 9.889675e+02 8.414703e-01 -1.071358e+00 -6.084840e-01 3.822927e+01
6.256207e-01 9.871324e+02 4.730794e+00 -5.984511e+00 3.248074e-01 2.368398e+01
6.274180e-01 9.848250e+02 6.702670e+00 -6.083462e+00 8.370221e-01 3.556572e+01
6.292132e-01 9.866964e+02 4.225501e+00 2.288084e-01 -3.742428e-01 4.637890e+01
6.310070e-01 9.877224e+02 5.334573e+00 -4.246502e-01 -2.368677e+00 4.354284e+01
6.328016e-01 9.829951e+02 3.031442e+00 -5.825023e+00 4.574917e+00 3.740171e+01
6.345988e-01 9.816550e+02 1.865803e+00 -1.268954e+01 8.696690e+00 2.822004e+01
6.363935e-01 9.821029e+02 2.708629e+00 -1.973733e+01 9.707850e+00 3.296481e+01
6.381885e-01 9.841448e+02 5.676101e+00 -1.985111e+01 -9.745778e-01 4.468509e+01
6.399844e-01 9.829725e+02 5.585523e+00 -1.589151e+01 -7.540567e+00 4.944249e+01
6.417790e-01 9.837284e+02 2.358871e+00 -1.575153e+01 -3.184376e+00 4.474176e+01
6.435737e-01 9.833619e+02 4.900986e-01 -2.054335e+01 5.346335e+00 3.051526e+01
6.453671e-01 9.851334e+02 5.829547e+00 -2.690466e+01 9.524980e-01 2.681668e+01
6.471630e-01 9.852926e+02 9.203079e+00 -1.697236e+01 -1.133678e+00 4.971851e+01
6.489575e-01 9.861870e+02 6.451798e+00 -3.571164e+00 3.579957e+00 6.670389e+01
6.507531e-01 9.887761e+02 6.973085e+00 9.851195e+00 -3.044825e+00 7.098504e+01
6.525500e-01 9.859490e+02 6.705971e+00 1.052864e+01 -6.744341e+00 7.076926e+01
6.543447e-01 9.870963e+02 -2.607615e-02 5.384529e+00 -5.062980e+00 5.250597e+01
6.561416e-01 9.907410e+02 2.278192e+00 -1.857934e+00 1.194484e-01 3.567001e+01
6.579361e-01 9.900829e+02 6.035505e+00 -7.939941e-01 3.326973e+00 3.732685e+01
6.597296e-01 9.906564e+02 7.732958e+00 4.973671e+00 5.694331e+00 5.370844e+01
6.615260e-01 9.882081e+02 6.910074e+00 1.308112e+01 6.939136e-01 6.561638e+01
6.633228e-01 9.830894e+02 4.438804e+00 1.093977e+01 1.637845e+00 6.966296e+01
6.651187e-01 9.810627e+02 -1.201122e+00 -5.753979e+00 7.153572e+00 5.879743e+01
6.669114e-01 9.801140e+02 9.152094e-01 -2.101312e+01 3.823123e+00 4.263389e+01
6.687054e-01 9.806928e+02 3.285268e+00 -2.780269e+01 -2.049951e+00 3.766824e+01
6.705023e-01 9.851725e+02 7.030784e+00 -2.086553e+01 -4.233816e+00 4.045124e+01
6.722992e-01 9.852413e+02 7.851968e+00 -1.090310e+01 -6.025706e+00 5.133797e+01
6.740944e-01 9.861061e+02 5.096888e+00 -1.155218e+00 -4.546885e+00 4.508179e+01
6.758872e-01 9.864363e+02 3.953070e+00 -5.579095e-01 -5.209899e+00 3.194347e+01
6.776825e-01 9.844734e+02 5.321831e+00 -6.684392e+00 -8.428403e+00 2.244261e+01
6.794791e-01 9.839720e+02 2.806505e+00 -1.520263e+01 7.772779e-01 2.107600e+01
6.812733e-01 9.851661e+02 1.499134e+00 -2.028606e+01 9.479970e+00 1.791494e+01
6.830683e-01 9.844339e+02 5.614373e+00 -2.060462e+01 4.954712e+00 1.856792e+01
6.848621e-01 9.790248e+02 6.687346e+00 -2.269938e+01 -2.383023e+00 1.975500e+01
6.866570e-01 9.791886e+02 3.406252e+00 -2.289354e+01 -1.293769e+00 2.057436e+01
6.884537e-01 9.811108e+02 5.716800e+00 -2.110282e+01 -5.816475e+00 1.249685e+01
6.902501e-01 9.781247e+02 1.007717e+01 -1.409978e+01 -6.056154e+00 1.807881e+01
6.920470e-01 9.769222e+02 3.683633e+00 -9.809662e+00 2.759054e+00 2.377596e+01
6.938409e-01 9.809360e+02 1.779516e+00 -9.878624e+00 6.877418e+00 2.152485e+01
6.956343e-01 9.815089e+02 4.643604e+00 -1.453902e+01 3.078232e+00 2.758148e+01
6.974295e-01 9.813372e+02 4.944391e+00 -1.357620e+01 3.015664e+00 3.365722e+01
6.992264e-01 9.827137e+02 4.875924e+00 -8.993093e+00 6.600406e+00 4.158705e+01
7.010216e-01 9.847080e+02 7.022531e+00 -9.928395e-01 2.870657e+00 5.594646e+01
7.028157e-01 9.840839e+02 6.544142e+00 1.699971e+00 -1.860443e+00 6.453792e+01
7.046118e-01 9.838477e+02 3.636297e+00 2.380282e+00 -2.152672e+00 6.126287e+01
7.064070e-01 9.836129e+02 1.153042e+00 -1.039338e+01 1.195397e-01 4.503699e+01
7.082001e-01 9.858841e+02 4.269987e-01 -2.412103e+01 2.939855e+00 3.123607e+01
7.099950e-01 9.887532e+02 7.579331e+00 -2.843890e+01 -2.020165e-01 2.655340e+01
7.117916e-01 9.849821e+02 1.073334e+01 -1.852695e+01 -8.319613e-01 4.476181e+01
7.135857e-01 9.840803e+02 6.464691e+00 -1.496558e+00 1.470775e+00 5.934410e+01
7.153810e-01 9.866724e+02 5.135063e+00 5.744161e+00 -9.045443e-01 6.634142e+01
7.171769e-01 9.866287e+02 3.505223e+00 4.063875e+00 -3.799564e+00 6.388716e+01
7.189721e-01 9.872921e+02 3.413791e+00 -3.558795e+00 -2.788968e+00 4.851376e+01
7.207688e-01 9.855725e+02 2.690476e+00 -8.861088e+00 4.274539e+00 3.972309e+01
7.225642e-01 9.871418e+02 6.667095e+00 -9.404955e+00 1.782258e+00 4.082269e+01
7.243583e-01 9.848841e+02 8.176963e+00 -3.571515e+00 -7.806656e-01 5.465547e+01
7.261538e-01 9.846866e+02 4.350399e+00 -2.331451e+00 1.705914e+00 6.080022e+01
7.279497e-01 9.862296e+02 1.050337e+00 -6.442933e+00 1.626242e+00 5.601423e+01
7.297435e-01 9.887294e+02 2.882535e+00 -1.769829e+01 -8.639790e-01 4.305463e+01
7.315366e-01 9.897996e+02 4.382485e+00 -2.111221e+01 -5.497760e+00 2.793323e+01
7.333339e-01 9.884485e+02 9.346655e+00 -1.866978e+01 -6.832268e+00 2.707811e+01
7.351305e-01 9.853005e+02 7.162596e+00 -1.400744e+01 -1.274537e+00 3.292948e+01
7.369246e-01 9.857222e+02 2.085924e+00 -1.130555e+01 4.885289e+00 3.172026e+01
7.387207e-01 9.887864e+02 3.058429e+00 -1.522908e+01 2.125786e+00 3.008343e+01
7.405164e-01 9.895585e+02 6.394660e+00 -1.787871e+01 -2.933775e+00 2.948729e+01
7.423108e-01 9.886229e+02 9.544447e+00 -1.086179e+01 -4.561364e+00 3.491123e+01
7.441040e-01 9.869427e+02 7.021093e+00 -2.725987e+00 4.338104e+00 4.609011e+01
7.458996e-01 9.871885e+02 5.890740e+00 4.251932e+00 6.709200e+00 5.328225e+01
7.476955e-01 9.857565e+02 4.697791e+00 2.580659e+00 3.528884e+00 6.149633e+01
7.494882e-01 9.859197e+02 6.054698e-01 -5.379732e+00 8.345436e-02 5.505833e+01
7.512836e-01 9.880195e+02 2.759254e+00 -1.601852e+01 -3.384067e+00 4.094790e+01
7.530799e-01 9.885560e+02 6.255822e+00 -1.930963e+01 -4.720279e+00 3.390257e+01
7.548749e-01 9.884421e+02 6.649365e+00 -1.304443e+01 -2.942951e+00 2.851487e+01
7.566699e-01 9.891860e+02 8.749584e+00 -6.235469e+00 -2.186145e+00 3.476126e+01
7.584671e-01 9.899578e+02 5.672371e+00 -1.956158e+00 2.665275e-01 4.695099e+01
7.602633e-01 9.913184e+02 2.497673e+00 -4.854169e+00 4.577178e+00 4.708423e+01
7.620571e-01 9.893384e+02 5.070232e+00 -9.817137e+00 1.626621e+00 3.555483e+01
7.638531e-01 9.864510e+02 5.202907e+00 -1.386072e+01 1.085798e+00 3.315015e+01
7.656499e-01 9.877673e+02 3.780153e+00 -1.684265e+01 2.918455e+00 3.450354e+01
7.674455e-01 9.883701e+02 6.431648e+00 -1.625415e+01 1.321110e+00 3.969844e+01
7.692400e-01 9.860371e+02 6.597899e+00 -1.744835e+01 2.663709e+00 4.238199e+01
7.710340e-01 9.868992e+02 3.664536e+00 -1.884441e+01 1.093308e-01 3.967121e+01
7.728276e-01 9.854521e+02 6.247222e+00 -2.063175e+01 -2.080643e+00 3.685278e+01
7.746220e-01 9.849838e+02 5.536389e+00 -2.285475e+01 3.338567e+00 4.348434e+01
7.764173e-01 9.863610e+02 4.740479e+00 -2.027614e+01 4.905109e+00 4.219072e+01
7.782136e-01 9.871995e+02 6.498203e+00 -1.839072e+01 -1.977382e+00 4.798241e+01
7.800117e-01 9.865160e+02 7.096919e+00 -1.683680e+01 -7.630828e+00 4.692365e+01
7.818056e-01 9.851033e+02 5.187191e+00 -1.869888e+01 -7.388568e+00 4.028321e+01
7.835979e-01 9.835767e+02 5.065147e+00 -2.101231e+01 -2.249741e+00 2.700675e+01
7.853947e-01 9.833074e+02 4.778213e+00 -2.225768e+01 1.104754e+00 1.779928e+01
7.871903e-01 9.846140e+02 6.267954e+00 -1.890190e+01 1.418546e+00 2.102626e+01
7.889853e-01 9.851530e+02 6.128801e+00 -1.662348e+01 2.030069e+00 3.427192e+01
7.907819e-01 9.865024e+02 6.557399e+00 -1.313787e+01 2.959036e-01 3.971590e+01
7.925772e-01 9.839238e+02 6.155439e+00 -1.325859e+01 5.478955e-02 3.891373e+01
7.943719e-01 9.828809e+02 4.202945e+00 -1.672399e+01 3.104532e+00 3.428275e+01
7.961659e-01 9.833140e+02 4.210403e+00 -1.961207e+01 2.387146e+00 3.382326e+01
7.979598e-01 9.840171e+02 6.709920e+00 -1.962893e+01 -9.649432e-01 3.639275e+01
7.997559e-01 9.825895e+02 8.888716e+00 -1.302466e+01 -2.528116e+00 4.341673e+01
8.015520e-01 9.807555e+02 7.627609e+00 -8.883875e+00 -3.157401e+00 4.355955e+01
8.033475e-01 9.783828e+02 5.023703e+00 -1.022182e+01 7.303671e-01 4.245356e+01
8.051404e-01 9.786794e+02 2.808929e+00 -1.379281e+01 4.382290e+00 3.513177e+01
8.069349e-01 9.801097e+02 3.735150e+00 -2.194478e+01 4.833058e+00 3.478417e+01
8.087329e-01 9.825352e+02 4.858805e+00 -2.450321e+01 2.705748e+00 3.724500e+01
8.105286e-01 9.837515e+02 5.768475e+00 -2.356284e+01 -1.544498e+00 4.057029e+01
8.123233e-01 9.842767e+02 7.465064e+00 -2.077157e+01 -3.068474e+00 4.427992e+01
8.141188e-01 9.833733e+02 4.621902e+00 -2.215508e+01 4.446931e-01 4.257029e+01
8.159142e-01 9.856671e+02 4.363264e+00 -2.180721e+01 2.268671e+00 4.004498e+01
8.177087e-01 9.877239e+02 6.288696e+00 -2.133338e+01 3.577281e+00 4.570344e+01
8.195037e-01 9.917914e+02 4.656089e+00 -2.067741e+01 3.534030e+00 5.362321e+01
8.212995e-01 9.931784e+02 6.276316e+00 -1.872793e+01 6.316458e-01 5.920446e+01
8.230953e-01 9.911114e+02 8.154107e+00 -1.591311e+01 -5.586183e+00 5.963853e+01
8.248902e-01 9.857197e+02 7.484220e+00 -1.657026e+01 -6.075604e+00 5.112551e+01
8.266848e-01 9.831376e+02 5.132481e+00 -1.899273e+01 -4.178888e+00 3.702252e+01
8.284792e-01 9.863893e+02 4.211972e+00 -2.141463e+01 2.041645e+00 3.300110e+01
8.302734e-01 9.902884e+02 6.051895e+00 -1.915023e+01 2.195354e+00 4.186618e+01
8.320692e-01 9.904106e+02 7.229860e+00 -1.443805e+01 3.150365e+00 5.285138e+01
8.338654e-01 9.893152e+02 6.807862e+00 -1.325892e+01 1.438396e+00 5.730326e+01
8.356607e-01 9.884144e+02 4.550641e+00 -1.769916e+01 -1.651375e+00 5.120741e+01
8.374562e-01 9.872083e+02 5.090064e+00 -2.259103e+01 -5.564444e+00 3.662812e+01
8.392510e-01 9.868210e+02 6.112723e+00 -2.325440e+01 -3.119999e+00 2.542307e+01
8.410464e-01 9.878181e+02 6.633641e+00 -2.098026e+01 7.287006e-01 2.394617e+01
8.428427e-01 9.889537e+02 7.009634e+00 -1.526741e+01 3.186167e+00 3.373611e+01
8.446371e-01 9.907194e+02 6.901629e+00 -1.103445e+01 -2.947911e+00 4.294616e+01
8.464320e-01 9.899221e+02 6.966568e+00 -7.349515e+00 -4.382392e+00 4.128851e+01
8.482278e-01 9.863632e+02 7.594660e+00 -7.201188e+00 -4.323067e+00 3.381188e+01
8.500227e-01 9.836306e+02 6.436871e+00 -8.642588e+00 -9.448606e-01 2.563323e+01
8.518177e-01 9.831240e+02 5.200392e+00 -1.182292e+01 1.361618e+00 2.405691e+01
8.536137e-01 9.850737e+02 6.751826e+00 -7.938528e+00 1.232657e+00 2.732383e+01
8.554088e-01 9.856425e+02 6.035841e+00 -8.894125e+00 2.151644e+00 3.461240e+01
8.572024e-01 9.875262e+02 4.542936e+00 -9.204017e+00 3.424502e+00 3.346460e+01
8.589967e-01 9.870555e+02 4.785260e+00 -1.361669e+01 4.096601e+00 3.296682e+01
8.607918e-01 9.864589e+02 5.448162e+00 -2.068641e+01 1.251561e+00 2.886640e+01
8.625869e-01 9.838894e+02 7.276785e+00 -2.222641e+01 -9.609907e-01 2.876172e+01
8.643824e-01 9.841932e+02 5.252585e+00 -2.379813e+01 -2.849410e+00 2.960856e+01
8.661785e-01 9.867640e+02 6.721145e+00 -2.164523e+01 -4.396619e+00 2.633107e+01
8.679743e-01 9.851879e+02 8.632298e+00 -1.835071e+01 -6.687891e+00 2.233244e+01
8.697706e-01 9.836953e+02 6.608502e+00 -1.474452e+01 -3.023477e-01 1.950343e+01
8.715653e-01 9.849565e+02 6.375742e+00 -1.101510e+01 3.520966e+00 2.130290e+01
8.733592e-01 9.848178e+02 8.745274e+00 -8.336372e+00 2.844032e+00 2.930002e+01
8.751548e-01 9.851572e+02 6.743207e+00 -5.228315e+00 -4.285995e-01 3.954648e+01
8.769502e-01 9.845479e+02 5.524857e+00 -3.078005e+00 -5.747776e-02 4.104217e+01
8.787466e-01 9.823252e+02 6.682689e+00 -4.856168e+00 -9.535595e-01 3.334725e+01
8.805415e-01 9.786701e+02 8.123122e+00 -9.680042e+00 -1.602859e+00 2.786428e+01
8.823359e-01 9.751243e+02 4.656060e+00 -1.531813e+01 2.343507e+00 2.682295e+01
8.841313e-01 9.776369e+02 4.252410e+00 -1.583537e+01 1.359784e+00 2.534762e+01
8.859273e-01 9.797125e+02 8.223244e+00 -1.429449e+01 -1.482206e+00 2.509752e+01
8.877230e-01 9.782978e+02 6.970472e+00 -1.030322e+01 -6.738728e-01 3.220407e+01
8.895175e-01 9.801447e+02 4.355415e+00 -1.221085e+01 2.195633e+00 2.982070e+01
8.913122e-01 9.826699e+02 5.703343e+00 -1.517039e+01 2.573863e+00 2.725783e+01
8.931078e-01 9.823794e+02 8.775283e+00 -1.212308e+01 -1.425416e+00 2.981234e+01
8.949034e-01 9.806707e+02 6.888061e+00 -1.105673e+01 1.177272e+00 3.845216e+01
8.966974e-01 9.840460e+02 3.928020e+00 -8.908618e+00 5.032279e+00 4.066761e+01
8.984931e-01 9.870695e+02 5.568342e+00 -1.398210e+01 3.146825e+00 4.451955e+01
9.002874e-01 9.866025e+02 4.710352e+00 -1.978098e+01 -1.530562e+00 3.835774e+01
9.020815e-01 9.846271e+02 7.903481e+00 -1.993220e+01 -4.868996e+00 2.753073e+01
9.038774e-01 9.807513e+02 9.659891e+00 -1.871955e+01 -4.749343e+00 2.368213e+01
9.056723e-01 9.810790e+02 7.858034e+00 -1.299183e+01 -5.956638e-01 2.508985e+01
9.074684e-01 9.828962e+02 6.891994e+00 -6.911842e+00 1.943697e+00 3.349726e+01
9.092635e-01 9.841211e+02 5.684375e+00 -3.602735e+00 2.995566e+00 3.935608e+01
9.110582e-01 9.849393e+02 5.512115e+00 -6.920444e+00 7.683676e-01 3.789874e+01
9.128546e-01 9.852385e+02 4.716913e+00 -1.347752e+01 -3.033139e+00 3.134296e+01
9.146502e-01 9.865149e+02 5.628285e+00 -1.886714e+01 4.711197e-02 2.781841e+01
9.164437e-01 9.867861e+02 7.205866e+00 -1.870521e+01 8.488359e-01 2.816960e+01
9.182390e-01 9.857343e+02 1.136687e+01 -1.207792e+01 1.992157e+00 3.765021e+01
