# k, q0, q1/i, q2, q3/i, q4, norm, alpha = 228.65335738482153, 0.019875423088012396
0.000000e+00 3.145694e+13 0.000000e+00 0.000000e+00 0.000000e+00 -6.506696e+12
2.542755e-03 6.656291e+12 5.847732e+12 5.324070e+12 7.309623e+12 -4.526967e+12
4.308321e-03 1.690975e+12 1.075015e+12 4.548629e+12 6.954347e+12 -3.845039e+12
6.127972e-03 4.621346e+11 1.273441e+11 1.626207e+12 1.603428e+12 7.350197e+11
7.953317e-03 1.247046e+11 4.408517e+10 3.884748e+11 3.054552e+11 4.616457e+11
9.814571e-03 2.875650e+10 8.569585e+09 4.830189e+10 4.501816e+10 7.754146e+10
1.156539e-02 7.950496e+09 1.868348e+09 -7.783356e+09 -1.496172e+09 8.761460e+09
1.336205e-02 6.659696e+09 1.228851e+09 5.560718e+09 4.214543e+09 1.985644e+10
1.519307e-02 6.949822e+09 1.081608e+09 1.802272e+10 6.516042e+09 3.764525e+10
1.700413e-02 5.118493e+09 8.515655e+08 1.501916e+10 6.078326e+09 3.048830e+10
1.878921e-02 2.681118e+09 2.956618e+08 6.436186e+09 2.346125e+09 1.557334e+10
2.056181e-02 1.106371e+09 1.165023e+08 6.205784e+08 2.911836e+08 4.717716e+09
2.237315e-02 5.369414e+08 8.030420e+07 -7.515773e+08 -4.606498e+07 1.280306e+09
2.420702e-02 6.762180e+08 6.349567e+07 5.828903e+08 2.134821e+08 3.100455e+09
2.604330e-02 7.797962e+08 7.696766e+07 1.795140e+09 4.695924e+08 4.709555e+09
2.781707e-02 6.331286e+08 5.397339e+07 1.645575e+09 3.813933e+08 4.092294e+09
2.956466e-02 3.909185e+08 3.635456e+07 7.007405e+08 1.792884e+08 2.300849e+09
3.136513e-02 1.804826e+08 1.321112e+07 -8.428434e+07 5.423970e+06 7.127356e+08
3.317513e-02 1.311408e+08 1.217506e+07 -1.856018e+08 -1.567334e+07 3.972132e+08
3.497165e-02 1.650012e+08 9.982538e+06 1.689009e+08 3.624794e+07 8.546428e+08
3.677184e-02 1.981756e+08 1.113366e+07 4.323671e+08 8.174844e+07 1.245605e+09
3.856197e-02 1.713278e+08 1.250799e+07 3.698423e+08 7.241018e+07 1.085534e+09
4.034231e-02 1.079705e+08 6.333086e+06 1.246547e+08 2.724068e+07 6.040405e+08
4.214741e-02 5.668726e+07 2.616414e+06 -6.199744e+07 -1.745143e+06 2.043996e+08
4.395085e-02 4.962816e+07 2.963933e+06 -6.372630e+07 -3.109240e+06 1.686888e+08
4.574462e-02 6.448258e+07 3.178586e+06 5.959443e+07 9.840886e+06 3.414160e+08
4.755674e-02 7.550427e+07 3.820176e+06 1.442596e+08 2.180065e+07 4.679140e+08
4.935944e-02 6.519166e+07 3.807143e+06 1.214261e+08 1.929074e+07 4.044054e+08
5.113615e-02 4.156677e+07 1.702744e+06 2.856433e+07 4.023189e+06 2.176612e+08
5.293674e-02 2.383981e+07 1.309879e+06 -3.469430e+07 -2.222776e+06 8.057125e+07
5.472727e-02 2.261736e+07 9.367974e+05 -2.511497e+07 -1.916266e+06 8.111272e+07
5.651697e-02 2.974222e+07 1.208080e+06 2.902758e+07 4.261321e+06 1.591987e+08
5.831477e-02 3.462420e+07 1.726075e+06 6.195844e+07 7.994054e+06 2.107663e+08
6.011451e-02 2.937538e+07 1.210557e+06 4.740178e+07 5.704189e+06 1.757340e+08
6.191171e-02 1.870378e+07 6.727958e+05 6.019376e+06 1.529985e+06 9.094159e+07
6.370712e-02 1.201540e+07 4.359113e+05 -1.966274e+07 -1.399801e+06 3.690855e+07
6.550732e-02 1.233324e+07 5.771852e+05 -9.864047e+06 -4.112764e+05 4.579983e+07
6.729498e-02 1.673744e+07 5.599364e+05 1.713534e+07 2.336445e+06 8.997028e+07
6.908598e-02 1.886657e+07 5.303643e+05 3.273651e+07 3.859564e+06 1.125444e+08
7.088188e-02 1.592619e+07 4.779092e+05 2.311493e+07 2.224467e+06 9.092287e+07
7.268232e-02 1.059757e+07 4.040900e+05 5.705141e+05 4.798498e+05 4.758043e+07
7.447792e-02 7.125816e+06 1.367144e+05 -1.169482e+07 -4.018956e+05 2.056869e+07
7.627282e-02 7.967861e+06 1.767010e+05 -5.944038e+06 -1.756608e+04 2.824030e+07
7.807562e-02 1.032553e+07 3.770290e+05 9.438936e+06 9.310283e+05 5.231621e+07
7.988558e-02 1.121817e+07 3.189175e+05 1.734787e+07 1.506542e+06 6.380484e+07
8.168049e-02 9.498228e+06 2.237400e+05 1.100441e+07 1.041884e+06 5.026649e+07
8.345709e-02 6.501939e+06 2.045331e+05 -1.087020e+06 8.910292e+04 2.574565e+07
8.524436e-02 4.767382e+06 1.593227e+05 -7.335227e+06 -4.608206e+05 1.228744e+07
8.704550e-02 5.198764e+06 1.127368e+05 -2.867745e+06 5.465901e+04 1.790249e+07
8.884478e-02 6.779842e+06 1.388983e+05 5.860708e+06 6.173204e+05 3.238461e+07
9.064103e-02 7.237936e+06 1.481503e+05 9.957903e+06 6.275566e+05 3.785267e+07
9.243897e-02 6.089290e+06 1.834355e+05 5.909876e+06 4.994433e+05 2.938069e+07
9.423607e-02 4.361278e+06 8.073997e+04 -1.511975e+06 7.630846e+04 1.489592e+07
9.603871e-02 3.482959e+06 5.966896e+04 -4.744054e+06 -1.953613e+05 7.721716e+06
9.782410e-02 3.852483e+06 1.186054e+05 -1.677267e+06 -2.759564e+04 1.213819e+07
9.961474e-02 4.654684e+06 7.849243e+04 3.786740e+06 2.448787e+05 2.060083e+07
1.014127e-01 4.939840e+06 7.751929e+04 5.635882e+06 5.067554e+05 2.346733e+07
1.031985e-01 4.265442e+06 5.791052e+04 2.658815e+06 2.623771e+05 1.746573e+07
1.049957e-01 3.196589e+06 7.066570e+04 -1.744499e+06 -1.077613e+05 8.747537e+06
1.067952e-01 2.698890e+06 4.078240e+04 -3.189464e+06 -1.251238e+05 5.272566e+06
1.085930e-01 3.089912e+06 3.962979e+04 -6.163368e+05 1.998642e+04 9.060512e+06
1.103885e-01 3.723486e+06 5.555677e+04 2.881834e+06 2.474423e+05 1.494633e+07
1.121821e-01 3.826457e+06 5.776504e+04 3.922932e+06 2.670472e+05 1.634278e+07
1.139837e-01 3.286732e+06 3.667983e+04 1.641457e+06 1.399829e+05 1.186653e+07
1.157773e-01 2.553132e+06 2.838263e+04 -1.419424e+06 -1.003697e+04 5.914696e+06
1.175730e-01 2.300093e+06 3.570030e+04 -2.242049e+06 -8.456653e+04 3.947110e+06
1.193666e-01 2.602249e+06 2.292586e+04 -4.150088e+05 1.053612e+03 6.836744e+06
1.211543e-01 2.994928e+06 3.631092e+04 1.955596e+06 1.426059e+05 1.066751e+07
1.229561e-01 3.025239e+06 4.001483e+04 2.445321e+06 1.598006e+05 1.119146e+07
1.247542e-01 2.614714e+06 2.907554e+04 7.881172e+05 7.531681e+04 7.855800e+06
1.265466e-01 2.159480e+06 1.598483e+04 -1.258957e+06 1.012732e+04 3.953078e+06
1.283363e-01 2.029500e+06 1.972325e+04 -1.671866e+06 -6.622091e+04 2.910378e+06
1.301269e-01 2.231515e+06 3.949818e+04 -2.139857e+05 -3.834937e+03 5.132478e+06
1.319334e-01 2.494124e+06 2.063092e+04 1.467642e+06 6.492939e+04 7.785904e+06
1.337370e-01 2.479456e+06 9.173770e+03 1.610191e+06 1.041678e+05 7.868090e+06
1.355323e-01 2.208273e+06 2.485269e+04 3.112523e+05 7.672409e+04 5.343634e+06
1.373301e-01 1.888365e+06 9.969260e+03 -1.102308e+06 -6.604678e+03 2.724762e+06
1.391197e-01 1.835951e+06 5.461979e+03 -1.232021e+06 -2.958445e+04 2.237419e+06
1.409058e-01 2.023339e+06 1.994293e+04 -1.340437e+05 9.238371e+03 4.033187e+06
1.427003e-01 2.162032e+06 3.852037e+04 1.029668e+06 1.635865e+04 5.788560e+06
1.444928e-01 2.120866e+06 5.458053e+03 1.039543e+06 9.032406e+04 5.660355e+06
1.462886e-01 1.904887e+06 1.099345e+04 8.225842e+02 4.510405e+04 3.728256e+06
1.480924e-01 1.678920e+06 1.846710e+04 -9.475011e+05 -2.636139e+04 1.888492e+06
1.498892e-01 1.655643e+06 1.090186e+04 -9.023141e+05 -1.316467e+04 1.891244e+06
1.516798e-01 1.809865e+06 6.973536e+03 4.679546e+04 1.379671e+04 3.395296e+06
1.534759e-01 1.944600e+06 1.996688e+04 8.636747e+05 4.302467e+04 4.686294e+06
1.552766e-01 1.907142e+06 9.901811e+03 7.758794e+05 1.930004e+04 4.432666e+06
1.570706e-01 1.725911e+06 1.079939e+04 -8.947427e+03 -3.700108e+03 2.865100e+06
1.588578e-01 1.559986e+06 1.211038e+04 -6.997601e+05 -7.999998e+03 1.447575e+06
1.606585e-01 1.547782e+06 1.333188e+04 -6.103988e+05 -3.186317e+04 1.487528e+06
1.624649e-01 1.668211e+06 6.229364e+03 1.334086e+05 9.963801e+03 2.671870e+06
1.642557e-01 1.749819e+06 2.981942e+03 6.643582e+05 3.822672e+04 3.530969e+06
1.660459e-01 1.726237e+06 1.654328e+04 5.585279e+05 1.407325e+04 3.234789e+06
1.678421e-01 1.571203e+06 7.518856e+03 -6.236201e+04 5.589854e+03 2.025259e+06
1.696353e-01 1.474660e+06 -9.772480e+03 -5.912501e+05 2.103939e+04 1.083747e+06
1.714286e-01 1.503221e+06 4.618022e+03 -4.802804e+05 2.120898e+03 1.217804e+06
1.732198e-01 1.592529e+06 1.500611e+04 9.283824e+04 -3.267710e+04 2.153433e+06
1.750152e-01 1.642322e+06 1.040486e+04 5.252599e+05 2.620210e+04 2.772327e+06
1.768177e-01 1.606557e+06 1.248173e+04 3.694362e+05 8.282479e+03 2.439602e+06
1.786121e-01 1.470178e+06 6.043393e+03 -1.295289e+05 3.666598e+03 1.460539e+06
1.804030e-01 1.391033e+06 7.398504e+03 -4.527990e+05 -2.461203e+04 7.728154e+05
1.822028e-01 1.421162e+06 -2.110902e+03 -2.965472e+05 9.206630e+02 1.003664e+06
1.839998e-01 1.506596e+06 1.187613e+04 1.904017e+05 8.915961e+03 1.804178e+06
1.857937e-01 1.562775e+06 3.606873e+03 4.905283e+05 2.405446e+04 2.325950e+06
1.875926e-01 1.521287e+06 -3.729561e+03 3.180170e+05 2.056617e+04 1.993035e+06
1.893867e-01 1.434175e+06 9.532763e+03 -1.053682e+05 6.935926e+01 1.181079e+06
1.911794e-01 1.368866e+06 -1.803663e+03 -3.906881e+05 -1.212368e+04 6.345842e+05
1.929763e-01 1.382337e+06 1.121947e+04 -2.436659e+05 -8.411104e+03 8.202748e+05
1.947689e-01 1.463985e+06 -4.421909e+03 1.287821e+05 2.526405e+04 1.445024e+06
1.965614e-01 1.486866e+06 1.329247e+04 3.642681e+05 -1.520155e+04 1.835419e+06
1.983545e-01 1.450614e+06 -7.302171e+02 2.253768e+05 3.333310e+04 1.558777e+06
2.001492e-01 1.390862e+06 1.460731e+03 -1.306431e+05 7.043174e+03 9.288656e+05
2.019476e-01 1.339178e+06 9.091451e+03 -3.360099e+05 -5.121504e+03 5.378829e+05
2.037448e-01 1.337736e+06 5.347263e+03 -2.084354e+05 -2.444645e+03 7.170681e+05
2.055436e-01 1.389326e+06 3.435449e+03 8.707248e+04 -3.870129e+03 1.204125e+06
2.073409e-01 1.417377e+06 2.824877e+03 2.452463e+05 1.239230e+04 1.453075e+06
2.091331e-01 1.399301e+06 -1.059767e+03 1.062147e+05 1.139218e+04 1.196488e+06
2.109295e-01 1.346841e+06 1.284555e+03 -1.640073e+05 -5.990873e+03 6.767661e+05
2.127243e-01 1.312939e+06 6.616579e+03 -2.873235e+05 -1.348496e+04 3.849786e+05
2.145132e-01 1.319223e+06 2.133339e+03 -1.746516e+05 -1.473185e+04 5.439972e+05
2.163084e-01 1.355339e+06 7.515945e+03 5.786695e+04 6.177857e+03 9.221221e+05
2.181043e-01 1.370842e+06 2.716913e+03 1.609621e+05 1.230999e+04 1.088428e+06
2.198991e-01 1.349497e+06 4.234646e+03 6.488813e+04 -7.388067e+03 8.710326e+05
2.216975e-01 1.291251e+06 9.437444e+03 -1.153139e+05 -1.267455e+04 4.975456e+05
2.234966e-01 1.266315e+06 2.981343e+03 -1.808799e+05 -6.908347e+02 3.214564e+05
2.252970e-01 1.293877e+06 -6.070363e+03 -7.895130e+04 1.774054e+04 5.223838e+05
2.270852e-01 1.328720e+06 6.904958e+03 7.908284e+04 6.247774e+03 8.352841e+05
2.288723e-01 1.332694e+06 -1.482712e+03 1.287815e+05 7.559071e+03 9.225517e+05
2.306695e-01 1.325627e+06 -5.059782e+03 4.569601e+03 1.038040e+04 7.084525e+05
2.324665e-01 1.289917e+06 2.893346e+03 -1.697984e+05 -1.098377e+03 3.728802e+05
2.342627e-01 1.276987e+06 7.455460e+03 -2.057648e+05 -1.404067e+04 2.854111e+05
2.360563e-01 1.296502e+06 -1.055172e+03 -8.366622e+04 4.919537e+03 4.786752e+05
2.378553e-01 1.316840e+06 5.799045e+03 6.980006e+04 3.833147e+03 7.372632e+05
2.396569e-01 1.318884e+06 4.198358e+03 1.104936e+05 -2.806768e+03 7.920839e+05
2.414498e-01 1.298462e+06 8.725914e+02 2.555072e+03 -9.558281e+03 5.476344e+05
2.432397e-01 1.253088e+06 8.487668e+03 -1.141910e+05 -1.621347e+04 2.854282e+05
2.450345e-01 1.244939e+06 6.810290e+03 -1.175791e+05 -1.187682e+04 2.115483e+05
2.468308e-01 1.259314e+06 -2.017553e+03 -1.238738e+04 9.910694e+03 3.917787e+05
2.486244e-01 1.294578e+06 -2.489856e+03 9.664573e+04 1.778234e+04 6.170794e+05
2.504185e-01 1.290941e+06 7.639839e+03 1.122515e+05 -2.222525e+03 6.675488e+05
2.522154e-01 1.264229e+06 3.059569e+03 1.533783e+04 -8.621890e+02 4.664198e+05
2.540114e-01 1.241286e+06 2.525611e+03 -8.879135e+04 -4.713507e+02 2.683436e+05
2.558058e-01 1.240158e+06 -2.430365e+03 -8.671355e+04 5.465990e+03 2.360112e+05
2.576012e-01 1.262077e+06 -2.515341e+03 -3.769992e+03 5.246487e+03 4.217498e+05
2.593962e-01 1.294358e+06 -1.559690e+03 8.340787e+04 1.140344e+04 5.845911e+05
2.611937e-01 1.289518e+06 9.745187e+03 8.103136e+04 -7.933697e+03 5.742999e+05
2.629942e-01 1.252651e+06 5.228615e+03 -4.645880e+03 -6.285786e+03 3.867186e+05
2.647885e-01 1.240176e+06 -1.809289e+03 -9.224105e+04 -3.979576e+03 1.818123e+05
2.665811e-01 1.231917e+06 7.630880e+03 -7.182167e+04 -1.897193e+04 1.808166e+05
2.683801e-01 1.246445e+06 -1.871130e+02 4.588350e+04 4.281306e+03 3.434458e+05
2.701729e-01 1.273403e+06 -4.508669e+02 1.219708e+05 7.474685e+03 4.939970e+05
2.719632e-01 1.266779e+06 5.939314e+03 1.163296e+05 1.004584e+03 4.804540e+05
2.737587e-01 1.242683e+06 2.915202e+03 2.365528e+04 -2.000099e+03 3.003823e+05
2.755578e-01 1.230995e+06 -2.992705e+03 -6.779475e+04 5.092243e+03 1.442535e+05
2.773550e-01 1.228607e+06 1.269092e+03 -7.589485e+04 9.107200e+03 1.628040e+05
2.791459e-01 1.246626e+06 5.088667e+03 1.124574e+04 -3.618958e+02 3.113282e+05
2.809385e-01 1.257654e+06 -4.694640e+03 8.149955e+04 1.070040e+04 4.729373e+05
2.827312e-01 1.261008e+06 6.167558e+03 6.972622e+04 2.453974e+03 4.362394e+05
2.845296e-01 1.235646e+06 4.560823e+03 -8.936113e+03 5.068416e+02 2.999044e+05
2.863269e-01 1.213430e+06 1.778870e+02 -7.836868e+04 3.797441e+03 1.826620e+05
2.881173e-01 1.217811e+06 4.501766e+03 -6.415320e+04 -1.014104e+04 1.930148e+05
2.899148e-01 1.231166e+06 -2.104184e+03 2.234436e+04 3.539499e+03 3.129140e+05
2.917136e-01 1.248929e+06 2.735223e+03 7.390159e+04 1.270117e+04 4.255184e+05
2.935083e-01 1.246313e+06 -2.300853e+03 5.395208e+04 4.129332e+03 4.160183e+05
2.953064e-01 1.230905e+06 4.807451e+03 -1.840387e+04 -8.295154e+03 2.695899e+05
2.971025e-01 1.221285e+06 2.711382e+02 -7.460050e+04 -1.452032e+03 1.523923e+05
2.988941e-01 1.221039e+06 1.607770e+03 -6.327850e+04 -4.658694e+03 1.481132e+05
3.006873e-01 1.231809e+06 3.274092e+03 2.284785e+03 -6.132906e+03 2.422502e+05
3.024817e-01 1.236698e+06 3.855769e+03 5.312404e+04 -4.119339e+02 3.172484e+05
3.042771e-01 1.231587e+06 3.563377e+03 3.940970e+04 1.019390e+03 2.900288e+05
3.060756e-01 1.211291e+06 6.415812e+03 -1.174301e+04 -7.430780e+03 1.648204e+05
3.078722e-01 1.200228e+06 -3.086196e+03 -5.102331e+04 2.924201e+03 1.057170e+05
3.096648e-01 1.219024e+06 -5.128037e+03 -3.923963e+04 1.268441e+04 1.156283e+05
3.114599e-01 1.229194e+06 6.159252e+03 2.217851e+04 -1.239439e+04 2.350373e+05
3.132555e-01 1.229298e+06 2.171069e+03 6.583716e+04 1.029852e+04 3.118281e+05
3.150527e-01 1.230737e+06 6.373963e+02 3.644866e+04 9.315174e+03 2.757579e+05
3.168493e-01 1.221903e+06 -1.876213e+03 -3.369817e+04 -2.120375e+03 1.706078e+05
3.186391e-01 1.213196e+06 3.220770e+03 -7.099009e+04 -2.827975e+03 9.093738e+04
3.204305e-01 1.212400e+06 3.549343e+03 -4.903971e+04 -2.076815e+03 1.240791e+05
3.222280e-01 1.225197e+06 3.098675e+03 1.578720e+04 -2.276901e+03 2.089412e+05
3.240267e-01 1.224232e+06 9.196431e+03 6.499155e+04 -1.497748e+04 2.705756e+05
3.258197e-01 1.219531e+06 -4.616164e+03 5.990460e+04 1.455162e+02 2.297731e+05
3.276150e-01 1.208129e+06 5.706202e+03 6.610291e+03 2.101443e+03 1.267643e+05
3.294148e-01 1.203051e+06 -8.291020e+02 -2.186622e+04 5.115896e+03 8.908002e+04
3.312085e-01 1.210354e+06 5.818943e+02 -2.064262e+04 9.812533e+03 1.262197e+05
3.330031e-01 1.218960e+06 8.525253e+02 1.860867e+04 2.281953e+03 2.033631e+05
3.347987e-01 1.221238e+06 2.204396e+03 4.584644e+04 -4.017792e+03 2.503649e+05
3.365969e-01 1.215472e+06 3.626514e+03 2.394323e+04 -7.955072e+02 2.028603e+05
3.383923e-01 1.202843e+06 1.971988e+03 -1.936973e+04 1.736513e+03 1.247953e+05
3.401828e-01 1.198828e+06 -5.574159e+01 -4.903405e+04 5.404747e+03 8.570829e+04
3.419763e-01 1.208399e+06 -1.759867e+03 -3.515620e+04 6.934733e+03 1.197288e+05
3.437730e-01 1.220700e+06 2.369602e+03 2.555707e+03 -7.838250e+03 1.906879e+05
3.455681e-01 1.221300e+06 5.363761e+03 3.681634e+04 -2.869470e+03 2.146967e+05
3.473617e-01 1.214511e+06 1.618914e+03 1.737352e+04 2.583703e+03 1.813032e+05
3.491590e-01 1.203770e+06 2.488421e+03 -2.584159e+04 -4.819478e+03 1.042009e+05
3.509566e-01 1.197137e+06 1.966384e+03 -3.312002e+04 -4.057103e+03 6.342139e+04
3.527534e-01 1.205120e+06 9.593630e+02 -1.626525e+04 2.871274e+03 8.817768e+04
3.545449e-01 1.209130e+06 1.514801e+03 1.856820e+04 -1.442834e+03 1.395357e+05
3.563372e-01 1.210531e+06 2.792752e+03 3.556407e+04 -3.379900e+03 1.621432e+05
3.581341e-01 1.210115e+06 -1.171429e+03 8.079481e+03 1.002580e+04 1.308343e+05
3.599303e-01 1.207966e+06 2.729358e+01 -3.804944e+04 3.665365e+03 6.878385e+04
3.617254e-01 1.198761e+06 7.834118e+03 -4.110225e+04 -1.181072e+04 5.780920e+04
3.635200e-01 1.202934e+06 -1.547364e+03 -1.387883e+04 5.001031e+03 9.144365e+04
3.653165e-01 1.212612e+06 1.480835e+03 1.938272e+04 -2.950942e+02 1.524783e+05
3.671116e-01 1.215052e+06 3.064963e+03 2.724703e+04 -1.894948e+03 1.730244e+05
3.689088e-01 1.211171e+06 4.694935e+03 1.922465e+04 -4.818951e+03 1.206402e+05
3.707076e-01 1.197646e+06 -1.516354e+03 -1.855334e+04 5.132707e+03 6.548568e+04
3.725001e-01 1.201467e+06 3.753835e+03 -2.809685e+04 -4.481646e+03 3.454477e+04
3.742913e-01 1.199398e+06 4.186347e+03 -2.525220e+03 -4.127395e+03 6.706151e+04
3.760877e-01 1.207012e+06 -1.136707e+03 2.138941e+04 5.605543e+03 1.097708e+05
3.778836e-01 1.209224e+06 2.912196e+03 2.507192e+04 -6.282609e+02 1.324870e+05
3.796766e-01 1.205559e+06 -6.092404e+02 4.416800e+02 8.678433e+03 9.522906e+04
3.814707e-01 1.202868e+06 8.890724e+02 -2.837744e+04 -2.664481e+03 5.217741e+04
3.832699e-01 1.199518e+06 4.604324e+03 -3.222253e+04 -2.736386e+03 3.691984e+04
3.850666e-01 1.202896e+06 -1.670859e+03 -1.674816e+04 8.434622e+03 7.024039e+04
3.868579e-01 1.209710e+06 4.837984e+03 7.000325e+03 -8.370319e+03 1.098503e+05
3.886538e-01 1.206272e+06 5.675875e+02 1.618497e+04 -3.513738e+03 1.102395e+05
3.904491e-01 1.204242e+06 4.612438e+03 -2.996260e+02 -2.306886e+03 7.397362e+04
3.922449e-01 1.200854e+06 -5.109065e+02 -1.889498e+04 9.113102e+03 4.022787e+04
3.940400e-01 1.202708e+06 1.257492e+03 -2.993224e+04 3.215531e+03 3.768076e+04
3.958317e-01 1.200956e+06 3.255938e+03 -1.255796e+04 -4.483655e+03 7.270544e+04
3.976289e-01 1.207793e+06 1.154905e+03 1.291311e+04 -1.371565e+03 1.039876e+05
3.994255e-01 1.204262e+06 4.797094e+03 1.969817e+04 -1.042708e+04 9.110025e+04
4.012204e-01 1.197207e+06 3.440334e+03 1.460444e+04 -1.684197e+03 6.158977e+04
4.030168e-01 1.194341e+06 -7.207903e+02 -9.039881e+03 8.715070e+03 3.245758e+04
4.048122e-01 1.199877e+06 -1.479913e+03 -2.479377e+04 1.287753e+04 4.357314e+04
4.066062e-01 1.201122e+06 5.824154e+03 -9.727698e+03 -5.050085e+03 7.466970e+04
4.084001e-01 1.201835e+06 2.662937e+03 1.074263e+04 -4.327455e+03 1.001534e+05
4.101968e-01 1.194954e+06 3.947160e+03 5.228313e+03 2.972126e+03 9.732446e+04
4.119946e-01 1.195396e+06 -2.147343e+03 -1.844698e+04 1.117670e+04 6.993509e+04
4.137897e-01 1.196162e+06 2.850098e+03 -3.709488e+04 -7.609762e+03 4.498279e+04
4.155829e-01 1.194367e+06 1.184094e+03 -2.557268e+04 -7.913968e+03 3.413573e+04
4.173778e-01 1.197342e+06 5.141475e+03 -1.396547e+03 -3.079924e+03 6.193209e+04
4.191752e-01 1.199680e+06 1.558937e+03 1.821144e+04 4.830396e+03 8.209900e+04
4.209702e-01 1.192040e+06 4.569550e+03 1.012975e+04 -1.510841e+03 8.830931e+04
4.227638e-01 1.193641e+06 -1.890668e+03 -5.276988e+03 7.665826e+03 6.394228e+04
4.245604e-01 1.191489e+06 4.669062e+03 -2.651812e+04 -5.966365e+03 3.717191e+04
4.263543e-01 1.188754e+06 1.345630e+03 -1.948375e+04 1.200748e+03 4.467967e+04
4.281451e-01 1.196060e+06 3.638285e+02 1.451093e+03 -1.982127e+03 6.498113e+04
4.299400e-01 1.198636e+06 3.869095e+03 1.846871e+04 -8.933517e+03 8.384420e+04
4.317365e-01 1.198383e+06 -1.034019e+03 1.482836e+04 6.931540e+03 7.962230e+04
4.335323e-01 1.202457e+06 -2.285730e+03 -1.647344e+04 1.707356e+04 6.089770e+04
4.353294e-01 1.205145e+06 4.005555e+03 -3.919759e+04 -3.078010e+03 4.007936e+04
4.371263e-01 1.197127e+06 6.188585e+03 -2.375903e+04 -1.267292e+04 3.321632e+04
4.389235e-01 1.193786e+06 3.736117e+03 -9.758473e+02 -5.533936e+03 5.276816e+04
4.407180e-01 1.198614e+06 1.920794e+02 8.277396e+03 5.879815e+03 6.642270e+04
4.425103e-01 1.197430e+06 1.896339e+02 -1.030306e+03 6.590496e+03 6.159311e+04
4.443072e-01 1.197645e+06 4.507702e+03 -1.514831e+04 -7.408172e+03 4.029791e+04
4.461036e-01 1.191554e+06 -2.689901e+02 -2.119140e+04 2.311267e+03 2.031632e+04
4.478956e-01 1.196370e+06 2.724668e+03 -1.897385e+04 -1.301005e+03 2.592135e+04
4.496902e-01 1.197241e+06 4.827967e+03 4.572783e+03 -3.574950e+03 4.747698e+04
4.514874e-01 1.194154e+06 3.260948e+03 1.641245e+04 -2.766753e+03 6.628043e+04
4.532823e-01 1.191720e+06 2.250182e+03 1.662985e+04 1.772574e+03 5.453000e+04
4.550750e-01 1.186076e+06 5.198070e+03 2.770225e+03 -1.602491e+03 3.727279e+04
4.568708e-01 1.184977e+06 -5.188538e+02 -9.272218e+03 4.048211e+03 2.224760e+04
4.586693e-01 1.189390e+06 1.129486e+03 -6.871085e+03 -1.139392e+02 2.863624e+04
4.604629e-01 1.191714e+06 2.963756e+03 8.880065e+03 -3.786252e+03 4.948126e+04
4.622570e-01 1.200468e+06 -3.658867e+03 1.063382e+04 8.301423e+03 6.136694e+04
4.640543e-01 1.202551e+06 3.997701e+03 7.745892e+02 -4.316407e+03 4.272908e+04
4.658487e-01 1.196145e+06 5.079872e+03 -7.531642e+03 6.503964e+02 2.681412e+04
4.676433e-01 1.186691e+06 4.701038e+03 -1.374827e+04 -3.570725e+03 6.820776e+03
4.694380e-01 1.182995e+06 1.506718e+03 -9.865603e+03 3.487460e+03 1.773100e+04
4.712319e-01 1.192194e+06 1.337280e+03 -1.311166e+03 1.251623e+03 3.916177e+04
4.730274e-01 1.192244e+06 1.403762e+03 8.129560e+03 -5.567031e+03 5.002475e+04
4.748233e-01 1.193877e+06 3.381245e+03 1.219820e+04 -1.917838e+03 3.905175e+04
4.766206e-01 1.196123e+06 -1.636369e+03 -2.612561e+03 5.504713e+03 2.965462e+04
4.784155e-01 1.198486e+06 2.519447e+03 -1.084966e+04 2.215661e+03 2.056640e+04
4.802074e-01 1.198181e+06 2.879536e+03 9.816476e+01 2.227015e+01 4.000293e+04
4.820041e-01 1.201896e+06 2.516511e+03 6.380371e+03 -2.663241e+03 4.623056e+04
4.838035e-01 1.197984e+06 2.974242e+03 1.483860e+04 -4.322488e+02 6.056587e+04
4.855966e-01 1.199616e+06 5.635649e+02 1.554024e+03 1.064831e+04 5.787485e+04
4.873905e-01 1.199807e+06 8.956779e+02 -1.998158e+04 3.459062e+03 3.747454e+04
4.891890e-01 1.193239e+06 8.339356e+03 -1.070032e+04 -1.923023e+04 2.000878e+04
4.909845e-01 1.190796e+06 -8.377546e+02 2.344851e+03 1.924032e+03 1.799049e+04
4.927778e-01 1.194896e+06 5.355379e+03 1.226263e+04 -4.332479e+03 2.668929e+04
4.945710e-01 1.197131e+06 -4.537597e+02 1.618684e+04 4.820869e+03 3.459471e+04
4.963686e-01 1.196100e+06 4.556333e+02 1.028056e+03 7.247788e+03 2.847362e+04
4.981631e-01 1.198176e+06 4.455125e+03 -1.201269e+04 -5.650165e+03 1.520620e+04
4.999565e-01 1.191995e+06 5.124202e+03 -2.378573e+03 -4.103805e+03 6.181472e+03
5.017530e-01 1.192326e+06 2.146000e+03 8.068171e+03 -2.041751e+03 1.254659e+04
5.035473e-01 1.190099e+06 3.200586e+03 1.616037e+04 4.926845e+03 3.558732e+04
5.053425e-01 1.189403e+06 6.387232e+02 1.085392e+04 3.540146e+03 4.739643e+04
5.071378e-01 1.188385e+06 5.676298e+03 7.854432e+03 -3.339048e+03 3.092747e+04
5.089338e-01 1.183837e+06 1.416258e+03 -6.947581e+02 1.643507e+02 1.763014e+04
5.107304e-01 1.185330e+06 1.186659e+03 -4.118446e+03 -2.199764e+03 2.041107e+03
5.125264e-01 1.184894e+06 4.909939e+03 1.496345e+03 -1.543817e+03 1.483326e+04
5.143202e-01 1.189062e+06 -1.533364e+03 6.772385e+03 7.276359e+03 3.153883e+04
5.161135e-01 1.196877e+06 -1.370878e+03 -4.440702e+03 7.123749e+03 4.154407e+04
5.179077e-01 1.198498e+06 6.467348e+03 -1.527861e+04 -2.639279e+03 3.203919e+04
5.197029e-01 1.188535e+06 2.597515e+03 -1.669250e+04 -2.184517e+02 2.399388e+04
5.214989e-01 1.188975e+06 1.291990e+03 -1.974002e+04 2.308086e+03 1.291857e+04
5.232939e-01 1.190071e+06 5.224725e+03 -1.273784e+04 -7.789936e+03 1.609256e+04
5.250894e-01 1.189750e+06 2.218125e+03 1.786780e+03 -2.502665e+03 2.225196e+04
5.268875e-01 1.190041e+06 1.135096e+01 -1.732944e+03 3.315162e+03 2.351874e+04
5.286829e-01 1.192100e+06 3.197329e+03 -9.733880e+03 -5.877936e+02 1.233470e+04
5.304764e-01 1.191322e+06 1.516317e+03 -1.507608e+04 6.553918e+02 1.682892e+03
5.322718e-01 1.192540e+06 4.410013e+03 -9.850951e+03 -7.104330e+03 -2.203117e+03
5.340665e-01 1.192119e+06 1.128246e+03 -2.160841e+02 3.217438e+03 9.637193e+03
5.358628e-01 1.196779e+06 5.120488e+02 1.636457e+02 3.923465e+03 2.022079e+04
5.376582e-01 1.192727e+06 9.026782e+03 4.392719e+03 -5.711378e+03 2.944629e+04
5.394517e-01 1.185414e+06 2.724789e+03 6.733779e+03 4.348273e+03 2.027380e+04
5.412446e-01 1.183698e+06 1.475649e+03 -1.695668e+03 1.123951e+03 1.564236e+04
5.430425e-01 1.185986e+06 2.727034e+03 -4.189333e+02 -3.625623e+03 1.927307e+04
5.448396e-01 1.183196e+06 4.626855e+03 1.141470e+04 -4.249295e+03 2.124700e+04
5.466312e-01 1.181317e+06 5.126955e+03 2.278053e+04 4.451238e+02 3.455173e+04
5.484273e-01 1.182028e+06 -6.487347e+02 1.311327e+04 7.986634e+03 3.496164e+04
5.502231e-01 1.188148e+06 -1.513201e+03 5.988972e+02 8.269818e+02 2.632629e+04
5.520189e-01 1.192290e+06 1.545023e+03 -6.610176e+03 -1.776306e+03 1.437783e+04
5.538138e-01 1.192923e+06 5.472565e+03 -1.401852e+03 -5.214010e+03 1.015560e+04
5.556067e-01 1.191841e+06 1.884613e+03 1.055027e+04 2.581956e+02 1.561509e+04
5.574029e-01 1.196448e+06 7.042672e+01 6.757494e+03 5.140494e+03 2.691129e+04
5.591994e-01 1.195467e+06 3.682211e+03 1.479877e+03 1.169636e+02 2.374573e+04
5.609943e-01 1.191226e+06 5.054432e+03 -1.501658e+03 -3.092389e+03 2.061047e+04
5.627890e-01 1.187849e+06 3.778905e+03 -1.358076e+03 6.376976e+02 8.036151e+03
5.645865e-01 1.189993e+06 3.318079e+02 -3.273156e+03 3.952099e+03 1.612460e+04
5.663833e-01 1.190938e+06 4.134775e+03 4.951838e+03 -3.049386e+03 1.797789e+04
5.681768e-01 1.188706e+06 2.959113e+03 9.691271e+03 -1.388777e+03 2.593082e+04
5.699714e-01 1.185290e+06 5.929390e+03 1.253697e+04 -2.040134e+03 2.368047e+04
5.717666e-01 1.180263e+06 2.305848e+03 3.325221e+03 4.479069e+03 2.229739e+04
5.735604e-01 1.184610e+06 2.082858e+02 -1.744508e+03 -8.413432e+02 7.199827e+03
5.753547e-01 1.186559e+06 1.610067e+03 -5.095816e+03 -2.886225e+03 4.761019e+03
5.771493e-01 1.191195e+06 2.692223e+03 4.364286e+03 -5.788788e+02 9.182357e+03
5.789465e-01 1.190048e+06 3.935060e+03 8.993258e+03 -2.357970e+03 9.612855e+03
5.807435e-01 1.190329e+06 1.480092e+03 6.556050e+03 1.020933e+03 7.192594e+03
5.825362e-01 1.189108e+06 3.685031e+03 2.012312e+03 1.490417e+03 -3.812137e+03
5.843306e-01 1.188958e+06 1.436185e+02 -9.754378e+03 6.164568e+03 2.093908e+03
5.861281e-01 1.190654e+06 3.277213e+03 -1.207248e+04 4.452124e+03 1.152922e+04
5.879240e-01 1.188551e+06 6.609854e+03 -6.223861e+03 -5.349678e+03 2.486397e+04
5.897195e-01 1.185985e+06 1.230593e+03 1.260841e+03 2.840874e+03 3.245937e+04
5.915160e-01 1.188630e+06 2.581335e+03 -3.364937e+03 1.563754e+03 2.748772e+04
5.933128e-01 1.186344e+06 3.493260e+03 -4.802883e+03 -4.720380e+03 2.331741e+04
5.951052e-01 1.187031e+06 2.232131e+03 -4.877296e+03 -2.677200e+03 8.667274e+03
5.968969e-01 1.186127e+06 3.818198e+03 -6.519652e+03 3.993255e+03 1.211652e+04
5.986941e-01 1.187106e+06 2.289802e+03 -8.485726e+02 3.170470e+02 1.709660e+04
6.004886e-01 1.190381e+06 8.532750e+02 -3.190535e+03 3.109642e+02 2.277943e+04
6.022826e-01 1.188572e+06 4.421049e+03 -2.512767e+03 -3.266835e+03 1.567197e+04
6.040778e-01 1.186486e+06 5.081288e+03 2.179295e+03 -6.038095e+03 -3.681758e+01
6.058727e-01 1.185311e+06 1.645889e+03 5.746953e+03 -1.916048e+03 1.177226e+03
6.076682e-01 1.191181e+06 1.316468e+03 4.343219e+03 6.459488e+03 6.517745e+03
6.094636e-01 1.191662e+06 3.265998e+03 9.150498e+03 -2.129052e+03 1.594945e+04
6.112608e-01 1.189545e+06 3.373700e+03 9.592153e+03 4.154203e+03 2.048228e+04
6.130571e-01 1.188933e+06 2.096499e+03 1.993293e+03 1.920116e+03 2.025016e+04
6.148510e-01 1.194186e+06 3.521085e+02 -1.207567e+04 3.051333e+03 5.129229e+03
6.166467e-01 1.191175e+06 4.489928e+03 -1.256967e+04 -5.021951e+03 2.680983e+03
6.184426e-01 1.189472e+06 5.871445e+03 -4.708725e+03 5.544958e+02 1.153256e+04
6.202383e-01 1.190072e+06 1.129405e+03 -3.097104e+03 6.731777e+03 2.305402e+04
6.220331e-01 1.188376e+06 4.502047e+03 -2.491973e+03 -2.981312e+03 3.179296e+04
6.238256e-01 1.187379e+06 3.260667e+03 -3.388619e+03 -7.601555e+02 2.409418e+04
6.256207e-01 1.186144e+06 3.115884e+03 -9.708829e+02 -3.981634e+03 1.371923e+04
6.274180e-01 1.184959e+06 2.838367e+03 -1.408764e+03 -3.580574e+03 7.419929e+03
6.292132e-01 1.187510e+06 1.564165e+03 -2.946601e+02 3.989237e+03 7.984275e+03
6.310070e-01 1.187762e+06 4.955983e+03 -1.349314e+03 2.772491e+03 1.739416e+04
6.328016e-01 1.188521e+06 1.193534e+03 -3.704382e+03 1.114239e+03 1.972256e+04
6.345988e-01 1.188870e+06 2.607545e+03 -9.357422e+03 6.757631e+02 1.501769e+04
6.363935e-01 1.190644e+06 2.029754e+03 -1.402627e+04 -1.766718e+03 6.433061e+03
6.381885e-01 1.190162e+06 5.277924e+03 -8.842613e+03 -4.683092e+03 6.574834e+03
6.399844e-01 1.188298e+06 2.546696e+03 1.919708e+03 -8.977623e+02 1.611283e+03
6.417790e-01 1.187838e+06 3.494926e+03 6.738408e+03 -7.753452e+02 9.828938e+03
6.435737e-01 1.187414e+06 5.425572e+03 7.582558e+03 -2.700559e+03 5.297429e+03
6.453671e-01 1.185351e+06 2.160596e+03 7.630092e+03 4.705826e+03 7.301655e+03
6.471630e-01 1.188109e+06 -3.681968e+02 -8.626286e+03 8.286764e+03 2.713842e+03
6.489575e-01 1.191749e+06 2.346010e+03 -1.421232e+04 -1.072732e+02 1.215520e+04
6.507531e-01 1.192721e+06 6.002845e+03 -1.109213e+04 -3.644637e+03 1.203977e+04
6.525500e-01 1.188474e+06 3.644447e+03 -2.190480e+03 -2.326488e+03 1.665741e+04
6.543447e-01 1.189488e+06 7.515809e+02 -4.929160e+03 5.106565e+03 1.894842e+04
6.561416e-01 1.190712e+06 4.787238e+03 -7.168529e+03 -2.951976e+03 1.676636e+04
6.579361e-01 1.187113e+06 5.137583e+03 -5.412138e+03 -4.016632e+03 8.923916e+03
6.597296e-01 1.188428e+06 1.570579e+03 -2.507842e+03 6.632077e+02 6.327597e+03
6.615260e-01 1.188262e+06 2.803582e+03 -5.716207e+03 4.175064e+03 1.398662e+04
6.633228e-01 1.187984e+06 2.432039e+03 -6.702308e+03 1.308064e+03 1.679110e+04
6.651187e-01 1.188895e+06 5.025098e+03 -7.085461e+03 -1.824255e+03 1.816834e+04
6.669114e-01 1.188381e+06 1.977328e+03 -7.980462e+03 -1.347102e+03 1.051230e+04
6.687054e-01 1.186617e+06 4.143208e+03 -7.560808e+03 2.662599e+03 9.874660e+03
6.705023e-01 1.189547e+06 1.863986e+03 -1.100240e+04 1.485589e+03 1.131141e+04
6.722992e-01 1.187866e+06 4.481372e+03 -7.269920e+03 -4.075196e+03 9.446696e+03
6.740944e-01 1.185044e+06 4.552663e+03 2.314161e+02 -2.471213e+03 1.431626e+04
6.758872e-01 1.187843e+06 2.765969e+03 -5.789421e+02 -1.261950e+02 5.357112e+03
6.776825e-01 1.189168e+06 1.130825e+03 -4.957110e+03 3.966354e+03 4.308118e+03
6.794791e-01 1.187468e+06 5.494287e+03 -6.520399e+03 -3.166752e+03 7.148559e+03
6.812733e-01 1.185441e+06 4.252616e+03 -4.399720e+02 -1.088992e+03 1.021418e+04
6.830683e-01 1.187362e+06 6.610001e+02 1.785741e+03 1.677863e+03 8.984373e+03
6.848621e-01 1.192345e+06 2.853111e+03 4.448386e+02 -1.573076e+03 1.156572e+04
6.866570e-01 1.190155e+06 4.810739e+03 -2.023852e+02 -6.229012e+02 8.204471e+03
6.884537e-01 1.186564e+06 4.472264e+03 -1.679781e+03 -1.399976e+03 5.401866e+03
6.902501e-01 1.188069e+06 1.140232e+02 -9.742938e+03 1.064318e+04 5.409095e+03
6.920470e-01 1.190353e+06 3.404033e+03 -1.773929e+04 1.837824e+03 1.257037e+04
6.938409e-01 1.190015e+06 4.301735e+03 -1.737846e+04 -1.358222e+03 1.719121e+04
6.956343e-01 1.189288e+06 3.730252e+03 -1.350026e+04 -2.082338e+03 1.742692e+04
6.974295e-01 1.189570e+06 2.841824e+03 -1.243757e+04 -2.191767e+03 1.186859e+04
6.992264e-01 1.188145e+06 4.968871e+03 -9.634202e+03 6.112076e+02 1.411967e+04
7.010216e-01 1.188560e+06 2.165895e+03 -1.046052e+04 3.512580e+02 7.854309e+03
7.028157e-01 1.189704e+06 4.420885e+03 -9.157784e+03 -2.877435e+03 1.205725e+04
7.046118e-01 1.186019e+06 4.172664e+03 -3.985744e+03 -9.220878e+02 1.021519e+04
7.064070e-01 1.186812e+06 4.375828e+03 -1.247687e+03 1.685623e+02 1.457600e+04
7.082001e-01 1.187200e+06 1.283968e+03 -2.895020e+03 1.172004e+03 1.471217e+04
7.099950e-01 1.190079e+06 4.578600e+03 -4.121607e+03 -1.823767e+03 9.728680e+03
7.117916e-01 1.185730e+06 4.521819e+03 -4.917801e+02 -1.621237e+03 1.028091e+04
7.135857e-01 1.189585e+06 6.066649e+02 -9.641505e+01 5.260299e+03 1.096692e+04
7.153810e-01 1.189588e+06 4.073515e+03 -3.225646e+03 -3.813433e+03 1.843026e+04
7.171769e-01 1.189171e+06 4.388595e+03 1.781030e+03 -1.053325e+03 1.479462e+04
7.189721e-01 1.189070e+06 2.785068e+03 -1.333406e+03 1.918517e+03 9.326596e+03
7.207688e-01 1.188961e+06 3.746223e+03 -5.948914e+03 1.447570e+03 7.229561e+03
7.225642e-01 1.188795e+06 2.914482e+03 -8.131817e+03 9.761368e+02 1.086601e+04
7.243583e-01 1.191267e+06 4.508663e+03 -7.021636e+03 -6.876519e+02 9.465983e+03
7.261538e-01 1.187170e+06 3.352345e+03 -3.012394e+03 -9.335988e+02 1.929041e+04
7.279497e-01 1.185565e+06 6.833274e+03 1.479103e+03 -2.838075e+03 1.536855e+04
7.297435e-01 1.183698e+06 2.419886e+03 3.142583e+03 -1.214291e+03 1.066404e+04
7.315366e-01 1.184502e+06 3.297963e+03 1.950926e+03 -3.320528e+03 2.896678e+03
7.333339e-01 1.184678e+06 4.096819e+03 5.032950e+03 -4.696734e+03 -9.521166e+03
7.351305e-01 1.183795e+06 3.839305e+03 9.930380e+03 3.589043e+02 -1.458277e+04
7.369246e-01 1.186264e+06 2.343636e+03 6.951874e+03 5.837899e+03 -5.132291e+03
7.387207e-01 1.188778e+06 2.132523e+03 3.165542e+02 5.716614e+03 1.659913e+03
7.405164e-01 1.188582e+06 4.988281e+03 -4.147125e+03 -2.852236e+03 6.933456e+02
7.423108e-01 1.185376e+06 3.327229e+03 -6.114191e+03 1.884846e+03 4.179553e+03
7.441040e-01 1.186556e+06 5.049297e+03 -5.026016e+03 -2.516941e+03 -6.399403e+03
7.458996e-01 1.184830e+06 1.635244e+03 -2.876262e+03 1.667913e+03 4.842991e+03
7.476955e-01 1.190620e+06 1.290686e+03 -4.504988e+03 4.829806e+03 4.034376e+03
7.494882e-01 1.190895e+06 5.198412e+03 -6.492386e+03 -3.591029e+03 9.713153e+03
7.512836e-01 1.190515e+06 3.586188e+03 -5.996700e+03 8.326643e+02 7.047628e+03
7.530799e-01 1.190272e+06 4.343758e+03 -2.540460e+03 -5.330978e+03 -4.124809e+03
7.548749e-01 1.186446e+06 4.623726e+03 -1.599014e+03 7.675701e+02 -1.658206e+03
7.566699e-01 1.188722e+06 4.902372e+03 5.908964e+02 3.936746e+01 -1.403460e+03
7.584671e-01 1.187386e+06 2.887035e+03 7.324199e+02 1.546531e+03 9.598070e+03
7.602633e-01 1.190496e+06 6.204197e+02 -1.706926e+03 4.929594e+03 1.512527e+04
7.620571e-01 1.191760e+06 5.331131e+03 -5.424877e+03 -8.678035e+02 1.017209e+04
7.638531e-01 1.190019e+06 4.321197e+03 -1.352218e+03 -5.493125e+03 5.749020e+03
7.656499e-01 1.186720e+06 4.818880e+03 1.159813e+03 7.545466e+02 3.839098e+02
7.674455e-01 1.186694e+06 4.309534e+03 -1.282617e+03 1.177825e+03 7.229711e+03
7.692400e-01 1.188763e+06 2.290692e+03 -2.760124e+03 4.620212e+03 9.191658e+03
7.710340e-01 1.188944e+06 3.556583e+03 -4.127354e+03 -1.420810e+03 1.313152e+04
7.728276e-01 1.187479e+06 5.312996e+03 -7.635588e+02 -3.835645e+03 9.068822e+03
7.746220e-01 1.186185e+06 4.963023e+03 1.064271e+03 -1.995581e+03 5.697670e+02
7.764173e-01 1.185635e+06 2.741573e+03 1.879687e+03 1.502900e+03 1.588542e+03
7.782136e-01 1.187002e+06 3.772298e+03 2.611582e+03 -2.207138e+03 5.913763e+03
7.800117e-01 1.188680e+06 4.504019e+03 8.513844e+03 -4.425014e+02 6.875708e+03
7.818056e-01 1.185758e+06 5.609357e+03 1.185221e+04 -3.382387e+03 5.736156e+03
7.835979e-01 1.181303e+06 4.318047e+03 1.538468e+04 -1.115531e+03 8.513763e+02
7.853947e-01 1.181451e+06 2.047581e+03 1.142858e+04 5.765811e+03 4.314668e+03
7.871903e-01 1.187427e+06 4.591287e+03 9.101384e+03 -2.336486e+03 -4.336696e+03
7.889853e-01 1.185267e+06 2.650827e+03 1.105381e+04 -1.056894e+03 3.094752e+03
7.907819e-01 1.188784e+06 3.357444e+03 8.812480e+03 3.804828e+03 2.143052e+03
7.925772e-01 1.189433e+06 3.886660e+03 3.326841e+03 1.210620e+03 8.014671e+03
7.943719e-01 1.184452e+06 6.225804e+03 4.071846e+03 -1.686155e+03 3.775896e+03
7.961659e-01 1.184056e+06 2.696418e+03 5.407474e+03 -7.305167e+02 4.801475e+02
7.979598e-01 1.183673e+06 4.272625e+03 5.665487e+03 -1.414757e+03 7.368044e+02
7.997559e-01 1.186353e+06 3.657847e+03 6.457272e+03 3.909098e+03 4.222878e+03
8.015520e-01 1.187196e+06 1.381693e+03 1.998064e+03 5.673869e+03 1.266745e+04
8.033475e-01 1.189952e+06 3.977434e+03 -3.777143e+03 1.156807e+03 1.508553e+04
8.051404e-01 1.186726e+06 6.055881e+03 -6.300450e+03 -1.768380e+03 1.098456e+04
8.069349e-01 1.185840e+06 2.458760e+03 -7.749435e+03 3.805534e+02 9.124959e+03
8.087329e-01 1.189127e+06 4.547592e+03 -9.370793e+03 -2.313246e+03 3.378409e+02
8.105286e-01 1.188684e+06 3.828903e+03 -3.291419e+03 -6.465211e+02 4.421179e+03
8.123233e-01 1.188327e+06 5.268096e+03 8.631664e+02 -3.865824e+03 3.775342e+03
8.141188e-01 1.187355e+06 4.237493e+03 6.252896e+03 1.152738e+03 7.299185e+03
8.159142e-01 1.184300e+06 5.705581e+03 9.327202e+03 -4.673074e+03 7.956957e+02
8.177087e-01 1.184283e+06 3.507564e+03 1.146688e+04 3.688574e+02 -4.296810e+03
8.195037e-01 1.185648e+06 2.215644e+03 6.476991e+03 2.608915e+03 -6.963241e+02
8.212995e-01 1.188428e+06 5.202825e+03 4.743188e+03 4.251508e+03 -2.040793e+03
8.230953e-01 1.185817e+06 2.652889e+03 7.694250e+02 2.927722e+03 1.194462e+04
8.248902e-01 1.187319e+06 5.284949e+03 5.790452e+02 -6.136926e+02 1.466267e+04
8.266848e-01 1.185494e+06 5.093311e+03 4.197989e+03 -3.814902e+03 1.430850e+04
8.284792e-01 1.184964e+06 3.577712e+03 7.818559e+03 -1.422626e+03 7.021547e+03
8.302734e-01 1.185614e+06 3.691116e+03 5.685589e+03 2.859417e+03 9.786361e+03
8.320692e-01 1.187985e+06 4.144241e+03 1.527817e+03 2.856849e+03 1.040542e+04
8.338654e-01 1.185515e+06 5.191602e+03 8.514446e+02 -3.992323e+02 1.583162e+04
8.356607e-01 1.186195e+06 2.337716e+03 -2.643221e+03 2.658836e+03 1.430186e+04
8.374562e-01 1.187765e+06 3.287667e+03 -9.863161e+03 2.621071e+03 1.252007e+04
8.392510e-01 1.187916e+06 5.232406e+03 -1.152589e+04 -1.615486e+03 8.584984e+03
8.410464e-01 1.186099e+06 4.292968e+03 -8.535841e+03 -4.353525e+03 3.319841e+03
8.428427e-01 1.185396e+06 5.227741e+03 -3.465791e+03 -2.231347e+03 3.847835e+03
8.446371e-01 1.186411e+06 3.409922e+03 -2.375603e+03 3.367375e+03 8.700179e+02
8.464320e-01 1.186585e+06 2.761640e+03 -7.642738e+03 3.154422e+03 2.258580e+03
8.482278e-01 1.188073e+06 7.178968e+03 -9.354427e+03 -4.791029e+03 8.293710e+02
8.500227e-01 1.184912e+06 3.208406e+03 -8.191108e+03 -5.133458e+01 -1.576568e+03
8.518177e-01 1.185675e+06 3.855738e+03 -7.100370e+03 1.928859e+03 -7.799103e+01
8.536137e-01 1.188346e+06 3.583964e+03 -7.906136e+03 -7.537112e+02 -5.047200e+01
8.554088e-01 1.188004e+06 4.343613e+03 -4.782040e+03 9.592252e+02 6.342983e+03
8.572024e-01 1.191974e+06 3.548605e+03 -5.800217e+03 -4.337427e+02 1.529999e+03
8.589967e-01 1.186553e+06 7.511808e+03 -2.126807e+03 -6.093608e+03 2.329031e+03
8.607918e-01 1.183536e+06 4.788941e+03 4.241248e+03 2.412301e+03 -7.836508e+02
8.625869e-01 1.182018e+06 4.834746e+03 2.625535e+03 1.894831e+03 4.485359e+03
8.643824e-01 1.184228e+06 2.868166e+03 1.482933e+03 1.553826e+03 5.475619e+03
8.661785e-01 1.184254e+06 4.330123e+03 2.567076e+03 -2.420700e+03 1.014889e+04
8.679743e-01 1.186874e+06 4.433708e+03 3.515869e+03 4.096319e+02 8.654112e+03
8.697706e-01 1.185518e+06 3.538710e+03 2.312258e+03 -4.080293e+02 5.255763e+03
8.715653e-01 1.186218e+06 5.627079e+03 2.714743e+03 1.263800e+02 5.961197e+03
8.733592e-01 1.187561e+06 2.749468e+03 2.023430e+03 1.322865e+02 4.005849e+03
8.751548e-01 1.184762e+06 6.065486e+03 3.466578e+03 -3.446456e+03 4.523474e+03
8.769502e-01 1.183744e+06 5.543501e+03 7.721175e+03 -8.399238e+02 -9.871021e+02
8.787466e-01 1.183507e+06 3.837362e+03 1.067887e+04 -1.308791e+03 -7.752823e+02
8.805415e-01 1.185210e+06 4.137626e+03 7.459892e+03 2.704631e+03 -6.252605e+02
8.823359e-01 1.186035e+06 3.819790e+03 4.662706e+03 6.454377e+02 -2.249721e+03
8.841313e-01 1.184609e+06 5.189079e+03 5.822157e+03 -5.436553e+02 6.177439e+03
8.859273e-01 1.186012e+06 4.664835e+03 8.291693e+03 -8.509157e+01 4.129579e+02
8.877230e-01 1.185867e+06 3.054207e+03 4.473849e+03 3.395309e+03 7.569874e+03
8.895175e-01 1.186816e+06 5.531501e+03 2.783501e+03 1.364702e+03 7.144319e+03
8.913122e-01 1.184008e+06 5.063014e+03 1.280500e+03 -3.080389e+01 9.471829e+03
8.931078e-01 1.187058e+06 2.340769e+03 -2.607128e+03 3.301324e+03 9.466625e+03
8.949034e-01 1.186963e+06 4.426382e+03 -2.836855e+03 -1.739677e+03 7.216720e+03
8.966974e-01 1.184786e+06 7.270633e+03 2.701646e+03 -4.298005e+03 4.190688e+03
8.984931e-01 1.184650e+06 3.708816e+03 5.377791e+03 -1.770634e+03 -1.461877e+03
9.002874e-01 1.187066e+06 3.286855e+03 2.606356e+03 -1.625203e+03 -9.403582e+03
9.020815e-01 1.187892e+06 3.383500e+03 1.645192e+03 2.866860e+03 -8.841736e+03
9.038774e-01 1.190267e+06 5.932535e+03 -1.201174e+03 2.575536e+03 -1.053901e+04
9.056723e-01 1.186281e+06 4.648997e+03 -1.629503e+03 2.072201e+03 1.728499e+03
9.074684e-01 1.187240e+06 4.948626e+03 -1.414914e+03 1.244910e+03 6.694521e+03
9.092635e-01 1.188247e+06 4.858465e+03 5.934016e+02 -3.411151e+03 4.391930e+03
9.110582e-01 1.183025e+06 6.092933e+03 3.078829e+03 -1.248604e+03 7.750824e+03
9.128546e-01 1.184069e+06 3.212313e+03 2.047525e+03 2.755597e+03 -7.325143e+02
9.146502e-01 1.186816e+06 5.076616e+03 1.609253e+03 -2.824330e+03 -2.346614e+03
9.164437e-01 1.186474e+06 2.727074e+03 7.207520e+02 1.725510e+03 -3.556097e+03
9.182390e-01 1.186865e+06 7.733830e+03 7.305945e+02 -2.466443e+03 -2.932560e+03
