# k, q0, q1/i, q2, q3/i, q4, norm, alpha = 0.0001269817568386293, 0.020396601297980627
0.000000e+00 2.036756e+06 0.000000e+00 0.000000e+00 0.000000e+00 9.812591e+05
2.542755e-03 1.425303e+06 3.070388e+05 1.308772e+05 2.059527e+05 -1.693594e+05
4.308321e-03 7.638034e+05 1.863280e+05 2.798517e+05 1.287616e+05 5.660714e+04
6.127972e-03 2.962516e+05 3.173430e+04 2.334560e+05 1.774972e+05 -4.019947e+04
7.953317e-03 8.951362e+04 -2.964553e+04 1.088981e+05 6.577611e+04 2.268321e+04
9.814571e-03 2.310587e+04 -1.746914e+04 1.270439e+04 1.307079e+04 7.572732e+03
1.156539e-02 8.720947e+03 -2.515853e+03 -1.711137e+04 2.103422e+03 8.482608e+03
1.336205e-02 8.370385e+03 3.308377e+03 -8.310440e+03 1.042790e+04 6.237872e+03
1.519307e-02 7.940300e+03 2.465115e+03 2.129993e+03 1.057195e+04 1.416086e+04
1.700413e-02 5.505741e+03 -3.409261e+02 5.268873e+03 4.439020e+03 1.690926e+04
1.878921e-02 3.096385e+03 -1.424703e+03 1.612505e+03 -6.200230e+02 1.182968e+04
2.056181e-02 1.645985e+03 -6.871582e+02 -1.712282e+03 -1.614897e+03 5.083986e+03
2.237315e-02 1.071939e+03 1.639774e+02 -2.220375e+03 -1.081579e+02 1.715193e+03
2.420702e-02 9.507576e+02 5.534991e+02 -7.234875e+02 1.096255e+03 1.940617e+03
2.604330e-02 9.054413e+02 2.891483e+02 6.425718e+02 1.021311e+03 3.263798e+03
2.781707e-02 7.217694e+02 -8.313313e+01 8.179129e+02 1.798823e+02 3.366501e+03
2.956466e-02 4.745483e+02 -2.414606e+02 2.816440e+02 -3.202751e+02 2.218535e+03
3.136513e-02 2.894471e+02 -1.467374e+02 -3.616274e+02 -2.765836e+02 9.296321e+02
3.317513e-02 2.090951e+02 2.805599e+01 -4.495938e+02 6.348540e+01 3.749345e+02
3.497165e-02 2.262933e+02 1.134484e+02 -1.787153e+02 2.942989e+02 5.932021e+02
3.677184e-02 2.402022e+02 7.039999e+01 1.166269e+02 2.258443e+02 9.809254e+02
3.856197e-02 2.102649e+02 -2.356457e+01 1.728844e+02 2.640495e+01 1.017506e+03
4.034231e-02 1.463112e+02 -6.844536e+01 9.845408e+00 -1.125068e+02 6.807891e+02
4.214741e-02 9.284695e+01 -4.069930e+01 -1.447533e+02 -9.048294e+01 3.103646e+02
4.395085e-02 7.434486e+01 1.490803e+01 -1.672156e+02 2.486588e+01 1.687995e+02
4.574462e-02 7.934948e+01 4.106733e+01 -6.015255e+01 1.053281e+02 2.604372e+02
4.755674e-02 8.997047e+01 2.044886e+01 4.020422e+01 8.265341e+01 4.026245e+02
4.935944e-02 8.095612e+01 -1.255824e+01 4.809098e+01 1.688892e+00 4.000667e+02
5.113615e-02 6.105887e+01 -2.747354e+01 -1.373557e+01 -4.869281e+01 2.766719e+02
5.293674e-02 4.023792e+01 -1.399048e+01 -7.436568e+01 -3.396586e+01 1.286110e+02
5.472727e-02 3.516739e+01 9.538857e+00 -7.713197e+01 1.594646e+01 8.587309e+01
5.651697e-02 3.910417e+01 1.979984e+01 -2.511019e+01 4.651622e+01 1.381781e+02
5.831477e-02 4.427388e+01 1.179216e+01 2.492449e+01 3.470924e+01 2.091633e+02
6.011451e-02 4.043965e+01 -5.088684e+00 3.331404e+01 -3.421651e+00 2.124476e+02
6.191171e-02 3.004979e+01 -1.377809e+01 9.501604e-01 -2.853458e+01 1.456518e+02
6.370712e-02 2.047901e+01 -8.921905e+00 -3.236199e+01 -2.155149e+01 7.112833e+01
6.550732e-02 1.693484e+01 2.289088e+00 -3.909882e+01 4.140592e+00 4.206289e+01
6.729498e-02 1.892686e+01 8.415455e+00 -1.944555e+01 2.099081e+01 6.399905e+01
6.908598e-02 2.155566e+01 5.418773e+00 2.416757e+00 1.578160e+01 9.671236e+01
7.088188e-02 2.006973e+01 -2.151373e+00 6.486555e+00 -1.588226e+00 9.794344e+01
7.268232e-02 1.567654e+01 -6.041728e+00 -7.562353e+00 -1.244830e+01 6.846095e+01
7.447792e-02 1.133751e+01 -3.081364e+00 -2.163807e+01 -7.487811e+00 3.592691e+01
7.627282e-02 1.013974e+01 2.642529e+00 -2.090259e+01 5.593756e+00 2.830033e+01
7.807562e-02 1.195629e+01 5.252848e+00 -7.325032e+00 1.326383e+01 4.629699e+01
7.988558e-02 1.355129e+01 2.524385e+00 5.662894e+00 8.452949e+00 6.516296e+01
8.168049e-02 1.279888e+01 -2.238513e+00 6.239796e+00 -2.768750e+00 6.459840e+01
8.345709e-02 9.826408e+00 -4.406569e+00 -3.847480e+00 -9.076324e+00 4.394140e+01
8.524436e-02 7.054433e+00 -2.434694e+00 -1.365497e+01 -5.641212e+00 2.218439e+01
8.704550e-02 6.530858e+00 1.548413e+00 -1.436861e+01 3.247573e+00 1.706639e+01
8.884478e-02 7.656723e+00 3.570354e+00 -5.689158e+00 8.537578e+00 2.829545e+01
9.064103e-02 8.830855e+00 2.212855e+00 3.366878e+00 6.046458e+00 4.203464e+01
9.243897e-02 8.442228e+00 -9.893745e-01 4.835137e+00 -9.511381e-01 4.291988e+01
9.423607e-02 6.711611e+00 -2.738286e+00 -1.295987e+00 -5.576587e+00 3.065572e+01
9.603871e-02 4.965796e+00 -1.767485e+00 -8.199365e+00 -4.042286e+00 1.647125e+01
9.782410e-02 4.300843e+00 4.951027e-01 -9.478939e+00 9.434728e-01 1.135307e+01
9.961474e-02 4.798224e+00 1.830167e+00 -5.244803e+00 4.267026e+00 1.662434e+01
1.014127e-01 5.392965e+00 1.112519e+00 -3.003497e-01 3.021990e+00 2.370079e+01
1.031985e-01 5.243916e+00 -5.853176e-01 6.582324e-01 -8.048339e-01 2.440749e+01
1.049957e-01 4.296251e+00 -1.478675e+00 -2.769486e+00 -3.154083e+00 1.747312e+01
1.067952e-01 3.319870e+00 -8.594379e-01 -6.128804e+00 -1.979390e+00 9.830262e+00
1.085930e-01 3.090694e+00 5.469657e-01 -6.319302e+00 1.132324e+00 8.041326e+00
1.103885e-01 3.506385e+00 1.228976e+00 -3.212516e+00 2.914260e+00 1.228103e+01
1.121821e-01 3.906267e+00 6.033162e-01 -1.968159e-01 1.726871e+00 1.687217e+01
1.139837e-01 3.728568e+00 -5.502883e-01 8.011120e-02 -8.881175e-01 1.663802e+01
1.157773e-01 3.037361e+00 -1.073832e+00 -2.367239e+00 -2.318923e+00 1.161281e+01
1.175730e-01 2.440176e+00 -4.874425e-01 -4.749211e+00 -1.168355e+00 6.703802e+00
1.193666e-01 2.359255e+00 5.333812e-01 -4.483550e+00 1.228042e+00 6.128117e+00
1.211543e-01 2.766622e+00 9.858909e-01 -1.972477e+00 2.459032e+00 9.845177e+00
1.229561e-01 3.102835e+00 4.920872e-01 4.479462e-01 1.425311e+00 1.356017e+01
1.247542e-01 2.997447e+00 -4.145015e-01 6.219752e-01 -7.399175e-01 1.351789e+01
1.265466e-01 2.469192e+00 -8.415077e-01 -1.405315e+00 -1.946119e+00 9.482756e+00
1.283363e-01 1.946244e+00 -4.540124e-01 -3.241914e+00 -1.202583e+00 5.247173e+00
1.301269e-01 1.843514e+00 3.315398e-01 -3.380371e+00 5.666518e-01 4.375786e+00
1.319334e-01 2.046726e+00 7.565783e-01 -1.574822e+00 1.630049e+00 6.779050e+00
1.337370e-01 2.246352e+00 4.419460e-01 2.811499e-01 1.052634e+00 9.512019e+00
1.355323e-01 2.169424e+00 -2.236542e-01 5.483704e-01 -4.124589e-01 9.634307e+00
1.373301e-01 1.838492e+00 -6.003039e-01 -7.463219e-01 -1.333001e+00 7.038892e+00
1.391197e-01 1.493453e+00 -3.791837e-01 -2.256991e+00 -9.048358e-01 4.009192e+00
1.409058e-01 1.366327e+00 1.239949e-01 -2.494682e+00 2.635739e-01 2.985617e+00
1.427003e-01 1.508488e+00 4.140661e-01 -1.551247e+00 9.863909e-01 4.332024e+00
1.444928e-01 1.677433e+00 2.512738e-01 -4.430133e-01 6.746342e-01 6.076063e+00
1.462886e-01 1.650113e+00 -1.440847e-01 -2.439181e-01 -2.580577e-01 6.220924e+00
1.480924e-01 1.427755e+00 -3.496973e-01 -1.039021e+00 -8.194774e-01 4.596181e+00
1.498892e-01 1.191497e+00 -1.883660e-01 -1.832896e+00 -5.343692e-01 2.795360e+00
1.516798e-01 1.141443e+00 1.333880e-01 -1.883414e+00 2.298085e-01 2.395007e+00
1.534759e-01 1.242630e+00 2.903006e-01 -1.163790e+00 6.618834e-01 3.398028e+00
1.552766e-01 1.331869e+00 1.315537e-01 -4.662610e-01 3.904798e-01 4.446459e+00
1.570706e-01 1.289313e+00 -1.422663e-01 -4.789967e-01 -2.440270e-01 4.279974e+00
1.588578e-01 1.134394e+00 -2.403854e-01 -1.069025e+00 -5.645117e-01 3.081555e+00
1.606585e-01 9.957550e-01 -7.707059e-02 -1.556235e+00 -2.499604e-01 1.969365e+00
1.624649e-01 9.890418e-01 1.673352e-01 -1.378494e+00 3.400697e-01 1.993950e+00
1.642557e-01 1.092778e+00 2.414823e-01 -7.017750e-01 5.862146e-01 2.993917e+00
1.660459e-01 1.180487e+00 8.168568e-02 -1.822894e-01 2.548183e-01 3.842420e+00
1.678421e-01 1.138735e+00 -1.426132e-01 -2.740220e-01 -2.896782e-01 3.619935e+00
1.696353e-01 9.939576e-01 -2.089838e-01 -8.099610e-01 -5.014228e-01 2.534058e+00
1.714286e-01 8.725324e-01 -7.495955e-02 -1.230030e+00 -2.070233e-01 1.595894e+00
1.732198e-01 8.562405e-01 1.110717e-01 -1.130450e+00 2.424303e-01 1.597242e+00
1.750152e-01 9.207155e-01 1.520824e-01 -6.806961e-01 3.837823e-01 2.280795e+00
1.768177e-01 9.588750e-01 2.010386e-02 -3.874400e-01 1.066272e-01 2.736568e+00
1.786121e-01 9.039382e-01 -1.240807e-01 -5.656078e-01 -2.488491e-01 2.355698e+00
1.804030e-01 8.049704e-01 -1.016818e-01 -9.665887e-01 -2.421613e-01 1.560745e+00
1.822028e-01 7.635522e-01 8.877020e-02 -1.025010e+00 1.885048e-01 1.276078e+00
1.839998e-01 8.561121e-01 2.854246e-01 -4.932108e-01 6.677060e-01 2.073399e+00
1.857937e-01 1.016653e+00 2.865297e-01 3.538818e-01 7.074101e-01 3.498054e+00
1.875926e-01 1.101029e+00 6.829131e-02 8.587179e-01 2.256259e-01 4.339962e+00
1.893867e-01 1.045758e+00 -1.941443e-01 6.481660e-01 -3.764644e-01 3.946996e+00
1.911794e-01 8.807790e-01 -2.875119e-01 -9.381364e-02 -6.274100e-01 2.565696e+00
1.929763e-01 7.326376e-01 -1.523791e-01 -7.339417e-01 -3.725230e-01 1.300051e+00
1.947689e-01 6.980127e-01 7.679752e-02 -8.120834e-01 1.317563e-01 1.021858e+00
1.965614e-01 7.616453e-01 1.864702e-01 -3.665231e-01 4.034979e-01 1.664296e+00
1.983545e-01 8.358091e-01 1.083525e-01 9.798086e-02 2.606264e-01 2.428559e+00
2.001492e-01 8.275601e-01 -6.343579e-02 1.588794e-01 -1.231655e-01 2.491326e+00
2.019476e-01 7.363118e-01 -1.595911e-01 -1.910107e-01 -3.511735e-01 1.791084e+00
2.037448e-01 6.464458e-01 -1.004244e-01 -5.838213e-01 -2.397351e-01 1.017646e+00
2.055436e-01 6.254219e-01 4.053935e-02 -6.604859e-01 8.087934e-02 8.125764e-01
2.073409e-01 6.733469e-01 1.284428e-01 -3.877376e-01 2.897980e-01 1.243106e+00
2.091331e-01 7.223611e-01 8.500889e-02 -6.629138e-02 2.178291e-01 1.766667e+00
2.109295e-01 7.224062e-01 -2.510619e-02 1.134732e-02 -2.701852e-02 1.846591e+00
2.127243e-01 6.735619e-01 -8.930705e-02 -1.936763e-01 -1.929304e-01 1.452295e+00
2.145132e-01 6.243953e-01 -5.497011e-02 -4.280685e-01 -1.320623e-01 9.838964e-01
2.163084e-01 6.117279e-01 3.347691e-02 -4.512938e-01 6.557056e-02 8.706988e-01
2.181043e-01 6.352656e-01 7.663115e-02 -2.503275e-01 1.627254e-01 1.146846e+00
2.198991e-01 6.540848e-01 3.152793e-02 -5.767594e-02 6.404474e-02 1.431808e+00
2.216975e-01 6.374315e-01 -5.295914e-02 -7.633285e-02 -1.181750e-01 1.368479e+00
2.234966e-01 5.929185e-01 -8.804833e-02 -2.844781e-01 -1.858042e-01 9.793628e-01
2.252970e-01 5.586370e-01 -3.930562e-02 -4.702733e-01 -6.888275e-02 6.320992e-01
2.270852e-01 5.604680e-01 4.498238e-02 -4.445423e-01 1.186980e-01 6.346343e-01
2.288723e-01 5.951145e-01 8.212357e-02 -2.423532e-01 1.911090e-01 9.590755e-01
2.306695e-01 6.218410e-01 3.761803e-02 -5.657193e-02 9.244391e-02 1.261127e+00
2.324665e-01 6.148136e-01 -3.978896e-02 -6.038669e-02 -7.468791e-02 1.237677e+00
2.342627e-01 5.740888e-01 -7.508878e-02 -2.405473e-01 -1.571542e-01 8.966964e-01
2.360563e-01 5.371881e-01 -3.441859e-02 -4.010241e-01 -7.872168e-02 5.686569e-01
2.378553e-01 5.349649e-01 3.426773e-02 -3.997917e-01 6.500401e-02 5.465723e-01
2.396569e-01 5.576207e-01 6.489596e-02 -2.330179e-01 1.304597e-01 7.878827e-01
2.414498e-01 5.768802e-01 2.782525e-02 -8.590552e-02 5.377200e-02 1.010998e+00
2.432397e-01 5.681297e-01 -3.319487e-02 -9.286536e-02 -7.873666e-02 9.697917e-01
2.450345e-01 5.340014e-01 -5.402918e-02 -2.243182e-01 -1.353753e-01 7.014229e-01
2.468308e-01 5.044607e-01 -1.905026e-02 -3.343666e-01 -5.658348e-02 4.635639e-01
2.486244e-01 5.035088e-01 4.031755e-02 -3.000006e-01 7.573810e-02 4.668657e-01
2.504185e-01 5.278007e-01 6.118728e-02 -1.446355e-01 1.332236e-01 6.956587e-01
2.522154e-01 5.521523e-01 2.597600e-02 -2.042399e-02 6.256770e-02 9.076357e-01
2.540114e-01 5.497796e-01 -3.001981e-02 -3.454679e-02 -5.151995e-02 8.817018e-01
2.558058e-01 5.223068e-01 -5.218398e-02 -1.692429e-01 -1.027633e-01 6.381380e-01
2.576012e-01 4.926037e-01 -2.304706e-02 -2.818877e-01 -4.413983e-02 4.126808e-01
2.593962e-01 4.885337e-01 2.467730e-02 -2.766994e-01 5.400500e-02 4.122526e-01
2.611937e-01 5.070650e-01 4.597440e-02 -1.628834e-01 9.168521e-02 5.925109e-01
2.629942e-01 5.211719e-01 2.169470e-02 -5.522866e-02 2.814091e-02 7.445474e-01
2.647885e-01 5.111491e-01 -2.222271e-02 -5.615487e-02 -6.929872e-02 6.961497e-01
2.665811e-01 4.857147e-01 -4.290804e-02 -1.579657e-01 -1.037584e-01 4.861038e-01
2.683801e-01 4.668434e-01 -1.769412e-02 -2.496875e-01 -3.905629e-02 3.072090e-01
2.701729e-01 4.694533e-01 2.565685e-02 -2.357918e-01 5.597996e-02 3.112565e-01
2.719632e-01 4.870515e-01 4.512187e-02 -1.231444e-01 9.840669e-02 4.793560e-01
2.737587e-01 5.055608e-01 2.378164e-02 -2.215211e-02 5.087429e-02 6.431821e-01
2.755578e-01 5.023136e-01 -1.484286e-02 -2.100611e-02 -3.045700e-02 6.345615e-01
2.773550e-01 4.817194e-01 -3.170403e-02 -1.024661e-01 -6.928071e-02 4.787629e-01
2.791459e-01 4.589450e-01 -1.534034e-02 -1.783874e-01 -3.172712e-02 3.287296e-01
2.809385e-01 4.565894e-01 1.485130e-02 -1.790158e-01 3.633575e-02 3.219456e-01
2.827312e-01 4.718723e-01 2.664822e-02 -1.084181e-01 6.254452e-02 4.455521e-01
2.845296e-01 4.827395e-01 9.816079e-03 -4.533952e-02 2.017288e-02 5.522766e-01
2.863269e-01 4.753775e-01 -1.901935e-02 -5.667945e-02 -4.458584e-02 5.216414e-01
2.881173e-01 4.574632e-01 -2.810692e-02 -1.289195e-01 -6.338420e-02 3.815067e-01
2.899148e-01 4.425175e-01 -1.038104e-02 -1.876268e-01 -1.502175e-02 2.719429e-01
2.917136e-01 4.477253e-01 1.783178e-02 -1.723551e-01 5.155049e-02 2.939339e-01
2.935083e-01 4.650255e-01 2.906723e-02 -9.610308e-02 6.985085e-02 4.201525e-01
2.953064e-01 4.761882e-01 1.057880e-02 -4.088987e-02 2.506453e-02 5.226310e-01
2.971025e-01 4.722557e-01 -2.031914e-02 -5.592973e-02 -3.245169e-02 4.966582e-01
2.988941e-01 4.570138e-01 -2.977588e-02 -1.273344e-01 -5.504665e-02 3.623423e-01
3.006873e-01 4.422385e-01 -9.346128e-03 -1.903331e-01 -2.546112e-02 2.509156e-01
3.024817e-01 4.407203e-01 1.719811e-02 -1.763853e-01 2.576402e-02 2.546541e-01
3.042771e-01 4.505627e-01 2.678670e-02 -1.101802e-01 4.499523e-02 3.474020e-01
3.060756e-01 4.567033e-01 1.175458e-02 -5.470249e-02 6.889096e-03 4.189353e-01
3.078722e-01 4.473007e-01 -1.241711e-02 -6.115177e-02 -4.013179e-02 3.786098e-01
3.096648e-01 4.346014e-01 -2.312981e-02 -1.196123e-01 -4.426223e-02 2.637900e-01
3.114599e-01 4.310057e-01 -7.945742e-03 -1.690504e-01 6.416447e-04 1.840718e-01
3.132555e-01 4.399114e-01 1.750938e-02 -1.534380e-01 5.660846e-02 2.275513e-01
3.150527e-01 4.546724e-01 2.860721e-02 -8.621826e-02 7.434923e-02 3.570570e-01
3.168493e-01 4.612785e-01 1.585916e-02 -2.493020e-02 3.360038e-02 4.620326e-01
3.186391e-01 4.547632e-01 -4.477044e-03 -2.040620e-02 -2.776603e-02 4.471210e-01
3.204305e-01 4.396875e-01 -1.393652e-02 -6.139887e-02 -5.222384e-02 3.427878e-01
3.222280e-01 4.314841e-01 -3.849267e-03 -9.931936e-02 -2.295681e-02 2.499402e-01
3.240267e-01 4.322743e-01 1.535406e-02 -8.240407e-02 2.281268e-02 2.552654e-01
3.258197e-01 4.390800e-01 2.001117e-02 -2.865622e-02 4.040398e-02 3.395863e-01
3.276150e-01 4.433723e-01 2.667505e-03 1.135344e-02 1.518877e-02 4.076948e-01
3.294148e-01 4.400287e-01 -1.894837e-02 -1.033984e-02 -2.927536e-02 3.759118e-01
3.312085e-01 4.308910e-01 -2.447969e-02 -7.614239e-02 -4.583568e-02 2.708802e-01
3.330031e-01 4.237242e-01 -8.454232e-03 -1.231895e-01 -1.758649e-02 1.838829e-01
3.347987e-01 4.248879e-01 1.239723e-02 -1.187019e-01 2.699983e-02 1.883618e-01
3.365969e-01 4.349197e-01 1.999137e-02 -6.866991e-02 4.376027e-02 2.754858e-01
3.383923e-01 4.406408e-01 9.276926e-03 -2.604743e-02 1.626781e-02 3.414209e-01
3.401828e-01 4.350370e-01 -7.598457e-03 -2.877930e-02 -2.797336e-02 3.212741e-01
3.419763e-01 4.204067e-01 -1.486615e-02 -7.016384e-02 -4.120938e-02 2.347148e-01
3.437730e-01 4.099116e-01 -4.588176e-03 -1.046262e-01 -1.000157e-02 1.603625e-01
3.455681e-01 4.127369e-01 1.530577e-02 -9.023432e-02 3.537551e-02 1.802379e-01
3.473617e-01 4.234864e-01 2.360677e-02 -3.318772e-02 5.111891e-02 2.788901e-01
3.491590e-01 4.347211e-01 1.208279e-02 2.248991e-02 2.792299e-02 3.787378e-01
3.509566e-01 4.351127e-01 -7.733554e-03 3.083027e-02 -2.199305e-02 3.889338e-01
3.527534e-01 4.241709e-01 -1.911171e-02 -9.431622e-03 -4.963659e-02 3.114819e-01
3.545449e-01 4.102417e-01 -1.571218e-02 -5.877246e-02 -3.774710e-02 2.111374e-01
3.563372e-01 4.041646e-01 -2.628391e-03 -8.278622e-02 -3.823614e-03 1.585626e-01
3.581341e-01 4.072750e-01 7.561481e-03 -7.457207e-02 1.760653e-02 1.732899e-01
3.599303e-01 4.123242e-01 5.089247e-03 -5.817859e-02 1.113407e-02 1.995329e-01
3.617254e-01 4.127853e-01 -2.875646e-03 -6.185704e-02 -1.100575e-02 1.937423e-01
3.635200e-01 4.076137e-01 -5.717171e-03 -8.376972e-02 -2.347373e-02 1.454930e-01
3.653165e-01 4.024349e-01 2.984140e-03 -9.585194e-02 -8.114044e-03 1.092505e-01
3.671116e-01 4.034091e-01 1.399899e-02 -7.786489e-02 2.341905e-02 1.287045e-01
3.689088e-01 4.101321e-01 1.747592e-02 -3.432083e-02 4.028596e-02 1.930861e-01
3.707076e-01 4.167848e-01 1.152813e-02 4.031994e-03 2.968194e-02 2.604932e-01
3.725001e-01 4.175631e-01 -1.509328e-03 1.062285e-02 -7.319741e-04 2.761722e-01
3.742913e-01 4.107656e-01 -7.582785e-03 -9.122745e-03 -2.070376e-02 2.318294e-01
3.760877e-01 4.043904e-01 -3.905676e-03 -3.126283e-02 -2.006706e-02 1.778230e-01
3.778836e-01 4.021841e-01 2.957427e-03 -3.578947e-02 -1.398089e-03 1.580712e-01
3.796766e-01 4.048744e-01 4.680105e-03 -2.194748e-02 7.979718e-03 1.767507e-01
3.814707e-01 4.055602e-01 1.397896e-04 -1.236070e-02 -1.830318e-03 1.921881e-01
3.832699e-01 4.005449e-01 -7.478336e-03 -2.241276e-02 -1.838489e-02 1.745167e-01
3.850666e-01 3.934996e-01 -9.314598e-03 -4.700569e-02 -2.162072e-02 1.299280e-01
3.868579e-01 3.898401e-01 -2.024673e-03 -6.549828e-02 -4.988437e-03 9.560739e-02
3.886538e-01 3.939728e-01 8.530532e-03 -5.930350e-02 1.890614e-02 1.071378e-01
3.904491e-01 4.025283e-01 1.263139e-02 -3.106241e-02 2.642907e-02 1.576940e-01
3.922449e-01 4.091098e-01 6.448063e-03 -5.299345e-03 1.596350e-02 2.040836e-01
3.940400e-01 4.084407e-01 -4.046604e-03 -3.521879e-03 -8.303067e-03 2.066820e-01
3.958317e-01 4.032594e-01 -1.057359e-02 -2.742071e-02 -2.197685e-02 1.651690e-01
3.976289e-01 3.981942e-01 -8.023660e-03 -5.716048e-02 -1.632488e-02 1.134382e-01
3.994255e-01 3.949027e-01 6.798379e-04 -6.922298e-02 -4.968123e-03 9.238347e-02
4.012204e-01 3.938375e-01 6.481997e-03 -6.101658e-02 4.222147e-03 1.030033e-01
4.030168e-01 3.935798e-01 3.150081e-03 -4.922631e-02 5.500820e-03 1.164224e-01
4.048122e-01 3.946920e-01 -2.518171e-03 -4.892657e-02 9.938324e-05 1.157168e-01
4.066062e-01 3.949275e-01 -4.038631e-03 -6.016826e-02 -3.566879e-03 1.001069e-01
4.084001e-01 3.950222e-01 1.153296e-03 -6.532939e-02 9.111362e-04 9.168009e-02
4.101968e-01 3.958201e-01 7.088750e-03 -5.652126e-02 8.272469e-03 1.039530e-01
4.119946e-01 3.966969e-01 7.241740e-03 -3.970347e-02 9.788225e-03 1.293464e-01
4.137897e-01 3.973222e-01 3.282781e-04 -3.177046e-02 4.602693e-03 1.437647e-01
4.155829e-01 3.968149e-01 -5.747587e-03 -4.242387e-02 -4.250837e-03 1.313119e-01
4.173778e-01 3.936112e-01 -4.815139e-03 -5.970490e-02 -7.319392e-03 1.068005e-01
4.191752e-01 3.896144e-01 2.353937e-03 -6.650458e-02 -1.801746e-03 9.220232e-02
4.209702e-01 3.886870e-01 8.651840e-03 -5.338704e-02 4.098203e-03 1.003917e-01
4.227638e-01 3.901080e-01 7.639170e-03 -3.320244e-02 5.547722e-03 1.181990e-01
4.245604e-01 3.921697e-01 2.265214e-03 -2.283585e-02 -2.512248e-03 1.262238e-01
4.263543e-01 3.905936e-01 -3.453894e-03 -3.075457e-02 -8.810093e-03 1.134186e-01
4.281451e-01 3.870865e-01 -4.178806e-03 -4.778022e-02 -2.684413e-03 8.989065e-02
4.299400e-01 3.851312e-01 1.164909e-03 -5.290494e-02 5.915148e-03 7.800615e-02
4.317365e-01 3.879063e-01 8.746713e-03 -4.177535e-02 1.297688e-02 9.630221e-02
4.335323e-01 3.921290e-01 8.152099e-03 -2.058511e-02 9.366173e-03 1.288628e-01
4.353294e-01 3.959606e-01 2.365760e-03 -1.052442e-02 -1.628684e-03 1.398350e-01
4.371263e-01 3.953719e-01 -3.410279e-03 -1.714129e-02 -1.521944e-02 1.184120e-01
4.389235e-01 3.911475e-01 -2.800639e-03 -3.375193e-02 -1.535919e-02 8.225323e-02
4.407180e-01 3.891488e-01 3.054483e-03 -3.853706e-02 7.395218e-04 6.964041e-02
4.425103e-01 3.902115e-01 7.988445e-03 -2.559948e-02 1.864970e-02 9.013882e-02
4.443072e-01 3.947281e-01 8.597336e-03 -2.351316e-03 2.350272e-02 1.316409e-01
4.461036e-01 3.966463e-01 4.103005e-03 1.591751e-02 6.940934e-03 1.602447e-01
4.478956e-01 3.936832e-01 -3.257794e-03 1.201914e-02 -1.289707e-02 1.525160e-01
4.496902e-01 3.882776e-01 -6.990188e-03 -6.984657e-03 -1.981289e-02 1.159438e-01
4.514874e-01 3.843689e-01 -4.595385e-03 -2.778780e-02 -1.316419e-02 7.482016e-02
4.532823e-01 3.824224e-01 -2.180095e-04 -3.670088e-02 2.000961e-05 6.300725e-02
4.550750e-01 3.844795e-01 2.509669e-03 -3.348520e-02 5.851389e-03 6.933132e-02
4.568708e-01 3.853419e-01 2.395882e-03 -2.687931e-02 1.198275e-04 8.015148e-02
4.586693e-01 3.847370e-01 -7.816388e-04 -2.733888e-02 -8.156527e-03 7.583091e-02
4.604629e-01 3.844686e-01 -4.321618e-04 -3.386697e-02 -8.749501e-03 5.660717e-02
4.622570e-01 3.854069e-01 2.520613e-03 -3.619540e-02 -7.041969e-04 4.417519e-02
4.640543e-01 3.875442e-01 6.373290e-03 -2.634089e-02 9.740202e-03 5.315125e-02
4.658487e-01 3.893408e-01 6.709058e-03 -1.084745e-02 1.243369e-02 7.882323e-02
4.676433e-01 3.891190e-01 2.750601e-03 -1.117915e-03 5.503534e-03 1.009184e-01
4.694380e-01 3.867093e-01 -1.666747e-03 -1.787194e-03 -5.426030e-03 9.883879e-02
4.712319e-01 3.810604e-01 -2.404218e-03 -1.278123e-02 -1.258201e-02 7.985938e-02
4.730274e-01 3.769983e-01 -1.543543e-03 -2.357791e-02 -8.870943e-03 5.918567e-02
4.748233e-01 3.766516e-01 -4.244642e-04 -2.921956e-02 -1.152583e-03 5.160650e-02
4.766206e-01 3.801530e-01 3.976213e-04 -2.985995e-02 3.496133e-03 5.213082e-02
4.784155e-01 3.834244e-01 7.905562e-04 -2.911931e-02 4.530170e-04 5.282652e-02
4.802074e-01 3.814545e-01 8.467344e-04 -3.051062e-02 -3.346859e-03 4.840234e-02
4.820041e-01 3.793285e-01 6.110634e-04 -3.241669e-02 1.316212e-03 4.500003e-02
4.838035e-01 3.797148e-01 1.401252e-03 -3.292998e-02 7.992373e-03 5.071020e-02
4.855966e-01 3.822940e-01 3.107627e-03 -2.921020e-02 8.271001e-03 6.418943e-02
4.873905e-01 3.845122e-01 3.081397e-03 -2.252932e-02 1.783234e-03 7.714239e-02
4.891890e-01 3.848093e-01 5.406626e-04 -2.231745e-02 -5.985143e-03 7.780331e-02
4.909845e-01 3.816191e-01 -1.760038e-03 -2.798363e-02 -5.715611e-03 6.167696e-02
4.927778e-01 3.787431e-01 -4.300354e-05 -3.421562e-02 2.803558e-03 5.202800e-02
4.945710e-01 3.785222e-01 3.898396e-03 -3.211601e-02 1.343410e-02 6.158819e-02
4.963686e-01 3.830815e-01 7.080048e-03 -1.908344e-02 1.617117e-02 8.964164e-02
4.981631e-01 3.881349e-01 5.268085e-03 -5.180044e-03 1.078653e-02 1.194158e-01
4.999565e-01 3.908218e-01 5.009678e-04 -1.955609e-03 -3.540696e-03 1.224107e-01
5.017530e-01 3.878461e-01 -2.777400e-03 -8.669753e-03 -1.845793e-02 9.769450e-02
5.035473e-01 3.826521e-01 -3.416518e-03 -2.492284e-02 -1.728451e-02 6.363781e-02
5.053425e-01 3.812461e-01 -6.889678e-04 -3.601805e-02 -1.867349e-03 4.395302e-02
5.071378e-01 3.813404e-01 4.804639e-03 -3.194926e-02 1.008935e-02 5.153435e-02
5.089338e-01 3.817212e-01 7.437794e-03 -1.654687e-02 1.082356e-02 7.779030e-02
5.107304e-01 3.822727e-01 3.191458e-03 -3.351887e-03 5.438402e-03 9.558042e-02
5.125264e-01 3.844743e-01 -2.609806e-03 -5.345569e-03 -4.288956e-03 9.228871e-02
5.143202e-01 3.860399e-01 -2.964861e-03 -1.668219e-02 -9.350637e-03 7.414974e-02
5.161135e-01 3.849373e-01 7.504011e-04 -2.381110e-02 -8.021820e-03 5.596383e-02
5.179077e-01 3.811696e-01 4.474111e-03 -2.156177e-02 -7.589858e-04 5.323659e-02
5.197029e-01 3.797925e-01 3.876309e-03 -1.318929e-02 4.097383e-03 5.911489e-02
5.214989e-01 3.790117e-01 1.408439e-03 -8.973219e-03 2.110864e-04 6.228448e-02
5.232939e-01 3.778999e-01 -6.923369e-04 -1.298435e-02 -6.464064e-03 5.606809e-02
5.250894e-01 3.765492e-01 -1.580899e-03 -2.196241e-02 -6.122347e-03 4.390007e-02
5.268875e-01 3.758130e-01 -1.687024e-04 -2.728789e-02 -1.867040e-03 3.383857e-02
5.286829e-01 3.759677e-01 2.293636e-03 -2.837398e-02 2.615006e-03 3.483486e-02
5.304764e-01 3.771896e-01 2.219048e-03 -2.441588e-02 3.394590e-03 3.979997e-02
5.322718e-01 3.781626e-01 9.318500e-04 -2.295511e-02 7.116384e-04 4.192207e-02
5.340665e-01 3.775711e-01 6.012910e-04 -2.607297e-02 -4.510587e-04 3.599728e-02
5.358628e-01 3.762747e-01 2.731364e-03 -2.674648e-02 -4.803420e-04 3.255336e-02
5.376582e-01 3.753402e-01 5.975676e-03 -2.123533e-02 4.584592e-03 4.100377e-02
5.394517e-01 3.769611e-01 6.375860e-03 -7.184390e-03 7.819639e-03 5.898420e-02
5.412446e-01 3.786841e-01 4.515488e-03 3.892248e-03 2.638712e-03 7.309890e-02
5.430425e-01 3.791915e-01 -1.445856e-04 5.758080e-03 -3.512463e-03 7.312164e-02
5.448396e-01 3.781776e-01 -3.835801e-03 -4.706688e-03 -5.933553e-03 5.529666e-02
5.466312e-01 3.758778e-01 -2.783413e-03 -1.842188e-02 -3.497347e-03 3.816954e-02
5.484273e-01 3.747725e-01 1.927838e-03 -2.401962e-02 2.847029e-03 3.443343e-02
5.502231e-01 3.744430e-01 5.538139e-03 -1.714769e-02 8.340796e-03 4.863831e-02
5.520189e-01 3.749371e-01 5.325832e-03 -5.638543e-03 5.850247e-03 6.668254e-02
5.538138e-01 3.752909e-01 1.152969e-03 -3.303811e-04 -9.884227e-04 7.314165e-02
5.556067e-01 3.753554e-01 -2.602067e-03 -7.321728e-03 -7.425959e-03 5.831516e-02
5.574029e-01 3.756194e-01 -2.015980e-03 -1.959894e-02 -6.271371e-03 4.065923e-02
5.591994e-01 3.766409e-01 2.292708e-03 -2.349079e-02 2.326807e-03 3.318367e-02
5.609943e-01 3.782820e-01 5.973434e-03 -1.598206e-02 8.836231e-03 4.640460e-02
5.627890e-01 3.794394e-01 5.953761e-03 -2.001902e-03 8.019933e-03 6.764218e-02
5.645865e-01 3.790806e-01 1.866670e-03 4.611647e-03 -1.464811e-03 7.558900e-02
5.663833e-01 3.762433e-01 -1.685930e-03 -9.684606e-04 -1.182321e-02 6.295651e-02
5.681768e-01 3.727895e-01 -1.700606e-03 -1.133019e-02 -1.262837e-02 3.846097e-02
5.699714e-01 3.719498e-01 1.687004e-03 -1.673612e-02 -1.428390e-03 2.606587e-02
5.717666e-01 3.746037e-01 6.225536e-03 -9.048331e-03 1.199978e-02 3.716737e-02
5.735604e-01 3.783188e-01 7.586474e-03 7.325922e-03 1.542303e-02 6.633053e-02
5.753547e-01 3.816320e-01 3.713729e-03 2.065567e-02 7.673088e-03 9.057501e-02
5.771493e-01 3.819883e-01 -9.499075e-04 2.063519e-02 -5.464038e-03 9.252736e-02
5.789465e-01 3.778467e-01 -3.290419e-03 9.797690e-03 -1.375605e-02 7.209781e-02
5.807435e-01 3.739761e-01 -2.716073e-03 -3.748173e-03 -1.151846e-02 4.437581e-02
5.825362e-01 3.713598e-01 -7.462846e-04 -1.321381e-02 -2.621885e-03 2.864008e-02
5.843306e-01 3.724855e-01 1.220762e-03 -1.454987e-02 3.316177e-03 2.651257e-02
5.861281e-01 3.732238e-01 1.892567e-03 -1.230808e-02 1.017962e-03 3.243957e-02
5.879240e-01 3.730055e-01 4.430922e-04 -1.305789e-02 -3.168085e-03 3.168844e-02
5.897195e-01 3.727199e-01 -5.309249e-04 -1.719159e-02 -4.409230e-03 2.329744e-02
5.915160e-01 3.739007e-01 1.488152e-03 -2.191603e-02 -1.717619e-03 1.777126e-02
5.933128e-01 3.751315e-01 4.402899e-03 -1.837824e-02 3.824269e-03 2.383348e-02
5.951052e-01 3.755703e-01 5.448143e-03 -1.018134e-02 8.006081e-03 3.643122e-02
5.968969e-01 3.757236e-01 4.087329e-03 -4.972080e-05 6.732822e-03 5.017039e-02
5.986941e-01 3.740223e-01 1.230499e-03 3.424006e-03 3.689487e-04 5.430527e-02
6.004886e-01 3.718199e-01 -1.385211e-03 -2.147691e-03 -4.244790e-03 4.868844e-02
6.022826e-01 3.704386e-01 -1.896159e-03 -1.100525e-02 -3.534152e-03 3.485488e-02
6.040778e-01 3.703677e-01 -5.487708e-04 -1.833856e-02 -2.497377e-03 2.573816e-02
6.058727e-01 3.715107e-01 1.423185e-03 -2.115181e-02 -1.837780e-03 2.401511e-02
6.076682e-01 3.723753e-01 2.108814e-03 -1.917640e-02 -1.991993e-04 2.332150e-02
6.094636e-01 3.735529e-01 2.471851e-03 -1.806449e-02 -1.245655e-03 2.238473e-02
6.112608e-01 3.736636e-01 2.634882e-03 -1.679206e-02 -1.839308e-03 2.088381e-02
6.130571e-01 3.739340e-01 2.451153e-03 -1.505267e-02 1.854881e-03 2.293835e-02
6.148510e-01 3.750196e-01 1.835721e-03 -1.422726e-02 4.033403e-03 2.635811e-02
6.166467e-01 3.757689e-01 2.394228e-03 -1.132225e-02 -1.749009e-04 2.820714e-02
6.184426e-01 3.753284e-01 2.446764e-03 -9.529389e-03 -5.171629e-03 2.833074e-02
6.202383e-01 3.734382e-01 1.396073e-03 -1.049206e-02 -5.365702e-03 2.508258e-02
6.220331e-01 3.725397e-01 7.987218e-04 -1.213505e-02 -6.426867e-04 1.735283e-02
6.238256e-01 3.710813e-01 2.406264e-03 -1.157730e-02 2.368767e-03 1.668947e-02
6.256207e-01 3.702286e-01 3.786494e-03 -7.265087e-03 2.890989e-03 2.123637e-02
6.274180e-01 3.704186e-01 3.086653e-03 -1.767362e-03 4.542388e-04 2.779356e-02
6.292132e-01 3.715958e-01 1.319657e-03 1.102693e-04 -5.072239e-04 2.901251e-02
6.310070e-01 3.728806e-01 -1.002861e-03 -4.798599e-03 -1.065068e-03 2.752156e-02
6.328016e-01 3.740350e-01 -9.321629e-04 -1.131598e-02 -3.622836e-05 2.209779e-02
6.345988e-01 3.733148e-01 1.350812e-03 -1.540125e-02 6.271444e-04 1.948891e-02
6.363935e-01 3.720961e-01 2.182688e-03 -1.395817e-02 1.794160e-03 2.122706e-02
6.381885e-01 3.717633e-01 1.903996e-03 -1.174617e-02 2.294610e-03 2.400551e-02
6.399844e-01 3.726572e-01 1.230401e-03 -1.246777e-02 -8.950799e-04 2.543553e-02
6.417790e-01 3.722573e-01 6.162316e-04 -1.614421e-02 -2.427943e-03 2.272282e-02
6.435737e-01 3.709493e-01 1.209819e-03 -1.859543e-02 -7.032904e-04 1.700432e-02
6.453671e-01 3.699968e-01 1.751682e-03 -1.857376e-02 2.338278e-03 1.703264e-02
6.471630e-01 3.704018e-01 2.550239e-03 -1.703987e-02 4.307220e-03 2.132623e-02
6.489575e-01 3.711783e-01 3.196911e-03 -1.296306e-02 1.686928e-03 2.600203e-02
6.507531e-01 3.708129e-01 3.315973e-03 -9.374858e-03 -2.777890e-03 2.642862e-02
6.525500e-01 3.699492e-01 2.246865e-03 -7.660743e-03 -4.764273e-03 2.390196e-02
6.543447e-01 3.694532e-01 1.346945e-03 -9.727264e-03 -3.239486e-03 1.919047e-02
6.561416e-01 3.714397e-01 9.459659e-04 -1.175064e-02 7.774538e-05 1.898636e-02
6.579361e-01 3.727848e-01 1.263187e-03 -1.259335e-02 1.798299e-03 2.172094e-02
6.597296e-01 3.734581e-01 1.799680e-03 -1.196898e-02 9.838680e-04 2.348319e-02
6.615260e-01 3.723249e-01 2.119144e-03 -1.140459e-02 -1.063942e-03 2.231399e-02
6.633228e-01 3.698239e-01 1.482522e-03 -1.265270e-02 2.170790e-03 2.407006e-02
6.651187e-01 3.691955e-01 1.845725e-03 -1.137785e-02 6.027215e-03 2.690843e-02
6.669114e-01 3.697000e-01 3.596703e-03 -8.250191e-03 6.850431e-03 3.506934e-02
6.687054e-01 3.712948e-01 3.902337e-03 -2.093739e-03 2.495111e-03 4.580491e-02
6.705023e-01 3.726171e-01 2.224709e-03 8.968933e-04 -2.214018e-03 5.093587e-02
6.722992e-01 3.725002e-01 -4.768532e-05 -1.640944e-03 -4.718310e-03 4.480273e-02
6.740944e-01 3.709523e-01 -5.636273e-04 -7.075347e-03 -4.478910e-03 3.211043e-02
6.758872e-01 3.685866e-01 1.806372e-03 -1.071669e-02 -9.211671e-04 2.531430e-02
6.776825e-01 3.678493e-01 4.030590e-03 -7.082589e-03 5.008890e-03 3.137680e-02
6.794791e-01 3.702294e-01 4.598856e-03 3.762111e-04 9.661937e-03 4.532951e-02
6.812733e-01 3.741501e-01 3.743390e-03 7.176811e-03 4.429098e-03 5.842111e-02
6.830683e-01 3.766166e-01 1.424056e-03 7.387068e-03 -4.587426e-03 5.765680e-02
6.848621e-01 3.761229e-01 -5.588619e-04 2.323599e-03 -1.104150e-02 4.256788e-02
6.866570e-01 3.732766e-01 -3.945096e-04 -6.366665e-03 -1.102808e-02 2.100906e-02
6.884537e-01 3.704042e-01 1.685691e-03 -1.067634e-02 -3.749306e-03 8.963205e-03
6.902501e-01 3.690637e-01 3.533439e-03 -7.884169e-03 4.579050e-03 1.105264e-02
6.920470e-01 3.700708e-01 3.657256e-03 -1.380914e-03 7.847699e-03 2.361994e-02
6.938409e-01 3.719284e-01 2.840760e-03 2.440952e-03 3.965234e-03 3.466775e-02
6.956343e-01 3.730189e-01 1.201515e-03 2.155847e-03 -1.346787e-03 3.458685e-02
6.974295e-01 3.733364e-01 1.114098e-03 2.641494e-04 -4.770532e-03 2.697893e-02
6.992264e-01 3.719093e-01 2.370497e-03 -1.864718e-03 -3.531933e-03 2.032868e-02
7.010216e-01 3.711070e-01 3.005872e-03 -4.266295e-04 1.307629e-03 2.003929e-02
7.028157e-01 3.721412e-01 2.425963e-03 2.331781e-03 4.077985e-03 2.563044e-02
7.046118e-01 3.736551e-01 1.494995e-03 2.837863e-03 3.179865e-03 3.148250e-02
7.064070e-01 3.740538e-01 4.448155e-04 8.909648e-04 -5.700819e-04 3.255684e-02
7.082001e-01 3.736714e-01 2.437894e-04 -4.388217e-03 -3.054179e-03 2.584631e-02
7.099950e-01 3.737607e-01 1.653175e-04 -9.447605e-03 -3.072933e-03 1.972823e-02
7.117916e-01 3.735892e-01 1.119410e-03 -1.231648e-02 -6.930016e-04 1.709358e-02
7.135857e-01 3.740095e-01 1.873225e-03 -1.194074e-02 1.179110e-03 1.619502e-02
7.153810e-01 3.735688e-01 2.326691e-03 -1.161464e-02 2.203445e-04 1.805720e-02
7.171769e-01 3.730755e-01 2.456385e-03 -1.016860e-02 -1.218787e-03 1.768691e-02
7.189721e-01 3.731679e-01 1.913600e-03 -1.042395e-02 -2.880659e-05 1.714572e-02
7.207688e-01 3.734892e-01 1.824064e-03 -1.105244e-02 2.120599e-03 1.919582e-02
7.225642e-01 3.743978e-01 2.083517e-03 -1.042902e-02 3.656500e-03 2.520677e-02
7.243583e-01 3.743225e-01 1.832816e-03 -9.946738e-03 2.134851e-03 2.952140e-02
7.261538e-01 3.732829e-01 1.358308e-03 -1.076253e-02 -1.796365e-03 2.879177e-02
7.279497e-01 3.714068e-01 7.269713e-04 -1.389228e-02 -3.906687e-03 2.260990e-02
7.297435e-01 3.698783e-01 1.028253e-03 -1.726288e-02 -3.326584e-03 1.529913e-02
7.315366e-01 3.688584e-01 2.098401e-03 -1.781134e-02 4.541252e-04 1.157597e-02
7.333339e-01 3.695707e-01 3.609628e-03 -1.550966e-02 3.234643e-03 1.624351e-02
7.351305e-01 3.711675e-01 3.846395e-03 -1.028706e-02 3.475855e-03 2.482137e-02
7.369246e-01 3.738769e-01 2.413040e-03 -7.181238e-03 3.524035e-03 3.150304e-02
7.387207e-01 3.761988e-01 1.540541e-03 -7.783635e-03 2.005765e-03 3.276075e-02
7.405164e-01 3.754891e-01 1.718984e-03 -1.026844e-02 1.082057e-03 3.057103e-02
7.423108e-01 3.738462e-01 2.122637e-03 -1.135419e-02 6.220395e-04 2.969532e-02
7.441040e-01 3.723097e-01 2.676189e-03 -8.830514e-03 1.624999e-03 3.223272e-02
7.458996e-01 3.716383e-01 3.803227e-03 -5.461602e-03 -1.485015e-03 3.581266e-02
7.476955e-01 3.704996e-01 3.526282e-03 -2.078396e-03 -3.592254e-03 3.953900e-02
7.494882e-01 3.699359e-01 1.577639e-03 -1.151869e-03 -3.885062e-03 3.570786e-02
7.512836e-01 3.698477e-01 2.974220e-04 -3.663291e-03 -2.474271e-03 2.511971e-02
7.530799e-01 3.700098e-01 1.082322e-03 -7.105662e-03 -2.059215e-03 1.827713e-02
7.548749e-01 3.691607e-01 2.043150e-03 -7.428632e-03 -1.570127e-03 1.547877e-02
7.566699e-01 3.694376e-01 2.562045e-03 -7.335999e-03 -1.399913e-03 1.617574e-02
7.584671e-01 3.696831e-01 1.865021e-03 -7.284706e-03 -1.298144e-03 1.762139e-02
7.602633e-01 3.707916e-01 7.548539e-04 -9.384318e-03 -6.194432e-04 1.701760e-02
7.620571e-01 3.717799e-01 1.170005e-04 -1.333144e-02 1.567797e-03 1.479291e-02
7.638531e-01 3.718522e-01 1.500173e-03 -1.571221e-02 2.457092e-03 1.418371e-02
7.656499e-01 3.722498e-01 3.170742e-03 -1.529074e-02 6.511593e-04 1.524696e-02
7.674455e-01 3.723289e-01 4.161146e-03 -1.217664e-02 -4.390115e-04 1.957763e-02
7.692400e-01 3.723459e-01 2.461964e-03 -1.025471e-02 4.095011e-04 2.326358e-02
7.710340e-01 3.733943e-01 5.323931e-04 -1.110664e-02 2.472240e-03 2.324063e-02
7.728276e-01 3.732651e-01 3.388330e-04 -1.498481e-02 3.110789e-03 2.249814e-02
7.746220e-01 3.729274e-01 1.425402e-03 -1.759491e-02 5.529035e-04 2.166616e-02
7.764173e-01 3.718877e-01 2.593145e-03 -1.879194e-02 -1.908387e-03 2.099361e-02
7.782136e-01 3.711441e-01 3.050368e-03 -1.623373e-02 -2.878832e-03 2.050115e-02
7.800117e-01 3.705553e-01 2.604880e-03 -1.415223e-02 -1.379268e-03 1.931908e-02
7.818056e-01 3.704273e-01 2.033266e-03 -1.327766e-02 -2.744677e-04 1.731721e-02
7.835979e-01 3.706688e-01 2.720372e-03 -1.269551e-02 4.674546e-04 1.876424e-02
7.853947e-01 3.712987e-01 3.461628e-03 -1.188665e-02 8.457153e-04 2.372175e-02
7.871903e-01 3.719471e-01 3.565609e-03 -7.763498e-03 1.993346e-03 2.824509e-02
7.889853e-01 3.728345e-01 2.415075e-03 -5.632718e-03 1.976740e-03 2.925189e-02
7.907819e-01 3.730398e-01 1.646832e-03 -4.517614e-03 -1.480060e-03 2.695091e-02
7.925772e-01 3.720325e-01 1.883261e-03 -6.806013e-03 -4.863066e-03 2.100467e-02
7.943719e-01 3.697539e-01 1.692704e-03 -8.580593e-03 -3.966056e-03 1.692953e-02
7.961659e-01 3.696207e-01 1.664076e-03 -1.021547e-02 1.109537e-03 1.349883e-02
7.979598e-01 3.714710e-01 2.568290e-03 -9.317323e-03 3.367678e-03 1.595528e-02
7.997559e-01 3.735770e-01 3.403359e-03 -5.865400e-03 2.073145e-03 2.274830e-02
8.015520e-01 3.747257e-01 3.458351e-03 -2.937649e-03 -5.306723e-04 2.645878e-02
8.033475e-01 3.737974e-01 2.938186e-03 -2.859689e-04 -3.257033e-03 2.486454e-02
8.051404e-01 3.716088e-01 1.670534e-03 -6.513122e-04 -4.641160e-03 1.865317e-02
8.069349e-01 3.707100e-01 9.870200e-04 -3.595395e-03 -2.826197e-03 1.056791e-02
8.087329e-01 3.709698e-01 1.144917e-03 -7.334560e-03 -3.558399e-04 1.133020e-02
8.105286e-01 3.707554e-01 1.702810e-03 -1.027693e-02 3.100873e-03 1.349179e-02
8.123233e-01 3.703923e-01 1.955460e-03 -1.057055e-02 3.689458e-03 1.483635e-02
8.141188e-01 3.692152e-01 2.274609e-03 -1.033274e-02 1.962042e-03 1.736805e-02
8.159142e-01 3.687102e-01 1.975200e-03 -1.127333e-02 5.820404e-05 1.873123e-02
8.177087e-01 3.685136e-01 1.711174e-03 -1.306629e-02 9.782881e-04 2.074393e-02
8.195037e-01 3.685166e-01 1.430513e-03 -1.509974e-02 2.817448e-03 2.133261e-02
8.212995e-01 3.690332e-01 1.568635e-03 -1.490203e-02 2.015791e-03 2.068704e-02
8.230953e-01 3.694258e-01 2.767949e-03 -1.549650e-02 -1.587326e-03 2.060710e-02
8.248902e-01 3.696900e-01 3.382470e-03 -1.372019e-02 -3.227200e-03 2.080879e-02
8.266848e-01 3.695754e-01 3.508215e-03 -1.142013e-02 -1.903839e-03 1.947307e-02
8.284792e-01 3.693826e-01 3.336096e-03 -8.117856e-03 2.967452e-04 2.071091e-02
8.302734e-01 3.694106e-01 2.568698e-03 -6.022209e-03 9.670231e-04 2.156952e-02
8.320692e-01 3.707331e-01 1.663326e-03 -5.989004e-03 3.220883e-04 2.266724e-02
8.338654e-01 3.715328e-01 1.586664e-03 -8.205603e-03 -2.177530e-03 2.016824e-02
8.356607e-01 3.713885e-01 2.011088e-03 -1.018247e-02 -3.198649e-03 1.676304e-02
8.374562e-01 3.703889e-01 2.101752e-03 -1.163945e-02 -9.289284e-04 1.210508e-02
8.392510e-01 3.703786e-01 2.482328e-03 -1.093959e-02 1.559702e-03 1.267675e-02
8.410464e-01 3.703706e-01 3.083586e-03 -1.010950e-02 3.093309e-03 1.617189e-02
8.428427e-01 3.710175e-01 3.135801e-03 -7.987601e-03 2.210335e-03 2.117498e-02
8.446371e-01 3.711371e-01 2.695514e-03 -6.936131e-03 1.096977e-03 2.391231e-02
8.464320e-01 3.708380e-01 2.251545e-03 -7.107338e-03 1.734381e-05 2.543031e-02
8.482278e-01 3.700874e-01 2.324444e-03 -7.624249e-03 6.151400e-04 2.384697e-02
8.500227e-01 3.696483e-01 2.841637e-03 -6.670305e-03 1.061811e-03 2.489467e-02
8.518177e-01 3.695454e-01 3.079586e-03 -4.078153e-03 4.521821e-04 2.696682e-02
8.536137e-01 3.708393e-01 2.326017e-03 -3.160422e-03 -6.084027e-04 2.977123e-02
8.554088e-01 3.719423e-01 1.881556e-03 -3.411644e-03 -2.255116e-03 2.906451e-02
8.572024e-01 3.719956e-01 1.087990e-03 -5.524509e-03 -2.608832e-03 2.486016e-02
8.589967e-01 3.711794e-01 7.689694e-04 -9.162138e-03 -2.162865e-03 1.761636e-02
8.607918e-01 3.702675e-01 1.541282e-03 -1.167811e-02 -1.354357e-03 1.355156e-02
8.625869e-01 3.688494e-01 2.691620e-03 -1.289601e-02 4.792621e-04 1.310881e-02
8.643824e-01 3.688818e-01 3.016762e-03 -1.147592e-02 8.642364e-04 1.510207e-02
8.661785e-01 3.689781e-01 3.057849e-03 -9.735784e-03 -1.875339e-05 1.708532e-02
8.679743e-01 3.690225e-01 2.792549e-03 -8.828917e-03 -1.143763e-03 1.711216e-02
8.697706e-01 3.691974e-01 2.033541e-03 -9.408368e-03 -2.245849e-03 1.488175e-02
8.715653e-01 3.689553e-01 2.196746e-03 -1.035438e-02 -2.723705e-03 1.166670e-02
8.733592e-01 3.680222e-01 2.429414e-03 -1.106956e-02 -1.558502e-03 1.007407e-02
8.751548e-01 3.672499e-01 2.497423e-03 -1.151444e-02 1.594842e-03 9.928104e-03
8.769502e-01 3.672975e-01 2.606599e-03 -1.074357e-02 1.943586e-03 9.776748e-03
8.787466e-01 3.678794e-01 3.009183e-03 -1.006014e-02 1.515494e-03 1.359576e-02
8.805415e-01 3.695360e-01 2.992696e-03 -9.236882e-03 1.866881e-03 1.819944e-02
8.823359e-01 3.709870e-01 2.725712e-03 -7.521120e-03 1.977176e-03 2.101531e-02
8.841313e-01 3.715070e-01 2.563615e-03 -7.012005e-03 -4.621898e-05 2.136483e-02
8.859273e-01 3.709383e-01 2.695319e-03 -6.693122e-03 -3.128985e-03 1.972930e-02
8.877230e-01 3.698400e-01 2.236326e-03 -7.632152e-03 -4.237955e-03 1.637507e-02
8.895175e-01 3.689770e-01 2.179169e-03 -8.178098e-03 -2.639099e-03 1.096140e-02
8.913122e-01 3.688436e-01 1.982677e-03 -1.009808e-02 1.115750e-03 1.021018e-02
8.931078e-01 3.701030e-01 1.907060e-03 -1.129247e-02 4.292174e-03 1.343751e-02
8.949034e-01 3.715889e-01 2.475016e-03 -1.092970e-02 2.335146e-03 1.601474e-02
8.966974e-01 3.717148e-01 2.730067e-03 -1.072957e-02 4.161168e-04 1.729511e-02
8.984931e-01 3.706963e-01 2.247613e-03 -9.864276e-03 -1.158352e-03 1.475730e-02
9.002874e-01 3.702747e-01 2.819423e-03 -1.151928e-02 -1.854334e-03 1.230288e-02
9.020815e-01 3.692441e-01 3.855925e-03 -9.694691e-03 -3.987502e-04 1.376965e-02
9.038774e-01 3.687545e-01 3.851376e-03 -6.972478e-03 2.459039e-03 1.993506e-02
9.056723e-01 3.704366e-01 3.267236e-03 -2.927142e-03 3.760574e-03 2.516106e-02
9.074684e-01 3.715702e-01 2.723371e-03 -1.310434e-03 1.565971e-03 2.862278e-02
9.092635e-01 3.719497e-01 1.863655e-03 -1.498438e-03 -2.698125e-03 2.713175e-02
9.110582e-01 3.704538e-01 1.139067e-03 -4.892664e-03 -3.456885e-03 1.968802e-02
9.128546e-01 3.693468e-01 1.172980e-03 -8.773933e-03 -2.793162e-03 1.429835e-02
9.146502e-01 3.689515e-01 1.884692e-03 -1.155998e-02 2.550942e-04 1.108878e-02
9.164437e-01 3.698081e-01 2.510502e-03 -1.146015e-02 1.129359e-03 1.232617e-02
9.182390e-01 3.710098e-01 3.758618e-03 -9.601302e-03 -1.206966e-04 1.432191e-02
