# k, q0, q1/i, q2, q3/i, q4, norm, alpha = 4.96317e+00, 2.00751e-02
0.000000e+00 1.099254e+13 0.000000e+00 0.000000e+00 0.000000e+00 -2.310988e+12
2.542755e-03 5.308553e+12 4.313864e+12 3.751273e+11 8.617327e+11 -6.207202e+11
4.308321e-03 1.743032e+12 1.672622e+12 1.278858e+12 2.376019e+12 -1.640105e+12
6.127972e-03 4.769412e+11 3.446661e+11 1.108063e+12 1.800388e+12 -1.154751e+12
7.953317e-03 1.307880e+11 6.816113e+10 3.331402e+11 5.503581e+11 -1.947538e+11
9.814571e-03 4.157059e+10 1.220885e+10 3.917312e+10 7.962801e+10 2.128214e+10
1.156539e-02 1.844627e+10 8.389130e+09 -8.548750e+09 -1.316204e+10 4.833089e+10
1.336205e-02 1.126379e+10 4.375108e+09 9.145057e+09 3.936612e+09 3.320437e+10
1.519307e-02 9.779944e+09 2.383986e+09 2.083585e+10 1.275584e+10 3.841871e+10
1.700413e-02 6.828364e+09 1.830250e+09 1.612594e+10 9.827595e+09 3.263299e+10
1.878921e-02 3.625756e+09 7.549284e+08 6.569308e+09 4.278396e+09 1.766011e+10
2.056181e-02 1.676804e+09 3.945477e+08 2.780213e+08 8.178749e+08 5.910790e+09
2.237315e-02 1.039850e+09 2.135926e+08 -7.782552e+08 -3.634084e+08 2.897067e+09
2.420702e-02 1.090861e+09 2.208268e+08 1.147294e+09 4.140109e+08 4.705767e+09
2.604330e-02 1.178591e+09 1.780628e+08 2.705346e+09 1.064604e+09 6.481296e+09
2.781707e-02 9.831628e+08 1.300305e+08 2.462095e+09 9.026684e+08 5.842751e+09
2.956466e-02 6.091627e+08 8.932900e+07 1.123139e+09 4.368198e+08 3.483356e+09
3.136513e-02 3.180770e+08 4.226230e+07 3.439083e+07 5.435821e+07 1.366516e+09
3.317513e-02 2.324288e+08 2.746845e+07 -1.304253e+08 -5.127369e+07 8.105632e+08
3.497165e-02 2.829705e+08 3.767607e+07 3.224411e+08 8.085866e+07 1.361272e+09
3.677184e-02 3.168566e+08 3.482924e+07 7.145167e+08 2.071583e+08 1.886190e+09
3.856197e-02 2.751342e+08 2.718274e+07 6.454067e+08 1.827139e+08 1.719081e+09
4.034231e-02 1.826181e+08 1.820448e+07 2.978999e+08 8.895334e+07 1.070520e+09
4.214741e-02 1.023770e+08 7.751344e+06 -1.202609e+07 6.873135e+06 4.525558e+08
4.395085e-02 8.235194e+07 6.397538e+06 -6.210895e+07 -6.107394e+06 2.934563e+08
4.574462e-02 1.021922e+08 8.390518e+06 8.739350e+07 2.352843e+07 4.992983e+08
4.755674e-02 1.187129e+08 9.428281e+06 2.244798e+08 5.211192e+07 6.994611e+08
4.935944e-02 1.067276e+08 8.097462e+06 2.173860e+08 4.786399e+07 6.581555e+08
5.113615e-02 7.332931e+07 6.008520e+06 9.209038e+07 2.096403e+07 4.134457e+08
5.293674e-02 4.502856e+07 4.080809e+06 -1.572075e+07 -2.605843e+06 1.944515e+08
5.472727e-02 3.880914e+07 2.686168e+06 -2.264165e+07 -4.099710e+06 1.518286e+08
5.651697e-02 4.803015e+07 3.165481e+06 4.697562e+07 9.493764e+06 2.468013e+08
5.831477e-02 5.613523e+07 3.347193e+06 1.030626e+08 1.972182e+07 3.348234e+08
6.011451e-02 5.024950e+07 3.345226e+06 9.298227e+07 1.798047e+07 3.061174e+08
6.191171e-02 3.528659e+07 2.359723e+06 3.329695e+07 6.889132e+06 1.911788e+08
6.370712e-02 2.254321e+07 1.541746e+06 -1.505332e+07 -1.605491e+06 9.079215e+07
6.550732e-02 2.049596e+07 1.379616e+06 -1.310640e+07 -1.189107e+06 7.945462e+07
6.729498e-02 2.662562e+07 1.300563e+06 2.643364e+07 4.490626e+06 1.398497e+08
6.908598e-02 3.107335e+07 1.588382e+06 5.882423e+07 9.993074e+06 1.892862e+08
7.088188e-02 2.927975e+07 1.098831e+06 5.500681e+07 9.073588e+06 1.796579e+08
7.268232e-02 2.136700e+07 9.690048e+05 2.142988e+07 4.319788e+06 1.158864e+08
7.447792e-02 1.436465e+07 7.486912e+05 -6.896173e+06 -2.164380e+05 5.899110e+07
7.627282e-02 1.322667e+07 6.167597e+05 -7.108086e+06 -6.099920e+05 5.243616e+07
7.807562e-02 1.663630e+07 6.379301e+05 1.506028e+07 2.345710e+06 8.598102e+07
7.988558e-02 1.974428e+07 8.861110e+05 3.413206e+07 5.401042e+06 1.168468e+08
8.168049e-02 1.842865e+07 6.660664e+05 3.146140e+07 4.624181e+06 1.104431e+08
8.345709e-02 1.370787e+07 5.467360e+05 1.156569e+07 2.432106e+06 7.212997e+07
8.524436e-02 9.377349e+06 3.678662e+05 -6.698750e+06 -2.647043e+05 3.626606e+07
8.704550e-02 8.222142e+06 3.622569e+05 -8.938611e+06 -6.926168e+05 2.796999e+07
8.884478e-02 9.974265e+06 4.095855e+05 2.763678e+06 6.326464e+05 4.561250e+07
9.064103e-02 1.161699e+07 4.167062e+05 1.399271e+07 2.108177e+06 6.294650e+07
9.243897e-02 1.107144e+07 3.874997e+05 1.384673e+07 2.015809e+06 6.078775e+07
9.423607e-02 8.619377e+06 3.845359e+05 3.761151e+06 6.503657e+05 4.116455e+07
9.603871e-02 6.251107e+06 2.481537e+05 -5.392053e+06 -4.754817e+05 2.230536e+07
9.782410e-02 5.810294e+06 2.348943e+05 -5.231429e+06 -3.706586e+05 1.984908e+07
9.961474e-02 6.995850e+06 2.226438e+05 2.442129e+06 4.540542e+05 3.163317e+07
1.014127e-01 8.041567e+06 2.333845e+05 9.220481e+06 1.337939e+06 4.239520e+07
1.031985e-01 7.614241e+06 1.974709e+05 8.582833e+06 1.129445e+06 3.997266e+07
1.049957e-01 6.013982e+06 1.719307e+05 1.811779e+06 3.578240e+05 2.686337e+07
1.067952e-01 4.673948e+06 1.484817e+05 -3.972430e+06 -3.344890e+05 1.532408e+07
1.085930e-01 4.537798e+06 1.778998e+05 -3.045630e+06 -2.642854e+05 1.499095e+07
1.103885e-01 5.416120e+06 2.149000e+05 2.634338e+06 2.945447e+05 2.399375e+07
1.121821e-01 6.025640e+06 1.922286e+05 7.540114e+06 7.481940e+05 3.131971e+07
1.139837e-01 5.687944e+06 1.289810e+05 6.580752e+06 8.058080e+05 2.917704e+07
1.157773e-01 4.468830e+06 1.013586e+05 1.280194e+06 3.328604e+05 1.886773e+07
1.175730e-01 3.419862e+06 9.058271e+04 -3.297237e+06 -1.449138e+05 9.870785e+06
1.193666e-01 3.298613e+06 9.970385e+04 -3.127591e+06 -2.640286e+05 9.143154e+06
1.211543e-01 3.893445e+06 1.344419e+05 1.001192e+06 4.190146e+04 1.532823e+07
1.229561e-01 4.422000e+06 1.597915e+05 4.572623e+06 3.789489e+05 2.102251e+07
1.247542e-01 4.178400e+06 1.256195e+05 4.322741e+06 4.522121e+05 1.989216e+07
1.265466e-01 3.357261e+06 6.181459e+04 8.574324e+05 1.635457e+05 1.307058e+07
1.283363e-01 2.666631e+06 2.571775e+04 -2.311014e+06 -9.376299e+04 6.889515e+06
1.301269e-01 2.631566e+06 5.042390e+04 -2.109288e+06 -1.100485e+05 6.577580e+06
1.319334e-01 3.136877e+06 9.036594e+04 9.482122e+05 1.201997e+05 1.150577e+07
1.337370e-01 3.592771e+06 9.952330e+04 3.785988e+06 3.136287e+05 1.618032e+07
1.355323e-01 3.451138e+06 9.431182e+04 3.781968e+06 2.878261e+05 1.569566e+07
1.373301e-01 2.842776e+06 7.314482e+04 1.223574e+06 1.068513e+05 1.074590e+07
1.391197e-01 2.246632e+06 4.868905e+04 -1.219538e+06 -8.572308e+04 5.804115e+06
1.409058e-01 2.133568e+06 4.874377e+04 -1.504464e+06 -1.308581e+05 4.843444e+06
1.427003e-01 2.399471e+06 6.776290e+04 3.521259e+05 -1.645079e+04 7.629802e+06
1.444928e-01 2.689814e+06 5.743182e+04 2.154271e+06 1.856130e+05 1.062029e+07
1.462886e-01 2.624472e+06 4.233343e+04 2.190198e+06 2.128906e+05 1.040530e+07
1.480924e-01 2.248132e+06 2.658528e+04 5.389849e+05 8.823764e+04 7.192628e+06
1.498892e-01 1.893145e+06 2.296892e+04 -1.133423e+06 -6.254050e+04 4.047600e+06
1.516798e-01 1.825425e+06 4.618595e+04 -1.183352e+06 -9.725887e+04 3.580574e+06
1.534759e-01 2.005918e+06 5.828238e+04 1.675724e+05 1.281588e+04 5.658050e+06
1.552766e-01 2.216934e+06 2.719133e+04 1.473469e+06 1.170143e+05 7.811770e+06
1.570706e-01 2.189416e+06 1.057995e+04 1.403920e+06 1.672346e+05 7.598758e+06
1.588578e-01 1.949902e+06 -3.772683e+03 1.879962e+05 8.945746e+04 5.360186e+06
1.606585e-01 1.706270e+06 2.081354e+04 -9.269969e+05 -1.552312e+04 3.176746e+06
1.624649e-01 1.668347e+06 3.152992e+04 -9.198622e+05 -4.243761e+04 3.041204e+06
1.642557e-01 1.814009e+06 3.724623e+04 9.407342e+04 7.037466e+03 4.617476e+06
1.660459e-01 1.942598e+06 4.238304e+04 9.604446e+05 3.872804e+04 5.974872e+06
1.678421e-01 1.880035e+06 1.977415e+04 8.566160e+05 5.773825e+04 5.666097e+06
1.696353e-01 1.668560e+06 1.562889e+04 -4.175348e+04 1.897147e+04 3.861472e+06
1.714286e-01 1.505030e+06 2.361524e+04 -7.641466e+05 -3.233764e+04 2.447884e+06
1.732198e-01 1.514567e+06 1.975689e+04 -5.122496e+05 -1.618639e+04 2.740193e+06
1.750152e-01 1.688823e+06 7.477400e+03 4.355808e+05 6.766320e+04 4.339606e+06
1.768177e-01 1.825980e+06 1.328326e+03 1.131344e+06 1.230399e+05 5.580866e+06
1.786121e-01 1.788706e+06 2.748129e+03 9.094322e+05 9.012509e+04 5.143728e+06
1.804030e-01 1.601069e+06 1.489243e+04 3.989463e+04 3.097586e+04 3.537482e+06
1.822028e-01 1.439784e+06 2.182912e+04 -6.114573e+05 -2.795375e+04 2.228517e+06
1.839998e-01 1.449840e+06 2.024722e+04 -4.140614e+05 -1.844296e+04 2.448258e+06
1.857937e-01 1.591895e+06 2.775253e+04 4.521795e+05 2.519313e+03 3.851103e+06
1.875926e-01 1.707076e+06 2.166184e+04 1.177028e+06 5.176788e+04 5.024342e+06
1.893867e-01 1.681438e+06 8.423941e+03 1.094051e+06 4.675592e+04 4.764696e+06
1.911794e-01 1.514456e+06 4.989832e+03 3.289902e+05 3.966369e+04 3.294296e+06
1.929763e-01 1.373332e+06 2.503736e+03 -4.236721e+05 9.892075e+03 1.910198e+06
1.947689e-01 1.332117e+06 1.234288e+04 -5.330159e+05 2.384328e+03 1.640227e+06
1.965614e-01 1.395086e+06 1.996053e+04 -9.872795e+04 1.555154e+04 2.353962e+06
1.983545e-01 1.456276e+06 1.230227e+04 3.009011e+05 1.980414e+04 3.020694e+06
2.001492e-01 1.421343e+06 1.265827e+04 2.148323e+05 1.193926e+04 2.787404e+06
2.019476e-01 1.313728e+06 4.193728e+03 -2.859497e+05 -6.582924e+03 1.834282e+06
2.037448e-01 1.219996e+06 1.174508e+04 -6.594337e+05 2.580967e+02 1.062896e+06
2.055436e-01 1.227120e+06 2.059179e+04 -5.025453e+05 -7.686600e+03 1.262606e+06
2.073409e-01 1.317782e+06 2.153140e+04 7.123698e+04 -4.330630e+03 2.247684e+06
2.091331e-01 1.394604e+06 6.308914e+03 5.478670e+05 1.829638e+04 3.022772e+06
2.109295e-01 1.382265e+06 6.556551e+03 4.933577e+05 3.064821e+04 2.841900e+06
2.127243e-01 1.271698e+06 2.487419e+03 1.789755e+03 1.655925e+04 1.912662e+06
2.145132e-01 1.179269e+06 4.210693e+03 -4.522221e+05 8.604681e+03 1.057153e+06
2.163084e-01 1.168136e+06 1.179027e+04 -4.572158e+05 -1.642875e+03 1.025254e+06
2.181043e-01 1.236809e+06 1.106202e+04 -2.228587e+04 6.209293e+03 1.763645e+06
2.198991e-01 1.315852e+06 3.958990e+03 4.137924e+05 1.877883e+04 2.478390e+06
2.216975e-01 1.329068e+06 2.433116e+03 4.736311e+05 1.015204e+04 2.526653e+06
2.234966e-01 1.266176e+06 -1.318889e+03 1.443965e+05 7.497013e+03 1.879558e+06
2.252970e-01 1.190196e+06 6.076717e+03 -2.259518e+05 6.023867e+03 1.157974e+06
2.270852e-01 1.159066e+06 7.342799e+03 -3.380525e+05 1.150663e+04 9.755976e+05
2.288723e-01 1.193802e+06 1.998006e+03 -1.356618e+05 1.984956e+04 1.328715e+06
2.306695e-01 1.235177e+06 1.125475e+04 1.059868e+05 5.653153e+03 1.737548e+06
2.324665e-01 1.223094e+06 1.512944e+04 1.321044e+05 -9.378499e+03 1.740752e+06
2.342627e-01 1.164161e+06 1.262548e+04 -7.501612e+04 -1.185410e+04 1.295733e+06
2.360563e-01 1.115176e+06 -8.226649e+02 -2.817498e+05 -7.138581e+03 8.750464e+05
2.378553e-01 1.117621e+06 -9.550793e+02 -2.852097e+05 2.141017e+03 8.337268e+05
2.396569e-01 1.155187e+06 1.699863e+02 -1.014881e+05 1.003772e+04 1.153788e+06
2.414498e-01 1.183974e+06 6.811364e+03 6.296585e+04 2.154577e+04 1.427995e+06
2.432397e-01 1.174058e+06 4.356284e+03 1.380684e+04 1.037103e+04 1.349591e+06
2.450345e-01 1.124162e+06 6.692380e+03 -1.705647e+05 -5.863745e+03 9.661284e+05
2.468308e-01 1.083537e+06 1.094495e+04 -3.281463e+05 -1.213731e+04 6.558458e+05
2.486244e-01 1.082855e+06 1.457669e+03 -2.794667e+05 -6.995180e+03 7.115048e+05
2.504185e-01 1.125625e+06 -2.023473e+03 -9.730500e+04 3.914050e+03 1.024943e+06
2.522154e-01 1.155582e+06 1.729319e+03 4.812726e+04 7.994664e+03 1.247226e+06
2.540114e-01 1.135265e+06 1.444637e+04 -4.787752e+02 -3.653566e+02 1.129865e+06
2.558058e-01 1.080087e+06 1.575118e+04 -1.784747e+05 -1.477460e+04 7.700012e+05
2.576012e-01 1.047129e+06 -2.514882e+03 -2.969534e+05 -1.257643e+04 5.082415e+05
2.593962e-01 1.066998e+06 -5.973352e+02 -2.210311e+05 -1.092302e+04 5.997638e+05
2.611937e-01 1.101487e+06 9.595816e+03 -1.119120e+04 3.048246e+03 9.436653e+05
2.629942e-01 1.119812e+06 8.584684e+03 1.443683e+05 8.813428e+03 1.181177e+06
2.647885e-01 1.102397e+06 3.633271e+03 9.506112e+04 7.919757e+03 1.097809e+06
2.665811e-01 1.070708e+06 -2.151737e+03 -9.169236e+04 6.808189e+03 7.538890e+05
2.683801e-01 1.044022e+06 -2.877724e+02 -2.400636e+05 7.177456e+03 4.908995e+05
2.701729e-01 1.046888e+06 8.051857e+03 -2.017783e+05 3.111424e+03 5.397074e+05
2.719632e-01 1.068975e+06 9.002312e+03 -3.221384e+04 8.203441e+02 8.222194e+05
2.737587e-01 1.088435e+06 4.609903e+03 1.059845e+05 -3.245151e+03 1.053161e+06
2.755578e-01 1.083028e+06 1.424726e+03 6.899923e+04 1.330426e+04 9.900549e+05
2.773550e-01 1.052072e+06 3.718272e+03 -8.356046e+04 5.333319e+03 7.010479e+05
2.791459e-01 1.028332e+06 4.693549e+03 -1.961487e+05 3.341759e+03 4.982017e+05
2.809385e-01 1.032956e+06 1.830763e+03 -1.504374e+05 -6.217160e+03 5.717686e+05
2.827312e-01 1.061506e+06 1.459079e+03 1.286199e+04 -1.083454e+03 8.358682e+05
2.845296e-01 1.087222e+06 1.003236e+03 1.391881e+05 2.973656e+03 1.033078e+06
2.863269e-01 1.080986e+06 8.467508e+03 1.183136e+05 -3.808714e+03 9.658358e+05
2.881173e-01 1.042913e+06 8.100818e+03 -2.465914e+04 -3.111998e+03 6.981974e+05
2.899148e-01 1.015731e+06 2.977643e+03 -1.478471e+05 -4.287226e+03 4.546307e+05
2.917136e-01 1.014107e+06 1.976994e+03 -1.355021e+05 -5.970364e+03 4.408313e+05
2.935083e-01 1.032925e+06 1.645722e+03 -2.929571e+04 5.309572e+03 6.177201e+05
2.953064e-01 1.056063e+06 -4.446578e+03 6.118692e+04 9.881317e+03 7.653116e+05
2.971025e-01 1.055514e+06 4.263463e+03 3.778362e+04 5.096494e+03 7.338191e+05
2.988941e-01 1.030336e+06 1.792029e+03 -8.298350e+04 1.019381e+04 5.417812e+05
3.006873e-01 1.011584e+06 5.862492e+03 -1.724848e+05 2.822349e+03 3.553082e+05
3.024817e-01 1.001218e+06 1.578872e+04 -1.556148e+05 -2.268135e+04 3.703616e+05
3.042771e-01 1.003359e+06 8.321497e+03 -4.202263e+04 -1.695831e+04 5.357496e+05
3.060756e-01 1.018971e+06 -2.642447e+03 3.765217e+04 9.379633e+03 6.569663e+05
3.078722e-01 1.019375e+06 -4.365922e+03 5.145842e+03 2.559650e+04 6.117336e+05
3.096648e-01 1.008045e+06 -1.087331e+02 -1.092960e+05 1.632607e+04 4.385180e+05
3.114599e-01 9.891550e+05 5.648265e+03 -1.762066e+05 -1.092507e+04 3.028964e+05
3.132555e-01 9.906616e+05 4.196230e+03 -1.422222e+05 -2.231900e+04 3.340332e+05
3.150527e-01 1.013143e+06 2.050742e+03 -3.589693e+04 -1.722926e+04 4.894762e+05
3.168493e-01 1.026500e+06 5.761889e+03 4.389964e+04 -4.100538e+02 6.051116e+05
3.186391e-01 1.020917e+06 4.229271e+03 2.537524e+04 1.238367e+04 5.657386e+05
3.204305e-01 9.952564e+05 6.194375e+03 -6.846546e+04 1.424869e+04 4.089474e+05
3.222280e-01 9.775358e+05 -1.677650e+03 -1.421837e+05 1.554122e+03 2.770108e+05
3.240267e-01 9.849134e+05 2.374961e+03 -1.281767e+05 -6.186650e+03 2.943868e+05
3.258197e-01 1.001608e+06 2.095889e+02 -5.827829e+04 -5.572303e+02 4.176305e+05
3.276150e-01 1.014897e+06 -4.934541e+01 1.004244e+03 -4.426807e+03 4.981048e+05
3.294148e-01 1.007070e+06 1.016933e+04 -8.757164e+03 -1.255553e+04 4.460818e+05
3.312085e-01 9.820416e+05 7.189675e+03 -7.647323e+04 -7.651609e+03 3.068200e+05
3.330031e-01 9.685113e+05 2.993666e+03 -1.266483e+05 8.700493e+03 2.132791e+05
3.347987e-01 9.740158e+05 -3.218093e+03 -1.155471e+05 1.542571e+04 2.575491e+05
3.365969e-01 9.932756e+05 1.327493e+03 -3.921043e+04 6.388068e+03 3.962217e+05
3.383923e-01 1.000443e+06 8.922919e+03 1.607612e+04 -1.094314e+04 4.848607e+05
3.401828e-01 9.904001e+05 7.931549e+03 1.049189e+04 -1.926831e+04 4.438766e+05
3.419763e-01 9.695078e+05 3.435694e+03 -4.461296e+04 -1.116858e+04 3.049557e+05
3.437730e-01 9.617980e+05 5.677675e+02 -9.350648e+04 5.210134e+03 2.077240e+05
3.455681e-01 9.681112e+05 -3.476149e+02 -6.786748e+04 9.803425e+03 2.476627e+05
3.473617e-01 9.880671e+05 1.987221e+03 3.554773e+03 3.077091e+03 3.914590e+05
3.491590e-01 9.997212e+05 -1.045152e+03 5.384113e+04 1.231096e+04 5.071449e+05
3.509566e-01 1.001300e+06 -2.882498e+03 3.458304e+04 1.347266e+04 4.789068e+05
3.527534e-01 9.916176e+05 1.681308e+03 -4.582210e+04 3.769009e+03 3.414744e+05
3.545449e-01 9.772590e+05 5.780935e+03 -1.088609e+05 -1.126791e+04 2.217160e+05
3.563372e-01 9.697751e+05 7.876438e+03 -1.010083e+05 -1.121060e+04 2.112797e+05
3.581341e-01 9.709083e+05 5.815770e+03 -5.048400e+04 -1.538785e+03 2.856090e+05
3.599303e-01 9.803419e+05 4.939082e+02 -4.539385e+03 5.214626e+02 3.548904e+05
3.617254e-01 9.765562e+05 8.237133e+03 -9.998942e+03 -4.091229e+03 3.315731e+05
3.635200e-01 9.604146e+05 7.128765e+03 -5.532732e+04 -9.738824e+03 2.425864e+05
3.653165e-01 9.477382e+05 5.180957e+03 -8.602189e+04 -1.116959e+04 1.550993e+05
3.671116e-01 9.457516e+05 1.300904e+03 -6.633828e+04 -5.859572e+03 1.630956e+05
3.689088e-01 9.599873e+05 -6.323137e+02 -1.849131e+04 3.135795e+03 2.534213e+05
3.707076e-01 9.684721e+05 4.806032e+03 1.938214e+04 6.468900e+03 3.090218e+05
3.725001e-01 9.587932e+05 1.115572e+04 1.410764e+04 -8.513953e+03 2.921798e+05
3.742913e-01 9.422448e+05 2.116213e+03 -2.820372e+04 -3.116764e+03 2.168681e+05
3.760877e-01 9.452792e+05 -8.276219e+03 -6.559938e+04 9.519537e+03 1.504806e+05
3.778836e-01 9.633338e+05 -6.004570e+03 -6.283662e+04 1.037669e+04 1.779854e+05
3.796766e-01 9.776587e+05 1.780336e+03 -1.557454e+04 8.140242e+03 2.725596e+05
3.814707e-01 9.841870e+05 4.205808e+03 2.008864e+04 1.114089e+04 3.538994e+05
3.832699e-01 9.778351e+05 5.727396e+03 1.123553e+04 3.799382e+03 3.400615e+05
3.850666e-01 9.627299e+05 6.467289e+03 -3.965989e+04 2.738021e+03 2.649967e+05
3.868579e-01 9.504784e+05 6.479740e+02 -8.617512e+04 2.019760e+02 1.802043e+05
3.886538e-01 9.515808e+05 3.251361e+03 -8.312979e+04 -1.069138e+04 1.484988e+05
3.904491e-01 9.507316e+05 9.584459e+03 -4.296055e+04 -1.967492e+04 1.964490e+05
3.922449e-01 9.525758e+05 2.783527e+03 -3.399074e+03 -8.041236e+03 2.484722e+05
3.940400e-01 9.567578e+05 -1.344464e+03 -7.316188e+03 3.755125e+03 2.215515e+05
3.958317e-01 9.537298e+05 3.501322e+03 -3.932004e+04 -1.995505e+03 1.614861e+05
3.976289e-01 9.444608e+05 4.131369e+03 -6.724376e+04 -8.965010e+03 1.042469e+05
3.994255e-01 9.440686e+05 3.655166e+03 -6.095563e+04 -3.489718e+03 1.019985e+05
4.012204e-01 9.505592e+05 -1.559060e+03 -3.450066e+04 4.110477e+03 1.497654e+05
4.030168e-01 9.572321e+05 5.089091e+03 -1.304052e+04 1.452039e+03 1.874689e+05
4.048122e-01 9.485034e+05 7.299525e+03 -1.404327e+04 -6.178028e+02 1.908680e+05
4.066062e-01 9.408136e+05 3.384102e+03 -3.722135e+04 5.169358e+03 1.466888e+05
4.084001e-01 9.349200e+05 3.021992e+03 -5.813156e+04 4.385806e+03 1.133058e+05
4.101968e-01 9.366374e+05 1.656378e+02 -5.423870e+04 2.192146e+03 1.272288e+05
4.119946e-01 9.450251e+05 8.886889e+02 -3.225110e+04 2.757220e+03 1.728806e+05
4.137897e-01 9.483696e+05 5.077874e+03 -1.823213e+04 -2.886162e+02 1.986193e+05
4.155829e-01 9.415578e+05 4.894896e+03 -2.813279e+04 -7.378506e+03 1.798938e+05
4.173778e-01 9.363851e+05 1.891225e+03 -5.137845e+04 -4.212280e+03 1.221731e+05
4.191752e-01 9.339968e+05 3.472337e+03 -6.009121e+04 -6.811951e+03 8.188817e+04
4.209702e-01 9.354041e+05 4.882163e+03 -3.651469e+04 -1.305407e+04 1.056225e+05
4.227638e-01 9.391934e+05 4.945615e+03 6.259850e+03 -4.781425e+03 1.677577e+05
4.245604e-01 9.432195e+05 -6.263414e+02 2.449519e+04 9.859311e+03 2.038332e+05
4.263543e-01 9.468141e+05 -1.563498e+02 9.447039e+03 4.648816e+03 1.776176e+05
4.281451e-01 9.392182e+05 8.152731e+03 -1.933757e+04 -4.718443e+03 1.317796e+05
4.299400e-01 9.284549e+05 3.795792e+03 -3.800130e+04 4.120341e+03 1.069263e+05
4.317365e-01 9.329534e+05 9.911264e+02 -2.492958e+04 5.884103e+03 1.209659e+05
4.335323e-01 9.399709e+05 4.151188e+03 4.625802e+03 -4.243824e+03 1.803788e+05
4.353294e-01 9.461149e+05 -1.925427e+03 2.778744e+04 -1.410791e+03 2.175411e+05
4.371263e-01 9.506789e+05 -3.509420e+03 1.137319e+04 4.773659e+03 1.936089e+05
4.389235e-01 9.510708e+05 2.192619e+03 -2.270918e+04 2.451791e+03 1.283158e+05
4.407180e-01 9.395566e+05 9.922797e+03 -4.505989e+04 -3.862167e+03 8.324876e+04
4.425103e-01 9.336034e+05 7.523418e+03 -4.034255e+04 -8.012091e+03 8.692425e+04
4.443072e-01 9.329761e+05 5.987210e+03 -7.502707e+03 -6.069241e+03 1.271269e+05
4.461036e-01 9.363428e+05 -8.143380e+02 1.356103e+04 4.694187e+03 1.651313e+05
4.478956e-01 9.411807e+05 -2.998079e+03 3.222745e+03 1.111219e+04 1.542261e+05
4.496902e-01 9.405785e+05 3.467056e+03 -2.782270e+04 5.219391e+03 1.120038e+05
4.514874e-01 9.326064e+05 3.386421e+03 -5.144471e+04 1.934268e+03 8.512928e+04
4.532823e-01 9.354034e+05 -6.026779e+02 -4.722965e+04 3.179680e+03 8.663784e+04
4.550750e-01 9.414428e+05 4.606203e+03 -2.863026e+04 -1.468935e+03 1.251826e+05
4.568708e-01 9.423094e+05 5.215051e+03 -1.350547e+04 -3.075741e+03 1.635428e+05
4.586693e-01 9.415807e+05 2.979928e+03 -1.253301e+04 1.824585e+03 1.627704e+05
4.604629e-01 9.375794e+05 1.899355e+03 -3.314445e+04 8.304055e+03 1.298964e+05
4.622570e-01 9.334998e+05 5.386299e+03 -4.555124e+04 -7.831606e+02 1.024881e+05
4.640543e-01 9.320328e+05 3.661623e+03 -3.759566e+04 -8.455095e+03 1.150718e+05
4.658487e-01 9.351678e+05 5.306636e+03 -3.989339e+03 -1.546444e+04 1.404003e+05
4.676433e-01 9.340881e+05 7.307244e+03 2.087503e+04 -6.068526e+03 1.674852e+05
4.694380e-01 9.302416e+05 1.458828e+03 1.663652e+04 5.245567e+03 1.503648e+05
4.712319e-01 9.278848e+05 1.941063e+03 -9.572818e+03 4.608636e+03 1.087338e+05
4.730274e-01 9.243484e+05 1.869845e+03 -2.997894e+04 -2.518306e+03 7.952727e+04
4.748233e-01 9.262597e+05 1.213165e+03 -3.329231e+04 7.876938e+00 6.586467e+04
4.766206e-01 9.289461e+05 3.753974e+03 -1.729104e+04 -2.107306e+03 8.808084e+04
4.784155e-01 9.327472e+05 2.325346e+03 -4.347855e+03 1.382980e+03 1.093949e+05
4.802074e-01 9.316790e+05 2.601001e+03 -4.427763e+03 2.177346e+03 1.094533e+05
4.820041e-01 9.284348e+05 3.096654e+03 -2.393892e+04 2.268301e+03 8.707740e+04
4.838035e-01 9.253675e+05 4.566565e+03 -3.025155e+04 -3.905794e+03 6.289258e+04
4.855966e-01 9.242854e+05 4.820621e+03 -2.573294e+04 -6.230553e+03 7.076776e+04
4.873905e-01 9.274946e+05 1.400408e+03 -1.174617e+04 2.601861e+03 9.357295e+04
4.891890e-01 9.292199e+05 5.056223e+03 -5.345911e+03 5.648751e+01 1.080616e+05
4.909845e-01 9.252134e+05 5.813649e+03 -6.757082e+03 -6.310221e+03 9.538159e+04
4.927778e-01 9.202249e+05 4.279788e+03 -1.177907e+04 -9.124014e+03 6.259653e+04
4.945710e-01 9.167411e+05 2.820441e+03 -1.846764e+04 -1.593874e+03 4.146077e+04
4.963686e-01 9.207307e+05 -8.334261e+02 -1.554786e+04 4.103160e+03 4.548849e+04
4.981631e-01 9.284175e+05 1.035993e+03 -2.234261e+03 5.033608e+03 7.450890e+04
4.999565e-01 9.327469e+05 1.821951e+03 4.496119e+02 4.796657e+03 9.982702e+04
5.017530e-01 9.342096e+05 2.373431e+03 -6.785458e+03 5.005018e+03 9.858838e+04
5.035473e-01 9.290327e+05 1.669828e+03 -2.244630e+04 2.459707e+03 7.174073e+04
5.053425e-01 9.279031e+05 4.324062e+03 -3.368879e+04 -3.610088e+01 4.591766e+04
5.071378e-01 9.253841e+05 5.817597e+03 -3.471748e+04 -1.537349e+03 5.981201e+04
5.089338e-01 9.257339e+05 3.664613e+03 -2.258135e+04 4.145047e+03 8.551544e+04
5.107304e-01 9.255529e+05 4.029091e+03 -1.530277e+04 2.243756e+03 9.965030e+04
5.125264e-01 9.248490e+05 2.005265e+03 -1.801675e+04 7.028810e+02 9.771424e+04
5.143202e-01 9.256606e+05 -8.301625e+02 -2.981718e+04 -1.899953e+03 7.387316e+04
5.161135e-01 9.288021e+05 2.514547e+03 -3.449193e+04 -4.091153e+03 5.621188e+04
5.179077e-01 9.285494e+05 5.096286e+03 -2.973363e+04 1.394442e+03 5.919500e+04
5.197029e-01 9.282272e+05 6.555010e+03 -1.534211e+04 -3.334918e+03 8.430470e+04
5.214989e-01 9.264997e+05 4.667230e+03 -3.813750e+03 -2.485333e+03 1.042777e+05
5.232939e-01 9.253636e+05 3.001715e+03 -1.251591e+03 -6.860278e+02 9.255805e+04
5.250894e-01 9.216450e+05 4.840291e+03 -1.595880e+04 1.973634e+03 7.489616e+04
5.268875e-01 9.197722e+05 1.232912e+03 -2.459580e+04 9.910604e+02 5.516662e+04
5.286829e-01 9.234686e+05 2.373566e+03 -2.144316e+04 -6.745943e+02 5.309404e+04
5.304764e-01 9.268639e+05 2.487297e+03 -1.000038e+04 -6.258731e+03 6.872687e+04
5.322718e-01 9.291851e+05 4.245432e+03 -4.911177e+03 -7.195426e+02 8.016309e+04
5.340665e-01 9.279312e+05 2.028260e+03 -1.277574e+04 8.120862e+03 7.456680e+04
5.358628e-01 9.275608e+05 -1.433745e+03 -3.250818e+04 6.676161e+03 5.329341e+04
5.376582e-01 9.301847e+05 1.664257e+03 -4.227849e+04 -2.188938e+03 4.143896e+04
5.394517e-01 9.310818e+05 5.445649e+03 -3.348535e+04 -6.336033e+03 5.270523e+04
5.412446e-01 9.314981e+05 6.069498e+03 -1.503401e+04 -4.019525e+03 6.901262e+04
5.430425e-01 9.289726e+05 8.114488e+03 -3.995909e+03 -4.559219e+03 8.387793e+04
5.448396e-01 9.247683e+05 3.450418e+03 -5.492261e+03 1.010375e+03 7.957938e+04
5.466312e-01 9.229528e+05 1.649953e+03 -1.861804e+04 6.937843e+03 5.947871e+04
5.484273e-01 9.227147e+05 3.313240e+03 -3.200371e+04 2.493655e+03 4.627612e+04
5.502231e-01 9.222942e+05 3.914490e+03 -2.731513e+04 2.536561e+02 5.564193e+04
5.520189e-01 9.246918e+05 3.330490e+03 -1.425028e+04 -8.639906e+02 7.662606e+04
5.538138e-01 9.276695e+05 2.338971e+03 -3.796484e+03 -4.507617e+03 8.857503e+04
5.556067e-01 9.285333e+05 5.793099e+03 1.474776e+03 -1.097250e+04 7.981856e+04
5.574029e-01 9.237268e+05 5.625946e+03 -2.647969e+03 -7.569933e+03 6.294969e+04
5.591994e-01 9.241574e+05 -6.729205e+02 -5.527155e+03 4.914919e+03 4.090837e+04
5.609943e-01 9.269813e+05 1.988807e+03 -7.854350e+03 7.245493e+03 4.180328e+04
5.627890e-01 9.274164e+05 6.138010e+03 -2.989904e+03 1.536396e+03 6.352879e+04
5.645865e-01 9.258567e+05 3.808305e+03 5.840948e+02 3.490744e+02 7.854962e+04
5.663833e-01 9.267114e+05 2.068706e+03 -2.491530e+03 7.928182e+02 7.320812e+04
5.681768e-01 9.247853e+05 3.911895e+03 -1.519716e+04 2.940110e+03 5.934892e+04
5.699714e-01 9.207106e+05 3.860433e+03 -2.527952e+04 6.569353e+03 5.027350e+04
5.717666e-01 9.218946e+05 2.158643e+03 -2.994076e+04 6.198561e+03 5.374926e+04
5.735604e-01 9.228636e+05 4.249241e+03 -2.319331e+04 6.700104e+02 6.671901e+04
5.753547e-01 9.216579e+05 4.863210e+03 -1.803655e+04 -5.934636e+03 7.486673e+04
5.771493e-01 9.209650e+05 4.906584e+03 -1.660773e+04 -7.328646e+03 6.563334e+04
5.789465e-01 9.187350e+05 3.972964e+03 -2.637353e+04 2.961836e+03 5.109910e+04
5.807435e-01 9.194044e+05 6.593589e+02 -3.098781e+04 1.292694e+03 3.596819e+04
5.825362e-01 9.197606e+05 6.135323e+03 -2.606269e+04 -3.751397e+03 3.642823e+04
5.843306e-01 9.195760e+05 5.432577e+03 -1.591172e+04 -7.502118e+03 5.963315e+04
5.861281e-01 9.217192e+05 8.073733e+02 -5.496902e+03 2.551165e+03 7.161122e+04
5.879240e-01 9.244221e+05 3.538944e+03 -5.042589e+03 4.121668e+03 6.878441e+04
5.897195e-01 9.219808e+05 3.486883e+03 -1.602029e+04 4.737832e+03 5.736755e+04
5.915160e-01 9.186403e+05 5.937146e+03 -2.177963e+04 5.698209e+02 4.750188e+04
5.933128e-01 9.172265e+05 4.238868e+03 -2.030229e+04 -2.218075e+03 5.113354e+04
5.951052e-01 9.179409e+05 2.440566e+03 -1.578183e+04 -1.572109e+02 5.550889e+04
5.968969e-01 9.207519e+05 2.739053e+03 -1.598013e+04 -2.516458e+03 5.616373e+04
5.986941e-01 9.200882e+05 3.744964e+03 -2.127056e+04 1.809360e+03 5.353753e+04
6.004886e-01 9.190831e+05 5.966096e+02 -3.157831e+04 5.087896e+03 3.853869e+04
6.022826e-01 9.212134e+05 4.489749e+03 -3.710625e+04 -6.865900e+02 2.707482e+04
6.040778e-01 9.180291e+05 5.493631e+03 -3.234440e+04 -6.726001e+03 3.353657e+04
6.058727e-01 9.210786e+05 2.377285e+03 -2.201849e+04 -2.648918e+03 4.192226e+04
6.076682e-01 9.213653e+05 5.798834e+03 -1.563717e+04 -2.639923e+03 4.645510e+04
6.094636e-01 9.173332e+05 8.449001e+03 -1.575202e+04 -1.126558e+03 4.362819e+04
6.112608e-01 9.105691e+05 3.822818e+03 -2.238457e+04 5.099713e+02 3.450968e+04
6.130571e-01 9.129186e+05 2.051851e+03 -2.062141e+04 -3.808544e+03 2.134775e+04
6.148510e-01 9.120375e+05 7.694049e+03 -1.053307e+04 -8.986214e+03 2.552337e+04
6.166467e-01 9.105525e+05 3.908624e+03 1.813608e+03 -4.699725e+03 4.116789e+04
6.184426e-01 9.159465e+05 1.306431e+02 1.067365e+04 4.574068e+03 4.508574e+04
6.202383e-01 9.183374e+05 3.714344e+03 4.165098e+03 6.345369e+03 4.644252e+04
6.220331e-01 9.178876e+05 2.746106e+03 -7.785505e+03 1.376436e+03 3.947582e+04
6.238256e-01 9.188518e+05 3.234433e+03 -1.659728e+04 1.964923e+03 3.103969e+04
6.256207e-01 9.199078e+05 2.864070e+03 -1.300406e+04 3.702857e+03 3.812772e+04
6.274180e-01 9.215918e+05 2.481222e+03 -1.354430e+04 4.845896e+03 5.294203e+04
6.292132e-01 9.256972e+05 2.063217e+03 -1.159632e+04 4.661490e+03 6.886609e+04
6.310070e-01 9.263449e+05 3.661968e+03 -1.297790e+04 -2.146277e+03 6.420235e+04
6.328016e-01 9.236389e+05 6.400302e+03 -1.673577e+04 -6.584522e+03 5.645125e+04
6.345988e-01 9.223569e+05 4.619936e+03 -1.577352e+04 -4.602135e+03 4.506923e+04
6.363935e-01 9.204559e+05 3.244274e+03 -1.495986e+04 -4.351881e+01 3.597212e+04
6.381885e-01 9.216604e+05 4.341068e+03 -7.148505e+03 -4.651975e+03 3.565629e+04
6.399844e-01 9.193430e+05 6.840604e+03 -4.505415e+03 -5.586488e+03 4.011507e+04
6.417790e-01 9.169748e+05 3.943367e+03 -6.612347e+03 2.534837e+03 3.582738e+04
6.435737e-01 9.158244e+05 5.826607e+03 -8.085167e+03 -1.405160e+02 2.458639e+04
6.453671e-01 9.126789e+05 6.036518e+03 -1.122433e+04 -6.055570e+02 2.908575e+04
6.471630e-01 9.128666e+05 3.997673e+02 -1.140594e+04 6.705869e+03 3.842569e+04
6.489575e-01 9.181921e+05 1.422503e+03 -8.042424e+03 5.955985e+03 4.097320e+04
6.507531e-01 9.187270e+05 7.053344e+03 -6.748452e+03 -5.005022e+03 5.002407e+04
6.525500e-01 9.164391e+05 4.493859e+03 -9.034655e+03 -1.439241e+03 4.644714e+04
6.543447e-01 9.180574e+05 2.135659e+02 -1.528607e+04 1.535243e+03 3.211136e+04
6.561416e-01 9.223447e+05 1.448870e+03 -1.987000e+04 1.312976e+03 2.810222e+04
6.579361e-01 9.262482e+05 1.817552e+03 -1.737929e+04 2.141974e+03 3.239911e+04
6.597296e-01 9.269726e+05 6.922990e+03 -9.008158e+03 -4.084344e+03 4.164847e+04
6.615260e-01 9.233988e+05 7.624672e+03 -2.997907e+03 -2.996562e+03 5.297396e+04
6.633228e-01 9.211159e+05 3.486694e+03 -1.071249e+03 1.203715e+03 4.873141e+04
6.651187e-01 9.212636e+05 3.840924e+03 -9.312043e+03 3.544545e+02 3.841759e+04
6.669114e-01 9.215745e+05 2.669591e+03 -1.209177e+04 1.850281e+03 3.767840e+04
6.687054e-01 9.239762e+05 2.963559e+03 -1.392892e+04 6.171152e+03 4.327925e+04
6.705023e-01 9.260301e+05 4.016903e+03 -9.065870e+03 4.092771e+02 5.037780e+04
6.722992e-01 9.245500e+05 7.391477e+03 -4.287105e+03 -6.857103e+03 5.534880e+04
6.740944e-01 9.196784e+05 7.361353e+03 -2.322821e+03 -7.534169e+03 4.600968e+04
6.758872e-01 9.152802e+05 6.116439e+03 -5.699810e+03 -3.075889e+03 2.825069e+04
6.776825e-01 9.130236e+05 2.641778e+03 -1.145668e+04 4.606473e+03 2.009377e+04
6.794791e-01 9.166556e+05 4.075820e+02 -1.377184e+04 8.489205e+03 2.081742e+04
6.812733e-01 9.233882e+05 2.179094e+03 -1.437201e+04 1.629221e+03 3.312040e+04
6.830683e-01 9.259268e+05 4.204345e+03 -1.102654e+04 -1.556562e+03 4.490276e+04
6.848621e-01 9.254846e+05 4.967212e+03 -9.295738e+03 -2.838498e+03 4.263960e+04
6.866570e-01 9.230712e+05 5.452255e+03 -1.406202e+04 -3.174441e+03 3.209516e+04
6.884537e-01 9.208053e+05 6.292776e+03 -1.253269e+04 -4.718842e+03 2.074213e+04
6.902501e-01 9.151802e+05 8.214488e+03 -6.952911e+03 -5.104505e+03 2.147449e+04
6.920470e-01 9.140211e+05 3.930444e+03 5.243870e+02 -1.539163e+03 3.059976e+04
6.938409e-01 9.169568e+05 2.813610e+03 6.549786e+03 2.639658e+03 3.713695e+04
6.956343e-01 9.186314e+05 3.647057e+03 4.072674e+03 4.191574e+03 3.997785e+04
6.974295e-01 9.188747e+05 3.586429e+03 -2.850582e+03 2.824352e+03 3.363795e+04
6.992264e-01 9.158848e+05 7.053891e+03 -9.007975e+03 1.389041e+02 2.532266e+04
7.010216e-01 9.130908e+05 5.288997e+03 -1.263598e+04 2.454180e+02 2.780127e+04
7.028157e-01 9.138335e+05 1.847946e+03 -1.171243e+04 2.740096e+03 2.923414e+04
7.046118e-01 9.153244e+05 3.009911e+03 -1.420898e+04 2.824237e+03 2.890388e+04
7.064070e-01 9.175050e+05 3.272030e+03 -1.623967e+04 2.033252e+03 2.825661e+04
7.082001e-01 9.192800e+05 3.352835e+03 -2.250931e+04 3.560687e+02 2.738648e+04
7.099950e-01 9.196279e+05 6.163133e+03 -2.026323e+04 -3.111848e+03 2.180784e+04
7.117916e-01 9.158796e+05 8.339185e+03 -1.598775e+04 -7.043171e+03 2.453714e+04
7.135857e-01 9.149837e+05 2.759458e+03 -1.012885e+04 5.856094e+02 3.196888e+04
7.153810e-01 9.194439e+05 -1.689628e+02 -1.257669e+04 9.024982e+03 3.376273e+04
7.171769e-01 9.223318e+05 2.672512e+03 -1.908004e+04 8.540784e+03 3.506174e+04
7.189721e-01 9.216303e+05 5.333511e+03 -2.671556e+04 3.281584e+03 3.445593e+04
7.207688e-01 9.194986e+05 6.254513e+03 -2.719550e+04 -4.206993e+03 3.594427e+04
7.225642e-01 9.187220e+05 4.729009e+03 -2.589182e+04 -2.132135e+03 4.326065e+04
7.243583e-01 9.213697e+05 2.626957e+03 -2.361159e+04 2.971347e+03 4.613349e+04
7.261538e-01 9.233426e+05 4.572217e+03 -2.331094e+04 -1.177899e+03 4.076370e+04
7.279497e-01 9.204851e+05 8.137717e+03 -2.248390e+04 -6.162234e+03 3.659546e+04
7.297435e-01 9.172326e+05 4.454113e+03 -2.170886e+04 -2.703357e+03 3.248853e+04
7.315366e-01 9.180208e+05 4.397123e+03 -2.203778e+04 -8.764079e+02 2.300905e+04
7.333339e-01 9.166925e+05 6.919188e+03 -1.886539e+04 -9.577150e+02 2.636198e+04
7.351305e-01 9.156396e+05 5.597715e+03 -1.138105e+04 -1.601055e+03 3.490039e+04
7.369246e-01 9.144062e+05 6.583184e+03 -9.095153e+03 -7.576308e+02 3.763502e+04
7.387207e-01 9.121266e+05 4.415122e+03 -1.266553e+04 3.809535e+03 4.211335e+04
7.405164e-01 9.129846e+05 1.602038e+03 -2.009029e+04 7.248005e+03 3.473659e+04
7.423108e-01 9.144529e+05 3.878154e+03 -2.699093e+04 2.309413e+03 2.974299e+04
7.441040e-01 9.148036e+05 4.978901e+03 -2.668765e+04 -3.521389e+03 3.581348e+04
7.458996e-01 9.159269e+05 4.826795e+03 -2.135123e+04 -2.953761e+03 3.970339e+04
7.476955e-01 9.175645e+05 3.109387e+03 -1.749923e+04 -1.569828e+03 4.103012e+04
7.494882e-01 9.194822e+05 4.364331e+03 -1.448733e+04 -1.825779e+03 3.202951e+04
7.512836e-01 9.192501e+05 5.168132e+03 -1.556174e+04 -2.564919e+03 3.210780e+04
7.530799e-01 9.195858e+05 5.414672e+03 -1.361946e+04 -3.097080e+03 3.060534e+04
7.548749e-01 9.199533e+05 4.317598e+03 -1.089304e+04 -1.227046e+03 3.310545e+04
7.566699e-01 9.222909e+05 3.060711e+03 -5.259927e+03 2.642904e+03 4.037952e+04
7.584671e-01 9.232259e+05 3.276826e+03 -1.156267e+04 9.729022e+03 4.825595e+04
7.602633e-01 9.249981e+05 3.464146e+03 -1.964978e+04 4.748430e+03 4.697413e+04
7.620571e-01 9.231759e+05 7.167432e+03 -2.558708e+04 -2.346629e+03 3.725955e+04
7.638531e-01 9.189082e+05 6.761575e+03 -2.611190e+04 -6.493442e+03 3.295689e+04
7.656499e-01 9.195654e+05 2.964217e+03 -2.197562e+04 -1.459323e+03 3.112333e+04
7.674455e-01 9.226062e+05 3.553079e+03 -2.167829e+04 1.908905e+03 2.730509e+04
7.692400e-01 9.227044e+05 7.281030e+03 -2.044724e+04 -4.504613e+03 2.767218e+04
7.710340e-01 9.191972e+05 7.143163e+03 -1.877582e+04 -3.536281e+03 3.064353e+04
7.728276e-01 9.181369e+05 5.066813e+03 -1.859217e+04 1.537282e+03 2.834813e+04
7.746220e-01 9.183954e+05 4.696532e+03 -2.092210e+04 1.410627e+03 2.597365e+04
7.764173e-01 9.172405e+05 5.603795e+03 -1.795960e+04 -8.287389e+02 2.970517e+04
7.782136e-01 9.180539e+05 5.656861e+03 -1.145211e+04 -3.754483e+03 3.203431e+04
7.800117e-01 9.162612e+05 6.757987e+03 -6.909770e+03 -3.356225e+03 3.440405e+04
7.818056e-01 9.154831e+05 4.286689e+03 -1.006273e+04 8.965917e+02 3.106710e+04
7.835979e-01 9.168554e+05 2.166213e+03 -1.485445e+04 4.692480e+03 2.640917e+04
7.853947e-01 9.187386e+05 3.870303e+03 -2.087459e+04 4.135531e+03 1.996676e+04
7.871903e-01 9.176907e+05 7.535664e+03 -1.829944e+04 -3.631139e+03 2.367283e+04
7.889853e-01 9.146956e+05 6.971343e+03 -1.395162e+04 -2.762385e+02 3.623925e+04
7.907819e-01 9.167230e+05 2.086422e+03 -1.472410e+04 5.110146e+03 4.107488e+04
7.925772e-01 9.188782e+05 3.868223e+03 -1.698364e+04 3.168852e+03 3.593371e+04
7.943719e-01 9.177230e+05 6.649394e+03 -2.075423e+04 -5.184369e+03 3.042147e+04
7.961659e-01 9.156976e+05 5.953700e+03 -2.227150e+04 -1.930326e+03 2.859271e+04
7.979598e-01 9.175629e+05 9.569606e+02 -2.145741e+04 4.702559e+02 2.982852e+04
7.997559e-01 9.229701e+05 4.927189e+03 -1.546658e+04 -1.289422e+03 2.927561e+04
8.015520e-01 9.223639e+05 6.459612e+03 -1.331114e+04 -3.908945e+03 3.880228e+04
8.033475e-01 9.233915e+05 3.754604e+03 -7.368038e+03 -5.599028e+02 3.730359e+04
8.051404e-01 9.229079e+05 6.543264e+03 -8.815436e+03 1.160118e+03 3.657854e+04
8.069349e-01 9.206420e+05 6.080021e+03 -9.590354e+03 2.290002e+03 3.635920e+04
8.087329e-01 9.178204e+05 7.073164e+03 -1.095319e+04 1.640114e+03 3.510477e+04
8.105286e-01 9.171268e+05 5.025589e+03 -1.228643e+04 2.587670e+02 4.022698e+04
8.123233e-01 9.165119e+05 4.372952e+03 -1.400574e+04 1.320277e+03 4.105093e+04
8.141188e-01 9.180389e+05 3.413294e+03 -1.875959e+04 4.234533e+03 3.797730e+04
8.159142e-01 9.202023e+05 4.078042e+03 -2.184612e+04 1.236122e+03 3.223502e+04
8.177087e-01 9.197665e+05 7.742536e+03 -2.031387e+04 -2.132083e+03 3.541766e+04
8.195037e-01 9.181886e+05 5.637271e+03 -1.762424e+04 -4.719089e+03 4.012354e+04
8.212995e-01 9.182636e+05 5.885589e+03 -1.128289e+04 -1.789328e+03 4.072501e+04
8.230953e-01 9.178329e+05 4.444271e+03 -8.473508e+03 -2.696299e+00 3.988769e+04
8.248902e-01 9.176713e+05 5.978950e+03 -1.149044e+04 1.510812e+03 3.608503e+04
8.266848e-01 9.156777e+05 6.290246e+03 -1.789940e+04 1.414743e+03 3.362218e+04
8.284792e-01 9.153319e+05 4.560485e+03 -2.187989e+04 2.645852e+03 3.440382e+04
8.302734e-01 9.158919e+05 4.458674e+03 -2.286599e+04 1.525360e+03 3.257784e+04
8.320692e-01 9.162491e+05 5.734928e+03 -1.968475e+04 -2.138595e+03 3.678852e+04
8.338654e-01 9.159689e+05 6.009118e+03 -1.848862e+04 -1.557160e+03 3.614083e+04
8.356607e-01 9.155791e+05 5.204539e+03 -2.063006e+04 -1.171206e+03 3.171644e+04
8.374562e-01 9.157304e+05 3.916513e+03 -2.512625e+04 2.013525e+03 2.249838e+04
8.392510e-01 9.159496e+05 5.644302e+03 -2.723873e+04 1.215255e+03 1.686786e+04
8.410464e-01 9.137934e+05 8.153528e+03 -2.706763e+04 -3.241675e+03 2.192640e+04
8.428427e-01 9.130086e+05 4.957044e+03 -2.151201e+04 -2.151078e+03 2.934317e+04
8.446371e-01 9.149032e+05 3.980821e+03 -1.662013e+04 5.518891e+02 3.027538e+04
8.464320e-01 9.173834e+05 6.073840e+03 -1.554691e+04 -1.769743e+03 2.844118e+04
8.482278e-01 9.136704e+05 8.606167e+03 -1.455811e+04 -3.807606e+03 3.127006e+04
8.500227e-01 9.102384e+05 6.452440e+03 -1.230465e+04 3.213167e+03 3.099238e+04
8.518177e-01 9.092151e+05 5.140892e+03 -1.549419e+04 5.239104e+03 3.018628e+04
8.536137e-01 9.110369e+05 4.288656e+03 -1.683661e+04 1.729089e+03 4.260010e+04
8.554088e-01 9.133619e+05 3.135103e+03 -1.901984e+04 3.216443e+03 4.860055e+04
8.572024e-01 9.180064e+05 3.239140e+03 -2.022906e+04 8.110960e+02 4.641802e+04
8.589967e-01 9.189886e+05 5.862972e+03 -1.974887e+04 -5.113800e+03 4.239684e+04
8.607918e-01 9.189194e+05 5.823351e+03 -1.714279e+04 -5.967503e+03 3.612116e+04
8.625869e-01 9.198561e+05 5.126559e+03 -1.353482e+04 -4.876764e+03 2.794671e+04
8.643824e-01 9.205122e+05 6.187342e+03 -1.216103e+04 -4.048653e+02 2.907609e+04
8.661785e-01 9.199182e+05 4.446231e+03 -1.498089e+04 5.117628e+03 3.016782e+04
8.679743e-01 9.197849e+05 5.772358e+03 -1.930427e+04 4.921984e+03 2.692853e+04
8.697706e-01 9.174402e+05 7.350490e+03 -2.148485e+04 2.243364e+03 2.684797e+04
8.715653e-01 9.153036e+05 7.589601e+03 -2.230222e+04 -2.529523e+03 3.107931e+04
8.733592e-01 9.149074e+05 3.978466e+03 -1.876148e+04 -4.104973e+02 3.372957e+04
8.751548e-01 9.177389e+05 5.144493e+03 -1.664059e+04 -2.080072e+03 3.415178e+04
8.769502e-01 9.170118e+05 8.559761e+03 -1.131142e+04 -6.640370e+03 3.524832e+04
8.787466e-01 9.139206e+05 7.358384e+03 -6.246829e+03 -2.408314e+03 3.577004e+04
8.805415e-01 9.141321e+05 3.145376e+03 -9.158884e+03 2.949161e+03 2.945343e+04
8.823359e-01 9.182748e+05 3.500527e+03 -1.331840e+04 4.516028e+03 2.574638e+04
8.841313e-01 9.169426e+05 7.519529e+03 -1.660331e+04 -9.456039e+01 2.821544e+04
8.859273e-01 9.140943e+05 7.278879e+03 -1.852714e+04 -7.566964e+02 2.893679e+04
8.877230e-01 9.123211e+05 6.073646e+03 -1.897768e+04 7.994091e+02 2.851309e+04
8.895175e-01 9.129055e+05 4.066060e+03 -1.972634e+04 2.453908e+02 2.680044e+04
8.913122e-01 9.148812e+05 5.030393e+03 -2.014687e+04 -8.254662e+02 2.171008e+04
8.931078e-01 9.157364e+05 7.625116e+03 -1.565655e+04 -7.170609e+03 2.346438e+04
8.949034e-01 9.133211e+05 6.229146e+03 -1.083731e+04 -2.896372e+03 2.843689e+04
8.966974e-01 9.161580e+05 3.196548e+03 -8.448729e+03 4.346907e+03 2.968952e+04
8.984931e-01 9.192636e+05 4.445727e+03 -1.228753e+04 3.755341e+03 3.068497e+04
9.002874e-01 9.195668e+05 6.027029e+03 -1.462469e+04 2.455080e+03 3.404775e+04
9.020815e-01 9.181614e+05 7.182112e+03 -1.898164e+04 1.876969e+03 3.228874e+04
9.038774e-01 9.159254e+05 6.373238e+03 -1.942491e+04 -1.856573e+03 2.730969e+04
9.056723e-01 9.163385e+05 6.536642e+03 -1.568242e+04 -4.954051e+03 2.764755e+04
9.074684e-01 9.153700e+05 5.986063e+03 -1.481376e+04 -5.652102e+02 2.639786e+04
9.092635e-01 9.168495e+05 3.383257e+03 -1.767387e+04 4.896227e+03 2.427543e+04
9.110582e-01 9.198776e+05 4.307899e+03 -2.217239e+04 4.032809e+03 2.051579e+04
9.128546e-01 9.194104e+05 7.150589e+03 -2.461256e+04 -1.407626e+03 1.913962e+04
9.146502e-01 9.169137e+05 8.389873e+03 -2.353410e+04 -3.499330e+03 2.207454e+04
9.164437e-01 9.146602e+05 8.213672e+03 -1.723782e+04 -4.470674e+03 2.232862e+04
9.182390e-01 9.128781e+05 8.246822e+03 -1.011590e+04 -4.559558e+03 2.472505e+04
