# k, q0, q1/i, q2, q3/i, q4, norm, alpha = 4.28737e+00, 1.96234e-02
0.000000e+00 1.017999e+13 0.000000e+00 0.000000e+00 0.000000e+00 5.035783e+12
2.542755e-03 4.528044e+12 2.519733e+12 1.450921e+12 1.356228e+12 -6.242868e+11
4.308321e-03 1.503469e+12 8.217952e+11 2.279294e+12 2.072635e+12 -8.880606e+10
6.127972e-03 4.344623e+11 1.870865e+11 1.078216e+12 1.043895e+12 1.376515e+11
7.953317e-03 1.535132e+11 3.121284e+10 3.397330e+11 3.156694e+11 2.431528e+11
9.814571e-03 5.613059e+10 1.321708e+10 3.006295e+10 4.765463e+10 6.203445e+10
1.156539e-02 2.098496e+10 8.029787e+09 -2.302985e+10 -4.972192e+09 1.091089e+10
1.336205e-02 1.001984e+10 2.540371e+09 -9.595091e+09 -1.124413e+09 1.403023e+10
1.519307e-02 7.980410e+09 1.243657e+09 4.062653e+09 3.007709e+09 2.553879e+10
1.700413e-02 5.998950e+09 1.197783e+09 6.962960e+09 2.765886e+09 2.431317e+10
1.878921e-02 3.316838e+09 5.714010e+08 3.180284e+09 1.050862e+09 1.394646e+10
2.056181e-02 1.627249e+09 1.933363e+08 -4.790248e+08 4.403420e+08 5.105346e+09
2.237315e-02 1.172091e+09 4.093092e+07 -1.909323e+09 1.250299e+08 2.461495e+09
2.420702e-02 1.131831e+09 8.799005e+07 -1.076748e+09 1.086339e+08 3.342386e+09
2.604330e-02 1.030430e+09 9.063985e+07 -6.475796e+06 1.827877e+08 4.236590e+09
2.781707e-02 8.480730e+08 9.369022e+07 2.047132e+08 7.930115e+07 3.692249e+09
2.956466e-02 5.593055e+08 7.773716e+07 -1.320877e+08 -1.754635e+07 2.279738e+09
3.136513e-02 3.498332e+08 3.480913e+07 -5.192064e+08 -6.056011e+07 1.085036e+09
3.317513e-02 2.640402e+08 2.541975e+07 -4.764115e+08 -5.504662e+07 7.269908e+08
3.497165e-02 2.538359e+08 2.449826e+07 -1.557275e+08 -1.361180e+07 9.722554e+08
3.677184e-02 2.480774e+08 2.008017e+07 9.681076e+07 3.242935e+07 1.181843e+09
3.856197e-02 2.170600e+08 1.269067e+07 9.792650e+07 3.654837e+07 1.048997e+09
4.034231e-02 1.563942e+08 9.165734e+06 -6.441079e+07 1.378435e+07 6.522067e+08
4.214741e-02 1.085035e+08 5.282077e+06 -1.801625e+08 -3.766770e+06 3.478067e+08
4.395085e-02 9.998961e+07 3.278578e+06 -1.755473e+08 -4.658898e+06 3.104311e+08
4.574462e-02 1.058590e+08 5.237646e+06 -6.861582e+07 5.403861e+06 4.307636e+08
4.755674e-02 1.092144e+08 5.221473e+06 1.187732e+07 1.144076e+07 5.155752e+08
4.935944e-02 9.282542e+07 4.970582e+06 2.721869e+06 7.000904e+06 4.378305e+08
5.113615e-02 7.034819e+07 3.737168e+06 -5.303845e+07 2.100242e+05 2.892735e+08
5.293674e-02 5.276526e+07 2.616944e+06 -9.624214e+07 -4.683935e+06 1.710129e+08
5.472727e-02 4.748820e+07 2.382440e+06 -8.341422e+07 -4.849240e+06 1.564621e+08
5.651697e-02 4.888188e+07 2.304565e+06 -3.684248e+07 -1.035208e+06 1.995032e+08
5.831477e-02 4.940303e+07 2.491854e+06 -3.870608e+06 1.670440e+06 2.286041e+08
6.011451e-02 4.294455e+07 2.436840e+06 -7.762015e+06 7.177769e+05 1.965841e+08
6.191171e-02 3.217283e+07 1.691078e+06 -3.158301e+07 -1.762402e+06 1.272214e+08
6.370712e-02 2.529131e+07 1.025802e+06 -4.622020e+07 -2.389736e+06 8.063751e+07
6.550732e-02 2.427221e+07 9.772795e+05 -3.822181e+07 -1.550718e+06 8.151314e+07
6.729498e-02 2.576304e+07 9.618866e+05 -1.698652e+07 2.279806e+05 1.065030e+08
6.908598e-02 2.576117e+07 1.000804e+06 -3.420081e+06 7.822681e+05 1.180097e+08
7.088188e-02 2.205303e+07 7.437503e+05 -8.897351e+06 7.477843e+05 9.630890e+07
7.268232e-02 1.774859e+07 4.248286e+05 -2.344380e+07 -2.237600e+05 6.361579e+07
7.447792e-02 1.505642e+07 4.497220e+05 -2.985509e+07 -1.238118e+06 4.441642e+07
7.627282e-02 1.470634e+07 7.451415e+05 -2.195747e+07 -1.332260e+06 4.950036e+07
7.807562e-02 1.536782e+07 5.914366e+05 -8.438041e+06 -1.710023e+05 6.512875e+07
7.988558e-02 1.538460e+07 2.796489e+05 -2.602359e+06 7.084941e+05 6.897249e+07
8.168049e-02 1.364362e+07 3.862961e+05 -7.851668e+06 1.652907e+05 5.562521e+07
8.345709e-02 1.087577e+07 3.909935e+05 -1.567590e+07 -6.100523e+05 3.626346e+07
8.524436e-02 9.346516e+06 2.606744e+05 -1.787908e+07 -7.458797e+05 2.712797e+07
8.704550e-02 9.752988e+06 2.709550e+05 -1.208326e+07 -3.455269e+05 3.330271e+07
8.884478e-02 1.052710e+07 2.794946e+05 -3.774719e+06 1.601603e+05 4.407360e+07
9.064103e-02 1.063132e+07 2.923901e+05 -6.850004e+05 2.322745e+05 4.684428e+07
9.243897e-02 9.020303e+06 3.622178e+05 -3.758870e+06 -1.524004e+05 3.697928e+07
9.423607e-02 7.128088e+06 1.880990e+05 -9.388558e+06 -2.528385e+05 2.364276e+07
9.603871e-02 6.394790e+06 2.125843e+04 -1.140526e+07 -1.277483e+05 1.787704e+07
9.782410e-02 6.782126e+06 1.200549e+05 -8.087332e+06 -5.252126e+04 2.199174e+07
9.961474e-02 7.421020e+06 2.033478e+05 -2.953396e+06 5.085013e+04 2.945396e+07
1.014127e-01 7.283519e+06 1.879954e+05 -6.499956e+05 4.800701e+04 3.070844e+07
1.031985e-01 6.450978e+06 1.617725e+05 -2.896411e+06 -2.043466e+04 2.483533e+07
1.049957e-01 5.317548e+06 1.206292e+05 -6.387614e+06 -1.766656e+05 1.637347e+07
1.067952e-01 4.752132e+06 9.870366e+04 -7.523847e+06 -2.345388e+05 1.259944e+07
1.085930e-01 4.846812e+06 1.088097e+05 -5.433478e+06 -1.946069e+05 1.459924e+07
1.103885e-01 5.144164e+06 1.112933e+05 -2.649729e+06 -3.733339e+04 1.834571e+07
1.121821e-01 5.007952e+06 7.479909e+04 -2.005494e+06 9.635662e+04 1.823005e+07
1.139837e-01 4.514548e+06 2.483661e+04 -3.728434e+06 9.280729e+04 1.420929e+07
1.157773e-01 4.001778e+06 5.820155e+04 -5.750596e+06 -1.113992e+05 9.935870e+06
1.175730e-01 3.794290e+06 9.953407e+04 -5.502664e+06 -1.893420e+05 9.345444e+06
1.193666e-01 4.039373e+06 6.549086e+04 -3.057617e+06 -5.586411e+04 1.262842e+07
1.211543e-01 4.363140e+06 6.366318e+04 -6.059390e+05 4.140251e+04 1.601619e+07
1.229561e-01 4.287145e+06 8.480488e+04 -7.847669e+04 5.879927e+04 1.601155e+07
1.247542e-01 3.786465e+06 6.381354e+04 -1.585036e+06 -1.547047e+04 1.236401e+07
1.265466e-01 3.241840e+06 4.100238e+04 -3.611885e+06 -6.694492e+04 8.078714e+06
1.283363e-01 2.978018e+06 4.020342e+04 -4.163096e+06 -7.128350e+04 6.292751e+06
1.301269e-01 3.055791e+06 4.085782e+04 -3.291130e+06 -7.632748e+04 7.391423e+06
1.319334e-01 3.156690e+06 4.350917e+04 -2.029832e+06 -6.330739e+04 8.901446e+06
1.337370e-01 3.079502e+06 4.733941e+04 -1.830714e+06 -3.163441e+04 8.696651e+06
1.355323e-01 2.798290e+06 3.261986e+04 -2.599893e+06 -2.454577e+03 6.735966e+06
1.373301e-01 2.564508e+06 3.465240e+04 -3.254756e+06 -3.276718e+04 5.207998e+06
1.391197e-01 2.573834e+06 1.893207e+04 -2.857464e+06 -4.145214e+04 5.623050e+06
1.409058e-01 2.750177e+06 2.263352e+04 -1.570273e+06 -1.709899e+04 7.416467e+06
1.427003e-01 2.886517e+06 3.141230e+04 -5.813563e+05 1.008617e+04 8.776668e+06
1.444928e-01 2.784942e+06 3.905608e+04 -6.150396e+05 1.782930e+04 8.193163e+06
1.462886e-01 2.498680e+06 2.895089e+04 -1.597861e+06 -2.679790e+04 6.029052e+06
1.480924e-01 2.255400e+06 3.318742e+04 -2.377023e+06 -7.846713e+04 4.203371e+06
1.498892e-01 2.221017e+06 1.165567e+04 -2.240047e+06 -3.562391e+04 4.101432e+06
1.516798e-01 2.355732e+06 7.470399e+03 -1.422153e+06 2.034629e+04 5.295432e+06
1.534759e-01 2.452418e+06 2.010216e+04 -7.598943e+05 1.742121e+04 6.294287e+06
1.552766e-01 2.375033e+06 2.396366e+04 -8.461574e+05 -1.291616e+04 5.817330e+06
1.570706e-01 2.146122e+06 5.052722e+04 -1.450176e+06 -8.301517e+04 4.286118e+06
1.588578e-01 1.953919e+06 3.694411e+04 -1.877858e+06 -8.348452e+04 3.107739e+06
1.606585e-01 1.921379e+06 1.330347e+04 -1.634950e+06 -4.084960e+04 3.162742e+06
1.624649e-01 2.012287e+06 1.290881e+04 -9.821948e+05 -7.402440e+03 4.069173e+06
1.642557e-01 2.071257e+06 8.524509e+03 -5.690526e+05 1.183676e+04 4.673998e+06
1.660459e-01 2.006262e+06 1.805574e+04 -7.203171e+05 2.973730e+03 4.190847e+06
1.678421e-01 1.870190e+06 5.252885e+03 -1.256193e+06 -6.787736e+02 3.108859e+06
1.696353e-01 1.805711e+06 -2.867520e+03 -1.558507e+06 8.674347e+03 2.460682e+06
1.714286e-01 1.844131e+06 7.064738e+03 -1.313050e+06 -9.840052e+03 2.813374e+06
1.732198e-01 1.929228e+06 1.268059e+04 -7.893736e+05 -3.280295e+03 3.630610e+06
1.750152e-01 1.941500e+06 2.373221e+04 -4.835855e+05 -6.046388e+03 3.994534e+06
1.768177e-01 1.837802e+06 1.869783e+04 -6.851654e+05 -2.517380e+04 3.388093e+06
1.786121e-01 1.708800e+06 1.840614e+04 -1.120439e+06 -3.238698e+04 2.407012e+06
1.804030e-01 1.638448e+06 4.530469e+03 -1.289768e+06 -2.557189e+04 1.922184e+06
1.822028e-01 1.688714e+06 3.475404e+03 -9.846086e+05 -8.018826e+03 2.332287e+06
1.839998e-01 1.769556e+06 8.890395e+03 -4.718487e+05 5.261018e+03 3.132266e+06
1.857937e-01 1.789159e+06 9.874090e+03 -2.728288e+05 1.330051e+04 3.424969e+06
1.875926e-01 1.698773e+06 2.042393e+04 -5.030302e+05 -1.826494e+04 2.830316e+06
1.893867e-01 1.580809e+06 1.350245e+04 -8.992128e+05 -1.712576e+04 2.005734e+06
1.911794e-01 1.538053e+06 -4.417854e+03 -1.045992e+06 9.099282e+03 1.659359e+06
1.929763e-01 1.604910e+06 -7.979107e+03 -7.779890e+05 1.952571e+04 2.142425e+06
1.947689e-01 1.693806e+06 1.106750e+04 -3.440818e+05 -1.373345e+04 2.876706e+06
1.965614e-01 1.701078e+06 1.209415e+04 -1.537653e+05 -1.973749e+03 3.086749e+06
1.983545e-01 1.628888e+06 1.316412e+04 -3.706072e+05 1.088917e+04 2.582946e+06
2.001492e-01 1.527242e+06 6.220969e+03 -7.502257e+05 -9.099028e+03 1.828997e+06
2.019476e-01 1.495009e+06 -7.602960e+02 -8.723015e+05 -1.036549e+04 1.528880e+06
2.037448e-01 1.544738e+06 7.656487e+03 -5.608861e+05 -3.163296e+04 1.936297e+06
2.055436e-01 1.612837e+06 1.558877e+04 -9.550447e+04 -3.780401e+04 2.599081e+06
2.073409e-01 1.620896e+06 1.511959e+04 1.239508e+05 -1.797096e+04 2.784443e+06
2.091331e-01 1.548349e+06 8.672097e+03 -9.925852e+04 6.288816e+03 2.256066e+06
2.109295e-01 1.458909e+06 4.236723e+02 -5.120337e+05 1.490034e+04 1.464926e+06
2.127243e-01 1.414117e+06 9.025637e+02 -7.261379e+05 -1.734371e+03 1.083122e+06
2.145132e-01 1.445409e+06 4.192352e+03 -5.592734e+05 -1.537061e+02 1.371165e+06
2.163084e-01 1.498742e+06 6.758197e+03 -2.039768e+05 1.707712e+04 1.993731e+06
2.181043e-01 1.527586e+06 4.045148e+03 -1.132961e+04 2.255722e+04 2.317115e+06
2.198991e-01 1.493638e+06 8.012383e+03 -1.461821e+05 -1.636495e+03 2.050881e+06
2.216975e-01 1.411055e+06 4.724312e+03 -4.510046e+05 -1.521355e+04 1.402208e+06
2.234966e-01 1.362367e+06 1.093323e+04 -6.203625e+05 -3.404317e+04 9.658528e+05
2.252970e-01 1.353882e+06 1.018610e+04 -5.108807e+05 -2.738829e+04 1.056720e+06
2.270852e-01 1.397809e+06 6.307957e+02 -2.367915e+05 5.351852e+03 1.449920e+06
2.288723e-01 1.424238e+06 3.136324e+03 -6.481419e+04 5.826389e+03 1.706722e+06
2.306695e-01 1.409348e+06 3.116698e+03 -1.393482e+05 9.771867e+03 1.572243e+06
2.324665e-01 1.365926e+06 -2.559309e+03 -3.598925e+05 2.557557e+04 1.186150e+06
2.342627e-01 1.332642e+06 3.560453e+03 -5.410862e+05 -7.156863e+03 8.863005e+05
2.360563e-01 1.324474e+06 5.068423e+03 -5.074158e+05 -1.864899e+04 8.683501e+05
2.378553e-01 1.345200e+06 8.886961e+03 -3.521878e+05 -2.194565e+04 1.066746e+06
2.396569e-01 1.338866e+06 9.115904e+03 -2.406182e+05 2.384663e+03 1.195545e+06
2.414498e-01 1.325058e+06 2.539876e+03 -2.821844e+05 1.272602e+04 1.102050e+06
2.432397e-01 1.294735e+06 8.099038e+02 -3.985760e+05 4.835912e+03 9.085852e+05
2.450345e-01 1.290028e+06 -5.522762e+03 -4.723546e+05 1.315610e+04 7.906366e+05
2.468308e-01 1.301579e+06 7.319826e+03 -4.265734e+05 -2.379991e+04 8.539381e+05
2.486244e-01 1.304691e+06 9.158394e+03 -2.928505e+05 -2.117635e+04 9.870501e+05
2.504185e-01 1.306390e+06 3.728649e+03 -2.372699e+05 -1.534232e+04 9.790799e+05
2.522154e-01 1.287828e+06 3.342583e+03 -2.873994e+05 -1.399674e+04 8.219009e+05
2.540114e-01 1.268170e+06 4.155227e+03 -3.595776e+05 -1.354820e+04 6.183019e+05
2.558058e-01 1.251162e+06 6.455234e+03 -3.659982e+05 -1.892701e+04 5.422128e+05
2.576012e-01 1.264442e+06 -9.679750e+02 -2.922971e+05 5.781168e+02 6.191230e+05
2.593962e-01 1.275383e+06 3.717100e+03 -2.263943e+05 7.857072e+03 7.488341e+05
2.611937e-01 1.270189e+06 -3.288045e+02 -2.300890e+05 1.367173e+04 7.662702e+05
2.629942e-01 1.257519e+06 4.042158e+03 -3.050452e+05 -3.164549e+03 6.427358e+05
2.647885e-01 1.229398e+06 1.187097e+04 -3.470702e+05 -1.870524e+04 5.154389e+05
2.665811e-01 1.220094e+06 2.303322e+02 -3.198780e+05 2.419913e+03 5.268964e+05
2.683801e-01 1.245648e+06 -7.288754e+03 -2.493367e+05 1.747954e+04 6.651472e+05
2.701729e-01 1.271974e+06 -4.313317e+03 -2.055504e+05 1.387596e+04 7.940181e+05
2.719632e-01 1.278218e+06 3.218216e+03 -2.183744e+05 -6.376852e+03 7.653127e+05
2.737587e-01 1.251018e+06 1.105235e+04 -2.625598e+05 -1.994565e+04 6.303317e+05
2.755578e-01 1.225095e+06 4.459376e+03 -2.959970e+05 1.859092e+03 5.256842e+05
2.773550e-01 1.226587e+06 -3.735014e+01 -2.817308e+05 8.268047e+03 5.661431e+05
2.791459e-01 1.234532e+06 8.794151e+03 -1.934474e+05 -1.226871e+04 6.961855e+05
2.809385e-01 1.231682e+06 6.109076e+03 -1.282682e+05 -1.217288e+04 7.627711e+05
2.827312e-01 1.218171e+06 4.253800e+03 -1.415486e+05 3.169936e+03 6.932232e+05
2.845296e-01 1.200533e+06 -1.870930e+03 -2.374222e+05 9.929770e+03 5.336153e+05
2.863269e-01 1.192415e+06 -2.434830e+02 -3.041970e+05 5.637505e+03 4.335893e+05
2.881173e-01 1.194124e+06 6.851568e+03 -2.585561e+05 -6.705442e+03 4.964841e+05
2.899148e-01 1.203485e+06 2.715711e+03 -1.444264e+05 -3.059489e+03 6.831285e+05
2.917136e-01 1.227588e+06 -1.886796e+03 -5.669127e+04 -1.700765e+03 7.973146e+05
2.935083e-01 1.225127e+06 4.692515e+03 -5.669326e+04 -1.147574e+04 7.583992e+05
2.953064e-01 1.207890e+06 1.406417e+03 -1.318151e+05 -1.619457e+03 5.829228e+05
2.971025e-01 1.190913e+06 3.443662e+03 -1.934483e+05 -1.523013e+03 4.402865e+05
2.988941e-01 1.188464e+06 -5.124623e+02 -2.057277e+05 8.041969e+03 4.465082e+05
3.006873e-01 1.203603e+06 2.285463e+03 -1.509226e+05 6.465647e+03 5.567584e+05
3.024817e-01 1.209490e+06 2.528297e+03 -1.003894e+05 -4.603621e+03 6.423171e+05
3.042771e-01 1.206579e+06 2.205038e+03 -1.008808e+05 -8.093116e+03 6.028584e+05
3.060756e-01 1.194756e+06 5.738889e+01 -1.661624e+05 -1.410795e+03 4.633866e+05
3.078722e-01 1.182602e+06 4.489233e+03 -2.133271e+05 -7.085896e+03 3.548178e+05
3.096648e-01 1.175978e+06 4.807408e+03 -1.855963e+05 -4.572794e+02 3.689188e+05
3.114599e-01 1.183878e+06 2.955908e+03 -1.210203e+05 -3.186338e+02 4.770080e+05
3.132555e-01 1.193940e+06 1.857356e+02 -7.317252e+04 9.481234e+02 5.630672e+05
3.150527e-01 1.198574e+06 -1.571196e+03 -8.273302e+04 1.108495e+03 5.305118e+05
3.168493e-01 1.190713e+06 3.033218e+03 -1.453743e+05 -1.371734e+03 4.133808e+05
3.186391e-01 1.172657e+06 4.385952e+03 -1.863863e+05 -4.830494e+03 3.211463e+05
3.204305e-01 1.168270e+06 4.026054e+03 -1.789492e+05 -1.131602e+03 3.194289e+05
3.222280e-01 1.169507e+06 2.393794e+03 -1.334362e+05 -2.558779e+03 3.917090e+05
3.240267e-01 1.181237e+06 -2.175545e+03 -9.524123e+04 5.332715e+03 4.578446e+05
3.258197e-01 1.183946e+06 4.095564e+03 -1.110398e+05 -3.842397e+03 4.202187e+05
3.276150e-01 1.159498e+06 1.133887e+04 -1.374626e+05 -1.261962e+04 3.420336e+05
3.294148e-01 1.141804e+06 1.356027e+03 -1.612513e+05 2.313918e+03 2.745051e+05
3.312085e-01 1.141568e+06 2.333599e+03 -1.534324e+05 -6.947720e+03 2.762687e+05
3.330031e-01 1.148312e+06 1.253762e+03 -1.132948e+05 -2.447155e+03 3.290895e+05
3.347987e-01 1.158035e+06 -1.715244e+03 -9.357399e+04 1.269522e+03 3.519618e+05
3.365969e-01 1.154665e+06 3.062197e+03 -1.060858e+05 -3.027458e+03 3.152351e+05
3.383923e-01 1.146460e+06 3.379862e+03 -1.400781e+05 1.147403e+03 2.533166e+05
3.401828e-01 1.136821e+06 3.687464e+03 -1.497740e+05 -5.021345e+03 2.157742e+05
3.419763e-01 1.146961e+06 -4.191182e+03 -1.370179e+05 3.327038e+03 2.560830e+05
3.437730e-01 1.163103e+06 2.267569e+03 -9.821080e+04 -2.445299e+03 3.139657e+05
3.455681e-01 1.160795e+06 4.027019e+03 -6.232574e+04 -8.933220e+03 3.608413e+05
3.473617e-01 1.159230e+06 1.644305e+02 -7.692751e+04 9.344758e+03 3.258548e+05
3.491590e-01 1.150139e+06 4.102758e+03 -1.080714e+05 -2.909820e+03 2.625551e+05
3.509566e-01 1.137595e+06 4.615627e+03 -1.261381e+05 -2.701348e+03 2.222763e+05
3.527534e-01 1.134695e+06 9.677328e+02 -1.173156e+05 2.029159e+03 2.372129e+05
3.545449e-01 1.148088e+06 -3.842538e+03 -1.032247e+05 1.068939e+04 2.866542e+05
3.563372e-01 1.156585e+06 7.298798e+02 -1.032912e+05 1.826281e+03 3.026910e+05
3.581341e-01 1.151221e+06 5.148929e+03 -1.120551e+05 -7.305632e+03 2.726872e+05
3.599303e-01 1.138195e+06 5.302566e+03 -1.205193e+05 -1.374950e+04 2.093866e+05
3.617254e-01 1.128480e+06 4.075282e+03 -1.168766e+05 -5.367646e+03 1.822344e+05
3.635200e-01 1.135547e+06 -1.194138e+02 -9.095454e+04 -7.368531e+02 1.986242e+05
3.653165e-01 1.142229e+06 -1.482024e+02 -7.083928e+04 1.239497e+03 2.478725e+05
3.671116e-01 1.145847e+06 2.224014e+03 -6.203045e+04 4.850029e+03 2.722119e+05
3.689088e-01 1.136623e+06 5.031374e+03 -7.678923e+04 1.869131e+03 2.493466e+05
3.707076e-01 1.129219e+06 1.215706e+03 -1.026437e+05 3.100605e+03 2.138609e+05
3.725001e-01 1.129993e+06 1.686828e+03 -1.169845e+05 -1.938999e+03 1.961881e+05
3.742913e-01 1.130761e+06 1.524975e+03 -9.883973e+04 -3.467542e+03 2.219985e+05
3.760877e-01 1.144294e+06 -3.708268e+03 -8.778133e+04 6.584630e+03 2.418273e+05
3.778836e-01 1.148577e+06 4.849712e+03 -7.940813e+04 -1.543302e+04 2.320854e+05
3.796766e-01 1.141072e+06 4.181931e+03 -7.483978e+04 -7.859299e+03 1.936815e+05
3.814707e-01 1.128751e+06 5.582944e+03 -8.811720e+04 3.029677e+03 1.646252e+05
3.832699e-01 1.121832e+06 2.343735e+03 -8.703898e+04 9.663022e+03 1.857470e+05
3.850666e-01 1.127527e+06 -6.660474e+02 -7.378327e+04 9.076614e+03 2.414851e+05
3.868579e-01 1.137356e+06 -2.021355e+03 -6.129573e+04 2.782676e+03 2.757021e+05
3.886538e-01 1.141447e+06 2.439728e+03 -6.801646e+04 -7.923612e+03 2.620777e+05
3.904491e-01 1.134687e+06 3.847506e+03 -8.224682e+04 -6.039705e+03 2.156568e+05
3.922449e-01 1.126542e+06 1.782232e+03 -1.015737e+05 2.708047e+03 1.608318e+05
3.940400e-01 1.122749e+06 2.774677e+03 -1.011858e+05 -7.131052e+02 1.627839e+05
3.958317e-01 1.126686e+06 3.113260e+03 -8.194002e+04 -5.192465e+03 1.858512e+05
3.976289e-01 1.124725e+06 5.330476e+03 -5.269752e+04 -4.529705e+03 2.193864e+05
3.994255e-01 1.118508e+06 3.748155e+03 -4.287229e+04 -6.537759e+03 2.081199e+05
4.012204e-01 1.113896e+06 -1.176025e+02 -6.143737e+04 1.845181e+03 1.642000e+05
4.030168e-01 1.114310e+06 7.844213e+02 -8.597126e+04 -2.803325e+03 1.183936e+05
4.048122e-01 1.113178e+06 2.414531e+03 -8.012738e+04 -5.261442e+03 1.111126e+05
4.066062e-01 1.118732e+06 1.503289e+03 -5.948251e+04 1.150421e+03 1.452487e+05
4.084001e-01 1.123561e+06 -2.782465e+02 -4.447993e+04 1.472533e+04 1.916875e+05
4.101968e-01 1.123156e+06 4.828842e+03 -5.349685e+04 2.378453e+03 2.102833e+05
4.119946e-01 1.114697e+06 1.492792e+03 -6.900757e+04 -3.127318e+02 1.853147e+05
4.137897e-01 1.110617e+06 3.289753e+03 -9.003559e+04 -9.334662e+03 1.340598e+05
4.155829e-01 1.107802e+06 1.417278e+03 -8.688683e+04 4.852191e+02 1.310658e+05
4.173778e-01 1.117253e+06 -2.089827e+02 -7.372998e+04 4.120274e+03 1.520289e+05
4.191752e-01 1.120538e+06 3.052169e+03 -5.488409e+04 -4.020019e+03 1.908388e+05
4.209702e-01 1.121922e+06 1.452703e+03 -4.877038e+04 -1.905280e+03 1.867045e+05
4.227638e-01 1.118696e+06 1.131872e+03 -6.591331e+04 3.707451e+03 1.563023e+05
4.245604e-01 1.114923e+06 2.058778e+03 -9.038262e+04 6.928337e+03 1.243926e+05
4.263543e-01 1.110267e+06 4.342826e+03 -9.092643e+04 -2.937116e+03 1.263128e+05
4.281451e-01 1.109603e+06 1.609132e+03 -7.671510e+04 -3.681789e+03 1.506936e+05
4.299400e-01 1.115108e+06 2.743527e+03 -5.591414e+04 -4.316549e+03 1.685765e+05
4.317365e-01 1.114505e+06 8.406478e+02 -5.154819e+04 6.075875e+03 1.771546e+05
4.335323e-01 1.114620e+06 1.293855e+03 -7.228649e+04 4.945803e+03 1.688668e+05
4.353294e-01 1.112068e+06 1.493453e+03 -8.543048e+04 -2.018279e+03 1.412642e+05
4.371263e-01 1.111822e+06 2.779610e+03 -8.409236e+04 -6.077158e+03 1.291604e+05
4.389235e-01 1.113612e+06 8.938862e+02 -7.409830e+04 -3.929006e+02 1.361234e+05
4.407180e-01 1.117805e+06 2.372623e+03 -6.627030e+04 -2.980344e+03 1.424515e+05
4.425103e-01 1.112763e+06 3.606758e+03 -6.377536e+04 -2.980810e+03 1.389234e+05
4.443072e-01 1.113176e+06 2.060668e+02 -7.731791e+04 3.659477e+03 1.151090e+05
4.461036e-01 1.111857e+06 1.846447e+03 -8.869849e+04 4.856070e+02 9.942472e+04
4.478956e-01 1.109698e+06 4.684363e+03 -7.971694e+04 -8.103542e+03 9.927609e+04
4.496902e-01 1.106730e+06 4.112357e+03 -5.999723e+04 -4.569894e+03 1.164404e+05
4.514874e-01 1.107934e+06 1.767157e+03 -4.583870e+04 1.295878e+02 1.344781e+05
4.532823e-01 1.109384e+06 -2.916267e+01 -4.795838e+04 4.266465e+03 1.313263e+05
4.550750e-01 1.112031e+06 1.064107e+03 -6.219946e+04 -1.520339e+03 1.161683e+05
4.568708e-01 1.110736e+06 2.103247e+03 -6.727759e+04 -2.044578e+03 1.026008e+05
4.586693e-01 1.108883e+06 3.501452e+03 -6.308577e+04 4.478051e+02 1.119052e+05
4.604629e-01 1.111262e+06 7.919412e+02 -5.663399e+04 7.347667e+03 1.363413e+05
4.622570e-01 1.112570e+06 2.425637e+03 -5.545893e+04 3.806233e+03 1.549715e+05
4.640543e-01 1.110325e+06 2.927776e+03 -5.778229e+04 -1.148381e+03 1.564529e+05
4.658487e-01 1.107455e+06 1.563339e+03 -6.881323e+04 3.080077e+03 1.406602e+05
4.676433e-01 1.106978e+06 1.977714e+03 -7.368316e+04 -6.267202e+02 1.315592e+05
4.694380e-01 1.108164e+06 3.967673e+03 -6.540356e+04 -5.450508e+03 1.348711e+05
4.712319e-01 1.104257e+06 2.450844e+03 -5.892146e+04 1.748657e+03 1.499048e+05
4.730274e-01 1.107791e+06 5.359373e+02 -5.767388e+04 8.255007e+03 1.519816e+05
4.748233e-01 1.106094e+06 3.098273e+03 -7.342284e+04 -4.817240e+03 1.417496e+05
4.766206e-01 1.101726e+06 2.831360e+03 -7.753061e+04 -5.191163e+03 1.159019e+05
4.784155e-01 1.102082e+06 2.295188e+03 -7.681153e+04 -8.310311e+03 9.679499e+04
4.802074e-01 1.105296e+06 3.442635e+02 -6.473430e+04 -9.613727e+02 9.697313e+04
4.820041e-01 1.114884e+06 -2.916106e+03 -6.313126e+04 1.323136e+04 1.144389e+05
4.838035e-01 1.123934e+06 -2.192667e+02 -7.345152e+04 4.528333e+03 1.327602e+05
4.855966e-01 1.125278e+06 2.713667e+03 -8.278912e+04 -2.913975e+03 1.234779e+05
4.873905e-01 1.117673e+06 6.020468e+03 -8.544123e+04 -7.128999e+03 1.029256e+05
4.891890e-01 1.111824e+06 3.526342e+03 -8.232575e+04 8.006722e+02 9.674580e+04
4.909845e-01 1.107418e+06 4.804443e+03 -7.380973e+04 3.549729e+01 1.089031e+05
4.927778e-01 1.107427e+06 1.231100e+03 -6.635992e+04 3.555347e+03 1.299591e+05
4.945710e-01 1.107934e+06 3.300707e+03 -6.212545e+04 -1.922823e+03 1.399854e+05
4.963686e-01 1.106102e+06 1.513685e+03 -6.291238e+04 -2.315606e+03 1.346101e+05
4.981631e-01 1.108958e+06 1.143564e+02 -7.030782e+04 -1.413318e+03 1.141379e+05
4.999565e-01 1.111588e+06 2.565920e+03 -6.867566e+04 -5.370789e+03 1.022540e+05
5.017530e-01 1.114072e+06 -2.271197e+02 -6.446424e+04 2.134278e+03 1.069656e+05
5.035473e-01 1.122037e+06 9.453792e+02 -6.073484e+04 3.819512e+03 1.171006e+05
5.053425e-01 1.120545e+06 5.306576e+03 -5.595759e+04 -4.812004e+03 1.266351e+05
5.071378e-01 1.113944e+06 3.066367e+03 -5.495093e+04 1.119478e+02 1.220096e+05
5.089338e-01 1.112159e+06 1.726516e+03 -6.404554e+04 5.409705e+03 1.105751e+05
5.107304e-01 1.112494e+06 2.305065e+03 -7.211490e+04 7.084250e+02 1.162518e+05
5.125264e-01 1.110342e+06 4.596086e+03 -6.673620e+04 -4.543693e+03 1.159723e+05
5.143202e-01 1.106258e+06 2.492196e+03 -5.998861e+04 -3.165955e+02 1.206405e+05
5.161135e-01 1.108390e+06 1.102740e+03 -6.348402e+04 2.932751e+03 1.172204e+05
5.179077e-01 1.106833e+06 6.405676e+02 -7.709560e+04 8.084669e+03 1.113957e+05
5.197029e-01 1.108835e+06 2.114305e+03 -9.475063e+04 2.694753e+03 1.089930e+05
5.214989e-01 1.106922e+06 2.654107e+03 -9.471462e+04 7.344037e+02 1.178555e+05
5.232939e-01 1.109463e+06 3.445888e+03 -8.196485e+04 -5.254688e+03 1.237865e+05
5.250894e-01 1.111006e+06 4.920896e+02 -6.976475e+04 -4.893287e+03 1.300340e+05
5.268875e-01 1.118506e+06 8.382236e+02 -6.656660e+04 -3.317549e+03 1.235777e+05
5.286829e-01 1.116384e+06 3.117960e+03 -6.659188e+04 -1.498353e+03 1.127533e+05
5.304764e-01 1.117349e+06 1.047794e+03 -7.879103e+04 6.422728e+03 9.829341e+04
5.322718e-01 1.116705e+06 2.739903e+03 -8.595312e+04 5.998207e+03 1.079724e+05
5.340665e-01 1.114991e+06 2.673472e+03 -8.559755e+04 3.198346e+03 1.241900e+05
5.358628e-01 1.115569e+06 2.914072e+03 -7.882416e+04 -6.121583e+03 1.348006e+05
5.376582e-01 1.114352e+06 3.685032e+03 -6.695172e+04 -9.263670e+03 1.297979e+05
5.394517e-01 1.114450e+06 3.034315e+03 -5.864357e+04 -3.400969e+03 1.156336e+05
5.412446e-01 1.117536e+06 -2.108125e+03 -6.944572e+04 1.008315e+04 1.144165e+05
5.430425e-01 1.124300e+06 8.443531e+02 -8.436600e+04 4.585588e+03 1.179493e+05
5.448396e-01 1.120732e+06 6.652049e+03 -8.108488e+04 -5.537054e+03 1.246171e+05
5.466312e-01 1.115378e+06 3.098589e+03 -7.360577e+04 -1.981790e+02 1.272162e+05
5.484273e-01 1.114816e+06 7.500955e+02 -7.740420e+04 1.179991e+03 1.178567e+05
5.502231e-01 1.114486e+06 3.033178e+03 -8.425598e+04 1.367805e+03 1.140896e+05
5.520189e-01 1.116564e+06 9.160379e+02 -9.238173e+04 3.017780e+03 1.110762e+05
5.538138e-01 1.113446e+06 5.591472e+03 -8.604508e+04 -3.693774e+03 1.157529e+05
5.556067e-01 1.109877e+06 4.785609e+03 -7.247941e+04 -6.024831e+03 1.234878e+05
5.574029e-01 1.109014e+06 2.417666e+03 -6.178638e+04 -4.714815e+03 1.214716e+05
5.591994e-01 1.110027e+06 1.417019e+03 -6.176736e+04 -2.161053e+02 1.141680e+05
5.609943e-01 1.111642e+06 3.067937e+03 -6.065110e+04 -2.065399e+03 1.081528e+05
5.627890e-01 1.111661e+06 4.494225e+02 -7.080519e+04 7.536193e+03 1.056095e+05
5.645865e-01 1.115518e+06 9.378867e+02 -7.459427e+04 6.157359e+03 1.165573e+05
5.663833e-01 1.116273e+06 4.721723e+03 -7.762558e+04 -1.985526e+03 1.297133e+05
5.681768e-01 1.112973e+06 1.765397e+03 -7.151659e+04 5.641791e+02 1.344345e+05
5.699714e-01 1.115648e+06 8.745004e+02 -8.000638e+04 5.379328e+03 1.293352e+05
5.717666e-01 1.115295e+06 2.380454e+03 -8.502934e+04 -3.351160e+03 1.228523e+05
5.735604e-01 1.115464e+06 2.635697e+03 -8.779899e+04 -5.781756e+02 1.123513e+05
5.753547e-01 1.114119e+06 1.801206e+03 -8.990900e+04 2.193243e+03 1.126377e+05
5.771493e-01 1.117511e+06 3.271534e+03 -9.030730e+04 -4.327316e+02 1.136942e+05
5.789465e-01 1.113192e+06 4.476765e+03 -8.462075e+04 -5.110107e+03 1.150996e+05
5.807435e-01 1.109356e+06 3.415651e+03 -7.918597e+04 -2.198780e+03 1.084045e+05
5.825362e-01 1.108187e+06 4.115303e+03 -7.862142e+04 -2.734457e+03 1.005288e+05
5.843306e-01 1.103883e+06 4.859559e+03 -7.518026e+04 -6.011263e+02 1.060722e+05
5.861281e-01 1.100325e+06 4.135609e+03 -6.567323e+04 -6.755916e+02 1.140208e+05
5.879240e-01 1.101237e+06 4.927430e+02 -6.429691e+04 3.794499e+03 1.300715e+05
5.897195e-01 1.109860e+06 -1.486530e+03 -7.031567e+04 5.654500e+03 1.328211e+05
5.915160e-01 1.112831e+06 2.779075e+03 -7.846628e+04 -4.375351e+03 1.209222e+05
5.933128e-01 1.111270e+06 4.635960e+03 -7.617808e+04 -9.247716e+03 1.046457e+05
5.951052e-01 1.110238e+06 1.477609e+03 -7.368308e+04 -4.054352e+02 9.258532e+04
5.968969e-01 1.111904e+06 2.574716e+03 -7.290823e+04 2.696481e+03 9.269798e+04
5.986941e-01 1.110997e+06 3.372951e+03 -6.996352e+04 8.046149e+02 1.042539e+05
6.004886e-01 1.108165e+06 4.317030e+03 -6.514507e+04 -2.231706e+03 1.091482e+05
6.022826e-01 1.107022e+06 1.779113e+03 -6.615839e+04 2.954399e+03 1.118798e+05
6.040778e-01 1.110255e+06 9.363993e+02 -7.372847e+04 7.777947e+02 1.019116e+05
6.058727e-01 1.111011e+06 4.834419e+03 -7.192083e+04 -7.024882e+03 1.007361e+05
6.076682e-01 1.108222e+06 4.354950e+03 -5.613295e+04 -5.600457e+03 1.035065e+05
6.094636e-01 1.108562e+06 2.361411e+03 -4.791864e+04 3.624794e+03 1.179421e+05
6.112608e-01 1.108577e+06 4.019610e+03 -4.940486e+04 2.308495e+03 1.271291e+05
6.130571e-01 1.104297e+06 3.477510e+03 -5.145966e+04 8.597136e+02 1.290948e+05
6.148510e-01 1.101446e+06 2.933051e+03 -5.687330e+04 -5.410103e+02 1.178530e+05
6.166467e-01 1.101948e+06 1.895240e+03 -6.416864e+04 -2.580177e+03 1.007289e+05
6.184426e-01 1.101857e+06 3.235982e+03 -6.307802e+04 -1.737274e+03 9.328993e+04
6.202383e-01 1.103113e+06 1.388646e+03 -6.063613e+04 -3.882606e+02 9.434677e+04
6.220331e-01 1.106897e+06 2.304512e+03 -6.004576e+04 -2.784102e+03 9.410884e+04
6.238256e-01 1.105565e+06 4.279222e+03 -5.413777e+04 -2.961303e+03 9.001399e+04
6.256207e-01 1.104845e+06 1.612762e+03 -5.617145e+04 1.286507e+03 8.572097e+04
6.274180e-01 1.107971e+06 1.576376e+03 -5.730753e+04 -8.344693e+02 7.806691e+04
6.292132e-01 1.111126e+06 3.469624e+03 -5.535692e+04 -6.242500e+03 7.358104e+04
6.310070e-01 1.107817e+06 5.891951e+03 -4.613838e+04 -5.626595e+03 6.892328e+04
6.328016e-01 1.101749e+06 4.266481e+03 -4.250416e+04 1.818656e+03 7.061702e+04
6.345988e-01 1.101503e+06 7.026766e+02 -5.142987e+04 1.052083e+04 7.468459e+04
6.363935e-01 1.100838e+06 3.511872e+03 -6.168767e+04 6.477154e+02 7.601749e+04
6.381885e-01 1.100239e+06 2.618336e+03 -5.979412e+04 -2.651598e+03 7.441155e+04
6.399844e-01 1.102508e+06 2.462805e+03 -5.671241e+04 -4.558729e+03 7.147938e+04
6.417790e-01 1.101046e+06 5.483326e+03 -4.886503e+04 -6.130913e+03 6.852890e+04
6.435737e-01 1.096113e+06 4.171220e+03 -4.177265e+04 7.340447e+02 7.056450e+04
6.453671e-01 1.095481e+06 1.478236e+03 -4.912936e+04 6.746975e+03 7.177269e+04
6.471630e-01 1.098310e+06 1.288153e+03 -5.689877e+04 3.800966e+03 7.959225e+04
6.489575e-01 1.100950e+06 2.056674e+03 -5.810870e+04 1.656903e+01 8.770957e+04
6.507531e-01 1.103597e+06 2.860795e+03 -5.506162e+04 -2.723274e+02 9.171827e+04
6.525500e-01 1.104391e+06 2.565439e+03 -4.936569e+04 1.133722e+02 1.032209e+05
6.543447e-01 1.106360e+06 3.308928e+03 -4.882191e+04 -2.694158e+03 1.012260e+05
6.561416e-01 1.103751e+06 5.873806e+03 -3.921168e+04 -1.083942e+04 9.110211e+04
6.579361e-01 1.101124e+06 1.402432e+03 -3.401637e+04 5.313804e+02 8.002094e+04
6.597296e-01 1.104200e+06 2.897002e+03 -3.970814e+04 6.985834e+02 7.316684e+04
6.615260e-01 1.102486e+06 2.713730e+03 -4.117248e+04 1.702822e+03 7.771209e+04
6.633228e-01 1.106052e+06 1.099401e+03 -4.704875e+04 5.557098e+03 7.416055e+04
6.651187e-01 1.102630e+06 5.899805e+03 -5.028846e+04 -5.159712e+03 7.223007e+04
6.669114e-01 1.096502e+06 5.780527e+03 -4.701863e+04 -5.340646e+03 6.319546e+04
6.687054e-01 1.093368e+06 3.464045e+03 -4.647246e+04 7.905532e+02 5.970995e+04
6.705023e-01 1.092713e+06 2.695508e+03 -4.683174e+04 4.041848e+03 6.733430e+04
6.722992e-01 1.091890e+06 3.766836e+03 -4.538077e+04 -1.177565e+03 7.557130e+04
6.740944e-01 1.092354e+06 2.667153e+03 -3.859607e+04 -2.584980e+03 8.140548e+04
6.758872e-01 1.092586e+06 4.529591e+03 -3.161161e+04 -7.001507e+03 7.025587e+04
6.776825e-01 1.091975e+06 1.119566e+03 -3.143171e+04 4.894485e+02 6.004449e+04
6.794791e-01 1.095553e+06 3.446097e+03 -3.901161e+04 -6.859980e+02 4.721582e+04
6.812733e-01 1.092164e+06 3.688925e+03 -4.195925e+04 2.252553e+02 4.521340e+04
6.830683e-01 1.090644e+06 3.535785e+03 -4.618233e+04 2.608880e+03 4.321492e+04
6.848621e-01 1.087706e+06 3.903683e+03 -4.659410e+04 1.087007e+03 5.239504e+04
6.866570e-01 1.087857e+06 3.610225e+03 -4.363318e+04 -1.646688e+03 5.325276e+04
6.884537e-01 1.087657e+06 3.157684e+03 -3.894929e+04 -6.113045e+03 5.142147e+04
6.902501e-01 1.088477e+06 2.707484e+03 -3.501996e+04 4.286143e+02 4.672791e+04
6.920470e-01 1.092146e+06 1.791202e+03 -3.615109e+04 2.085145e+03 4.840421e+04
6.938409e-01 1.091900e+06 5.004457e+03 -3.559848e+04 -2.961379e+03 4.958482e+04
6.956343e-01 1.087152e+06 4.021481e+03 -3.080300e+04 -6.094612e+02 5.266193e+04
6.974295e-01 1.089092e+06 5.515376e+02 -3.414948e+04 3.272076e+03 4.895350e+04
6.992264e-01 1.092746e+06 2.801761e+03 -3.825342e+04 -1.466098e+03 4.443493e+04
7.010216e-01 1.092355e+06 4.493998e+03 -3.571931e+04 -3.635749e+03 4.086176e+04
7.028157e-01 1.089994e+06 4.541219e+03 -2.695547e+04 -4.950021e+03 3.880149e+04
7.046118e-01 1.090484e+06 1.948985e+03 -2.330953e+04 1.320900e+03 4.259976e+04
7.064070e-01 1.093770e+06 2.696544e+03 -2.363615e+04 8.915915e+01 4.019867e+04
7.082001e-01 1.091929e+06 4.365449e+03 -2.810232e+04 1.036281e+02 4.368802e+04
7.099950e-01 1.090353e+06 3.934393e+03 -3.152498e+04 2.841843e+03 3.915159e+04
7.117916e-01 1.084722e+06 4.432265e+03 -3.635536e+04 3.349192e+03 4.531354e+04
7.135857e-01 1.086452e+06 5.838594e+02 -4.055434e+04 4.100626e+03 4.542513e+04
7.153810e-01 1.089775e+06 3.099559e+03 -4.203975e+04 -5.303905e+03 5.271212e+04
7.171769e-01 1.092352e+06 2.325244e+03 -3.353707e+04 -3.735344e+03 4.679185e+04
7.189721e-01 1.092866e+06 4.489563e+03 -2.930902e+04 -3.228266e+03 4.307897e+04
7.207688e-01 1.091680e+06 3.609556e+03 -3.167698e+04 1.453158e+03 4.168480e+04
7.225642e-01 1.089806e+06 3.177172e+03 -3.456368e+04 4.971895e+03 4.447255e+04
7.243583e-01 1.090689e+06 1.739795e+03 -4.255059e+04 3.380446e+03 4.666696e+04
7.261538e-01 1.092910e+06 2.741221e+03 -4.598516e+04 -2.194605e+03 4.718987e+04
7.279497e-01 1.092322e+06 5.582745e+03 -3.887163e+04 -7.670070e+03 4.247127e+04
7.297435e-01 1.091147e+06 3.155860e+03 -2.883834e+04 -1.698297e+03 3.829440e+04
7.315366e-01 1.089902e+06 5.509157e+03 -2.470956e+04 -5.056539e+03 3.180014e+04
7.333339e-01 1.085482e+06 5.624810e+03 -1.580146e+04 -6.328023e+03 2.732547e+04
7.351305e-01 1.083501e+06 2.723407e+03 -1.227296e+04 1.528485e+03 2.639980e+04
7.369246e-01 1.085072e+06 2.974488e+03 -1.573016e+04 1.477957e+03 2.973416e+04
7.387207e-01 1.086639e+06 2.000425e+03 -1.901804e+04 2.420220e+03 2.945257e+04
7.405164e-01 1.086524e+06 4.181500e+03 -2.259947e+04 -8.915723e+02 2.908047e+04
7.423108e-01 1.084171e+06 4.377424e+03 -2.155060e+04 -1.471704e+03 2.266684e+04
7.441040e-01 1.084406e+06 2.294575e+03 -2.354311e+04 2.801964e+03 2.427528e+04
7.458996e-01 1.086721e+06 1.417080e+03 -2.821828e+04 5.353145e+03 3.316557e+04
7.476955e-01 1.090285e+06 3.478284e+03 -3.208149e+04 1.264246e+03 4.201930e+04
7.494882e-01 1.089791e+06 4.924618e+03 -2.221701e+04 -9.157324e+03 4.022151e+04
7.512836e-01 1.087834e+06 4.077142e+03 -1.192161e+04 -7.663485e+03 2.782426e+04
7.530799e-01 1.086708e+06 3.879646e+03 -9.118630e+03 4.801902e+02 1.957768e+04
7.548749e-01 1.085597e+06 3.719567e+03 -1.306406e+04 4.910643e+03 2.109788e+04
7.566699e-01 1.084601e+06 3.078923e+03 -1.915428e+04 3.369950e+03 3.092629e+04
7.584671e-01 1.085380e+06 3.281401e+03 -2.169548e+04 -8.071133e+02 3.469527e+04
7.602633e-01 1.086410e+06 1.602185e+03 -2.998921e+04 4.597481e+03 3.394164e+04
7.620571e-01 1.089492e+06 2.922037e+03 -3.566607e+04 3.407908e+03 3.545339e+04
7.638531e-01 1.086386e+06 6.091036e+03 -3.200932e+04 -7.213132e+03 2.911283e+04
7.656499e-01 1.083634e+06 4.457988e+03 -2.002221e+04 -8.090807e+03 2.464204e+04
7.674455e-01 1.087249e+06 6.811615e+02 -1.470941e+04 8.144736e+02 2.167450e+04
7.692400e-01 1.093893e+06 2.675173e+03 -1.391391e+04 -9.100649e+01 2.560354e+04
7.710340e-01 1.093639e+06 4.836514e+03 -9.812289e+03 -2.720126e+03 2.561569e+04
7.728276e-01 1.090076e+06 5.141513e+03 -6.092937e+03 -5.400635e+02 2.553354e+04
7.746220e-01 1.086237e+06 4.357068e+03 -6.190861e+03 1.867063e+03 2.586354e+04
7.764173e-01 1.083899e+06 3.724807e+03 -8.554074e+03 6.176835e+01 2.726067e+04
7.782136e-01 1.084503e+06 3.043911e+03 -8.891123e+03 1.378767e+03 3.087218e+04
7.800117e-01 1.085880e+06 4.115078e+03 -7.864170e+03 -2.250471e+03 3.183657e+04
7.818056e-01 1.083161e+06 5.437072e+03 -1.800068e+03 -4.924019e+03 2.988428e+04
7.835979e-01 1.082317e+06 3.720391e+03 1.006397e+02 -1.952676e+03 2.394100e+04
7.853947e-01 1.082756e+06 2.884073e+03 5.602699e+03 -3.395681e+03 1.674165e+04
7.871903e-01 1.085286e+06 2.747627e+03 5.481927e+03 -4.406104e+02 1.459995e+04
7.889853e-01 1.086971e+06 3.394404e+03 6.558259e+03 -1.287372e+01 1.361515e+04
7.907819e-01 1.085302e+06 4.554171e+03 6.152715e+03 3.679354e+03 2.088686e+04
7.925772e-01 1.086733e+06 2.041367e+03 -9.842635e+01 6.490219e+03 2.730648e+04
7.943719e-01 1.086816e+06 4.525400e+03 -8.679805e+03 -1.131085e+01 3.119416e+04
7.961659e-01 1.084701e+06 2.845903e+03 -1.227409e+04 3.216397e+03 3.054403e+04
7.979598e-01 1.084162e+06 4.218396e+03 -1.775622e+04 2.992131e+03 3.219048e+04
7.997559e-01 1.082569e+06 3.356925e+03 -2.122049e+04 4.344565e+03 4.008601e+04
8.015520e-01 1.083052e+06 3.731557e+03 -2.198480e+04 -2.374755e+03 4.065962e+04
8.033475e-01 1.081956e+06 4.931176e+03 -1.895307e+04 -8.049878e+03 3.082998e+04
8.051404e-01 1.079908e+06 4.756260e+03 -1.225868e+04 -4.923841e+03 1.806226e+04
8.069349e-01 1.077904e+06 4.730680e+03 -8.837831e+03 -1.970277e+03 9.151685e+03
8.087329e-01 1.075141e+06 4.336097e+03 -8.587654e+03 2.253512e+03 1.239621e+04
8.105286e-01 1.077768e+06 1.941302e+03 -1.120697e+04 1.491932e+03 1.357594e+04
8.123233e-01 1.079375e+06 3.948618e+03 -8.410522e+03 -3.773891e+03 1.410259e+04
8.141188e-01 1.080604e+06 1.799464e+03 -7.562110e+03 1.734373e+03 1.516013e+04
8.159142e-01 1.085935e+06 1.905320e+03 -1.101262e+04 4.222349e+03 1.154952e+04
8.177087e-01 1.086346e+06 5.636697e+03 -1.287187e+04 -4.580212e+03 1.579026e+04
8.195037e-01 1.083568e+06 4.060922e+03 -7.274780e+03 -1.519546e+03 1.371833e+04
8.212995e-01 1.085356e+06 2.612235e+03 -7.831880e+03 1.702589e+03 1.560506e+04
8.230953e-01 1.085451e+06 5.124101e+03 -7.677562e+03 -1.588262e+03 1.534893e+04
8.248902e-01 1.082493e+06 4.167985e+03 -9.100295e+03 3.471130e+03 1.861550e+04
8.266848e-01 1.081204e+06 4.601068e+03 -1.448750e+04 -4.022140e+02 1.590478e+04
8.284792e-01 1.078209e+06 5.218462e+03 -1.253278e+04 -2.607614e+03 1.087747e+04
8.302734e-01 1.077164e+06 2.859335e+03 -1.255785e+04 1.651353e+02 1.015639e+04
8.320692e-01 1.081514e+06 2.153910e+03 -1.370288e+04 1.599652e+03 8.703548e+03
8.338654e-01 1.083177e+06 4.961221e+03 -1.141009e+04 -4.286610e+03 9.114162e+03
8.356607e-01 1.081348e+06 4.311172e+03 -2.767637e+03 -4.016366e+03 6.974927e+03
8.374562e-01 1.083042e+06 3.059333e+03 -3.321237e+03 1.382475e+03 5.260441e+03
8.392510e-01 1.084316e+06 3.289455e+03 -7.797288e+03 1.952059e+03 5.582343e+03
8.410464e-01 1.084342e+06 3.015139e+03 -1.012291e+04 4.101483e+03 1.057869e+04
8.428427e-01 1.086419e+06 3.436865e+03 -1.512955e+04 1.722237e+03 1.367691e+04
8.446371e-01 1.083454e+06 6.126500e+03 -1.324864e+04 -3.669793e+03 1.635785e+04
8.464320e-01 1.080520e+06 3.734951e+03 -1.199610e+04 1.738360e+02 1.471651e+04
8.482278e-01 1.082130e+06 2.353170e+03 -1.343214e+04 3.421221e+03 1.423775e+04
8.500227e-01 1.084424e+06 4.143400e+03 -1.748707e+04 -4.888223e+02 1.233299e+04
8.518177e-01 1.081951e+06 4.849694e+03 -1.769188e+04 -1.292989e+03 1.337312e+04
8.536137e-01 1.082108e+06 3.836725e+03 -1.521663e+04 -4.670210e+02 1.200153e+04
8.554088e-01 1.080409e+06 5.174085e+03 -1.267173e+04 -2.945859e+03 8.845936e+03
8.572024e-01 1.077773e+06 4.868782e+03 -1.099500e+04 -6.808591e+02 8.504130e+03
8.589967e-01 1.077660e+06 2.906587e+03 -1.479281e+04 3.656182e+03 9.711994e+03
8.607918e-01 1.079896e+06 3.130738e+03 -1.908660e+04 1.768837e+03 1.271293e+04
8.625869e-01 1.083353e+06 2.854703e+03 -1.910065e+04 -6.554553e+02 1.653236e+04
8.643824e-01 1.085715e+06 4.073480e+03 -1.898960e+04 -1.265645e+03 1.716579e+04
8.661785e-01 1.084254e+06 4.999560e+03 -1.508476e+04 -2.206951e+03 1.937047e+04
8.679743e-01 1.083142e+06 3.970521e+03 -1.467671e+04 -5.063932e+01 1.546723e+04
8.697706e-01 1.082754e+06 4.123333e+03 -1.598712e+04 4.420902e+02 1.285065e+04
8.715653e-01 1.081788e+06 5.359146e+03 -1.340456e+04 -4.366492e+03 6.772215e+03
8.733592e-01 1.079859e+06 3.908715e+03 -9.643648e+03 -1.667080e+03 6.010161e+03
8.751548e-01 1.082268e+06 3.375759e+03 -1.025033e+04 1.132297e+03 7.005393e+03
8.769502e-01 1.081201e+06 5.270396e+03 -8.642295e+03 -7.998958e+02 1.246491e+04
8.787466e-01 1.081396e+06 2.968383e+03 -9.609519e+03 5.061039e+03 1.874344e+04
8.805415e-01 1.083542e+06 3.441025e+03 -1.434507e+04 2.132080e+03 2.547648e+04
8.823359e-01 1.084569e+06 4.211995e+03 -9.193587e+03 -3.868173e+03 2.452714e+04
8.841313e-01 1.085712e+06 4.240396e+03 -3.005828e+03 -4.763128e+03 1.789859e+04
8.859273e-01 1.085501e+06 4.777008e+03 6.984872e+02 -2.590351e+03 1.468198e+04
8.877230e-01 1.083826e+06 4.484808e+03 6.782490e+02 1.516740e+03 1.262969e+04
8.895175e-01 1.083762e+06 3.939233e+03 -1.579752e+03 2.225813e+03 1.253794e+04
8.913122e-01 1.083117e+06 4.507368e+03 -3.768229e+03 6.510792e+02 1.527311e+04
8.931078e-01 1.084245e+06 2.557615e+03 -2.858310e+03 1.400701e+03 1.955795e+04
8.949034e-01 1.087107e+06 4.059018e+03 -5.070829e+03 -2.547281e+02 2.227043e+04
8.966974e-01 1.087080e+06 4.983855e+03 -4.758482e+03 -1.880346e+03 2.354921e+04
8.984931e-01 1.083734e+06 5.519646e+03 -2.699692e+03 6.564181e+01 2.164898e+04
9.002874e-01 1.082785e+06 3.338662e+03 -5.838433e+03 1.842679e+03 1.852317e+04
9.020815e-01 1.082610e+06 4.560367e+03 -7.840310e+03 -3.229980e+03 1.166582e+04
9.038774e-01 1.083617e+06 4.806328e+03 -4.740525e+03 -4.851308e+03 6.369473e+03
9.056723e-01 1.082297e+06 4.119935e+03 1.398428e+02 -2.643448e+02 4.875208e+03
9.074684e-01 1.084775e+06 3.367512e+03 -1.877585e+03 4.501403e+03 7.095267e+03
9.092635e-01 1.085475e+06 4.405733e+03 -4.504650e+03 7.406176e+02 1.489855e+04
9.110582e-01 1.084065e+06 4.829298e+03 -5.786692e+03 -1.859835e+03 1.301522e+04
9.128546e-01 1.084048e+06 3.433695e+03 -9.621341e+03 2.500393e+03 1.190468e+04
9.146502e-01 1.084909e+06 4.404521e+03 -1.072138e+04 7.880884e+01 9.855169e+03
9.164437e-01 1.085408e+06 4.148442e+03 -1.131075e+04 -2.495263e+03 9.960951e+03
9.182390e-01 1.083278e+06 6.546091e+03 -5.933667e+03 -4.382645e+03 1.584991e+03
