# k, q0, q1/i, q2, q3/i, q4, norm, alpha = 95.29458797698169, 0.020396601297980627
0.000000e+00 1.550992e+12 0.000000e+00 0.000000e+00 0.000000e+00 7.475838e+11
2.542755e-03 1.070512e+12 4.133685e+11 5.275931e+10 1.430463e+11 -1.312434e+11
4.308321e-03 5.647426e+11 3.310160e+11 1.622478e+11 1.396254e+11 1.215482e+10
6.127972e-03 2.182865e+11 1.534838e+11 1.347786e+11 1.829117e+11 -7.096454e+10
7.953317e-03 6.965302e+10 4.582713e+10 6.968230e+10 9.627827e+10 -1.638995e+10
9.814571e-03 2.028245e+10 1.093579e+10 1.124305e+10 2.796455e+10 -2.781883e+09
1.156539e-02 8.554481e+09 1.290471e+09 -6.717309e+09 2.097837e+09 1.155928e+10
1.336205e-02 6.839885e+09 9.032467e+08 -3.707202e+09 -4.904924e+08 1.234978e+10
1.519307e-02 5.751877e+09 1.590721e+09 1.228320e+09 1.778233e+09 1.430298e+10
1.700413e-02 3.821480e+09 1.141570e+09 2.842637e+09 2.213000e+09 1.234280e+10
1.878921e-02 2.197973e+09 5.399083e+08 8.798888e+08 9.869174e+08 7.745127e+09
2.056181e-02 1.236729e+09 2.782597e+08 -8.786110e+08 -1.269127e+08 3.618888e+09
2.237315e-02 8.316131e+08 1.692310e+08 -1.184833e+09 -3.828811e+08 1.937762e+09
2.420702e-02 6.787170e+08 1.641683e+08 -3.851182e+08 -1.443476e+08 2.029888e+09
2.604330e-02 6.000074e+08 1.285434e+08 3.518131e+08 1.306869e+08 2.487742e+09
2.781707e-02 4.756309e+08 7.753974e+07 4.777195e+08 1.721234e+08 2.242207e+09
2.956466e-02 3.302620e+08 4.536755e+07 2.032031e+08 1.111357e+08 1.468111e+09
3.136513e-02 2.224471e+08 2.301134e+07 -1.655324e+08 1.388166e+07 7.511389e+08
3.317513e-02 1.690308e+08 1.525671e+07 -2.354552e+08 -1.808931e+07 4.598545e+08
3.497165e-02 1.706756e+08 1.703980e+07 -1.040142e+08 -3.100386e+06 5.751922e+08
3.677184e-02 1.686228e+08 2.096809e+07 5.325966e+07 2.573841e+07 7.289025e+08
3.856197e-02 1.474037e+08 1.829288e+07 8.474596e+07 3.579762e+07 6.961322e+08
4.034231e-02 1.083494e+08 1.084370e+07 2.410582e+06 1.392534e+07 4.773210e+08
4.214741e-02 7.514809e+07 7.837050e+06 -7.446666e+07 -8.720565e+06 2.668308e+08
4.395085e-02 6.014041e+07 7.419514e+06 -8.651222e+07 -1.426888e+07 1.903425e+08
4.574462e-02 5.813590e+07 5.690516e+06 -3.037908e+07 -1.377513e+06 2.327212e+08
4.755674e-02 6.173243e+07 4.031589e+06 2.079976e+07 1.123062e+07 2.892616e+08
4.935944e-02 5.524351e+07 3.820840e+06 2.470203e+07 1.074798e+07 2.648931e+08
5.113615e-02 4.339764e+07 4.015151e+06 -8.409196e+06 3.237875e+06 1.882980e+08
5.293674e-02 3.047467e+07 2.936623e+06 -4.012298e+07 -4.680010e+06 1.072642e+08
5.472727e-02 2.652217e+07 2.087307e+06 -4.068849e+07 -5.838361e+06 8.681202e+07
5.651697e-02 2.764418e+07 2.099904e+06 -1.253298e+07 -1.172049e+06 1.121897e+08
5.831477e-02 3.002819e+07 2.457572e+06 1.432346e+07 3.499812e+06 1.463257e+08
6.011451e-02 2.761755e+07 2.204694e+06 1.937831e+07 4.412652e+06 1.423407e+08
6.191171e-02 2.176389e+07 1.505232e+06 2.620652e+06 1.459874e+06 1.034156e+08
6.370712e-02 1.620686e+07 9.815736e+05 -1.510233e+07 -8.692197e+05 6.269886e+07
6.550732e-02 1.381914e+07 6.776515e+05 -1.997803e+07 -1.300706e+06 4.647527e+07
6.729498e-02 1.435929e+07 6.805638e+05 -1.104789e+07 -6.212636e+04 5.580203e+07
6.908598e-02 1.525890e+07 8.727822e+05 -6.097720e+05 1.166283e+06 6.935278e+07
7.088188e-02 1.401912e+07 8.325386e+05 7.234659e+05 1.100409e+06 6.551454e+07
7.268232e-02 1.131076e+07 7.068087e+05 -7.022358e+06 -1.041606e+05 4.706203e+07
7.447792e-02 8.656228e+06 5.868537e+05 -1.434328e+07 -1.151187e+06 2.887894e+07
7.627282e-02 7.703860e+06 4.679185e+05 -1.351709e+07 -1.088224e+06 2.495926e+07
7.807562e-02 8.567384e+06 3.682230e+05 -5.868402e+06 -1.405861e+05 3.484263e+07
7.988558e-02 9.355528e+06 4.020966e+05 1.713436e+06 7.769959e+05 4.431679e+07
8.168049e-02 8.927749e+06 4.600003e+05 2.628394e+06 8.500872e+05 4.337060e+07
8.345709e-02 7.267390e+06 4.067774e+05 -2.340511e+06 2.436294e+05 3.210802e+07
8.524436e-02 5.676787e+06 2.166300e+05 -7.247740e+06 -3.850199e+05 2.053471e+07
8.704550e-02 5.280481e+06 1.749510e+05 -7.536332e+06 -5.343812e+05 1.781911e+07
8.884478e-02 5.720124e+06 2.742671e+05 -3.043015e+06 -1.445386e+05 2.323924e+07
9.064103e-02 6.183294e+06 3.349668e+05 1.618284e+06 3.262897e+05 2.959623e+07
9.243897e-02 5.857037e+06 2.577443e+05 2.240295e+06 5.200255e+05 2.885532e+07
9.423607e-02 4.831925e+06 1.804770e+05 -1.172924e+06 2.119410e+05 2.125720e+07
9.603871e-02 3.817173e+06 1.513349e+05 -5.013776e+06 -2.204619e+05 1.319706e+07
9.782410e-02 3.354761e+06 1.436592e+05 -5.793668e+06 -3.657563e+05 1.024225e+07
9.961474e-02 3.522208e+06 1.619638e+05 -3.576790e+06 -2.135092e+05 1.280992e+07
1.014127e-01 3.760155e+06 1.623066e+05 -8.862828e+05 4.382098e+03 1.620392e+07
1.031985e-01 3.623900e+06 1.520564e+05 -2.478946e+05 9.213541e+04 1.615900e+07
1.049957e-01 3.081792e+06 1.194008e+05 -1.998887e+06 -3.865617e+04 1.218685e+07
1.067952e-01 2.511131e+06 8.435108e+04 -3.733744e+06 -1.668891e+05 7.991886e+06
1.085930e-01 2.342414e+06 7.964127e+04 -3.818543e+06 -2.140547e+05 7.035744e+06
1.103885e-01 2.530710e+06 8.459542e+04 -2.141182e+06 -8.977611e+04 9.248006e+06
1.121821e-01 2.727288e+06 8.571045e+04 -4.649890e+05 6.613023e+04 1.158709e+07
1.139837e-01 2.640769e+06 8.687223e+04 -1.735133e+05 1.188123e+05 1.142191e+07
1.157773e-01 2.275164e+06 7.616619e+04 -1.329086e+06 4.065547e+03 8.799074e+06
1.175730e-01 1.943446e+06 5.457670e+04 -2.501542e+06 -1.077488e+05 6.280001e+06
1.193666e-01 1.877010e+06 3.981182e+04 -2.318898e+06 -9.577236e+04 6.019167e+06
1.211543e-01 2.067477e+06 4.651175e+04 -9.818214e+05 9.191464e+03 7.916232e+06
1.229561e-01 2.223467e+06 6.232519e+04 3.209416e+05 8.754398e+04 9.728991e+06
1.247542e-01 2.155170e+06 7.255020e+04 4.702275e+05 8.426530e+04 9.588639e+06
1.265466e-01 1.862201e+06 5.363659e+04 -5.657414e+05 -1.048509e+04 7.364806e+06
1.283363e-01 1.572053e+06 3.845414e+04 -1.501380e+06 -9.826323e+04 5.090980e+06
1.301269e-01 1.501664e+06 5.167000e+04 -1.587471e+06 -1.243978e+05 4.605691e+06
1.319334e-01 1.571827e+06 7.612255e+04 -6.683944e+05 -6.765662e+04 5.754618e+06
1.337370e-01 1.640901e+06 6.994942e+04 2.495130e+05 1.899812e+04 6.997514e+06
1.355323e-01 1.576718e+06 4.176348e+04 3.509027e+05 4.754773e+04 6.839522e+06
1.373301e-01 1.390861e+06 2.213149e+04 -3.591942e+05 8.991523e+03 5.298281e+06
1.391197e-01 1.191658e+06 2.331242e+04 -1.198320e+06 -4.333045e+04 3.572644e+06
1.409058e-01 1.098377e+06 2.507340e+04 -1.361896e+06 -5.196264e+04 2.940733e+06
1.427003e-01 1.149405e+06 2.336768e+04 -8.979366e+05 -3.129514e+04 3.565657e+06
1.444928e-01 1.224620e+06 2.315440e+04 -3.206373e+05 1.463928e+04 4.387070e+06
1.462886e-01 1.203814e+06 2.775489e+04 -2.108169e+05 1.519125e+04 4.375448e+06
1.480924e-01 1.081520e+06 2.827934e+04 -6.216496e+05 -1.786735e+04 3.472403e+06
1.498892e-01 9.464133e+05 2.448913e+04 -1.031785e+06 -5.877218e+04 2.506785e+06
1.516798e-01 9.101171e+05 1.819322e+04 -1.071981e+06 -5.511034e+04 2.270076e+06
1.534759e-01 9.508906e+05 1.687083e+04 -7.188522e+05 -2.119100e+04 2.725245e+06
1.552766e-01 9.859805e+05 1.574292e+04 -3.890584e+05 1.762204e+04 3.169339e+06
1.570706e-01 9.530944e+05 1.463146e+04 -4.128457e+05 8.980257e+03 2.975646e+06
1.588578e-01 8.619219e+05 2.067360e+04 -7.167412e+05 -3.814699e+04 2.296316e+06
1.606585e-01 7.764514e+05 2.082813e+04 -9.446111e+05 -6.465404e+04 1.705629e+06
1.624649e-01 7.628262e+05 1.554960e+04 -8.316959e+05 -4.233063e+04 1.729927e+06
1.642557e-01 8.159190e+05 7.541302e+03 -4.680557e+05 2.425905e+03 2.252968e+06
1.660459e-01 8.660563e+05 5.239954e+03 -1.948890e+05 2.210160e+04 2.672427e+06
1.678421e-01 8.466702e+05 1.103177e+04 -2.360931e+05 9.940456e+03 2.535518e+06
1.696353e-01 7.672771e+05 1.743482e+04 -5.097952e+05 -1.273643e+04 1.958465e+06
1.714286e-01 6.966579e+05 1.606801e+04 -7.288216e+05 -2.645112e+04 1.462511e+06
1.732198e-01 6.764227e+05 1.429597e+04 -6.882598e+05 -2.449540e+04 1.437601e+06
1.750152e-01 6.975004e+05 1.012153e+04 -4.807593e+05 -7.806237e+03 1.728864e+06
1.768177e-01 7.064440e+05 6.489451e+03 -3.569119e+05 6.788228e+03 1.877401e+06
1.786121e-01 6.713424e+05 7.802349e+03 -4.612442e+05 -2.812542e+03 1.611970e+06
1.804030e-01 6.173091e+05 1.167067e+04 -6.531452e+05 -2.533966e+04 1.197446e+06
1.822028e-01 5.966864e+05 1.014404e+04 -6.337917e+05 -2.982713e+04 1.117176e+06
1.839998e-01 6.526284e+05 6.687115e+03 -2.919520e+05 -1.020120e+04 1.635586e+06
1.857937e-01 7.434896e+05 5.216281e+03 2.020176e+05 1.949243e+04 2.443469e+06
1.875926e-01 7.922262e+05 6.208991e+03 4.798953e+05 3.914414e+04 2.883314e+06
1.893867e-01 7.651232e+05 6.955632e+03 3.506547e+05 4.150863e+04 2.628057e+06
1.911794e-01 6.724652e+05 8.143020e+03 -7.561919e+04 1.427072e+04 1.825192e+06
1.929763e-01 5.827599e+05 1.043094e+04 -4.362764e+05 -2.127865e+04 1.095742e+06
1.947689e-01 5.522021e+05 1.230357e+04 -4.900023e+05 -3.145351e+04 9.144689e+05
1.965614e-01 5.777569e+05 1.099754e+04 -2.558154e+05 -2.038893e+04 1.232356e+06
1.983545e-01 6.137432e+05 9.293412e+03 -3.586345e+03 2.045319e+03 1.621960e+06
2.001492e-01 6.089151e+05 8.807060e+03 3.249868e+04 1.190953e+04 1.644072e+06
2.019476e-01 5.600768e+05 6.641035e+03 -1.531123e+05 8.503380e+03 1.267481e+06
2.037448e-01 5.123861e+05 2.884767e+03 -3.630207e+05 -6.652034e+03 8.557334e+05
2.055436e-01 4.990025e+05 2.148156e+03 -4.072553e+05 -1.371891e+04 7.364972e+05
2.073409e-01 5.195370e+05 6.644939e+03 -2.723534e+05 -9.489233e+03 9.432907e+05
2.091331e-01 5.394222e+05 7.424100e+03 -1.183328e+05 4.408594e+03 1.182516e+06
2.109295e-01 5.334985e+05 4.816608e+03 -9.719424e+04 9.289073e+03 1.176785e+06
2.127243e-01 5.021808e+05 2.544926e+03 -2.231832e+05 -3.166658e+03 9.212228e+05
2.145132e-01 4.721896e+05 2.164183e+03 -3.538463e+05 -1.389994e+04 6.392834e+05
2.163084e-01 4.631489e+05 5.504017e+03 -3.637653e+05 -1.420799e+04 5.672318e+05
2.181043e-01 4.753492e+05 9.414962e+03 -2.460480e+05 -1.276800e+04 7.260829e+05
2.198991e-01 4.861690e+05 9.118898e+03 -1.246135e+05 -7.517925e+03 9.021283e+05
2.216975e-01 4.797056e+05 3.925954e+03 -1.111399e+05 -4.637294e+02 8.969227e+05
2.234966e-01 4.593752e+05 -4.905071e+02 -2.022557e+05 4.271013e+03 7.135724e+05
2.252970e-01 4.433418e+05 -1.318814e+03 -2.918304e+05 3.082767e+03 5.456176e+05
2.270852e-01 4.434545e+05 1.709038e+03 -2.783953e+05 1.094681e+03 5.507673e+05
2.288723e-01 4.595281e+05 5.292619e+03 -1.731473e+05 -4.684050e+03 7.171435e+05
2.306695e-01 4.708262e+05 5.080955e+03 -7.401625e+04 -4.518792e+03 8.630518e+05
2.324665e-01 4.647100e+05 3.787715e+03 -7.348544e+04 1.516999e+03 8.326922e+05
2.342627e-01 4.416066e+05 1.235282e+03 -1.688749e+05 4.711355e+01 6.393857e+05
2.360563e-01 4.207726e+05 1.452173e+03 -2.553532e+05 -3.036794e+03 4.558303e+05
2.378553e-01 4.186919e+05 3.407063e+03 -2.581304e+05 -7.312678e+03 4.427961e+05
2.396569e-01 4.294018e+05 5.698230e+03 -1.689565e+05 -7.668015e+03 5.723546e+05
2.414498e-01 4.384136e+05 4.682817e+03 -8.691812e+04 -4.444987e+03 6.940391e+05
2.432397e-01 4.343015e+05 2.970772e+03 -8.151021e+04 -3.081338e+03 6.794511e+05
2.450345e-01 4.169244e+05 4.400305e+03 -1.377213e+05 -7.249651e+03 5.469617e+05
2.468308e-01 4.008949e+05 3.853756e+03 -1.871583e+05 -9.466496e+03 4.318637e+05
2.486244e-01 3.996896e+05 3.459081e+03 -1.670691e+05 -7.954429e+03 4.355884e+05
2.504185e-01 4.115096e+05 2.363201e+03 -8.836919e+04 -3.905442e+03 5.460062e+05
2.522154e-01 4.230568e+05 4.942137e+02 -3.027803e+04 -1.367841e+03 6.363889e+05
2.540114e-01 4.201250e+05 1.384917e+02 -4.490737e+04 5.098638e+03 5.980439e+05
2.558058e-01 4.040655e+05 1.609169e+03 -1.244205e+05 5.228308e+03 4.518710e+05
2.576012e-01 3.867913e+05 2.542863e+03 -1.913264e+05 3.076241e+03 3.234108e+05
2.593962e-01 3.844637e+05 2.262181e+03 -1.919011e+05 -3.907017e+03 3.214955e+05
2.611937e-01 3.942844e+05 3.133337e+03 -1.295196e+05 -7.949417e+03 4.180404e+05
2.629942e-01 4.011366e+05 4.976997e+03 -6.674352e+04 -8.662495e+03 4.997912e+05
2.647885e-01 3.948128e+05 4.670238e+03 -6.011088e+04 -7.311249e+03 4.793343e+05
2.665811e-01 3.816396e+05 1.179802e+03 -1.073146e+05 -5.030354e+03 3.738265e+05
2.683801e-01 3.722745e+05 1.311743e+02 -1.518244e+05 -2.100610e+03 2.792526e+05
2.701729e-01 3.739497e+05 1.696078e+03 -1.444243e+05 -5.143642e+03 2.778811e+05
2.719632e-01 3.809893e+05 2.860862e+03 -8.454386e+04 -7.186384e+03 3.613840e+05
2.737587e-01 3.877332e+05 2.677119e+03 -3.154443e+04 -4.774831e+03 4.336868e+05
2.755578e-01 3.834709e+05 2.207393e+03 -3.453499e+04 1.131988e+03 4.122726e+05
2.773550e-01 3.714383e+05 3.029480e+03 -8.462830e+04 3.334805e+03 3.183738e+05
2.791459e-01 3.583491e+05 1.892350e+03 -1.314250e+05 3.069867e+03 2.333890e+05
2.809385e-01 3.575827e+05 1.601894e+02 -1.348818e+05 1.182451e+03 2.307259e+05
2.827312e-01 3.671082e+05 3.867380e+02 -9.553927e+04 -8.952071e+01 3.000537e+05
2.845296e-01 3.742395e+05 2.048220e+03 -5.436798e+04 -1.568945e+03 3.669437e+05
2.863269e-01 3.711955e+05 2.502911e+03 -5.229695e+04 8.619041e+01 3.622113e+05
2.881173e-01 3.629513e+05 2.589944e+03 -8.437709e+04 1.696094e+03 3.000148e+05
2.899148e-01 3.548762e+05 4.143659e+02 -1.129063e+05 2.526580e+03 2.499100e+05
2.917136e-01 3.573952e+05 -8.712155e+02 -1.050850e+05 2.110961e+03 2.617662e+05
2.935083e-01 3.660827e+05 4.389739e+02 -6.558020e+04 -1.311685e+03 3.222124e+05
2.953064e-01 3.707277e+05 2.151073e+03 -3.711407e+04 -1.434225e+03 3.706572e+05
2.971025e-01 3.679183e+05 2.791524e+02 -4.461899e+04 4.170543e+03 3.532002e+05
2.988941e-01 3.607973e+05 1.356287e+02 -8.192896e+04 4.242197e+03 2.777074e+05
3.006873e-01 3.528384e+05 2.541858e+03 -1.164406e+05 -3.127890e+03 2.168708e+05
3.024817e-01 3.512924e+05 2.500032e+03 -1.088308e+05 -7.596796e+03 2.144710e+05
3.042771e-01 3.553534e+05 2.226823e+03 -7.517666e+04 -7.393053e+03 2.542900e+05
3.060756e-01 3.576138e+05 4.044759e+03 -4.751463e+04 -8.890320e+03 2.838080e+05
3.078722e-01 3.505859e+05 3.464680e+03 -5.144639e+04 -4.877484e+03 2.574891e+05
3.096648e-01 3.436442e+05 -8.419171e+02 -8.076280e+04 2.593342e+03 1.963468e+05
3.114599e-01 3.430698e+05 -3.019158e+03 -1.052418e+05 6.259804e+03 1.576248e+05
3.132555e-01 3.487049e+05 -1.395503e+03 -9.676348e+04 5.432908e+03 1.820501e+05
3.150527e-01 3.564027e+05 1.640029e+03 -6.313626e+04 3.335013e+03 2.489000e+05
3.168493e-01 3.577038e+05 3.999457e+03 -3.578541e+04 -1.328247e+03 2.944037e+05
3.186391e-01 3.513554e+05 4.814504e+03 -3.893684e+04 -7.472062e+03 2.738312e+05
3.204305e-01 3.408462e+05 2.421775e+03 -6.375548e+04 -7.826254e+03 2.079536e+05
3.222280e-01 3.360091e+05 6.691262e+02 -8.512253e+04 -6.279327e+03 1.515768e+05
3.240267e-01 3.361762e+05 2.421128e+03 -7.290748e+04 -5.279009e+03 1.558525e+05
3.258197e-01 3.397906e+05 3.544049e+03 -3.996290e+04 -2.083439e+03 2.093416e+05
3.276150e-01 3.426443e+05 7.301187e+02 -1.389175e+04 5.328232e+03 2.554961e+05
3.294148e-01 3.423177e+05 -1.264243e+03 -2.225796e+04 7.006158e+03 2.460511e+05
3.312085e-01 3.387968e+05 -1.098191e+03 -5.658968e+04 4.516424e+03 1.954795e+05
3.330031e-01 3.354378e+05 9.317462e+01 -8.129830e+04 7.525095e+02 1.501999e+05
3.347987e-01 3.357992e+05 9.293685e+02 -7.989698e+04 -1.922726e+03 1.511924e+05
3.365969e-01 3.406845e+05 1.213382e+03 -5.353477e+04 -1.773887e+03 1.947367e+05
3.383923e-01 3.433002e+05 2.431018e+03 -3.158526e+04 -1.628531e+03 2.248837e+05
3.401828e-01 3.398502e+05 3.604237e+03 -3.309391e+04 -4.267760e+03 2.092796e+05
3.419763e-01 3.311409e+05 3.012544e+03 -5.505513e+04 -3.832954e+03 1.608515e+05
3.437730e-01 3.250206e+05 9.698851e+02 -7.332284e+04 -5.738156e+02 1.185825e+05
3.455681e-01 3.271477e+05 7.949197e+02 -6.447089e+04 2.759355e+02 1.323528e+05
3.473617e-01 3.336638e+05 1.032454e+03 -3.018775e+04 1.608975e+02 1.934626e+05
3.491590e-01 3.414092e+05 4.483526e+02 6.830645e+03 2.421578e+03 2.601926e+05
3.509566e-01 3.432793e+05 1.806851e+03 2.042583e+04 -6.483730e+02 2.794501e+05
3.527534e-01 3.377046e+05 3.345051e+03 6.646625e+03 -2.124638e+03 2.503657e+05
3.545449e-01 3.297633e+05 2.105625e+03 -1.639132e+04 -3.373692e+02 2.015241e+05
3.563372e-01 3.255859e+05 1.076687e+02 -3.245752e+04 1.133390e+03 1.651408e+05
3.581341e-01 3.262331e+05 -2.312191e+02 -3.633402e+04 9.328534e+02 1.591700e+05
3.599303e-01 3.278165e+05 -3.735406e+02 -3.758444e+04 1.031027e+03 1.556047e+05
3.617254e-01 3.274985e+05 3.014775e+02 -4.726642e+04 1.200549e+02 1.392432e+05
3.635200e-01 3.244277e+05 1.437007e+03 -6.241228e+04 -4.217167e+03 1.065442e+05
3.653165e-01 3.207807e+05 2.926082e+03 -6.727304e+04 -6.462553e+03 8.691389e+04
3.671116e-01 3.203798e+05 2.187069e+03 -5.403152e+04 -4.239996e+03 1.012120e+05
3.689088e-01 3.232981e+05 9.799744e+02 -2.890398e+04 -3.238341e+02 1.362444e+05
3.707076e-01 3.260493e+05 1.610871e+03 -9.085761e+03 2.010873e+03 1.685380e+05
3.725001e-01 3.250297e+05 1.662225e+03 -8.663835e+03 -5.759969e+00 1.691467e+05
3.742913e-01 3.196490e+05 1.988796e+03 -2.234637e+04 -2.002482e+03 1.367405e+05
3.760877e-01 3.154387e+05 1.941022e+03 -3.539923e+04 -4.802825e+03 1.025463e+05
3.778836e-01 3.139738e+05 8.526433e+02 -3.745120e+04 -2.005196e+03 9.234055e+04
3.796766e-01 3.169842e+05 1.733651e+02 -2.795665e+04 7.802651e+02 1.058811e+05
3.814707e-01 3.190575e+05 1.589278e+03 -2.010544e+04 7.599162e+02 1.210546e+05
3.832699e-01 3.171698e+05 2.160789e+03 -2.194540e+04 2.175499e+02 1.190465e+05
3.850666e-01 3.137962e+05 1.066779e+03 -3.208402e+04 3.972604e+02 1.009529e+05
3.868579e-01 3.122588e+05 -3.454599e+02 -4.095107e+04 1.127014e+03 8.646370e+04
3.886538e-01 3.150782e+05 -5.292140e+02 -3.721731e+04 1.283846e+03 9.417309e+04
3.904491e-01 3.202035e+05 -1.434287e+02 -2.232758e+04 -1.198541e+02 1.225061e+05
3.922449e-01 3.241439e+05 5.389659e+02 -7.919115e+03 1.166397e+03 1.472442e+05
3.940400e-01 3.235387e+05 1.475307e+03 -6.061885e+03 -3.581159e+01 1.486119e+05
3.958317e-01 3.204138e+05 7.388659e+02 -1.918129e+04 1.300218e+03 1.254414e+05
3.976289e-01 3.178583e+05 -1.767247e+00 -3.733336e+04 2.888901e+03 9.401044e+04
3.994255e-01 3.159889e+05 1.614566e+03 -4.690464e+04 -1.119721e+03 7.857377e+04
4.012204e-01 3.142928e+05 2.859560e+03 -4.482972e+04 -3.391469e+03 8.221435e+04
4.030168e-01 3.133558e+05 1.161238e+03 -3.915572e+04 1.214072e+02 8.888530e+04
4.048122e-01 3.141462e+05 -2.174896e+02 -3.803557e+04 2.293112e+03 8.962059e+04
4.066062e-01 3.148761e+05 -3.818523e+02 -4.177564e+04 5.906478e+02 8.321797e+04
4.084001e-01 3.150624e+05 9.850066e+02 -4.173177e+04 -1.467487e+03 7.997563e+04
4.101968e-01 3.152997e+05 2.062405e+03 -3.550415e+04 -2.595612e+03 8.696445e+04
4.119946e-01 3.155985e+05 1.586047e+03 -2.711662e+04 -7.689702e+02 1.016679e+05
4.137897e-01 3.163663e+05 2.594554e+02 -2.402404e+04 2.993247e+03 1.085266e+05
4.155829e-01 3.167662e+05 -6.893230e+01 -3.125233e+04 4.138607e+03 1.019495e+05
4.173778e-01 3.153354e+05 9.902726e+02 -4.044273e+04 1.317711e+03 8.748568e+04
4.191752e-01 3.129479e+05 2.571039e+03 -4.305311e+04 -3.542225e+03 7.890752e+04
4.209702e-01 3.113638e+05 3.067169e+03 -3.472489e+04 -7.198242e+03 8.136037e+04
4.227638e-01 3.109793e+05 1.524768e+03 -2.328314e+04 -5.322656e+03 8.730203e+04
4.245604e-01 3.113518e+05 8.258015e+02 -1.816721e+04 -2.395832e+03 8.564931e+04
4.263543e-01 3.101418e+05 1.107842e+03 -2.337393e+04 1.016019e+03 7.464096e+04
4.281451e-01 3.080010e+05 9.523227e+02 -3.432954e+04 3.529825e+03 6.091104e+04
4.299400e-01 3.068632e+05 5.734922e+02 -3.760341e+04 1.348150e+03 5.570951e+04
4.317365e-01 3.084917e+05 9.736765e+02 -3.120364e+04 -1.354003e+03 6.740679e+04
4.335323e-01 3.109401e+05 8.642181e+01 -1.917726e+04 -2.690097e+03 8.615055e+04
4.353294e-01 3.137255e+05 1.761797e+02 -1.426664e+04 -9.730848e+02 8.980464e+04
4.371263e-01 3.135060e+05 7.263031e+02 -1.937679e+04 -2.034146e+03 7.580594e+04
4.389235e-01 3.113125e+05 1.481109e+03 -2.913496e+04 -2.631945e+03 5.367715e+04
4.407180e-01 3.097189e+05 1.920972e+03 -3.091293e+04 -2.907620e+03 4.587774e+04
4.425103e-01 3.097582e+05 1.492615e+03 -2.128541e+04 -9.661373e+02 5.754561e+04
4.443072e-01 3.120237e+05 1.069349e+03 -7.016276e+03 1.967032e+03 8.093624e+04
4.461036e-01 3.129321e+05 2.065652e+03 4.527048e+03 -8.200737e+01 9.822262e+04
4.478956e-01 3.107831e+05 1.907913e+03 2.834446e+03 -7.015464e+02 9.587080e+04
4.496902e-01 3.075520e+05 1.174300e+03 -7.616379e+03 1.192807e+03 7.743503e+04
4.514874e-01 3.054784e+05 9.388703e+02 -2.119961e+04 8.752845e+02 5.447757e+04
4.532823e-01 3.040385e+05 2.800478e+02 -2.826220e+04 9.929986e+02 4.717784e+04
4.550750e-01 3.052434e+05 6.150682e+02 -2.728342e+04 -1.944720e+01 4.725341e+04
4.568708e-01 3.056438e+05 1.441234e+03 -2.365669e+04 -2.262920e+03 5.068091e+04
4.586693e-01 3.055019e+05 5.734127e+02 -2.234667e+04 -2.906372e+03 4.682710e+04
4.604629e-01 3.059673e+05 2.783708e+02 -2.419940e+04 -2.807385e+03 3.570913e+04
4.622570e-01 3.070270e+05 6.952186e+02 -2.394551e+04 -1.996510e+03 3.041096e+04
4.640543e-01 3.086340e+05 9.222783e+02 -1.762943e+04 -3.694123e+02 3.768971e+04
4.658487e-01 3.098019e+05 1.644915e+03 -8.903869e+03 8.058544e+02 5.404949e+04
4.676433e-01 3.096677e+05 1.889508e+03 -3.941869e+03 1.528440e+03 6.834619e+04
4.694380e-01 3.080471e+05 2.093396e+03 -4.201096e+03 1.359973e+03 6.834275e+04
4.712319e-01 3.043152e+05 2.519104e+03 -1.099531e+04 -3.078652e+02 5.884743e+04
4.730274e-01 3.014485e+05 1.620878e+03 -1.782786e+04 -2.568830e+02 4.784469e+04
4.748233e-01 3.007380e+05 -2.290857e+02 -2.206779e+04 2.527604e+01 4.189289e+04
4.766206e-01 3.025997e+05 -8.095569e+02 -2.275362e+04 1.051000e+03 3.987997e+04
4.784155e-01 3.048173e+05 5.826289e+02 -2.181937e+04 -2.019723e+02 3.925037e+04
4.802074e-01 3.036947e+05 2.020309e+03 -2.224945e+04 -1.472548e+03 3.749148e+04
4.820041e-01 3.025703e+05 1.393183e+03 -2.210721e+04 8.795565e+02 3.767743e+04
4.838035e-01 3.031473e+05 -1.006104e+02 -2.269117e+04 3.007177e+03 4.151471e+04
4.855966e-01 3.051818e+05 -1.923633e+02 -2.137751e+04 2.576843e+03 4.906482e+04
4.873905e-01 3.067224e+05 8.185413e+02 -1.799517e+04 -6.776445e+02 5.795805e+04
4.891890e-01 3.069885e+05 1.860468e+03 -1.654883e+04 -2.047621e+03 6.068751e+04
4.909845e-01 3.051035e+05 1.814315e+03 -1.799623e+04 6.097124e+01 5.406940e+04
4.927778e-01 3.039434e+05 1.218151e+03 -2.018520e+04 2.283370e+03 5.229288e+04
4.945710e-01 3.043605e+05 4.087798e+02 -1.885609e+04 3.011347e+03 5.976821e+04
4.963686e-01 3.071048e+05 2.545319e+02 -1.169264e+04 8.043870e+02 7.577983e+04
4.981631e-01 3.094011e+05 2.007215e+02 -4.093052e+03 -1.106835e+02 9.044072e+04
4.999565e-01 3.100766e+05 1.005924e+03 -2.955188e+03 -1.267488e+03 8.845925e+04
5.017530e-01 3.074383e+05 2.443330e+03 -6.594404e+03 -4.127446e+03 7.214840e+04
5.035473e-01 3.040258e+05 1.420755e+03 -1.647366e+04 -2.153669e+03 5.165676e+04
5.053425e-01 3.039631e+05 1.601069e+02 -2.334097e+04 1.817721e+03 3.878668e+04
5.071378e-01 3.048148e+05 1.538081e+03 -2.129081e+04 5.443235e+02 4.243175e+04
5.089338e-01 3.049349e+05 2.730496e+03 -1.181470e+04 -2.079167e+03 5.914954e+04
5.107304e-01 3.051103e+05 9.013478e+02 -2.088311e+03 -6.322604e+00 7.219884e+04
5.125264e-01 3.074061e+05 -1.085934e+03 -1.289273e+03 1.116569e+03 7.287795e+04
5.143202e-01 3.094581e+05 -1.692305e+02 -6.323715e+03 -1.281064e+00 6.313429e+04
5.161135e-01 3.092736e+05 1.997467e+03 -9.791573e+03 -3.232587e+03 5.176629e+04
5.179077e-01 3.062638e+05 3.293201e+03 -9.692493e+03 -3.515393e+03 4.806124e+04
5.197029e-01 3.046478e+05 2.092121e+03 -6.413440e+03 -7.376461e+02 4.792749e+04
5.214989e-01 3.035862e+05 1.123929e+03 -5.152265e+03 -2.876278e+01 4.643798e+04
5.232939e-01 3.024124e+05 1.401841e+03 -8.181633e+03 -2.855803e+02 4.170470e+04
5.250894e-01 3.017340e+05 6.950712e+02 -1.372372e+04 1.266560e+03 3.472554e+04
5.268875e-01 3.016607e+05 6.436990e+02 -1.718978e+04 2.500395e+02 2.759341e+04
5.286829e-01 3.014525e+05 1.122235e+03 -1.843565e+04 -6.277830e+02 2.697039e+04
5.304764e-01 3.017859e+05 8.409199e+02 -1.671330e+04 -4.582653e+02 2.768605e+04
5.322718e-01 3.020822e+05 8.471945e+02 -1.665487e+04 4.078799e+02 2.782888e+04
5.340665e-01 3.015695e+05 1.150455e+03 -1.928581e+04 8.209304e+02 2.427242e+04
5.358628e-01 3.005809e+05 2.048885e+03 -1.913566e+04 -1.197060e+03 2.320968e+04
5.376582e-01 2.995202e+05 2.210571e+03 -1.564967e+04 -2.075461e+03 2.929183e+04
5.394517e-01 3.004280e+05 1.271797e+03 -6.449827e+03 -1.605633e+03 3.974500e+04
5.412446e-01 3.012986e+05 1.195811e+03 4.339221e+02 -2.312659e+03 4.780519e+04
5.430425e-01 3.016547e+05 8.741981e+02 1.543263e+03 7.289816e+01 4.831060e+04
5.448396e-01 3.014496e+05 3.477260e+02 -4.793387e+03 3.106769e+03 3.812976e+04
5.466312e-01 3.006402e+05 8.261027e+02 -1.350571e+04 2.902299e+03 2.902266e+04
5.484273e-01 3.000905e+05 1.528911e+03 -1.765790e+04 8.538997e+02 2.705944e+04
5.502231e-01 2.996184e+05 1.919637e+03 -1.440631e+04 -4.480594e+02 3.431274e+04
5.520189e-01 2.991319e+05 2.027143e+03 -8.188854e+03 -1.443257e+03 4.361662e+04
5.538138e-01 2.988607e+05 1.040402e+03 -5.434754e+03 -3.974962e+02 4.655897e+04
5.556067e-01 2.988135e+05 2.998802e+01 -9.439524e+03 3.005844e+02 3.696684e+04
5.574029e-01 2.992587e+05 -1.574629e+02 -1.637605e+04 7.285416e+02 2.698401e+04
5.591994e-01 3.001363e+05 6.907742e+02 -1.860041e+04 2.730899e+02 2.288191e+04
5.609943e-01 3.011756e+05 1.505663e+03 -1.425844e+04 -5.240106e+02 3.153712e+04
5.627890e-01 3.015636e+05 1.947205e+03 -6.554532e+03 -9.003936e+01 4.537971e+04
5.645865e-01 3.015155e+05 1.765115e+03 -2.989841e+03 1.461718e+02 5.081894e+04
5.663833e-01 2.999612e+05 1.832443e+03 -5.959643e+03 -1.722761e+03 4.405982e+04
5.681768e-01 2.978219e+05 1.742757e+03 -1.098636e+04 -3.426167e+03 2.986968e+04
5.699714e-01 2.971859e+05 8.068050e+02 -1.225863e+04 -1.679171e+03 2.258393e+04
5.717666e-01 2.988425e+05 5.995410e+02 -7.114848e+03 4.736509e+02 2.917613e+04
5.735604e-01 3.012270e+05 8.430609e+02 2.632482e+03 1.342001e+03 4.800922e+04
5.753547e-01 3.031299e+05 1.185585e+03 1.110723e+04 6.365643e+02 6.413196e+04
5.771493e-01 3.031858e+05 1.596291e+03 1.276089e+04 -8.877737e+01 6.695570e+04
5.789465e-01 3.006132e+05 1.969586e+03 7.647011e+03 -3.627504e+02 5.647214e+04
5.807435e-01 2.986565e+05 1.581340e+03 -6.035684e+02 -1.336296e+02 4.027755e+04
5.825362e-01 2.972247e+05 6.317359e+02 -7.708147e+03 9.421824e+02 2.971375e+04
5.843306e-01 2.982764e+05 4.404922e+02 -9.709597e+03 6.623163e+02 2.424681e+04
5.861281e-01 2.982382e+05 1.590025e+03 -9.044336e+03 -1.135961e+03 2.523618e+04
5.879240e-01 2.978103e+05 1.223893e+03 -9.390556e+03 -3.285880e+02 2.465121e+04
5.897195e-01 2.978758e+05 2.730143e+02 -1.178658e+04 8.227011e+02 2.035944e+04
5.915160e-01 2.989856e+05 5.116078e+02 -1.394830e+04 -1.848060e+02 1.915212e+04
5.933128e-01 2.998321e+05 1.393070e+03 -1.143521e+04 -8.447478e+02 2.398988e+04
5.951052e-01 2.999240e+05 1.903857e+03 -7.177119e+03 -2.906042e+02 3.167245e+04
5.968969e-01 2.997610e+05 2.240437e+03 -1.640049e+03 -7.922486e+01 3.931900e+04
5.986941e-01 2.983227e+05 2.122285e+03 8.023546e+02 -2.622202e+02 4.114936e+04
6.004886e-01 2.967371e+05 1.434586e+03 -2.503530e+03 1.211015e+03 3.808348e+04
6.022826e-01 2.962115e+05 5.542576e+02 -8.094374e+03 2.481889e+03 2.977868e+04
6.040778e-01 2.961698e+05 4.453604e+02 -1.291107e+04 1.202668e+02 2.287512e+04
6.058727e-01 2.965789e+05 9.522983e+02 -1.494800e+04 -1.671319e+03 1.987623e+04
6.076682e-01 2.966027e+05 8.631240e+02 -1.399724e+04 -8.523928e+02 1.756458e+04
6.094636e-01 2.971287e+05 1.134407e+03 -1.388858e+04 -1.376097e+03 1.502547e+04
6.112608e-01 2.968261e+05 1.524825e+03 -1.337478e+04 -1.578778e+03 1.389200e+04
6.130571e-01 2.970606e+05 9.840706e+02 -1.215388e+04 8.059782e+02 1.577401e+04
6.148510e-01 2.981884e+05 3.804575e+02 -1.259137e+04 2.216820e+03 1.862559e+04
6.166467e-01 2.992062e+05 1.296632e+03 -1.142328e+04 -4.351652e+02 2.039116e+04
6.184426e-01 2.989146e+05 2.147456e+03 -9.746879e+03 -3.170689e+03 2.188238e+04
6.202383e-01 2.975956e+05 1.839188e+03 -9.164171e+03 -1.923572e+03 2.077320e+04
6.220331e-01 2.972080e+05 1.426040e+03 -9.701890e+03 5.668923e+02 1.598381e+04
6.238256e-01 2.964587e+05 1.980034e+03 -9.178975e+03 -2.979444e+02 1.548929e+04
6.256207e-01 2.956032e+05 2.098887e+03 -6.654748e+03 -1.649347e+03 1.762002e+04
6.274180e-01 2.956114e+05 1.504259e+03 -2.668042e+03 -2.271615e+03 2.087033e+04
6.292132e-01 2.964629e+05 4.836768e+02 -5.421703e+02 4.162685e+02 2.167181e+04
6.310070e-01 2.976734e+05 -3.286858e+02 -3.515757e+03 3.034639e+03 2.207907e+04
6.328016e-01 2.990627e+05 5.317475e+02 -7.337820e+03 2.823097e+03 1.983017e+04
6.345988e-01 2.982966e+05 2.131847e+03 -9.451577e+03 -3.713449e+01 1.933034e+04
6.363935e-01 2.967231e+05 2.160604e+03 -8.720047e+03 -9.140024e+02 2.042618e+04
6.381885e-01 2.959982e+05 1.056258e+03 -7.329194e+03 3.476718e+02 2.050092e+04
6.399844e-01 2.965816e+05 8.626857e+02 -8.469503e+03 2.749117e+02 1.935795e+04
6.417790e-01 2.965594e+05 1.273054e+03 -1.126621e+04 -2.040980e+01 1.673655e+04
6.435737e-01 2.957813e+05 1.821327e+03 -1.298887e+04 1.853995e+01 1.261771e+04
6.453671e-01 2.951351e+05 1.436363e+03 -1.267165e+04 6.686330e+01 1.284502e+04
6.471630e-01 2.955225e+05 1.076159e+03 -1.155540e+04 5.077477e+02 1.488978e+04
6.489575e-01 2.962296e+05 1.454933e+03 -8.889504e+03 -1.169023e+03 1.699651e+04
6.507531e-01 2.961209e+05 2.000842e+03 -7.011444e+03 -2.179304e+03 1.776436e+04
6.525500e-01 2.958645e+05 1.420677e+03 -6.445083e+03 -1.008230e+03 1.684015e+04
6.543447e-01 2.959009e+05 5.888781e+02 -8.625466e+03 2.131176e+02 1.406775e+04
6.561416e-01 2.973898e+05 4.272720e+02 -1.001005e+04 8.100494e+02 1.385344e+04
6.579361e-01 2.980563e+05 6.235392e+02 -1.044404e+04 1.160850e+03 1.629708e+04
6.597296e-01 2.985918e+05 1.495598e+03 -9.574376e+03 8.511349e+02 1.918930e+04
6.615260e-01 2.981810e+05 2.496222e+03 -8.794384e+03 -6.180234e+02 2.108730e+04
6.633228e-01 2.966793e+05 1.972293e+03 -8.381061e+03 6.173084e+02 2.463444e+04
6.651187e-01 2.964084e+05 1.309488e+03 -6.854095e+03 1.601691e+03 2.681493e+04
6.669114e-01 2.966881e+05 1.378578e+03 -5.157714e+03 7.686935e+02 3.145910e+04
6.687054e-01 2.973944e+05 1.197048e+03 -1.275827e+03 -1.481534e+03 3.694775e+04
6.705023e-01 2.980124e+05 1.243684e+03 1.325386e+03 -1.660459e+03 3.987608e+04
6.722992e-01 2.979012e+05 1.314820e+03 6.468887e+02 5.669529e+01 3.719766e+04
6.740944e-01 2.973059e+05 1.741919e+03 -1.522351e+03 6.449069e+02 3.147962e+04
6.758872e-01 2.957092e+05 2.490427e+03 -2.613123e+03 -9.627856e+02 2.911284e+04
6.776825e-01 2.949483e+05 1.722102e+03 5.571031e+02 -8.172820e+02 3.339193e+04
6.794791e-01 2.962798e+05 2.478255e+02 4.202147e+03 1.154960e+03 3.963372e+04
6.812733e-01 2.986594e+05 8.310511e+01 6.460870e+03 2.801609e+02 4.454970e+04
6.830683e-01 3.002783e+05 6.626631e+02 4.908888e+03 -8.300187e+02 4.108981e+04
6.848621e-01 2.998692e+05 1.515031e+03 1.062322e+03 -2.028526e+03 3.052829e+04
6.866570e-01 2.979585e+05 2.267521e+03 -4.283308e+03 -2.635330e+03 1.662605e+04
6.884537e-01 2.960087e+05 2.464505e+03 -6.520516e+03 -1.500765e+03 9.327340e+03
6.902501e-01 2.952675e+05 1.834911e+03 -5.139534e+03 5.042556e+02 1.051552e+04
6.920470e-01 2.960912e+05 8.047245e+02 -1.833409e+03 1.849592e+03 1.811163e+04
6.938409e-01 2.975515e+05 7.313788e+02 -2.558515e+02 7.157233e+02 2.425675e+04
6.956343e-01 2.982377e+05 1.034965e+03 -3.274474e+02 -4.548865e+02 2.380675e+04
6.974295e-01 2.982526e+05 1.661183e+03 -8.524268e+02 -1.782858e+03 1.876442e+04
6.992264e-01 2.972102e+05 2.196748e+03 -1.928286e+03 -1.774874e+03 1.449126e+04
7.010216e-01 2.965040e+05 1.474309e+03 -1.411585e+03 5.560794e+01 1.424220e+04
7.028157e-01 2.972155e+05 8.433870e+02 -4.062374e+02 1.415274e+03 1.738929e+04
7.046118e-01 2.983097e+05 7.504722e+02 -8.489537e+02 2.003099e+03 2.078569e+04
7.064070e-01 2.989172e+05 8.942766e+02 -3.087453e+03 1.502218e+03 2.156195e+04
7.082001e-01 2.989927e+05 1.127480e+03 -6.898763e+03 8.143683e+02 1.730977e+04
7.099950e-01 2.990429e+05 1.137959e+03 -1.008938e+04 1.208246e+02 1.385396e+04
7.117916e-01 2.986458e+05 1.352537e+03 -1.155598e+04 1.955587e+02 1.231594e+04
7.135857e-01 2.986381e+05 1.508661e+03 -1.128517e+04 4.545316e+02 1.212915e+04
7.153810e-01 2.982630e+05 1.763057e+03 -1.129573e+04 6.159882e+01 1.458786e+04
7.171769e-01 2.981180e+05 1.720096e+03 -1.036045e+04 -2.535491e+02 1.572843e+04
7.189721e-01 2.982494e+05 1.319141e+03 -9.863869e+03 8.554758e+01 1.699226e+04
7.207688e-01 2.984446e+05 1.069763e+03 -1.036215e+04 7.599677e+02 1.847872e+04
7.225642e-01 2.992066e+05 1.295723e+03 -9.972258e+03 1.207191e+03 2.138264e+04
7.243583e-01 2.991637e+05 1.613792e+03 -1.027097e+04 9.155957e+02 2.314842e+04
7.261538e-01 2.988205e+05 1.833838e+03 -1.113854e+04 1.213272e+02 2.256210e+04
7.279497e-01 2.978536e+05 1.946746e+03 -1.281496e+04 -3.395374e+02 1.995576e+04
7.297435e-01 2.970481e+05 1.957155e+03 -1.436659e+04 -6.279828e+02 1.680297e+04
7.315366e-01 2.961987e+05 1.733979e+03 -1.389817e+04 -4.630745e+02 1.507808e+04
7.333339e-01 2.963918e+05 1.528933e+03 -1.217634e+04 -9.553874e+02 1.708189e+04
7.351305e-01 2.968819e+05 1.121969e+03 -8.692514e+03 -1.381948e+03 2.069102e+04
7.369246e-01 2.984455e+05 3.196066e+02 -7.026081e+03 4.573301e+02 2.259814e+04
7.387207e-01 3.002013e+05 5.710493e+02 -8.096871e+03 1.478752e+03 2.173181e+04
7.405164e-01 3.000879e+05 1.901866e+03 -1.089497e+04 1.199859e+03 1.986636e+04
7.423108e-01 2.989242e+05 2.539309e+03 -1.202434e+04 -2.732833e+02 1.969964e+04
7.441040e-01 2.977778e+05 2.239689e+03 -1.031203e+04 -4.122319e+02 2.144598e+04
7.458996e-01 2.972193e+05 2.309933e+03 -7.253162e+03 -2.207141e+03 2.314451e+04
7.476955e-01 2.966563e+05 2.262217e+03 -4.591647e+03 -2.219559e+03 2.627904e+04
7.494882e-01 2.964909e+05 1.407443e+03 -3.640855e+03 -7.992365e+02 2.553072e+04
7.512836e-01 2.965782e+05 1.069927e+03 -5.060000e+03 4.241701e+02 1.992034e+04
7.530799e-01 2.966215e+05 1.680367e+03 -7.129880e+03 -1.063468e+02 1.640004e+04
7.548749e-01 2.957697e+05 1.679847e+03 -7.472040e+03 -8.174639e+02 1.400389e+04
7.566699e-01 2.959907e+05 1.437001e+03 -7.871291e+03 -7.790957e+02 1.327246e+04
7.584671e-01 2.963228e+05 1.111690e+03 -8.121770e+03 9.638861e+01 1.337261e+04
7.602633e-01 2.973476e+05 8.282527e+02 -9.266414e+03 1.072838e+03 1.346570e+04
7.620571e-01 2.981321e+05 6.635436e+02 -1.138629e+04 2.354320e+03 1.354168e+04
7.638531e-01 2.985181e+05 1.098366e+03 -1.323396e+04 2.322045e+03 1.460027e+04
7.656499e-01 2.992740e+05 1.614927e+03 -1.395577e+04 -2.228281e+02 1.584139e+04
7.674455e-01 2.994829e+05 2.082411e+03 -1.270576e+04 -1.832054e+03 1.894765e+04
7.692400e-01 2.994649e+05 1.429756e+03 -1.138203e+04 -5.533431e+02 2.075657e+04
7.710340e-01 2.998653e+05 9.837020e+02 -1.209525e+04 1.896264e+03 1.995305e+04
7.728276e-01 2.996338e+05 1.325539e+03 -1.510543e+04 2.940657e+03 1.909539e+04
7.746220e-01 2.993208e+05 1.885995e+03 -1.694075e+04 7.524683e+02 1.834957e+04
7.764173e-01 2.984629e+05 2.211242e+03 -1.747467e+04 -2.056257e+03 1.748773e+04
7.782136e-01 2.976966e+05 2.365039e+03 -1.489449e+04 -2.910201e+03 1.729663e+04
7.800117e-01 2.969961e+05 2.121360e+03 -1.272793e+04 -1.497642e+03 1.676391e+04
7.818056e-01 2.968763e+05 1.458843e+03 -1.154514e+04 -1.193428e+02 1.576770e+04
7.835979e-01 2.971772e+05 1.312986e+03 -1.095649e+04 2.448467e+02 1.674670e+04
7.853947e-01 2.979037e+05 1.539868e+03 -1.059257e+04 -5.919172e+02 1.979824e+04
7.871903e-01 2.985095e+05 1.626689e+03 -8.301347e+03 -4.278315e+02 2.306787e+04
7.889853e-01 2.990419e+05 1.356456e+03 -7.514120e+03 2.876129e+02 2.433086e+04
7.907819e-01 2.992103e+05 1.660945e+03 -6.507271e+03 -4.063698e+02 2.275181e+04
7.925772e-01 2.984250e+05 2.570832e+03 -7.599963e+03 -2.030481e+03 1.857076e+04
7.943719e-01 2.965705e+05 2.311898e+03 -8.033885e+03 -1.784544e+03 1.596889e+04
7.961659e-01 2.963301e+05 1.130770e+03 -8.678959e+03 5.237004e+02 1.282159e+04
7.979598e-01 2.976287e+05 8.134741e+02 -7.902065e+03 5.067285e+02 1.375872e+04
7.997559e-01 2.987971e+05 1.189908e+03 -5.144906e+03 -8.219072e+02 1.753526e+04
8.015520e-01 2.996718e+05 1.933023e+03 -2.482644e+03 -1.516750e+03 1.998593e+04
8.033475e-01 2.990501e+05 2.651939e+03 -5.235411e+02 -1.490768e+03 2.011462e+04
8.051404e-01 2.979453e+05 2.147559e+03 -1.006495e+03 -7.266384e+02 1.800389e+04
8.069349e-01 2.975612e+05 1.391917e+03 -3.213997e+03 7.266901e+02 1.322943e+04
8.087329e-01 2.977778e+05 1.243408e+03 -5.942362e+03 1.235167e+03 1.345434e+04
8.105286e-01 2.974535e+05 1.612911e+03 -8.657839e+03 2.265530e+03 1.381491e+04
8.123233e-01 2.969569e+05 2.120660e+03 -1.000671e+04 1.697302e+03 1.420575e+04
8.141188e-01 2.957933e+05 2.204784e+03 -1.062246e+04 6.728542e+02 1.609275e+04
8.159142e-01 2.953812e+05 1.704184e+03 -1.108231e+04 2.523623e+01 1.624389e+04
8.177087e-01 2.952102e+05 1.575759e+03 -1.212993e+04 7.127136e+02 1.692909e+04
8.195037e-01 2.952217e+05 1.437358e+03 -1.377560e+04 1.667334e+03 1.719165e+04
8.212995e-01 2.956197e+05 1.223215e+03 -1.391174e+04 8.176782e+02 1.653589e+04
8.230953e-01 2.958783e+05 1.741171e+03 -1.401567e+04 -1.631409e+03 1.612734e+04
8.248902e-01 2.958985e+05 2.095404e+03 -1.194193e+04 -2.724826e+03 1.591559e+04
8.266848e-01 2.957170e+05 2.237663e+03 -9.816599e+03 -2.203765e+03 1.534097e+04
8.284792e-01 2.953427e+05 2.100261e+03 -7.391392e+03 -8.414234e+02 1.699157e+04
8.302734e-01 2.952393e+05 1.412845e+03 -6.215553e+03 3.158470e+02 1.789309e+04
8.320692e-01 2.964061e+05 7.689178e+02 -6.677394e+03 9.228047e+02 1.881390e+04
8.338654e-01 2.973301e+05 1.327500e+03 -8.023407e+03 -2.564504e+02 1.674174e+04
8.356607e-01 2.972807e+05 2.055287e+03 -9.065156e+03 -1.037198e+03 1.500071e+04
8.374562e-01 2.966273e+05 2.008951e+03 -9.860351e+03 -4.965003e+02 1.240877e+04
8.392510e-01 2.967007e+05 1.654847e+03 -9.217606e+03 4.148403e+02 1.242321e+04
8.410464e-01 2.965982e+05 1.749365e+03 -9.114669e+03 5.154984e+02 1.435466e+04
8.428427e-01 2.969546e+05 1.791811e+03 -8.242359e+03 3.797338e+02 1.735776e+04
8.446371e-01 2.969868e+05 1.778141e+03 -8.136311e+03 4.178601e+02 1.863814e+04
8.464320e-01 2.966553e+05 1.999861e+03 -8.297838e+03 -3.595502e+02 1.894682e+04
8.482278e-01 2.959718e+05 2.163841e+03 -8.469164e+03 -2.003162e+02 1.754500e+04
8.500227e-01 2.955984e+05 2.081594e+03 -7.478905e+03 -3.713004e+02 1.844638e+04
8.518177e-01 2.956443e+05 1.683262e+03 -5.551871e+03 -6.005451e+02 1.991956e+04
8.536137e-01 2.967757e+05 1.105289e+03 -4.475139e+03 -4.896846e+02 2.235804e+04
8.554088e-01 2.977314e+05 1.429978e+03 -3.741036e+03 -6.025099e+02 2.255931e+04
8.572024e-01 2.979941e+05 1.795641e+03 -4.439756e+03 1.687743e+01 2.077507e+04
8.589967e-01 2.974727e+05 1.846346e+03 -6.263540e+03 1.534842e+02 1.650989e+04
8.607918e-01 2.967707e+05 2.251934e+03 -7.672564e+03 -2.127666e+02 1.386033e+04
8.625869e-01 2.955630e+05 2.279808e+03 -8.446068e+03 -1.459318e+01 1.309714e+04
8.643824e-01 2.954475e+05 1.878885e+03 -7.641970e+03 -9.724800e+01 1.376929e+04
8.661785e-01 2.954973e+05 1.798070e+03 -6.905956e+03 -4.125965e+02 1.536093e+04
8.679743e-01 2.957119e+05 1.704995e+03 -6.810194e+03 -1.067141e+02 1.569480e+04
8.697706e-01 2.959760e+05 1.688514e+03 -7.435220e+03 -6.515887e+02 1.402188e+04
8.715653e-01 2.955694e+05 2.168944e+03 -7.995236e+03 -1.347181e+03 1.109338e+04
8.733592e-01 2.946079e+05 2.329154e+03 -8.341464e+03 -7.244651e+02 9.776857e+03
8.751548e-01 2.940838e+05 1.951714e+03 -9.272479e+03 1.205624e+03 9.691505e+03
8.769502e-01 2.942727e+05 1.508826e+03 -9.490981e+03 1.027367e+03 1.007775e+04
8.787466e-01 2.947714e+05 1.523109e+03 -9.102249e+03 -7.094204e+01 1.306254e+04
8.805415e-01 2.958039e+05 1.306920e+03 -8.139457e+03 1.036380e+02 1.669994e+04
8.823359e-01 2.968722e+05 1.326540e+03 -6.967206e+03 8.362510e+02 1.879231e+04
8.841313e-01 2.973800e+05 1.765331e+03 -7.167018e+03 -1.455979e+02 1.880131e+04
8.859273e-01 2.971371e+05 2.370142e+03 -6.987033e+03 -1.818474e+03 1.746399e+04
8.877230e-01 2.963052e+05 2.357245e+03 -7.015275e+03 -2.060683e+03 1.484462e+04
8.895175e-01 2.958254e+05 2.056378e+03 -6.841260e+03 -7.823847e+02 1.100498e+04
8.913122e-01 2.959380e+05 1.336529e+03 -8.321211e+03 1.071837e+03 1.026702e+04
8.931078e-01 2.970285e+05 9.146753e+02 -9.566547e+03 2.353323e+03 1.208399e+04
8.949034e-01 2.980257e+05 1.624571e+03 -9.422854e+03 4.186833e+02 1.318461e+04
8.966974e-01 2.977887e+05 2.315935e+03 -9.474655e+03 -5.769930e+02 1.420678e+04
8.984931e-01 2.968169e+05 2.212121e+03 -8.603467e+03 -5.713163e+02 1.273293e+04
9.002874e-01 2.965803e+05 2.367850e+03 -9.255867e+03 -1.080861e+03 1.060309e+04
9.020815e-01 2.959468e+05 2.642352e+03 -7.778412e+03 -1.423215e+03 1.132822e+04
9.038774e-01 2.955103e+05 1.945665e+03 -5.894552e+03 -4.841958e+02 1.502194e+04
9.056723e-01 2.966292e+05 1.361501e+03 -2.945301e+03 4.298793e+02 1.794681e+04
9.074684e-01 2.973236e+05 1.706736e+03 -1.401110e+03 1.282783e+02 2.030393e+04
9.092635e-01 2.974272e+05 2.177823e+03 -9.768246e+02 -6.769457e+02 2.018387e+04
9.110582e-01 2.963882e+05 2.268746e+03 -2.854089e+03 -1.680262e+02 1.574720e+04
9.128546e-01 2.956128e+05 2.065812e+03 -4.992127e+03 -1.786151e+02 1.227595e+04
9.146502e-01 2.951485e+05 1.757389e+03 -6.633964e+03 5.075512e+02 9.817913e+03
9.164437e-01 2.956865e+05 1.280612e+03 -6.835664e+03 1.040596e+02 1.003271e+04
9.182390e-01 2.966028e+05 1.907385e+03 -5.838361e+03 -7.824855e+02 1.092237e+04
