# k, q0, q1/i, q2, q3/i, q4, norm, alpha = 0.14460352411006988, 0.01987432793133251
0.000000e+00 6.163563e+09 0.000000e+00 0.000000e+00 0.000000e+00 2.981924e+09
2.542755e-03 2.761934e+09 1.395189e+09 9.458682e+08 8.211271e+08 -3.645717e+08
4.308321e-03 9.147464e+08 3.835556e+08 1.447147e+09 1.195174e+09 1.609405e+07
6.127972e-03 2.638951e+08 4.670708e+07 6.895898e+08 5.771804e+08 1.502118e+08
7.953317e-03 9.389546e+07 -1.408815e+07 2.175726e+08 1.512502e+08 1.906899e+08
9.814571e-03 3.466159e+07 -3.511086e+06 2.143979e+07 1.606770e+07 5.218582e+07
1.156539e-02 1.299977e+07 2.100211e+06 -1.238070e+07 -2.750656e+06 8.511199e+06
1.336205e-02 6.389038e+06 1.653115e+06 -5.391713e+06 2.682998e+06 7.773383e+06
1.519307e-02 5.167684e+06 9.547515e+05 2.655536e+06 3.758459e+06 1.554749e+07
1.700413e-02 3.871491e+06 4.486552e+05 4.388971e+06 1.823543e+06 1.535124e+07
1.878921e-02 2.160484e+06 -7.992002e+04 1.988171e+06 8.385007e+04 9.080174e+06
2.056181e-02 1.076048e+06 -1.166177e+05 -2.237647e+05 -5.749255e+04 3.506780e+06
2.237315e-02 7.825276e+05 -6.504269e+03 -1.087060e+06 1.811077e+05 1.776221e+06
2.420702e-02 7.526131e+05 1.032868e+05 -5.256493e+05 3.602108e+05 2.276655e+06
2.604330e-02 6.817671e+05 7.327370e+04 1.305517e+05 2.843690e+05 2.840559e+06
2.781707e-02 5.600874e+05 1.526549e+04 2.293091e+05 5.401794e+04 2.486255e+06
2.956466e-02 3.727514e+05 -1.219504e+04 -2.109037e+04 -7.725496e+04 1.560402e+06
3.136513e-02 2.370648e+05 -1.038510e+04 -3.034759e+05 -6.760907e+04 7.645454e+05
3.317513e-02 1.772724e+05 1.856242e+04 -2.895108e+05 5.644009e+03 5.003213e+05
3.497165e-02 1.699645e+05 2.998869e+04 -9.330973e+04 5.468993e+04 6.386384e+05
3.677184e-02 1.671398e+05 1.767905e+04 6.426941e+04 5.148708e+04 7.773763e+05
3.856197e-02 1.462818e+05 -3.152938e+03 6.501926e+04 1.155712e+04 7.012304e+05
4.034231e-02 1.054065e+05 -9.766209e+03 -3.716411e+04 -1.686104e+04 4.450062e+05
4.214741e-02 7.265263e+04 -3.521239e+03 -1.105896e+05 -1.239557e+04 2.395024e+05
4.395085e-02 6.530441e+04 5.487818e+03 -1.064364e+05 9.801370e+03 2.055932e+05
4.574462e-02 6.894223e+04 9.678767e+03 -3.689121e+04 2.502751e+04 2.811652e+05
4.755674e-02 7.175242e+04 4.696403e+03 1.634862e+04 1.794882e+04 3.413355e+05
4.935944e-02 6.156072e+04 -1.420527e+03 1.142178e+04 2.284867e+02 2.968269e+05
5.113615e-02 4.707070e+04 -4.107713e+03 -2.486606e+04 -9.359374e+03 2.013218e+05
5.293674e-02 3.528166e+04 -1.453092e+03 -5.645956e+04 -5.886388e+03 1.188722e+05
5.472727e-02 3.126860e+04 2.567362e+03 -5.311497e+04 2.714466e+03 1.018978e+05
5.651697e-02 3.137105e+04 3.631247e+03 -2.555698e+04 7.303275e+03 1.247566e+05
5.831477e-02 3.183041e+04 1.769071e+03 -5.026595e+03 4.567020e+03 1.444702e+05
6.011451e-02 2.828214e+04 -5.779762e+02 -6.443404e+03 -1.775167e+03 1.272000e+05
6.191171e-02 2.167559e+04 -1.227274e+03 -2.048833e+04 -4.873203e+03 8.559028e+04
6.370712e-02 1.719054e+04 -9.217205e+00 -2.905276e+04 -2.249347e+03 5.639089e+04
6.550732e-02 1.621903e+04 1.595613e+03 -2.334954e+04 1.947655e+03 5.561346e+04
6.729498e-02 1.701020e+04 1.823525e+03 -9.334993e+03 3.596701e+03 7.101477e+04
6.908598e-02 1.683194e+04 7.048425e+02 5.338481e+00 1.460065e+03 7.881161e+04
7.088188e-02 1.440549e+04 -7.001563e+02 -3.209626e+03 -1.244758e+03 6.539268e+04
7.268232e-02 1.159876e+04 -9.515768e+02 -1.267663e+04 -2.195422e+03 4.409261e+04
7.447792e-02 9.717143e+03 -3.023672e+01 -1.750359e+04 -7.949766e+02 3.025786e+04
7.627282e-02 9.411327e+03 9.692819e+02 -1.344637e+04 1.213987e+03 3.185052e+04
7.807562e-02 9.800919e+03 9.274712e+02 -5.419040e+03 1.839041e+03 4.100579e+04
7.988558e-02 9.667673e+03 7.769606e+01 -1.788570e+03 5.600637e+02 4.344228e+04
8.168049e-02 8.524779e+03 -4.754744e+02 -4.945297e+03 -1.191712e+03 3.547318e+04
8.345709e-02 6.823419e+03 -4.352113e+02 -9.803088e+03 -1.288190e+03 2.343663e+04
8.524436e-02 6.012390e+03 1.396279e+02 -1.118578e+04 6.616735e+01 1.795725e+04
8.704550e-02 6.348849e+03 6.800728e+02 -7.389800e+03 1.438572e+03 2.232779e+04
8.884478e-02 6.910195e+03 6.008555e+02 -1.894261e+03 1.472219e+03 2.967951e+04
9.064103e-02 7.017983e+03 4.674153e+01 2.528357e+02 3.086363e+02 3.203575e+04
9.243897e-02 6.100763e+03 -3.728770e+02 -1.945154e+03 -9.242835e+02 2.566890e+04
9.423607e-02 4.865066e+03 -2.929798e+02 -5.845792e+03 -1.129379e+03 1.649621e+04
9.603871e-02 4.145076e+03 1.244507e+02 -7.058916e+03 -1.957253e+02 1.204098e+04
9.782410e-02 4.223992e+03 4.095791e+02 -4.786144e+03 7.942817e+02 1.422482e+04
9.961474e-02 4.679943e+03 3.384486e+02 -1.441837e+03 9.297720e+02 1.897283e+04
1.014127e-01 4.702740e+03 1.864633e+01 -9.150676e+01 1.308984e+02 2.011378e+04
1.031985e-01 4.144398e+03 -2.301864e+02 -1.636394e+03 -5.891668e+02 1.637561e+04
1.049957e-01 3.395570e+03 -2.249082e+02 -4.097920e+03 -5.958127e+02 1.076953e+04
1.067952e-01 3.051053e+03 6.152149e+01 -4.920065e+03 -4.944862e+01 8.229302e+03
1.085930e-01 3.093145e+03 3.020295e+02 -3.320354e+03 4.568719e+02 9.781967e+03
1.103885e-01 3.345903e+03 2.242230e+02 -1.109144e+03 5.308357e+02 1.286991e+04
1.121821e-01 3.354025e+03 -3.416212e+01 -4.653487e+02 1.068619e+02 1.341833e+04
1.139837e-01 3.056466e+03 -2.113933e+02 -1.686573e+03 -2.873148e+02 1.087366e+04
1.157773e-01 2.652771e+03 -1.299309e+02 -3.349491e+03 -3.358614e+02 7.537978e+03
1.175730e-01 2.428602e+03 9.103292e+01 -3.566308e+03 5.608361e+01 6.299969e+03
1.193666e-01 2.574107e+03 2.319348e+02 -2.222584e+03 4.220058e+02 8.058667e+03
1.211543e-01 2.766317e+03 1.772185e+02 -4.739341e+02 3.822990e+02 1.037782e+04
1.229561e-01 2.753069e+03 5.129907e+00 1.241280e+02 -2.361229e+01 1.080586e+04
1.247542e-01 2.451115e+03 -1.480034e+02 -7.616237e+02 -3.437482e+02 8.681437e+03
1.265466e-01 2.101042e+03 -1.484296e+02 -2.213440e+03 -2.991479e+02 5.739045e+03
1.283363e-01 1.923455e+03 8.251659e+00 -2.771663e+03 -7.079327e+01 4.202559e+03
1.301269e-01 1.937331e+03 1.396292e+02 -2.164711e+03 1.839454e+02 4.841007e+03
1.319334e-01 2.023581e+03 1.149599e+02 -1.086140e+03 2.392589e+02 6.248381e+03
1.337370e-01 2.039659e+03 5.217817e+00 -6.807075e+02 4.648709e+01 6.704345e+03
1.355323e-01 1.899260e+03 -6.650928e+01 -1.075017e+03 -1.251553e+02 5.686669e+03
1.373301e-01 1.727935e+03 -4.663704e+01 -1.664927e+03 -1.180054e+02 4.353386e+03
1.391197e-01 1.663330e+03 2.435450e+01 -1.789213e+03 5.802813e+01 3.887808e+03
1.409058e-01 1.720874e+03 7.270435e+01 -1.308040e+03 1.554507e+02 4.472035e+03
1.427003e-01 1.754379e+03 6.054072e+01 -7.488003e+02 6.990639e+01 5.155041e+03
1.444928e-01 1.687130e+03 -3.028725e+01 -7.047720e+02 -7.773126e+01 4.933996e+03
1.462886e-01 1.551993e+03 -7.165108e+01 -1.187207e+03 -1.561571e+02 3.808713e+03
1.480924e-01 1.432915e+03 -2.419501e+01 -1.656840e+03 -8.504306e+01 2.780781e+03
1.498892e-01 1.415788e+03 4.509954e+01 -1.550106e+03 8.285776e+01 2.738423e+03
1.516798e-01 1.508919e+03 8.630106e+01 -9.545939e+02 1.752654e+02 3.580299e+03
1.534759e-01 1.563706e+03 6.324976e+01 -3.485967e+02 9.212223e+01 4.397556e+03
1.552766e-01 1.510085e+03 -1.090268e+01 -2.387586e+02 -4.793728e+01 4.313447e+03
1.570706e-01 1.377134e+03 -5.000639e+01 -6.301458e+02 -1.435859e+02 3.375830e+03
1.588578e-01 1.255765e+03 -2.405137e+01 -1.049601e+03 -9.593389e+01 2.457535e+03
1.606585e-01 1.204416e+03 2.408154e+01 -1.073785e+03 2.301493e+01 2.201699e+03
1.624649e-01 1.252975e+03 4.253337e+01 -7.537400e+02 8.794763e+01 2.613856e+03
1.642557e-01 1.280840e+03 3.506144e+01 -4.213675e+02 1.693411e+01 3.002112e+03
1.660459e-01 1.228441e+03 -1.307005e+01 -4.107283e+02 -7.575049e+01 2.803336e+03
1.678421e-01 1.125856e+03 -3.769304e+01 -7.008326e+02 -9.941698e+01 2.095845e+03
1.696353e-01 1.055863e+03 -1.423451e+01 -9.604537e+02 -3.668394e+01 1.545822e+03
1.714286e-01 1.052803e+03 3.253454e+01 -8.776569e+02 4.870786e+01 1.580201e+03
1.732198e-01 1.103606e+03 5.211058e+01 -5.182467e+02 9.698268e+01 2.105258e+03
1.750152e-01 1.152927e+03 2.493112e+01 -1.991591e+02 5.875957e+01 2.547788e+03
1.768177e-01 1.140594e+03 -1.523468e+01 -1.758318e+02 -1.662588e+01 2.513640e+03
1.786121e-01 1.075875e+03 -2.952510e+01 -4.281368e+02 -6.384478e+01 2.002125e+03
1.804030e-01 1.015624e+03 -1.775117e+01 -6.584940e+02 -3.445784e+01 1.521338e+03
1.822028e-01 1.007675e+03 7.417246e+00 -6.868777e+02 3.000030e+01 1.437802e+03
1.839998e-01 1.032826e+03 1.477994e+01 -5.391993e+02 5.866088e+01 1.642978e+03
1.857937e-01 1.051207e+03 6.801683e+00 -4.229901e+02 2.382930e+00 1.805997e+03
1.875926e-01 1.014061e+03 -3.185925e+00 -4.589817e+02 -7.150621e+01 1.600900e+03
1.893867e-01 9.500164e+02 -8.852510e+00 -5.830681e+02 -5.700505e+01 1.236595e+03
1.911794e-01 9.284133e+02 -9.150956e-01 -6.416809e+02 1.448957e+01 1.045510e+03
1.929763e-01 9.561692e+02 2.722375e+01 -5.078103e+02 6.426940e+01 1.252397e+03
1.947689e-01 9.851672e+02 3.692396e+01 -2.529214e+02 4.558128e+01 1.627619e+03
1.965614e-01 9.815948e+02 6.758376e+00 -9.792843e+01 2.102064e+00 1.781238e+03
1.983545e-01 9.571863e+02 -2.230624e+01 -1.954501e+02 -3.814189e+01 1.574839e+03
2.001492e-01 9.107305e+02 -2.104930e+01 -4.016294e+02 -4.864618e+01 1.154742e+03
2.019476e-01 8.784181e+02 -5.008958e+00 -5.281826e+02 -9.250436e-01 9.097998e+02
2.037448e-01 9.001848e+02 1.570405e+01 -4.607000e+02 4.508553e+01 1.021116e+03
2.055436e-01 9.327133e+02 2.745799e+01 -2.689358e+02 4.170910e+01 1.313984e+03
2.073409e-01 9.328644e+02 1.001756e+01 -1.369441e+02 -7.119158e+00 1.452188e+03
2.091331e-01 8.957173e+02 -1.147098e+01 -1.817583e+02 -4.488516e+01 1.261861e+03
2.109295e-01 8.515586e+02 -1.498691e+01 -3.364648e+02 -3.898674e+01 9.354489e+02
2.127243e-01 8.286058e+02 4.202810e-02 -4.167153e+02 1.108292e+00 7.451959e+02
2.145132e-01 8.362154e+02 1.921403e+01 -3.362329e+02 3.913384e+01 8.733383e+02
2.163084e-01 8.640588e+02 1.942497e+01 -1.705816e+02 4.856586e+01 1.146917e+03
2.181043e-01 8.753985e+02 2.565682e+00 -7.481212e+01 6.535685e+00 1.275678e+03
2.198991e-01 8.597715e+02 -1.100315e+01 -1.303938e+02 -4.491783e+01 1.126514e+03
2.216975e-01 8.178424e+02 -1.309813e+01 -2.701172e+02 -4.680698e+01 8.097834e+02
2.234966e-01 7.907477e+02 -3.743104e+00 -3.604127e+02 2.912890e+00 6.201929e+02
2.252970e-01 7.944688e+02 1.205049e+01 -3.205117e+02 3.058397e+01 6.834127e+02
2.270852e-01 8.152615e+02 1.692384e+01 -1.905977e+02 3.207227e+01 9.004207e+02
2.288723e-01 8.323067e+02 3.596935e+00 -1.042604e+02 1.661005e+01 1.027082e+03
2.306695e-01 8.267308e+02 -1.211511e+01 -1.412577e+02 -1.695345e+01 9.503830e+02
2.324665e-01 8.081000e+02 -1.484813e+01 -2.560768e+02 -3.008328e+01 7.304723e+02
2.342627e-01 7.918990e+02 -2.597354e+00 -3.383035e+02 -2.243739e+01 5.549014e+02
2.360563e-01 7.834919e+02 8.001389e+00 -3.173987e+02 2.187288e+00 5.265978e+02
2.378553e-01 7.953664e+02 4.465457e+00 -2.639849e+02 2.408405e+01 6.226556e+02
2.396569e-01 8.003530e+02 1.428568e+00 -2.343011e+02 7.496849e+00 6.724099e+02
2.414498e-01 7.787479e+02 3.907853e+00 -2.492175e+02 -2.264252e+01 6.211608e+02
2.432397e-01 7.494227e+02 -1.011336e+00 -2.757734e+02 -1.842438e+01 5.125313e+02
2.450345e-01 7.463464e+02 -4.028755e-01 -2.860704e+02 1.371194e+01 4.820757e+02
2.468308e-01 7.620374e+02 3.581755e+00 -2.586801e+02 2.574214e+01 5.603676e+02
2.486244e-01 7.761160e+02 5.122131e+00 -2.096519e+02 3.154920e+00 6.378094e+02
2.504185e-01 7.650648e+02 1.961012e+00 -1.889268e+02 -2.103368e+01 6.202476e+02
2.522154e-01 7.500272e+02 -5.187914e+00 -2.261974e+02 -2.115880e+01 4.976070e+02
2.540114e-01 7.361865e+02 1.578949e+00 -2.590445e+02 -1.639737e+01 3.977194e+02
2.558058e-01 7.414966e+02 7.189573e+00 -2.250304e+02 1.370886e+01 4.194814e+02
2.576012e-01 7.598329e+02 1.358339e+01 -1.322511e+02 3.127853e+01 5.662285e+02
2.593962e-01 7.721913e+02 4.559413e+00 -5.275319e+01 2.909517e+01 7.206550e+02
2.611937e-01 7.775132e+02 -6.264686e+00 -6.278235e+01 -1.114634e-01 7.260035e+02
2.629942e-01 7.602702e+02 -8.484895e+00 -1.432465e+02 -3.473338e+01 5.731577e+02
2.647885e-01 7.350632e+02 -4.048720e+00 -2.231942e+02 -2.662821e+01 3.884128e+02
2.665811e-01 7.230508e+02 4.474099e+00 -2.363474e+02 2.237928e+00 3.260971e+02
2.683801e-01 7.306172e+02 1.082742e+01 -1.736125e+02 1.823891e+01 4.088092e+02
2.701729e-01 7.452940e+02 7.282352e+00 -9.880656e+01 1.261556e+01 5.234460e+02
2.719632e-01 7.477465e+02 -1.512309e-01 -7.243793e+01 1.990911e+00 5.620562e+02
2.737587e-01 7.388555e+02 -7.554675e+00 -1.196265e+02 -7.595173e+00 4.820657e+02
2.755578e-01 7.201746e+02 1.347161e+00 -1.678054e+02 -1.805714e+01 3.705656e+02
2.773550e-01 7.085168e+02 6.242252e+00 -1.623557e+02 4.728150e+00 3.556204e+02
2.791459e-01 7.205659e+02 6.203916e+00 -1.076969e+02 2.694021e+01 4.511135e+02
2.809385e-01 7.385253e+02 2.237685e+00 -5.549746e+01 2.212066e+01 5.667673e+02
2.827312e-01 7.458201e+02 -1.781837e-01 -4.501175e+01 -8.728230e+00 5.875569e+02
2.845296e-01 7.263258e+02 -3.816581e+00 -8.423737e+01 -2.468957e+01 4.834442e+02
2.863269e-01 7.006973e+02 -4.286879e+00 -1.444756e+02 -2.138253e+01 3.373412e+02
2.881173e-01 6.858658e+02 1.082920e+00 -1.749383e+02 -5.017541e+00 2.627803e+02
2.899148e-01 6.890233e+02 5.122901e+00 -1.552052e+02 1.467838e+01 2.951385e+02
2.917136e-01 7.008324e+02 4.323613e+00 -1.105187e+02 1.096408e+01 3.647082e+02
2.935083e-01 7.091562e+02 1.797609e+00 -8.802901e+01 -5.615367e+00 3.863755e+02
2.953064e-01 7.056218e+02 -1.325050e+00 -1.010199e+02 -1.224012e+01 3.452656e+02
2.971025e-01 6.966298e+02 4.527559e-01 -1.188211e+02 -3.005538e+00 2.827616e+02
2.988941e-01 6.932781e+02 4.588658e+00 -1.140992e+02 1.392687e+01 2.909049e+02
3.006873e-01 7.019390e+02 6.002822e+00 -7.488184e+01 1.822951e+01 3.750985e+02
3.024817e-01 7.145009e+02 4.988811e+00 -2.199610e+01 1.523458e+01 4.705984e+02
3.042771e-01 7.198583e+02 -7.557501e-01 -5.073698e+00 -2.941192e+00 4.898712e+02
3.060756e-01 7.148682e+02 -5.276382e+00 -3.664120e+01 -1.335403e+01 4.208905e+02
3.078722e-01 7.003258e+02 -2.157087e+00 -9.128561e+01 -2.309502e+01 3.016684e+02
3.096648e-01 6.827460e+02 5.720178e-01 -1.158967e+02 -1.345889e+01 2.181332e+02
3.114599e-01 6.810716e+02 9.408560e-02 -1.196560e+02 5.176813e+00 2.053117e+02
3.132555e-01 6.891662e+02 -5.430361e-01 -1.097200e+02 1.202770e+01 2.358076e+02
3.150527e-01 6.930963e+02 -1.885852e-01 -1.072877e+02 3.078402e+00 2.557594e+02
3.168493e-01 6.911497e+02 -2.741102e+00 -1.247308e+02 -4.022242e+00 2.386874e+02
3.186391e-01 6.908967e+02 -7.542647e-01 -1.446921e+02 -7.411062e+00 1.926289e+02
3.204305e-01 6.808159e+02 8.993806e+00 -1.297230e+02 -1.045364e+01 1.846980e+02
3.222280e-01 6.769825e+02 4.475736e+00 -9.651057e+01 8.244283e+00 2.129179e+02
3.240267e-01 6.836486e+02 1.539433e+00 -7.061586e+01 1.345502e+01 2.662725e+02
3.258197e-01 6.908737e+02 -7.000658e-02 -6.513530e+01 6.838728e+00 2.972472e+02
3.276150e-01 6.871135e+02 4.077090e-01 -7.901083e+01 -8.443385e+00 2.741353e+02
3.294148e-01 6.743762e+02 2.787667e-01 -9.326786e+01 -1.344641e+01 2.196842e+02
3.312085e-01 6.737667e+02 -2.493217e+00 -1.070157e+02 -3.744088e+00 1.728124e+02
3.330031e-01 6.757840e+02 2.911248e+00 -1.064365e+02 -3.073775e+00 1.603949e+02
3.347987e-01 6.744200e+02 2.774495e+00 -9.086873e+01 -1.259031e+00 1.674796e+02
3.365969e-01 6.744189e+02 3.204124e-02 -8.427197e+01 9.541904e-01 1.707743e+02
3.383923e-01 6.749902e+02 -2.064517e+00 -9.744530e+01 2.757047e+00 1.634892e+02
3.401828e-01 6.697625e+02 2.533026e+00 -1.060849e+02 -1.991564e+00 1.509976e+02
3.419763e-01 6.646104e+02 1.761406e+00 -1.045275e+02 5.347811e+00 1.599913e+02
3.437730e-01 6.704463e+02 1.105453e+00 -9.596810e+01 5.810612e+00 1.802343e+02
3.455681e-01 6.727207e+02 5.647929e+00 -7.295739e+01 -3.724155e+00 2.013821e+02
3.473617e-01 6.720288e+02 2.101078e+00 -5.374985e+01 1.313552e+00 2.143987e+02
3.491590e-01 6.733501e+02 -1.394634e+00 -5.761354e+01 4.737796e+00 2.101460e+02
3.509566e-01 6.708887e+02 1.829612e+00 -6.585976e+01 -6.065302e+00 1.951104e+02
3.527534e-01 6.663882e+02 1.631738e+00 -6.772722e+01 -7.151202e+00 1.762216e+02
3.545449e-01 6.665890e+02 1.404477e-01 -6.777419e+01 -2.994007e+00 1.540814e+02
3.563372e-01 6.686093e+02 1.099681e+00 -6.591902e+01 -7.582550e+00 1.379585e+02
3.581341e-01 6.660125e+02 8.934125e-01 -6.719571e+01 2.583403e-01 1.316514e+02
3.599303e-01 6.659905e+02 -6.679223e-01 -7.343125e+01 9.024646e+00 1.335437e+02
3.617254e-01 6.642884e+02 4.320143e-01 -7.657907e+01 7.900119e+00 1.439722e+02
3.635200e-01 6.661286e+02 1.534390e+00 -7.381400e+01 1.877989e+00 1.633486e+02
3.653165e-01 6.676749e+02 1.008445e+00 -6.937401e+01 1.655031e-01 1.724931e+02
3.671116e-01 6.740524e+02 -1.377568e+00 -6.806958e+01 -3.697298e+00 1.652540e+02
3.689088e-01 6.750060e+02 3.782871e+00 -6.771369e+01 -1.432241e+01 1.380198e+02
3.707076e-01 6.651848e+02 3.635450e+00 -5.735061e+01 -1.232258e+01 1.079796e+02
3.725001e-01 6.592450e+02 1.211991e+00 -5.229491e+01 3.278240e+00 9.689799e+01
3.742913e-01 6.558737e+02 2.619044e-01 -6.023333e+01 9.923785e+00 1.096686e+02
3.760877e-01 6.533892e+02 6.241384e-01 -6.606268e+01 9.376634e+00 1.274023e+02
3.778836e-01 6.502090e+02 1.308055e+00 -6.943931e+01 -6.946117e-01 1.327055e+02
3.796766e-01 6.488668e+02 1.484953e+00 -6.700468e+01 -5.170532e+00 1.214748e+02
3.814707e-01 6.490544e+02 3.366458e+00 -5.732825e+01 -5.243517e+00 1.191804e+02
3.832699e-01 6.510316e+02 4.891247e+00 -3.554992e+01 -3.613586e+00 1.211677e+02
3.850666e-01 6.516603e+02 1.541433e+00 -1.679070e+01 5.147613e+00 1.458653e+02
3.868579e-01 6.571664e+02 2.828783e-01 -1.446714e+01 3.173510e+00 1.589023e+02
3.886538e-01 6.572768e+02 -2.813153e+00 -2.772123e+01 1.890932e+00 1.530598e+02
3.904491e-01 6.558318e+02 -8.320011e-01 -4.904443e+01 -5.935545e+00 1.190154e+02
3.922449e-01 6.511290e+02 4.958169e-01 -5.887982e+01 -6.479393e+00 9.468398e+01
3.940400e-01 6.523370e+02 -1.097757e+00 -6.832871e+01 6.985262e+00 8.838564e+01
3.958317e-01 6.571842e+02 2.290817e+00 -6.565903e+01 2.328962e+00 9.579852e+01
3.976289e-01 6.574061e+02 2.852014e+00 -5.387729e+01 -2.767516e+00 1.097561e+02
3.994255e-01 6.579517e+02 -8.908416e-01 -4.900207e+01 3.872454e+00 1.164486e+02
4.012204e-01 6.633251e+02 1.268232e+00 -5.419930e+01 -2.027319e+00 1.028093e+02
4.030168e-01 6.584154e+02 5.677531e+00 -4.520815e+01 -8.542480e+00 1.044627e+02
4.048122e-01 6.539541e+02 2.946013e+00 -2.852525e+01 3.067098e+00 1.121559e+02
4.066062e-01 6.562646e+02 2.087230e-01 -1.931017e+01 4.499651e+00 1.236044e+02
4.084001e-01 6.582708e+02 -7.835345e-01 -2.334138e+01 9.551951e-02 1.311459e+02
4.101968e-01 6.586655e+02 -1.616099e-01 -3.546641e+01 8.797513e-01 1.147784e+02
4.119946e-01 6.496464e+02 1.153644e+00 -4.762411e+01 -4.919600e+00 9.416492e+01
4.137897e-01 6.460025e+02 8.385203e-01 -5.501226e+01 -2.607541e-01 8.136343e+01
4.155829e-01 6.447053e+02 2.134469e+00 -5.135776e+01 1.125079e+00 8.417078e+01
4.173778e-01 6.485697e+02 6.753702e-02 -4.553774e+01 5.345075e+00 9.870280e+01
4.191752e-01 6.509379e+02 2.453146e+00 -4.093370e+01 -2.144198e+00 1.057684e+02
4.209702e-01 6.472404e+02 6.528814e-01 -4.212011e+01 -1.362982e+00 1.014612e+02
4.227638e-01 6.463149e+02 -8.975512e-01 -5.020801e+01 9.009169e-01 8.564980e+01
4.245604e-01 6.470977e+02 -2.305339e-02 -5.994564e+01 -5.783442e-01 7.587042e+01
4.263543e-01 6.494619e+02 2.518795e+00 -5.821516e+01 1.102750e+00 8.220641e+01
4.281451e-01 6.478314e+02 3.521065e+00 -4.366484e+01 -1.320826e+00 9.426728e+01
4.299400e-01 6.488308e+02 1.476151e+00 -3.300740e+01 -2.740576e-02 1.002501e+02
4.317365e-01 6.493019e+02 1.377831e+00 -3.146906e+01 -3.925001e+00 9.570176e+01
4.335323e-01 6.458115e+02 8.554975e-01 -3.720330e+01 -3.151140e+00 8.649558e+01
4.353294e-01 6.447059e+02 -4.031271e-01 -4.274943e+01 2.895889e+00 7.518236e+01
4.371263e-01 6.464638e+02 5.838149e-02 -4.964380e+01 3.715927e+00 7.705625e+01
4.389235e-01 6.467471e+02 2.116785e+00 -4.778484e+01 -1.151258e+00 7.905502e+01
4.407180e-01 6.469113e+02 1.187879e+00 -4.436757e+01 -1.549283e+00 8.178027e+01
4.425103e-01 6.493754e+02 1.620208e-01 -4.723492e+01 9.308933e-01 7.450066e+01
4.443072e-01 6.468132e+02 2.170224e+00 -5.107324e+01 -3.084182e+00 6.984428e+01
4.461036e-01 6.452138e+02 1.626679e+00 -4.644968e+01 2.708246e+00 7.080793e+01
4.478956e-01 6.443883e+02 2.151543e+00 -4.333850e+01 9.092709e-01 8.096383e+01
4.496902e-01 6.471620e+02 7.134854e-01 -3.559810e+01 3.015739e+00 9.248120e+01
4.514874e-01 6.501790e+02 9.630958e-01 -3.630503e+01 -2.959378e+00 9.003912e+01
4.532823e-01 6.476863e+02 1.419740e+00 -3.744347e+01 -5.589177e+00 7.676905e+01
4.550750e-01 6.454980e+02 2.481828e-01 -4.523676e+01 -2.915894e+00 5.488901e+01
4.568708e-01 6.401400e+02 2.829031e+00 -4.693029e+01 -3.140423e+00 4.675648e+01
4.586693e-01 6.365647e+02 1.392243e+00 -4.396107e+01 3.135810e+00 5.311473e+01
4.604629e-01 6.387259e+02 -9.785321e-01 -4.603868e+01 7.939267e+00 6.432363e+01
4.622570e-01 6.428013e+02 1.420500e+00 -4.682572e+01 1.198356e+00 7.373725e+01
4.640543e-01 6.419076e+02 2.778622e+00 -4.459972e+01 -5.512863e+00 7.305315e+01
4.658487e-01 6.400060e+02 1.291651e+00 -3.977805e+01 3.940749e-02 6.814797e+01
4.676433e-01 6.431138e+02 1.216939e+00 -3.720839e+01 2.227131e+00 7.397919e+01
4.694380e-01 6.438264e+02 2.986014e+00 -2.950578e+01 1.276204e+00 8.942413e+01
4.712319e-01 6.417723e+02 3.563943e+00 -1.707102e+01 3.672428e-02 1.001258e+02
4.730274e-01 6.391512e+02 5.895652e-01 -1.331355e+01 -1.527008e+00 9.891237e+01
4.748233e-01 6.411004e+02 -1.710587e+00 -2.307049e+01 -6.356331e-01 8.584010e+01
4.766206e-01 6.433453e+02 -8.230675e-01 -3.655254e+01 1.560650e+00 7.054178e+01
4.784155e-01 6.446019e+02 1.054193e+00 -4.289237e+01 1.010186e+00 6.888849e+01
4.802074e-01 6.455793e+02 2.452705e+00 -3.768062e+01 4.813289e-01 7.516071e+01
4.820041e-01 6.466822e+02 2.750590e+00 -2.818195e+01 6.886629e-01 8.804743e+01
4.838035e-01 6.462715e+02 2.043730e+00 -2.011141e+01 -1.037362e+00 9.420410e+01
4.855966e-01 6.434712e+02 1.043508e+00 -2.090096e+01 -2.328562e+00 8.643970e+01
4.873905e-01 6.428528e+02 -1.576901e-01 -2.948618e+01 -1.304952e+00 7.496165e+01
4.891890e-01 6.418365e+02 1.785976e+00 -3.432565e+01 -2.921012e+00 6.369424e+01
4.909845e-01 6.399305e+02 1.716533e+00 -3.377931e+01 1.351377e+00 6.200664e+01
4.927778e-01 6.396465e+02 1.143326e-01 -3.338065e+01 7.343305e+00 7.143195e+01
4.945710e-01 6.415554e+02 5.764194e-01 -3.888187e+01 3.746272e+00 8.168975e+01
4.963686e-01 6.394260e+02 2.098763e+00 -3.945337e+01 -2.644313e+00 8.293717e+01
4.981631e-01 6.389938e+02 1.769680e-01 -4.087244e+01 1.611139e+00 8.018677e+01
4.999565e-01 6.417852e+02 4.973505e-01 -4.521268e+01 -7.073376e-02 7.752157e+01
5.017530e-01 6.437023e+02 1.039129e+00 -4.761901e+01 1.714924e+00 8.065350e+01
5.035473e-01 6.467722e+02 -1.714523e-01 -4.709172e+01 1.605012e+00 8.135075e+01
5.053425e-01 6.508788e+02 1.587876e-01 -5.207809e+01 -8.588477e-01 7.904744e+01
5.071378e-01 6.484152e+02 2.770621e+00 -5.177932e+01 -4.314363e+00 7.231040e+01
5.089338e-01 6.451436e+02 1.295391e+00 -5.119413e+01 2.581596e+00 7.094421e+01
5.107304e-01 6.442805e+02 8.539125e-02 -5.426427e+01 5.382067e+00 7.526241e+01
5.125264e-01 6.478230e+02 3.373226e-01 -5.781314e+01 4.058366e+00 8.411537e+01
5.143202e-01 6.498245e+02 2.607439e+00 -5.633067e+01 -5.061112e+00 8.912522e+01
5.161135e-01 6.457544e+02 3.992758e+00 -4.830886e+01 -5.746273e+00 8.101225e+01
5.179077e-01 6.422961e+02 1.042272e-01 -4.654937e+01 -1.670666e-01 7.002383e+01
5.197029e-01 6.423404e+02 6.395538e-01 -5.178873e+01 -2.774681e-01 6.410839e+01
5.214989e-01 6.432501e+02 1.221216e+00 -5.551448e+01 4.024189e-01 6.104113e+01
5.232939e-01 6.442935e+02 1.362295e+00 -5.515959e+01 2.768820e+00 6.990285e+01
5.250894e-01 6.442612e+02 3.243668e-01 -5.540926e+01 4.500346e+00 7.661543e+01
5.268875e-01 6.463354e+02 5.134879e-01 -6.025651e+01 1.913384e+00 8.091980e+01
5.286829e-01 6.456892e+02 1.353017e+00 -6.436955e+01 -2.923965e+00 7.615564e+01
5.304764e-01 6.457935e+02 1.184012e+00 -6.436438e+01 -8.473838e-01 7.105011e+01
5.322718e-01 6.471786e+02 1.459933e+00 -6.347161e+01 8.974822e-01 7.381413e+01
5.340665e-01 6.487719e+02 2.198050e+00 -5.747339e+01 -5.025424e-01 7.906684e+01
5.358628e-01 6.506807e+02 9.305493e-01 -5.310803e+01 3.963061e+00 8.945126e+01
5.376582e-01 6.526711e+02 9.162452e-01 -5.511672e+01 2.392527e+00 9.496354e+01
5.394517e-01 6.504603e+02 1.890255e+00 -5.552171e+01 -1.668448e+00 9.170272e+01
5.412446e-01 6.472259e+02 2.819507e+00 -5.542081e+01 -6.263333e+00 8.127721e+01
5.430425e-01 6.433663e+02 1.476828e+00 -5.347703e+01 -7.100375e-01 7.556194e+01
5.448396e-01 6.450638e+02 -1.557751e-01 -5.652322e+01 4.379901e+00 7.304939e+01
5.466312e-01 6.464867e+02 6.093862e-01 -6.090857e+01 2.163488e+00 7.705794e+01
5.484273e-01 6.474985e+02 1.013135e+00 -6.562820e+01 -1.583227e+00 7.875951e+01
5.502231e-01 6.481713e+02 2.250086e+00 -6.420116e+01 -4.627731e+00 7.044070e+01
5.520189e-01 6.478133e+02 2.660991e+00 -5.625280e+01 -3.346925e+00 6.741116e+01
5.538138e-01 6.481392e+02 1.157339e+00 -5.114459e+01 3.457441e+00 7.310065e+01
5.556067e-01 6.510082e+02 1.005940e+00 -5.216222e+01 3.514094e+00 8.262488e+01
5.574029e-01 6.505024e+02 2.367646e+00 -4.971185e+01 -6.644436e-01 8.760812e+01
5.591994e-01 6.484319e+02 7.293895e-01 -5.058004e+01 6.142489e-01 8.656110e+01
5.609943e-01 6.501101e+02 -6.554915e-01 -5.953336e+01 4.225611e+00 8.375042e+01
5.627890e-01 6.510428e+02 2.382652e+00 -6.278939e+01 -1.181769e+00 8.582324e+01
5.645865e-01 6.489022e+02 2.801818e+00 -5.659499e+01 -1.658198e+00 8.715029e+01
5.663833e-01 6.471514e+02 2.992189e+00 -5.025561e+01 -2.968071e+00 8.639653e+01
5.681768e-01 6.443182e+02 2.667419e+00 -4.315057e+01 -4.125570e+00 8.266570e+01
5.699714e-01 6.438953e+02 -1.171281e+00 -4.577753e+01 1.861921e+00 7.643950e+01
5.717666e-01 6.467701e+02 1.392219e+00 -5.344056e+01 -4.535625e-01 6.968188e+01
5.735604e-01 6.449405e+02 2.605555e+00 -5.148269e+01 9.186010e-02 7.213261e+01
5.753547e-01 6.449432e+02 2.052236e+00 -4.617103e+01 3.427245e+00 7.930294e+01
5.771493e-01 6.457771e+02 5.055986e-01 -4.473065e+01 4.172957e+00 9.276524e+01
5.789465e-01 6.498514e+02 4.111612e-01 -4.946464e+01 2.061423e+00 9.750552e+01
5.807435e-01 6.487892e+02 2.426719e+00 -5.130644e+01 -6.046280e+00 9.131405e+01
5.825362e-01 6.423640e+02 3.037816e+00 -5.106193e+01 -5.955045e+00 7.586118e+01
5.843306e-01 6.399523e+02 5.125888e-02 -5.328226e+01 1.399660e+00 6.487537e+01
5.861281e-01 6.413500e+02 1.301702e+00 -5.701956e+01 1.380529e+00 6.409439e+01
5.879240e-01 6.418590e+02 2.167812e+00 -5.593292e+01 7.305840e-02 7.061755e+01
5.897195e-01 6.442313e+02 8.899390e-01 -5.354403e+01 1.901157e-01 7.176060e+01
5.915160e-01 6.453893e+02 1.677399e+00 -5.274953e+01 -1.128619e+00 6.835265e+01
5.933128e-01 6.454239e+02 7.742593e-01 -5.389274e+01 2.308374e+00 7.022848e+01
5.951052e-01 6.441326e+02 2.224310e+00 -5.537127e+01 1.185421e+00 7.184956e+01
5.968969e-01 6.415129e+02 1.989886e+00 -5.404029e+01 1.983208e+00 7.917587e+01
5.986941e-01 6.422225e+02 1.149394e+00 -5.297845e+01 2.161183e+00 8.638015e+01
6.004886e-01 6.431624e+02 1.751362e+00 -5.234484e+01 -1.464982e-01 8.838115e+01
6.022826e-01 6.421938e+02 2.144129e+00 -5.006369e+01 -4.343711e+00 8.478281e+01
6.040778e-01 6.441807e+02 1.499858e+00 -4.500881e+01 -4.432697e+00 7.434641e+01
6.058727e-01 6.449148e+02 1.487465e+00 -4.709564e+01 1.823796e+00 7.333153e+01
6.076682e-01 6.447645e+02 2.326124e+00 -4.531234e+01 3.870927e-01 7.471687e+01
6.094636e-01 6.417795e+02 2.637550e+00 -4.320099e+01 -1.299440e+00 7.958048e+01
6.112608e-01 6.405675e+02 8.556509e-01 -4.234071e+01 4.960781e-01 7.421049e+01
6.130571e-01 6.405732e+02 1.574176e+00 -4.382647e+01 -3.011890e+00 6.798531e+01
6.148510e-01 6.382239e+02 3.116519e+00 -4.206424e+01 -5.790738e+00 5.948905e+01
6.166467e-01 6.379916e+02 1.422989e+00 -3.741861e+01 -1.849754e+00 5.281671e+01
6.184426e-01 6.410663e+02 7.091185e-01 -3.777508e+01 2.979647e+00 5.533244e+01
6.202383e-01 6.426790e+02 1.327375e+00 -3.978294e+01 3.308903e+00 5.867033e+01
6.220331e-01 6.417410e+02 1.644274e+00 -4.251688e+01 7.051305e-01 6.384671e+01
6.238256e-01 6.389592e+02 1.854581e+00 -4.421325e+01 -1.448432e+00 5.937681e+01
6.256207e-01 6.381893e+02 1.708282e+00 -4.557489e+01 -1.818269e+00 5.508139e+01
6.274180e-01 6.392096e+02 2.084441e+00 -4.369602e+01 -1.838184e+00 5.050593e+01
6.292132e-01 6.402637e+02 2.348074e+00 -3.766100e+01 -8.873819e-01 5.366364e+01
6.310070e-01 6.417484e+02 1.669501e+00 -3.274300e+01 -3.274738e-01 5.772161e+01
6.328016e-01 6.428424e+02 9.370021e-01 -3.369189e+01 1.527548e+00 5.678679e+01
6.345988e-01 6.434280e+02 1.698042e-01 -3.996840e+01 1.824773e+00 5.599451e+01
6.363935e-01 6.433755e+02 2.114801e+00 -4.444882e+01 -5.382828e-01 5.210368e+01
6.381885e-01 6.408260e+02 3.267201e+00 -3.924708e+01 -2.013965e+00 5.455527e+01
6.399844e-01 6.408492e+02 3.052919e+00 -3.074984e+01 -1.035468e-01 6.167403e+01
6.417790e-01 6.416727e+02 1.983994e+00 -2.216004e+01 1.749911e+00 7.142810e+01
6.435737e-01 6.437536e+02 2.762907e+00 -1.673282e+01 -6.344092e-01 7.595985e+01
6.453671e-01 6.426680e+02 2.198621e+00 -1.456036e+01 -3.819702e+00 7.409291e+01
6.471630e-01 6.406190e+02 1.237857e+00 -1.583945e+01 -1.217625e+00 6.524129e+01
6.489575e-01 6.407721e+02 4.627224e-01 -2.274102e+01 2.054126e+00 5.935960e+01
6.507531e-01 6.408367e+02 8.889831e-01 -2.935906e+01 1.084559e+00 5.715125e+01
6.525500e-01 6.406766e+02 1.521426e+00 -3.220769e+01 2.133911e-01 5.391909e+01
6.543447e-01 6.392097e+02 2.643428e+00 -3.213350e+01 -2.890669e+00 5.239969e+01
6.561416e-01 6.365347e+02 1.976197e+00 -3.040797e+01 1.333715e-01 5.225956e+01
6.579361e-01 6.381080e+02 5.641336e-01 -3.126071e+01 2.752326e+00 5.052377e+01
6.597296e-01 6.383245e+02 2.141804e+00 -3.304328e+01 -9.955212e-01 5.122541e+01
6.615260e-01 6.384290e+02 1.960370e+00 -3.140332e+01 -1.114814e+00 5.321807e+01
6.633228e-01 6.373132e+02 1.976297e+00 -3.124085e+01 -5.089052e-01 5.129791e+01
6.651187e-01 6.358372e+02 1.643871e+00 -3.235467e+01 -1.840938e-01 4.943037e+01
6.669114e-01 6.343137e+02 2.135703e+00 -3.300562e+01 -2.594145e+00 4.416494e+01
6.687054e-01 6.351487e+02 4.757742e-01 -3.532940e+01 2.963744e-01 4.085133e+01
6.705023e-01 6.374047e+02 2.052676e+00 -3.617758e+01 -8.518004e-01 3.758565e+01
6.722992e-01 6.382277e+02 2.601959e+00 -3.219594e+01 -2.280363e+00 3.538124e+01
6.740944e-01 6.370354e+02 2.037421e+00 -2.889588e+01 -1.047752e+00 3.615237e+01
6.758872e-01 6.373217e+02 1.886642e+00 -2.981237e+01 -1.127672e+00 3.365380e+01
6.776825e-01 6.373436e+02 1.253404e+00 -2.993742e+01 1.047329e+00 3.225829e+01
6.794791e-01 6.376343e+02 2.674488e+00 -2.903735e+01 1.007149e+00 3.649775e+01
6.812733e-01 6.369341e+02 2.350688e+00 -2.447837e+01 1.161618e+00 4.374054e+01
6.830683e-01 6.370145e+02 2.622544e+00 -2.035793e+01 1.407498e+00 5.375163e+01
6.848621e-01 6.376057e+02 9.775434e-01 -2.064758e+01 1.141207e+00 5.654351e+01
6.866570e-01 6.375023e+02 1.399167e+00 -2.404295e+01 7.185778e-01 5.484015e+01
6.884537e-01 6.359025e+02 1.398693e+00 -2.909198e+01 -1.611164e+00 5.048770e+01
6.902501e-01 6.343925e+02 2.795291e+00 -2.806563e+01 -2.489190e+00 4.440356e+01
6.920470e-01 6.329313e+02 3.241141e+00 -2.250418e+01 -1.069168e+00 4.509522e+01
6.938409e-01 6.342075e+02 1.966642e+00 -1.757700e+01 -5.641313e-01 4.805217e+01
6.956343e-01 6.342410e+02 2.490253e+00 -1.428554e+01 -1.599933e+00 4.908371e+01
6.974295e-01 6.342277e+02 7.099048e-01 -1.532961e+01 1.477695e+00 4.892054e+01
6.992264e-01 6.368677e+02 1.182472e-01 -2.206264e+01 1.175418e+00 4.078675e+01
7.010216e-01 6.364407e+02 2.785610e+00 -2.717769e+01 -4.006201e+00 3.685245e+01
7.028157e-01 6.339106e+02 3.227473e+00 -2.185411e+01 -2.771725e+00 3.107155e+01
7.046118e-01 6.320565e+02 1.739268e+00 -1.808424e+01 1.845951e+00 3.527918e+01
7.064070e-01 6.334716e+02 1.430951e+00 -1.893915e+01 2.280699e+00 3.781869e+01
7.082001e-01 6.331425e+02 1.904429e+00 -1.957458e+01 1.631359e-02 4.122985e+01
7.099950e-01 6.349531e+02 2.394320e-01 -2.328086e+01 2.939146e+00 4.428250e+01
7.117916e-01 6.382640e+02 1.984355e+00 -2.692380e+01 -9.758167e-02 4.168477e+01
7.135857e-01 6.362701e+02 3.120633e+00 -2.349467e+01 -1.964546e+00 4.396504e+01
7.153810e-01 6.352192e+02 2.303743e+00 -1.919371e+01 -1.818938e+00 4.251413e+01
7.171769e-01 6.344343e+02 2.366621e+00 -1.712361e+01 -1.832222e+00 3.962250e+01
7.189721e-01 6.324623e+02 2.673691e+00 -1.669137e+01 -3.980981e+00 3.068836e+01
7.207688e-01 6.296929e+02 2.000658e+00 -1.714591e+01 -1.643647e+00 2.403351e+01
7.225642e-01 6.297982e+02 4.350870e-01 -2.071147e+01 3.867076e+00 2.376631e+01
7.243583e-01 6.323367e+02 1.171769e+00 -2.598469e+01 3.840835e+00 2.787947e+01
7.261538e-01 6.326599e+02 2.882986e+00 -2.454545e+01 -1.558677e+00 3.380175e+01
7.279497e-01 6.327101e+02 2.021082e+00 -1.985375e+01 -1.639574e+00 3.370089e+01
7.297435e-01 6.340268e+02 2.413812e+00 -1.923851e+01 -2.741257e+00 3.023016e+01
7.315366e-01 6.317012e+02 3.687236e+00 -1.334126e+01 -1.867057e+00 3.075592e+01
7.333339e-01 6.301210e+02 1.733361e+00 -1.135143e+01 2.751582e+00 3.570021e+01
7.351305e-01 6.315654e+02 2.346582e+00 -9.339918e+00 1.110062e+00 4.220686e+01
7.369246e-01 6.324225e+02 2.048010e+00 -6.896896e+00 -1.208252e-01 4.681524e+01
7.387207e-01 6.322415e+02 2.025187e+00 -8.498685e+00 -2.193300e+00 4.213008e+01
7.405164e-01 6.306857e+02 1.859450e+00 -8.604336e+00 -3.268399e+00 3.272300e+01
7.423108e-01 6.306381e+02 8.481547e-01 -1.238227e+01 3.413298e-01 2.571063e+01
7.441040e-01 6.326580e+02 1.244421e+00 -1.586878e+01 1.321483e+00 2.114736e+01
7.458996e-01 6.344830e+02 2.689953e+00 -1.398417e+01 -1.132353e+00 2.495708e+01
7.476955e-01 6.342413e+02 2.618129e+00 -9.873475e+00 7.763837e-01 3.074019e+01
7.494882e-01 6.351886e+02 1.417524e+00 -9.771707e+00 2.234360e+00 3.519800e+01
7.512836e-01 6.330918e+02 2.824690e+00 -1.045889e+01 -2.077442e+00 3.192396e+01
7.530799e-01 6.291923e+02 2.665222e+00 -1.277069e+01 -3.662259e+00 2.452833e+01
7.548749e-01 6.271226e+02 1.674573e+00 -1.232609e+01 -1.138565e+00 1.702615e+01
7.566699e-01 6.283934e+02 1.785125e+00 -1.442654e+01 7.535185e-01 1.458009e+01
7.584671e-01 6.288883e+02 2.963433e+00 -1.119811e+01 -3.236571e-01 1.831397e+01
7.602633e-01 6.292540e+02 2.204996e+00 -6.700724e+00 -1.380278e+00 2.100237e+01
7.620571e-01 6.306146e+02 1.678978e+00 -5.539426e+00 -7.831054e-01 1.912008e+01
7.638531e-01 6.307988e+02 1.649452e+00 -6.370976e+00 -5.816433e-01 1.536432e+01
7.656499e-01 6.300211e+02 1.901063e+00 -9.891355e+00 1.762633e+00 1.613983e+01
7.674455e-01 6.298732e+02 1.492902e+00 -1.165596e+01 2.858309e+00 1.799823e+01
7.692400e-01 6.298797e+02 2.636837e+00 -1.213452e+01 1.206610e+00 2.631716e+01
7.710340e-01 6.297023e+02 2.219483e+00 -1.052077e+01 1.464608e+00 3.141203e+01
7.728276e-01 6.308710e+02 1.268834e+00 -1.366302e+01 1.812563e+00 3.364700e+01
7.746220e-01 6.306981e+02 2.502270e+00 -1.447082e+01 -3.166579e+00 3.103386e+01
7.764173e-01 6.280907e+02 3.348490e+00 -1.279383e+01 -4.751125e+00 2.285875e+01
7.782136e-01 6.258619e+02 2.321261e+00 -1.153610e+01 -1.251234e+00 1.756706e+01
7.800117e-01 6.266401e+02 7.456743e-01 -1.164826e+01 2.422074e+00 1.475246e+01
7.818056e-01 6.290291e+02 1.887674e+00 -1.475618e+01 -1.750060e+00 1.457294e+01
7.835979e-01 6.291146e+02 2.324156e+00 -1.281654e+01 -7.577119e-01 1.457967e+01
7.853947e-01 6.281973e+02 3.274396e+00 -1.045977e+01 -1.200372e+00 1.168844e+01
7.871903e-01 6.261900e+02 2.626725e+00 -6.913687e+00 4.569313e-01 1.606980e+01
7.889853e-01 6.275224e+02 1.236565e+00 -7.611754e+00 3.233431e+00 1.947767e+01
7.907819e-01 6.281561e+02 3.286641e+00 -6.222347e+00 -2.723260e+00 2.052894e+01
7.925772e-01 6.267902e+02 2.327854e+00 -2.788815e+00 -3.403512e+00 1.805262e+01
7.943719e-01 6.284041e+02 1.204953e+00 -3.873874e+00 -5.082801e-01 1.102545e+01
7.961659e-01 6.299872e+02 1.609172e+00 -8.319734e+00 6.395534e-02 7.232851e+00
7.979598e-01 6.298596e+02 1.934182e+00 -9.203372e+00 1.827721e+00 8.086753e+00
7.997559e-01 6.289032e+02 2.694786e+00 -9.881192e+00 -2.867959e-02 9.142272e+00
8.015520e-01 6.282747e+02 2.051443e+00 -8.645073e+00 6.524629e-01 1.344974e+01
8.033475e-01 6.287206e+02 2.395972e+00 -8.606614e+00 -2.181364e+00 9.198056e+00
8.051404e-01 6.273397e+02 2.946527e+00 -6.361465e+00 -2.977704e+00 6.552227e+00
8.069349e-01 6.263936e+02 1.849272e+00 -6.725351e+00 6.613934e-01 3.298017e+00
8.087329e-01 6.263076e+02 1.748375e+00 -1.012670e+01 1.733089e+00 4.363108e+00
8.105286e-01 6.262666e+02 2.704443e+00 -9.166216e+00 2.836361e-01 8.429850e+00
8.123233e-01 6.260981e+02 2.225404e+00 -7.545304e+00 1.449147e+00 1.299614e+01
8.141188e-01 6.260489e+02 2.177445e+00 -7.207078e+00 1.577508e+00 1.711997e+01
8.159142e-01 6.268739e+02 1.753719e+00 -8.042218e+00 -2.734222e-01 1.664545e+01
8.177087e-01 6.273043e+02 2.724547e+00 -6.550249e+00 -2.951540e+00 1.466758e+01
8.195037e-01 6.273732e+02 2.003607e+00 -6.560366e+00 -4.786987e-01 1.087277e+01
8.212995e-01 6.282588e+02 2.090126e+00 -6.309805e+00 6.223024e-01 1.049323e+01
8.230953e-01 6.264109e+02 2.834976e+00 -5.929572e+00 -2.668739e-01 1.178508e+01
8.248902e-01 6.246798e+02 2.130013e+00 -7.059332e+00 2.042160e+00 1.372326e+01
8.266848e-01 6.229914e+02 2.604830e+00 -8.153244e+00 -1.138867e+00 1.285540e+01
8.284792e-01 6.217855e+02 2.513887e+00 -7.550142e+00 -1.679693e+00 1.291813e+01
8.302734e-01 6.245900e+02 3.977072e-01 -9.914520e+00 2.988922e+00 1.337645e+01
8.320692e-01 6.292481e+02 1.622700e+00 -1.187949e+01 1.927888e+00 1.693210e+01
8.338654e-01 6.314061e+02 2.129183e+00 -1.306528e+01 1.917856e+00 2.347025e+01
8.356607e-01 6.301924e+02 3.238432e+00 -1.099844e+01 -1.998419e+00 2.340660e+01
8.374562e-01 6.273903e+02 3.634267e+00 -7.083502e+00 -4.764424e+00 1.714106e+01
8.392510e-01 6.250859e+02 2.248564e+00 -4.791726e+00 -1.641370e+00 1.140924e+01
8.410464e-01 6.269300e+02 1.072468e+00 -8.171206e+00 2.758622e+00 8.199376e+00
8.428427e-01 6.277662e+02 2.080037e+00 -1.127953e+01 6.710476e-01 1.174740e+01
8.446371e-01 6.272181e+02 3.354208e+00 -8.901984e+00 -2.196953e+00 1.123188e+01
8.464320e-01 6.247145e+02 3.431198e+00 -5.072521e+00 -2.114429e+00 1.125978e+01
8.482278e-01 6.233292e+02 1.872998e+00 -4.249959e+00 1.880161e+00 1.231038e+01
8.500227e-01 6.245161e+02 1.216496e+00 -7.153330e+00 3.693717e+00 1.482320e+01
8.518177e-01 6.258322e+02 1.996115e+00 -9.759170e+00 3.861654e-01 1.834765e+01
8.536137e-01 6.267092e+02 2.752036e+00 -8.665146e+00 -1.299184e+00 1.758715e+01
8.554088e-01 6.259218e+02 2.848424e+00 -5.593002e+00 -1.525495e+00 1.791509e+01
8.572024e-01 6.268939e+02 1.797584e+00 -5.960582e+00 1.048659e+00 1.726740e+01
8.589967e-01 6.278784e+02 2.542834e+00 -5.242407e+00 -1.143407e-01 1.801889e+01
8.607918e-01 6.282504e+02 2.623827e+00 -4.212516e+00 -2.069625e-01 2.136658e+01
8.625869e-01 6.272484e+02 3.657406e+00 -3.236218e-01 -2.687635e+00 2.149260e+01
8.643824e-01 6.266292e+02 2.254758e+00 2.991162e+00 -1.059643e+00 1.820222e+01
8.661785e-01 6.265281e+02 2.245991e+00 3.164591e+00 -5.137047e-01 1.701294e+01
8.679743e-01 6.254039e+02 2.401153e+00 6.406753e-01 -4.226783e-01 1.270121e+01
8.697706e-01 6.248528e+02 2.718406e+00 4.700556e-02 -2.210292e+00 8.727373e+00
8.715653e-01 6.230449e+02 2.228585e+00 1.483975e-01 -7.948126e-02 5.933517e+00
8.733592e-01 6.242997e+02 1.784397e+00 -2.004127e+00 1.116256e+00 4.502148e+00
8.751548e-01 6.243191e+02 2.201767e+00 -2.821581e+00 1.717259e-01 6.118870e+00
8.769502e-01 6.245284e+02 2.041255e+00 -6.121481e+00 1.679216e+00 7.476665e+00
8.787466e-01 6.241898e+02 2.255206e+00 -7.566383e+00 7.390466e-01 7.769363e+00
8.805415e-01 6.243189e+02 2.662215e+00 -8.907135e+00 -1.626714e-01 9.098152e+00
8.823359e-01 6.244277e+02 2.539375e+00 -7.168647e+00 -8.088800e-01 9.416689e+00
8.841313e-01 6.245060e+02 2.732931e+00 -3.548504e+00 1.318190e-01 1.153802e+01
8.859273e-01 6.250704e+02 2.750684e+00 -1.200788e+00 3.321974e-01 1.210653e+01
8.877230e-01 6.248186e+02 2.433591e+00 -4.001440e-01 -1.818214e+00 1.250659e+01
8.895175e-01 6.256584e+02 1.941389e+00 -1.335488e+00 -1.619467e+00 8.244174e+00
8.913122e-01 6.257025e+02 2.154969e+00 -4.057845e+00 -2.872823e-01 4.277587e+00
8.931078e-01 6.252553e+02 2.219540e+00 -6.369950e+00 2.284326e+00 4.117684e+00
8.949034e-01 6.257690e+02 2.046440e+00 -7.929718e+00 2.374501e+00 6.674240e+00
8.966974e-01 6.262500e+02 2.608565e+00 -8.852767e+00 -8.833935e-01 1.013313e+01
8.984931e-01 6.256484e+02 2.799608e+00 -7.002773e+00 -5.652060e-01 1.152254e+01
9.002874e-01 6.266791e+02 1.754058e+00 -7.840817e+00 2.071030e+00 1.267407e+01
9.020815e-01 6.279111e+02 2.446545e+00 -9.177739e+00 -1.294760e+00 1.208639e+01
9.038774e-01 6.271886e+02 3.898498e+00 -5.576311e+00 -3.471917e+00 9.823121e+00
9.056723e-01 6.266696e+02 2.330507e+00 -1.956190e+00 -2.042174e-01 8.407481e+00
9.074684e-01 6.265632e+02 3.014475e+00 -1.077631e+00 7.316595e-03 7.666738e+00
9.092635e-01 6.250132e+02 2.769158e+00 -3.945518e-02 -4.931096e-01 9.750447e+00
9.110582e-01 6.252208e+02 2.273336e+00 -2.989676e-01 -8.013845e-01 6.552582e+00
9.128546e-01 6.259100e+02 2.200119e+00 -7.414926e-01 -8.731607e-01 5.505236e+00
9.146502e-01 6.267764e+02 2.514071e+00 -2.418542e+00 9.259759e-01 3.896201e+00
9.164437e-01 6.266484e+02 2.135547e+00 -2.037661e+00 1.371107e+00 6.271596e+00
9.182390e-01 6.260460e+02 3.505205e+00 -1.479414e+00 -4.681273e-01 8.239032e+00
